17 657 25 613 19 651 672 40 34 708 709 713 699 4 679 31 39 686 671 707
183 758 172 752 824 171 818 41 163 140 838 743 154 784 176 724 122 198 814 792
112 821 704 141 170 200 87 103 774 801 59 178 781 211 223 104 699 700 105 188
83 747 758 27 717 119 739 62 192 128 811 817 61 41 705 139 146 162 134 759
93 723 62 161 164 828 725 756 191 169 65 766 791 757 754 778 138 772 685 76
398 450 243 291 418 296 308 210 215 466 269 438 304 259 400 301 211 241 315 424
377 438 404 409 314 457 250 398 448 475 251 425 418 397 383 326 367 219 408 262
238 332 367 235 445 299 387 410 254 359 237 304 308 257 294 296 331 444 436 206
262 312 228 375 402 358 261 372 198 343 229 391 333 794 380 388 309 352 204 241
70 715 195 692 765 794 4 196 53 803 732 89 719 5 30 831 744 122 165 105
653 679 10 660 744 2 809 644 682 822 758 611 37 613 649 704 630 732 779 32
131 765 741 174 129 721 162 726 211 97 693 119 788 198 724 134 100 143 827 754
653 682 685 776 722 674 659 779 743 614 677 22 773 8 627 630 783 25 775 669
148 780 49 706 183 192 81 708 821 202 719 799 804 132 29 836 84 134 746 92
96 200 728 756 160 238 325 757 764 211 164 816 98 69 802 189 249 819 771 830
260 347 420 199 318 352 238 202 440 268 377 232 435 399 425 427 261 219 413 369
601 630 631 580 628 546 539 590 664 587 586 619 615 624 668 566 542 613 541 589
86 186 796 167 761 190 760 67 143 64 215 742 747 762 809 178 805 157 62 94
231 303 799 233 217 209 330 336 247 293 414 259 356 326 313 234 382 329 202 215
102 156 781 836 724 188 743 735 165 178 213 140 728 86 802 790 87 202 759 769
247 367 342 268 232 434 398 212 408 348 395 385 320 271 438 382 415 204 211 303
109 177 70 100 184 773 740 187 724 142 189 197 116 74 173 165 86 776 68 717
212 291 100 326 324 266 249 805 403 327 409 821 332 269 335 182 808 215 309 812
227 304 194 429 196 425 332 302 394 359 299 428 287 242 210 357 389 192 205 309
229 309 348 423 251 439 399 210 387 260 429 352 258 304 303 373 263 238 320 228
247 302 396 360 210 214 361 242 339 233 322 316 795 325 259 223 345 352 303 306
777 816 138 159 150 208 120 836 693 24 105 154 211 139 28 187 701 808 46 205
21 696 42 672 724 49 706 739 778 670 655 668 745 715 716 709 819 39 703 704
81 721 170 21 30 113 80 811 50 699 824 34 77 186 199 805 800 25 780 689
695 711 64 796 707 713 798 819 835 41 37 813 59 26 830 60 753 814 802 791
300 429 215 803 321 339 416 404 385 217 367 450 395 354 362 294 406 456 381 287
71 768 135 21 726 91 750 838 767 83 744 719 22 128 686 110 89 690 158 147
37 825 731 24 49 129 722 170 198 63 106 48 156 797 702 88 134 100 836 680
155 779 136 118 105 804 815 822 82 826 143 767 818 26 23 49 131 757 780 166
228 287 308 424 305 423 229 364 340 295 343 273 301 212 356 412 348 321 416 369
54 117 819 206 169 67 158 782 58 28 26 114 192 827 159 171 810 784 739 190
113 824 142 766 57 155 167 828 161 181 789 817 805 176 199 210 78 145 763 137
154 730 145 680 99 706 723 102 180 26 828 139 709 684 824 193 818 116 754 797
114 133 110 82 767 801 89 785 779 54 831 783 176 171 810 60 70 764 808 134
98 198 142 156 139 108 836 829 129 760 188 812 752 121 223 817 773 827 205 784
205 773 132 161 804 688 193 44 227 160 750 693 350 824 776 292 253 94 197 146
46 741 773 734 8 719 5 786 143 177 826 142 130 146 685 799 12 715 678 36
378 413 411 374 359 346 258 454 225 389 289 442 429 235 248 266 275 210 357 415
57 835 827 89 793 690 148 171 135 715 29 837 109 40 805 762 86 738 134 169
191 772 61 159 184 708 38 194 688 773 82 32 103 118 751 798 699 62 694 721
266 410 370 223 212 355 403 243 285 362 202 302 199 357 290 322 428 238 319 282
76 732 203 92 182 176 89 79 202 809 686 836 745 728 166 805 144 136 46 151
549 597 551 531 621 608 547 635 520 625 569 558 532 594 497 529 506 555 546 586
21 656 686 714 696 34 0 12 674 626 661 2 649 680 739 711 625 702 697 652
160 783 192 799 82 166 41 105 692 59 63 765 749 682 687 728 51 139 785 814
115 779 811 689 825 127 717 62 44 144 83 188 104 823 807 94 682 691 696 46
245 396 358 219 424 407 347 293 336 267 257 412 409 285 425 370 207 299 234 437
298 427 327 467 342 336 385 346 321 461 217 216 806 287 320 801 322 252 430 211
236 278 416 333 419 392 388 352 405 354 208 228 367 339 300 391 349 323 406 227
207 752 705 76 385 96 148 384 225 303 168 322 360 242 139 241 72 753 161 158
703 756 47 53 822 823 91 80 78 17 112 156 192 28 210 772 838 197 144 685
707 836 198 693 706 769 764 820 727 54 811 11 805 103 207 742 149 59 39 700
237 306 250 213 320 340 322 401 394 423 366 310 362 314 419 229 336 797 313 794
127 744 123 730 183 58 772 205 133 209 800 168 752 42 783 700 84 191 85 98
539 562 573 554 560 503 489 515 569 494 487 567 592 500 525 493 528 488 601 541
165 781 37 59 708 196 93 141 208 753 733 92 178 175 809 173 762 682 195 120
41 829 786 791 156 185 158 15 50 21 108 82 166 27 809 49 807 3 836 753
81 733 789 21 737 806 142 175 45 165 22 49 691 741 148 155 825 700 151 801
66 720 59 152 837 693 769 810 681 53 196 692 90 61 713 753 160 23 744 164
72 716 674 74 726 120 724 57 67 738 756 157 98 154 686 58 745 185 40 204
19 684 775 719 681 667 825 723 823 14 685 764 732 691 737 727 757 724 812 45
80 753 74 164 117 124 31 746 150 157 775 85 801 702 794 781 76 33 716 752
259 401 394 430 362 240 233 383 255 334 378 301 376 229 329 264 221 333 285 344
89 820 90 191 182 754 170 195 85 187 211 39 706 184 57 180 48 685 735 679
221 280 831 329 827 332 350 335 349 236 270 824 325 300 262 206 215 302 354 385
186 826 700 179 81 113 185 782 685 698 90 74 54 701 772 786 166 168 98 740
181 793 820 739 785 800 35 180 150 807 718 131 58 115 803 757 758 778 700 120
127 822 735 757 774 166 743 768 218 711 752 730 146 763 692 190 172 106 125 709
143 809 77 89 823 776 145 305 170 182 755 65 777 87 781 190 176 106 207 757
267 366 410 256 432 408 436 371 233 336 327 328 196 268 384 426 354 357 392 407
95 177 200 128 205 168 186 785 797 75 73 807 88 831 176 49 61 736 178 774
60 119 129 66 200 786 78 122 151 81 162 178 775 51 818 130 131 155 812 186
281 404 395 359 261 436 259 290 247 231 367 344 338 337 297 202 447 234 396 394
236 281 307 393 415 367 200 227 283 394 357 391 222 306 294 217 280 364 380 282
560 584 515 526 582 509 627 588 617 595 559 626 554 587 552 579 516 531 585 597
368 428 442 359 463 460 278 369 242 300 425 295 464 217 249 340 317 329 209 470
162 820 148 160 191 742 690 145 801 833 811 138 803 75 98 215 39 765 108 134
83 808 793 782 797 754 142 124 795 143 72 166 209 57 42 154 138 29 182 701
630 657 667 640 656 628 594 585 616 638 658 661 666 686 621 664 668 2 665 634
732 805 158 77 738 726 299 296 752 812 679 120 697 189 830 796 706 209 152 68
208 290 816 419 394 228 421 342 101 238 129 150 276 225 396 82 755 324 207 427
330 415 400 393 353 448 369 215 309 304 208 444 243 394 290 295 253 226 335 240
150 735 804 193 792 692 825 830 754 758 99 723 698 177 688 69 63 38 808 46
199 266 256 802 151 135 395 383 210 76 159 143 247 804 315 168 388 176 97 829
151 191 769 51 196 181 751 133 753 824 84 175 798 834 171 757 790 722 96 72
44 692 802 19 703 768 61 711 742 791 763 730 778 783 706 788 696 743 720 702
47 800 708 678 730 167 173 163 700 192 122 295 43 67 725 682 754 802 58 152
722 796 794 126 741 305 757 684 834 136 193 693 770 735 721 44 762 739 819 312
115 775 207 25 684 100 780 784 679 730 766 110 60 707 200 801 692 750 755 753
215 280 260 386 171 300 393 268 190 838 176 370 336 158 411 242 204 399 321 368
456 482 452 416 442 527 470 415 504 483 523 471 521 492 514 525 459 505 445 417
704 781 698 184 202 69 689 57 136 772 152 675 39 89 760 766 812 28 65 73
319 410 330 364 253 248 287 356 400 360 314 281 372 218 339 208 348 318 303 350
404 442 465 284 352 344 333 476 233 241 278 439 464 347 322 388 326 406 244 304
557 579 622 619 524 510 617 606 541 502 522 511 578 515 603 581 576 530 615 536
45 837 33 727 689 708 82 118 106 772 195 94 70 127 709 787 214 196 88 117
145 737 835 153 139 172 168 176 832 779 728 197 191 95 811 97 217 193 683 71
283 395 300 304 257 237 412 218 386 407 246 249 200 208 431 231 276 288 289 384
40 71 690 24 688 175 46 202 153 686 742 751 757 813 708 41 17 161 204 829
534 565 557 590 545 501 566 609 587 495 618 531 507 483 484 482 542 505 514 611
500 517 521 533 451 556 496 527 491 524 543 482 588 459 481 470 458 568 587 478
111 181 829 837 763 175 142 781 197 811 189 200 807 749 143 160 744 804 92 59
80 759 197 75 829 51 726 60 139 92 81 721 114 716 184 192 749 38 48 122
108 745 780 105 828 776 794 814 822 760 708 210 753 700 772 109 762 150 179 747
98 759 111 140 157 169 793 75 199 768 781 99 80 707 816 159 35 123 77 115
210 259 836 146 346 208 400 280 363 314 263 302 381 374 237 335 398 256 296 802
4 697 650 821 795 678 19 816 735 782 786 738 707 42 742 693 780 776 741 652
199 271 342 826 809 203 757 161 776 94 127 381 735 61 180 368 131 337 202 374
453 468 511 416 504 463 410 406 437 481 503 440 431 477 491 526 454 434 480 489
126 173 832 835 144 777 833 157 63 76 198 207 181 69 209 762 124 826 143 56
224 280 394 218 279 407 230 191 341 377 198 391 326 301 286 417 376 418 378 371
195 737 98 257 65 35 733 95 87 193 114 75 262 192 188 730 172 836 149 115
96 776 813 140 194 100 751 31 72 828 731 193 735 681 174 730 58 740 694 161
491 527 586 480 512 544 454 539 515 484 507 540 562 532 488 592 472 567 450 554
627 664 7 625 642 602 654 656 13 27 20 636 25 608 606 644 688 603 691 598
439 476 509 479 314 442 330 456 477 349 459 537 326 462 308 516 337 323 507 436
587 611 521 547 619 578 565 570 615 608 649 574 626 614 543 650 632 634 535 639
127 186 99 724 109 101 204 823 98 810 223 781 755 117 748 58 48 801 787 809
210 756 24 294 331 829 208 75 353 244 816 394 351 187 25 311 54 303 799 157
503 558 513 477 556 544 515 521 519 463 458 451 502 506 573 607 605 526 611 609
27 751 56 74 48 739 107 670 700 755 658 745 132 51 673 98 688 711 114 775
87 783 785 770 169 764 756 172 682 786 81 102 127 47 195 80 33 814 196 170
415 447 468 326 430 361 345 349 397 286 398 347 354 462 362 451 302 372 268 444
27 660 778 684 618 19 774 697 713 677 6 2 53 39 739 787 730 717 747 761
672 694 822 778 761 760 770 35 630 773 0 741 16 800 659 763 33 642 19 654
63 721 90 803 22 811 729 120 723 134 787 793 66 679 705 678 165 31 718 797
101 782 156 106 771 162 780 166 755 701 730 826 172 96 185 827 144 680 81 832
99 827 68 831 695 798 56 778 127 716 776 128 815 730 197 111 90 112 210 786
167 762 79 832 66 711 51 835 701 176 709 196 192 107 38 815 97 812 678 58
149 837 781 688 80 757 729 103 154 117 696 790 744 63 721 35 801 759 152 138
419 442 320 418 360 326 273 448 469 433 323 384 334 413 285 375 309 340 478 376
64 140 159 739 189 719 837 748 151 773 731 812 67 803 51 118 210 43 147 836
176 751 808 699 160 780 804 740 32 98 770 46 812 31 104 814 817 695 108 200
65 780 194 192 717 760 176 838 733 736 89 815 54 803 190 751 823 154 686 199
20 660 640 33 650 636 30 624 687 700 25 619 39 659 38 717 678 642 688 706
119 787 56 804 828 809 133 202 759 168 728 732 33 806 682 194 166 765 91 773
680 775 71 168 79 97 832 656 195 13 787 740 135 737 6 188 663 694 706 102
117 766 138 164 197 681 119 53 708 103 124 674 52 87 701 778 170 783 786 818
154 747 687 689 758 220 745 764 742 767 110 198 39 47 115 167 111 788 126 214
28 660 735 726 785 632 813 17 622 756 728 783 40 765 694 775 682 749 687 716
569 601 526 620 618 515 519 536 511 614 563 625 530 524 627 534 522 543 624 639
717 801 22 718 730 827 63 129 26 709 79 4 164 122 703 0 689 40 683 796
97 828 822 60 808 172 728 821 693 722 40 218 748 134 733 56 178 205 758 98
336 406 251 374 420 243 365 344 290 226 230 319 372 433 267 233 314 204 429 303
221 234 377 382 328 319 837 276 271 287 395 201 239 366 262 284 345 191 264 376
