667 862 779 865 790 842 820 783 685 778 763 721 699 585 642 589 581 700 743 595
764 846 711 823 834 703 673 782 856 701 878 767 648 627 737 679 776 719 611 869
548 578 575 572 717 549 576 506 577 652 532 560 568 638 712 524 607 724 512 557
655 838 649 575 690 837 667 708 700 652 740 847 673 658 761 727 884 642 788 662
343 419 368 355 351 456 300 354 385 433 389 431 288 299 376 310 394 466 320 338
551 608 733 644 680 767 517 756 777 798 720 585 759 552 651 784 640 782 710 611
374 475 380 397 332 443 337 379 466 447 489 312 490 391 310 413 403 384 324 419
636 861 602 647 859 771 617 875 821 625 864 596 735 773 695 736 843 850 683 624
392 464 440 394 375 436 378 413 362 365 399 490 397 402 391 386 462 488 415 438
624 813 800 769 612 771 747 773 699 670 690 811 692 817 741 790 695 797 601 762
409 468 418 469 399 383 424 397 355 317 442 344 458 395 474 489 471 354 462 389
726 815 705 873 650 641 716 839 702 814 751 808 796 854 696 884 727 885 841 653
723 851 647 811 650 860 761 684 641 667 592 673 620 849 887 577 865 573 716 720
705 765 579 578 638 835 751 685 586 839 636 679 825 590 718 720 631 660 621 773
609 731 700 597 616 573 847 623 859 582 587 761 636 774 557 752 583 838 640 746
66 109 31 88 76 41 117 83 155 121 106 5 81 27 11 134 140 123 112 85
750 838 697 868 667 729 846 852 626 871 863 721 747 844 604 594 603 705 596 609
636 740 807 597 580 620 850 637 602 564 574 590 886 584 581 777 809 877 662 847
314 349 312 342 448 372 434 480 430 476 429 284 455 438 341 318 325 432 352 417
627 747 765 823 793 696 569 785 814 580 795 735 843 757 574 588 593 563 819 761
661 868 638 683 866 756 732 605 878 609 881 797 712 706 692 659 799 640 592 874
601 718 634 596 835 570 572 864 580 565 827 726 791 853 815 646 564 812 627 714
560 615 543 536 883 812 687 540 658 718 678 730 871 626 807 798 588 652 571 750
687 769 678 593 692 591 725 774 792 667 719 588 851 730 811 577 638 887 712 733
733 869 662 728 761 724 601 706 810 621 607 612 636 670 695 707 711 588 874 805
374 411 322 408 419 428 335 375 451 445 400 393 341 403 317 363 437 300 329 372
580 648 701 883 534 551 792 767 821 625 728 685 543 804 834 851 575 567 761 711
330 372 420 368 270 401 320 397 379 406 417 355 328 360 373 289 454 348 364 410
299 370 399 248 254 447 303 473 395 397 426 358 328 351 454 374 324 340 432 364
652 824 871 858 574 826 577 714 680 708 749 697 662 883 581 779 629 780 587 770
403 471 322 423 457 310 380 384 373 459 370 482 366 400 390 427 338 424 351 388
647 870 657 786 776 868 887 706 680 580 704 811 787 600 715 812 604 573 702 594
727 746 644 669 607 646 877 695 760 671 578 660 610 635 762 647 633 778 657 643
754 886 654 884 770 616 840 702 775 746 745 718 760 606 825 710 715 670 807 635
541 596 766 583 662 681 520 544 763 717 509 719 735 577 755 663 670 715 605 627
708 805 685 686 861 610 856 700 680 605 872 608 834 618 571 758 815 637 857 580
600 739 680 682 814 601 585 577 593 778 866 791 834 793 776 868 880 637 535 625
671 868 788 849 602 812 688 876 646 616 787 760 623 781 874 661 706 808 807 573
553 587 713 559 545 670 573 541 628 613 539 663 524 668 644 508 595 615 709 727
381 409 331 458 372 443 442 416 346 332 423 480 371 440 323 349 337 354 414 420
648 832 780 772 577 625 616 743 810 839 758 817 653 726 702 779 859 691 614 796
322 337 286 365 307 271 490 382 266 313 390 392 442 269 497 397 394 355 278 399
603 774 844 669 609 708 794 763 673 796 650 537 877 735 849 644 750 670 577 730
759 862 770 626 743 748 735 887 597 660 876 641 761 721 636 846 698 709 679 775
270 313 258 230 354 396 332 401 246 271 226 379 303 228 302 381 315 372 336 348
300 339 429 470 401 304 396 337 388 341 302 370 245 268 469 249 377 360 475 367
760 808 829 821 832 720 736 651 672 844 639 702 840 640 604 745 662 690 825 744
644 866 761 711 656 633 746 865 859 703 802 710 776 687 822 572 728 566 631 733
330 357 483 466 309 389 390 404 272 286 377 371 378 290 421 396 316 304 397 433
621 778 797 645 661 681 691 684 693 858 620 638 637 753 575 665 563 659 704 862
223 246 251 195 290 196 218 187 250 188 184 303 262 266 280 191 244 234 254 273
39 81 23 14 134 110 84 131 109 104 47 74 116 46 106 30 11 103 124 126
344 473 476 409 294 402 468 341 337 373 314 426 398 421 475 287 363 366 343 401
298 370 371 437 457 360 355 363 426 367 353 322 327 397 415 337 398 404 413 473
402 470 367 335 326 428 489 343 462 482 312 401 320 352 454 324 325 333 446 475
678 830 586 849 764 675 647 800 847 819 807 838 725 710 751 820 803 730 701 758
137 151 129 160 127 105 175 154 176 172 104 98 121 157 112 135 115 150 97 166
106 149 152 78 131 99 100 155 72 129 110 87 174 127 91 70 108 48 120 133
631 769 558 824 841 688 760 810 614 560 726 633 771 666 757 755 605 803 568 816
748 810 636 758 672 861 752 848 759 760 698 658 876 806 723 737 669 615 623 797
338 379 440 392 309 352 422 415 397 297 380 412 346 464 466 300 370 283 337 331
343 462 403 451 385 390 300 453 466 312 344 350 277 430 335 278 354 489 353 411
597 732 553 818 737 694 622 708 832 822 624 549 644 879 713 817 850 759 550 880
619 787 833 800 615 843 735 796 684 583 610 649 869 822 782 614 604 713 589 742
280 317 367 348 340 231 371 271 303 244 261 324 368 248 399 250 273 255 369 400
313 380 407 364 353 425 287 277 431 321 255 449 400 499 424 437 268 362 360 384
761 841 729 636 699 719 682 768 622 872 680 608 614 715 875 732 833 820 867 855
659 817 651 685 755 574 657 738 753 869 821 812 633 770 825 783 803 680 720 589
648 861 801 797 798 836 660 778 585 623 589 883 777 842 746 620 763 676 703 756
600 727 838 760 793 789 800 547 866 702 779 647 864 588 653 753 660 564 860 608
669 821 730 710 602 888 808 655 629 599 755 754 773 855 724 625 713 848 817 887
78 113 141 147 121 0 157 96 118 159 18 130 75 153 32 25 34 84 92 45
277 317 267 339 248 343 362 393 405 355 297 389 258 301 390 278 398 498 328 376
415 452 369 431 371 386 460 425 414 335 445 455 326 453 359 473 417 399 384 441
340 388 423 438 395 329 320 458 334 298 376 422 357 286 464 381 429 454 411 282
649 874 580 819 786 869 888 835 809 684 588 868 737 716 637 742 791 834 620 582
152 163 136 107 154 171 161 110 137 178 99 185 147 182 100 190 97 119 117 164
357 427 412 296 395 406 470 378 300 455 320 308 365 382 315 457 467 432 462 330
370 453 352 437 369 371 418 334 331 430 484 396 475 373 392 333 360 378 431 376
664 749 837 830 703 854 720 765 683 880 658 572 670 715 667 623 611 863 828 848
699 833 807 781 881 854 585 838 780 640 723 575 718 635 819 707 758 827 750 740
624 775 844 812 731 679 867 658 648 571 801 633 622 873 726 588 607 698 734 846
616 863 832 675 642 620 815 689 763 687 668 649 692 710 597 545 721 569 784 658
740 819 849 694 800 715 872 695 622 840 651 785 744 725 607 772 852 587 664 606
150 161 174 164 140 120 141 183 121 125 123 143 115 137 134 108 169 102 135 168
634 676 743 720 786 808 708 623 803 629 752 801 859 762 882 604 567 666 608 873
714 820 702 575 691 637 713 768 666 569 764 872 581 753 582 858 744 661 640 647
652 803 873 757 836 816 777 575 639 587 758 827 641 576 814 632 759 658 721 850
377 414 455 314 400 451 434 342 319 398 381 318 480 422 431 351 337 334 463 467
66 86 23 48 59 12 122 94 38 95 103 42 114 47 93 134 106 127 116 24
647 761 631 882 671 716 719 849 693 743 708 753 617 727 689 783 656 694 613 591
690 827 591 638 735 674 582 812 695 606 740 681 585 879 744 696 805 786 876 705
728 824 822 688 885 687 746 838 836 730 588 616 745 709 884 697 658 665 806 581
468 495 338 412 399 430 358 499 454 508 402 509 337 385 410 507 494 386 334 470
710 757 714 745 887 784 676 732 601 658 586 682 774 768 723 780 831 724 743 720
584 721 683 874 657 856 692 769 681 533 552 574 853 762 805 633 641 872 627 550
594 700 557 727 559 613 671 767 547 564 729 768 618 682 575 753 874 637 601 854
99 144 63 108 172 175 53 57 79 107 73 76 141 176 54 44 96 98 101 106
728 773 801 721 832 636 686 881 699 819 709 851 880 839 634 653 734 834 711 727
191 230 286 231 193 192 215 269 181 257 267 169 217 264 284 279 183 174 189 164
46 94 88 86 132 62 140 2 81 1 128 65 77 49 125 100 131 83 57 22
586 702 711 686 849 802 645 644 579 551 803 818 566 732 548 701 613 552 718 765
667 839 780 856 676 712 641 766 758 695 637 594 604 617 595 737 655 723 644 857
670 800 745 642 776 628 853 579 825 672 660 618 574 650 864 797 645 762 625 658
685 856 660 850 620 756 658 859 774 775 672 613 602 828 587 599 648 780 862 633
629 878 716 721 726 801 665 669 812 592 868 722 651 846 851 867 677 735 619 639
383 428 433 426 463 373 381 370 363 434 472 386 378 468 344 343 310 430 417 413
593 631 662 873 885 611 802 857 669 674 687 676 865 630 884 666 632 655 887 574
772 865 687 777 675 718 682 830 704 845 614 645 727 807 694 874 648 668 817 849
684 821 702 817 796 699 728 701 833 769 696 667 673 705 778 654 587 577 656 682
312 389 461 362 416 355 288 326 439 348 328 391 471 386 357 369 262 330 476 263
38 81 25 58 11 99 27 17 119 70 118 49 42 128 98 114 103 67 102 95
364 450 372 344 452 347 463 405 403 436 438 380 397 409 376 348 298 335 375 439
12 88 92 112 139 134 72 101 136 30 94 34 59 31 3 28 110 118 51 44
656 816 685 674 598 828 815 650 855 675 678 732 826 632 738 775 776 711 649 736
611 643 575 714 762 782 547 820 720 603 779 588 722 843 565 839 685 740 861 678
737 886 633 658 801 740 608 650 778 626 883 810 603 713 872 731 816 698 605 765
86 109 102 90 132 131 35 3 148 0 81 133 105 13 79 75 116 36 30 11
683 856 663 703 852 731 636 764 660 669 599 651 717 835 688 671 592 630 792 818
595 716 753 592 873 667 835 784 805 743 707 877 584 748 801 863 658 840 683 553
104 121 157 138 88 159 63 66 134 144 133 156 83 53 54 74 72 58 145 130
679 787 592 644 634 757 702 650 649 726 683 616 853 729 751 595 652 609 655 620
295 338 347 328 374 468 303 386 285 336 313 270 307 287 435 343 319 245 387 353
724 802 820 594 677 598 727 851 684 842 719 848 676 759 822 879 620 632 840 713
721 885 880 637 808 739 775 886 621 634 705 867 674 753 661 658 814 679 592 699
691 883 796 666 843 725 740 857 579 845 818 614 593 735 667 855 656 621 688 574
330 386 292 417 439 358 272 429 385 384 438 468 275 473 469 286 366 476 430 329
314 394 381 457 277 399 390 369 414 330 322 442 434 458 412 340 448 356 402 386
685 774 769 707 709 642 613 633 857 854 887 661 623 794 820 719 602 864 588 672
5 34 25 81 22 69 83 87 64 24 12 58 17 95 90 66 6 26 30 76
112 144 161 154 103 129 89 133 72 91 51 120 97 150 149 96 58 159 78 88
31 64 103 82 0 5 57 70 15 93 69 76 102 10 34 96 65 94 58 4
623 684 685 841 552 779 561 719 704 631 788 558 747 882 862 696 575 758 852 764
242 279 224 341 239 249 321 215 316 319 264 331 293 278 211 269 266 296 309 287
423 482 475 476 321 500 384 386 507 353 467 359 470 381 462 396 394 349 389 356
700 824 737 782 741 722 822 845 855 710 886 709 806 746 654 673 821 819 660 738
337 423 398 420 438 292 445 369 404 311 399 307 384 469 457 339 329 415 413 318
346 405 302 380 336 452 454 433 304 288 387 375 410 368 300 353 473 306 392 373
483 496 435 443 467 434 518 484 515 522 495 432 329 439 472 473 503 449 320 440
708 784 857 876 886 866 806 669 800 678 815 811 818 847 810 840 757 606 751 706
568 706 829 795 575 705 776 635 527 718 550 786 867 759 880 577 591 805 543 701
595 751 812 864 866 822 572 660 694 555 887 735 829 552 701 856 717 851 561 668
721 815 855 641 630 582 693 673 577 580 614 576 809 733 792 649 785 819 767 736
778 811 662 729 748 822 745 826 688 733 670 869 648 724 853 843 619 627 802 871
352 424 453 449 327 333 306 428 283 408 405 308 361 300 322 406 350 394 311 475
636 657 581 880 725 754 740 700 584 703 600 595 821 717 697 590 859 635 815 718
756 802 736 642 769 647 729 655 682 688 771 819 747 836 883 710 696 876 871 797
570 593 663 548 624 673 546 532 586 682 554 542 605 708 519 576 674 629 704 716
297 352 422 253 451 449 311 260 265 245 388 286 344 385 442 403 467 298 414 238
401 474 464 445 430 367 418 496 414 336 382 355 309 399 461 411 380 335 439 428
