83 113 1098 1101 82 89 8 1102 58 153 16 108 101 152 31 28 2 158 120 27
327 345 381 351 341 264 371 971 339 307 340 488 720 295 482 986 379 369 479 361
76 1089 44 12 95 98 26 21 66 114 100 1093 121 41 3 1104 1067 96 50 101
382 488 365 534 405 539 411 433 699 409 976 989 455 998 706 966 456 1011 404 362
597 635 670 634 577 678 692 555 610 561 653 595 551 590 660 638 557 697 604 560
490 528 469 366 587 501 969 474 415 1017 585 965 1006 575 531 989 392 509 389 416
442 528 968 530 362 694 402 501 399 1017 414 1001 372 974 417 701 464 444 489 724
361 396 352 999 338 405 698 1001 971 353 407 402 339 970 485 413 977 410 344 468
358 380 511 413 972 331 980 320 345 526 486 459 480 484 395 387 726 383 994 711
50 1080 95 47 1098 16 29 111 62 131 88 125 122 6 1103 84 1099 93 135 1072
546 715 467 322 495 483 464 354 309 390 499 349 1036 345 395 501 581 692 548 367
79 110 113 135 74 81 22 89 107 34 105 4 69 123 117 116 51 83 80 45
312 953 333 949 281 722 264 297 295 247 261 277 944 288 344 968 326 350 263 331
513 571 462 1032 616 697 990 549 516 383 1012 1036 694 605 610 601 606 466 396 989
420 707 398 514 1001 560 701 497 415 717 728 708 458 385 991 585 566 1011 405 967
436 459 366 393 527 415 385 514 985 357 394 976 471 972 344 552 535 368 390 376
7 1048 63 650 596 59 633 1042 681 19 1 1083 1057 87 645 1026 674 82 1031 14
26 1049 651 27 13 636 633 1058 680 75 35 25 603 660 673 648 614 1077 43 1047
574 600 524 664 665 586 582 589 620 680 697 557 658 1037 569 649 670 634 1054 695
618 1056 1037 673 1035 649 47 5 21 1076 27 17 1054 672 631 596 652 1052 612 30
1095 1108 1088 1071 94 57 1060 1094 1070 64 54 39 1082 89 1090 65 78 1098 95 93
639 1041 597 1059 39 552 595 642 679 568 1022 586 16 598 1058 1040 1046 562 1049 641
467 975 308 977 422 990 697 476 416 713 361 486 526 307 472 384 478 501 370 1005
287 349 396 263 302 490 948 320 984 321 988 379 484 253 458 272 473 335 326 989
149 173 110 145 108 160 187 167 216 168 128 198 220 133 151 166 161 106 203 206
359 717 527 463 448 364 330 531 395 441 980 312 301 329 720 724 336 331 376 280
351 504 714 541 333 540 1015 382 386 305 358 702 357 516 326 997 341 317 304 356
977 997 416 366 324 480 458 425 373 415 494 405 502 483 491 485 441 332 310 467
286 317 285 964 960 241 316 297 306 719 247 307 251 337 729 357 351 356 350 293
44 1065 35 1049 65 124 1101 1037 23 1089 18 13 118 6 1036 1069 1062 4 1100 92
582 594 579 597 556 542 593 525 1060 531 639 691 621 610 632 641 643 606 605 636
29 66 121 114 1103 5 128 102 1094 1097 1106 7 1065 75 1104 1080 122 1050 80 111
412 459 460 458 1001 1006 444 1009 450 372 1003 434 992 725 989 423 717 991 979 350
475 978 341 452 384 721 981 473 489 974 967 361 311 514 712 530 477 456 1007 723
160 181 159 217 110 190 202 114 211 149 172 126 145 227 113 203 170 154 120 143
547 716 479 371 417 307 717 706 529 380 533 485 353 365 462 381 331 354 454 714
529 1004 372 1008 380 716 442 425 695 691 560 1016 391 701 992 1011 993 568 576 1013
512 986 982 969 394 549 574 440 388 535 697 366 339 410 350 368 383 975 500 1003
297 347 490 358 470 319 269 967 707 284 383 475 302 289 394 466 247 970 320 279
479 546 473 982 355 689 415 542 467 590 404 993 979 968 973 424 721 427 995 520
521 716 444 427 361 299 455 578 514 290 389 376 473 725 442 712 400 351 719 479
37 1044 626 616 559 1055 620 125 92 629 19 97 653 1060 1079 612 606 41 659 681
375 475 402 714 463 509 459 978 350 340 423 998 546 541 438 452 1008 485 539 377
668 679 636 589 580 686 644 613 578 587 635 656 642 1046 600 682 654 1034 592 603
298 970 393 458 978 324 335 325 311 288 982 420 361 282 971 268 946 276 339 490
558 589 598 1045 1029 636 587 617 704 514 567 1036 705 534 622 1037 607 612 418 703
286 306 261 945 340 312 249 324 253 974 313 349 354 721 315 268 347 333 243 311
271 946 277 263 310 333 254 231 297 327 266 294 309 311 724 291 256 945 336 953
23 43 1036 1040 1103 1065 116 93 92 1060 1045 69 49 1039 26 63 87 1075 1064 73
396 988 350 532 405 393 509 425 357 365 386 441 413 404 415 456 428 486 982 707
317 723 715 955 268 274 708 442 440 279 348 944 330 713 458 705 719 431 945 471
526 698 563 449 1017 702 496 699 517 706 709 427 707 507 1006 583 579 575 708 609
470 696 540 707 411 466 1006 977 563 506 435 590 966 497 561 611 1001 998 457 1002
49 66 119 125 1068 7 98 1082 1090 91 100 82 1066 117 20 39 122 115 25 130
424 701 995 408 515 487 422 478 700 503 432 380 994 431 406 493 699 374 714 556
515 1011 518 1010 1012 430 392 466 718 376 573 982 547 403 370 423 452 492 508 442
501 550 434 451 696 382 361 352 425 494 599 997 1003 511 688 536 988 590 1007 995
615 1040 605 634 660 1066 1050 593 591 13 5 1049 1028 1047 14 1064 546 609 584 38
31 51 13 50 81 1092 1080 1087 35 67 116 1052 88 105 94 109 114 95 60 125
480 527 694 415 581 349 558 701 561 523 383 360 517 721 551 974 533 459 354 554
51 1061 95 1106 1094 84 1075 124 11 1079 1086 1091 89 87 1081 1072 1095 1099 41 86
448 963 721 251 331 476 528 974 710 473 388 283 432 462 539 439 342 311 357 267
607 672 1039 557 656 686 674 622 676 626 655 1045 563 663 639 668 580 1058 561 588
393 995 421 710 367 704 352 488 500 517 978 1009 520 379 412 714 996 397 698 391
279 337 954 724 311 334 253 339 251 353 710 368 308 315 344 369 711 327 254 716
216 242 270 197 239 267 264 284 278 222 231 201 959 191 193 954 258 178 274 211
411 518 1005 570 477 699 702 562 710 1004 408 501 987 444 542 486 484 464 1002 716
294 341 976 339 352 713 964 278 722 246 331 253 330 298 353 260 963 720 972 719
368 704 536 340 345 727 484 975 508 966 516 460 440 383 444 327 428 403 563 580
55 1088 113 29 1059 4 22 1108 57 35 1104 116 41 84 82 5 32 1109 3 1087
606 1047 29 31 1037 675 596 1 1026 671 13 1051 1031 584 4 687 649 662 642 8
387 512 992 539 461 549 569 988 425 721 534 717 567 440 544 987 709 970 483 561
15 58 1106 93 1076 95 1038 1109 70 113 79 1108 14 1079 126 9 128 1056 1066 49
251 950 334 264 945 330 218 237 306 266 238 224 287 963 322 228 331 248 250 206
13 82 68 19 101 127 125 55 112 45 23 9 1099 95 11 15 1072 1106 1043 22
549 598 491 602 647 420 1035 714 709 566 526 423 674 571 617 443 627 625 684 514
414 703 537 721 439 501 695 1001 988 691 994 377 718 990 513 991 553 368 487 535
352 960 947 368 389 258 963 464 373 392 325 455 390 467 319 463 955 251 376 314
283 956 331 282 276 954 337 727 355 343 323 726 240 349 356 263 319 327 249 245
68 1081 1086 49 105 56 1068 71 7 77 1107 76 4 1095 17 106 119 112 110 1046
9 92 39 1105 1106 68 1070 1109 105 104 81 102 33 1086 98 1101 67 62 135 1068
338 370 390 388 985 450 332 482 334 996 961 287 502 994 975 314 525 523 367 720
70 1089 69 1062 1065 64 1074 107 1081 1108 1093 1060 80 1058 75 118 13 1073 82 17
104 128 173 98 107 42 101 134 53 106 102 172 47 65 111 174 142 43 41 123
960 973 423 967 265 976 329 315 383 262 412 306 314 441 326 380 282 433 454 305
287 965 951 977 282 297 272 465 329 960 426 296 378 724 957 434 275 335 978 451
289 326 306 959 340 305 280 253 358 714 355 262 303 336 952 271 272 245 721 723
37 117 170 1071 1087 77 68 1043 1040 1072 76 1049 1045 1070 169 59 1065 168 88 71
608 678 1050 1044 575 627 663 693 648 1058 626 667 1057 600 588 660 587 602 695 640
492 710 356 472 569 429 408 991 514 487 545 721 414 508 574 441 974 709 464 432
368 719 369 325 396 471 507 703 536 383 701 294 483 367 397 437 301 967 282 320
52 1066 1094 1083 1065 31 1089 126 135 1074 2 1044 1070 1057 118 85 98 1095 1098 87
594 628 598 625 584 605 670 662 562 699 1037 573 667 1053 696 563 701 1048 565 549
1072 1105 61 8 18 10 1102 43 1041 51 55 1056 13 41 45 1083 69 37 73 1052
626 654 644 675 656 1037 1057 671 1058 649 687 611 676 604 642 612 602 617 596 677
578 682 650 580 585 661 513 1050 554 542 697 522 601 529 514 553 524 596 599 690
135 162 123 150 175 49 129 55 131 100 125 147 173 97 56 104 130 146 187 201
418 987 353 397 513 345 506 435 426 488 999 366 481 408 384 1009 375 349 535 538
424 1008 984 432 439 553 997 508 392 1004 1022 491 531 443 455 365 1023 465 467 1006
292 943 718 321 325 236 334 956 242 251 303 967 944 233 971 258 275 268 318 343
243 266 194 235 958 240 324 957 313 199 292 314 258 230 278 213 219 964 201 968
500 987 489 488 549 509 1014 426 511 505 342 465 360 716 719 470 399 472 708 542
459 966 356 258 721 344 403 461 701 290 723 957 374 1002 301 426 446 325 959 532
599 700 476 489 617 523 583 376 1053 450 1048 563 628 463 480 490 625 573 575 674
395 519 984 481 410 513 361 1001 986 974 997 714 386 500 478 387 580 549 435 536
17 76 7 1066 1105 1048 1058 1054 1044 1076 29 0 1069 81 123 1086 1063 4 49 80
349 500 487 969 324 707 483 1009 323 501 524 475 348 303 995 979 315 550 384 333
375 518 530 538 1006 360 383 464 972 374 719 565 452 1005 501 569 1004 534 992 404
367 704 439 504 336 997 710 375 715 976 443 709 982 497 425 409 723 423 722 697
471 994 474 497 1010 437 701 724 702 546 522 448 391 401 983 496 481 982 430 380
602 628 573 548 551 1055 1035 615 621 1034 638 563 1052 644 655 569 662 681 658 687
8 58 128 1107 1071 1 77 96 1060 51 32 49 1083 1061 18 1036 90 102 1092 1076
330 724 343 333 957 963 308 457 729 366 265 340 275 437 483 376 320 727 948 341
371 474 995 351 488 530 436 542 996 503 348 538 715 701 467 330 446 352 723 513
467 527 551 703 424 354 414 974 980 541 524 715 514 508 978 376 569 984 999 472
314 723 267 373 490 364 294 340 485 266 258 944 425 458 703 288 286 306 472 383
9 43 109 1064 1037 1040 20 1080 1046 1068 84 18 87 65 79 116 85 1051 60 1050
442 1008 543 1014 407 367 979 967 703 975 973 704 450 1018 393 1022 506 496 440 987
380 437 432 710 706 510 708 466 1004 341 474 493 534 398 427 350 390 441 411 472
526 707 554 557 719 987 350 420 427 415 693 386 561 503 527 454 417 443 353 713
268 961 261 249 314 290 286 329 338 264 230 333 274 729 954 248 352 302 351 726
380 706 387 976 491 964 440 971 454 431 383 354 981 987 352 728 422 423 488 707
452 464 531 541 374 516 369 547 451 986 414 356 433 368 347 428 354 407 418 438
321 359 317 313 402 367 487 475 276 408 421 412 351 389 989 363 341 485 976 346
235 255 222 190 215 192 962 283 270 243 240 217 940 276 291 223 290 232 292 310
446 539 482 542 459 526 406 515 686 716 516 563 556 404 709 976 967 484 428 719
433 696 960 992 466 714 415 698 711 473 469 438 514 376 465 441 462 464 383 428
1078 1096 1057 17 1104 52 40 25 26 33 88 45 1077 10 4 50 90 64 1061 31
1052 1086 1030 43 1106 64 1082 675 1100 25 667 682 1083 1103 20 1070 640 1107 648 1072
54 1102 13 68 77 100 31 1065 41 58 21 1073 83 35 1108 1099 22 19 1081 99
451 539 488 347 1008 589 547 995 384 422 455 717 420 693 977 359 461 373 572 399
410 993 538 533 539 535 485 362 1013 992 540 429 367 978 977 386 470 492 468 707
523 537 443 515 463 556 574 688 483 524 473 576 516 400 440 548 477 495 575 462
298 320 971 339 366 724 331 280 714 719 325 722 295 342 720 955 287 300 266 943
434 988 438 503 389 715 445 433 383 482 491 424 552 548 343 535 401 374 498 1006
404 1004 542 455 999 698 715 360 520 353 529 428 473 1013 434 405 435 476 1010 499
365 504 992 388 485 356 531 405 362 474 505 418 538 497 508 455 544 424 516 532
586 708 354 703 609 480 458 449 722 487 498 485 621 615 1042 682 360 691 726 370
364 985 487 358 998 727 483 359 317 482 1004 984 436 454 348 720 345 983 392 382
469 994 716 968 1015 540 973 389 989 412 361 442 411 384 441 536 987 700 982 403
455 717 542 388 466 979 461 1001 992 478 310 382 423 493 517 297 997 504 470 549
306 326 341 266 945 331 255 325 286 258 273 296 333 715 308 283 958 714 717 290
659 1060 1071 1089 25 1070 48 638 678 26 1050 1038 11 1037 8 53 1049 1092 23 0
33 1042 61 607 123 569 1080 1055 633 593 614 650 557 1033 1028 68 668 1079 105 649
553 597 633 637 574 631 532 531 570 684 429 676 427 523 600 672 594 555 519 591
3 76 10 127 106 97 1072 98 1061 1051 1086 1056 92 61 0 94 1038 51 84 30
51 1089 1109 60 49 3 88 1095 1078 99 119 80 67 40 107 124 30 84 1068 90
36 98 1045 11 34 148 38 132 133 81 127 91 146 1086 113 117 82 78 33 1058
93 136 103 53 173 161 1102 42 48 3 32 1105 20 25 166 55 1101 29 126 24
521 987 435 388 986 523 972 583 579 491 353 473 694 347 451 705 413 1011 1005 562
