1161 1215 1256 1108 1254 1187 1136 1143 1116 1225 1226 1207 1138 1246 1089 1245 1242 1218 1173 1102
717 1013 203 794 819 843 1074 879 610 811 923 207 1033 679 1170 742 198 624 712 713
292 394 317 441 492 450 524 373 225 324 257 516 344 388 486 442 356 449 239 438
26 1338 1317 51 19 1307 86 64 1401 98 1353 48 1320 1386 56 1387 1379 18 50 1339
964 1172 1139 219 699 588 1105 1043 901 223 688 1414 1110 1071 1370 577 645 893 706 828
189 1381 113 1092 118 996 26 936 1404 937 803 1068 21 222 910 243 128 232 882 1423
201 1376 962 1342 28 994 261 784 220 1353 1039 221 999 217 239 1418 115 818 1371 172
277 1451 165 1469 297 302 246 374 353 158 322 160 161 244 1439 1483 146 1424 1429 352
804 986 657 627 772 976 676 575 217 942 198 780 598 644 709 761 747 1040 1370 1032
758 798 657 745 737 803 1000 947 781 771 1098 883 574 881 1007 740 1034 578 954 581
658 744 997 955 732 927 904 640 870 992 787 694 659 767 892 868 777 948 696 689
716 1013 905 942 808 698 180 620 764 818 842 957 837 908 985 962 634 935 640 968
736 1016 585 915 192 669 876 1390 930 160 956 660 642 205 904 722 650 1062 159 746
237 1458 1426 934 191 192 168 304 202 1040 1428 1377 1456 1042 155 937 234 160 964 1058
199 254 1358 1030 1042 1380 208 1083 1349 205 1352 1005 1369 987 174 1446 1400 293 1015 1033
1382 1415 1431 93 1420 104 265 176 939 1352 902 848 835 267 195 1391 986 115 37 991
584 920 848 664 613 963 1084 703 791 649 826 1390 1440 1547 599 841 970 688 1520 1384
197 1361 12 1033 31 1008 1079 264 163 999 158 1053 1384 1376 1005 1343 1104 1077 188 255
1096 1180 1222 946 941 927 170 210 1059 982 176 945 1090 1128 811 929 186 1007 1058 798
28 1352 135 193 10 117 48 1326 20 1387 110 50 236 68 1397 61 170 102 87 231
285 324 311 220 385 319 443 1446 234 479 435 284 238 447 411 392 243 309 310 424
744 872 839 652 950 683 636 964 784 743 630 1032 776 958 833 1023 1418 986 988 1396
852 1001 641 1028 714 617 717 629 1097 649 605 645 1034 932 843 1084 1090 206 809 954
802 943 1059 766 1097 978 731 796 580 1058 1493 1060 1392 1480 602 1047 688 1499 761 1494
71 121 106 1392 1400 81 1349 1424 54 159 1418 88 27 43 47 1402 126 167 49 114
541 574 460 517 950 486 483 965 934 538 953 814 935 466 424 594 484 595 598 951
353 396 301 372 449 355 345 337 359 320 351 299 412 466 536 305 440 286 524 446
154 1365 194 113 251 1411 1 162 45 1329 10 234 169 254 41 1413 1325 230 1441 246
736 875 983 927 1005 743 686 806 901 1018 966 909 814 774 654 1028 735 1082 1011 676
864 956 792 897 992 1382 1514 1439 1042 725 984 635 712 641 752 608 638 1094 682 790
68 113 132 95 1393 91 1409 38 1395 149 1388 154 127 108 1360 1400 62 40 39 26
760 1009 708 1064 961 674 668 932 1035 794 964 918 1021 719 1068 1093 800 759 165 610
1284 1307 1271 1311 1299 1270 1326 1273 1339 1308 1331 1303 1272 1295 1278 1261 1296 1335 1260 1262
606 678 601 928 784 838 668 931 853 594 1000 988 809 958 721 875 833 619 1003 577
910 1521 631 734 902 1476 890 1030 856 813 880 847 913 642 935 925 705 666 1018 753
657 878 721 746 669 834 774 1031 744 1473 1080 887 901 993 678 639 922 838 608 986
707 933 944 1399 683 925 1026 806 585 780 986 570 1501 679 878 606 917 737 1482 867
1267 1274 1290 1294 1239 1257 1242 1244 1289 1232 1280 1252 1234 1295 1255 1260 1254 1253 1228 1263
666 696 891 948 849 941 772 655 768 1006 602 641 713 833 699 1008 581 952 843 981
1394 1435 272 974 25 1381 1417 215 122 1014 871 840 1414 52 1454 151 1404 46 1378 965
41 97 1345 28 48 105 2 10 92 1339 52 1323 1348 1400 1367 1340 6 84 102 133
238 1453 1357 220 929 206 1416 1468 152 277 1385 168 1449 1421 1104 259 1420 1041 1102 250
172 1414 171 117 924 943 228 1079 1372 145 1395 1454 938 964 1091 169 146 1411 274 135
600 630 943 642 865 563 903 667 649 919 952 696 756 612 936 595 691 827 697 580
57 81 119 7 1376 22 88 56 66 1372 94 107 46 96 25 1366 44 80 49 19
1138 1208 1240 1118 1134 1197 1228 1161 1135 1225 1179 1209 1239 1131 1136 1198 1120 1148 1184 1223
796 1061 704 984 802 1073 765 1049 751 750 933 962 247 673 1386 214 1014 911 943 664
927 1409 824 768 119 792 771 1544 267 192 870 1381 1389 621 694 713 960 191 759 940
287 313 306 358 243 348 409 1449 470 303 324 344 401 295 236 323 410 407 253 1446
606 669 859 609 657 798 938 1013 800 844 648 852 759 616 670 601 748 561 640 837
766 978 623 813 1074 764 597 977 792 654 696 769 219 668 1416 609 923 772 1052 742
620 990 1402 947 663 975 934 193 556 710 1105 966 1364 614 579 716 715 984 1096 897
672 1013 957 180 717 980 682 755 740 1024 987 1032 786 738 620 1171 862 625 1098 627
673 870 999 705 836 1415 1019 627 598 876 791 885 1008 920 895 732 844 868 810 951
46 1381 793 171 961 196 43 272 263 225 139 944 1389 824 1396 785 798 1400 924 819
511 561 458 521 607 435 495 538 503 595 478 468 998 567 969 603 606 380 467 546
406 505 465 462 402 302 468 431 414 562 466 516 400 335 464 420 387 366 446 448
751 857 647 966 606 718 969 592 676 971 921 731 781 772 829 739 856 705 771 587
465 533 453 405 398 327 374 563 424 452 472 360 423 316 420 474 499 342 488 347
198 1072 922 824 1004 818 1121 1084 199 1070 890 947 179 1173 1420 816 801 989 1008 932
224 281 389 278 1091 181 1385 1057 1083 1081 1070 1415 1429 213 1353 384 312 372 1404 1366
178 1002 657 575 831 196 825 187 620 836 847 743 840 1446 1047 571 592 877 615 834
921 1034 1078 906 1512 648 756 1010 669 252 752 1036 817 1441 244 670 1378 759 825 812
142 169 1355 91 1019 994 178 159 125 1362 105 1431 998 165 126 1411 1365 1435 1366 1016
309 403 302 502 359 272 411 288 361 347 289 439 401 253 423 471 305 247 466 521
378 514 283 495 431 424 423 478 565 502 300 436 510 345 340 413 294 297 327 402
268 1387 1354 126 223 265 93 157 52 1430 82 1445 139 948 1370 98 1351 61 1418 145
659 789 584 846 1379 965 934 867 988 980 960 674 612 707 620 645 706 745 926 836
595 772 652 670 805 661 891 594 663 1021 816 604 633 621 1061 1054 554 966 736 807
678 964 662 879 1040 1379 610 1047 988 1422 898 656 759 1380 957 910 901 1062 933 663
1370 1391 183 255 226 1408 906 107 196 1409 955 138 105 969 30 931 3 240 986 70
837 915 1389 706 584 764 767 786 826 752 1492 1055 883 930 816 669 745 868 860 779
823 921 845 1438 805 1448 1548 1046 747 666 917 826 936 999 738 699 856 577 621 1099
337 445 541 384 475 447 446 422 399 274 454 433 543 430 275 385 302 495 554 346
1505 1546 1523 918 1489 1527 938 881 954 906 1538 1478 905 933 1541 948 890 889 1508 1510
1326 1369 182 45 210 202 145 67 262 42 56 139 190 966 158 1324 979 4 157 1374
478 534 404 372 334 479 434 390 431 382 441 560 503 490 469 474 470 567 465 413
666 999 1102 763 797 677 650 881 1008 843 787 647 886 1076 1398 1077 160 642 889 1402
688 1009 182 176 842 698 820 1069 743 915 214 229 1174 913 633 1391 192 607 667 691
1085 1116 224 225 1007 171 1013 1195 1157 1086 1034 199 1081 1189 226 901 971 960 1138 1130
848 1383 1350 947 755 156 1017 838 52 195 15 653 73 672 582 259 117 984 577 1422
725 795 849 1376 865 605 897 1005 585 591 847 577 912 888 765 1018 619 639 685 1099
600 616 597 586 761 621 628 1014 596 629 947 788 754 755 860 592 980 789 574 777
999 1084 996 990 982 944 650 649 968 842 572 180 1078 831 1028 667 791 1056 202 792
973 1387 1362 729 193 937 835 806 95 732 19 738 141 850 191 961 621 268 976 131
323 476 341 456 556 337 342 306 530 518 394 511 505 321 393 557 298 274 401 469
1442 1464 207 1404 246 1483 228 973 163 946 174 127 128 1411 1453 234 920 1410 290 937
1400 1441 256 1471 1425 274 969 1465 152 976 31 996 110 1435 919 967 931 8 123 1477
591 684 886 858 653 688 851 921 844 609 786 957 914 751 861 1008 804 953 838 802
746 997 191 1065 177 740 831 624 921 671 834 978 156 794 717 204 577 561 650 797
946 1542 1456 1499 765 905 924 1387 920 726 641 1404 1416 1520 1544 1440 687 607 1512 1102
776 884 855 1495 1047 1534 922 869 734 875 1529 771 894 617 910 802 1091 832 930 1500
655 920 1440 969 1504 1055 1078 875 810 587 824 829 728 610 627 888 925 1527 1530 1472
930 1068 1499 1103 877 246 894 1416 913 953 1403 898 1120 884 639 1518 958 856 730 1385
905 1037 693 1021 1071 259 1098 824 228 242 811 1077 1091 748 227 753 718 208 743 679
612 979 729 777 870 576 1403 1411 1012 1058 639 685 737 937 800 1063 1051 825 968 965
734 843 890 860 954 969 722 784 1021 660 790 948 842 647 879 896 658 580 696 927
12 63 58 1391 120 104 119 45 112 1325 1324 4 65 1399 14 1311 1319 55 42 20
766 966 574 822 718 972 596 221 957 892 604 866 600 893 1457 1420 211 1421 222 1397
73 127 1407 136 25 167 51 1408 55 1390 78 1353 82 1405 39 95 126 49 151 116
1446 1477 1470 958 923 1481 147 1438 247 880 890 244 179 249 911 240 935 891 183 279
426 514 484 460 495 559 372 475 494 315 498 299 311 380 409 454 330 370 306 509
1402 1440 211 225 114 1459 976 162 927 151 206 981 943 215 1419 883 1476 242 1416 107
303 390 476 495 421 432 409 292 500 255 473 286 462 319 408 249 261 442 453 246
669 723 618 917 617 760 993 779 761 781 735 973 770 728 890 793 794 790 938 818
209 1369 1 1021 1363 1083 970 242 118 1367 969 1354 245 111 1405 99 259 239 56 1062
901 1475 829 651 987 1416 824 903 1458 923 635 859 1527 925 702 755 701 785 1058 758
60 1396 1006 131 132 1418 894 31 268 188 163 1379 22 32 145 101 12 182 906 863
1014 1090 980 922 863 1024 222 1002 1183 965 164 948 1123 928 234 1393 603 750 1073 788
211 1066 991 820 976 914 998 1034 1048 1053 1402 821 1446 979 891 951 962 269 888 1020
798 989 820 582 210 1092 763 1059 970 1081 632 650 188 679 1405 664 1089 813 669 990
647 693 823 616 733 648 908 857 1005 626 947 972 674 856 815 636 883 951 690 602
353 423 291 361 316 324 472 412 445 310 379 293 547 314 545 285 295 358 443 382
665 926 923 939 609 936 712 1096 1047 664 1377 870 1006 1378 1470 1514 917 746 1045 1473
670 965 1068 671 956 1074 582 946 1032 856 690 1449 913 637 860 1016 714 986 958 1079
979 1089 1016 786 1056 1057 1405 767 956 1413 1369 568 988 1158 756 725 1059 933 1160 189
197 1085 190 1173 1001 220 216 1021 240 1421 213 998 236 988 1030 1074 901 188 1160 1052
709 1015 1028 998 603 738 810 1034 812 896 1039 874 910 1003 1002 798 1100 954 1035 1037
603 969 649 664 1060 939 700 851 730 1007 562 663 1047 1451 1399 665 683 815 880 839
594 1000 989 192 1079 1393 574 731 1034 215 680 556 804 869 840 874 937 1391 618 200
797 979 572 934 566 564 569 885 707 1418 811 896 846 821 204 905 856 769 622 1091
665 733 974 709 657 765 926 842 590 693 958 592 781 983 840 837 880 870 923 825
1051 1104 268 957 1153 253 178 948 929 1079 1030 970 224 1086 198 1162 1168 1167 1164 925
638 970 726 1424 872 997 581 682 560 1032 1091 813 1356 896 847 655 953 1170 644 1035
711 771 774 713 964 897 806 829 816 936 726 786 883 709 1010 902 861 813 933 937
665 705 696 829 809 1004 1005 823 639 787 811 753 897 992 975 884 606 699 877 945
226 282 1015 1072 334 1356 339 349 1060 1086 269 200 184 1414 1050 379 1410 272 332 303
749 1025 711 650 857 206 636 808 183 890 820 790 744 597 881 994 168 1037 766 733
239 1378 124 107 4 1072 79 203 1057 1426 21 278 940 193 31 784 1355 304 1442 296
324 392 442 401 373 424 403 394 367 386 396 494 397 363 523 336 400 504 467 308
654 698 833 881 907 795 808 605 1023 812 936 830 900 607 750 1021 599 612 582 945
25 94 56 50 99 1353 1345 41 1405 1373 142 107 108 1403 1343 81 1360 115 131 134
276 1397 197 208 103 140 1385 340 57 261 102 1432 935 115 333 1406 121 172 1416 257
937 1103 871 1002 1537 1015 956 1411 830 1184 1446 1066 958 1044 1152 1127 1092 1412 1394 960
963 1398 586 1377 126 213 221 857 720 852 1002 595 180 684 762 632 964 167 119 1076
888 1013 764 1527 1007 711 1084 892 1519 616 686 1062 771 813 854 995 1101 600 1069 870
1263 1280 1305 1259 1298 1311 1242 1256 1267 1271 1307 1254 1239 1294 1282 1260 1222 1285 1283 1225
206 1050 1372 769 1095 952 219 993 934 269 218 894 1407 775 1063 205 1004 959 1064 1420
654 865 948 1024 806 735 908 772 665 758 719 953 707 641 848 697 760 992 639 598
856 934 987 1067 949 1097 637 1376 946 914 582 735 851 954 691 590 1046 1039 605 1521
1121 1177 1055 1201 1138 1130 1094 1088 1079 1118 1100 1218 1104 1181 1195 1190 1200 1082 1048 1145
339 389 364 511 455 326 318 477 311 373 498 456 395 405 475 284 306 496 359 416
31 1320 1324 1372 1315 1336 1294 73 107 84 22 106 1368 1348 1286 1333 20 1321 3 1369
762 879 1069 1037 792 844 1031 1396 913 920 1083 719 788 812 918 890 585 930 954 1071
965 1064 1034 755 593 850 1099 1091 219 1439 194 583 958 656 927 936 624 873 1006 582
1142 1180 1221 1135 1197 1100 1171 1158 1106 1160 1103 1105 1172 1211 1151 1165 1175 1108 1199 1200
855 965 625 587 799 991 674 830 1382 972 607 594 876 599 812 999 829 1092 995 1055
409 510 502 552 403 431 420 299 379 302 508 318 301 538 534 518 333 368 378 311
212 254 1013 1427 1428 1363 1375 307 1017 1390 1001 1044 977 1041 1357 1035 1448 266 169 1082
254 1056 287 775 992 776 761 800 267 809 1410 894 807 291 1400 236 248 999 270 1048
