2416 2480 2405 2432 2514 2382 2524 2370 2380 2446 2430 2515 2474 2472 2484 2311 2332 2349 2373 2511
686 2229 2276 623 2247 590 2170 611 2211 637 735 669 2183 747 748 631 2260 684 2280 2208
656 2172 662 2185 612 587 582 676 677 734 2234 728 2203 758 2271 794 751 681 661 693
1155 1189 1128 1138 1188 1136 1208 1118 1156 1146 1175 1178 1191 1190 1194 1135 1125 1144 1123 1124
760 787 2146 735 720 1960 791 2171 1954 712 1910 743 811 748 731 1686 2166 1689 736 705
801 1953 819 2143 802 1937 766 2155 820 1914 825 753 775 1976 2158 824 1903 812 2156 1925
875 2135 2021 2146 2103 2125 2091 2149 873 2096 2118 838 2034 842 837 845 2101 2112 2690 881
1990 2030 2035 2100 1955 2014 2001 2041 1970 2113 901 845 2002 1976 2044 2094 851 2039 2103 2007
702 730 743 2257 597 2231 678 2251 758 698 759 2217 2190 2214 754 2265 2253 673 2264 2166
1523 1549 1529 1572 1538 1544 1483 1519 1493 1504 1554 1479 1585 1541 1485 1576 1588 1488 1516 1492
344 349 366 358 309 314 307 369 388 316 374 337 377 319 318 387 364 354 385 356
655 2230 2221 2270 2222 686 675 589 2254 702 639 695 657 2215 2285 582 2244 627 2237 678
10 88 99 76 143 75 940 951 955 70 965 8 44 47 141 78 948 127 120 931
656 730 2281 2222 711 2252 756 2201 716 2223 2203 584 713 2289 770 631 2171 664 695 650
732 774 647 2162 773 749 711 575 663 584 574 2232 801 649 659 764 689 1916 581 2165
597 712 648 587 738 2171 672 559 2226 683 745 639 735 2271 2227 2236 750 2274 732 666
2637 2650 2672 2628 2664 2635 2625 2658 2639 2641 2624 2630 2662 2670 2636 2602 2608 2598 2663 2606
2366 2406 2422 2431 2335 2416 2369 2434 2410 2344 2463 2375 2435 2426 2462 2473 2453 2452 2469 2467
1717 1741 1734 1765 1702 1910 1664 1912 1665 1769 1692 1663 1693 1666 1911 1904 1728 1727 1681 1684
488 512 475 535 460 476 504 536 465 472 526 500 527 506 519 513 464 477 458 518
557 596 2200 572 693 699 2194 677 666 556 582 716 634 566 688 592 686 681 657 697
678 708 643 759 747 618 2192 2213 717 620 2281 606 656 725 668 650 649 2224 733 2250
1982 1990 1968 1994 2130 1936 879 2028 837 2000 2139 2025 1981 2124 1939 1931 2019 1933 893 2007
119 1013 234 1024 165 1015 1005 987 124 1007 77 243 91 154 950 1035 131 103 87 925
1213 1225 1196 1200 1202 1217 1188 1206 1230 1244 1248 1229 1231 1208 1211 1232 1239 1249 1198 1204
1791 1871 1861 2058 2083 1887 1842 1754 2073 1897 1884 1854 2059 2052 1840 1855 1848 1787 1869 2076
184 1057 171 239 223 1040 234 260 192 190 215 203 266 1044 235 214 1073 1070 1041 211
1481 1497 1534 1496 1507 1483 1451 1514 1494 1472 1449 1525 1441 1476 1533 1495 1491 1531 1475 1509
826 1967 1975 2104 808 2007 1976 2013 1956 2128 806 1952 823 1922 1924 1970 2119 2124 1946 837
935 944 135 106 86 97 111 95 132 77 920 110 105 969 922 119 960 915 125 62
705 2183 2210 581 623 2254 2270 703 652 2241 2196 675 2283 591 2236 752 2182 2212 712 2191
2373 2454 2425 2360 2403 2466 2408 2418 2488 2365 2496 2313 2325 2404 2414 2357 2375 2461 2351 2372
741 2198 2188 604 710 2173 2225 690 2174 636 730 584 2195 662 2178 575 2190 2187 778 771
647 718 591 741 2183 593 611 738 2272 735 636 661 675 2170 629 619 749 617 601 662
2594 2620 2632 2616 2615 2605 2546 2571 2641 2548 2541 2573 2542 2543 2551 2585 2639 2621 2581 2559
645 733 665 2160 2204 2236 2268 767 599 2183 652 605 607 698 682 721 2267 643 2175 735
177 214 147 1039 193 204 1048 152 252 159 258 996 187 185 196 215 148 205 228 197
1517 1547 1540 1561 1568 1496 1538 1500 1533 1558 1585 1470 1482 1480 1535 1563 1577 1580 1560 1541
2501 2512 2479 2510 2499 2430 2482 2495 2474 2444 2469 2464 2560 2541 2550 2513 2431 2484 2448 2445
2526 2552 2554 2592 2511 2570 2573 2561 2475 2594 2538 2547 2598 2545 2575 2581 2507 2473 2509 2544
2115 2693 2091 2669 2714 2013 1978 2698 2025 2686 2092 2039 2664 889 1975 2087 2021 1985 2692 2689
2462 2524 2474 2428 2499 2325 2510 2575 2336 2429 2566 2321 2340 2316 2431 2330 2459 2520 2374 2345
669 2192 642 2228 711 2189 717 661 575 2243 618 672 2222 2175 2273 2202 687 2270 649 670
2335 2390 2376 2322 2436 2418 2361 2447 2416 2440 2307 2439 2370 2426 2391 2306 2341 2388 2459 2383
265 300 268 311 1091 1016 211 224 336 247 982 243 1004 234 1032 220 221 1038 328 985
242 276 1057 260 244 300 1016 1003 212 1004 996 1026 280 981 189 192 985 206 309 1064
680 2228 613 750 2261 2209 578 2241 577 598 2176 2263 2208 2222 661 2245 2212 625 638 610
2032 2123 1984 2131 2012 2106 886 2029 2013 2130 2144 2045 2023 895 2690 2006 2083 2110 871 2670
608 631 734 741 2229 650 2187 580 2171 590 714 716 604 581 2178 2203 693 611 720 2177
2672 2690 2699 2095 2131 2080 2673 2704 2100 2084 2706 2088 2646 2130 2058 2076 2087 2126 2696 2685
1993 2091 846 2096 887 2009 2686 2703 848 886 894 2043 2029 2007 2017 895 2079 1921 2681 1764
153 162 964 1042 1011 962 953 972 983 1015 148 1067 131 971 1021 144 960 1020 970 138
229 239 207 199 1039 238 991 1095 266 985 202 281 1046 198 221 1059 268 187 272 205
2282 2298 662 2257 650 2324 2435 2287 2247 684 701 2441 2243 643 2254 2283 707 665 2269 2246
2559 2591 2510 2540 2610 2628 2601 2626 2547 2539 2565 2577 2526 2511 2523 2569 2528 2553 2630 2603
570 616 667 683 584 685 613 695 574 629 632 641 697 753 635 615 2199 544 551 556
1913 1946 1760 1907 2082 1758 1748 793 1917 2080 2097 1938 801 1897 792 1951 1983 1976 1742 1926
741 2239 683 682 638 695 655 659 2244 2228 779 2267 663 2251 2232 696 680 707 641 639
2323 2393 2364 2401 2372 2430 2482 2478 2318 2351 2473 2400 2409 2330 2338 2346 2312 2447 2315 2303
880 1998 2116 893 849 2100 813 902 2133 1992 2112 2012 1981 887 2029 1997 885 2027 836 2102
2645 2670 2662 2628 2629 2687 2633 2668 2127 2704 2110 2636 2696 2654 2702 2642 2136 2685 2639 2123
670 694 2273 744 2199 618 609 661 695 721 643 615 650 748 720 637 2267 699 2253 639
2168 2177 735 725 757 2201 723 795 686 579 662 2202 650 750 640 2160 664 743 2161 2164
2115 2694 2024 2022 2664 879 2673 1960 2111 2112 2732 1975 2678 881 1968 2684 2097 1983 2032 2027
829 2143 798 807 826 791 844 2001 817 1985 849 2123 847 2115 811 2141 1983 834 2114 1993
239 260 1057 999 1022 189 1075 1072 276 245 267 252 291 242 986 987 253 256 274 278
1 63 40 103 76 60 53 79 19 106 39 113 117 957 111 115 16 65 950 59
2411 2483 2499 2517 2430 2348 2372 2418 2450 2490 2320 2366 2371 2377 2404 2343 2492 2436 2467 2518
138 1039 1068 990 100 157 270 996 261 101 102 944 154 104 1072 953 1069 930 1005 957
2343 2392 2420 2464 2307 2468 2463 2415 2305 2439 2449 2460 2342 2425 2302 2409 2434 2390 2462 2311
1794 2073 1764 2105 1847 1832 1791 2040 2055 1852 1937 2677 2043 1860 1838 2685 1848 2684 2052 1861
275 1035 159 1031 1048 125 223 181 297 143 224 1021 1039 157 274 219 234 141 142 1064
2196 2220 2239 581 646 697 640 580 2243 748 735 693 2184 2262 631 2227 603 625 658 622
2298 2328 2329 2396 2403 2282 2370 2459 2339 2383 2380 2393 2407 2291 2397 2448 2320 2423 2374 2340
1185 1199 1208 1162 1155 1223 1207 1224 1187 1191 1175 1213 1209 1205 1160 1156 1159 1200 1190 1217
2110 2702 2132 2026 2044 1976 2720 1980 1993 1958 2087 2688 2725 1987 2128 1979 2000 887 2048 2076
2275 2309 2420 2427 2369 654 2368 2239 2424 2381 2292 2429 2352 2417 2377 702 686 2289 2376 2293
680 727 764 608 634 2265 735 669 690 679 2220 2254 666 2173 620 729 2257 688 717 2222
657 2209 678 2187 2270 2274 705 2230 624 737 2276 662 2277 2256 2245 639 2217 707 620 2233
1870 1898 1902 1872 1892 1750 1879 1761 2055 1894 1742 1895 1752 1885 2084 2082 1858 1853 1757 1908
2639 2656 2606 2650 2668 2660 2624 2672 2666 2601 2607 2659 2629 2670 2631 2613 2623 2616 2646 2612
680 2244 649 748 577 734 693 623 2217 2219 2236 595 729 634 612 574 654 685 648 659
728 2182 2253 2192 2189 754 580 652 630 771 628 655 2184 2254 586 746 2246 2244 753 585
1293 1312 1320 1319 1266 1284 1326 1274 1271 1316 1290 1275 1268 1327 1276 1288 1282 1307 1281 1321
681 2207 585 595 580 629 727 2191 2218 679 2261 2248 596 2228 676 2240 658 2281 591 2204
1668 1715 1705 1685 1682 1681 1731 1748 1676 1677 1700 1746 1725 1666 760 1665 1726 1732 1631 1645
1970 1987 861 2675 1947 2094 867 819 2122 1924 866 1980 2678 2119 1961 887 1976 844 862 2095
1889 2080 2075 2119 2072 1857 2686 1880 2685 1761 1767 1918 2092 2122 1755 2078 2104 1883 2079 1931
1849 1866 1867 1882 1854 1853 1843 1855 2071 1851 1828 1806 1763 1847 1758 1880 1808 2082 1762 1759
2670 2675 2645 1983 2120 1986 2087 2101 2648 2659 2689 2695 1985 2118 2104 2091 2685 2086 2646 2099
2715 2722 2706 2713 2695 2698 2702 2701 2700 2711 2708 2727 2729 2725 2694 2723 2731 2716 2703 2726
1715 1739 1688 1729 1740 1709 1685 1730 1746 1702 1700 1710 1695 1714 1694 1679 1721 1728 1747 1757
2325 2343 2454 2463 2479 2296 2435 2403 2317 2315 2474 2329 2397 2440 2363 2362 2326 2347 2338 2466
2710 2714 2721 2724 2702 2728 2690 2700 2713 2729 2705 2720 2732 2701 2698 2667 2706 2688 2718 2697
616 640 601 599 736 631 580 711 2253 691 730 653 2211 652 597 2247 2182 662 2188 688
682 2244 2269 2208 695 2203 2173 671 651 2189 2267 2229 2220 728 603 2280 731 2169 2236 720
2453 2508 2513 2412 2466 2481 2342 2528 2383 2499 2480 2517 2452 2411 2538 2465 2377 2532 2379 2479
1917 2082 1753 2689 1762 1909 2104 800 2046 1916 1746 1862 1941 1745 2129 2091 804 1766 779 2036
2327 2393 2458 2395 2318 2418 2323 2312 2330 2407 2364 2446 2441 2432 2311 2374 2295 2309 2405 2317
601 648 2191 713 661 593 676 2249 589 607 659 2270 683 650 633 690 620 598 2188 2233
2022 2106 1997 2028 2676 2698 858 1961 896 2672 2049 2046 2101 2076 2110 2099 2097 878 2007 2122
20 61 99 4 22 28 15 107 32 116 71 83 50 75 115 932 26 93 17 24
1344 1364 1315 1359 1338 1333 1394 1380 1397 1354 1401 1405 1377 1357 1321 1403 1399 1329 1368 1324
2315 2337 2328 2446 2292 2348 2466 2320 2420 2430 2326 2451 2450 2338 2453 2342 2448 2388 2386 2456
1316 1341 1323 1358 1369 1291 1310 1353 1359 1292 1324 1335 1356 1288 1352 1300 1366 1350 1360 1363
2011 2131 897 2675 2669 898 2679 2133 2122 2136 820 862 886 1998 2095 2690 2121 2676 2100 2009
851 2018 2006 879 2118 2142 862 870 845 2037 1992 2105 2113 832 865 1988 864 2130 2034 873
819 2150 1945 2139 765 757 1966 2012 801 787 799 2141 837 1954 1968 2165 1946 821 764 771
1034 1066 1050 230 167 221 128 184 126 1059 1019 1035 1040 1081 259 1029 220 161 180 1028
496 515 509 505 529 485 525 516 497 487 531 528 474 493 500 519 503 506 537 511
1895 2080 2116 1784 1762 2104 2688 1768 2074 2686 1891 1872 1941 2093 2117 1747 1944 1760 2681 2679
741 2178 753 661 706 639 761 679 2252 2200 2210 663 2233 2158 652 656 2219 2237 703 775
1047 1056 1058 1046 278 150 222 226 186 175 176 1033 168 1062 279 1031 273 152 1060 1073
663 2214 2280 2200 2272 2194 626 700 2252 2229 675 574 732 2199 2225 2263 2251 2237 2248 686
1339 1352 1324 1317 1360 1344 1315 1338 1376 1350 1325 1330 1369 1342 1314 1364 1386 1357 1382 1368
563 604 2197 627 605 2206 549 540 646 624 674 602 648 556 642 610 682 703 607 564
1049 1062 282 1031 1028 1045 1043 1061 1085 230 237 266 249 1071 153 287 1088 240 275 265
873 1988 2131 1955 2091 2005 1970 1951 1959 846 1998 830 1986 2115 2028 865 2022 2123 2135 2016
97 965 127 955 71 979 91 108 949 47 956 984 144 78 953 143 930 971 141 101
390 423 428 414 441 360 415 366 442 372 449 383 426 373 395 453 357 446 365 422
2072 2688 1863 2129 2702 2076 2110 2119 1924 2700 2116 1883 1855 1936 2088 2695 2114 2676 1939 2115
394 436 363 373 464 431 376 415 448 407 428 402 457 378 447 453 452 472 395 389
370 374 369 367 409 366 420 410 377 388 344 416 350 411 407 380 385 362 376 361
714 2245 2203 713 2214 2200 755 733 589 739 690 765 591 606 2189 718 644 2278 2283 626
1910 2089 2697 1899 2088 1740 2074 2053 1934 2109 1909 1943 1911 1936 1761 2100 2073 2102 2123 2114
437 455 436 402 456 407 485 457 391 474 400 461 442 458 409 419 459 426 396 430
2106 2124 1985 1965 1977 2080 851 872 2024 2042 884 886 2672 2006 2023 2691 1966 1969 2029 2059
2455 2471 2526 2505 2408 2385 2516 2333 2430 2481 2349 2441 2434 2356 2418 2395 2473 2300 2363 2506
901 922 917 909 874 919 937 129 933 117 2029 932 945 905 889 118 894 2024 2031 931
2506 2543 2530 2438 2575 2579 2436 2572 2565 2588 2570 2454 2563 2532 2466 2569 2576 2527 2591 2482
1868 2051 1789 1874 1871 1887 1861 1765 2081 1788 2095 2038 2083 2048 1864 2078 2044 2103 1920 2101
253 973 201 108 267 980 979 1024 142 997 1042 1001 208 1003 119 183 953 120 131 1007
2698 2729 2107 2101 2086 2091 2113 2104 2702 2665 2720 2717 2699 2109 2666 2122 2696 2125 2102 2711
123 931 141 997 991 948 961 1033 1013 934 970 993 119 933 64 85 115 155 106 1000
630 2174 756 684 748 579 2189 638 2227 661 2205 2180 2196 608 2252 2214 767 2168 612 2233
581 723 2232 2230 725 694 669 586 2219 2209 769 625 705 747 560 553 2199 689 673 582
740 774 584 809 664 754 767 575 666 2212 2155 632 770 772 2162 577 775 768 711 759
1614 1649 1601 1623 1658 1630 1617 1643 1602 1650 1594 1644 1661 1583 1664 1659 1676 1619 1674 1662
234 257 995 1009 1093 1091 977 1047 288 245 1044 296 1074 243 222 1011 208 1058 282 242
2431 2482 2409 2484 2460 2501 2503 2447 2433 2437 2331 2366 2517 2305 2302 2515 2308 2323 2458 2333
74 104 47 932 22 56 18 969 133 1004 6 139 140 24 123 943 138 112 141 42
225 1033 205 1091 1021 1035 1053 219 136 255 1057 1058 139 178 231 163 253 144 1014 993
1982 2002 892 896 862 2004 2086 1985 1928 1938 2006 876 2128 2033 1960 2685 2005 1994 1947 2118
784 1959 751 1960 2114 811 810 2169 2112 2104 1914 752 831 1958 748 760 2116 762 761 838
301 309 279 341 315 329 278 336 268 274 292 269 284 288 295 271 312 267 337 296
566 627 595 2184 2251 696 662 729 2177 2202 2197 653 547 542 2221 569 688 2233 2213 549
587 671 2238 2273 711 2245 559 629 686 647 2264 2214 2194 674 607 2170 2217 2219 2221 652
1621 1639 1607 1638 1633 1630 1620 1640 1672 1644 1635 1675 1611 1659 1655 1609 1637 1591 1618 1662
1421 1440 1490 1464 1418 1395 1474 1408 1488 1431 1485 1451 1426 1435 1482 1394 1452 1403 1438 1429
761 808 1977 757 789 819 725 1686 706 717 1965 803 1959 797 746 763 777 1920 2142 1969
