1491 1546 1573 1483 1440 1316 1331 1596 1479 2167 1548 1594 1587 1554 1609 2187 1616 1419 1528 1577
74 632 571 574 649 88 650 678 590 659 637 69 683 82 604 596 605 67 1911 682
335 412 809 410 363 798 370 339 436 366 854 347 294 343 325 440 328 395 295 835
1059 1136 1048 973 1123 1959 1234 1119 1949 1064 1131 1161 1996 1241 1085 1163 1160 2013 1224 1100
2071 2112 2111 1335 1292 2150 1356 2127 2021 1453 1454 2018 2092 1295 1264 1332 1366 1460 2031 1398
1794 1843 2267 1881 1818 1803 1870 1857 1871 2280 1792 2261 1808 2272 2306 2310 2309 1744 2303 2248
1747 1776 1841 1740 2241 2271 1765 1833 2306 1786 1822 2273 1754 2282 2304 1863 1811 1727 1734 1749
67 588 591 86 1898 566 1902 559 635 600 607 62 664 584 1917 56 585 625 1891 64
717 732 681 748 683 158 91 139 157 159 728 145 689 730 92 153 116 680 776 751
1354 1385 2066 1463 2050 1308 1261 2162 2031 2116 1378 1340 1352 2027 1454 1339 1386 1291 2056 1376
66 635 660 94 73 29 1901 23 39 581 604 38 32 57 639 634 685 640 594 624
1062 1950 1151 1240 1067 1934 1056 1051 1933 1186 2030 953 1952 977 2010 1942 998 1217 1916 1931
428 848 349 370 377 395 391 368 369 329 302 372 443 453 300 821 350 297 396 447
1365 2162 2180 2165 1323 1377 1521 1378 2081 2183 1498 2027 2064 1307 1301 2182 1423 1465 1390 1359
1047 1225 1945 1149 1148 1110 1031 1006 976 1083 1019 1220 1953 1040 996 1209 1234 998 1093 2028
393 820 368 335 386 417 325 385 422 439 278 369 863 404 416 401 821 300 429 421
1150 1922 1953 1044 2022 1200 1942 978 958 1063 963 1229 1966 1033 1914 1011 1239 1175 1169 1915
1791 2273 1823 1827 1706 1748 2244 2281 1809 1870 2263 2292 2247 1703 2321 1775 1805 1828 1747 1709
1065 1214 1158 1070 1932 1014 2026 1111 1167 1023 1044 1170 1090 1033 1140 1160 1042 1226 1100 1005
1135 1222 1922 1939 993 1138 1108 1041 983 972 1066 989 1006 2002 1145 1033 980 1081 970 1929
1001 1227 1086 1066 1124 1223 1221 1220 1120 1941 1950 2022 972 1059 1210 986 1947 1236 1137 1057
1162 1200 1952 2018 1973 1189 1220 1086 1163 1144 1210 1978 1928 1193 1090 1077 1182 1080 2019 1984
192 767 225 223 769 736 274 777 228 270 265 252 738 279 183 240 150 743 241 175
593 1906 27 51 33 1935 672 618 62 583 63 70 1890 1931 629 1916 1880 19 623 1923
1571 1614 1620 2180 1530 1640 1636 2196 1604 1531 1497 1546 2190 2170 1553 1510 1519 1536 1607 2204
1252 1962 1118 2092 1053 2021 1059 1129 1243 1939 1280 1253 1195 2066 1951 1296 1286 1108 1020 2082
1917 1972 1133 1978 965 1938 982 1172 1029 1157 1170 1181 1177 938 1164 1168 1895 994 1013 1208
2120 2143 1433 2114 1388 1348 2133 1513 1364 1464 2100 1469 1284 1345 1349 1361 2068 1394 1448 1371
309 352 863 300 315 408 414 388 373 793 263 339 430 812 304 282 407 803 425 364
540 561 551 11 517 21 538 40 510 539 508 31 566 34 605 547 505 558 589 42
1316 2019 1281 2030 2140 1331 2028 1020 1268 2029 1223 1466 1258 1379 1224 1494 1382 1177 2126 1154
308 380 273 799 282 403 266 262 343 325 818 363 855 385 337 391 853 368 323 397
14 43 38 644 639 617 26 52 624 662 664 65 31 563 553 1907 653 68 645 622
2005 2069 1106 2110 982 1945 1133 2064 1982 1933 1286 1312 1254 1104 1043 1099 1015 950 1958 1456
1345 2110 2104 2052 2010 2074 2103 1388 2026 1443 1501 1485 2055 1271 1505 1375 1385 2057 1261 2136
322 405 863 442 421 416 436 378 282 805 413 438 404 293 803 386 831 407 406 428
1021 1934 1073 1940 1146 1997 1983 1040 2010 978 989 1935 1946 1204 938 1975 950 1114 1041 1093
1030 1962 2012 1014 1022 1931 1236 1928 1067 1206 1245 1060 2010 1960 1027 970 947 1098 1092 966
1372 1481 2128 2071 2068 2112 2016 1457 1401 1525 1554 1365 2012 1359 1426 2182 1317 1452 2172 1285
1386 2060 1357 1250 1394 1252 1414 2059 1284 2037 1314 1380 1283 2058 2004 1430 1264 1330 2028 1438
1303 2121 1338 2014 1467 2140 1298 2073 1469 2027 1466 1342 2107 2051 1332 2032 2102 1372 2158 1351
605 645 78 42 658 1900 572 603 587 582 101 652 100 657 639 581 1913 44 59 80
1368 1386 2044 1290 1472 1452 2047 2127 2022 1361 1324 2151 2067 1334 1422 2029 2009 2012 1339 2074
1694 2253 1683 2307 2219 1729 2260 1635 2291 2296 2211 1632 2231 2265 1701 2207 1692 2229 2213 2288
314 340 380 425 394 783 324 417 813 860 434 398 847 362 319 811 302 848 833 856
1331 1498 2150 2092 2120 2048 2017 1381 2089 2078 1548 1520 1429 1327 2111 1499 1399 2079 1533 1431
1306 2126 1445 1278 2104 1302 1267 1401 2029 1480 2068 1391 1395 2052 1290 2037 1292 1383 2079 2045
460 497 505 501 438 527 450 449 498 421 432 524 507 417 473 429 425 477 469 423
1277 2007 1108 1349 1354 2150 2138 1270 996 1160 929 1149 1262 1178 1397 1113 1185 2129 1034 1183
1693 2274 1637 1641 2257 1759 1810 1780 2272 1793 2304 1678 2203 2310 2271 2238 1802 1685 1806 2320
1225 1947 1098 1031 1155 1092 1242 1928 2024 1041 1237 1914 1150 1180 967 1202 1230 1200 1057 1056
1815 1862 2291 1849 1827 1838 2256 1866 1752 1874 2292 1831 1816 2261 2272 1760 2263 1804 1837 1828
248 766 794 264 800 268 773 197 285 274 198 812 255 256 289 734 806 281 720 745
1368 2026 2081 1079 1442 1352 2011 2160 1483 2063 2153 2099 1430 2104 2068 1335 1188 1974 2161 1465
1392 2063 2019 1247 1481 1258 2093 2135 1469 1446 2018 2081 1470 1473 1412 1430 2100 1253 1283 1421
182 219 246 169 293 752 773 242 276 207 209 170 248 257 771 239 768 173 806 213
1262 2055 1385 1261 1985 1431 1373 2086 1309 2017 1993 1364 2061 2000 1369 2038 1449 2054 2013 1979
1059 1232 1035 1088 1055 996 1007 1928 979 1929 1062 1083 1105 1230 1251 1068 1932 1009 1247 1074
1572 1588 1513 1617 1595 1499 1625 2181 1501 2200 1522 1506 1544 1628 1611 1493 2201 1559 2178 1570
135 727 705 704 674 169 679 148 125 768 165 772 738 163 694 106 681 113 661 732
1961 1999 1918 996 2013 1980 1937 1115 1126 938 1927 1075 1976 1258 1244 2036 977 1016 1247 1262
1789 1849 1864 1754 1783 1846 1820 2261 1742 1774 1792 1757 1773 2274 2258 2276 2263 2307 2304 1739
1105 1963 1084 970 1946 2017 939 993 1958 1186 1016 1095 1192 1068 967 1920 969 991 1010 1119
1081 1148 2006 1006 1077 1225 1152 1138 2028 1925 983 1130 1214 1914 1000 1946 2005 1219 1086 1078
1107 1124 1154 1045 1147 1080 1989 1970 1963 996 1005 1232 1092 967 1074 980 1968 1088 979 1228
1307 2072 1358 1255 1282 2160 2139 2025 1274 1301 1284 1313 1283 1476 2046 1466 2042 2061 2129 1327
670 687 717 612 615 120 688 671 1913 713 125 78 138 1909 65 607 1911 1914 677 110
128 714 110 168 103 138 162 135 736 147 113 727 104 740 112 742 91 87 160 131
1250 2034 1259 1362 2098 1293 1428 2051 1401 1301 1385 1333 1971 1336 1330 1295 1468 1447 1264 1302
1015 2009 992 1151 1110 1013 1242 1230 1324 1106 1330 1030 2042 2046 1338 1034 1257 1025 985 1229
97 722 647 660 107 668 79 672 141 96 687 116 689 751 646 706 87 73 657 157
1034 2014 1178 1267 1291 1341 1229 1211 1303 1001 1292 1048 1307 1052 1340 1210 1209 956 1973 1002
46 1905 65 1901 647 74 59 1933 651 1936 604 2 26 672 1923 654 616 1889 655 1924
63 1891 599 33 620 601 1886 602 47 661 1913 1906 589 634 619 1868 55 39 1910 644
1524 1560 1508 1488 2168 1588 2161 2155 1491 2181 1507 1583 1605 1532 1613 1593 1520 2192 1600 1519
72 648 30 671 678 668 631 649 600 645 108 40 659 590 88 586 602 608 78 672
1376 2037 1250 2159 1266 1240 1289 2013 2031 1285 2039 2085 1299 2033 1291 1330 1342 1393 2030 1411
1759 2277 1805 2321 1758 1704 2243 2320 1701 1818 1772 2267 1744 2257 2239 2298 1832 2308 2240 1853
2223 2256 2269 1704 2304 1714 2286 2213 1731 1673 1667 1711 1801 2209 2258 1677 1720 2309 1696 2317
985 1934 1214 1036 1042 1035 1034 1193 1112 1084 1049 1904 1080 1954 1216 1069 949 1228 1001 1061
1359 1425 1443 1378 2093 1305 2134 2076 1409 1299 2125 2025 2131 1412 1386 1455 1287 1480 1470 2051
2024 2059 1156 1456 1214 2012 2062 1431 1986 1273 1101 2036 1180 1252 1238 1243 1978 1422 1203 1453
685 718 100 104 157 683 114 725 75 734 765 692 123 707 115 143 696 166 669 703
664 1906 134 689 60 625 61 584 39 657 130 604 112 10 118 24 1895 617 581 1909
1295 1444 2087 2175 1408 2030 1464 2107 2015 1327 2136 1509 1374 2035 2139 1311 1371 1390 2076 2019
2101 2125 2149 1311 2142 1451 1258 1303 1393 2127 1314 1443 1349 1338 1297 1251 2081 1394 1291 1264
265 308 328 345 787 852 229 846 287 296 367 385 200 800 305 202 335 843 324 356
1794 1831 1762 1866 1761 1864 1787 2245 1875 2278 1816 1778 1746 1835 2291 1763 1837 1760 1853 1769
563 598 28 668 1905 607 71 565 9 67 641 579 550 606 1909 78 542 582 1911 21
1255 1961 1013 2081 2091 2035 1926 1923 1059 1045 957 2023 1248 1243 1137 1951 1071 2075 1132 1909
1094 1128 1223 1157 1216 1140 1944 1989 1025 1063 1143 1237 1923 1053 1922 1939 1219 1942 1026 1103
559 601 586 52 596 55 572 581 73 1904 53 659 605 595 1911 70 565 646 78 652
1195 1941 1939 1073 1066 1931 1930 1236 999 1973 1974 1223 937 950 996 1021 1040 1255 1127 1978
1054 1083 1008 1970 1125 1947 1252 1001 1154 1105 1207 2006 996 974 1150 1042 1143 1962 1058 998
2022 2060 1226 1092 1064 1955 1404 2061 1144 1379 1412 1087 2026 1247 1011 1419 1944 2039 1285 1961
1368 1444 1336 2117 2043 1303 1420 2074 2088 2060 2020 1506 1265 1365 1453 1502 1422 2052 1452 1460
1789 1810 1816 1829 2298 1830 2240 1779 2273 1788 1776 2297 1752 1868 1848 1791 1826 1786 1835 1777
1353 2028 2036 1300 1358 1345 2147 2072 1211 1477 1186 2136 1284 2027 2080 1297 2006 1476 1342 1445
1808 2261 1712 2221 1746 1861 2224 2277 1743 1877 1700 2257 1844 1751 1778 1834 2218 1793 1680 2223
1046 1218 1052 2020 1237 1035 1008 979 2032 1075 1063 2011 1955 2004 1144 1078 1934 1043 1958 1168
1941 2000 956 1238 943 1224 2035 2016 1951 2049 1132 1946 1087 1911 1022 1984 1055 1065 1141 1200
2066 2123 1258 2006 1237 2023 1384 1326 2129 2115 1320 1301 1252 2111 1273 2107 1463 2131 1296 1311
1281 2021 1216 1436 1383 1026 1068 1428 2035 2058 1311 1454 2019 1396 1321 1944 1357 2060 2014 2040
114 715 131 747 669 93 741 653 761 662 756 119 88 663 106 721 690 649 96 737
338 399 401 349 428 857 825 839 288 413 347 800 840 415 319 298 385 333 310 440
845 877 421 387 289 858 870 874 360 884 893 340 873 853 852 383 334 891 326 303
1324 2155 1502 1414 1306 2140 2077 1424 1491 2125 1266 1382 1448 2115 1519 1476 1423 1331 1392 2083
1615 2216 2247 2200 1556 2197 1581 1710 1664 2242 1709 1705 1699 2213 1706 1617 1619 1611 1660 1681
951 1958 1979 924 1051 2017 1132 1000 995 2012 1138 1072 1925 1939 1984 1999 1059 1974 2022 1917
1133 1958 1928 1255 1914 1229 1141 997 1081 1048 979 1101 1178 1983 1119 938 1249 2015 1084 1124
224 301 208 271 190 753 828 386 274 800 282 227 243 189 232 201 830 744 280 779
1014 1087 1028 1058 1032 2000 1155 969 1249 1255 1126 2029 1981 1124 1069 1212 981 1154 1971 1972
1448 2171 1602 1355 2168 1361 2191 1586 1387 1403 2079 2022 1459 2161 1606 1458 2128 1399 1435 1377
98 110 730 134 94 128 133 665 73 125 639 660 82 112 156 733 121 111 142 75
1117 1980 936 1237 945 1253 1941 1962 1181 1088 1023 1131 1256 975 1092 1014 1251 942 1134 1925
1301 2037 2026 1423 2101 2084 1277 1076 1410 2018 1244 1460 2139 1422 1436 1292 1357 1395 1242 2137
955 2008 1036 2031 1333 1192 1300 1153 1137 1953 1989 936 2070 1312 1006 1280 1917 1974 1919 1264
1096 1237 1976 1260 1014 1006 1091 2049 2063 1964 2071 986 1072 1221 1044 1949 1111 1024 1038 1008
156 694 172 726 704 693 767 177 164 148 676 730 179 161 702 134 713 672 711 129
140 725 150 134 701 728 734 726 169 711 732 684 139 672 685 733 745 765 136 762
1295 2020 1949 1992 1260 1976 2051 1450 2049 1009 1312 1171 1322 1318 1962 1071 1376 1386 1405 1330
2073 2107 2091 1399 1271 2106 1302 1374 2144 2094 2053 2075 2152 2133 2154 1366 1314 1264 1450 1299
1292 1325 1284 2091 1351 2114 1281 1321 2107 2015 1270 1392 915 1300 1387 2125 2077 2152 2053 1327
1088 1116 1961 1008 1112 1006 1151 963 1157 1975 975 977 1052 1971 1927 1968 1132 1976 1988 1138
2191 2207 1551 1590 1563 1597 1650 1544 2172 1581 2200 1589 1535 1596 2228 1572 2169 1527 1558 2216
976 1911 1126 1977 1890 1038 1909 1037 985 1935 601 1002 1006 981 651 952 612 1976 1967 948
1411 2057 1506 2036 1453 2037 2167 2064 2015 1350 1486 2048 2157 1356 1283 1308 1240 1238 1454 1315
158 726 108 176 714 126 166 147 764 114 705 169 132 143 145 159 103 177 751 152
2083 2137 1337 2093 1363 1410 1249 1358 2092 2100 2060 1282 1339 2135 1356 1487 2048 1396 1470 1377
1331 2104 1451 1292 1303 1297 2162 2025 1319 2075 1298 1502 1268 1315 2113 2049 1255 1450 1507 1313
805 833 405 797 382 253 812 212 787 234 788 310 345 224 257 824 865 800 829 378
1769 2251 2241 2311 1750 1854 2287 1825 2250 1809 1828 1678 1796 1859 2233 2243 1763 2294 2232 1812
1672 2229 1637 1686 2260 1669 2243 2210 1640 1732 1730 1712 1713 2247 2276 1691 1659 1739 1649 1644
1259 2106 1975 1264 1282 2008 1260 2058 2132 1257 2041 2006 2020 2080 1977 2130 1350 2105 2034 2098
127 685 720 161 123 78 164 137 654 111 735 151 104 672 103 727 664 671 680 107
74 647 67 646 679 601 73 572 40 53 642 89 33 645 622 37 652 577 30 44
1479 2153 1281 2183 1538 1336 2189 2174 2165 2116 1389 1539 1537 1415 1441 1458 1328 1548 1450 1416
1345 2089 1372 1285 2137 1475 1378 1248 1347 1499 1452 1472 2103 2060 1274 2071 1337 1323 1477 1245
1561 2200 1498 1643 1514 2189 1518 1521 1505 1507 1607 1532 1581 1641 2182 1526 2221 2219 1482 1582
2154 2168 1521 1282 1321 1461 1302 1388 1381 1376 1398 2150 2188 1541 1444 1296 2158 1320 2175 1474
1473 1529 1603 1313 1568 1317 2162 1300 1600 1411 1330 1409 2041 1557 1457 1482 1538 1354 1348 1312
2160 2178 1429 1380 1321 1299 2185 2167 1488 1317 1612 1589 1300 1443 1445 1342 2119 1602 1600 1399
1407 2174 2144 2148 1467 2146 1586 2046 1513 2134 1413 1496 2141 1348 1519 1568 1538 2052 2160 1584
1319 2057 1387 2111 1305 1411 1301 2163 2157 2058 2030 2160 1434 1384 2162 1491 2145 1363 2062 2011
1227 1961 1041 961 1149 1091 1136 2005 998 1089 1117 1966 941 1188 1028 999 2009 1077 1113 953
1539 2194 1562 1624 1593 1518 1563 1544 1578 1609 2172 2163 1531 1541 2170 1546 2164 1540 1629 2157
1434 2057 1442 2019 2159 1478 2165 1315 1463 1482 1252 2163 1286 1368 1409 2134 2149 1260 1452 1448
680 713 128 736 95 106 147 169 156 755 124 658 660 160 749 757 746 710 105 170
621 649 635 654 606 12 99 595 92 84 73 566 1914 612 659 53 109 581 657 662
164 197 169 252 184 272 230 741 719 149 136 709 702 135 768 231 747 203 730 185
