2680 5157 2336 2536 3908 5129 2854 2348 3950 2840 2849 3946 3944 2347 5161 2690 2812 663 3948 2676
925 967 873 1055 907 938 1031 911 958 1038 1029 4889 905 1014 1075 1034 1070 4882 953 951
125 178 702 158 705 775 1165 718 4934 788 4915 877 842 862 720 159 194 191 163 878
170 780 792 718 785 1143 155 741 1144 787 168 4952 1133 824 830 809 624 4932 635 179
1871 1955 1870 1780 1964 1850 1929 1947 1987 1837 1995 2030 1877 1882 1857 1864 1978 1845 1925 1944
3755 3985 3694 3717 3762 4951 3725 3830 3792 5099 5050 3047 3020 3996 4005 3806 4960 3744 5190 3696
3077 3106 3034 3014 2915 2976 4963 2947 4975 3044 3118 2926 2975 2995 3119 2948 3042 3491 4978 3003
3666 3694 4974 5035 3757 3040 3699 3662 3711 5037 5054 3641 3704 5034 3752 3050 5077 3759 4968 4020
1862 1993 1839 1927 1937 1863 1887 1991 1798 1970 1787 1906 1796 1855 2022 1768 1921 2038 1977 1824
415 512 488 2441 418 22 4438 12 494 524 498 20 69 25 39 385 485 67 4445 4382
4293 4495 4481 4562 4276 4510 4556 4568 4265 4294 4511 4506 4287 4508 4319 4496 4303 4542 4297 4275
3920 5161 3905 2683 5096 5113 2682 2724 3914 3873 2845 2813 5098 2840 5114 5192 3851 2701 2704 3938
382 1552 4609 4380 4411 4610 4459 4365 4256 1560 416 4581 396 4563 4573 4318 1715 270 4382 4599
1878 2013 2040 1947 1925 2039 1957 1893 1912 1994 1888 1927 1883 1939 1841 1892 2018 1971 1967 1909
1587 1628 1682 1610 1598 352 1618 1614 1673 1608 345 1653 386 1674 1652 1571 1641 1712 1692 353
3224 3237 3182 3213 3190 3242 3420 3185 3238 3388 3250 3246 3204 3195 3229 3143 3184 3148 3393 3179
4376 4422 4332 4468 4470 387 4362 4410 4577 4448 362 4563 405 356 419 4603 4345 4386 4398 4621
1969 2046 1922 1923 1989 2048 1847 1921 2102 2006 2097 1882 2021 4924 2058 1917 2108 1899 2001 2045
2368 2385 2136 2405 2393 2478 2362 2589 2344 2151 2376 2548 5183 2381 2583 2597 2585 2565 2691 5171
2286 2617 2311 2498 2650 2606 2344 2569 2138 2613 3876 4925 2525 2132 2219 2502 2522 2496 2523 2769
205 868 816 4934 4931 794 206 201 4924 1136 857 4929 1160 171 796 874 168 228 1098 220
2123 2566 2367 2109 2528 2508 2613 2544 2507 2580 2355 2619 2336 2331 2542 2584 2122 2379 2329 2147
367 4401 1544 376 4418 4422 4586 4355 4595 419 3353 1731 4420 4574 4372 3346 365 422 4389 1563
1860 1969 1849 1800 1935 2031 2008 1916 1999 1874 1942 1813 1939 1946 1977 2021 1832 1851 1836 1829
3429 3457 3396 3369 3070 3443 3434 3184 3506 3084 3189 3378 3404 3441 3052 3065 3430 3376 3222 3442
3914 5179 5130 5120 3867 5175 2812 5125 2690 2869 660 2839 3938 2833 5152 3949 2735 2818 5176 3964
2299 4939 2983 2166 2168 2127 2839 802 2200 2589 199 637 793 2599 2161 2340 2769 211 2871 763
4944 4968 2660 2673 4002 590 2785 3771 580 3020 866 2231 2068 3608 3035 3648 2086 2625 2330 1108
827 4953 2081 2674 2599 2078 3714 1113 2771 1161 2094 610 2977 718 872 2643 3780 3015 3011 813
2952 4940 3131 203 2763 4935 75 2597 2152 4962 2233 637 2851 3021 3031 2310 3055 2181 2191 2108
2619 4933 2668 1139 4948 2629 2742 2722 4955 629 2789 2989 2524 4947 2775 184 1917 86 2212 2859
2994 3467 3198 3015 3102 3024 3504 4965 2937 3131 3509 3391 2916 2996 3029 3405 3493 3436 3431 3492
46 2414 2454 527 2392 410 32 2458 518 2459 67 2435 419 528 525 510 414 2403 6 19
909 992 958 997 1011 946 1078 1027 1066 1074 910 1063 4891 955 974 922 4881 969 1005 1083
904 1003 4923 1013 946 1042 880 4925 871 1061 902 927 922 886 206 4880 873 1044 1059 866
431 4495 4503 411 4510 4478 517 417 4555 4491 373 402 469 2436 4556 2443 1569 4296 395 475
4262 4271 4156 376 4247 4308 4562 4286 4162 4563 4277 331 4283 321 391 4310 4231 4293 4322 4258
153 806 4915 736 775 4945 880 835 771 773 838 737 110 4914 150 166 763 189 4916 878
1202 1254 1276 1268 1306 1332 4915 1166 4924 1158 1242 1178 1191 1240 1195 1170 4909 1281 1258 1259
2797 4930 886 816 2605 192 159 785 2182 2159 2837 2171 629 1114 2779 865 2284 795 758 2838
3116 3133 3094 3043 3484 3132 2968 3210 3060 2944 3038 2957 4971 2888 3180 3052 3472 3097 3025 2882
3224 3235 3238 3174 3193 3249 3402 3389 3212 3265 3263 3232 3153 3204 3221 3418 3410 3403 3396 3427
2541 2578 2838 2851 2488 2285 2599 2529 5145 2626 5162 2576 2554 2503 2476 2531 2111 2629 2374 2282
1888 2007 1911 1922 1861 1882 2039 2031 1964 1955 1977 1887 1842 1919 2011 1898 1939 1907 1852 1874
127 604 811 605 588 128 165 712 705 622 838 102 607 4938 4965 770 178 595 125 707
4363 4607 367 4634 415 341 4416 398 4341 4578 409 4310 4352 4330 4573 4368 4422 4439 351 4349
71 528 697 4971 45 2456 2444 516 4988 515 70 2402 3376 700 21 4963 398 407 397 4980
75 102 69 2405 53 82 611 527 67 750 99 632 94 740 521 140 524 523 4952 92
3251 3275 3253 3283 3293 3333 3327 3312 3321 3330 3266 3265 3263 3234 3260 3230 3280 3232 3272 3316
3033 3091 3621 3087 3743 3687 3661 3462 3781 2986 2999 3063 3773 3726 3772 2924 2929 3476 4984 3613
5095 5112 3684 3775 3781 3761 5139 3772 4014 3787 690 5118 3996 3667 4548 3724 687 5085 3757 3675
4375 4572 4327 356 4462 4387 407 4602 410 393 4427 4436 4571 399 4298 4609 4352 4342 4310 4339
353 375 423 4582 428 343 2427 390 373 4426 4629 1720 3353 4618 364 4258 4621 4257 410 3348
2175 3882 2247 2294 2732 2092 4927 2081 2169 4928 2217 3865 2832 2078 4949 3892 2204 2839 2330 2220
2563 2617 2360 2281 2587 2335 2329 4960 4923 2495 2618 2475 2636 2328 2595 2385 2109 2340 2295 2520
4295 4569 4319 4350 4368 4265 4358 400 4316 4598 4459 4299 4546 402 4312 411 4549 4311 4428 4427
2296 2604 2108 2706 2286 4929 2341 2154 2140 2075 2179 2621 3887 2173 2336 2638 2210 2124 3885 2308
3058 3471 4956 2952 2962 3433 3081 3022 4959 3459 3189 3409 3480 3445 3413 3190 3136 3505 2967 4936
4418 4593 4574 4449 4465 4607 405 4432 425 4434 356 4563 4405 4460 4583 4385 4561 4617 366 4619
3748 4012 3709 3996 3674 5063 3687 3640 4978 3642 3819 3786 5105 5043 3970 4974 3717 3719 3815 4958
95 4966 3022 2927 616 3606 699 3638 2650 2928 2941 3666 142 3997 2918 82 3830 4945 3009 3707
889 4888 919 1030 4867 1282 942 940 1050 1231 977 1017 1093 1304 923 1077 4870 958 1026 922
3370 3429 3350 3363 31 3434 3394 3354 3384 403 3449 3358 39 333 332 342 17 3374 3465 3377
2692 5180 652 2825 2543 2525 669 5191 3968 5147 2845 2544 2340 2688 3922 3945 2814 2355 2808 2364
3729 3978 3020 3971 3792 4967 4985 3778 3990 3802 3628 3763 3022 3699 3765 3795 3976 3679 4982 5094
985 1065 999 1084 4873 989 1075 895 4904 893 1050 1080 1041 1032 1020 1022 1024 935 948 901
3138 3192 3168 3093 3210 3058 3219 3478 3063 3196 2966 3071 3402 3057 3074 3461 3069 3146 3382 3179
805 1150 1188 882 854 1146 195 167 176 4952 1149 4937 1178 620 149 1132 886 233 3298 1171
2725 2831 5173 2822 2669 3874 5156 2861 2530 4940 2692 2764 2743 4931 2816 5157 5136 5170 4942 2762
1594 1622 1708 1601 1682 1598 1711 1614 1606 1699 1584 1692 1635 1664 1702 1590 1694 1573 1620 1706
456 494 493 501 453 682 469 693 2436 437 2434 517 690 452 485 460 515 495 462 497
3961 5189 2812 3673 3988 2686 3954 646 3910 2991 2736 2932 2376 2879 3957 3745 709 3663 3012 3040
3617 3670 4989 4962 4017 3619 5095 4014 5037 3716 3983 3745 3712 5073 3654 4992 3776 5054 4990 4009
3949 5132 3917 3850 5174 3952 5143 5159 3846 3942 3950 3932 5145 5109 5127 5095 5171 5133 2856 3918
3656 5097 5114 3034 5028 3616 3821 3646 3989 3677 3666 5035 4970 3653 5079 3761 5068 3818 3779 3637
3628 3670 4002 4975 3664 3710 5035 3037 4988 3602 5071 3019 4956 3027 3719 3638 5097 3666 3595 3684
1127 1133 4926 241 832 866 4936 1105 4939 4948 4931 835 4927 875 1115 3316 179 1150 4947 4930
2367 2832 2533 2571 5169 2158 3888 5182 2130 2810 5162 3886 2697 2488 2699 2872 2153 2600 2729 2547
869 1188 1095 1183 836 870 785 848 863 794 1168 1236 1154 201 170 1213 1096 830 4939 1257
3506 4987 62 5029 3596 3713 3627 3517 3789 3645 5004 4980 3805 3592 3499 3829 3522 3588 3702 5059
2313 2634 2323 2132 4925 2153 2492 3870 2554 2149 2324 3879 2713 2114 2781 2133 2215 2127 2645 2516
2290 2680 4937 2695 2275 2172 2676 4945 2292 2530 4920 3877 2361 2831 2563 3881 4935 2270 2618 5156
908 939 875 930 947 975 1025 937 1051 965 1005 898 1028 871 927 4884 1074 1019 4926 909
98 4952 610 187 67 548 3073 2567 3009 1153 4928 2322 3718 765 4946 70 2629 755 825 154
34 2448 18 2406 516 400 2418 2450 2451 359 438 416 3372 21 60 2421 2422 2414 2425 427
4466 4578 4608 418 4477 4569 414 4352 4376 4617 403 4358 410 4349 4398 4415 4317 4434 4606 351
3026 3758 3732 3996 3069 5105 3083 3611 4940 2996 3730 3015 3689 5190 3096 3720 3021 3797 5102 3830
3034 4956 544 2084 855 2301 148 3782 179 2951 2666 3119 2635 2056 182 2118 187 2316 105 3010
657 697 5188 735 656 711 677 684 707 660 75 640 5139 699 655 642 95 713 5140 5117
874 1146 854 1192 813 1116 1138 805 4918 848 792 938 4959 803 212 4917 823 1120 1185 914
3004 3111 2985 3450 3023 3133 2944 4933 2989 2956 2890 2971 2948 3100 4961 3467 3463 2945 2922 3121
4759 4784 4723 4747 4746 4831 4785 4755 4812 4781 4814 4737 4742 4724 4797 4760 4749 4810 4783 4808
3793 3989 4982 5075 3781 4015 4964 5103 5037 3668 3716 3677 5111 4981 3992 3736 3735 3970 5062 5182
778 4934 3011 1108 860 2280 2997 2861 2642 2990 2744 2293 757 92 2968 713 1104 802 2576 2297
2659 4943 737 2663 1142 4973 2748 1104 4940 2945 3042 2361 3019 2660 2715 2763 2165 871 2129 2630
891 4883 912 864 999 897 971 1033 1046 1011 1048 937 4903 1067 894 945 1086 873 977 4861
919 1059 1050 4916 956 888 929 1038 1002 1073 4915 4877 871 4913 903 916 4886 882 941 874
2758 4938 2245 3036 2307 783 2276 580 2973 1183 2047 579 808 744 2042 2126 873 2764 2728 2049
443 466 430 501 490 472 4486 1577 4481 431 4485 4479 1568 2436 2427 1569 477 4480 2441 486
3663 4985 3620 4998 4021 5088 3993 4020 3969 3828 3814 3580 3976 5085 3652 3632 3801 3822 3725 3512
3440 3487 3472 3089 3424 2987 3494 3187 3065 3074 4978 3489 3410 3391 3130 3388 3133 3488 3223 3002
277 1527 252 1552 263 243 1782 1573 1547 275 1816 1801 1800 1810 1821 308 249 1543 1798 290
1869 1976 2024 1850 1988 1870 1914 1986 1840 1781 2028 1968 1778 1859 1949 1993 1897 1935 1994 1917
2125 2605 2076 2485 2501 2361 2598 2499 2781 2111 2132 2579 4954 2306 2650 2776 2638 2553 2584 2150
1308 1342 1222 1314 1292 1420 4887 1496 4898 1239 1324 1350 4903 1302 1502 1284 1347 1275 1209 1231
2377 5183 5188 3956 3940 2700 2999 2555 2863 2998 2361 5177 3083 3842 5155 3052 2975 2933 2964 5121
3055 3098 3131 3138 4973 3139 2989 2931 4981 3095 3025 4990 3459 3467 4941 2988 2895 2925 5185 2962
3296 3319 3283 3292 3293 3322 3338 3256 3291 3329 3287 3337 3264 3348 3340 3289 3317 3262 3281 3310
43 2415 414 51 2419 3373 2439 524 2399 4974 394 4979 2461 44 2462 16 2400 2455 2459 0
2897 4975 4949 4007 3120 53 2953 88 3110 3634 3507 3993 3732 3636 3582 3097 2999 3971 2962 4952
620 827 181 740 847 756 4961 153 1169 142 133 718 4962 868 4933 622 610 92 152 1171
3225 3245 3256 3146 3181 3264 3157 3414 3244 3389 3252 3216 3388 3179 3221 3192 3250 3412 3236 3413
382 396 3352 4586 383 1587 525 1737 4567 3353 4406 362 4274 401 2451 4418 2420 1712 373 4460
1842 1855 1772 2022 1783 2006 2009 1887 1999 1998 1821 1778 1864 1892 2020 2023 1893 1962 1993 1990
2584 2620 4937 2542 2159 2345 2708 2163 2774 2129 4923 4924 2561 2293 2522 2598 2555 2346 2113 2557
3690 4008 3623 3628 3636 3695 5092 3597 3753 5062 4963 3698 4961 4004 5098 4979 5083 3674 3037 3735
167 638 809 793 733 135 620 122 713 101 769 812 625 802 109 605 861 192 1143 618
1835 1855 2007 1831 1806 1985 1774 1797 1880 1974 1975 2008 2019 1753 2018 1820 1989 1758 1765 1874
1755 1817 1819 574 553 1793 1767 1855 565 1810 1778 1805 1860 1816 1858 1730 567 1740 1782 1746
1133 1156 172 1108 4916 199 4958 234 1162 173 870 4937 800 1106 1109 830 1174 857 840 230
398 4350 2420 4339 1555 4359 415 4600 4306 3341 4372 4347 2425 2445 4580 1562 1718 4343 4361 1576
3018 3722 5185 3675 3719 3053 3971 3679 3746 3783 3625 3010 3796 3617 3794 3618 3070 3030 3075 3798
286 1719 255 1549 385 294 4245 1583 0 4238 3357 271 1529 1577 382 258 1565 4239 3353 322
2701 2812 5185 2772 4924 2704 2340 2868 4927 2793 2548 2737 2373 2719 5173 2679 2892 5145 3874 2368
2817 5152 2875 2698 2730 4943 5187 663 3939 2841 5182 2805 2852 2854 2762 2710 2683 2734 3918 2781
751 4925 757 2642 2227 2658 218 4908 2267 2698 156 2701 2106 2641 2317 2723 187 2133 2139 177
2268 2326 2625 2120 2270 2558 2159 2176 2331 2601 2570 2242 2586 2189 2583 2251 2346 2629 2227 2259
1858 1987 2006 1841 1855 1876 2005 1838 1996 1880 1823 1869 1992 1771 2021 2018 1822 1861 2028 1864
38 544 4944 4939 510 528 4953 18 37 4950 2454 4952 4977 1762 49 531 73 1754 568 11
893 4908 189 806 4893 1236 863 797 1180 861 1037 936 873 4900 1073 1211 1207 945 913 1178
4160 4198 4265 4124 4133 4130 4152 4121 4108 4151 4150 4237 4227 4201 4268 4224 4153 4109 4123 4107
4368 4415 4338 4388 425 413 4407 4419 4341 387 408 4332 4612 378 365 4564 4604 4463 4455 385
3034 3720 3729 3799 3744 3972 3795 3094 2999 3770 3083 3676 4001 4953 4973 4979 3718 3611 3630 2991
4075 4100 4083 4097 4098 4110 4092 4112 4553 4054 4072 4554 4061 4057 4055 4093 4086 4089 4084 4115
4554 4563 4498 5077 412 4331 4453 4090 4039 4374 386 5041 4324 4101 4433 4351 4556 5068 4328 4276
2552 5157 2538 2371 2533 2534 2818 2485 2347 3935 651 2595 3955 2725 2730 662 2630 2477 646 5126
61 2413 2421 537 20 505 67 54 2406 518 503 2408 12 34 4958 526 2411 65 4988 2436
3786 3802 3728 4968 3014 3008 4956 3007 4990 3761 3726 3025 3045 3050 3038 3028 3975 5055 4971 3772
2067 2081 4962 2309 4930 4936 2053 2077 2083 2047 4934 3875 2585 2602 2132 3881 2312 4923 2612 4931
3723 3784 3059 3828 3684 3755 3027 3703 3678 3800 5102 4979 3029 4972 3704 3749 3973 3624 5188 3032
1095 1108 893 1111 1138 1084 186 4947 897 3300 4889 881 1089 1096 4951 3316 1139 4934 220 4902
3196 3412 3069 3503 3385 3183 3167 3184 3188 3473 3486 3435 3201 3075 3487 3407 3444 3176 3187 3404
4548 5058 3673 3606 4008 5099 3776 4068 4063 3603 4067 3790 3746 3663 5041 3770 4054 3629 5060 3658
778 4929 2717 114 2216 2153 627 821 815 803 2213 2713 2307 2820 1187 2822 2340 162 2118 1139
1338 1384 1383 1499 1320 1397 1378 1425 1402 1337 1355 1346 1389 1316 1483 4912 1374 1414 4900 1353
2756 4952 2785 3763 836 611 124 2102 197 3030 3013 2044 3014 2316 3017 1109 2052 172 601 74
2227 2234 2248 2216 2221 2215 2200 2170 2222 2169 4937 4933 4914 2190 4927 2324 4928 2195 2211 2177
2349 2494 2287 2586 2588 2305 2142 5147 2618 2289 2584 4937 2320 2491 2144 2604 2502 2136 2488 2511
2987 3461 4956 3437 3387 3127 2997 4983 3398 3439 3073 4932 3190 3058 3413 3407 3184 3118 3442 2950
2964 3085 2920 3129 3026 2905 3052 2927 2930 4969 5183 2888 2923 2987 2967 3027 3488 3067 4962 3032
