101 1095 1032 1175 74 1220 126 1084 59 1197 44 1038 75 12 84 3 1082 23 92 88
498 520 552 891 892 856 848 489 901 567 465 582 534 565 885 886 873 831 559 542
1116 1201 697 1176 1128 3 51 1104 1232 696 687 197 1186 1175 57 1218 13 695 122 1222
166 1168 278 1133 671 35 120 1210 1152 221 156 254 674 193 18 226 662 191 1098 684
652 799 390 794 646 595 718 602 317 268 274 297 403 480 436 650 364 283 1160 456
513 585 543 526 562 582 551 484 858 556 560 870 891 817 890 875 871 502 833 823
134 1162 1168 1070 1225 676 162 168 1202 1149 1216 43 177 172 674 1116 682 184 1197 186
121 1078 11 1031 1058 1112 76 139 1111 143 0 110 1098 91 1211 1167 1182 1065 1137 129
387 606 332 717 280 837 642 762 796 735 309 437 782 848 303 601 786 424 846 600
341 427 715 703 371 826 303 747 753 628 328 786 838 707 334 350 425 479 768 337
358 454 379 706 818 365 438 639 368 811 343 298 364 747 466 623 272 643 736 434
382 448 308 836 273 398 392 462 351 602 283 486 478 463 773 324 809 759 790 756
443 488 302 456 484 503 602 833 751 588 420 429 386 501 330 837 309 446 441 758
800 842 508 395 462 336 290 801 727 648 637 388 579 803 471 746 576 516 428 742
223 252 1138 675 206 649 306 211 178 707 643 1136 684 187 638 202 165 656 710 688
160 1159 684 695 43 209 22 692 145 1175 696 259 667 1091 1122 1116 223 1200 1205 676
32 1191 1176 151 1138 1188 1103 68 1066 74 1083 153 28 105 1076 101 1077 1088 1059 37
574 892 855 873 924 522 500 549 532 564 897 505 861 908 559 578 585 863 528 533
421 808 755 789 403 769 756 816 845 840 304 810 711 751 319 394 744 379 298 411
342 832 776 714 793 425 437 505 494 284 807 826 849 812 854 435 424 286 402 309
585 872 483 819 916 505 896 903 839 885 570 827 503 485 554 493 557 542 815 859
42 99 60 1151 104 1070 131 1063 82 71 1195 1161 76 40 3 21 126 139 119 109
964 1023 984 988 1073 1001 955 1000 938 996 929 1046 1066 922 923 1050 1044 1029 1012 954
161 1170 212 175 190 1117 26 691 1124 1165 148 116 1139 1129 223 1227 243 120 1151 1229
395 628 810 263 287 633 698 641 776 726 654 714 294 801 824 657 744 821 376 648
22 106 108 59 142 32 104 14 83 1131 1203 96 1230 143 1210 1105 1046 97 1171 1194
502 534 521 528 858 496 486 840 929 584 907 509 847 909 553 862 555 890 546 513
566 851 820 478 819 870 860 912 845 601 596 806 462 599 865 554 879 520 470 592
341 435 785 364 649 379 335 775 811 388 381 478 382 357 621 714 815 398 297 433
1080 1105 1163 1047 4 1079 48 1146 1121 1164 76 1184 87 96 1029 1147 53 1232 1103 1033
985 1022 980 1051 1079 948 1073 947 963 981 1057 1011 1078 1074 945 961 1015 958 920 1020
643 773 701 407 770 629 415 408 716 761 698 697 730 633 352 402 261 689 428 680
958 1015 951 936 1028 971 931 1025 1047 1006 1035 989 924 1039 943 1053 1045 928 1041 993
347 653 422 814 288 466 238 809 731 1142 630 1135 264 1152 437 243 1215 270 722 828
278 407 349 1140 372 395 215 650 252 314 201 830 658 221 1138 1137 662 705 622 729
345 452 307 398 794 459 304 397 439 387 334 786 644 818 322 349 843 632 442 826
323 657 733 1215 434 349 697 707 1206 659 633 284 311 447 1207 254 438 809 607 646
316 445 744 293 446 769 712 626 415 239 384 400 764 273 437 246 371 753 396 817
375 739 316 272 474 313 275 273 790 446 403 787 424 465 676 460 766 409 370 631
247 307 748 1133 802 444 372 805 664 625 635 376 181 348 704 707 300 250 283 232
705 1149 178 117 195 667 1193 698 200 1098 154 132 752 296 210 166 806 643 202 737
143 1195 165 1136 1216 1207 1102 1183 48 150 1101 24 1179 57 1226 116 1180 115 137 120
252 649 757 379 732 323 808 633 621 697 179 744 720 657 665 685 723 163 382 1143
746 799 466 438 346 303 326 319 408 735 308 351 332 401 378 743 364 372 361 741
803 826 337 487 406 450 777 640 621 787 762 587 302 700 352 459 294 447 735 715
24 1088 154 1114 107 1033 15 109 1165 1135 1150 89 68 1207 1128 53 1172 45 1136 129
138 1215 1103 692 665 1139 143 1190 1222 185 116 135 1084 1087 701 51 161 1228 18 107
269 359 449 755 193 377 447 435 657 174 178 365 1149 458 726 368 1144 326 267 373
657 1135 123 742 312 14 1108 246 620 726 745 269 1140 296 659 47 704 166 248 44
311 415 348 789 315 691 408 347 312 784 304 778 383 732 377 626 329 274 700 664
278 727 219 395 234 629 262 741 205 416 411 628 231 764 621 647 315 751 391 268
307 399 251 798 438 733 661 451 408 633 356 393 397 742 630 409 296 311 469 415
163 248 1231 300 672 296 653 162 142 1156 243 265 198 166 1207 1203 1150 251 1160 1145
283 402 735 792 248 454 280 767 717 749 768 750 214 278 687 270 415 265 187 389
605 845 345 757 506 627 604 575 771 599 420 855 492 745 603 769 620 477 398 484
182 698 327 295 774 728 779 635 252 1215 308 671 233 667 758 325 1155 684 241 1201
52 1141 255 133 33 181 1208 1118 1148 1110 1202 1106 157 232 673 17 277 23 671 1051
81 1071 62 1047 73 33 1102 118 1094 101 133 1062 43 27 1024 1059 75 42 68 30
399 626 355 786 294 658 623 823 817 283 278 445 473 279 376 456 649 818 793 624
455 486 379 405 828 520 827 443 859 822 784 392 445 375 500 448 433 861 802 868
938 954 1011 974 923 921 925 967 951 917 920 911 1009 1024 1007 1022 969 1017 932 950
359 410 318 473 629 628 644 263 463 267 351 775 360 752 837 333 313 471 417 843
643 745 673 426 396 400 696 819 250 725 655 677 407 346 600 711 418 358 601 371
248 296 281 679 272 362 337 737 796 311 220 295 258 700 212 300 328 361 205 265
728 794 315 838 623 327 666 274 833 817 419 733 774 647 375 302 286 684 593 416
436 604 442 478 793 621 307 796 807 798 773 757 775 823 344 453 403 413 337 383
1175 1206 1155 1193 1188 196 684 147 665 1228 1176 21 663 698 163 693 184 144 207 112
129 1055 106 16 1024 11 52 1133 126 36 64 18 1023 140 1025 1221 63 1172 115 99
326 470 847 831 365 447 606 501 395 836 772 761 507 661 379 828 445 397 348 436
910 927 516 883 998 552 556 869 963 986 876 965 535 558 905 913 985 892 546 555
425 814 622 406 394 487 372 800 381 307 417 455 841 489 415 775 641 299 764 744
430 778 385 336 711 701 641 470 678 675 341 424 823 776 419 439 426 283 833 314
379 786 335 766 717 750 358 638 756 452 325 391 408 686 474 670 661 432 751 313
470 479 819 325 347 600 844 818 446 836 859 480 349 603 605 592 345 607 330 372
349 645 643 743 423 668 722 431 795 290 716 623 730 652 460 785 334 724 816 719
186 1203 1116 1138 175 676 295 277 695 1218 30 1148 1200 663 244 184 120 657 1144 261
257 358 795 727 421 274 298 442 323 182 648 709 443 178 192 165 631 219 161 728
421 818 488 416 317 786 321 784 776 826 308 449 419 418 408 402 347 385 777 320
115 1040 1181 95 58 94 1048 1228 20 1049 1079 63 1183 74 141 1133 1227 1097 55 1035
1141 1193 1191 261 279 274 263 1101 1134 236 275 175 1133 668 169 1123 200 1155 1154 1181
558 932 999 858 901 534 532 1006 550 526 570 509 937 886 1003 925 917 887 979 969
623 641 340 753 262 785 635 253 760 655 791 250 310 261 412 737 1151 676 1147 312
410 804 705 734 794 830 478 416 318 825 765 813 623 768 387 811 698 767 385 297
101 1041 37 1074 113 7 26 86 1004 1081 15 1010 1098 55 51 130 29 53 126 16
623 750 817 414 661 823 730 439 284 416 314 715 757 694 637 808 435 281 381 748
907 928 564 990 980 893 927 962 880 897 974 970 566 961 554 865 901 918 987 911
280 693 625 304 318 1224 220 402 1218 175 307 685 756 359 224 396 345 392 1203 1148
88 1049 1070 10 34 1068 51 1017 1074 1067 56 1072 57 1026 29 122 121 1078 1097 1082
939 999 1025 972 961 1007 556 959 1017 923 1002 909 910 921 924 1009 908 1024 555 930
937 1017 968 1046 974 983 962 556 916 1003 1040 1051 551 557 930 981 967 909 1044 1002
266 659 694 300 355 758 747 162 302 654 769 251 363 725 624 1162 184 200 674 272
341 434 450 719 479 638 337 276 777 473 748 377 444 435 652 374 765 759 764 352
655 663 1206 679 323 712 670 715 730 772 701 770 682 778 356 761 292 662 1147 1145
198 252 1157 159 165 242 295 301 644 162 318 694 164 685 675 1156 269 655 1212 189
1200 1222 12 1171 186 152 133 42 667 124 683 164 163 1136 177 31 25 1110 688 690
661 686 317 274 190 741 312 160 1150 1215 224 1161 276 167 682 186 1162 1214 1133 231
495 818 870 343 515 431 488 862 788 400 513 850 349 435 740 731 440 374 429 354
330 659 750 321 458 662 304 660 1146 648 694 686 239 810 627 278 817 331 687 646
377 809 467 641 830 603 454 404 652 384 778 346 483 375 643 281 423 390 268 297
287 641 239 417 435 228 319 639 682 655 200 305 277 695 269 677 702 326 205 365
232 286 760 196 755 244 217 685 221 681 673 648 781 171 289 730 624 351 239 204
275 696 1156 362 743 639 1199 347 737 348 276 800 1131 681 263 697 326 677 385 683
383 449 484 456 348 719 284 283 275 717 442 424 429 763 491 349 849 649 607 311
256 644 205 304 288 292 671 161 812 660 658 1133 278 796 298 708 757 302 736 160
643 658 257 377 660 364 332 678 785 635 666 340 241 778 807 384 295 1200 809 261
535 929 854 988 503 501 984 514 509 996 881 525 925 499 544 507 875 958 885 540
364 790 448 458 461 646 398 382 392 390 725 374 425 740 759 719 354 455 721 763
1099 1210 150 66 1074 167 1109 196 31 1149 652 1148 70 1117 189 669 94 1095 668 1067
25 1052 1055 1147 1021 1117 1187 1184 69 1056 9 124 1177 1102 1106 1115 1185 1228 1158 1193
746 830 769 349 859 291 655 409 361 411 771 499 847 787 437 294 652 713 798 308
525 848 494 514 892 543 434 490 558 549 524 426 577 509 516 538 582 439 474 562
370 727 732 415 453 439 435 291 471 269 266 720 752 632 441 751 623 701 723 473
400 820 327 831 293 792 373 595 631 783 424 773 842 418 310 345 467 437 466 777
139 1096 97 36 129 151 116 1090 2 1225 1189 131 1168 1203 1200 1228 1041 68 1177 122
330 470 662 782 712 471 411 277 758 706 484 397 296 491 857 363 594 834 486 753
1124 1139 148 1222 27 236 1122 680 221 146 189 215 34 210 1111 1199 1135 692 139 205
117 1064 1233 121 1219 1061 1202 1086 1099 1208 1206 1167 1095 1158 84 61 1174 1114 45 1120
423 814 419 437 811 720 375 771 308 378 475 853 351 751 746 846 783 812 309 721
330 792 293 298 724 786 387 430 277 464 472 351 633 608 390 742 711 467 360 708
136 1083 1076 1106 1036 1163 30 1211 1114 1156 11 1061 1042 111 1218 1060 1105 1029 1221 1153
609 842 345 350 354 600 426 500 827 865 332 769 576 351 470 751 595 750 438 318
297 377 268 190 407 793 768 660 389 320 255 367 324 712 444 649 476 829 351 413
297 733 306 243 427 406 822 323 259 189 413 289 818 680 639 825 732 620 625 794
486 861 518 418 437 525 520 900 503 459 583 462 453 847 416 862 806 522 545 830
565 862 905 497 501 556 879 930 915 845 492 898 535 575 480 562 514 517 578 863
684 1157 738 1115 136 8 32 709 658 1099 122 1192 1156 714 255 22 731 299 1160 713
28 1195 1207 1181 1134 1148 1233 1092 69 74 87 141 32 1206 2 1210 1151 156 19 1055
353 457 433 807 376 292 602 413 279 403 430 439 455 839 383 756 345 751 731 473
311 453 257 469 636 609 281 670 399 395 314 443 441 658 405 724 824 298 728 707
637 703 330 634 237 745 651 381 736 713 692 704 1150 318 642 640 1139 340 265 284
1017 1043 96 65 1077 1034 986 968 107 936 991 1054 1016 6 70 1042 944 1040 1067 1025
696 1157 1095 716 235 316 1209 297 178 710 228 689 725 661 638 284 5 1119 1211 768
676 780 638 193 678 168 1202 1150 224 236 292 235 263 1146 398 659 442 696 431 815
315 693 309 745 455 285 238 1167 232 778 417 442 231 296 316 1149 736 230 768 451
1065 1085 76 53 1033 10 1102 42 29 81 50 39 1053 122 1040 1111 77 1058 1090 1092
48 1169 1086 95 1104 690 1173 1138 138 1094 1079 686 1087 161 1072 38 29 688 693 1063
467 830 473 362 588 785 403 470 504 585 384 406 798 373 827 740 400 480 756 477
169 1211 146 35 1230 689 244 651 1210 1222 681 184 240 215 15 182 277 1117 677 178
308 374 828 246 648 734 601 324 271 763 754 456 386 747 624 373 349 361 639 372
311 683 385 339 376 802 755 304 728 772 1131 246 790 705 666 726 778 662 1211 398
705 778 437 655 267 762 298 299 382 812 283 627 414 346 403 279 341 350 387 790
26 1077 134 1181 1158 27 82 1050 1062 1081 1064 1206 95 93 1036 159 1145 1186 1207 23
9 1040 1124 114 120 1004 1117 1198 1126 118 133 1003 1109 1122 1057 1220 1045 107 1013 1091
200 1207 26 1115 6 278 1182 1139 283 228 1172 665 1177 126 1105 46 288 1191 1181 259
439 841 311 777 352 487 290 310 576 327 318 820 836 438 828 338 332 326 793 816
906 917 874 937 954 956 984 942 929 550 881 578 861 555 882 518 513 521 982 955
705 740 253 241 642 667 771 811 635 640 392 306 677 783 275 365 284 383 269 741
432 477 826 768 377 482 492 301 473 849 447 772 384 861 596 424 434 446 752 581
389 606 646 813 402 835 294 745 822 445 387 831 764 832 591 765 336 836 849 435
630 817 489 362 721 782 413 651 328 475 763 706 417 798 410 307 729 270 772 275
