91 962 1015 949 81 923 107 1003 1062 1019 961 126 74 117 92 67 931 1033 995 959
1001 1059 937 1035 34 63 81 51 997 52 1027 1004 1034 79 48 967 129 60 95 58
815 865 829 875 778 900 905 872 830 864 794 866 848 820 846 886 876 838 877 766
940 1028 31 980 94 1000 1054 1043 151 36 156 912 61 1009 913 1025 86 968 1004 63
176 208 508 18 224 150 635 13 166 559 573 362 219 528 500 555 10 180 218 632
913 987 1029 898 45 133 131 904 1070 962 141 797 1008 1003 101 942 1056 1065 83 971
403 517 516 489 198 491 421 473 209 560 417 170 381 472 435 171 537 380 557 422
144 1067 996 1073 1066 152 951 919 139 181 946 38 7 935 949 40 997 911 931 211
178 192 561 564 1035 1043 637 353 621 152 556 344 539 228 189 619 523 234 597 620
842 901 834 782 794 784 899 801 824 888 815 799 915 844 813 887 875 1073 895 931
65 1048 1041 921 1062 89 1026 973 970 28 1006 927 114 128 1059 87 980 1036 910 948
983 1014 997 950 129 42 980 924 48 57 932 1070 115 106 1046 92 81 968 1066 987
74 981 129 48 997 1034 946 996 1056 1062 1069 1007 1026 927 111 1060 75 60 106 1015
34 912 918 49 809 876 148 1000 142 75 1027 760 812 943 115 1030 805 144 1050 146
953 975 1029 43 49 76 115 1063 63 133 925 1037 1016 1058 1054 65 1000 1057 1039 125
953 1038 76 135 74 125 85 937 1021 157 904 1069 998 923 1034 949 13 153 160 1027
57 948 1067 54 71 977 1011 918 1040 1068 1007 45 975 1037 981 94 1069 69 91 962
194 554 206 232 146 199 192 1042 508 182 23 176 524 28 602 234 4 340 597 239
410 444 457 421 512 480 511 405 438 476 491 449 374 528 386 445 500 463 416 357
860 888 762 857 877 845 924 874 832 770 920 775 777 872 827 853 806 869 881 803
958 1009 986 1067 1041 977 941 917 1053 80 95 912 929 54 959 998 1065 128 1011 57
554 593 609 508 177 515 531 580 597 169 183 5 171 612 193 560 519 595 543 563
80 121 44 954 89 983 905 1018 1072 1058 949 1006 60 965 999 40 1064 1069 1042 1005
921 1052 995 137 36 1067 102 25 61 994 119 983 975 998 929 1055 23 932 882 946
134 1036 959 42 972 955 122 73 58 35 139 245 116 950 41 126 910 208 50 113
385 510 501 353 559 208 404 495 487 226 377 211 556 225 546 474 191 352 550 411
326 334 338 358 361 320 245 333 354 303 225 253 234 307 250 244 277 355 344 249
947 998 1061 62 1005 962 1051 64 978 920 1058 41 980 931 950 910 125 1065 1017 1015
351 376 363 219 485 224 429 392 504 414 515 391 338 523 390 354 380 377 495 508
214 1038 933 10 179 169 333 202 965 337 3 377 5 9 362 374 182 934 116 72
14 568 183 21 158 181 603 615 185 6 1037 605 8 628 537 563 28 155 1035 0
754 804 827 795 906 865 853 904 733 818 882 778 760 838 911 816 902 825 774 892
140 193 918 535 549 118 507 936 928 1042 1032 1 190 617 53 494 921 210 74 524
59 1063 61 959 957 149 906 1069 929 931 38 950 1018 125 939 988 945 976 1000 926
367 523 339 466 213 173 388 542 556 535 424 531 397 492 391 541 347 195 481 496
74 129 58 56 57 1022 77 1073 1025 1014 120 38 1031 114 91 1043 112 1060 952 988
66 975 927 94 137 98 945 1049 980 77 907 955 106 93 1028 1014 929 993 85 928
201 507 393 23 407 356 4 554 622 167 228 558 171 153 239 347 547 621 214 1036
8 603 198 199 170 542 13 28 196 612 614 576 27 156 163 164 35 636 572 151
860 896 831 776 918 887 764 825 930 798 758 757 886 823 858 849 788 879 926 800
170 631 530 650 180 635 189 620 227 208 194 610 29 654 535 192 27 594 213 567
944 978 911 946 987 971 47 907 1069 1026 94 93 952 1042 1018 936 73 99 107 969
65 79 928 1056 56 143 135 906 914 989 1065 1049 949 975 64 1013 965 981 1031 1037
140 1065 77 112 963 946 48 1016 64 941 198 114 145 950 933 916 42 1055 190 1060
65 931 1051 924 80 958 97 901 1014 45 959 1011 1071 940 50 962 1018 1029 950 1019
187 624 219 585 225 169 632 542 634 621 194 635 567 28 196 346 192 557 224 535
148 208 351 347 1051 1056 156 57 184 242 36 19 510 1054 1067 1058 25 912 349 172
154 1071 125 914 206 222 31 945 1014 971 926 920 1036 0 966 209 218 912 185 203
403 419 423 378 452 526 520 477 417 354 382 368 438 510 424 512 372 514 399 525
115 975 1035 1048 1064 979 1057 1060 924 1030 66 79 1056 935 1021 987 964 121 922 73
59 1018 972 54 929 1003 84 1050 58 959 948 109 36 1053 917 1040 963 122 112 146
20 174 522 191 608 513 216 215 226 27 1072 40 517 220 202 559 203 185 175 1055
985 1040 992 928 59 207 49 1014 21 38 945 1054 8 55 81 909 246 1061 908 1041
315 325 275 278 348 343 308 271 292 242 219 260 332 283 263 304 265 266 258 295
782 793 822 840 770 888 845 843 873 925 930 818 926 830 751 748 846 828 907 792
7 143 31 198 1071 162 186 565 1024 1034 10 184 559 185 605 150 1052 554 62 600
961 1015 999 1003 60 972 110 1007 133 1024 952 917 996 981 986 58 985 932 108 94
25 181 198 356 1036 1039 344 20 16 194 224 215 153 1023 633 499 207 27 625 601
41 909 10 133 1049 1032 987 910 39 756 787 763 6 65 898 771 897 776 1012 124
14 1070 1048 915 221 967 18 1006 992 134 209 619 127 946 78 959 114 188 986 143
60 1070 1066 935 56 220 1059 933 34 1039 209 112 14 929 961 22 1024 40 82 212
29 40 15 149 1060 46 1044 916 17 13 167 1020 925 998 192 175 122 926 1001 133
905 1036 237 804 803 1016 836 799 910 874 134 761 156 951 786 18 915 190 26 795
208 242 511 322 326 329 171 1040 213 258 265 254 224 234 185 335 161 173 228 147
60 983 944 956 85 113 906 127 941 45 954 47 44 104 924 38 1029 65 1026 141
25 183 1063 630 174 201 225 217 37 608 26 1048 1072 15 352 344 1039 548 356 523
238 246 233 215 1050 259 272 260 342 192 227 273 201 1036 250 194 262 350 211 204
966 997 60 88 948 1014 1033 1063 963 1010 1061 58 128 935 62 85 1024 929 913 950
129 1000 1045 93 995 966 1032 79 1059 962 1056 141 986 939 111 1043 997 967 133 772
789 900 881 877 800 839 764 932 758 888 892 843 879 878 821 822 867 825 916 775
34 935 926 1012 124 914 1028 932 9 1054 8 79 104 978 97 177 194 72 934 52
1021 1045 82 953 931 88 128 144 84 921 964 985 1042 90 127 120 65 113 1032 112
1022 1063 956 48 954 1023 1018 997 947 1038 967 911 113 973 103 1048 140 938 125 1021
140 166 1044 1068 149 61 1062 622 566 1069 115 923 156 1060 221 196 117 73 1023 934
590 619 647 174 190 586 580 596 19 541 11 14 625 638 632 201 569 568 651 589
122 948 987 55 909 947 1011 1004 1029 73 931 1054 1048 81 964 142 969 1066 129 60
172 513 374 485 176 375 475 479 190 212 4 365 602 476 23 389 417 505 503 537
544 598 563 585 603 516 542 540 588 614 595 521 166 512 499 594 623 574 580 605
504 553 530 594 387 484 473 2 540 578 605 599 588 542 349 182 519 24 596 166
804 904 1031 923 921 777 786 902 797 897 866 58 935 932 851 757 784 887 895 763
190 207 178 13 335 15 359 184 532 524 605 348 611 615 25 217 561 569 545 555
822 891 894 910 899 834 833 825 821 773 898 867 827 776 817 887 791 854 836 925
363 396 387 417 517 482 486 333 461 382 514 491 350 422 419 499 425 522 233 386
85 1014 64 975 1020 994 949 34 65 111 128 120 1043 1026 951 132 969 41 958 930
918 1017 111 900 42 907 969 1068 970 882 68 932 793 902 926 1014 28 953 1020 981
366 401 349 411 371 462 345 489 415 525 491 235 216 354 340 492 341 419 378 336
177 205 535 635 529 336 362 142 156 601 243 604 537 532 182 180 179 619 234 571
589 599 537 542 172 624 583 175 8 572 550 574 1 544 610 552 616 557 561 576
64 1029 15 906 121 89 75 1024 901 1045 1011 95 30 1073 124 911 109 69 73 1023
648 656 646 627 659 621 666 671 649 687 657 635 685 669 674 631 642 618 662 673
195 1066 129 1041 0 119 121 1000 34 78 21 60 8 937 147 57 514 19 220 69
184 504 388 493 506 627 30 164 15 547 365 602 571 515 508 549 199 197 529 426
930 964 61 91 932 66 918 1025 1033 912 128 908 954 897 40 87 914 1066 81 1052
405 524 467 372 193 392 457 436 382 407 504 359 168 358 401 446 417 374 185 397
32 134 1021 36 112 164 1008 21 152 972 35 777 935 96 1052 993 188 1056 917 130
166 617 214 161 584 546 588 632 160 9 8 213 205 180 561 155 222 592 0 579
448 485 472 401 457 437 456 440 473 423 524 407 528 390 364 396 442 441 358 450
8 189 159 339 608 33 225 529 195 10 507 550 218 1042 1070 563 353 341 196 618
518 548 190 481 613 473 559 14 173 520 356 496 574 382 379 589 491 474 544 361
375 470 446 494 475 521 419 351 496 222 370 482 417 487 473 471 442 382 443 398
501 512 212 211 528 202 521 493 482 409 492 563 545 515 566 177 516 182 213 419
49 1004 951 1051 103 963 134 921 51 127 74 948 63 27 24 993 913 1007 994 1013
213 338 354 1042 232 319 505 1071 168 349 347 246 503 258 339 154 351 229 146 210
947 1031 987 994 150 93 1035 21 97 106 973 1057 119 144 914 109 1011 65 209 1051
929 980 1035 137 89 1050 924 919 1002 1056 994 895 44 971 928 1016 918 1027 1026 981
58 74 1051 108 984 143 1062 915 132 934 106 1036 57 920 912 49 1070 149 51 1000
22 566 134 1045 183 1070 556 613 528 567 1056 612 619 6 574 1033 550 143 1042 610
939 990 104 117 1023 906 1008 1050 931 75 78 55 71 130 51 1059 1032 913 1048 80
150 1057 187 948 57 1065 2 115 950 125 12 77 1043 1012 209 212 180 146 111 13
743 750 725 756 713 716 752 726 719 715 732 740 792 761 757 741 722 785 731 736
634 663 611 173 643 602 640 698 661 672 695 615 631 617 657 667 644 652 658 690
801 878 865 818 756 897 755 794 766 791 903 883 789 805 842 825 795 815 848 907
385 501 175 360 411 482 212 469 532 194 384 518 185 467 189 487 511 550 205 484
50 103 926 991 984 963 960 939 122 23 929 47 942 140 154 36 129 982 910 69
995 1054 939 1036 963 1064 986 1016 911 43 924 141 75 989 926 76 1009 915 112 113
639 661 627 629 652 610 663 689 607 688 647 650 613 695 681 659 179 682 678 655
193 558 362 346 617 355 190 18 158 204 551 341 586 604 526 10 177 22 1039 340
214 1068 940 989 20 932 910 246 1039 162 510 147 343 1005 116 996 25 114 1032 946
21 42 968 1037 16 195 561 187 171 124 557 64 174 917 1005 550 119 52 58 134
20 1043 114 619 1020 251 184 43 1069 243 995 183 68 610 1061 41 621 1033 1028 134
367 431 513 411 224 383 341 232 406 392 387 378 377 501 520 351 476 340 418 408
44 1028 56 98 984 1065 100 1064 948 1048 34 925 107 968 941 28 124 61 997 99
61 82 44 107 1056 1006 929 111 105 1036 932 987 91 937 905 951 137 983 978 39
953 1069 124 154 112 1052 116 1010 1012 14 974 918 19 147 959 916 993 998 941 1034
15 137 620 567 179 921 162 918 50 614 616 64 194 120 609 1053 155 69 1059 129
803 908 782 913 1068 865 44 822 786 859 1056 149 1072 945 820 934 119 815 880 924
58 940 1043 961 1059 137 935 111 1013 997 1007 1056 1000 131 99 926 921 94 1016 970
186 523 160 362 352 540 552 606 573 505 479 191 525 192 372 368 35 347 484 12
689 700 728 738 658 735 702 662 665 724 717 710 664 715 659 698 720 721 677 716
193 216 526 20 27 527 166 232 329 376 375 620 566 190 1067 238 247 203 534 525
162 180 1 338 149 533 519 340 343 221 187 507 511 148 538 346 34 634 625 154
441 492 405 419 531 424 477 487 471 365 346 408 374 415 418 522 371 474 348 518
912 1018 117 959 880 883 997 78 932 756 39 31 974 971 93 1019 783 798 142 1038
173 202 569 8 242 255 337 563 565 541 553 494 548 196 171 247 349 523 571 190
516 560 368 532 538 375 494 216 411 485 542 395 364 573 4 569 576 567 169 385
380 524 397 554 478 195 537 189 570 566 542 503 513 223 546 226 415 176 374 167
179 610 15 613 25 503 355 3 585 573 180 542 231 555 157 625 196 16 599 526
274 304 270 272 329 308 264 284 265 330 253 313 267 255 286 301 293 318 327 269
928 1011 785 1054 102 1072 78 921 31 945 1039 981 92 1016 64 970 935 51 121 932
929 971 112 990 1022 33 895 969 996 92 101 898 903 998 56 141 144 1050 1002 120
37 1010 951 979 984 954 1039 963 1046 86 1033 946 978 1052 1043 989 101 1013 116 1008
246 263 1034 205 327 230 261 240 279 272 250 1051 220 297 307 221 294 1052 236 283
123 133 1023 55 960 1038 145 911 1066 107 984 1020 109 68 957 114 934 139 777 1062
424 490 454 405 429 522 395 474 470 396 441 354 487 447 495 434 498 439 461 515
187 531 179 231 501 629 230 567 33 339 528 345 539 167 350 196 202 608 575 217
124 923 76 1059 915 121 31 963 1056 949 1037 91 140 114 900 1063 903 100 136 886
93 986 59 993 51 911 1009 1037 961 1053 78 112 72 1030 942 85 965 91 127 1012
145 1068 51 960 1039 203 1029 1005 919 206 127 2 968 942 66 159 1063 977 1036 1025
181 513 521 154 14 146 162 225 603 147 599 156 373 143 6 179 362 343 600 534
173 539 148 349 207 177 570 575 228 6 31 615 141 509 144 579 7 163 210 214
