796 835 927 821 854 784 890 844 905 776 748 807 944 887 977 839 869 964 895 825
268 284 152 369 164 139 344 161 521 378 1399 506 525 1392 329 1348 511 363 292 346
483 603 488 540 542 513 352 602 539 655 512 628 525 605 486 547 443 634 425 477
106 213 1377 334 246 174 78 1395 139 308 243 190 220 165 152 349 232 1422 175 178
655 706 697 718 627 729 621 740 691 698 676 732 653 680 613 645 657 733 710 681
142 512 427 316 185 118 147 278 381 184 260 387 151 1353 1360 336 572 445 100 351
1201 1288 1238 1223 1255 1272 1158 1259 1282 1308 1341 1263 1183 1166 1278 1338 1304 1229 1247 1240
507 569 444 496 266 452 514 256 363 132 136 322 546 1389 425 365 360 129 180 443
1298 1318 1321 1268 1337 1349 1269 1343 1325 1285 1315 1323 1280 1333 1300 1273 1334 1330 1319 1271
424 1386 392 491 366 1409 190 414 546 558 1361 529 222 1401 283 1368 284 434 94 542
1047 1154 1156 1190 1026 1165 1148 1159 1140 1116 1143 1128 1197 1117 1025 1068 1050 1171 1170 1044
270 317 347 372 522 273 1356 508 375 502 138 146 229 362 517 280 293 364 298 1412
1 84 15 88 1409 26 5 1397 1400 67 1418 100 1426 1410 77 20 191 231 174 13
322 343 259 299 460 529 545 358 434 255 234 574 241 497 569 369 170 561 353 183
851 933 954 950 909 823 816 902 813 922 906 956 985 771 889 913 935 953 848 804
130 496 580 457 554 371 233 124 491 454 171 485 270 397 320 490 220 484 294 1366
218 1424 190 1389 243 72 338 345 113 206 102 238 110 1406 75 196 77 1396 115 80
89 225 204 1434 202 1383 119 184 213 121 1368 318 233 454 1386 330 103 61 201 136
326 496 563 369 140 516 164 298 504 382 157 1350 260 348 359 591 175 286 454 290
461 525 559 472 457 310 249 157 388 385 628 297 466 434 141 1400 555 605 122 496
484 549 577 566 360 1387 486 371 359 562 516 554 407 497 410 428 482 1376 366 596
368 395 448 326 491 543 567 541 559 419 498 1385 442 269 438 370 398 426 346 526
853 990 852 770 996 786 826 753 942 1029 905 876 881 841 978 1046 833 1012 972 752
843 895 981 910 891 798 898 989 854 863 929 984 876 951 835 877 919 879 836 931
636 654 660 615 659 655 727 739 679 714 638 726 703 480 687 657 607 743 618 736
401 531 430 480 475 367 462 376 184 380 504 440 447 348 522 351 391 481 384 407
853 998 993 877 937 868 753 882 857 899 862 958 1028 966 744 955 834 850 849 796
168 346 198 246 323 124 251 489 105 210 554 1356 118 112 102 308 1410 545 216 297
359 1364 1353 306 260 289 120 1375 1399 286 241 1374 227 244 1347 1363 487 167 535 1391
183 354 1354 532 318 1362 363 369 338 527 1424 73 293 321 441 294 215 105 155 1415
145 256 130 498 360 362 175 552 171 305 108 290 266 321 173 267 310 324 549 151
260 1409 1401 546 384 375 511 195 262 523 151 1434 378 91 526 246 503 79 343 364
889 989 801 807 754 831 771 896 1016 937 893 888 921 862 885 851 951 905 758 791
208 233 1413 144 199 116 88 497 194 498 329 345 204 145 239 244 86 347 449 71
791 996 967 959 830 777 1012 846 747 763 920 762 799 851 968 873 802 818 856 893
457 596 475 516 557 431 1401 438 532 1383 184 492 538 599 1402 605 338 499 598 505
1158 1179 1095 1058 1268 1214 1048 1064 1123 1189 1191 1046 1045 1141 1051 1126 1086 1202 1198 1116
1362 1401 80 534 92 178 540 147 525 102 1372 347 176 336 1428 1366 360 266 1429 365
791 863 779 746 884 751 999 1002 810 933 790 747 977 934 835 985 754 752 941 908
191 244 487 94 113 101 265 310 364 264 525 1360 231 160 228 249 325 150 322 1419
441 1393 450 346 390 507 433 197 1380 151 90 473 216 480 284 541 457 342 510 1353
354 448 177 280 159 300 145 261 192 226 554 292 1366 269 318 163 336 484 229 110
127 325 99 162 305 504 240 116 266 194 1349 223 314 259 262 342 193 378 187 361
302 367 524 311 286 484 253 282 340 423 561 290 557 250 120 391 383 248 1373 160
759 947 1004 952 1005 799 794 746 981 815 843 989 847 814 745 735 777 983 821 846
462 493 535 438 368 514 308 1396 335 152 634 121 517 516 581 531 485 1394 322 344
253 271 231 228 537 441 514 1399 494 1346 561 132 337 296 186 539 501 112 102 137
413 1372 386 1404 1388 499 528 1340 514 1385 426 364 538 1408 490 444 373 183 410 110
453 1402 348 309 555 499 530 514 536 1364 90 478 1383 1425 481 544 186 363 429 201
170 318 264 191 515 135 504 1370 351 102 350 207 1415 171 245 280 531 248 111 218
589 610 504 607 499 553 657 552 556 655 540 532 631 585 493 515 464 571 491 455
222 242 532 80 1356 162 455 251 344 259 305 100 181 220 316 355 112 202 184 256
769 1012 931 1071 999 734 850 943 960 741 937 837 940 746 957 815 838 736 949 832
325 1405 542 147 116 105 1387 1393 95 236 441 276 1368 1422 222 332 84 107 130 374
129 537 300 522 252 224 316 469 412 523 371 329 90 377 401 1356 322 360 259 1384
795 856 919 873 850 893 800 908 872 989 764 925 818 830 915 929 927 804 1004 838
93 1378 178 202 217 548 502 189 497 1379 115 1400 191 447 407 65 521 99 1359 216
281 327 222 1395 522 138 219 220 1360 1353 1407 133 550 1392 110 123 303 302 239 1393
375 498 457 510 159 427 389 491 313 380 162 170 378 550 240 124 425 1389 416 245
141 1350 286 1387 287 500 142 293 528 1347 253 116 285 513 1328 1310 272 249 1406 102
847 963 931 800 965 810 867 974 952 877 996 757 976 811 927 903 768 817 808 1005
364 454 196 136 582 519 264 231 317 183 293 450 397 319 132 323 278 139 389 263
1288 1317 1260 1259 1274 1350 1210 1321 1201 1299 1258 1308 1304 1332 1293 1277 1294 1320 1285 1284
168 353 384 227 372 551 296 255 205 495 122 145 347 1405 184 113 1347 272 373 553
772 955 946 974 1004 756 950 739 785 749 758 843 966 971 799 865 954 800 771 793
524 1399 270 1398 1356 1367 573 412 388 510 1391 215 533 458 1363 476 1410 329 153 450
314 337 232 1353 280 130 113 152 279 109 370 1417 495 147 276 549 542 550 372 490
336 1363 517 151 519 346 516 202 195 502 374 564 1366 1395 150 1397 213 290 398 317
785 955 855 1008 1004 977 828 1001 809 842 841 1011 835 952 783 1006 929 806 967 859
157 374 148 497 420 127 419 314 1351 540 509 1355 1373 533 276 1368 446 423 434 297
1023 1070 1082 1098 987 1130 1022 1067 1146 1153 976 779 988 1020 972 986 979 973 1111 970
258 285 156 235 256 120 322 171 282 1391 1358 162 266 298 236 1359 538 145 305 379
97 1383 461 1356 121 404 405 117 365 212 369 218 1358 1394 1354 520 115 384 203 553
426 524 594 139 492 256 274 569 342 304 405 1398 345 536 239 461 146 574 360 262
344 527 415 283 399 260 570 147 156 423 1372 126 360 553 135 145 448 549 178 396
130 237 197 86 254 456 327 173 342 143 527 257 261 266 1354 243 494 196 105 307
1208 1228 1291 1187 1292 1229 1282 1235 1234 1247 1184 1232 1284 1265 1233 1273 1200 1262 1230 1227
151 247 505 215 546 1348 520 373 370 442 210 343 345 217 450 1362 360 1403 321 558
141 335 139 372 1410 560 150 180 543 256 514 124 321 323 106 488 1355 486 571 547
312 1356 331 258 1412 492 517 1407 161 251 1344 368 264 348 165 177 344 130 359 289
674 706 708 688 654 667 703 709 695 673 636 663 710 732 643 665 719 723 725 647
308 1414 1355 368 248 343 129 130 380 237 310 335 527 312 128 1376 244 518 314 353
346 548 529 341 429 143 1354 1374 1384 358 475 166 224 571 449 587 377 426 1408 254
470 525 623 531 486 309 441 317 562 339 563 329 540 459 128 523 375 360 479 598
656 698 603 707 678 657 623 729 618 682 608 712 650 708 718 688 724 685 694 632
128 1416 320 327 228 540 105 110 112 497 91 127 509 1413 512 192 134 304 118 243
1106 1130 1054 1125 1043 1113 1081 1150 1119 1114 1088 1094 1053 1174 1143 1063 1066 1093 1087 1131
167 181 195 448 341 1405 140 221 186 344 104 309 91 96 350 340 87 77 1377 204
728 748 696 718 754 639 745 648 770 794 660 741 627 730 726 994 733 800 1003 701
232 1425 230 449 160 126 83 237 162 553 90 218 1403 142 127 1426 1420 308 325 314
421 491 420 303 586 517 441 333 120 384 506 484 350 366 424 600 464 229 575 590
834 861 950 1002 989 897 875 932 930 953 786 948 856 919 974 907 923 791 882 869
610 649 577 576 484 607 699 618 485 672 657 468 630 642 726 692 632 727 712 621
252 1408 1409 250 445 312 179 74 1433 321 355 271 158 225 333 493 110 80 272 356
185 1423 336 246 221 558 1380 194 187 66 1393 143 550 104 1366 170 334 101 118 155
442 1386 560 431 410 288 554 346 473 544 195 474 1365 557 394 1398 571 422 421 327
453 1401 481 370 564 584 346 503 579 442 462 93 509 198 96 80 1365 187 627 340
170 246 194 98 324 331 533 102 97 221 345 1354 180 316 247 89 328 1416 361 125
865 899 837 805 848 798 839 822 814 1003 802 775 789 897 827 791 911 928 900 886
1161 1194 1131 1057 1141 1282 1179 1078 1204 1221 1202 1273 1125 1068 1253 1135 1079 1150 1217 1252
462 552 608 544 636 375 195 403 482 479 377 398 547 413 557 334 537 512 506 200
780 817 929 942 862 988 984 1019 924 990 831 832 997 781 843 933 951 770 868 841
455 587 244 501 621 343 634 352 594 459 524 453 506 210 227 217 454 514 212 358
255 527 542 458 541 572 1384 230 387 1371 1374 294 502 391 121 466 159 495 370 344
123 339 213 244 328 366 312 375 1358 1409 162 238 486 460 154 1346 374 551 504 373
349 457 559 430 476 449 1384 598 140 352 491 460 619 555 252 250 538 168 609 358
1162 1173 1133 1185 1067 1071 1127 1050 1131 1094 1069 1124 1056 1072 1155 1091 1151 1126 1120 1062
1010 1060 1123 1088 1080 1023 1158 1100 1121 1082 746 1024 776 1095 965 1104 771 1148 779 1116
1211 1264 1188 1294 1215 1244 1268 1265 1302 1251 1303 1312 1269 1263 1257 1282 1202 1207 1267 1298
453 611 235 178 609 531 596 232 660 354 661 552 600 1381 1387 181 605 563 195 219
446 1376 205 1406 1377 382 393 427 444 227 431 178 518 389 505 234 1392 439 201 351
531 1377 236 1406 187 494 553 218 462 131 424 175 535 323 221 327 244 214 1370 1399
1175 1210 1174 1192 1200 1261 1243 1264 1233 1255 1159 1134 1284 1206 1242 1282 1163 1194 1247 1183
520 583 600 419 1366 242 128 598 153 319 1373 632 393 174 629 347 390 328 633 1378
12 35 6 29 64 49 3 11 56 42 54 10 65 52 39 60 4 70 53 63
363 1394 394 81 301 287 352 307 490 100 544 1416 1392 1395 511 286 437 1364 525 123
0 68 89 92 203 35 1418 2 52 26 20 195 96 11 25 1405 57 18 1424 207
445 519 232 124 407 379 429 388 514 572 575 1390 234 564 1393 513 241 509 375 526
127 190 197 553 1382 228 571 352 134 176 1401 83 527 98 570 1392 332 1426 80 321
476 624 442 625 653 684 682 567 594 493 631 591 643 614 688 540 588 649 560 430
217 1422 74 72 84 329 244 94 1385 1409 88 184 1416 82 243 321 213 1383 204 176
307 500 146 109 187 168 280 1396 140 572 174 129 333 232 114 1380 266 1401 566 1405
121 306 313 289 363 237 180 103 266 275 1368 295 538 222 1412 304 279 280 308 508
277 520 447 1385 405 241 233 1345 464 1389 582 1388 1393 163 407 586 297 110 170 554
628 732 710 640 760 601 703 666 586 638 660 700 735 730 480 657 752 744 729 675
108 137 205 254 332 140 1422 217 356 337 89 1358 501 320 143 367 1409 530 1406 227
413 1371 495 218 541 430 520 502 424 1357 1347 1346 420 1402 1354 494 398 230 233 1344
841 962 926 914 965 985 894 884 915 883 822 958 992 831 970 794 879 920 907 787
307 494 145 323 462 474 1391 149 109 496 392 168 248 532 576 1383 304 394 597 332
267 1406 367 1427 370 1374 295 159 358 196 385 201 505 186 499 276 79 378 522 68
1257 1266 1207 1205 1291 1238 1214 1305 1211 1180 1314 1277 1312 1213 1251 1184 1288 1232 1306 1276
334 449 194 240 120 537 210 190 498 599 221 496 266 335 1364 148 122 145 364 620
384 1389 1408 223 388 1359 90 437 349 372 207 1420 1403 455 545 1378 1393 434 1366 537
533 1379 1399 241 268 385 485 115 1346 483 1349 577 300 478 539 234 587 1401 463 345
1214 1229 1249 1185 1205 1207 1248 1188 1231 1274 1197 1195 1210 1247 1241 1284 1203 1273 1240 1183
540 583 526 518 423 1375 384 367 338 620 461 352 511 414 233 1394 628 555 556 323
251 309 227 1346 1404 1358 299 118 1362 550 1408 218 187 526 224 247 362 296 130 123
782 849 994 872 942 840 852 920 962 861 743 990 885 909 969 856 878 807 1010 977
640 692 690 685 608 466 670 660 710 644 657 607 591 741 463 700 733 693 594 656
637 663 645 719 589 622 715 707 638 483 621 639 587 599 642 686 615 735 666 635
530 572 426 423 316 533 543 460 1394 128 411 417 573 1376 1379 535 603 568 425 186
763 975 765 858 742 957 1012 760 762 986 728 774 855 930 1003 1002 745 833 979 1016
240 489 99 95 146 127 561 316 242 193 1383 1394 1422 428 166 179 194 98 307 588
652 679 726 605 677 666 617 673 725 619 651 700 611 642 624 714 647 684 731 710
552 584 539 585 616 541 538 568 629 504 609 373 598 608 518 256 309 247 511 592
772 1009 843 760 809 962 1007 938 766 978 942 751 1005 1040 742 1061 812 754 748 1003
1084 1158 1196 1174 1060 1096 1041 1049 1135 1090 1077 1187 1160 1039 1102 1103 1179 1170 1106 1133
212 347 496 97 1423 150 1383 1365 548 227 487 219 197 240 1407 309 253 222 278 1389
710 734 771 698 706 630 689 766 679 657 746 636 640 740 718 665 635 768 663 674
1296 1323 1283 1265 1319 1341 1281 1352 1287 1253 1298 1259 1291 1349 1326 1345 1320 1356 1346 1293
