2695 2737 2730 2819 2836 2691 2654 2773 2671 2710 2750 2818 2820 2756 2832 2830 2784 2855 2824 2661
1027 2133 2221 2139 2086 1048 899 1028 940 2186 2111 2161 945 885 893 2226 1037 2159 2134 951
1102 1864 1844 1109 1088 1820 2236 1127 1821 1140 1114 1068 1116 2196 1876 1098 2225 1859 1881 2223
2268 2281 2278 2254 2294 2298 2273 2284 2282 2286 2256 2296 2291 2290 2285 2274 2276 2257 2270 2287
1962 1988 1992 1995 2057 1923 2358 2010 2359 2029 1932 2020 2045 2000 2042 2373 2341 2364 1951 2345
400 516 625 444 413 669 655 575 477 371 403 440 410 501 649 663 467 564 537 598
389 520 354 469 606 331 542 322 306 486 595 327 419 427 480 445 515 652 356 674
1992 2355 1991 1955 2014 1943 2008 1997 2385 1980 1986 2404 2020 2352 1973 1950 2379 1936 2346 1965
2793 2880 2708 2756 2830 2784 2863 2716 2918 2820 2733 2771 2794 2839 2860 2725 2905 2872 2923 2892
2025 2037 1956 2008 2074 2090 2038 2089 1996 1925 2040 1921 2059 2087 2341 2347 1952 2010 1931 2069
395 427 650 448 686 383 364 366 682 608 631 481 331 651 520 380 447 434 519 630
698 2181 828 2213 1022 735 869 841 727 773 644 902 926 2217 970 2221 2132 1064 2208 693
1565 1607 1563 1627 1600 1623 1483 1536 1530 1473 1541 1181 1581 1196 1609 1576 1174 1544 1496 1601
1893 2213 2231 1041 1063 1868 1883 2159 1899 2155 2212 890 945 1047 2148 922 2220 2234 1878 970
109 173 78 104 186 216 221 220 127 205 92 188 219 170 64 206 134 133 76 74
2014 2335 2022 1942 1954 1939 2068 1990 1934 2340 2332 1932 1995 1945 2350 2363 2326 2024 1996 2349
2683 2691 2645 2692 2656 2714 2677 2729 2670 2697 2711 2653 2676 2718 2706 2720 2733 2668 2684 2660
2733 2763 2827 2734 2750 2726 2761 2826 2790 2743 2867 2834 2723 2810 2697 2845 2811 2850 2887 2715
1942 2020 2038 2066 2083 1911 1992 1970 1948 1912 1985 2058 2017 2044 1935 1956 2008 1991 1934 1945
729 875 833 947 803 687 767 769 707 831 790 708 2180 941 730 811 776 749 807 788
2215 2238 2109 2248 1903 904 1033 2135 901 1892 1845 2139 1882 2177 893 2094 1887 1857 2250 940
2411 2466 2454 2478 2463 2375 2414 2488 2383 2360 2420 2477 2372 2368 2490 2417 2398 2502 2487 2449
2519 2533 2491 2524 2498 2526 2538 2561 2521 2548 2525 2527 2517 2551 2566 2493 2502 2552 2503 2505
460 487 387 450 337 336 522 588 622 604 488 559 329 438 506 334 510 434 638 393
2016 2059 2051 1992 1945 2348 1936 2066 2083 2007 2005 1977 2019 2028 2074 2333 2025 1947 2036 2087
29 212 33 299 108 233 10 8 53 17 185 177 83 49 101 55 68 270 114 225
1245 1269 1314 1270 1262 1237 1299 1275 1247 1251 1255 1217 1311 1291 1243 1250 1303 1253 1307 1216
395 479 641 480 435 614 373 459 516 585 419 512 415 624 412 615 678 323 651 490
819 861 733 729 956 743 877 693 939 748 902 813 750 928 770 806 798 744 823 836
254 312 274 75 396 31 334 328 199 29 393 319 352 242 80 69 283 78 401 359
422 528 348 433 454 527 501 633 332 623 599 651 366 621 355 522 416 341 468 466
1768 1788 1754 1757 1802 1741 1797 1772 1807 1759 1804 1769 1740 1782 1749 1792 1798 1739 1796 1775
2518 2547 2490 2509 2503 2572 2528 2589 2588 2584 2497 2549 2556 2513 2568 2504 2515 2586 2552 2590
893 2221 910 2204 2120 2181 1854 851 1039 1075 947 915 1870 859 908 2226 2149 823 2235 2091
1937 2346 1951 2361 2363 2345 1936 1947 1974 1958 2007 2042 1999 2362 2012 1935 2014 2006 1908 2018
2559 2606 2541 2645 2568 2522 2602 2520 2565 2604 2591 2564 2605 2561 2590 2535 2619 2597 2631 2552
1383 1399 1330 1428 1404 1361 1341 1354 1371 1416 1363 1409 1313 1427 1386 1351 1413 1308 1405 1423
472 588 520 432 477 522 384 401 365 415 542 486 524 561 582 461 598 497 475 480
92 247 22 307 72 65 183 173 104 105 134 317 231 240 93 13 18 196 62 202
310 405 36 377 236 454 638 430 333 640 12 666 597 646 620 650 463 462 608 294
2104 2243 1917 889 946 2080 2223 2138 2114 1034 906 2107 2139 2154 2202 945 1894 2166 1910 1853
711 828 847 777 691 834 881 852 827 648 725 869 858 2169 789 918 677 801 747 804
1891 2250 1847 2220 1874 1902 2248 1860 1876 2242 2210 2197 1889 2203 2204 1867 1866 1837 1910 2249
319 623 587 253 0 358 317 414 539 249 252 492 269 520 680 659 370 284 298 410
27 44 42 21 214 249 313 261 28 61 60 236 274 219 222 7 273 95 75 9
333 621 656 439 606 385 524 389 509 0 273 695 271 527 263 519 593 382 622 591
441 605 388 489 434 636 683 344 682 635 585 390 614 681 546 503 523 579 684 486
1065 2182 1085 1117 910 1066 2184 2210 2192 2118 1099 2137 2219 936 2150 2207 2145 699 945 906
2136 2231 2121 2138 931 1076 2189 2117 916 1019 2146 954 2156 2204 2094 945 2171 2095 1878 1880
389 435 661 464 608 391 534 344 372 667 473 603 338 538 426 370 542 516 427 596
2399 2407 2381 2415 2357 2477 2409 2445 2410 2428 2355 2449 2423 2483 2362 2431 2419 2452 2378 2398
941 2226 1064 1020 2191 1029 1913 1876 2130 2117 1058 2112 920 2245 2179 1066 1077 1914 1063 2134
432 600 680 393 504 633 562 466 502 641 669 511 569 351 460 417 598 509 354 580
2536 2562 2516 2560 2569 2539 2612 2551 2568 2623 2621 2587 2531 2541 2535 2599 2540 2608 2498 2545
507 655 537 474 396 604 431 671 553 428 623 435 402 434 330 538 338 490 699 580
1486 1537 1543 1504 1540 1469 1483 1524 1577 1549 1574 1544 1547 1517 1503 1553 1482 1454 1561 1515
2730 2787 2732 2849 2890 2708 2822 2699 2802 2729 2702 2837 2847 2804 2899 2746 2744 2828 2884 2796
433 681 628 627 366 701 478 659 546 691 732 492 673 457 665 654 692 484 655 712
768 792 742 844 763 843 875 813 836 795 786 853 762 832 823 2167 827 761 857 2173
65 109 194 123 276 38 207 99 105 272 264 13 227 262 235 261 30 124 175 29
1736 1747 1742 1667 1781 1725 1713 1675 1716 1798 1744 1766 1679 1782 1795 1812 1756 1678 1762 1670
62 81 256 245 254 251 28 248 1 22 35 290 78 240 63 192 262 223 87 202
2784 2916 2717 2855 2885 2821 2873 2723 2710 2886 2782 2804 2867 2788 2921 2746 2781 2730 2874 2842
2689 2695 2660 2700 2715 2733 2679 2708 2680 2745 2673 2746 2723 2711 2685 2662 2650 2671 2670 2684
834 877 738 809 875 734 694 842 2160 2169 887 905 856 917 855 838 854 938 740 812
1021 2236 1880 2095 2098 974 946 2202 1872 1918 2114 1013 1077 911 883 2250 2121 2108 967 1055
404 488 504 456 396 680 348 605 545 376 317 307 482 352 602 390 368 441 565 539
905 2207 1038 1874 2162 2236 1046 1047 1895 1870 1878 1071 910 2090 2191 834 2165 1872 1021 1040
20 247 342 300 33 311 42 272 307 255 95 287 75 282 315 301 18 292 274 257
1750 1788 1807 1734 1656 1773 1744 1783 1742 1787 1768 1808 1752 1770 1762 1737 1764 1791 1766 1755
1320 1353 1322 1326 1356 1381 1377 1390 1300 1379 1392 1313 1324 1361 1293 1329 1290 1337 1347 1344
1310 1321 1390 1382 1324 1345 1344 1342 1362 1334 1228 1381 1276 1337 1290 1293 1372 1253 1389 1246
896 2205 2139 952 2124 839 1887 864 1858 819 2170 1070 2229 957 946 887 1072 2147 1031 1052
689 726 762 676 759 856 419 808 918 804 742 771 417 859 700 647 875 814 2181 813
964 2234 1064 891 2104 2184 2113 1047 885 1864 2163 1876 1071 949 1080 1904 1043 2198 2168 2138
443 494 601 372 377 375 368 506 633 627 507 503 497 412 360 628 657 655 617 582
2790 2905 2767 2791 2919 2862 2705 2765 2798 2713 2744 2721 2904 2710 2865 2900 2789 2893 2715 2748
1066 1115 2229 1091 1044 1080 1107 2238 1089 2204 1105 2234 1090 1061 2215 2182 2233 1124 2207 1852
2750 2920 2882 2773 2918 2898 2787 2725 2778 2870 2754 2849 2895 2789 2809 2795 2888 2906 2914 2786
1036 2182 915 1059 2147 1053 1068 875 874 943 1067 2213 778 887 1028 1020 886 2129 937 2231
1966 2338 1941 2007 2031 2345 2372 2333 2001 1944 2019 2320 1993 2037 2343 2335 1952 2000 1980 2375
2057 2089 2132 2084 2117 2231 2128 2217 2024 1959 2234 2058 1955 2061 2046 2097 2112 2224 2210 2225
1300 1329 1258 1345 1402 1240 1281 1326 1371 1261 1361 1392 1294 1295 1228 1349 1308 1236 1369 1254
2140 2189 875 971 2182 2146 909 1875 904 890 2217 1073 2114 956 2130 2234 2143 880 2197 2181
1956 2344 2325 2054 1996 1951 1944 2052 2025 2022 1998 2046 2003 2053 2056 1982 1938 1935 1942 1934
2319 2341 1970 1961 2357 1966 2359 2300 1992 2322 2032 2037 2338 1965 2009 2350 2000 2034 2326 1993
764 794 823 873 860 864 2171 756 854 2173 716 2179 833 770 795 875 751 782 721 758
888 2189 860 881 1868 959 943 2200 2180 1872 832 2120 2188 895 864 1065 2196 968 940 2237
902 2193 1018 1032 2165 919 1068 876 2134 955 888 2163 1069 864 2228 2234 926 1056 948 2214
26 321 617 70 396 249 225 55 368 340 367 628 654 250 13 646 398 311 17 62
2144 2211 2151 2103 2207 2234 886 1042 943 961 2093 2109 1048 2195 1865 2121 2169 1897 905 1849
1027 2170 940 778 2177 2148 915 931 2152 2134 2228 2188 2185 793 2140 2194 2234 1016 1033 2225
860 940 2162 705 2157 733 699 861 862 887 2196 2146 1023 734 888 912 750 818 867 934
456 520 672 375 426 340 450 415 493 686 685 424 425 643 469 675 437 547 516 470
731 797 825 766 869 854 680 824 823 800 713 821 782 789 834 715 743 790 799 686
48 240 25 284 229 81 4 64 50 36 102 304 56 295 53 208 26 9 58 98
1409 1424 1370 1380 1420 1363 1371 1347 1418 1413 1375 1436 1447 1449 1458 1416 1381 1451 1434 1373
777 856 932 890 794 696 775 945 731 784 861 847 943 2170 805 799 806 709 858 930
1032 2156 1022 2161 877 2111 922 2134 2171 2195 2180 2184 2168 891 1058 2104 952 883 1886 2139
2800 2829 2730 2759 2797 2704 2803 2864 2718 2828 2822 2799 2881 2773 2883 2769 2724 2771 2736 2790
1180 1598 1615 1209 1572 1622 1597 1155 1621 1143 1157 1218 1642 1583 1202 1569 1186 1142 1587 1198
753 845 829 2167 879 871 825 739 898 726 781 923 800 731 894 896 848 856 801 889
841 890 805 808 2141 908 2145 2214 1037 846 754 760 2237 2174 2230 839 809 2229 799 939
870 949 751 742 2235 749 951 950 2238 1022 701 2140 832 697 1019 2166 929 883 2148 791
2258 2280 2252 2282 2295 2266 2263 2262 2253 2283 2294 2274 2275 2267 2260 2271 2288 2251 2259 2270
1956 1986 2046 2024 1935 1966 2007 2027 2028 1978 2011 1994 2367 2042 2363 2036 2368 2340 1988 2013
1226 1246 1302 1282 1264 1262 1216 1215 1259 1297 1214 1284 1213 1277 1243 1285 1255 1305 1230 1300
1654 1752 1769 1811 1766 1765 1809 1787 1722 1725 1645 1670 1647 1807 1659 1753 1744 1771 1774 1776
476 650 481 339 461 611 306 479 545 515 627 564 683 699 638 621 468 446 663 460
968 975 994 905 925 933 889 2212 2153 974 2174 1008 931 970 977 972 1018 887 2161 976
1703 1718 1716 1686 1668 1733 1672 1730 1688 1739 1815 1811 1693 1712 1804 1707 1714 1807 1814 1702
1923 2230 932 1927 2206 2164 1034 2028 2199 1899 1932 1934 919 2216 1045 2195 963 972 1885 935
1939 2014 1995 1933 1997 1919 2366 1951 1975 1940 1991 1943 2059 1922 2037 1960 2028 2342 2068 2344
2314 2319 2309 2329 2344 2297 2333 2331 2335 2340 2343 2330 2325 2303 2307 2321 2337 2308 2310 2320
910 2195 974 2181 1864 2205 2149 2211 1068 1885 2146 885 2115 2130 2207 852 1034 897 823 1054
1048 1058 2170 2208 1098 2154 2237 1065 2146 1103 1080 2191 1051 2232 1044 2227 2236 2235 2135 1106
380 515 504 457 620 461 558 312 456 329 601 441 453 619 655 316 600 505 665 535
1922 1944 2009 2238 2021 2234 2027 2020 2342 1940 2352 1924 2346 1989 1993 1963 1898 1895 1912 2222
499 563 488 449 566 502 500 629 516 422 485 451 427 381 478 600 599 547 576 642
2693 2724 2785 2669 2732 2655 2804 2677 2749 2716 2780 2769 2694 2774 2652 2664 2709 2746 2802 2656
1944 1953 1938 2059 1976 1931 2033 2047 1995 2354 1977 2021 2343 2335 2001 2012 2346 1999 1923 2032
336 650 656 606 672 407 275 634 14 314 518 645 697 526 444 273 425 353 618 329
2304 2317 2326 2284 2336 2298 2329 2303 2321 2338 2310 2327 2291 2295 2330 2289 2297 2288 2312 2300
817 885 756 2150 835 1031 723 915 906 2153 834 2231 778 881 2167 946 939 947 2219 749
944 966 963 2219 990 905 2242 2141 2226 2187 899 980 877 1024 1033 969 915 931 2183 2158
2574 2599 2591 2592 2578 2605 2535 2539 2569 2613 2634 2548 2530 2562 2545 2541 2602 2620 2640 2628
1939 1997 2360 2335 1925 1998 1910 2355 2345 1959 2341 1963 1989 2042 1956 1976 2013 2354 2010 2363
1699 1815 1719 1691 1704 1825 1836 1706 1817 1669 1827 1676 1700 1698 1715 1671 1655 1832 1824 1820
697 711 664 672 689 858 624 832 873 665 833 875 716 817 619 876 698 682 714 837
334 611 2 271 286 349 528 619 585 687 535 375 692 474 445 413 565 327 285 691
2126 2143 1044 918 2099 963 2203 1048 1046 2123 2173 2225 2189 884 1027 2232 2131 2104 2097 2116
2797 2829 2777 2837 2897 2758 2826 2795 2724 2842 2890 2782 2743 2702 2747 2824 2838 2891 2881 2825
919 2189 823 2210 2220 2175 2121 860 909 947 1051 970 961 2129 825 952 2168 897 821 2240
2107 2141 2222 2246 2093 1034 2178 2179 966 956 883 967 899 2118 881 1038 2167 1051 2128 957
235 298 244 250 17 227 646 59 88 40 22 623 58 336 635 285 196 85 223 343
28 271 263 291 69 2 17 40 318 76 64 213 316 284 337 290 205 321 202 245
1035 2203 967 943 2190 1052 2241 2124 2115 969 2194 2155 1075 2232 904 964 2136 2133 1866 886
953 1030 913 1036 861 2162 927 2169 2243 898 1019 929 2148 2196 2161 2220 2228 1040 858 868
22 280 308 49 301 245 38 228 220 21 55 283 56 24 14 338 23 67 314 241
504 547 545 550 627 405 557 517 541 385 518 591 380 443 628 503 658 524 450 483
555 595 424 542 422 554 416 429 439 408 618 603 465 460 468 647 477 583 627 412
1176 1216 1233 1188 1209 1156 1198 1215 1148 1231 1145 1171 1137 1236 1187 1225 1611 1606 1142 1600
1859 1882 1889 2233 1865 2218 1130 1880 1101 2235 1099 1886 1074 1114 1127 2237 1822 1148 1835 1818
1320 1341 1381 1339 1322 1287 1385 1352 1303 1398 1289 1380 1387 1300 1361 1369 1404 1290 1401 1296
1520 1574 1568 1516 1635 1518 1546 1585 1579 1578 1473 1529 1521 1612 1554 1484 1549 1590 1559 1550
47 282 26 80 34 10 351 211 240 28 322 234 89 69 353 284 331 41 298 204
1491 1523 1519 1481 1539 1464 1546 1554 1457 1578 1467 1533 1497 1532 1525 1482 1499 1547 1569 1570
1123 1138 1114 1177 1855 1156 1848 1075 1129 1160 1154 1088 1076 1094 1859 1840 1134 1124 1172 1873
1324 1374 1362 1369 1385 1292 1299 1333 1400 1293 1403 1310 1387 1296 1404 1342 1348 1384 1295 1396
312 398 497 25 446 502 331 7 31 406 403 528 518 642 20 500 378 677 382 340
