57 66 42 691 43 726 46 63 730 723 640 76 639 638 56 732 636 54 53 718
196 392 374 207 358 321 222 356 192 214 395 422 217 176 295 363 405 340 373 193
583 607 664 599 2 8 594 600 602 584 676 10 623 625 687 668 604 593 596 17
298 330 344 292 386 426 403 374 209 341 305 205 332 424 416 372 336 359 287 363
428 471 479 480 414 334 438 483 351 404 466 348 481 478 340 403 411 416 437 338
238 251 226 229 222 247 235 232 225 252 240 158 270 233 250 249 263 227 272 243
396 421 438 341 348 358 383 322 187 422 391 190 364 373 448 441 283 374 415 327
338 389 416 319 191 381 189 342 418 430 366 199 204 387 302 382 213 432 349 443
620 629 2 44 55 60 626 636 653 8 650 596 645 5 628 612 641 56 632 639
509 526 563 496 676 547 545 681 659 494 493 549 675 686 678 540 671 550 514 557
58 704 84 731 729 635 650 54 720 95 110 710 107 691 71 38 713 43 88 701
458 477 447 434 441 432 462 461 460 443 471 429 469 495 445 465 492 494 448 493
22 37 711 697 4 634 645 15 30 669 646 658 666 701 704 652 42 18 665 672
669 683 514 36 570 652 583 518 684 633 592 693 646 535 40 675 689 593 695 515
217 299 337 309 343 188 325 204 289 195 196 282 361 345 198 365 297 321 194 380
658 698 582 66 63 645 692 579 644 46 102 517 82 3 25 580 45 80 573 685
23 646 685 637 645 621 649 61 12 658 31 26 647 7 678 708 6 644 676 46
295 341 377 394 219 195 410 378 317 313 324 364 322 358 428 441 403 299 316 423
305 346 392 332 331 426 420 324 374 217 447 357 386 298 359 369 300 223 442 350
202 296 222 374 225 204 381 393 320 205 341 333 350 390 207 270 372 386 210 203
302 322 330 421 329 287 326 444 440 317 388 293 367 225 426 428 351 379 402 316
292 358 291 379 295 421 220 410 408 302 419 203 388 341 332 331 386 317 318 274
226 294 212 296 278 331 362 369 228 304 392 377 283 371 233 336 225 363 394 340
129 732 69 712 113 121 733 73 138 111 90 725 107 128 76 704 118 734 720 117
186 365 199 324 214 413 297 333 303 340 313 338 376 190 174 412 370 191 328 335
203 355 423 403 418 288 409 180 335 207 408 298 306 293 300 279 369 364 388 393
41 704 25 648 16 32 703 657 35 697 75 733 727 73 89 42 731 720 51 728
68 710 94 706 37 713 108 720 67 633 711 640 41 38 33 48 705 73 97 51
523 655 680 660 579 47 691 543 647 577 26 668 671 649 695 549 515 510 544 50
48 86 718 107 639 16 736 18 691 39 53 693 632 42 43 706 64 51 102 68
15 584 592 600 573 576 617 636 46 615 597 583 622 623 0 589 581 6 690 44
282 384 280 299 177 187 375 304 310 419 227 360 349 342 223 327 201 302 290 387
295 335 367 411 319 396 388 279 408 397 339 209 423 435 370 428 386 282 352 364
13 672 621 658 649 653 14 685 578 24 562 659 630 533 644 666 558 28 597 604
56 692 683 90 715 675 19 43 58 74 42 63 709 50 645 9 34 646 657 48
26 686 656 630 38 653 9 692 696 631 3 597 652 675 665 670 667 578 691 697
110 712 738 72 44 706 68 126 723 100 643 719 118 107 70 726 734 99 707 79
193 208 393 290 366 181 268 183 182 217 179 360 378 274 359 275 297 280 379 229
510 546 671 491 547 676 490 492 500 544 506 525 662 557 529 489 533 503 549 561
29 675 705 663 501 23 14 707 4 668 706 643 12 679 641 15 683 665 645 582
627 692 715 621 613 631 50 19 617 698 641 605 670 11 62 25 704 687 676 591
541 669 564 591 582 514 14 691 645 668 579 519 0 37 502 654 18 561 33 535
312 386 398 356 345 280 362 334 390 212 209 404 393 325 412 203 306 378 195 372
249 263 268 220 259 234 243 227 269 266 239 245 238 258 273 241 276 274 252 240
101 717 117 92 737 710 724 57 108 47 716 700 736 702 73 76 105 79 67 64
293 359 400 362 409 283 364 373 387 215 350 281 218 192 395 365 419 349 368 201
82 710 708 697 700 83 110 47 58 113 728 87 48 70 55 727 43 711 716 68
681 688 577 516 31 694 42 41 689 576 643 701 23 677 637 499 7 13 5 25
28 659 645 23 38 583 677 652 562 6 39 33 567 668 0 31 18 19 517 679
426 447 326 343 348 336 420 350 339 408 355 419 468 338 440 437 433 475 476 334
38 646 69 631 55 7 707 704 692 13 674 25 629 9 21 701 0 627 37 8
521 674 518 595 14 680 27 531 519 681 654 678 675 657 560 20 501 4 527 1
221 294 343 230 311 390 391 263 352 330 196 305 271 283 312 387 237 382 341 195
498 509 483 485 665 547 494 496 505 539 669 506 561 530 668 551 484 500 568 552
218 301 198 388 200 228 210 204 191 279 313 304 293 209 351 302 290 368 376 332
320 379 192 359 285 366 281 274 409 217 299 324 367 415 296 203 186 417 219 348
227 239 294 270 233 259 218 237 272 234 271 204 243 235 264 284 275 274 202 240
189 284 370 217 368 292 294 184 210 188 183 396 192 285 211 384 204 377 290 287
508 676 657 547 588 520 550 584 591 693 580 519 647 10 19 561 579 682 650 653
593 669 496 586 611 501 575 619 599 605 567 500 646 672 519 560 614 690 644 655
35 699 675 54 30 100 682 25 27 50 76 21 722 68 691 669 87 22 636 48
304 333 317 439 450 376 422 357 351 434 341 314 395 379 224 369 301 402 417 436
279 365 402 207 293 337 185 180 317 202 352 183 363 315 328 405 310 412 369 205
587 663 664 643 572 524 597 606 639 595 41 3 586 581 617 671 534 30 24 662
305 338 445 225 294 371 377 345 396 423 224 347 292 412 401 448 389 222 447 438
421 443 335 343 440 349 405 359 344 424 472 452 322 389 419 435 348 332 358 439
350 357 202 413 193 394 393 296 369 388 290 442 412 318 342 415 398 314 368 209
324 395 375 300 338 442 321 443 408 348 188 388 406 334 194 391 304 291 419 351
408 418 371 405 346 389 335 388 398 427 365 445 328 340 390 420 425 442 355 375
376 391 334 380 351 304 398 413 409 298 364 278 340 365 412 421 375 338 292 323
424 441 397 353 466 473 467 403 393 355 442 422 465 437 431 345 447 324 348 407
1 638 67 664 44 42 20 585 13 12 631 703 599 59 648 597 580 587 40 3
301 325 429 415 446 395 289 353 333 336 224 287 302 372 295 368 304 418 401 305
115 130 735 127 718 720 147 727 731 723 128 730 144 138 103 109 733 125 116 719
590 679 687 503 611 38 563 588 604 617 594 650 516 602 683 564 22 582 674 528
640 660 647 46 574 9 17 59 573 63 562 628 507 526 37 631 709 56 566 518
68 693 705 717 4 67 660 715 731 670 83 700 665 71 698 683 737 646 79 712
617 627 645 609 691 639 69 644 594 612 588 607 61 54 655 2 620 640 631 57
289 387 386 195 286 275 364 189 368 192 336 314 340 324 420 310 329 414 404 288
198 395 345 384 194 184 350 203 193 177 353 396 208 377 190 192 278 339 349 407
48 646 675 715 704 60 74 0 625 626 10 15 41 648 634 11 5 627 699 685
55 624 613 709 651 2 697 595 610 13 64 3 5 66 638 707 715 649 714 690
251 260 261 250 262 259 241 252 238 266 237 242 157 263 239 154 229 156 254 265
87 738 47 713 734 75 120 724 77 124 101 731 69 121 703 137 56 136 723 699
535 664 20 589 642 585 688 29 16 686 655 520 498 557 548 23 676 648 579 514
17 668 670 693 676 541 51 35 563 30 535 616 596 531 573 512 652 662 697 689
434 469 411 463 324 472 421 440 333 409 461 343 410 445 453 325 329 349 459 328
331 379 341 344 186 424 288 362 360 402 309 292 381 392 413 378 299 348 404 423
588 668 603 663 498 597 560 585 584 577 681 504 511 655 541 11 17 598 500 5
190 214 269 270 377 172 274 374 361 364 177 291 212 216 183 306 394 192 358 176
123 135 720 105 109 738 110 718 728 106 719 117 125 144 137 737 129 149 134 732
402 434 408 450 454 428 323 485 482 427 347 431 362 340 419 413 405 383 414 437
54 59 46 64 48 632 649 60 47 62 68 650 723 622 646 689 55 628 706 637
509 550 677 523 552 680 561 529 504 521 506 534 555 542 493 515 549 532 501 673
385 408 380 414 382 392 199 439 363 316 338 326 331 361 185 325 389 409 429 312
178 192 222 186 184 177 364 206 199 214 294 390 195 399 274 395 193 213 212 369
278 289 203 226 185 221 191 284 295 387 183 193 297 389 378 348 395 349 286 370
56 72 716 44 641 713 623 91 633 74 64 46 733 712 98 714 701 99 77 109
64 73 735 50 620 723 623 77 107 51 636 645 83 724 630 709 99 57 48 55
70 77 635 716 60 64 55 639 85 627 629 71 112 714 42 701 722 54 110 80
499 537 559 661 519 512 529 562 563 488 671 535 542 524 482 504 493 678 547 552
285 389 215 199 337 219 360 351 312 293 376 179 275 347 297 374 357 419 221 206
65 724 621 118 44 82 738 641 736 128 734 723 73 701 718 630 74 716 719 122
527 561 498 505 508 552 684 658 510 517 515 550 545 575 548 512 501 495 540 526
636 685 656 701 10 41 523 17 666 641 704 54 21 62 696 75 44 74 668 703
336 442 441 322 341 335 420 316 380 304 448 395 401 378 459 314 424 466 437 404
405 426 390 421 369 344 400 483 466 391 359 485 423 424 434 459 461 458 451 327
597 633 618 619 620 658 21 607 616 691 575 591 14 20 42 64 49 604 601 624
24 37 44 7 700 2 657 51 709 30 41 697 682 696 42 638 665 714 651 705
587 610 623 674 681 579 12 597 572 622 669 590 666 6 611 8 663 13 588 601
354 396 290 375 399 424 334 373 335 369 423 341 358 359 418 378 350 404 401 380
218 291 380 269 198 231 297 205 272 307 296 227 383 196 266 349 390 211 360 366
385 401 182 374 420 351 414 339 409 364 283 426 184 211 306 278 194 355 288 276
341 384 314 319 293 318 325 184 400 211 329 348 205 197 362 358 307 376 449 401
21 37 710 641 679 716 692 672 711 46 48 43 665 682 5 709 677 662 630 704
72 644 718 696 670 625 105 716 65 85 633 74 101 664 50 19 632 642 3 699
338 397 198 406 357 379 197 438 344 292 201 363 314 188 388 378 324 441 332 356
234 258 236 214 215 241 267 216 233 223 251 257 238 250 254 248 235 227 221 219
301 381 196 218 298 320 321 197 302 384 408 212 217 281 182 376 211 215 314 295
91 109 84 93 116 722 706 702 701 83 73 98 74 703 69 49 698 50 118 734
6 695 694 66 707 603 616 658 654 683 606 641 659 7 631 703 577 583 16 19
353 423 383 352 450 418 304 316 286 439 438 403 451 452 398 384 303 361 441 375
103 715 56 694 703 102 735 41 104 93 724 44 71 710 90 734 713 78 723 736
533 680 551 660 640 586 521 532 639 513 650 588 26 661 665 691 560 573 557 584
612 622 18 627 606 11 595 62 631 54 15 58 648 624 608 591 66 6 643 60
157 167 156 257 176 159 177 151 153 145 173 172 182 143 256 252 146 152 154 158
318 337 374 317 408 359 373 426 427 303 413 329 328 370 296 294 302 331 433 436
173 188 393 383 388 186 207 278 277 371 385 275 375 191 362 394 215 165 274 164
11 612 596 682 601 608 2 628 648 615 591 626 638 644 586 12 0 694 637 8
639 648 669 32 621 652 17 40 658 26 6 18 7 34 689 703 33 673 665 14
628 633 636 15 695 593 627 650 74 43 686 610 599 656 617 20 613 55 63 634
1 19 689 680 12 48 44 623 42 684 11 587 31 595 663 575 628 590 616 631
509 538 672 676 542 526 668 528 511 678 492 527 536 555 558 671 549 522 552 500
440 466 485 348 449 431 319 435 336 345 328 405 477 430 341 476 442 350 321 478
367 404 298 370 289 210 341 325 280 327 184 316 304 212 189 413 422 204 352 420
276 386 419 379 234 409 319 207 314 384 420 377 310 345 363 297 205 413 211 180
36 633 9 75 621 57 689 688 73 7 714 651 42 665 24 10 39 623 21 37
75 89 712 733 71 97 84 708 62 706 70 101 88 642 94 713 636 72 703 48
323 402 391 390 300 364 289 386 324 309 435 306 357 287 385 313 326 369 311 345
526 677 664 690 672 547 520 544 685 531 645 647 546 25 689 669 523 23 32 657
419 452 340 417 333 372 373 454 370 324 325 432 397 442 407 409 347 420 423 448
204 269 359 355 293 283 363 209 225 260 357 186 371 397 242 218 181 192 279 390
345 397 353 362 292 402 315 355 379 336 448 286 201 438 365 199 359 380 384 290
24 659 648 527 697 691 671 649 642 18 15 569 33 518 522 646 583 692 10 564
495 564 681 484 667 478 571 555 507 569 659 657 679 682 509 669 493 526 496 658
39 681 713 567 706 514 695 532 36 587 683 530 584 645 515 562 667 53 673 5
244 268 263 259 273 265 241 211 254 206 239 204 260 212 223 264 224 220 219 255
323 359 409 216 369 355 381 301 195 197 373 349 212 333 404 407 400 283 421 215
228 268 227 202 219 255 273 240 235 208 281 299 254 217 262 238 232 253 209 263
372 415 444 340 371 348 278 213 367 330 351 327 401 445 386 431 212 285 365 339
