637 686 667 657 707 582 580 704 693 638 651 630 664 576 716 674 591 583 623 612
871 905 860 56 58 38 84 838 92 62 86 101 30 11 854 826 823 10 869 53
375 416 356 406 404 413 436 427 321 379 401 364 405 350 332 408 411 376 336 399
761 782 762 748 798 760 712 802 794 727 752 810 807 791 706 737 735 814 781 711
349 375 396 358 362 353 309 421 400 397 407 398 409 369 415 324 322 315 321 368
859 915 815 874 821 65 909 838 92 68 51 93 63 863 895 850 76 908 810 841
664 699 698 675 603 636 711 723 678 612 734 732 676 611 700 713 606 591 701 695
439 462 507 485 441 454 468 510 425 434 522 494 442 417 418 437 484 438 476 501
152 169 149 137 94 165 189 150 170 156 162 153 147 187 171 177 133 154 123 102
317 404 323 414 331 305 366 292 343 380 372 342 304 395 405 379 418 365 428 328
571 596 585 550 590 591 545 636 557 539 578 565 562 575 551 564 666 639 624 599
699 711 726 788 682 718 688 667 729 691 709 685 779 727 671 734 662 694 693 665
317 336 375 360 338 315 314 388 387 309 288 306 407 363 374 372 396 391 353 377
306 334 323 414 419 406 346 416 315 377 286 328 411 402 399 349 307 312 386 364
852 873 883 87 65 21 875 6 906 878 911 827 816 877 46 888 895 63 808 881
177 190 181 228 169 215 197 163 153 203 180 168 193 214 217 160 172 161 188 216
508 733 745 465 707 482 491 464 743 767 786 536 478 730 773 715 466 472 766 732
55 84 4 906 891 866 34 874 97 14 860 7 47 889 871 73 98 59 37 881
517 551 457 446 536 505 507 450 449 497 550 569 459 469 454 483 572 478 485 548
235 251 198 221 202 237 280 207 215 220 265 263 228 205 232 192 242 245 238 231
10 901 859 54 904 47 37 4 51 875 94 0 898 88 854 50 897 865 14 52
698 708 784 725 686 671 679 717 731 691 678 682 783 776 727 720 724 739 726 664
351 380 395 342 368 377 376 316 323 378 389 414 347 343 344 329 307 388 306 415
320 365 373 337 310 295 292 314 400 361 333 321 360 345 358 346 370 318 362 341
482 523 481 495 471 444 543 502 450 554 522 555 483 542 537 448 509 501 547 553
858 913 919 881 5 85 845 77 879 876 88 63 899 54 821 50 15 828 12 35
273 294 289 259 297 248 311 312 282 239 299 295 258 251 268 270 266 244 264 302
450 484 515 497 454 488 472 477 500 464 479 458 491 442 503 510 523 459 522 514
28 871 81 845 10 903 8 0 55 858 37 916 77 24 844 838 897 22 64 23
66 85 894 20 36 895 864 23 11 8 34 70 16 914 15 29 884 862 35 871
662 691 712 629 636 631 638 707 643 644 660 677 688 676 649 697 698 716 714 597
69 885 853 91 61 64 76 67 33 874 88 882 899 40 873 906 42 72 101 897
339 388 334 321 383 400 414 337 345 317 417 382 314 348 363 396 386 391 362 344
605 623 564 580 634 682 567 608 590 624 609 653 635 650 603 629 637 622 591 593
99 158 94 85 137 140 144 92 183 145 168 179 104 126 146 176 178 67 896 136
675 696 663 673 687 726 700 645 709 674 636 724 639 732 658 728 711 641 676 653
719 744 707 736 786 711 748 770 790 703 693 725 773 740 696 702 731 724 698 761
332 379 335 328 384 412 374 322 403 409 411 380 408 353 381 355 414 399 323 311
69 98 144 908 915 877 99 124 905 150 891 133 137 53 125 5 127 50 67 26
715 776 767 718 818 723 712 695 811 766 758 688 759 817 802 751 682 786 764 734
579 631 639 671 677 575 682 603 567 614 654 555 577 565 687 669 649 586 583 611
196 236 228 263 239 192 257 178 259 216 246 220 270 179 261 197 222 267 182 241
624 679 628 636 663 600 704 579 571 693 586 591 619 672 664 608 641 650 701 656
736 782 781 729 795 770 723 804 512 805 735 803 784 812 743 751 790 756 796 773
486 507 483 489 439 488 460 487 731 446 510 471 467 458 481 499 534 533 455 457
383 399 323 327 337 396 336 398 422 385 334 371 405 381 407 414 341 413 355 423
487 521 537 486 543 495 555 494 512 554 522 452 465 449 473 464 518 480 553 468
113 129 93 115 166 152 135 90 109 142 132 112 101 106 133 111 136 95 97 157
2 72 917 873 43 849 77 863 33 899 851 60 24 911 8 905 889 913 35 915
290 300 275 335 308 310 273 276 302 329 323 328 331 315 288 330 297 314 316 318
478 498 493 471 524 454 536 501 533 534 468 513 477 529 446 518 480 522 523 472
110 133 152 142 138 117 166 162 97 157 99 148 88 105 113 146 136 98 100 161
486 503 538 487 516 481 477 476 512 488 478 530 458 465 527 537 520 499 470 451
868 913 895 37 845 891 65 890 919 833 64 839 846 854 9 863 889 39 852 848
646 665 587 695 686 613 594 604 629 693 600 623 634 666 599 632 608 625 648 611
346 411 376 384 302 319 397 366 419 426 370 362 347 422 333 316 327 394 399 388
100 899 86 116 7 62 83 917 886 133 17 139 118 881 913 117 140 68 87 871
565 596 621 656 641 593 600 619 588 607 636 601 529 667 567 577 571 582 658 638
17 80 867 856 885 44 47 850 36 860 907 13 915 67 913 6 879 878 70 882
766 803 804 807 753 764 798 845 758 812 734 777 767 843 756 729 844 788 746 757
465 512 451 468 464 733 510 503 498 729 734 434 518 441 472 481 532 442 524 514
486 518 509 529 475 468 465 451 439 550 553 472 537 540 448 543 495 455 444 445
569 618 681 615 644 673 671 562 634 659 588 619 601 677 657 587 549 610 536 612
636 682 696 661 643 684 670 663 584 701 640 606 589 652 677 599 594 662 602 577
300 308 339 342 352 346 286 341 287 292 289 336 288 281 345 283 314 311 335 318
749 788 780 778 769 746 770 709 810 711 747 724 723 739 785 776 820 726 732 710
559 592 557 617 547 594 550 529 528 624 561 584 649 588 520 568 638 583 560 645
37 874 57 851 17 900 92 906 862 49 841 852 71 25 93 916 36 35 917 24
530 559 518 582 579 489 567 544 537 594 528 595 491 577 499 506 515 488 529 593
542 551 514 536 584 572 567 531 539 552 564 520 575 554 565 538 562 537 566 555
335 416 360 433 431 390 418 350 356 410 375 399 306 331 404 302 299 315 437 414
353 403 334 392 409 387 315 399 317 322 400 312 408 425 381 369 428 321 394 417
776 803 720 739 730 791 837 768 810 812 727 798 835 710 749 743 848 753 841 780
158 178 154 189 164 170 193 128 177 129 106 149 144 100 118 172 188 121 168 104
14 48 18 51 880 72 39 89 868 37 86 56 875 850 93 0 55 867 11 71
742 768 808 789 792 715 770 795 800 797 777 744 719 716 796 803 750 758 756 771
787 803 772 826 762 720 845 747 830 806 788 750 792 709 799 711 713 733 767 848
601 623 610 644 684 572 586 681 678 641 589 664 668 622 677 672 596 616 562 617
26 51 55 21 43 68 90 875 888 873 57 53 59 34 863 867 81 30 96 95
510 526 465 459 483 541 466 489 446 450 461 471 455 453 550 456 513 469 467 559
327 343 319 373 408 414 387 318 326 379 305 388 320 372 376 342 407 403 348 393
321 382 418 344 366 323 288 402 401 400 336 339 328 337 295 419 329 367 340 404
251 278 300 235 230 256 227 248 302 275 229 282 264 296 249 283 261 233 287 246
425 443 430 416 509 468 415 436 400 492 402 410 519 478 475 438 462 428 473 433
473 493 484 468 527 460 451 512 497 487 458 490 517 495 456 528 454 534 507 509
649 667 640 587 675 671 625 613 673 627 672 622 626 617 619 646 636 666 610 607
333 409 358 361 360 300 373 400 353 323 306 329 299 369 418 408 350 327 336 434
588 642 655 684 583 656 649 557 657 630 679 682 672 634 641 677 569 600 632 671
241 270 265 296 203 276 272 262 258 195 293 278 252 253 263 211 281 204 196 207
6 894 96 868 873 24 74 10 12 93 900 44 45 890 847 856 881 5 875 853
42 80 98 15 60 72 879 914 909 896 884 34 21 859 885 90 6 101 14 44
359 402 408 374 339 370 392 375 316 352 341 354 336 414 418 377 419 322 403 340
83 93 78 51 893 59 45 136 28 138 131 141 117 881 133 73 111 96 114 871
449 492 475 495 448 469 487 494 464 525 529 491 515 493 519 453 473 467 527 482
149 174 189 186 162 104 159 129 109 106 105 169 100 102 191 148 98 136 112 165
331 364 383 374 366 408 405 354 365 326 297 358 327 307 345 367 411 404 392 300
109 140 161 165 117 110 153 148 112 146 151 116 101 113 154 159 119 96 104 163
866 879 822 818 848 32 58 832 4 880 38 92 95 855 82 849 85 889 915 890
230 261 196 258 197 211 194 227 191 278 193 279 234 244 212 264 245 263 284 235
544 578 607 551 635 592 563 639 535 616 601 615 621 542 636 522 565 591 526 528
335 369 360 310 317 380 341 396 351 305 409 315 367 353 410 385 397 417 389 328
801 828 855 810 812 854 804 808 816 824 848 863 774 874 787 833 773 879 794 873
667 694 729 612 686 730 621 662 611 681 669 687 658 642 628 709 705 683 656 595
339 387 357 399 336 315 324 325 368 407 341 348 334 408 308 340 344 346 414 335
48 73 1 24 90 910 101 5 879 37 55 917 49 6 868 885 96 74 2 894
556 576 589 596 562 594 530 540 597 592 542 534 629 522 627 557 612 618 607 586
731 782 697 784 739 698 764 515 771 776 793 766 781 706 796 701 702 753 715 728
595 639 661 618 607 624 636 587 620 588 666 692 566 687 667 573 663 642 599 569
63 877 85 67 43 871 837 894 73 74 863 48 60 41 840 893 15 872 86 876
713 787 753 810 821 756 730 726 812 697 748 817 759 737 780 802 684 695 822 809
13 44 21 869 89 7 86 877 72 893 88 80 891 77 858 849 23 1 16 73
74 918 71 853 10 29 37 871 893 910 38 26 892 44 855 20 12 889 42 90
867 879 817 827 19 864 60 880 53 862 870 66 10 869 92 876 866 68 3 841
501 512 537 468 458 469 730 533 478 535 445 524 502 492 532 466 460 510 520 522
262 281 231 305 268 237 228 263 253 251 244 297 232 278 255 292 227 271 269 226
43 65 886 907 20 906 22 39 7 874 41 893 8 91 915 68 888 865 92 96
755 783 739 780 707 710 765 728 709 750 801 736 745 797 776 773 792 814 730 748
156 172 160 116 111 103 185 128 174 142 120 123 112 143 108 109 190 107 179 188
199 213 227 242 243 178 200 233 177 244 190 192 232 238 196 240 237 239 223 191
18 81 22 99 910 55 9 37 28 58 849 97 90 894 870 872 76 43 79 855
234 249 210 254 275 200 226 220 267 272 204 221 259 262 276 222 203 229 236 233
588 617 562 680 665 616 654 561 637 554 596 658 635 615 585 581 580 651 663 594
736 790 771 752 750 714 768 719 765 717 809 708 811 703 761 730 785 756 814 721
36 86 90 864 105 65 89 893 884 899 873 854 87 101 868 867 875 40 895 72
626 685 598 606 676 604 650 608 611 698 662 681 692 630 628 636 694 668 678 640
3 895 54 86 1 868 22 95 47 52 899 60 2 0 65 891 857 45 93 49
869 910 11 844 4 880 851 838 40 23 848 7 888 59 891 36 913 833 47 849
508 530 527 443 562 728 523 567 565 453 549 515 489 543 529 466 459 514 484 544
97 905 853 895 141 150 124 863 57 77 864 906 130 145 871 849 80 859 113 96
241 264 280 236 237 247 278 286 240 271 260 219 246 279 231 235 268 193 221 250
823 840 844 843 816 788 792 867 861 841 856 824 857 796 812 866 878 888 839 810
308 333 372 306 297 402 285 387 307 334 304 370 300 381 319 332 295 302 289 341
844 867 847 815 48 904 905 889 809 907 919 810 870 60 811 890 869 59 880 854
74 919 864 891 29 95 897 0 861 55 906 860 850 64 9 61 890 880 24 52
577 606 647 666 549 658 642 592 558 654 555 649 669 593 556 591 601 571 576 611
313 361 300 293 352 329 289 337 294 338 388 318 284 378 393 334 417 335 322 401
583 611 549 629 631 653 560 665 608 557 552 569 646 663 636 601 619 639 558 627
844 892 71 857 885 23 895 84 881 876 886 0 2 5 19 20 890 93 815 859
236 267 240 249 215 209 221 201 207 192 278 276 290 197 230 234 293 228 250 292
346 378 352 312 307 376 361 375 410 409 382 329 405 336 389 397 310 313 398 396
477 502 475 461 479 532 459 524 441 518 517 436 525 514 527 466 493 503 496 500
57 95 150 90 116 11 56 58 132 63 2 129 870 31 871 895 859 911 874 909
472 515 503 480 511 458 516 489 544 547 488 497 461 473 469 446 442 440 529 543
318 395 392 410 355 400 339 391 366 373 411 333 374 326 287 421 378 408 286 418
484 494 455 471 532 459 526 474 470 515 511 517 438 454 505 531 440 467 461 533
663 699 661 726 621 666 682 643 619 664 623 715 592 634 713 600 646 720 606 665
826 852 822 904 905 821 5 834 793 903 820 14 23 881 858 866 865 868 889 811
19 81 99 860 876 90 48 73 856 79 78 68 875 75 89 39 880 868 887 866
174 184 157 200 158 193 217 173 195 172 160 205 211 148 168 166 161 215 169 186
598 664 689 690 578 632 594 612 603 660 686 624 575 638 611 592 635 652 698 662
