390 466 335 324 336 465 482 944 952 377 373 375 932 951 354 366 457 341 474 365
355 376 354 477 966 369 442 341 365 364 951 409 322 357 368 945 413 351 944 389
103 680 79 657 1075 70 606 118 717 700 75 659 610 713 679 1070 104 1073 658 719
225 233 232 851 209 223 855 237 236 850 253 242 239 226 873 248 870 224 878 238
768 789 1085 1081 804 809 130 803 167 822 155 801 806 1057 779 150 157 138 1050 1071
577 588 1030 1028 600 515 590 1007 1067 60 50 595 1039 1017 1019 1011 562 579 1070 1035
137 171 753 1057 794 187 150 1062 190 193 146 782 141 775 165 147 122 191 763 784
508 570 1006 32 6 1005 1031 1023 8 50 987 5 48 26 990 27 515 573 0 518
37 980 574 5 973 10 0 578 1007 975 984 974 4 971 7 983 528 523 19 21
581 1009 45 1043 50 1029 1045 585 1014 1028 1031 1051 1030 1018 1019 572 993 52 1023 590
112 125 134 167 696 761 651 1051 1071 784 785 1062 1084 127 669 662 757 756 83 1058
319 331 935 317 910 369 412 905 330 951 943 932 326 309 352 461 954 915 464 421
88 599 81 563 1068 604 68 50 72 647 82 77 106 612 598 685 684 79 602 600
794 1058 1080 197 168 667 69 784 173 97 127 149 1064 831 828 829 133 666 1057 754
670 691 660 667 70 1056 648 687 94 701 1054 1080 676 1083 66 690 69 663 80 98
696 738 703 94 676 92 1059 83 682 110 121 1062 1064 672 1055 702 714 669 80 85
110 1066 1081 788 208 1079 86 1083 593 685 778 651 792 1053 816 114 689 652 87 132
127 775 786 772 1050 116 175 1080 169 173 778 1064 167 137 139 788 759 661 165 1058
1029 1061 149 766 78 683 743 687 196 681 738 128 684 821 1080 818 696 126 84 161
114 730 100 122 662 121 150 136 1079 685 755 110 134 759 723 678 757 748 142 1054
10 996 600 599 501 983 1006 993 31 977 61 546 530 541 49 979 42 1 1009 543
220 852 849 845 838 221 853 856 233 861 848 860 864 219 207 229 847 223 230 234
58 994 593 553 37 36 1004 7 33 1071 545 989 66 587 517 24 569 38 617 596
116 683 707 724 687 690 744 752 98 1056 135 1081 656 1059 648 1062 1075 749 750 670
330 466 952 319 325 331 397 406 345 940 336 342 383 328 950 459 465 956 933 340
676 700 677 707 1083 736 708 666 1066 742 728 653 1050 674 650 715 718 107 735 705
357 955 358 383 446 319 325 456 953 387 966 942 415 445 339 960 390 405 458 424
813 828 1084 1085 809 1077 1073 820 837 1045 824 814 829 1074 181 827 794 1068 203 796
534 550 538 43 992 518 40 524 45 557 559 532 982 32 42 527 523 553 601 980
359 459 356 443 329 413 404 952 410 380 946 953 469 947 332 468 465 456 387 346
980 997 972 554 531 559 55 523 564 536 6 17 522 1 974 26 1010 525 54 553
787 1054 205 1060 810 651 827 1020 705 1050 195 158 1059 1071 1038 690 703 148 657 658
7 61 1001 1003 550 1071 22 616 525 1004 564 590 547 983 570 986 531 1006 549 530
827 1062 177 1055 205 197 702 731 755 96 777 661 1083 1081 186 778 80 166 786 116
124 1057 121 152 749 815 669 596 159 803 667 648 676 1083 1072 118 76 91 783 1059
348 449 942 417 349 373 357 954 369 944 421 958 457 432 957 439 444 331 425 466
93 683 1049 649 95 655 599 692 1062 674 712 595 678 716 118 116 690 1085 100 72
567 1023 998 1046 1040 1010 583 519 522 1080 1042 55 2 589 15 513 1041 17 509 566
360 462 381 416 367 322 392 365 959 326 348 419 374 951 956 355 955 364 346 390
198 1046 805 163 1038 160 774 660 178 764 596 1025 158 1074 1055 1067 765 839 800 793
52 988 598 16 1080 604 557 53 1078 986 590 550 978 18 567 507 47 602 31 1005
117 148 660 773 706 790 770 1050 782 690 777 116 1060 1064 178 1046 1045 1066 657 167
16 31 977 40 58 1003 24 48 517 511 518 993 992 508 1006 564 996 26 29 556
331 364 962 931 935 392 450 388 462 316 333 456 315 471 429 936 407 428 403 423
693 732 669 665 107 680 1067 682 696 1071 700 748 1075 721 118 754 679 663 116 722
119 1070 1060 741 782 96 80 672 762 780 735 663 729 790 828 742 170 122 113 144
71 1078 662 1081 86 658 189 148 133 824 688 758 594 775 76 765 179 783 822 1062
379 465 363 458 377 422 367 389 361 423 398 321 330 946 420 320 384 336 387 959
472 941 468 337 383 481 956 925 389 471 332 926 470 392 957 353 396 946 955 311
334 366 472 956 943 942 320 382 466 948 380 398 403 405 471 388 312 404 468 336
81 612 93 73 1058 600 659 95 1071 1075 90 89 675 663 103 654 1066 674 99 84
207 1078 154 651 76 93 834 203 756 145 102 767 773 188 599 218 757 199 173 89
652 1055 805 133 590 78 683 601 135 191 814 1060 831 194 66 589 770 791 145 115
651 1070 1056 778 143 115 785 73 692 691 770 657 823 737 1058 694 1079 829 761 66
971 983 531 974 495 30 506 23 963 551 1002 1 19 522 22 510 553 993 975 994
511 570 565 25 497 990 27 504 582 1021 35 513 9 32 987 38 985 553 3 47
616 643 84 617 62 83 631 613 618 58 625 630 73 607 604 632 88 602 636 648
358 959 377 417 319 473 965 948 406 351 346 418 320 367 428 397 468 390 416 967
157 1085 819 189 117 119 665 166 803 679 786 84 125 830 783 1084 777 134 100 128
440 456 430 371 459 457 956 345 347 947 348 465 378 462 369 372 331 945 948 407
818 1078 1024 786 1044 828 149 594 154 1034 100 209 92 1054 755 142 84 794 54 712
472 957 469 458 395 403 466 940 330 335 364 355 383 926 965 934 962 331 376 368
150 1070 738 755 198 647 98 674 97 828 117 157 1043 190 679 1079 1052 1039 787 683
153 167 657 1080 127 189 790 793 779 762 1053 184 169 118 652 771 130 777 650 1071
87 109 603 83 706 612 611 650 1055 107 606 104 687 96 68 1081 1079 89 82 63
549 562 977 19 66 56 53 587 1000 559 65 540 584 59 60 602 571 15 1016 547
48 999 42 517 20 25 505 0 979 571 40 997 996 3 1016 994 586 17 553 985
393 475 375 926 396 953 946 491 934 957 967 925 965 949 941 919 401 955 470 940
78 1057 192 627 107 121 1075 76 697 790 672 145 824 91 821 185 779 777 1066 1069
704 723 707 111 110 721 1079 671 103 686 744 682 121 107 675 718 674 733 100 717
287 294 902 275 312 891 296 900 295 889 289 883 285 303 306 304 315 274 279 882
1044 1073 122 730 77 573 662 206 757 800 72 791 144 602 59 1030 788 1043 70 1034
458 466 416 387 322 366 476 338 381 346 433 405 462 425 966 459 426 360 349 964
1 536 12 597 19 520 55 53 567 556 605 21 527 609 29 54 27 611 3 993
156 1076 672 651 1044 1031 795 791 139 684 167 88 652 757 1026 202 175 1038 656 801
141 166 181 650 1084 776 661 139 126 1051 117 152 144 756 792 768 185 190 778 793
119 650 690 1069 1085 124 132 657 107 677 1056 148 165 137 122 158 1074 762 72 731
507 516 34 514 12 518 1015 982 1009 528 505 508 501 1001 36 567 498 563 26 19
318 946 378 895 941 460 311 421 420 901 898 315 942 457 920 474 338 909 351 425
225 238 217 256 239 857 848 863 233 261 260 253 211 858 220 881 861 235 240 221
388 954 952 965 462 472 412 959 324 371 966 474 387 426 393 403 958 320 398 951
19 548 21 986 0 529 59 24 66 26 988 1004 11 45 39 559 530 544 60 608
100 692 113 707 612 94 604 1083 83 701 1072 690 660 677 614 101 105 655 85 686
117 706 126 742 667 697 729 710 105 1085 762 1063 648 694 698 100 1073 131 749 675
49 1011 999 528 991 555 48 8 586 990 547 15 596 34 556 1038 1041 507 54 53
519 570 987 535 518 502 8 42 1021 569 34 1031 28 590 553 552 586 14 48 1004
377 399 350 959 485 480 929 487 486 349 387 340 400 351 423 362 406 462 388 412
89 646 611 118 683 130 66 650 692 677 1074 616 662 668 667 1076 675 90 648 608
130 752 767 1058 768 110 120 1074 774 116 654 745 1084 131 790 1072 758 164 1065 118
306 316 886 318 321 350 291 901 915 943 917 945 331 891 310 914 890 883 293 908
339 425 359 317 945 440 341 364 374 310 415 450 323 944 424 453 335 448 938 460
225 852 210 211 242 849 235 859 844 863 870 239 851 850 216 236 861 230 838 222
321 945 947 387 409 412 937 942 895 463 343 422 383 344 913 944 911 331 475 310
86 673 67 705 616 79 644 1066 1072 112 650 98 1065 114 676 685 655 605 1081 1055
1010 1015 501 594 1019 51 590 570 1031 44 558 507 585 577 586 584 47 42 998 37
20 997 30 566 10 986 552 38 570 2 12 534 1010 983 567 554 980 546 55 516
191 1085 649 62 64 100 827 673 199 795 654 645 211 213 792 1056 186 75 98 591
820 1081 828 664 1060 1072 770 209 84 702 660 823 602 60 675 105 594 1021 600 705
402 965 484 361 932 964 403 929 969 488 937 473 949 465 464 419 416 413 409 469
689 1066 791 827 786 122 690 649 135 755 780 170 673 166 67 772 703 594 173 157
117 676 1073 85 122 99 745 1083 147 77 668 152 160 706 699 657 146 685 1084 690
205 1069 662 132 683 213 79 825 782 171 90 602 71 595 163 201 681 189 1077 686
137 792 664 147 130 805 1062 118 1055 157 142 172 789 1064 785 1081 1068 127 1080 780
774 1059 761 828 185 122 673 118 666 200 93 91 187 781 1026 755 209 1068 121 826
171 1085 821 681 588 1065 77 805 80 147 202 177 646 71 772 1051 1040 603 163 675
768 1063 158 167 148 763 132 819 212 175 151 711 670 682 834 731 735 155 705 801
121 667 74 664 130 656 141 1079 144 1064 766 129 149 657 750 735 695 739 678 748
31 528 1006 48 533 552 526 58 518 1005 548 546 2 522 554 529 46 54 16 979
343 434 957 349 450 433 320 314 426 949 324 954 377 330 326 376 311 429 425 308
292 301 273 877 888 284 295 889 298 317 908 302 890 316 911 313 299 280 308 300
199 1084 66 1076 784 174 761 208 597 83 1033 60 153 593 804 794 144 155 706 668
1028 1045 791 574 158 761 796 1041 781 582 1023 157 1055 1084 181 789 767 1078 1043 187
6 61 3 619 1084 539 549 980 1000 1003 1082 598 48 565 613 542 534 56 551 595
390 937 387 414 958 960 393 377 942 395 417 376 479 916 920 940 311 316 416 913
114 732 703 728 730 756 663 760 669 742 747 145 697 1052 135 1072 735 716 713 704
26 536 1002 533 525 1004 514 520 975 511 1005 982 979 41 987 509 1 510 560 1003
699 1058 719 1054 672 1039 674 1053 208 116 89 738 1024 647 754 592 669 821 1031 793
189 1067 778 805 108 144 650 676 96 810 826 661 685 699 593 186 675 89 813 190
163 184 152 212 189 177 775 1057 1083 181 1044 161 128 202 774 174 828 781 1048 1042
54 1073 0 65 786 178 816 659 20 1078 68 567 732 830 610 778 3 1050 990 773
55 1003 579 610 998 34 14 1077 1015 7 3 514 43 512 54 51 64 601 591 522
189 1076 799 76 1063 594 109 647 810 788 163 124 1049 115 789 198 703 773 781 66
307 891 886 877 899 332 309 327 304 300 880 336 896 903 900 894 252 311 291 333
335 461 308 320 389 954 951 362 331 933 423 401 424 410 469 948 454 363 391 318
787 1076 832 97 759 786 1051 53 705 1080 207 779 599 1027 690 801 782 788 90 795
1051 1068 741 175 1032 589 825 84 826 670 1071 705 145 681 677 784 144 580 657 185
45 551 0 22 987 997 999 36 9 585 66 983 10 31 1002 7 587 992 591 49
467 956 372 366 944 330 940 942 472 399 392 325 414 954 384 477 364 412 391 355
12 527 29 8 562 601 47 26 536 554 596 978 521 51 989 0 517 550 46 608
368 949 468 466 945 382 319 937 379 358 956 373 347 392 354 459 955 942 361 470
197 1041 165 1024 838 1065 1079 1025 583 1028 1023 593 216 181 179 208 1067 1047 837 587
344 376 433 455 965 451 467 345 466 335 416 409 479 939 941 346 428 952 359 327
43 588 576 17 38 1013 31 1038 1073 592 1083 54 1020 1029 1014 1036 23 567 509 506
245 859 847 879 220 852 246 855 877 257 868 256 232 889 254 888 264 853 226 851
528 992 1006 561 972 546 42 553 7 53 9 57 556 512 547 517 1003 3 980 563
542 981 984 8 994 521 539 526 553 991 978 543 516 15 510 22 535 35 523 20
114 697 732 92 688 101 647 127 648 668 760 1053 690 646 133 670 1080 742 152 704
361 423 321 449 461 467 446 448 943 367 421 960 380 432 334 434 408 343 366 468
302 908 879 920 893 926 919 892 930 314 911 323 290 282 924 310 325 287 909 903
432 455 365 356 413 451 448 337 373 346 410 345 370 952 436 440 360 456 461 347
79 654 611 684 676 109 104 612 68 677 607 75 159 680 144 108 623 603 92 686
276 902 889 895 928 890 914 872 303 908 262 256 297 892 912 268 913 917 882 277
702 1061 1029 683 761 1045 813 180 189 203 786 185 160 678 187 1070 101 1059 773 705
338 950 314 351 459 361 935 356 963 379 330 944 350 423 401 381 422 410 405 324
758 1046 1031 776 658 172 1084 770 747 1017 824 1013 763 216 145 737 804 143 186 111
864 870 254 889 263 269 884 220 247 852 875 877 228 266 858 250 248 229 869 274
665 1076 1032 796 143 68 66 1045 791 818 658 793 82 147 80 164 663 701 760 112
179 1045 166 1064 796 581 161 783 596 1031 1025 199 1048 767 585 1055 1039 771 589 583
107 656 1062 110 649 1048 662 130 688 137 669 73 698 710 151 666 1079 78 711 136
771 1081 53 65 1027 1048 807 602 117 122 94 693 822 653 795 147 123 802 662 75
