779 1802 1756 751 890 724 920 932 856 747 805 800 940 763 740 889 935 1805 728 1788
1105 1116 1073 1125 1037 1109 1059 1056 1040 1106 1069 1039 1023 1036 1094 1129 1044 1028 1022 1067
1236 1280 1260 1291 1255 635 659 1211 1313 1284 1308 1301 1222 1307 1213 1297 643 1243 645 1367
1786 1794 773 936 751 1743 740 794 725 1781 793 1808 1742 931 905 903 896 1768 880 745
1044 1070 1115 1068 1062 1108 1076 1110 1026 1117 1113 1043 1094 1053 1104 1105 1027 1018 1075 1091
1235 1284 656 1327 1237 632 1252 1247 1271 1353 1311 1347 1291 1340 1263 1205 1287 1216 1253 1313
494 1548 1654 1660 507 1543 1569 466 1633 1638 471 1526 1677 1666 1652 508 1552 1542 1649 1662
583 608 1702 600 1697 1699 581 575 1691 624 604 1707 613 638 599 562 590 560 1705 1690
883 1708 554 780 557 805 777 809 547 583 1737 787 1759 768 1698 1699 578 1814 1784 917
623 632 612 642 1283 579 643 1339 578 582 657 601 617 615 1352 576 598 663 653 1345
634 1355 1289 1284 1373 598 597 1270 647 627 648 640 1347 1337 1336 592 625 583 596 619
776 1716 811 1793 1728 548 865 918 929 1777 1711 763 1775 922 745 755 544 569 546 824
174 189 144 139 207 172 165 205 179 200 197 160 168 191 138 192 147 190 210 162
1296 1325 1229 1305 1349 1313 657 1240 1287 1259 1314 647 1238 1365 1273 1366 1318 652 1252 1330
812 1595 781 1645 1572 801 837 862 795 783 1718 1712 96 1629 815 1729 846 1592 1728 847
479 1518 458 495 1446 1534 1472 1490 1536 1451 487 1455 466 1519 1526 474 453 488 1471 1486
1308 1320 663 1297 657 1263 1305 1267 1341 1352 1333 1287 1277 1310 1289 1266 1338 1329 1261 1299
451 1447 1513 1502 452 1492 1448 1487 475 1464 1465 1439 460 1435 445 468 1501 459 472 1481
580 1714 767 553 888 765 817 1727 565 928 618 909 578 807 1704 1722 576 621 577 905
1280 1316 1257 1278 1298 1291 649 1332 1333 1328 1290 1277 1265 1281 1299 654 1319 1368 1343 647
849 872 1642 779 863 1710 762 1765 1584 1811 1800 1713 1808 1591 1739 1791 781 868 1628 1598
207 234 184 265 182 235 1119 244 1136 258 1169 218 1168 208 1159 1177 257 255 185 266
1742 1778 1748 1797 920 1747 840 1782 1767 1729 1804 788 921 865 1714 910 1795 1770 800 1772
922 936 917 934 1714 937 946 1717 762 1771 1711 902 1730 1805 929 744 895 1715 1769 916
85 1605 80 1631 1629 64 1603 1602 55 1601 128 91 1590 63 32 1577 139 827 98 1576
809 1735 1585 925 857 932 1637 824 1770 929 1733 1729 1702 1731 909 1629 840 827 862 1720
737 1799 742 774 952 772 929 950 1807 890 958 776 1722 1783 1725 956 953 708 1714 896
1304 1336 1327 1270 1292 1252 1238 664 635 1248 1253 662 1277 1291 641 1354 1280 1319 1272 663
783 802 820 756 847 1716 773 827 1787 1733 782 798 860 1703 1802 1813 853 810 1798 1797
512 1549 1675 540 492 519 1557 491 1534 510 1633 1663 495 1661 1630 527 1637 1551 485 1548
819 1621 1705 792 813 1599 1569 1767 1731 1765 1762 1588 121 116 1595 800 111 1729 788 852
783 1819 889 753 1806 957 884 755 748 778 1719 847 858 1778 736 815 1809 943 854 893
857 877 887 795 848 788 802 1812 890 1714 1805 897 1779 796 843 800 856 1705 1793 830
547 1644 571 1669 1661 1657 1649 1664 1537 839 1679 1574 1642 521 544 814 841 513 1681 1698
518 1545 1671 1685 837 542 1565 1561 535 839 492 497 1629 1544 1659 836 513 1691 1568 543
823 1752 893 802 774 902 1598 828 838 794 1622 792 771 1618 1571 1611 834 1712 1707 1573
746 773 868 922 799 752 729 885 790 750 889 710 720 1713 1772 722 1731 942 1746 853
116 149 110 1620 160 92 158 1599 172 175 1602 165 1622 114 180 178 162 185 89 156
128 166 186 139 92 111 129 196 165 1607 170 1624 187 125 131 140 184 192 1599 91
551 1704 855 560 1724 570 778 854 770 851 841 577 1720 535 757 762 1645 780 764 1716
848 1734 1643 1727 826 745 821 1617 805 1765 892 1596 1641 1620 883 842 754 1728 1589 829
1780 1817 909 1765 1818 874 1729 1812 751 877 1754 1725 782 790 914 1747 1813 724 1762 1807
458 1465 471 1499 1497 1514 450 466 477 1472 1512 1513 441 452 1521 1463 1493 1474 481 1510
636 1300 1250 585 1281 1274 1338 617 1303 1322 640 637 587 665 611 649 618 1286 656 591
449 1471 1460 1470 432 1508 434 1519 460 1437 1466 469 1506 1517 1443 1433 1447 1505 464 1502
788 1777 1635 1818 1799 1788 1719 1762 766 733 807 1730 852 871 887 932 1804 729 1745 746
263 1200 270 259 1174 260 1201 250 1185 1208 267 225 255 1222 1176 243 272 1179 1175 227
729 1819 881 957 1784 708 902 740 911 937 901 1809 931 706 771 786 918 748 722 738
760 1763 1768 901 781 841 731 746 844 1732 818 769 823 1716 1783 817 770 916 849 815
1695 1705 810 546 797 813 1689 1730 558 564 845 1703 571 534 572 1712 784 848 1648 1642
129 1624 122 840 846 842 1568 165 1622 107 807 143 125 812 1632 826 164 1613 1573 855
533 1670 1538 1549 531 510 541 513 1700 1551 538 504 1633 1656 1636 1690 1693 559 539 1553
1300 1366 643 1335 1305 1330 1262 1303 1299 1310 1270 1381 1304 1276 1316 1283 632 1368 1259 1343
851 861 782 1785 1628 854 770 1716 844 1778 1713 835 866 842 1703 819 826 808 847 825
928 1723 906 1710 782 1732 930 791 1699 821 1818 1748 732 1733 819 901 886 1783 567 946
1737 1778 1800 792 1811 888 827 752 929 936 743 1794 738 891 917 812 753 1744 736 1816
486 515 1633 1545 502 491 1657 1529 1669 534 500 1541 505 1676 1641 462 478 527 1656 1563
1773 1780 792 752 1785 1801 797 948 1767 1782 851 1761 909 918 1784 748 951 940 732 1755
954 999 1787 1019 1812 960 937 1791 962 958 995 1802 969 1789 957 1795 931 988 930 1007
1722 1789 1712 750 863 754 1805 1813 801 936 1812 743 1777 776 1739 897 1818 910 948 1803
1238 1287 637 1285 1296 1362 1332 1282 654 1231 1248 1255 1357 1229 1300 1259 1348 1289 1211 1271
1641 1665 542 1702 1642 1555 801 1676 1576 829 823 843 819 1683 853 507 820 505 527 845
561 597 1712 614 596 590 567 562 624 1714 571 1693 572 603 630 589 1696 587 593 594
537 563 1656 1661 558 1717 577 593 582 1701 1720 579 570 1685 518 1665 1639 551 1682 580
860 881 859 1722 880 1630 872 1632 825 816 902 1729 780 911 1705 1726 1728 820 767 806
237 250 1181 1177 218 221 211 264 220 1173 266 226 213 223 260 248 279 1202 217 276
447 465 438 448 1490 1444 1440 452 1520 481 1491 469 1515 1503 464 1435 1489 471 480 457
910 1803 1786 871 1717 783 1793 924 1802 769 1805 777 733 876 1728 778 741 939 899 922
1332 1353 1337 630 1372 1310 1300 1304 1256 672 1327 1334 647 1305 1272 1344 1286 653 1281 1339
825 1573 846 1635 1753 823 853 824 1562 1563 1559 1717 1585 1716 832 857 1722 1578 1609 1719
1002 1030 973 957 1010 1012 946 964 979 1016 1046 971 991 1005 968 1043 1011 1006 972 969
445 474 1497 486 1507 1504 1500 1478 1448 1474 494 1505 497 1442 1503 1430 463 1484 437 1494
735 1803 1774 939 1781 707 1719 718 886 867 733 761 1778 949 713 865 871 887 1782 716
763 791 893 1631 1755 1706 846 923 1741 879 787 859 1740 895 845 786 1736 773 769 882
561 1720 726 898 1696 1785 753 931 747 804 750 1713 756 932 757 1702 565 873 1739 943
649 1278 1368 1329 640 665 1332 1326 1235 627 632 639 1281 1310 1248 625 1334 1323 1234 651
1328 1357 645 1361 1260 634 639 1321 1319 1346 650 1241 1245 1284 627 1252 1352 1291 1239 1314
685 709 669 715 663 680 737 664 744 713 707 657 673 731 655 739 718 684 656 723
736 766 1775 1710 896 783 1764 1811 1734 725 798 749 1708 1794 1799 790 720 1777 1767 756
550 566 599 530 1673 548 583 580 1681 1693 593 527 1679 534 576 603 601 538 1691 1687
820 1744 1622 760 802 920 1602 1754 1759 1612 1639 929 824 789 1640 1785 1584 805 761 1637
504 1555 1532 483 535 490 1577 1560 1662 1659 1627 502 519 1566 1658 530 1550 492 1580 514
1550 1633 1535 1648 1565 1662 848 806 1557 1573 799 800 1571 511 791 1575 1640 517 521 1635
691 712 696 733 701 715 705 707 734 710 674 748 730 681 687 675 684 695 716 720
869 1794 737 1710 910 918 789 943 929 728 901 1780 879 937 1711 856 913 891 751 936
770 1814 919 1752 871 860 881 1735 933 1799 878 1738 798 1736 917 1715 1808 795 722 910
215 1129 1144 1124 200 211 210 225 235 1128 1143 199 1139 203 223 233 213 1127 218 1135
522 1684 530 1639 538 838 1674 1667 555 569 1702 1665 535 1687 1654 1561 1653 1690 1677 519
918 932 1752 884 1766 1770 898 950 921 747 758 1769 942 914 1761 1768 945 738 1773 1797
569 1696 568 1714 540 1652 608 1688 516 1695 1649 586 522 1702 565 567 1720 1671 548 531
1644 1651 842 807 1687 847 1567 545 839 834 1673 517 1568 508 1549 1573 498 1635 1652 1679
1164 1175 1153 243 234 1166 230 265 254 264 241 239 261 1148 1177 248 237 266 270 249
1056 1074 1096 1092 1061 1091 1038 1076 1040 1110 1088 1085 1037 1067 1041 1112 1051 1033 1046 1047
793 843 1591 764 1747 869 858 797 1772 1709 1582 1580 775 1774 825 1601 1627 1571 1765 1782
1654 1677 1549 520 1655 1652 500 1681 536 1690 1541 1669 1701 1682 1692 490 494 1664 537 1648
695 708 689 745 684 730 734 692 676 693 704 691 733 717 719 688 726 743 710 725
1464 1508 1450 1492 1460 1442 440 1434 1466 1509 1513 477 1454 1494 1496 1459 454 1482 1440 450
1583 1607 67 1575 78 836 838 1626 64 1625 1564 808 829 1562 842 1617 1590 133 127 1622
1578 1611 1606 817 1626 813 1614 77 1560 1624 139 133 1592 842 1640 75 61 1580 1622 1587
1052 1093 1080 1077 1083 1096 1117 1055 1036 1085 1067 1078 1056 1047 1084 1087 1102 1028 1073 1072
545 567 1708 1659 1680 574 528 1667 521 523 1679 1672 569 519 562 608 602 1683 558 526
854 878 778 1796 865 1773 894 776 1618 1715 1770 836 787 1717 824 867 762 890 904 1786
930 1786 758 748 1723 780 1818 897 800 788 742 1729 912 881 914 1800 856 1805 882 895
1781 1808 790 939 935 795 1748 890 771 912 1742 1779 725 918 1788 780 799 950 948 1733
88 1628 96 85 54 1633 836 1582 810 1590 118 89 1596 838 794 110 1627 65 1585 1591
792 1632 782 1551 1788 1771 1718 803 790 518 815 872 851 1772 1558 814 1639 527 525 517
585 621 591 597 561 605 594 645 568 582 574 639 633 598 612 1707 592 641 1695 618
744 1782 749 722 1743 736 857 1800 1795 896 1748 914 940 1719 1725 864 723 728 773 757
892 927 1715 887 884 1770 1812 913 947 1752 897 919 765 872 1710 1818 778 870 940 741
872 1786 1739 742 1797 743 745 761 1709 1806 721 860 740 887 1810 871 777 1779 750 941
1002 1016 981 947 983 997 958 955 964 1033 1125 1026 969 949 985 975 1029 1121 1013 1023
1542 1547 1653 1650 1662 486 1633 1669 1550 509 1548 1531 1661 1540 518 512 1549 1667 1539 510
958 995 1020 1021 1017 1002 965 989 1803 1793 1001 945 964 982 976 961 987 983 936 1025
66 1608 1600 138 1619 33 71 68 1588 1598 75 1599 92 49 10 7 1625 117 84 115
23 78 2 84 1600 63 80 96 111 1591 50 1603 1612 95 99 6 1602 1598 1597 66
127 1617 83 144 86 843 1598 90 850 834 76 1607 1574 1622 806 810 121 1616 135 1577
1608 1625 836 812 1582 90 1579 1576 132 74 1604 1606 1555 827 806 133 1583 80 1607 804
900 934 946 738 1723 901 1780 923 1749 1725 1782 1742 943 945 1809 903 1783 1724 1785 1739
473 485 460 1489 492 1487 503 508 1452 1512 1484 447 1498 1488 1478 464 1485 461 1446 1448
762 1714 842 750 552 907 1743 823 780 558 761 1738 805 567 731 903 1762 1712 901 546
795 1731 815 913 1765 887 1711 1628 899 1637 777 1723 798 807 805 763 841 1773 754 888
615 640 575 1253 584 589 1240 1299 662 1314 632 1278 1236 1264 616 1274 638 601 664 1347
449 471 1455 1448 1522 1481 1509 435 1432 1440 1496 1466 434 486 444 1514 460 450 485 463
125 154 1625 100 1603 117 104 153 1609 106 1602 1606 129 99 173 1623 163 107 180 1605
488 1532 504 515 1652 476 1653 473 513 489 1526 467 495 1529 490 514 517 482 1517 1661
809 1600 856 1580 842 1774 1630 102 1596 869 1586 1642 116 796 94 1617 780 1748 86 1744
939 1795 1803 1784 1812 894 1731 965 883 881 1777 1810 877 1794 1720 1716 736 1785 1771 1779
824 1599 1622 1754 835 1706 106 805 1725 1597 1606 1641 92 1581 1576 1728 1613 81 1764 1735
938 1778 791 798 960 801 1727 954 1722 1758 946 950 1788 795 745 1775 789 1739 796 744
852 1618 1635 96 840 102 788 1703 875 1725 826 75 1731 775 86 1569 870 106 99 825
618 626 649 645 1346 659 583 652 599 651 1354 600 624 587 625 586 607 594 574 585
1642 1654 493 538 1668 532 488 510 524 543 522 827 812 1646 1702 546 541 809 855 1645
64 1604 33 90 824 65 95 828 823 31 1626 29 12 822 1584 6 47 73 113 43
651 1300 1318 641 623 646 634 1323 1289 1353 1369 629 1357 682 1238 1283 1320 640 648 650
1053 1069 1051 1088 1032 1034 1067 1085 1068 1087 1096 1064 1099 1076 1082 1090 1079 1116 1046 1095
1040 1103 1043 1092 1111 1048 1081 1025 1067 1104 1027 1084 1120 1124 1088 1044 1096 1093 1089 1036
238 258 1181 266 227 239 243 223 1187 216 1172 210 268 276 265 237 1159 251 1180 244
536 1705 1720 587 767 1726 1676 527 535 1723 821 533 814 539 849 846 506 797 577 566
464 1480 470 486 449 1515 1443 462 1488 1525 1439 441 1519 1477 456 1502 1462 1492 1478 1516
916 1765 1758 1774 938 1775 917 817 1770 1735 1736 846 905 932 845 893 1780 1749 1747 1729
838 855 1769 771 524 1768 1761 770 1706 1705 1751 876 844 1784 1735 516 837 817 1747 1719
508 1669 1563 1642 1692 489 514 1560 526 1547 507 1567 1635 1660 545 1564 1691 505 544 481
847 1586 1635 820 1619 797 1571 82 854 1565 1568 810 1566 843 1633 96 1588 1761 81 1774
1029 1047 1123 1101 1051 1021 1033 1008 1055 1109 1125 1060 1069 1013 1076 1093 1119 1048 1039 1118
411 422 382 407 425 393 431 403 436 439 434 410 409 428 423 392 406 398 405 408
657 1241 683 647 664 1351 1221 1284 1265 641 1311 663 659 632 1304 637 638 1280 1320 1288
519 1686 1707 1636 1557 579 523 551 498 1666 1631 536 571 500 520 1558 1706 503 1679 1683
497 1657 1686 1554 1528 506 1649 545 1645 1637 494 476 534 1553 488 485 1551 507 1655 1642
1787 1800 742 734 776 1815 946 883 1775 909 1806 1776 1771 735 921 906 957 958 959 911
117 1602 1576 132 102 64 827 139 98 1580 158 1617 839 840 833 151 838 103 93 1588
