373 2107 669 413 2152 418 304 771 240 1996 390 2040 711 354 1914 1939 233 241 2082 406
495 1672 1641 666 1748 471 525 1826 687 464 1758 442 894 588 1824 2088 1656 1968 935 1861
338 770 179 254 112 2179 312 2139 677 300 142 224 678 281 2050 741 1967 349 211 352
399 2086 623 298 1966 427 494 284 369 641 271 2124 374 1606 741 412 267 746 305 2056
700 905 338 876 1603 583 446 435 886 874 762 661 749 391 410 2074 877 546 1878 317
51 1277 1485 2226 68 2202 1362 2181 1252 1275 1337 2216 1289 1486 1285 35 124 2230 1238 1347
637 889 2054 479 569 2071 1635 405 1892 1615 912 1778 1669 1574 1760 688 478 1654 497 726
980 1669 529 583 1710 1575 1708 1856 1693 1028 1621 571 1850 1728 1666 1619 503 609 1606 1653
1094 1115 1038 1075 1033 1125 1042 1048 1046 1131 1153 1081 1119 1034 1041 1086 1132 1154 1090 1142
939 2042 1861 1901 888 612 1956 170 709 240 347 761 226 209 202 593 561 405 1015 2122
432 615 1584 1598 672 934 391 609 1799 2057 434 912 1638 529 883 523 554 877 1966 408
409 2019 942 662 720 1957 2038 702 883 1861 1991 1624 630 221 2179 1970 146 921 2010 1875
153 1996 807 751 711 928 2167 79 756 1861 426 940 736 407 385 794 2062 1967 216 145
499 912 680 1985 642 1698 1894 480 451 1999 711 1901 2073 943 485 885 598 1892 2035 413
964 1660 951 966 654 630 575 2099 1996 596 477 1777 520 550 1792 1857 1756 1732 688 1666
1858 1962 1863 1986 2056 291 1031 1041 1977 1800 2005 559 1868 913 422 1996 529 977 686 423
521 923 700 2032 558 2010 665 1816 636 571 1845 587 1910 2173 632 547 1799 2048 1662 1849
618 674 425 2055 954 857 443 350 1640 640 2025 1654 579 704 761 1880 1967 1952 683 965
1067 1151 1943 1041 1023 1012 1912 1180 1187 1080 1899 1029 1091 1906 1910 1166 1933 1154 1940 1063
1178 1238 1211 1154 1349 1348 1260 1133 1175 12 1157 22 1170 1184 1277 1204 1262 1337 1131 1334
894 1587 651 861 1695 514 1886 934 532 869 551 876 2010 632 2073 1566 2062 699 2048 591
497 1771 1763 693 1839 1772 1785 634 701 1674 604 458 484 2094 488 1677 1836 2068 548 940
253 2083 1008 1009 1954 494 2117 766 311 261 306 251 140 130 198 2131 294 448 221 307
113 2157 212 48 1998 235 953 76 72 728 187 1994 319 2031 2119 2112 2163 49 1490 1922
1073 1124 1089 1103 1173 1024 1052 1170 1158 1080 1160 1127 1113 1143 1120 1005 1106 1926 1021 1928
10 1279 70 26 1288 1294 1260 1224 1216 14 66 2203 1244 1461 59 1360 1321 1303 1241 0
750 2043 2064 265 311 414 1990 2123 2045 188 315 157 117 276 364 671 955 732 1976 1638
265 755 349 2166 305 289 211 2139 214 2177 278 301 81 331 152 147 810 2129 790 268
587 1598 2078 1620 1661 1625 1640 1818 970 1972 617 554 1838 1786 677 1607 971 1988 710 414
471 1675 980 467 475 474 1594 1033 910 1861 2068 1847 929 1799 1003 905 454 510 1669 999
356 1997 661 681 2080 189 304 256 792 2173 249 2076 178 254 352 244 2125 2011 796 2093
478 1803 628 563 1655 474 994 1599 959 454 971 648 489 1671 939 640 662 1801 1841 1831
1985 2130 189 150 157 1648 973 797 2143 209 798 345 399 1923 2069 722 644 251 750 642
1421 1450 1376 1409 1384 2183 1280 1382 1355 1278 2205 2240 24 1373 2182 1413 38 2187 1488 1370
655 697 1680 754 603 942 574 1633 711 670 810 1992 771 1871 1649 1581 675 1864 815 1760
1642 1872 907 623 1896 1840 656 2068 2056 615 2047 574 973 1654 1970 659 2061 582 1753 577
1530 2236 1540 1270 2171 48 831 842 1489 1508 57 1460 1452 1531 1361 60 2202 1560 1541 2207
51 1463 1271 2241 1466 1514 2186 98 2173 1289 1255 1441 31 1496 2236 76 16 0 1300 1509
575 1642 542 1656 1676 1552 512 616 609 1784 462 549 1848 1607 1810 1830 674 1655 2068 2055
1982 2126 923 711 706 726 1638 909 1857 2039 1985 905 1027 643 322 691 977 190 2140 1984
1408 1458 1327 1507 1267 1421 1391 60 2224 1349 1310 1434 62 2174 2185 1470 1389 49 1393 74
205 818 2167 295 262 2031 2154 2023 189 223 2165 678 285 157 127 1474 288 1999 168 163
1462 2186 1460 766 75 139 843 1443 1425 239 1490 2179 1423 65 797 242 758 767 1455 238
217 2120 1025 2148 1983 110 1031 799 159 302 698 305 774 329 793 166 981 300 293 2136
944 995 1676 668 1885 2024 2031 898 2032 1863 1673 1893 556 979 1031 1716 488 2139 500 913
507 1828 524 1849 492 532 2066 1832 545 578 1884 1618 560 474 928 537 1596 1801 1844 573
1664 1855 1972 1706 452 1743 1579 1726 1817 658 2036 608 1927 2079 615 1679 1680 467 2028 1741
1498 2195 2209 2176 1514 1472 204 95 56 191 1494 1308 109 26 1412 78 74 227 1519 1415
579 702 289 2115 382 421 452 282 303 567 1604 431 2066 1770 658 799 969 886 291 290
944 2022 793 998 796 636 2150 707 759 614 935 477 933 615 2169 1628 807 663 185 617
419 432 417 714 687 697 1991 379 677 708 2060 710 1970 449 2099 2001 699 383 2070 618
894 2049 752 156 2135 1984 242 663 601 2127 2115 1678 1994 1670 1998 2068 414 761 609 1955
2115 2165 662 934 2074 2154 2148 1963 1026 700 346 2059 731 1897 1451 2023 2052 1458 114 115
1909 2122 1690 356 730 363 2173 1021 1859 1985 353 721 1981 1017 1030 1990 224 1956 2017 329
141 2182 2156 259 262 284 2057 2015 220 2200 1497 2201 160 2050 176 2038 2189 818 186 156
301 784 1991 2069 1941 133 288 325 817 343 88 197 763 755 795 699 824 2151 201 106
664 2061 153 370 358 591 2080 1588 1857 719 1669 913 506 286 265 1878 594 2013 887 877
268 714 2022 798 305 778 276 317 1966 343 2152 2155 2103 590 424 2087 388 913 2089 491
980 2098 395 994 1868 2022 303 362 2108 781 1974 365 289 238 162 1982 2118 244 767 479
314 363 719 784 2010 137 676 2077 1998 2085 335 750 2162 2012 262 158 742 2165 2141 350
1025 1698 957 1910 2127 2106 1731 940 931 670 1005 892 2107 1009 1967 1954 2113 906 997 1985
248 733 646 339 710 753 765 229 2183 706 371 655 2157 256 2025 370 2004 251 699 688
569 1775 681 697 941 558 549 1585 448 529 913 2064 446 706 452 1612 1660 650 947 651
115 221 222 856 2190 2028 766 2127 92 810 836 108 824 1478 224 1487 714 1486 844 135
718 2046 2064 2151 1992 602 701 611 125 220 292 2139 390 888 2155 675 713 2035 207 1968
985 1933 1673 1954 2123 1700 2065 1696 1900 1947 933 2112 972 2066 2105 1890 968 2116 1086 982
593 916 1617 1758 1770 1769 989 1608 985 1982 1643 1987 2062 1833 1841 1847 500 585 1901 2031
1004 1884 2087 1852 1688 1931 923 1010 992 1882 1620 1699 918 904 990 1943 1841 2022 1898 1837
621 1959 907 707 1583 634 1033 646 578 2075 548 714 1841 1859 1782 1991 903 1036 1992 978
44 1502 1315 1239 1248 89 1441 63 1516 40 18 1283 96 1287 9 126 1443 2233 1339 61
1856 2037 724 2116 2036 1827 349 1781 2107 1632 1937 138 2073 686 706 713 192 471 1851 1853
120 762 726 819 2046 53 237 329 1494 2044 2134 744 1481 151 207 2010 1999 312 100 2193
425 466 595 442 1778 551 492 711 458 436 1983 487 2115 659 427 443 2087 486 1992 1790
1589 2058 1655 575 1619 969 2111 717 178 426 801 1793 1625 778 671 534 1978 750 882 458
1596 1800 613 555 1637 623 904 898 407 2058 499 663 1798 1855 513 651 1671 500 527 1656
65 1279 84 125 1303 56 1280 2190 40 1265 1255 2239 1338 1356 1214 1453 2 2181 2230 1253
348 718 85 141 1972 2175 703 309 2076 699 299 850 104 766 2012 638 617 2015 873 828
2109 2161 2185 83 795 1914 1044 962 288 1985 2040 334 2077 196 427 789 256 711 390 1946
569 934 2003 1662 527 2182 1778 911 2057 1923 2018 1673 2016 658 950 1801 927 1020 687 2051
585 1772 1652 617 487 494 1853 1656 555 1663 1774 504 1600 1585 576 563 574 1660 431 619
279 764 324 2144 739 113 817 819 261 103 696 95 96 732 355 710 2087 741 320 2031
1253 1284 1352 1200 11 1299 1289 7 1314 4 1251 1343 1481 1357 1263 1347 1331 1268 1322 1257
1574 1656 876 1787 1771 1773 1760 1741 551 676 1766 974 926 2035 923 937 461 494 539 1599
36 1441 1261 1278 1450 80 1331 1412 99 1497 2180 1386 1286 1462 1336 1243 73 1382 60 1403
100 775 813 2008 289 105 226 1467 91 182 1974 217 2036 351 783 319 2031 859 339 2000
119 148 259 759 723 2197 118 1986 45 2173 846 2210 111 146 717 2014 719 81 272 116
631 1814 535 1597 426 1842 416 449 472 882 922 632 567 551 546 1851 408 545 725 679
84 142 843 847 157 62 2239 781 2142 713 270 235 153 782 839 57 61 113 2169 178
483 958 1701 603 2151 543 558 946 921 2103 2004 1883 1885 1845 667 966 942 2119 1784 662
511 1650 905 942 681 676 585 929 669 543 1779 1840 1655 541 524 600 575 1629 661 673
894 923 487 2005 2058 968 899 1962 2028 674 2055 1862 661 1919 908 581 1995 689 553 663
259 777 733 718 734 2077 181 833 2162 2024 2040 362 118 804 1950 2165 2014 1984 231 802
970 1686 1655 1005 2076 1916 2094 1026 479 1700 1644 1608 1914 640 2063 518 1003 893 666 1886
1961 2099 937 2005 1971 934 1948 2135 154 664 2013 767 671 2061 1957 931 313 639 984 1994
104 151 1482 825 285 798 2157 42 793 1472 837 46 98 2022 105 88 297 230 184 2205
226 815 172 817 80 2185 720 699 819 98 2046 2033 707 173 734 791 291 245 294 769
84 2165 1912 854 2108 106 1461 1478 226 278 1995 44 820 934 167 38 2104 926 747 158
374 717 112 283 748 641 601 300 365 2099 2129 139 2136 2120 2033 362 2076 355 152 1978
217 2016 2001 146 172 214 113 363 1986 2190 1956 144 85 1624 2187 101 284 1573 783 1578
411 2030 2012 405 1871 1988 158 1872 352 1633 2006 1981 1870 2026 458 159 620 373 362 2069
597 1855 1635 1840 950 561 1637 2014 1971 621 1822 911 1953 1964 948 655 1907 2072 1590 665
1832 1857 1838 546 2055 1626 512 1675 992 584 495 1984 534 1875 1987 475 2086 624 2036 2011
1150 1174 1116 1223 1130 1133 1098 1107 1163 1180 1088 1124 1145 1178 1231 1105 1235 1171 1200 1093
656 1984 2105 744 1841 763 1988 1952 1635 791 194 2062 641 860 880 640 874 721 2172 854
447 510 571 1657 459 499 648 909 1844 449 1789 635 556 1766 517 1655 1783 1593 1811 2069
1768 1782 532 1786 1858 1602 1857 584 559 563 496 1781 518 1803 600 525 1788 649 542 459
494 936 1708 703 1961 1806 1721 594 1878 2160 1987 1020 1684 1970 1907 673 1595 1021 927 700
178 275 2177 766 310 1939 1992 2123 716 161 808 2136 830 848 157 208 732 767 2052 2008
1658 1748 514 1892 626 1877 477 1756 2046 2058 1670 553 2051 1690 461 1728 1785 657 611 926
634 940 2050 1954 1797 1936 1664 1931 553 923 618 911 1699 967 1851 1724 598 435 990 1584
147 2154 2061 948 215 2055 2196 777 220 788 739 2151 80 1944 153 109 2051 2040 2033 1945
106 160 192 279 145 2017 824 214 1466 753 714 844 248 131 2204 91 1472 246 811 154
163 246 175 136 2180 239 205 1981 194 196 778 808 2111 2128 716 278 2064 2041 316 2007
936 989 1865 1882 506 475 483 913 955 647 620 2113 1887 1959 927 1020 559 1729 1026 600
120 131 252 2018 2058 1485 1473 2189 733 271 79 117 196 269 722 2143 768 177 1469 2135
1083 1100 1105 1934 1935 1158 1911 1124 1135 1917 1073 1157 1121 1103 1120 1031 1101 1034 1024 1156
570 1621 662 1665 442 534 1989 451 512 1869 1879 543 445 1895 938 2049 461 2020 1618 1650
1071 1926 1097 1879 1111 968 1970 945 1854 1144 1014 973 1028 930 1942 2096 987 981 1067 1116
285 312 117 688 2178 222 2100 2130 2135 379 323 1950 329 2056 290 817 2173 1968 1974 192
180 2152 2189 196 352 834 2079 839 102 221 160 826 2078 795 729 2137 1949 217 310 239
394 2060 894 933 650 181 1561 1874 744 208 129 147 497 770 1646 2042 1621 1573 686 1636
978 1712 1879 1868 1981 1744 2070 1972 1898 1887 2087 1875 1990 1903 997 2118 1027 1863 2108 1038
939 951 588 2032 1928 466 2027 544 1922 493 1889 2154 925 910 2014 502 490 1663 1965 1924
957 1657 950 1784 1922 658 638 895 925 1744 1883 534 1626 1740 622 1571 639 2125 492 1585
1063 1141 1047 1189 1923 1915 1071 1009 1913 1069 1027 1105 1125 1912 1060 1919 1938 1145 1126 1168
392 726 293 318 134 208 312 118 614 690 2071 196 2113 261 2032 2141 696 2182 122 631
619 727 186 843 135 527 2149 270 1660 130 384 461 827 891 848 101 1973 1645 1633 2099
735 782 701 885 750 699 2066 2161 183 844 786 816 214 156 2064 2167 2046 309 2035 277
489 687 876 1820 2036 2030 1673 409 743 473 340 671 403 569 2011 1656 723 1777 553 685
625 1789 1576 1756 2075 1676 1649 413 583 537 716 1811 930 678 1764 1599 1661 1965 1853 624
470 1791 674 1767 449 643 1861 454 640 477 917 964 2068 1613 1835 488 1795 486 1781 1774
994 1678 1959 655 2069 955 1888 937 1878 1685 642 2071 1969 1908 2084 567 669 646 1970 1672
354 2100 2041 986 965 1979 257 288 156 388 1939 2046 1039 327 348 287 2144 1001 2009 416
484 1855 1832 1944 532 556 1903 609 543 1685 1585 660 1927 1657 576 504 603 2091 1803 616
1028 1690 923 1985 1688 1909 1902 675 2100 2102 1868 1073 1901 1673 663 916 1014 1721 2082 665
427 682 2075 2048 703 1697 338 735 549 775 2137 487 1945 495 575 1691 727 1943 1637 1991
676 1890 1756 610 602 2054 387 361 1716 692 354 1690 900 717 524 776 625 1907 355 1608
256 2119 2187 1951 163 2009 282 2092 811 701 1924 102 351 708 707 272 689 683 240 1918
1666 1756 455 622 492 559 1630 1877 598 579 2053 1574 1846 961 670 909 1729 1765 1851 470
1050 1925 965 1885 2093 1007 923 1037 1091 1048 977 918 1917 1009 975 1933 1899 2139 1938 2129
287 2174 2002 88 160 925 751 2019 341 2095 851 2073 1452 1469 1999 834 2058 1510 2179 1965
22 2201 1499 46 1505 784 77 78 1263 1443 809 1264 1334 1539 1301 108 807 56 64 1281
1653 1787 1791 924 926 1862 1630 1877 1656 1738 582 597 545 1825 565 539 934 497 508 1733
1505 2170 2206 871 863 842 773 1998 87 867 2228 874 59 276 35 2118 2046 321 1978 846
1891 2164 287 1971 874 842 1703 304 2102 1976 908 1931 1007 883 767 981 1058 126 1982 334
571 633 496 914 1770 1658 2075 893 462 566 508 962 1598 1978 2060 1672 926 1630 1632 1964
1976 1994 347 2024 425 952 638 2072 291 151 1846 2027 374 1621 722 198 942 144 2120 217
727 2113 821 2044 383 991 1038 292 974 1907 1951 662 2121 195 753 147 2110 388 1960 2090
83 729 239 2089 344 2113 271 1990 640 2239 241 2238 133 2038 135 2135 327 771 268 2191
695 1986 2074 708 204 661 570 917 2127 2090 536 968 595 2171 934 890 1628 341 787 534
