2 1213 202 1308 1180 1142 1425 1384 1289 168 134 1135 1108 1109 1393 1396 1207 1315 1138 1291
1137 1171 1258 95 117 1093 1117 101 58 198 1419 1139 1113 1367 1124 1377 145 43 226 1086
569 587 563 509 516 512 514 506 596 616 507 520 545 523 555 511 566 543 505 610
150 1358 1063 1417 183 1430 108 1281 1197 1064 1380 1178 1144 114 1446 1139 48 31 172 1138
7 1298 1361 51 1301 1220 1393 140 214 1388 273 132 215 220 9 34 1114 1204 1245 129
33 1145 14 1171 1086 1294 144 1175 179 109 101 1085 1358 1286 1087 169 1365 1457 238 202
28 1382 1076 1139 1293 1292 153 1217 1441 1245 1280 171 1203 275 1180 177 1465 129 102 255
38 136 1285 1425 1286 1228 166 1067 1114 1110 1074 149 1456 1158 1366 180 1202 1102 199 30
122 1119 196 1455 1088 1360 1304 1445 1105 1131 158 150 224 15 1320 1084 1244 207 223 1063
138 1175 36 81 1442 1320 269 1464 65 197 142 63 151 114 1411 1421 1129 34 101 1450
406 427 369 399 441 438 378 437 368 501 384 393 465 460 366 374 363 475 417 398
1146 1163 97 85 1205 94 111 1308 192 208 1084 1157 239 69 177 273 1416 16 1216 113
933 962 821 828 883 791 898 956 794 870 835 888 1020 864 909 995 790 965 996 964
110 1290 191 1182 146 149 1163 1277 1105 1076 1174 1281 1257 1444 1160 1413 1421 1429 3 1172
1197 1402 1177 189 142 1386 183 1168 82 1428 25 1459 1284 1117 6 1161 69 237 1302 1379
526 580 572 577 551 487 576 507 495 490 484 593 550 534 477 564 579 533 510 587
68 1191 1312 176 267 241 278 1452 167 1169 1268 97 1225 16 158 1176 245 1135 1415 1200
267 286 8 1146 13 53 307 66 311 108 44 249 93 265 80 0 1461 1456 55 1425
1341 1424 1375 1223 223 125 1378 1185 1290 96 215 1202 72 1377 1402 158 173 1362 17 175
201 1191 1287 176 15 102 158 1458 46 139 1069 25 235 208 1310 1290 162 14 1301 138
1344 1363 1423 161 1376 1433 1317 1346 1365 206 1437 1262 1329 144 1199 1422 170 1462 129 35
1188 1377 218 42 223 113 1118 1375 1272 1371 1417 241 236 1390 1217 160 197 1166 39 170
1254 1265 1175 1373 1252 1459 1262 1437 141 1164 1228 134 94 1255 1251 1213 1334 1432 1347 1425
84 1427 34 186 80 1257 1340 1391 1432 1275 1136 1362 1217 1308 0 1426 63 219 83 1247
151 184 1111 1283 124 1136 1386 1295 1269 4 1052 1298 1192 1303 39 1352 36 1424 1452 155
41 259 1273 117 1397 1455 145 88 1289 1316 1161 159 1177 66 99 160 1403 1420 1182 48
175 1101 40 1140 1404 1275 213 260 49 1115 1448 1280 1366 1092 1060 1093 1317 203 1162 1051
1388 1456 1149 1156 26 1280 1128 1386 1426 1409 179 20 48 183 73 1238 1431 10 156 256
370 384 381 392 417 401 341 430 380 427 445 367 421 428 354 369 379 408 365 420
1220 1264 137 1218 1187 1438 147 1434 118 37 1197 120 1444 1208 146 30 1309 1235 1332 71
1394 1436 1131 1255 1345 76 65 172 1273 1175 1397 1272 82 1429 260 255 1141 1216 1439 1407
255 1448 224 1392 153 1440 1291 1221 1429 1257 263 1165 1280 1379 1151 1441 141 37 217 1222
12 138 126 1330 1324 117 257 1240 1282 1183 63 1462 1166 1461 1289 1307 1458 1153 1465 1223
35 1463 1454 1423 1395 1437 166 1078 1120 1426 1096 1105 1172 1183 1180 1124 1398 1143 1381 272
655 678 677 694 696 683 684 693 689 668 680 671 650 705 716 685 710 700 653 707
208 1079 193 1180 245 1280 1068 240 1142 1110 1406 14 234 35 1155 1095 241 1296 1158 242
1147 1186 1422 117 53 1188 155 1118 1352 1396 254 34 47 1269 1434 67 9 139 1316 1272
236 1101 256 190 145 241 1186 235 215 1066 1079 1417 1 122 8 125 132 257 179 187
126 1323 1292 17 156 99 95 1352 45 1406 1162 1425 1437 92 1242 1181 1363 1159 133 1277
168 1181 1155 1433 1270 1186 1365 162 1144 1285 1401 1209 1311 1145 1375 110 108 1139 1291 1127
1 269 1287 14 36 1172 1144 1142 1132 1372 1266 295 16 54 1449 1164 135 17 27 1111
1065 1074 155 32 1110 130 198 233 153 1052 1034 160 1051 143 138 1102 185 110 1125 147
32 102 98 1433 74 1160 1120 1445 44 1284 1464 96 1167 1158 1375 1388 1093 1237 1186 1302
1164 1196 1430 1314 1218 232 1427 1401 1135 198 165 178 1307 49 1219 1158 167 1113 1258 9
155 1175 130 1150 133 1202 1262 1362 1352 110 1149 1386 1401 1091 1454 1279 1211 1108 1143 178
30 78 27 1384 1306 1139 1198 1288 1373 1428 1177 1385 93 1299 85 275 1332 1424 1154 148
90 279 1442 19 1244 1435 12 257 106 1437 17 87 70 301 304 288 1264 58 76 44
120 1216 1170 1417 1195 1102 1188 1163 3 1295 1152 1200 167 77 9 1354 1267 1169 1162 1430
19 107 1331 1394 1305 1303 1382 1070 1222 1265 50 81 1315 93 1379 88 1170 1389 1200 40
814 911 880 943 1005 989 806 899 921 904 975 845 829 957 969 948 866 793 858 988
167 175 1118 154 28 124 1441 1056 1092 119 1129 145 149 146 1155 1448 1315 1318 222 1267
142 1260 1380 8 1290 1436 1302 1085 1090 105 1346 1315 84 1064 1378 147 1273 1295 1234 1429
107 267 31 1428 1310 1434 1162 1309 1465 1235 1142 1177 89 92 1175 1268 1221 1135 102 269
3 1380 1203 1376 1114 1140 1413 81 1353 1240 1439 46 202 105 1321 1182 1152 1324 271 1443
130 1303 1078 101 1398 206 1348 1061 2 1131 1135 1196 1404 107 1367 1376 1159 1382 140 1267
110 1298 1204 13 1422 45 1271 251 249 1455 191 1162 1420 1138 1316 70 1431 210 1360 218
1416 1440 238 1372 94 13 1197 1349 71 1334 1194 1244 258 1234 8 1336 1224 137 117 1260
784 946 994 937 861 853 838 809 923 1002 758 947 966 759 1037 1041 1026 859 831 781
768 1034 997 764 1045 776 1058 754 809 1009 773 738 815 1069 784 968 987 743 787 759
25 1267 1097 1432 1305 147 81 28 72 1448 1197 1144 1133 1321 96 1398 1347 71 1227 50
216 1145 1402 92 190 87 1092 1353 182 1299 140 1392 1165 257 109 103 212 1428 1453 1446
167 1107 1364 155 1406 1274 1380 1077 1357 253 1418 170 1131 33 158 1265 19 1356 1145 1190
559 591 600 584 537 558 608 601 574 556 517 579 522 548 590 516 552 569 597 568
50 81 37 265 1456 1460 31 1170 1188 1133 7 1117 87 23 1205 1448 73 47 1265 102
947 1003 965 793 943 1008 797 765 818 877 764 791 796 844 994 976 792 927 829 860
104 1156 53 1194 1239 1107 1410 110 31 1233 77 37 1304 92 1139 1418 1291 198 173 124
129 1158 1168 1306 29 1125 116 47 1261 1455 1180 1441 1164 3 26 1418 1190 147 1112 38
17 1302 34 1073 1207 1296 1453 1419 1417 1416 145 114 1130 75 1347 254 1288 88 1249 1132
1263 1459 21 1159 1295 131 1212 129 163 10 1397 59 1449 1451 1255 1146 120 122 1137 98
1143 1404 1378 1397 40 141 154 1360 1406 10 20 1434 1123 1291 55 1318 36 16 231 1
130 1116 1201 219 1094 1402 132 160 1337 114 1378 188 107 1088 70 144 1151 1264 1148 1304
109 1294 1265 1311 1372 261 1377 23 1344 1102 1226 123 1184 1430 172 1456 1097 1374 137 1375
739 763 747 729 754 1048 785 1016 756 1003 805 707 1001 713 1019 702 726 1042 777 796
485 536 502 478 540 578 434 498 509 474 590 568 591 584 437 449 514 450 525 495
59 1096 1456 1138 259 1425 204 160 28 74 253 1113 1172 1436 1203 1287 218 29 1447 136
164 1314 1396 149 176 1329 133 1177 1418 1180 1362 165 184 1172 1114 1187 5 1149 1387 1147
243 1090 249 1161 1140 174 229 1125 169 56 194 41 1087 261 179 1398 3 212 20 1413
9 1323 61 134 1137 1368 1164 1401 264 276 165 1441 248 1393 132 1222 123 1131 142 156
127 171 1428 1150 1323 176 1263 1057 1270 44 1178 73 1145 80 1158 1382 1189 1160 110 1314
1082 1123 4 143 164 1449 1127 176 110 1178 54 237 200 1422 260 166 20 1109 29 1138
1306 1392 1304 1462 183 174 1292 1203 220 212 1362 1413 1325 1464 1408 1196 1115 33 1126 1266
18 52 1315 1444 1219 1103 1306 267 1131 149 1312 1128 1368 1168 1087 1430 1436 1282 155 1379
37 1195 1086 1425 78 34 1253 175 1300 1252 1461 173 157 1244 151 1084 164 147 1424 1416
111 1306 1435 257 1263 1191 1249 43 21 1179 129 1343 1433 1353 1406 1441 1082 1147 1352 1361
1 1345 1252 1427 1362 1161 1297 1314 154 1108 1130 1460 1171 165 1106 1385 177 1426 1321 1286
222 1067 1094 140 247 1398 198 1165 1401 1140 1119 1049 1089 190 1034 1044 1168 153 133 146
1012 1054 1071 777 1045 956 817 820 1043 1055 199 821 1057 171 953 772 162 805 977 826
1138 1437 73 1194 184 24 271 1357 251 1089 1152 1435 12 1121 1158 261 1275 272 1243 1169
1167 1349 1177 8 232 130 114 1195 1210 228 87 151 1400 1147 1 1399 1427 1109 49 1216
786 923 936 918 914 966 1046 937 888 1051 935 891 905 930 902 915 852 870 815 1042
30 145 54 1291 65 1056 92 1113 204 1464 1193 1141 1064 126 1119 1160 19 1269 1116 88
43 1125 246 1456 161 1250 1288 153 275 70 1176 1441 132 1201 97 156 1391 1272 19 1387
196 1061 197 229 170 1299 1391 1023 1313 193 1049 1426 160 1403 1148 1002 1161 1139 1168 151
3 255 1401 1253 89 0 1293 1213 212 163 1374 277 1240 73 172 1342 1329 170 1343 1332
397 428 479 388 400 470 462 416 508 410 446 464 385 417 509 362 403 378 398 474
284 299 271 72 280 276 301 274 77 289 321 73 294 267 71 282 82 76 327 283
198 1445 1246 169 1154 1099 257 1094 275 1396 140 1124 72 31 131 85 240 1391 1281 255
199 1428 1179 1098 1203 1350 1433 113 1126 1243 1427 1397 183 1139 1365 1352 1333 1399 1104 44
12 1107 1159 1148 1381 1170 1080 10 1368 1068 105 1345 272 176 240 1367 1245 213 225 1198
26 152 1275 95 1316 1081 1080 1314 1192 1095 1356 1082 188 1410 1430 1407 1339 70 1367 178
1310 1433 267 272 1238 1129 1235 1343 1293 1260 157 1202 100 194 1367 1275 1181 1266 275 1133
212 1188 138 1422 1145 1162 1342 18 257 221 135 1314 1398 26 20 178 15 1393 165 1149
176 1357 1283 127 116 1074 1181 1060 130 1412 1378 1344 1274 1200 1431 147 1425 1319 1159 165
174 1188 1342 1169 218 1357 185 204 112 1455 1049 219 14 1278 1199 1428 177 1122 197 1170
770 996 1000 745 848 1023 1039 980 1005 1026 969 778 801 968 788 926 806 1028 741 931
474 537 517 450 436 519 580 460 587 445 521 428 419 509 430 589 552 414 500 545
1273 1312 1337 1318 1180 1458 154 73 1368 1245 1335 1235 1385 1257 100 1316 1149 1326 196 1384
740 754 763 772 759 734 747 723 714 766 764 774 705 768 704 753 729 710 773 711
56 1261 1117 1179 99 40 270 76 1447 22 3 55 1223 1182 60 39 20 1225 1091 88
45 1422 165 262 260 1219 13 1259 1424 72 1193 62 1284 1332 1171 1447 1321 6 1114 1205
205 1417 1096 1081 136 1162 1372 1126 124 197 236 1127 1079 195 1337 158 141 1318 1084 227
196 1152 143 1364 1168 260 17 12 1422 1148 221 65 1418 248 189 115 256 111 36 1397
1327 1338 1368 1285 1406 1375 122 125 1197 1270 135 36 1269 130 1318 25 1183 169 120 38
187 1188 1184 1124 232 1371 1201 1176 150 1378 1456 1374 1263 1096 1414 1050 149 209 2 31
827 857 962 775 870 901 893 858 786 949 1002 803 811 816 998 877 809 804 928 1017
157 174 1151 1062 9 1457 138 1183 1317 1123 1343 1136 1394 206 1295 187 1114 1422 1108 199
224 1064 1078 1428 1085 1021 119 211 993 1116 191 1126 1406 1391 1139 229 1121 1155 1090 1295
212 1067 1404 1113 1166 237 239 1183 1087 179 1023 181 1421 1069 1042 1070 140 175 1001 1150
361 396 440 385 390 420 405 431 417 433 418 454 404 451 441 395 370 362 432 353
1373 1430 1243 1301 252 1322 1289 3 1427 1177 36 149 1391 193 1384 1270 1288 205 1136 141
844 932 829 847 966 991 833 958 941 909 913 893 779 884 902 818 955 859 968 862
336 345 326 331 353 310 369 337 361 312 332 384 364 363 339 376 328 309 354 383
192 237 1424 138 1374 1150 1152 1283 1368 1408 250 1318 1291 1385 1192 1307 1270 207 1410 1081
1312 1420 1366 1194 1448 1438 1343 1422 191 1181 1333 187 189 7 36 146 1341 1417 1347 197
178 188 231 213 148 1389 1390 1377 1295 1347 1402 1122 1106 227 1352 1380 1059 134 1049 1066
27 1325 1170 1357 125 1282 1104 22 1099 1337 6 155 1352 73 1194 1252 1305 34 84 1160
792 970 865 786 794 915 936 1026 796 875 776 905 939 817 996 1045 925 823 1021 833
70 283 1202 1273 1433 32 1210 256 73 130 315 1207 112 1255 1203 58 301 1434 1267 1201
180 1357 1098 1103 173 1144 1079 160 1364 133 1385 1273 1421 29 163 192 1084 27 1423 1076
18 1347 32 1155 1301 174 1166 67 128 1107 138 1245 1131 1419 185 168 162 1336 1321 1110
208 1075 1172 1368 174 1052 1047 1400 1119 1121 235 204 221 27 1060 1097 1040 1298 192 1405
85 268 1264 287 35 112 1274 277 29 57 76 0 3 1205 41 1231 30 256 1147 1228
27 1112 1282 1333 161 1437 261 117 6 1434 81 1337 108 1272 160 1420 1386 1191 1243 66
1134 1399 1437 1303 255 143 1158 1412 231 35 1423 242 235 1462 62 1415 69 1166 1356 1322
235 1087 1082 1139 23 209 1063 1412 228 1147 1088 17 30 1164 1124 1069 186 147 154 258
106 1424 1186 1283 1394 1208 132 22 98 1341 1145 1184 208 223 1263 116 1122 219 50 128
191 1395 1453 113 195 1345 185 1302 1337 1181 1180 235 131 1 1379 1149 1177 204 1147 1354
1284 1317 13 1291 149 118 1325 29 1315 1204 1386 1400 1382 1198 1151 1189 1392 171 1314 1428
1061 1096 251 1042 1101 138 161 182 226 1133 1044 1027 145 203 196 1095 151 1097 1000 22
739 750 771 756 767 770 765 776 709 719 716 720 718 730 774 740 768 700 764 735
125 1101 1171 1117 104 1134 211 38 1068 1259 142 1078 1072 184 1347 1415 94 1061 79 1255
1270 1443 119 153 109 1181 1376 255 1272 106 59 201 1406 1432 1387 15 1264 1332 1255 114
151 1068 163 1435 1114 1190 1209 1153 230 1340 111 1158 1272 1056 1361 1 1297 1129 1427 118
208 1159 167 73 214 1404 128 175 256 1441 133 176 195 1146 69 1390 241 65 49 1459
10 124 47 144 37 105 125 1437 1458 1120 1137 1108 1225 1204 1100 2 1353 1211 159 1075
24 1259 1089 1294 1248 58 160 1330 1209 4 1280 1244 1397 75 144 0 1185 273 64 166
1179 1314 1360 252 1124 1407 1392 157 1431 105 1210 1327 1110 123 53 196 70 30 1283 18
156 1355 1160 201 1431 1262 1292 1084 1434 1409 1209 142 167 1443 143 1144 1154 1346 1102 17
90 1441 170 1252 1156 1187 1205 102 1443 1147 1464 54 1391 1214 1461 1302 1453 1387 1388 1370
144 1271 1334 1319 1278 1434 137 15 53 1392 1421 1365 151 1219 9 1371 42 1065 1130 1385
