187 1959 2873 1990 24 230 21 76 1958 2011 154 115 2051 203 110 1979 223 1974 2863 1973
171 2026 1968 115 1869 2883 85 1990 277 2034 1926 2061 278 69 2016 2068 130 1988 2063 61
626 764 571 501 2820 810 604 738 746 760 2790 1020 725 586 610 766 866 815 662 649
87 1945 1984 1908 303 59 2037 2876 2833 1914 2867 2841 175 73 139 206 10 109 1993 119
1091 2738 977 2767 2722 2713 979 1105 975 1070 1098 887 1078 940 2630 2662 2647 1112 989 964
17 1955 98 2010 198 111 48 2842 1956 2028 74 136 155 1 1901 1912 1930 1984 282 1954
911 2748 865 936 893 885 2760 2738 935 702 2751 907 2769 2740 875 879 687 930 674 2771
536 590 635 433 515 564 2784 578 605 557 618 647 667 650 467 448 2815 474 2799 431
1780 2065 2113 1808 2137 2142 105 1728 2153 156 108 2077 120 1857 1817 1763 1878 1748 1752 1751
621 723 495 679 1019 637 728 665 743 658 737 790 597 676 848 577 734 694 684 493
98 2065 1819 1987 2083 2054 1875 2052 1981 2038 76 118 70 2079 55 1852 18 1983 62 1897
863 922 711 896 721 757 2783 920 891 880 994 892 954 816 740 798 967 869 827 949
419 587 291 2837 404 2848 2816 588 2805 316 506 635 467 285 649 1995 1983 476 565 442
350 376 319 242 2835 359 358 399 310 555 335 337 316 360 2001 351 263 552 370 561
841 1009 2802 739 2693 945 2717 2783 976 1057 1077 2682 966 2781 2788 2716 2685 2771 937 2703
1092 2725 995 996 901 2701 1081 2728 968 1003 944 1106 2634 1074 1015 943 1133 1052 2633 2695
2686 2709 1218 1169 2680 1122 2640 965 1217 1053 1014 2720 2733 1011 2718 959 1059 1221 1236 1049
451 2813 627 507 618 424 571 599 1993 534 580 607 416 487 449 592 645 403 309 2820
656 771 782 1035 820 753 2806 540 644 2765 1028 729 2776 789 699 786 695 839 833 829
401 466 614 612 471 492 265 463 2823 389 313 517 307 448 521 2006 274 254 381 604
641 685 706 680 692 535 712 740 626 772 588 786 587 589 643 646 642 711 724 598
272 334 436 2851 2832 287 1926 418 253 314 271 1980 275 213 386 221 363 1978 282 1966
978 2696 2692 1087 999 990 2670 1081 977 1015 1080 2665 2688 2634 2699 2681 858 1154 1123 862
768 2797 786 760 823 668 758 737 466 859 2762 832 1027 530 453 2756 805 681 482 841
303 1943 2893 168 1988 1934 1994 419 50 1894 60 1976 1942 183 1909 404 1955 2014 400 158
13 1879 1955 1802 1780 23 1797 1994 169 158 171 1892 2035 2068 210 1933 41 1809 1865 212
4 153 1905 1991 113 203 20 2028 1920 42 2040 17 1886 2053 2035 147 174 1971 179 2061
1567 1587 1595 1482 1694 1599 1597 1548 1572 1455 1614 1487 1483 1671 1456 1612 1465 1580 1452 1681
719 811 658 646 1019 709 792 1050 2805 851 707 1042 2771 796 711 872 2782 780 790 615
2352 2372 2432 2302 2429 2362 2365 2397 2299 2335 2366 2343 2414 2305 2374 2431 2370 2313 2347 2391
981 2719 2708 969 2681 1159 2698 1081 1145 2652 900 870 2687 943 986 1112 1013 2705 1124 2645
279 331 416 386 241 1953 2844 1949 395 368 421 2891 214 2008 2882 243 272 274 1935 420
470 621 747 719 712 727 654 803 1998 649 652 486 2813 2778 610 2798 805 2830 305 573
626 2811 704 534 624 403 639 2779 398 585 717 2767 570 651 2777 447 2768 807 757 772
2352 2371 2347 2400 2326 2301 2388 2379 2368 2383 2345 2340 2331 2366 2319 2402 2382 2425 2299 2327
47 1877 99 2032 2009 2012 193 1938 1767 167 22 2063 1878 1884 1779 2010 1841 168 2053 1876
2092 2122 2076 1841 109 135 121 2056 2152 1823 2106 2090 1784 1768 1764 1771 2131 2074 1770 1832
81 2010 156 32 204 213 292 169 407 174 2846 248 332 1915 2859 312 9 59 2003 36
784 855 1035 677 815 682 686 938 683 762 684 635 869 846 982 634 1033 2790 720 1031
1888 2039 1916 2873 1929 167 110 168 137 20 26 149 17 1891 159 1892 16 1871 162 72
331 2850 2861 2893 330 1953 33 269 2864 413 1979 437 2844 1992 1975 2829 382 2874 406 47
1226 2700 2662 1170 1129 1072 1068 2679 1000 942 1150 989 1132 1103 2724 1161 1136 950 1229 1192
639 2778 2771 738 631 837 2758 658 716 2802 606 732 770 863 2785 809 839 831 848 601
2474 2525 2421 2405 2535 2551 2577 2568 2442 2560 2536 2530 2515 2471 2545 2578 2456 2576 2447 2559
163 2889 1919 273 335 1898 1989 103 34 210 1901 1884 178 1906 328 1959 2019 1968 219 2044
1091 2638 1116 1145 1073 2723 2628 2661 973 1017 1102 1005 1171 1014 1010 2673 1163 2643 2654 943
797 1019 992 829 949 623 757 649 966 941 690 724 2791 742 669 662 2774 731 2757 2777
639 715 608 668 654 545 815 2757 2770 794 672 778 1045 676 671 684 826 829 2797 530
568 669 2808 628 2757 701 714 539 570 544 639 665 659 676 725 731 644 591 761 791
2724 2753 2721 885 2762 720 673 905 1052 1103 712 999 1017 949 887 1141 1147 889 2732 1136
842 1018 2790 873 1048 758 772 825 1065 1050 813 814 713 1072 790 2725 818 988 815 808
1781 1870 1807 2055 100 120 123 152 1868 2092 52 1821 1754 2161 1725 1876 1732 2146 95 2098
1764 2082 105 1717 1754 1842 1814 1824 1733 1838 1827 131 1720 2068 110 1853 1773 2231 1747 2152
581 660 412 703 425 766 2812 738 711 598 683 691 747 552 2759 539 505 2789 623 454
5 2046 37 98 104 1903 39 1931 1922 1940 13 159 2008 2065 1976 1880 38 1882 1960 1966
842 1014 1084 762 777 2772 1008 2734 823 953 2769 948 1070 717 830 1053 1036 2713 991 872
96 132 2072 1843 1972 5 0 1914 22 43 1789 2091 1912 1903 1782 2076 63 175 1848 1982
584 2795 426 610 592 529 398 705 805 827 609 479 578 788 794 540 2826 735 643 729
1877 2044 48 2072 2034 75 2082 2086 30 1835 2081 1822 83 54 2049 103 60 1795 1961 20
2513 2530 2515 2479 2546 2510 2451 2487 2502 2447 2547 2549 2559 2517 2444 2519 2529 2449 2537 2426
850 1000 2767 937 2716 2678 2718 980 2715 878 826 756 2683 791 2687 2680 860 734 792 833
1933 2844 14 454 1908 280 1964 449 357 1940 352 432 10 2018 317 85 42 1905 86 403
2864 2881 46 282 304 324 234 197 212 1919 239 42 254 1964 278 310 307 2876 301 45
668 2798 510 496 781 735 717 569 783 807 808 741 523 2777 623 494 742 671 490 809
34 83 1986 1940 1 2007 115 148 178 1965 1975 2056 104 2870 113 1868 1910 151 17 2871
17 73 1962 2014 1971 1884 211 2042 139 1926 2015 2860 2022 88 1889 98 146 1887 1977 172
38 2002 145 90 150 106 1911 2042 1900 2874 1949 1890 2889 224 1882 141 449 1875 1960 325
977 2716 2691 1025 1038 1085 1052 1031 1188 2673 1094 1131 1081 2683 2742 2679 1154 894 984 1012
817 1024 781 981 772 1062 788 734 985 711 1003 2797 613 708 2800 732 967 1057 712 621
1195 1228 2668 1212 2697 2651 1163 1233 1256 1253 1188 1165 1255 1178 1175 1170 1159 1272 2672 1172
1579 1614 1600 1681 1556 1661 1675 1583 1572 1576 1539 1570 1634 1565 1665 1553 1504 1546 1680 1561
1508 1650 1429 1535 1696 1622 1704 1483 1277 1669 1413 1281 1692 1600 1290 1573 1285 1435 1674 1398
410 593 297 418 449 608 417 321 476 1985 514 648 386 433 438 2852 641 411 322 388
295 435 2817 1965 448 422 428 1940 2851 451 492 270 2836 1987 446 309 2002 424 495 509
454 496 2812 440 425 2000 291 429 1989 389 512 507 2821 423 505 322 490 414 317 282
464 520 423 287 542 438 532 537 473 1990 303 461 439 2804 630 512 460 554 534 624
9 1998 411 52 171 150 1961 458 1898 28 438 2044 1976 417 208 448 476 39 193 469
2297 2341 2329 2200 2266 2277 2192 2336 2349 2328 2303 2294 2311 2358 2273 2281 2319 2368 2263 2203
2421 2446 2397 2596 2493 2569 2408 2573 2413 2584 2499 2491 2530 2561 2391 2577 2527 2489 2487 2581
393 577 402 252 309 622 612 500 405 2827 580 635 301 465 427 354 343 476 645 648
3 1928 50 41 249 81 2892 357 2867 46 2008 1968 63 246 17 1889 40 149 329 333
179 2006 1977 250 195 1980 208 2005 2014 2860 1916 1907 2867 181 52 173 307 411 329 79
25 176 55 42 2894 76 1946 2891 2039 146 1989 96 1927 1983 1978 2030 2858 53 87 74
130 1827 87 2073 2037 1733 1765 1967 1855 1709 117 1840 109 1724 138 2079 2035 1777 2068 1888
335 1937 162 2836 42 232 2013 354 76 1930 159 2888 19 88 188 2863 43 211 73 378
2501 2548 2510 2561 2477 2505 2480 2514 2447 2478 2457 2567 2569 2532 2549 2565 2568 2470 2496 2458
1243 2686 1127 2710 1271 1053 1200 1230 959 1160 1061 2688 1149 978 2644 2654 1093 1133 1118 1263
232 2004 45 1980 63 2002 2838 238 348 393 1889 319 1963 1949 175 47 1905 1954 432 332
2041 2070 78 170 2078 165 1957 2074 139 1812 2054 1894 31 92 3 22 1820 1822 101 2038
6 1962 1880 2850 270 2852 2861 2848 2849 2862 4 2874 1975 281 1875 299 73 137 138 67
983 1014 1077 2678 1022 2732 1063 2676 812 855 996 1027 2722 1079 1008 842 878 2681 974 1019
860 2790 857 869 837 1044 605 1034 721 602 2786 818 772 578 571 1031 2787 736 679 589
304 327 2014 413 310 1935 245 2871 2006 251 2008 1978 506 439 316 2839 352 1939 270 399
2812 2825 614 397 479 486 2845 574 578 476 515 2852 287 798 298 2844 454 415 416 2837
155 2864 92 2842 280 274 135 83 1964 70 2022 36 1913 131 2850 2837 2840 111 1915 2859
1483 1516 1525 1435 1545 1577 1471 1533 1428 1287 1275 1243 1665 1281 1246 1446 1646 1536 1529 1289
1142 2655 1164 2650 1078 2695 1086 2661 1197 2718 992 2690 2669 2651 1112 1107 1195 2653 1059 2624
1115 2713 2688 966 2637 2727 2684 1071 2733 2654 1083 2743 2720 974 1118 1155 2651 1054 1162 945
744 874 688 2721 2742 880 826 654 956 839 1000 2747 703 1041 1001 832 2767 2766 1014 2722
1541 1562 1504 1475 1632 1674 1691 1571 1553 1593 1654 1663 1466 1609 1477 1643 1612 1445 1568 1599
519 548 640 457 400 540 539 491 589 570 580 509 625 551 2814 498 458 634 555 2825
451 610 474 2790 497 282 2837 530 319 2787 2822 439 424 2840 498 2784 2836 422 285 1994
760 870 823 736 826 839 2731 1007 1008 972 2807 643 844 1009 717 836 1037 2722 696 807
735 2805 866 543 640 857 654 2752 2760 883 638 880 635 881 815 2755 1025 2762 854 2766
68 171 2876 1959 1984 2057 2054 2022 95 27 1970 1944 19 59 1891 2002 58 85 1876 1877
1025 2772 1015 694 990 714 699 784 981 655 662 1080 2798 613 622 679 615 798 811 952
1824 1871 65 1756 2078 145 133 1773 1714 1774 1840 111 1726 1778 2035 1831 57 1762 112 73
219 365 1912 325 203 346 205 1937 2013 238 193 395 355 192 324 191 195 364 178 342
677 2777 2770 795 612 716 758 837 2779 854 1036 816 2792 664 561 2781 2798 631 752 1033
1984 1994 2035 2002 91 423 255 1957 31 337 233 308 102 236 60 198 63 253 397 2003
979 2704 2637 1109 2702 1213 2713 2685 1128 1110 1196 865 1076 1085 936 1078 2680 1178 1207 996
308 442 509 2847 315 265 517 268 2832 493 1985 2009 2862 319 401 1983 282 389 478 489
1900 1933 311 1938 1992 2876 256 1951 253 215 15 1928 2016 173 313 88 2047 339 175 1942
1101 2632 1099 1158 959 2611 2606 2685 2652 1058 1084 1177 2660 942 1120 2672 2634 1074 941 2616
45 2871 10 1942 144 1948 276 1952 1869 28 1917 2031 109 163 2018 1903 41 2833 72 1870
688 723 700 868 672 870 852 826 779 683 2787 2776 904 807 784 853 797 767 837 862
2427 2581 2439 2383 2444 2412 2467 2599 2494 2492 2371 2557 2443 2529 2450 2390 2428 2569 2477 2391
637 749 854 674 646 660 817 582 2767 615 729 581 738 883 694 739 2810 824 853 700
1268 1390 1424 1388 1278 1445 1442 1244 1235 1477 1294 1449 1486 1413 1369 1313 1248 1440 1287 1393
2425 2462 2387 2399 2467 2449 2582 2580 2393 2517 2581 2550 2503 2438 2557 2594 2512 2468 2453 2577
1450 1554 1388 1415 1656 1598 1578 1249 1472 1257 1253 1594 1451 1474 1533 1293 1280 1256 1523 1464
941 2749 970 2685 2754 958 678 2750 1009 2640 2756 2699 699 986 881 1049 1084 961 925 940
657 720 729 569 674 756 738 1033 795 575 751 733 668 797 1048 568 872 649 663 875
446 507 2004 626 596 2808 2834 461 416 517 574 317 413 600 617 548 627 622 438 2794
1727 2232 1761 1701 2210 1663 2242 1681 1813 2218 1721 1799 2186 1740 2278 2175 2206 1718 2182 2213
1691 1718 1828 1689 2257 2240 1727 2249 1734 1649 1725 1652 1773 1738 1646 2237 1687 1757 1563 2274
497 612 504 462 608 581 822 573 437 609 532 623 2821 2828 400 427 642 819 636 602
319 410 266 2872 426 2832 329 2877 2842 414 501 1998 2880 2811 2826 422 331 355 385 461
953 2643 1066 1023 998 1108 1149 2639 994 1016 877 1010 1034 1009 855 1153 1147 1019 1084 1187
716 792 685 1047 746 846 651 803 744 871 2780 631 1028 641 1031 653 814 820 865 654
1264 1446 1294 1216 1470 1307 1220 1486 1521 1313 1546 1528 1395 1482 1503 1282 1269 1404 1376 1523
1849 2083 1831 123 1791 1778 1773 1735 1792 106 2121 130 2044 1861 1851 2073 2129 1829 108 2056
487 2797 762 732 397 656 509 2798 718 2776 569 791 2812 606 401 847 729 591 772 816
98 111 2071 2028 122 2092 20 2086 1875 1889 53 166 2088 26 1984 1813 146 171 137 1894
2441 2469 2506 2382 2572 2423 2478 2398 2394 2490 2546 2598 2485 2544 2599 2464 2486 2606 2525 2533
1528 1636 1655 1716 1428 1615 1637 1691 1630 1632 1282 1663 1279 1658 1475 1288 1485 1521 1710 1280
1324 1338 1336 1303 1350 1423 1353 1401 1382 1357 1406 1351 1348 1326 1345 1355 1368 1343 1378 1398
1658 1717 1770 1677 1709 1782 1773 1783 1731 1738 1642 1588 1829 1545 1649 2230 1534 1590 1706 1594
1288 1524 1570 1540 1500 1277 1390 1652 1392 1304 1561 1308 1557 1499 1461 1651 1427 1655 1400 1560
481 608 400 424 304 623 2837 310 518 2812 298 432 465 483 2792 313 520 445 604 512
869 929 769 2766 879 881 920 788 2740 726 760 877 1041 854 887 903 722 710 798 894
2507 2573 2533 2423 2470 2426 2449 2469 2574 2480 2431 2488 2496 2428 2462 2505 2584 2539 2575 2447
997 1090 2683 1040 2734 2669 1055 2677 990 1109 1096 1021 2638 951 2665 1007 2658 961 1006 1116
1804 2060 1761 2067 79 1869 105 1725 2071 104 90 2084 2090 108 2061 1886 1737 1964 44 159
2157 2200 1781 2161 2151 2275 2225 1751 2272 2292 2099 2246 2096 2230 1769 2285 1767 2187 2234 2238
289 1935 1984 1933 1973 2022 326 2877 86 471 212 409 1923 2008 1951 219 263 1946 314 452
625 805 2793 669 635 695 520 791 2805 2760 632 668 766 737 617 705 666 2808 841 875
401 420 313 2845 457 2803 504 2838 493 2825 462 258 326 445 429 502 476 374 1993 602
998 1097 2731 866 1117 1050 1024 1058 954 1091 2678 876 1103 952 939 1089 874 2673 1035 997
70 1875 2884 60 2028 1842 3 1996 2883 83 154 2044 115 1960 2016 1860 162 36 181 35
