253 405 365 239 252 1232 458 432 1215 437 180 424 225 272 199 396 218 417 255 280
119 297 454 71 429 331 407 470 113 265 426 282 369 63 59 396 302 48 280 410
1203 1236 85 350 48 384 307 1225 373 393 37 25 198 1221 1209 299 330 1187 387 160
364 470 15 527 317 81 1185 315 372 2 73 117 537 82 436 363 102 501 43 506
408 455 153 247 510 278 149 500 533 378 441 489 434 282 537 452 370 450 258 447
29 311 31 1166 357 1147 63 127 1202 292 59 340 268 117 373 316 362 1205 334 14
344 1173 330 74 135 124 1185 67 315 1144 119 338 292 148 133 1153 46 31 155 41
928 989 1086 1013 936 1061 1058 1016 1102 934 1078 944 964 905 882 1111 956 883 1057 1087
200 244 250 273 412 189 230 253 180 219 399 192 233 166 227 168 176 225 209 205
528 574 717 727 608 589 481 761 465 562 530 600 612 464 602 476 495 617 730 456
1010 1141 1174 1091 969 971 988 1163 2 1169 1092 50 1130 1150 1028 1152 1053 980 1198 960
1138 1196 1054 1022 113 343 123 385 294 93 1041 1147 1083 270 1014 105 1178 365 1081 1032
1151 1183 1189 4 306 122 1131 1134 1198 347 79 320 75 135 51 1166 1141 1201 47 349
978 1020 1049 916 1032 951 974 919 944 1003 1080 950 923 968 912 1132 1055 1092 980 1044
879 917 873 868 845 914 927 886 966 955 854 885 956 979 934 824 943 931 822 894
230 254 169 149 244 288 217 144 213 218 164 145 1210 191 284 281 1213 224 253 189
90 303 354 66 101 1 340 320 399 398 317 383 137 45 1152 259 1181 1180 465 289
368 449 415 394 1191 7 30 269 388 146 327 334 152 120 124 310 78 460 459 92
1011 1064 1144 1083 963 1000 1027 1132 981 1070 1001 1008 974 1084 1052 1072 1098 1139 983 1055
11 45 1178 312 128 110 1190 320 111 1199 1151 25 368 271 1212 104 1145 22 1140 278
61 360 325 7 1139 1212 92 115 321 1179 1191 358 4 359 286 3 351 339 336 101
176 264 249 79 362 366 421 267 130 250 258 217 429 433 146 262 1239 407 208 138
254 1217 236 410 136 1228 212 178 188 155 1208 245 276 1192 233 189 5 214 172 194
253 1210 133 242 221 167 1220 203 165 139 183 399 209 233 74 136 186 127 271 1218
354 458 395 147 113 520 138 283 423 142 22 529 154 373 1185 400 521 369 302 1159
1164 1213 1175 138 173 63 176 34 326 43 339 393 1145 1162 1178 171 45 401 265 6
244 254 220 282 1228 225 159 229 1239 144 272 195 168 1241 148 262 421 411 211 239
140 367 275 407 60 385 373 1232 344 423 304 343 330 1212 1237 371 101 4 329 295
842 870 839 799 881 793 815 922 812 855 753 829 763 746 952 759 896 888 930 732
950 997 1066 908 1016 1026 958 1088 1046 1061 968 884 994 985 1037 909 962 866 891 975
849 894 853 754 950 818 959 832 930 933 752 897 758 916 846 820 831 890 874 903
17 1158 1166 49 59 1173 125 93 1186 65 26 344 293 357 4 361 71 98 276 119
408 443 485 493 284 520 248 259 151 240 400 295 275 490 509 244 291 439 466 486
344 1174 278 381 272 282 390 120 121 1145 373 67 303 1186 99 317 313 132 6 1161
970 1000 1045 1119 1056 1007 1090 1113 877 1129 1026 992 993 1100 1032 995 1047 965 1023 896
114 1188 106 1184 1185 43 38 336 1197 56 469 104 377 298 311 66 327 1143 344 319
773 831 732 726 867 862 794 835 799 752 740 562 570 766 875 551 724 761 848 878
62 1205 363 126 35 153 7 165 58 353 1155 104 1146 303 1163 329 269 319 129 123
544 580 520 744 570 525 614 523 697 471 611 596 618 509 693 506 575 581 788 708
0 152 386 145 27 271 1156 1171 116 308 188 141 1193 394 313 92 167 1222 378 156
614 646 596 676 666 613 585 608 698 671 695 645 697 688 590 679 622 628 572 705
396 1221 173 281 311 164 450 303 353 409 273 453 0 379 298 285 420 10 187 175
327 364 467 1179 1182 141 1 462 300 303 309 331 404 133 438 389 143 398 134 297
880 963 957 823 945 1014 1056 1030 890 845 922 932 956 946 1043 826 1024 893 843 925
881 925 955 939 888 865 902 877 825 854 970 967 866 923 936 938 982 986 868 852
922 948 980 874 991 892 959 953 838 947 1005 888 867 864 868 923 880 997 970 939
1025 1096 977 1064 1079 1140 1006 1069 1033 1087 1084 980 1074 989 1094 1081 1144 1008 1134 1054
1164 1204 381 17 112 1232 1173 45 368 370 262 1222 322 48 287 1172 394 1160 1163 276
680 691 666 591 689 582 671 644 642 593 586 670 651 587 646 715 662 677 663 622
1028 1078 966 1080 1069 1143 1105 1102 1024 979 997 1135 1032 1089 1131 1065 1141 1033 961 1047
554 571 568 759 549 607 484 582 541 799 736 775 520 719 469 539 781 612 518 605
56 109 58 298 37 290 318 321 71 350 1170 75 315 470 131 287 9 299 340 46
6 54 25 1191 15 330 134 1207 18 1184 325 283 113 347 288 91 311 65 135 96
93 370 416 327 102 315 1175 446 1191 419 371 424 301 119 67 1194 37 271 388 385
599 681 648 674 640 699 675 596 636 684 586 687 707 683 627 576 564 705 710 637
60 373 145 1161 1147 1179 1178 1143 415 1149 485 289 103 400 364 262 153 343 450 1180
906 963 924 874 1043 959 853 1054 950 1016 1031 929 1027 905 936 909 847 888 907 941
724 841 601 934 884 591 765 728 927 953 804 772 932 574 895 817 793 874 929 937
10 296 405 80 266 303 1175 56 1199 278 318 1165 305 86 261 1214 268 444 385 1163
708 729 810 842 610 771 804 835 798 791 744 604 700 570 546 759 589 601 836 690
721 771 699 568 751 836 697 707 842 736 783 592 564 728 756 824 773 825 700 840
1029 1098 998 1056 1141 1065 1038 1070 982 1097 1079 1037 1128 992 1024 1053 1113 986 1127 1032
1007 1049 965 983 1020 1021 1147 1025 1122 1123 1004 1124 1141 982 1083 961 1061 1131 1108 1087
584 712 571 740 706 564 719 716 544 592 585 764 611 717 582 711 556 546 735 763
164 204 1227 134 266 243 235 1231 175 148 180 139 136 1241 246 244 237 166 192 179
895 943 885 950 880 844 991 916 942 874 998 994 938 855 892 840 922 915 960 989
75 381 397 429 362 456 139 323 448 3 454 481 315 68 485 1151 51 1162 120 291
23 363 406 1168 471 312 89 1202 1210 55 365 19 1214 59 1162 78 357 362 274 462
167 275 7 386 273 1212 113 191 424 230 1238 1201 329 219 402 295 244 413 456 164
742 812 831 776 764 544 705 771 589 846 837 847 571 815 586 551 731 695 727 747
752 847 826 846 848 765 553 812 755 550 801 837 830 797 706 941 780 818 934 574
11 1207 137 1226 335 370 130 88 166 1227 86 1134 1142 403 101 402 22 318 23 369
145 1213 112 1152 259 76 1201 1168 163 52 4 136 102 108 340 96 322 352 396 306
766 849 565 754 724 886 960 875 789 842 769 792 712 930 570 939 951 739 949 908
888 956 844 934 865 998 1003 971 926 896 987 903 854 912 922 908 883 899 932 939
1 358 1148 1172 1138 1213 43 403 25 1132 1216 106 330 1171 1182 322 10 15 44 105
475 519 433 509 450 553 550 513 496 525 464 381 481 532 505 490 569 428 366 473
981 1001 1062 1051 1102 907 1012 979 963 1128 1030 1034 900 971 948 909 1108 1038 930 934
198 1234 1211 1195 170 163 1232 223 1213 187 228 261 178 164 230 147 140 175 182 218
380 415 289 434 481 477 266 271 381 261 71 63 69 284 276 1190 150 424 148 320
1139 1150 1124 332 1112 57 321 85 1152 1191 1042 12 1097 1162 1209 1095 35 28 39 70
281 384 460 14 79 408 357 313 402 115 292 1200 428 462 359 55 107 437 272 300
593 709 750 700 555 601 608 729 617 686 764 600 638 696 629 563 681 710 703 610
313 342 12 314 108 40 158 263 19 1190 338 292 30 1204 29 1212 60 1184 1162 1216
945 970 874 868 922 917 894 1000 999 944 853 1016 1019 901 930 947 962 927 936 1011
458 484 431 290 273 429 521 476 527 460 377 461 563 385 536 369 295 281 356 426
1007 1087 1089 978 1081 1075 1079 1031 959 1135 1118 984 976 1036 1006 1108 1090 1001 1057 1134
70 1187 150 386 321 382 296 1211 288 1174 1139 141 1162 63 317 372 353 1186 1193 1189
963 1012 986 924 1044 1131 975 877 880 1081 938 1063 991 933 1106 999 969 897 925 968
84 148 360 353 11 73 179 403 18 72 57 376 49 104 366 1151 101 137 263 1241
120 269 166 1230 61 127 1242 18 306 131 268 376 296 1164 148 386 399 1153 422 273
55 124 94 1150 129 160 34 37 131 348 38 379 267 1160 19 336 308 39 317 1148
102 144 132 136 83 1178 328 353 362 74 1163 60 72 123 45 360 1203 1228 468 316
45 302 71 73 88 279 362 403 102 1140 98 30 447 397 15 6 1143 39 59 18
387 424 310 337 92 481 380 407 1194 324 347 431 417 382 83 482 340 124 360 356
382 414 261 129 285 147 1202 258 445 148 440 136 298 368 130 478 127 324 66 384
147 324 63 334 5 1150 294 44 333 1195 388 172 342 1242 1234 191 158 268 285 161
306 1204 1197 155 1233 1216 273 1241 117 28 118 1178 1235 81 167 49 168 102 1242 91
127 265 1189 120 20 1216 421 96 192 16 3 35 1230 1202 132 50 160 273 318 1178
998 1048 946 968 1075 1068 1040 1018 1113 1076 1014 1016 964 1037 1020 949 990 1031 1051 1136
715 760 566 737 599 843 809 797 817 592 804 741 698 786 605 789 582 835 547 830
26 1140 155 367 1069 38 1021 344 271 272 342 1082 1079 87 94 1064 24 1112 54 88
657 689 626 646 705 580 645 668 665 614 629 610 579 603 593 639 715 683 607 596
62 273 20 1156 64 139 1167 364 1185 427 445 112 338 290 130 19 1141 264 406 66
710 765 718 791 836 743 574 832 769 741 841 725 553 797 787 570 610 753 843 566
1045 1082 1008 1073 1077 1102 1012 1110 989 973 1125 964 1056 998 1009 1062 990 1105 1089 1140
896 954 931 987 843 975 851 910 958 891 966 906 996 927 981 964 870 961 853 890
3 1154 1194 0 310 1207 307 1155 111 30 26 1159 114 52 152 320 1165 1145 59 109
296 459 29 278 450 1193 495 152 98 292 19 467 330 321 3 23 133 279 1188 131
988 1109 1085 1054 990 1050 1027 1067 1057 1080 1025 912 1020 992 913 1145 1019 938 1036 1053
340 1206 15 298 95 314 146 136 349 1198 312 53 1172 9 1173 110 1164 356 91 1151
823 869 914 783 735 943 822 781 856 761 864 937 791 746 933 946 785 876 953 778
30 322 1145 154 140 10 1203 288 375 299 311 1205 346 1168 57 158 323 1172 32 370
144 249 8 17 181 191 293 1210 363 5 24 102 116 193 416 1193 285 76 26 360
52 63 1153 1154 1208 285 27 1211 4 276 88 136 45 77 297 130 1146 332 328 1203
1189 1216 377 287 294 335 1135 1193 376 392 323 279 87 163 46 1141 47 307 41 25
1130 1151 336 1095 26 1161 328 33 5 1180 82 1006 133 16 132 1053 72 321 23 57
12 293 362 321 403 341 48 1189 1217 1193 346 401 429 322 1202 271 449 381 356 85
922 955 860 979 977 891 990 880 911 854 898 961 967 980 944 877 997 887 951 868
1023 1118 1068 993 975 1132 1147 1040 974 1052 1048 1149 1125 972 1050 1142 1010 1037 1138 1115
172 263 395 1238 262 1235 177 412 397 1201 302 408 124 206 199 210 163 411 168 144
928 986 912 937 1027 977 1031 1039 1046 1017 1035 1116 1015 1023 913 993 934 958 845 1029
436 456 413 475 478 292 406 297 433 293 523 408 422 308 399 461 472 485 276 464
114 1162 3 27 1171 64 323 1190 41 328 333 84 144 356 126 10 143 1197 1211 335
689 715 736 666 660 764 712 763 632 636 604 621 733 752 625 740 681 554 756 552
986 1113 1001 965 1035 960 1085 908 1017 1117 929 1087 1130 1013 927 1063 1022 946 1132 1075
483 536 382 566 562 505 542 571 567 539 577 576 490 520 504 524 513 537 435 453
292 465 316 523 325 1 18 45 270 527 26 141 1196 444 86 5 64 341 305 500
890 979 866 974 946 937 1024 1058 845 851 856 1069 865 1037 938 932 847 915 877 1038
13 1216 104 118 1162 284 400 142 169 1136 288 53 392 147 22 1210 359 1191 356 110
278 433 377 17 315 442 16 26 19 403 368 473 476 106 71 120 477 164 38 439
8 121 374 1152 340 57 316 383 1195 307 279 49 304 1140 1164 1141 295 1145 58 126
548 581 743 621 525 487 468 491 559 506 802 761 467 553 741 464 704 488 585 747
520 545 551 581 482 728 780 738 770 779 522 526 789 782 473 744 450 525 778 777
786 829 723 562 792 768 827 799 867 764 782 755 830 554 785 843 540 789 808 731
545 750 807 578 580 509 540 783 757 503 722 763 504 527 511 468 490 717 563 753
187 261 276 417 307 297 305 431 252 296 248 406 388 1216 175 298 413 421 168 150
104 378 118 140 83 1177 85 4 400 293 413 1188 320 38 16 382 418 480 298 472
591 729 826 597 781 557 552 572 721 570 577 571 837 777 593 690 846 785 624 836
934 997 1072 1089 902 1082 1036 868 1101 853 1051 843 953 974 860 881 898 1031 1021 1037
562 794 759 752 785 717 600 803 597 839 798 481 731 796 544 765 799 534 548 847
562 727 804 592 783 831 730 701 796 539 738 824 602 524 559 795 776 806 536 837
853 934 898 991 862 888 846 959 828 995 758 880 936 971 772 910 838 797 826 821
11 39 286 1133 306 102 1174 326 1132 1199 307 333 86 283 1158 1154 154 103 1159 302
73 1157 1188 1154 372 342 1183 144 349 391 1218 99 363 42 100 288 267 1180 1182 1198
343 1162 361 370 1129 353 388 297 272 1136 1190 84 285 116 320 1134 1148 368 378 391
729 831 741 552 756 750 868 849 814 564 594 595 808 764 889 748 586 843 584 763
215 246 405 225 178 416 148 167 240 175 219 217 234 275 261 193 180 249 1230 263
7 1204 346 117 6 284 384 82 309 58 67 308 371 3 1162 43 1176 151 377 69
716 766 765 846 741 760 842 805 740 581 747 839 774 736 775 711 836 818 776 731
