14 61 83 21 72 690 74 18 708 703 70 9 716 68 20 35 85 1 7 737
38 687 688 10 729 686 54 709 657 666 35 652 0 660 644 672 677 727 726 654
811 836 862 807 838 815 835 852 820 863 817 837 810 844 854 787 871 796 826 790
34 66 15 32 714 93 698 54 16 743 721 39 75 2 36 700 695 707 751 744
863 890 144 870 157 198 175 831 179 142 196 849 839 160 140 176 134 169 896 837
826 849 805 880 794 801 822 831 872 812 790 850 792 185 857 825 847 797 877 791
327 339 305 320 361 328 364 368 347 308 365 362 334 306 311 300 293 323 312 363
288 297 303 271 250 280 248 317 284 242 270 276 286 243 311 307 325 298 332 321
156 885 109 132 867 884 868 905 157 162 193 118 147 865 172 898 191 895 151 105
526 574 516 517 584 541 567 557 534 497 550 539 594 559 595 586 514 504 546 572
726 761 725 775 41 718 15 762 743 32 782 733 36 715 724 714 45 728 18 745
191 238 251 264 169 887 854 189 225 161 876 881 170 871 245 167 151 235 888 168
191 227 199 844 238 151 162 169 239 217 168 887 881 159 182 195 170 244 894 241
221 231 248 251 164 193 198 180 175 256 233 162 173 199 185 249 218 215 236 213
608 619 605 600 635 609 596 637 612 628 620 633 595 634 587 594 627 602 585 590
199 890 206 164 892 159 228 196 176 214 152 130 888 889 136 872 895 205 195 209
895 909 139 112 892 172 141 884 885 907 864 131 167 128 123 889 882 162 178 170
475 506 493 531 492 505 476 463 490 534 481 526 458 515 464 435 455 500 489 504
822 841 859 804 827 810 856 790 865 802 855 808 797 820 844 848 850 826 789 863
747 761 3 720 28 15 18 726 759 745 38 721 31 20 741 742 22 725 728 40
489 516 533 455 514 453 532 463 465 525 471 476 540 494 547 527 495 553 491 498
583 596 538 593 574 612 598 580 575 542 546 555 594 604 597 615 602 595 585 589
570 584 573 609 529 593 530 562 545 594 546 531 561 532 571 585 580 581 588 600
817 861 875 789 849 796 184 194 871 893 841 788 873 854 885 838 191 887 883 886
21 738 727 736 36 711 12 41 725 18 707 716 11 720 46 749 746 6 771 51
3 682 25 37 665 8 50 694 19 711 735 667 739 681 4 748 1 644 659 660
119 918 107 140 104 134 131 901 94 151 146 143 905 89 917 903 121 167 915 906
610 619 601 611 612 598 626 593 622 642 590 591 630 600 595 607 592 644 587 632
702 713 55 44 5 12 680 48 684 711 725 714 39 712 43 29 683 19 34 31
552 568 522 533 540 537 544 543 589 591 523 516 572 553 580 525 549 563 570 565
738 772 782 713 709 728 0 789 710 773 771 33 1 705 759 790 764 715 15 774
54 75 97 41 65 71 704 697 56 9 67 4 63 1 107 66 89 708 51 20
445 464 438 448 498 435 411 426 429 442 477 412 467 482 454 430 494 491 436 461
893 921 878 896 158 108 900 883 129 149 914 894 872 120 882 860 135 130 887 196
610 631 623 630 598 599 634 642 625 661 602 605 592 586 608 617 664 633 636 619
713 737 690 768 764 683 42 753 696 698 712 8 49 687 38 37 772 693 729 758
44 744 18 51 770 742 699 690 69 61 45 709 71 16 691 7 757 693 773 717
204 876 173 220 209 151 226 848 216 875 854 866 884 893 157 859 235 164 882 233
153 177 896 188 106 241 236 233 859 152 141 128 107 904 131 870 910 161 186 883
26 729 12 759 754 722 725 30 18 762 732 8 42 715 740 704 731 29 687 744
543 572 590 530 551 516 579 531 566 554 571 580 559 533 575 534 581 570 542 544
409 434 473 406 413 470 475 440 416 467 471 452 424 461 429 453 404 433 462 472
145 175 228 861 165 133 176 130 204 916 898 179 919 191 862 149 198 160 105 170
354 394 405 372 380 373 422 341 403 417 425 348 396 368 355 336 364 375 337 343
118 153 121 149 920 900 108 907 905 901 148 165 135 104 906 144 109 132 110 866
97 114 157 150 127 101 898 70 153 904 896 79 139 122 126 154 917 171 158 159
46 720 40 33 7 712 748 745 739 715 742 34 710 744 713 47 69 757 709 14
245 270 233 295 283 265 300 260 290 303 299 248 218 277 266 251 267 227 255 242
631 650 681 636 691 638 637 660 624 661 670 678 616 682 606 644 690 679 603 665
383 408 384 359 420 381 372 423 390 368 399 417 439 435 356 357 380 428 370 421
608 618 609 601 632 621 615 604 612 611 626 628 600 631 603 589 606 639 636 587
563 581 528 539 540 574 572 588 564 551 553 569 523 522 531 549 595 527 541 571
610 618 588 603 633 598 605 590 622 630 607 645 635 615 611 604 599 600 628 587
174 880 140 142 176 862 138 218 201 152 190 861 872 240 884 894 136 160 853 232
49 696 685 2 5 716 688 69 726 18 689 43 57 693 694 678 701 669 48 677
368 375 347 365 361 385 388 357 407 406 356 359 408 353 404 376 358 355 377 344
783 796 822 793 799 803 778 824 767 784 838 766 765 759 789 834 805 816 754 787
107 900 918 145 124 902 86 174 912 170 141 147 77 120 89 151 108 872 164 142
165 238 189 193 889 200 120 221 885 883 264 908 892 170 225 250 267 139 210 178
138 177 915 173 868 189 237 882 909 879 97 919 214 200 223 193 108 153 174 231
645 681 679 638 617 652 6 700 21 3 667 696 660 636 8 656 627 683 669 18
725 748 37 11 724 9 756 709 733 706 778 20 716 43 715 29 700 737 18 45
582 592 530 595 581 551 546 552 537 533 591 562 571 596 568 542 599 573 580 561
477 494 509 440 445 499 468 462 436 465 476 472 474 471 521 453 466 478 459 439
112 145 894 85 890 185 175 173 133 898 896 872 871 920 873 129 891 147 78 907
739 751 731 727 765 21 750 47 0 2 775 28 726 763 708 729 27 725 719 705
202 226 883 176 167 234 230 874 233 181 197 204 208 205 239 193 168 221 170 878
777 795 741 763 836 791 802 844 845 780 742 746 774 817 767 792 824 831 748 803
250 284 238 241 261 260 307 226 225 298 243 252 255 280 230 254 290 248 274 227
291 322 305 251 307 300 338 249 344 326 268 260 315 266 246 290 317 274 335 281
24 697 19 677 29 48 668 32 744 719 675 723 37 7 662 57 690 55 746 49
541 566 526 567 537 575 562 577 540 518 544 585 591 558 522 582 584 530 580 538
195 866 829 897 222 234 169 887 215 880 232 890 219 839 170 875 870 830 847 162
178 885 894 857 876 204 227 184 158 192 909 191 874 908 172 190 140 159 162 234
153 875 183 866 156 204 856 112 140 191 122 854 155 149 869 868 891 861 104 193
194 856 812 872 211 824 860 893 846 871 854 825 157 225 179 838 164 837 865 217
139 898 895 186 132 106 919 893 141 157 900 97 114 912 115 101 868 911 917 105
715 738 3 34 722 759 709 695 32 753 49 39 750 724 681 699 768 13 776 4
331 344 335 375 352 353 319 311 376 306 296 349 326 371 295 337 300 297 364 325
20 57 753 30 6 741 683 48 10 696 710 44 76 56 715 8 711 692 12 16
13 716 752 12 712 715 26 722 740 18 681 30 725 47 20 741 52 41 703 43
339 348 377 316 321 352 336 357 325 326 318 330 368 338 356 381 335 380 312 362
892 916 128 160 126 122 886 202 133 865 155 130 900 188 169 164 891 869 196 146
90 134 900 175 99 890 126 71 886 153 898 165 162 94 121 897 168 102 70 884
287 301 244 253 252 306 289 275 281 337 296 305 329 292 326 274 330 268 258 290
179 198 202 225 856 149 151 156 898 162 191 865 216 140 229 178 233 882 173 899
575 582 552 581 594 543 546 577 568 559 597 569 590 553 535 558 596 595 563 608
346 376 401 331 328 389 329 324 410 333 402 378 336 353 398 361 355 357 385 367
167 239 107 133 249 270 126 113 888 204 125 175 122 268 203 226 179 272 881 197
762 777 770 784 747 743 786 746 771 790 727 745 768 774 785 757 791 775 760 730
454 465 439 466 449 490 488 432 471 476 493 456 423 489 475 445 453 422 478 492
133 159 910 891 95 101 883 189 912 909 920 884 140 146 125 127 886 177 147 895
129 920 160 105 908 107 103 121 904 140 102 888 892 123 897 894 157 900 158 896
250 275 234 253 268 244 258 231 261 284 293 247 246 228 301 269 289 232 242 226
417 432 461 391 422 439 471 397 442 427 465 389 394 454 387 404 428 462 424 431
429 464 397 440 435 403 494 486 474 458 412 449 482 480 402 462 439 404 408 406
95 126 79 159 121 88 137 82 909 919 92 895 915 154 117 67 83 135 102 151
74 88 113 85 121 126 63 51 119 114 65 131 100 78 58 111 77 67 99 103
479 495 470 453 448 480 483 492 514 455 459 507 484 505 451 441 496 468 440 464
325 342 304 308 336 298 351 357 368 299 347 356 301 354 314 313 330 335 339 302
240 278 255 228 224 222 223 231 289 250 217 272 244 212 242 169 232 266 290 277
178 201 153 206 889 140 179 895 242 888 871 892 145 154 234 868 172 881 139 209
554 574 590 523 579 528 526 578 568 576 592 540 557 544 537 542 517 519 559 521
400 418 452 401 443 396 433 412 381 363 404 367 372 358 435 430 366 386 368 441
600 622 642 585 613 644 601 605 632 608 641 636 645 584 646 582 615 593 594 609
119 137 103 888 124 905 886 164 170 174 142 898 117 145 176 913 136 139 887 908
7 700 688 720 738 59 3 698 17 33 725 717 54 710 682 50 31 1 694 26
11 695 8 726 52 665 719 687 33 25 691 675 709 751 722 718 31 53 679 704
401 428 429 375 378 403 404 392 444 460 423 443 364 361 425 400 424 445 440 456
659 678 685 18 686 706 647 696 684 654 642 699 16 3 703 672 637 701 668 675
353 379 390 343 378 344 366 361 350 368 358 340 398 380 413 363 382 370 347 355
112 156 103 104 122 167 133 157 144 106 885 871 173 177 881 111 909 147 98 891
174 230 860 876 887 188 875 199 898 240 865 187 862 147 189 899 165 197 877 869
16 736 49 718 53 735 711 26 762 694 756 705 40 752 25 44 753 676 731 774
679 711 700 724 8 24 690 9 701 27 694 44 721 15 732 33 725 730 722 639
580 593 574 595 545 569 531 558 615 592 535 577 584 600 564 582 534 561 599 570
663 680 652 630 666 681 6 703 662 651 712 664 710 634 12 704 5 647 638 687
34 716 695 23 50 59 40 729 27 752 730 699 17 753 709 746 38 35 734 707
692 724 44 691 32 13 697 656 713 670 653 716 668 660 677 15 659 18 673 39
652 689 710 677 8 639 34 664 31 691 666 623 646 665 10 630 44 26 717 683
111 899 165 135 873 872 127 911 900 129 142 871 169 150 874 173 141 905 908 907
653 683 714 15 669 661 699 649 19 28 672 3 693 30 671 5 712 673 666 14
253 285 308 248 238 309 252 273 244 288 286 295 282 284 247 241 276 265 292 242
54 67 90 707 701 2 1 95 46 37 0 9 78 33 24 703 56 12 81 28
668 679 23 688 710 695 633 706 701 655 645 682 663 711 651 654 652 703 659 20
716 749 689 18 706 756 13 740 686 774 702 757 773 724 705 708 739 771 45 11
524 550 567 512 564 517 549 568 573 504 557 538 563 565 544 519 546 562 561 520
166 888 156 167 876 866 186 892 224 856 175 864 874 164 135 230 857 878 885 131
11 694 703 682 654 727 667 13 673 725 671 683 709 24 8 31 62 715 33 27
0 744 680 691 710 24 17 714 41 751 30 692 679 19 5 765 21 10 731 699
37 695 733 22 45 689 670 739 701 708 30 8 737 25 694 742 713 2 718 691
662 677 667 665 683 8 693 661 1 707 700 629 710 684 5 696 702 695 690 663
113 140 153 897 161 916 91 84 99 168 900 126 101 114 81 902 901 105 884 909
196 875 878 197 868 165 204 860 230 893 195 172 874 859 231 175 877 223 199 150
176 185 142 872 235 871 843 854 874 139 896 136 165 194 875 877 244 169 202 851
144 168 136 883 183 921 184 163 105 207 111 173 119 205 112 191 200 874 120 235
797 817 813 823 848 833 846 856 826 836 852 821 794 838 773 855 857 801 853 822
558 574 546 520 566 591 538 533 529 521 552 579 572 542 586 532 578 534 594 537
391 422 399 407 398 436 448 455 366 373 355 361 442 396 444 450 360 413 417 371
869 884 206 147 191 210 899 871 892 173 839 845 857 139 146 160 893 192 172 840
49 720 729 6 744 721 687 716 66 10 20 758 700 742 73 11 745 707 702 704
217 241 174 242 200 274 219 270 229 237 244 266 238 201 272 206 180 202 265 249
834 853 828 825 848 192 851 854 841 195 824 815 852 808 867 816 801 796 814 813
82 103 120 110 128 150 72 85 115 81 92 136 98 127 152 99 161 159 87 79
28 706 712 740 698 718 734 670 674 36 716 690 11 725 30 708 677 0 37 39
705 726 689 729 54 695 713 734 678 670 703 684 704 760 682 725 49 672 671 738
571 582 556 526 538 601 606 608 532 540 542 589 572 600 533 590 573 599 562 579
15 736 36 760 25 687 756 734 724 731 37 753 695 747 39 49 707 50 716 718
14 713 28 62 710 732 746 4 702 41 21 718 17 725 7 719 696 45 6 680
322 339 361 325 333 327 359 331 338 355 313 328 316 352 294 345 297 367 326 310
