419 1645 254 96 368 403 1654 1882 1701 1540 303 2 1717 488 479 1627 384 1719 495 328
326 1466 1630 1617 1291 262 354 1369 1599 1446 1523 1789 442 106 454 1781 1443 1431 1427 1848
262 348 115 1538 108 1596 1575 326 384 308 104 1800 93 1461 1267 1758 46 1624 388 1543
1217 1683 1234 485 1684 7 1191 1218 1261 548 1251 491 1655 1236 1713 35 511 1201 1695 499
971 1102 1146 1003 960 778 1097 1122 999 758 965 1124 1056 1024 1047 744 755 954 981 953
75 413 1887 261 137 89 295 1285 203 418 298 53 82 342 394 485 1500 379 1624 207
13 1243 435 1351 1275 1518 143 202 1257 401 309 1211 1704 1548 1506 1862 94 81 1260 1651
1275 1509 1462 1485 62 1348 97 1241 1351 164 1821 1693 1585 83 1369 1582 1489 1879 1323 1636
200 337 299 348 1528 158 409 1579 1801 326 1425 1446 19 1511 1850 1470 1366 1582 124 136
8 236 1480 1829 1477 412 138 1757 1769 56 1849 1396 1866 1519 1487 314 1430 115 456 1325
1621 1667 501 1512 384 1268 1697 249 417 85 168 34 1377 412 439 1503 174 1602 1440 395
337 1626 278 1452 119 1276 51 1615 205 126 189 459 1304 314 1660 209 1589 1471 499 410
121 1617 1876 137 1400 1886 438 403 1304 134 1354 278 88 110 1320 1514 314 172 174 246
130 1541 1857 1448 1386 1595 1457 176 257 128 1356 1444 187 140 388 21 55 467 1306 115
27 1838 0 1306 249 31 256 205 243 269 449 434 19 1609 294 1250 287 1770 38 1243
298 1448 1862 1445 1836 81 278 1638 1613 1285 1520 1711 1618 1841 1608 1630 1776 1437 1601 1827
134 1325 1554 0 379 405 1611 107 70 121 1628 155 145 402 50 42 1542 1552 17 243
1675 1702 1494 1688 497 1221 482 419 439 1691 1637 481 434 554 1722 440 1666 553 1254 504
54 1464 291 1542 1550 1620 214 1549 466 440 331 1630 245 49 403 132 416 229 35 136
274 1611 380 69 1765 138 1284 127 1656 1364 1282 1489 377 61 1388 1738 447 368 1769 1565
799 846 865 745 875 948 792 872 778 708 939 836 849 780 921 964 766 715 831 913
334 1622 380 1270 214 198 441 258 1475 1477 472 393 1655 1629 10 1383 1510 1328 501 1490
850 876 808 875 764 1119 798 841 928 830 899 926 836 894 822 817 910 779 818 803
0 42 328 1216 1876 1509 1346 1555 1377 1838 123 136 1839 1525 368 1825 367 354 345 403
345 363 300 460 1860 415 1852 1833 1261 136 1651 1613 57 476 192 1825 85 1637 489 74
131 201 120 1762 41 441 1847 1315 1614 1478 164 1268 1301 1410 101 333 189 1316 12 289
366 1455 433 441 86 1621 371 1488 1452 154 1263 286 1834 263 457 212 292 58 68 425
1206 1251 451 208 1697 1641 1693 1256 1680 183 1249 1220 207 39 457 1855 1807 18 1686 1190
121 142 272 1829 339 1542 215 1632 301 1493 1569 1837 1316 303 1524 1384 29 1824 126 1769
1014 1022 1000 1081 992 1078 1048 994 1044 998 1084 1100 1031 981 1067 1050 1030 1089 1059 985
222 1558 136 429 185 24 1296 1433 356 320 442 1349 1466 163 260 1333 1379 1351 312 108
665 773 761 812 900 953 902 635 764 804 921 604 709 666 697 615 866 895 791 919
1204 1244 1208 30 1161 1152 1711 34 1192 1159 1237 1700 1198 452 1650 31 1709 1163 1178 18
817 848 922 860 923 762 1118 725 746 797 888 754 962 839 717 840 806 932 872 760
48 129 431 155 1523 313 294 1832 1629 337 372 168 281 399 225 1533 436 30 409 50
125 1362 323 1316 1471 220 1838 235 1841 1431 64 343 1607 1282 1474 1874 1372 227 1864 1860
102 1818 1797 52 1828 320 474 1836 1629 1410 103 1623 1611 1555 206 402 1613 349 1430 407
167 1517 1880 1618 1429 391 1504 1599 345 1643 42 1281 1570 183 82 30 370 1566 336 32
1388 1559 1287 1500 1507 235 1452 120 1387 148 84 207 1429 225 1588 407 64 26 93 1557
428 1717 417 482 1434 200 1772 1759 299 526 1615 279 459 1661 481 263 1539 510 449 456
139 396 1624 1285 1862 1651 1332 122 1498 1625 1456 451 1345 277 1475 1527 1769 322 359 1562
133 208 1409 1487 1774 198 1422 1494 443 243 195 85 1863 348 1820 1304 1603 266 157 311
560 633 617 606 698 1689 688 705 679 734 562 494 721 561 687 620 735 618 728 676
1282 1322 1617 1877 1413 122 1361 48 1615 1859 360 1567 1642 1434 1792 319 1513 1799 1606 1408
657 697 617 625 742 587 599 588 608 683 652 595 780 705 693 656 716 689 710 585
1261 1625 1464 370 50 14 1651 1577 79 470 399 1393 20 1590 124 378 1263 1262 1800 149
331 1598 365 1549 1400 1785 1411 106 1435 333 169 122 430 223 76 41 1266 1314 360 1777
145 1329 1282 1611 117 105 241 1832 1806 1387 333 1765 96 230 1336 1597 1273 414 92 1633
146 266 141 1505 389 1546 199 1533 1334 1875 1777 457 1441 78 218 1555 112 1389 51 488
473 1859 59 1461 1884 447 196 111 1569 273 1485 1378 1850 1799 1872 1451 1479 1463 1561 525
441 1758 1884 320 526 1811 1703 1754 381 263 100 1823 253 1545 1651 400 1776 1449 1457 1497
136 1471 476 394 332 1523 236 1346 1626 1821 24 127 271 1304 1367 165 411 134 46 422
463 1542 17 1355 12 1784 1478 141 1834 1401 1670 1470 500 533 1325 379 32 231 88 1416
100 1377 373 13 1751 1415 16 1329 340 221 1431 9 179 7 381 1804 1851 1360 1396 1860
134 1464 1556 1417 194 242 120 46 117 1628 1370 1319 1630 480 185 1545 1818 1341 1796 1401
320 1564 1417 1467 1398 448 253 1332 300 12 451 1406 372 465 1412 1825 163 62 205 1776
301 444 442 403 1452 1767 56 1855 395 1491 1496 1799 1489 222 411 1832 220 1788 1866 1488
191 404 481 414 53 167 1336 1310 1302 1472 357 462 1349 238 1745 1489 211 1525 154 198
1267 1496 468 1617 1682 1312 1888 177 1387 1809 71 1811 342 463 1438 1836 1614 223 1874 398
1388 1619 103 1450 320 1439 147 444 171 1536 3 1499 1644 1293 427 485 1552 148 508 1455
62 1614 226 338 1347 1338 59 460 440 239 373 423 1600 410 1285 1530 1415 493 1862 1636
87 426 28 61 436 331 1869 1796 168 1536 348 1294 270 1403 1873 1363 1408 1500 1880 1865
436 1878 1267 1825 150 483 480 427 1654 1620 1483 1760 1494 1468 497 477 1788 1886 506 1847
1261 1844 167 378 383 1365 1776 200 74 87 119 1793 78 1206 168 1535 1652 1458 302 1513
1724 1761 374 262 1323 206 116 382 538 1838 1696 1310 1773 528 280 264 1395 256 454 510
346 1764 1835 1827 128 499 1460 236 1513 313 82 477 96 1527 406 456 1781 1292 1 224
97 1421 281 32 262 1484 1820 1498 437 169 205 1316 1278 1835 1473 1545 1525 112 1271 36
810 895 898 730 927 758 915 921 732 928 958 864 861 787 845 724 749 920 812 821
264 1608 365 1280 1396 1872 1639 51 1831 1773 1508 1295 466 263 69 1 1442 1432 1289 1511
321 1539 472 316 201 387 88 389 1302 248 319 78 95 430 1875 376 1754 20 470 1811
334 1540 8 1765 264 1363 462 1887 209 340 1661 459 89 1488 1442 1849 90 1283 1519 1389
124 1840 134 67 1364 190 1478 1263 1826 1375 413 213 1353 455 1554 188 85 1382 1765 1380
1413 1501 146 1274 1323 86 1472 137 1347 1545 1306 1866 1795 1453 1604 1793 1520 1410 330 7
1715 1751 532 410 1717 515 291 214 357 219 1702 1787 227 1733 411 1779 1786 367 1752 439
435 1838 178 1424 1404 159 184 1430 528 508 282 1370 70 1472 1330 480 1436 446 1678 104
723 788 811 822 782 902 817 920 621 932 716 790 707 948 615 830 752 617 821 951
54 1307 1620 1360 69 65 321 1569 248 1769 419 408 302 22 1611 1794 1538 304 1522 62
331 1453 1412 350 294 1830 1553 268 1272 451 1425 1422 1506 339 121 1857 319 328 234 1521
1395 1626 159 1455 1427 209 466 72 1560 168 1500 343 76 1540 259 1656 337 247 241 1278
1766 1814 1791 1782 209 357 1434 1864 1767 1428 1848 1819 1836 367 236 95 1747 1843 1429 1459
257 496 462 1565 527 1754 476 1560 1717 520 1547 1889 289 512 1568 220 1771 1626 315 534
400 1753 1726 181 1707 198 1764 401 474 1857 300 48 1642 1752 1798 276 345 1796 196 167
764 950 700 867 901 975 964 782 724 963 971 872 1109 788 713 846 916 702 830 1111
765 961 695 705 947 662 841 806 741 787 849 774 664 723 693 704 992 771 762 752
1312 1862 110 26 1411 1295 142 1804 1501 1363 1402 189 1284 233 311 405 143 133 1391 1566
83 125 1457 1775 99 1311 1463 229 1405 228 1816 411 1818 1522 1529 329 1288 445 393 399
89 1372 105 110 1485 432 1421 1344 1839 1832 1517 364 1515 15 1787 1305 400 81 1872 1388
1725 1769 425 1302 1804 1805 1701 363 288 466 241 99 206 1844 1785 1696 122 391 317 315
1305 1767 1383 1322 147 1738 1778 451 462 1545 411 1731 1395 116 1473 1832 507 1486 288 324
347 1623 110 148 452 1652 1524 446 1861 1742 1827 150 1759 176 1595 1763 153 402 479 227
284 1848 437 1829 1255 1875 1419 280 261 119 272 439 114 372 1726 12 1734 471 210 260
137 310 267 1440 1343 1835 189 177 148 1544 1776 188 1882 111 1461 1329 394 1574 1300 178
62 1474 1520 395 269 1538 1266 1469 1265 66 262 1371 214 1260 168 1844 96 205 208 76
88 1612 1376 1820 127 1519 411 68 504 1386 1354 343 1349 234 402 1370 108 354 1776 1441
234 1270 1443 1643 1556 190 303 392 401 1468 419 274 1874 1808 1836 1862 232 153 1562 1538
477 1744 1839 1861 1636 355 1620 403 1647 1807 1670 305 1608 323 1632 1671 278 1572 549 330
429 1548 375 42 1775 45 144 173 1485 163 1438 389 1289 385 310 1395 1331 1425 1342 505
240 300 88 407 1537 72 1494 463 1628 1635 1547 1768 1599 301 369 8 1769 169 225 422
1206 1243 1690 1163 1214 1210 1161 1179 1717 1673 1263 1709 1202 1666 1660 1183 12 1805 1190 457
1590 1655 534 1530 503 1219 1247 1548 495 1505 1287 1215 231 467 1483 1562 1684 511 1668 454
348 1280 1417 463 1662 1439 1546 36 145 139 181 1889 1451 393 1423 1309 377 336 1749 1455
117 1774 211 1831 146 1300 360 1431 1607 108 1603 1513 1354 1557 1491 25 227 1860 1439 1276
851 879 907 925 808 773 885 913 852 914 797 955 759 908 802 943 767 941 796 931
1460 1505 290 439 1846 113 1409 1809 1394 1832 1839 1551 1548 1565 1353 1504 114 1373 220 1512
1412 1560 72 204 1843 437 317 1827 1590 356 1395 157 1336 1530 455 1440 280 1482 68 245
69 103 1821 152 299 123 281 292 1510 1873 34 1851 1371 1609 1844 1279 10 312 209 1422
1525 1848 385 232 58 1537 186 137 1522 1310 67 1282 165 1516 432 129 1424 60 41 455
280 1540 286 1839 376 405 106 1320 1396 1443 1453 175 1314 1746 1641 311 1656 1757 1296 1349
398 1481 307 411 1855 461 153 1460 399 35 1429 221 1630 38 180 1607 1544 96 1366 1296
1479 1527 401 477 382 1286 1649 1467 1377 1557 433 446 59 320 81 1597 1394 134 1878 247
343 1459 316 363 420 163 1300 252 1649 1746 471 1298 3 1481 1743 1833 1595 100 1530 393
1495 1800 329 1409 1286 474 1597 139 207 405 416 1269 1340 1596 1385 158 309 316 315 1608
1316 1516 1453 1845 1381 205 1445 1431 1412 1400 308 1500 218 118 1589 1363 344 1560 1847 134
240 257 1641 1755 483 1880 427 1458 212 397 354 1325 78 21 13 48 1622 1442 1562 1888
1653 1668 1282 1584 431 1526 427 342 208 1670 1288 215 1580 1498 207 1523 217 1626 1249 397
1389 1505 1346 10 1854 1319 1860 201 22 96 1616 1399 1622 1661 134 1332 1662 1528 1356 1643
308 1464 449 1777 1510 357 156 466 1467 456 394 142 1868 1517 118 309 152 257 223 149
1476 1867 1293 341 251 405 1262 1607 395 1351 1803 1632 1795 1513 347 336 348 1275 357 1875
197 1268 348 9 1454 141 188 1846 439 1494 104 1480 1851 1472 1373 146 247 1308 1857 1381
1279 1289 1508 1545 139 1884 69 1805 66 63 1642 333 1436 138 1551 1598 1574 1304 309 1479
343 396 1829 172 1471 173 227 325 1507 1865 220 348 1713 1851 1488 1438 1888 1265 478 166
191 217 306 56 441 425 389 1798 325 1483 219 361 1843 388 1869 1563 1496 351 1482 409
1 147 235 1381 1610 104 3 218 1624 53 51 223 427 1257 12 1275 90 1388 365 409
1413 1512 1431 1397 1535 1594 78 1641 1644 1826 1547 1632 1849 1461 1271 1498 1395 55 1864 1635
14 232 30 1277 303 85 1270 198 1220 1453 81 136 1412 323 1619 297 154 1601 1529 1266
1287 1465 1860 1594 1845 307 83 1827 1616 1447 1456 1818 374 111 141 1852 1656 1405 243 1554
778 897 703 701 857 836 977 819 700 791 814 911 944 811 861 826 947 875 968 709
484 1690 1653 1256 480 394 1793 465 1852 1219 1224 248 1713 1760 358 1777 1546 549 1855 1252
1675 1692 552 445 1222 436 430 446 517 1681 464 530 460 1679 449 1495 502 1668 1226 1662
434 1684 524 1662 256 1769 12 1786 1719 500 323 1766 1864 269 329 117 389 206 263 106
10 1601 1477 64 215 1388 1622 1596 1433 84 1428 1430 1381 1288 445 1457 57 246 397 1579
815 900 906 713 857 740 821 841 835 754 746 839 872 818 799 914 741 879 734 860
235 284 1603 487 1495 293 318 1818 1435 59 1881 478 1739 394 1323 1605 1575 444 1429 1823
303 1425 1495 295 322 341 81 1885 76 1759 436 377 1294 8 123 1277 1543 129 1755 1784
383 452 54 1241 318 255 1425 1868 329 1491 1596 1843 213 1499 395 1544 510 1621 178 445
189 1851 209 387 1498 1512 325 364 227 1865 1250 252 406 126 1321 121 92 1622 274 80
122 1333 233 175 1305 33 222 1562 169 1463 400 291 159 1776 288 141 1491 1636 1503 284
8 240 176 300 178 297 186 339 1754 119 1465 1364 1888 1579 22 170 79 1440 55 1766
1372 1530 33 1411 95 152 1841 1415 1302 94 409 1827 200 245 1469 1625 1579 210 215 302
402 1570 151 1544 244 1430 1622 230 161 361 1722 63 1640 29 1483 313 1536 413 1513 189
1483 1666 432 357 420 1272 1491 314 340 1834 59 1833 1427 1576 1415 1688 394 1534 333 408
129 1631 338 523 1403 1622 524 1652 1274 1437 399 1853 293 368 1649 1547 1486 486 1463 1331
91 305 1777 1865 1275 152 1616 1720 1301 278 437 459 1322 1747 1292 1874 1437 125 1507 1538
87 411 1271 100 138 278 1771 1384 1470 1612 343 1569 1497 1489 83 1354 1782 1801 500 1717
483 1827 1609 273 1457 387 1875 455 1323 1278 1255 1495 1616 279 243 206 1614 396 271 1284
288 1803 314 1752 1411 240 492 1466 430 408 1881 88 1854 1883 1323 296 78 1262 1463 470
1519 1561 1461 1884 368 1547 224 1629 138 1420 301 392 474 1649 198 1874 115 1889 1455 1643
351 1839 112 59 1779 1849 481 1492 1444 1330 1318 441 1411 1747 1320 1557 393 1452 1359 412
6 224 453 1387 409 81 1834 67 1551 327 87 1365 1800 276 1412 136 278 344 1599 1284
774 900 914 725 671 902 781 808 821 722 775 685 698 827 945 891 684 927 697 957
