2115 2255 525 536 444 2301 489 2185 449 2178 459 510 527 2153 2163 507 439 498 2052 461
410 2020 1996 390 434 2067 1443 421 2022 429 2066 1431 384 424 1413 454 1447 400 2059 2055
623 2356 569 2618 561 626 551 2310 666 706 2358 2394 2409 2332 2629 2327 2386 639 2366 2324
1543 1585 1569 1587 1499 1580 1552 1540 1724 1494 1700 1546 1709 1558 1701 1592 1695 1696 1745 1551
403 446 2059 1441 2122 1440 1411 420 408 441 2266 477 1433 2068 2090 1813 2281 2279 1840 432
1568 1602 1646 1716 1499 1495 242 1458 1620 1556 224 1518 1509 1696 1467 1574 247 1747 1555 1719
2762 2847 2845 802 845 2811 2739 784 2820 832 830 2881 817 814 797 2842 2839 2868 2764 2795
2064 2076 2017 2088 2124 445 2085 433 2100 2031 2059 450 2257 2148 2114 2104 2261 475 2090 501
862 914 812 825 913 869 951 3004 896 948 934 864 907 2992 3011 881 882 3006 853 3013
932 2957 2955 2958 920 3009 887 969 2953 2974 965 2940 2991 2979 933 2965 2985 2981 3011 2977
140 1672 1246 233 1112 1221 241 221 1209 1591 157 1687 1224 1184 1149 1223 1600 172 1244 203
919 931 3036 867 940 915 2999 883 3002 2993 2957 3012 876 3009 3016 3004 2967 954 963 904
959 3026 906 972 1001 3046 2979 978 947 917 2977 912 925 989 3027 915 2968 3038 3028 922
58 1035 1110 1316 1040 85 982 97 1111 1136 47 24 1053 94 107 6 110 1072 1050 1016
2372 2403 2425 613 612 2351 2418 2467 2463 2384 2465 2405 568 541 611 549 2402 640 2333 579
262 1461 233 292 1623 223 227 1646 1425 1602 1638 248 282 1636 1450 1431 1614 261 1635 367
660 687 680 634 617 654 2561 735 2646 2580 614 2621 2596 644 656 650 2584 2633 2662 2581
2911 2935 2878 2969 2954 2958 2876 2940 2952 2944 2880 2960 2939 2930 2918 2873 2893 2945 2904 2879
2155 2189 2135 2250 2156 2087 2085 2128 2079 2116 2097 2063 2126 2163 2066 2101 2158 2138 2159 2067
2411 2452 2410 2469 2405 2416 2362 2384 2483 2397 2391 2442 2480 2472 2372 2435 2446 2400 2462 2455
433 2025 1804 472 2072 381 2125 2070 2039 2090 2051 2005 2289 2104 1858 2120 1864 2064 2091 1842
746 2829 840 782 2821 843 2849 2784 754 2758 2816 784 787 680 838 772 2806 2779 2774 724
1284 1315 121 1287 45 1347 124 1317 49 1297 0 1342 66 68 1326 1300 27 83 101 107
280 1487 1443 1435 1705 239 1523 1548 250 1648 1471 324 1562 1595 1418 1607 252 1509 1560 256
2116 2252 2179 2053 2289 2103 451 2114 2277 2176 446 525 2170 435 532 530 2177 2257 505 2299
277 1634 244 1699 1571 1642 1434 252 1509 164 259 245 1731 1729 223 262 193 1465 179 1617
514 2256 2251 2332 2150 2182 458 2112 2267 2133 2261 526 2050 481 2174 2120 2258 451 2176 555
404 1453 1422 2050 288 1446 380 1623 337 1632 1635 1624 445 261 427 254 1603 389 369 297
186 226 1197 1700 1145 1636 1247 1172 206 212 1694 131 1146 228 181 176 1206 1668 1241 154
626 2371 555 2415 598 2325 2369 2638 655 2642 634 2407 693 2619 594 541 546 540 682 2590
2115 2292 487 2122 2309 2112 2072 447 558 2264 2261 553 2280 419 2074 497 2316 525 2271 2073
2539 2564 2525 2565 661 2574 2588 667 2530 636 666 2500 2542 2570 658 2498 2534 2562 640 699
851 2839 789 811 850 2814 791 797 803 2852 842 2786 2800 841 777 2833 856 825 792 911
1188 1697 137 1621 126 1620 1239 1623 248 1658 1574 1652 1513 215 193 1516 1640 1527 1483 164
148 1185 163 1681 1692 1218 1227 155 1206 206 1241 1661 158 1231 1679 111 1242 193 207 194
2073 2092 477 482 479 2071 439 2023 2257 504 2076 2039 2293 517 2101 2102 2264 449 510 2109
46 1323 50 1295 20 1026 53 104 1052 1347 1307 1039 112 103 7 1056 1106 5 1346 1374
809 826 2776 871 2851 2808 2770 800 2816 850 2846 770 886 763 2778 779 845 801 814 2790
409 2012 2057 396 2064 450 405 383 446 379 1979 1423 2040 1445 2013 454 1988 2044 2025 2002
429 2109 504 1432 1835 493 2068 508 470 1837 445 2102 1990 506 468 2081 2036 2032 490 407
903 3008 944 3009 3005 849 3002 868 3029 865 936 892 955 939 3011 933 844 937 909 3024
451 1789 523 2077 2078 2013 447 1830 2084 2292 2141 510 471 2035 2031 1773 417 2145 2060 2288
1524 1707 1530 1490 1473 1695 1689 1735 1691 1577 1704 1729 1721 1498 1479 1693 1553 1580 1482 1665
690 722 2585 2642 2630 636 649 2616 674 663 691 2672 680 632 2610 755 646 2617 623 733
706 2611 695 677 682 612 709 650 2594 2636 2590 618 2610 741 2596 624 715 681 2583 737
312 350 1396 1403 296 1389 310 373 1430 1426 1419 358 1432 366 369 1421 290 294 376 1387
1750 1764 1742 1581 1582 1594 1786 1730 1789 1578 1774 1740 1712 1733 1790 1787 1592 1720 1776 1798
1874 2007 2006 1846 1850 471 1890 1821 463 408 1911 438 1857 1978 2003 1872 1997 1926 1965 1994
57 1313 1059 1322 1018 115 55 93 1353 1045 1329 54 1035 1055 1284 98 85 113 38 108
789 2839 2838 2848 791 2796 825 2763 848 2845 2775 2765 2809 814 2798 2776 2832 799 737 749
1613 1670 1603 1455 186 1199 1661 1672 1551 125 1632 162 1698 141 1735 1484 1629 1480 134 1537
392 406 1404 421 1444 1405 1410 1437 1417 2035 1454 2033 448 2004 420 444 365 2021 1426 375
2023 2062 460 376 437 2149 2074 2154 487 2275 2072 1991 474 412 2008 409 2093 2091 1994 473
732 777 2804 2800 667 2838 675 780 2840 761 682 2824 2797 726 792 798 745 674 2827 698
61 1029 108 40 1307 23 70 84 52 1317 1001 9 1292 12 1044 1105 1308 1061 3 1046
915 945 865 3037 2956 910 2976 2992 2972 885 2981 3010 3030 890 2968 875 854 982 971 2974
189 1243 195 125 188 1242 223 200 128 1645 142 1165 1167 1269 1275 150 137 1132 160 232
2943 2965 2998 2950 2925 2961 2939 2899 2979 2959 2928 2970 2914 2977 964 2967 925 2897 2910 956
1490 1612 1686 221 223 1571 1576 1483 1469 222 272 1621 1605 1528 239 1461 255 1559 1654 1747
2153 2266 515 2188 2154 2108 517 2084 2104 534 2158 2112 2262 2292 2105 2125 2082 434 2260 2128
2503 2544 2556 2521 2539 2534 2583 2567 2483 2501 2530 2531 2502 2527 2482 2575 2540 2557 2513 2554
2121 2148 528 2252 514 2064 2111 529 479 533 520 2084 447 421 502 467 424 470 446 506
472 2054 2081 2043 2294 2138 2116 485 482 458 2063 2044 2265 2087 2256 511 510 506 2115 2031
2135 2252 444 2103 447 2101 2276 2282 525 501 2290 487 2047 450 456 2043 2065 435 2053 2044
510 2257 2300 483 478 2142 471 2320 2285 1797 2269 1800 2058 551 2161 437 455 2069 477 1783
758 2804 2776 822 2781 2783 2759 2817 2838 2799 855 794 757 827 2766 2754 2802 2785 2809 2816
24 1127 1130 1033 1117 85 0 1331 1114 1015 103 1091 165 1034 152 64 1007 1320 1248 5
2125 2252 2271 464 476 2294 2095 2097 2110 483 2188 2080 437 2083 491 2132 2061 2266 438 426
404 1992 1822 1865 1893 2013 2039 2042 1891 1886 1423 1848 1980 1858 2056 1915 1453 1885 419 1438
1098 1135 209 219 213 1275 231 1250 197 1101 1284 1097 1262 1137 199 1100 4 24 242 22
200 1248 1273 1239 1280 1651 1131 1667 1682 176 1147 1142 1186 1677 1270 174 1198 1149 1127 1138
737 2796 784 755 763 730 824 840 2804 2760 699 700 722 706 775 822 2781 714 778 777
744 761 2817 2811 764 777 2838 702 2820 2756 745 678 2758 795 774 2798 2778 2799 793 694
586 2613 2665 2651 2367 2642 2313 2370 551 2646 710 2333 2655 2365 600 670 540 2353 2653 2570
703 725 637 647 645 686 2622 631 746 2653 695 2659 2589 644 749 621 2646 618 2579 2584
370 404 1446 441 310 1384 382 335 361 439 1424 333 2032 390 432 311 417 336 1381 319
2541 2572 2624 2553 2567 662 2542 708 2507 2557 2522 674 721 2518 2577 2554 2621 2533 2530 2498
2850 2861 2883 2778 2895 2908 2880 833 2754 2859 836 2786 2915 2870 2765 814 2886 2923 2931 2918
1534 1592 1593 1745 1628 1705 1670 1686 1711 1492 1489 1472 1741 1708 1736 1499 1672 1498 1482 1749
250 1157 130 1693 1659 287 1476 239 143 1611 1252 1224 180 108 1194 1175 136 1211 1674 1131
635 653 2611 627 2613 2658 602 695 2596 2601 2648 2575 680 2620 707 2581 2576 674 2624 2595
298 1452 1450 342 1469 1611 341 402 1456 1416 376 360 1474 279 369 1634 373 252 401 262
362 388 305 1420 312 1366 2008 393 1386 1380 360 308 2020 414 361 351 309 337 1381 2024
479 508 518 1841 2101 2106 2302 510 442 1806 532 2055 2112 2146 2143 2303 472 522 539 1786
229 1682 137 150 1217 188 1200 1651 154 269 1697 1146 138 246 157 224 1168 1688 255 1615
2396 2458 2374 2409 625 2404 598 2473 2379 2423 2456 2470 2463 624 2410 2466 2471 2465 2362 2484
308 1413 339 1388 301 360 364 259 365 1369 1408 1384 270 328 1363 1469 273 287 336 313
1317 1349 1320 42 1295 15 102 69 7 1281 1335 28 110 1376 85 1406 1413 1404 78 64
954 968 958 988 913 999 903 908 941 995 918 1004 2999 940 3045 3031 2967 2960 3036 946
723 769 730 701 2753 2804 2767 756 2776 801 2810 689 712 2815 665 814 2779 809 2582 651
1818 1874 1903 1827 1984 1955 1814 1893 1951 1926 1880 1866 1896 1961 1935 1999 438 1780 1925 1938
1150 1281 116 1164 88 105 67 1255 232 183 1249 1133 89 1109 1277 229 175 1304 1172 1180
452 517 548 464 2260 2126 2039 2027 487 1819 2262 457 2124 432 438 2280 2046 2068 2120 514
766 2798 807 734 750 2760 847 2756 802 841 759 2806 834 2843 2820 2835 2822 764 827 2757
242 1490 239 1607 1632 1536 166 1605 225 1540 1155 1462 1549 243 280 210 1640 183 1153 1501
982 1038 1065 82 14 1040 24 64 1057 3060 75 1079 3052 45 60 1059 937 1061 1088 19
355 366 1443 1374 356 1373 344 1376 1456 332 394 1379 1371 1435 1392 1395 370 1382 382 1393
2051 2089 2128 472 518 2122 2035 2138 2137 2129 2112 402 452 502 2146 2259 2039 2152 2098 2027
1531 1717 1555 1589 1504 1621 1570 1546 1556 1740 1477 1660 1728 1685 1633 1733 1562 1549 1687 1502
551 606 2403 2615 546 641 519 2348 2402 2326 2383 642 2637 2602 2597 649 522 554 568 2407
1468 1512 1549 304 1491 1612 272 247 1624 1593 1584 1546 246 270 1616 1577 1582 241 1576 1620
1548 1596 1672 1711 1537 1675 1681 1674 1667 1685 1581 1464 1549 1541 1538 1745 1627 1533 1545 1489
1509 1637 1558 1574 306 1688 1506 1464 296 1150 1721 178 1641 272 1651 1635 1707 177 1682 1554
533 2314 2321 2308 580 2286 541 578 488 502 2324 2110 2317 2289 2315 2339 490 548 2261 476
1619 1640 130 1611 1191 1685 1464 1594 236 1229 1474 1148 286 251 1671 1181 1449 1232 1745 1147
552 2365 2291 2381 541 2310 2408 640 537 625 647 2352 2620 533 2299 514 2317 2396 574 2404
651 717 659 646 682 2618 2604 2588 654 598 2560 681 746 684 708 616 686 669 2582 2586
9 93 1075 1071 1036 1326 12 1319 1307 1103 1006 1105 39 1041 48 1118 1304 1144 10 21
1124 1147 237 133 1059 68 1239 73 1057 1221 1082 1250 143 1066 1256 140 83 1154 80 1237
89 1145 1242 1157 1175 15 94 1331 205 1237 1093 1052 1272 25 1101 1143 1318 1125 117 1163
659 2555 2579 717 2577 680 2574 2636 673 683 690 721 2508 605 2649 2564 626 619 2582 622
165 1660 119 1655 128 1686 1663 1174 158 1662 120 1226 1206 1192 1711 1521 1707 1245 124 126
163 1205 1644 136 244 211 1149 1201 1666 1210 1679 151 1233 1136 1215 1154 248 1698 1640 1177
239 257 1616 1676 1461 1490 300 1485 1601 1444 1667 230 1694 1494 186 1689 159 295 1682 125
48 1021 1330 1128 52 1303 1142 18 97 1311 1031 53 1046 1331 1042 6 1109 1127 58 17
1241 1665 1693 1147 1223 189 1674 1698 1160 1509 1632 229 1268 1585 1144 182 1655 1179 1641 233
77 1024 1055 1026 996 1058 68 1019 991 1 1037 10 1332 1030 1074 1328 76 30 993 1299
1848 1891 1982 1838 1992 1910 1849 1965 1920 427 1949 2001 1994 439 1993 1971 1933 1811 1976 1817
197 1642 1601 1487 211 1701 269 1530 1670 261 1481 1553 278 1700 1522 1656 1223 1551 1663 237
2882 2909 2902 2863 2901 2883 2858 2953 2870 2890 2927 2850 2947 2879 2881 2852 2929 2905 2942 2857
1600 1731 1467 1728 1606 1509 1773 1479 1461 1638 1724 1721 1753 1613 1700 1678 1664 238 1706 1610
1484 1511 1450 269 1703 1660 1583 1472 1525 283 1623 1595 293 1587 1601 1555 299 1656 1708 232
929 970 3059 1009 964 882 1003 906 3038 902 2954 2960 2956 2993 2992 3037 3002 3042 891 3003
433 445 481 407 2026 478 1789 2011 1848 2082 1843 2052 2114 1850 2136 465 1814 516 1829 425
1821 1907 1902 1822 421 441 1947 1968 1797 1992 1846 426 1855 1809 1982 1795 1871 1869 1844 1842
2690 2727 2668 2659 2698 2635 2681 2752 2687 2632 2738 2693 2663 2749 2757 2728 2702 2731 2652 2697
664 721 2553 2562 717 621 741 640 696 698 729 694 2597 2617 712 2640 623 2665 626 2558
440 2113 469 437 2256 2250 500 2143 1827 2079 491 1824 520 397 1999 1993 2133 2078 2258 493
649 706 2581 693 720 603 735 679 670 651 635 685 2582 598 2638 2651 2557 2665 733 722
780 801 852 763 728 2811 787 836 2802 2825 826 834 775 2805 835 2816 849 759 774 2779
1264 1648 1611 1527 1261 1295 170 137 1313 1618 1567 1724 1560 1602 146 231 1292 1559 1493 1121
549 2373 540 550 642 563 532 2357 2369 2315 2405 2292 2348 2381 2297 552 2390 596 570 555
153 1151 1671 120 154 243 1173 116 1147 191 199 1636 1164 1184 1191 1206 85 84 1197 1188
712 722 2567 734 756 643 667 2587 2617 746 662 753 713 2613 2618 665 2588 2563 2599 740
987 1025 3046 993 1033 42 1021 3044 23 1045 997 1010 3068 973 19 55 962 65 1066 5
712 2663 2593 629 2571 2645 2716 672 692 671 641 2588 654 640 701 695 653 730 639 636
975 1020 78 1043 980 16 932 1065 1003 977 48 3056 3035 986 1045 1013 1059 1054 1039 35
426 1821 2124 1812 409 2101 436 1830 1783 1799 1876 1913 1991 1860 1982 1878 1785 1857 1804 2118
1844 1930 1864 1804 1855 466 1888 481 1998 1871 1994 1860 1957 1937 1989 1848 1838 443 1956 1915
173 1156 198 118 1669 1226 1136 1228 109 219 1641 218 1212 1266 1127 1195 1133 146 131 1163
109 1274 1138 1661 1301 1101 1319 1147 30 1063 1277 1059 1149 1309 1074 1256 1656 1087 1162 41
2117 2261 2298 2162 2297 2276 2106 483 2065 520 2113 2067 2070 2076 434 433 2286 2137 2051 536
1827 1880 1821 438 423 1937 1816 1794 2001 1799 1960 1985 1907 434 424 1921 1875 436 1940 1789
1605 1728 1470 1714 1773 1675 1628 1578 1583 1587 1730 1538 1748 1646 1655 1695 1564 253 1552 1711
15 1113 1060 145 1085 1118 71 91 1329 14 1026 81 1331 33 19 134 1061 1077 1050 1125
77 1295 1312 1314 1253 1329 1281 1285 1043 59 1133 57 1037 1319 1276 1325 12 1265 1326 121
562 611 515 2331 2641 660 543 2605 2600 662 2619 607 2385 2376 537 534 2349 560 579 2297
117 226 1064 1617 136 196 120 1295 126 224 144 1660 256 1687 245 1260 142 1108 1263 122
1528 1603 251 1562 1504 1508 1459 1608 1455 1632 1673 1737 1523 241 1543 1506 1692 1572 257 1482
156 1631 1555 1174 1132 132 247 1604 1576 209 1589 1686 1227 240 153 1722 1697 1500 1536 225
