179 1213 208 160 226 1133 250 204 1156 1143 132 1150 199 155 164 1210 230 1185 1171 217
440 1063 1097 356 1072 385 448 479 1029 1036 1081 1082 1090 491 325 1060 1078 410 468 1021
178 1208 238 157 167 1122 1109 214 162 168 1169 1218 1175 233 195 198 1107 236 160 133
313 1068 357 296 317 299 1026 374 1025 1075 356 344 315 1087 1085 1045 1089 286 1052 431
1104 1119 203 1174 200 1108 1144 201 1062 382 1124 155 1066 355 393 1157 1148 331 1196 149
137 194 108 232 1133 1101 1196 154 199 238 1109 1123 1157 1203 1132 1142 1214 1226 129 134
652 768 628 727 939 3 881 672 707 642 746 763 757 694 697 901 791 40 792 722
621 636 955 903 748 664 597 906 766 718 949 596 726 707 600 938 667 672 602 751
699 947 667 631 689 720 645 714 944 925 698 954 940 933 945 643 670 935 686 967
665 903 658 755 757 972 687 736 0 760 930 969 887 886 902 926 672 764 761 962
496 521 436 538 493 463 528 469 485 547 495 515 526 554 435 439 540 449 444 537
838 890 815 2 846 28 808 880 822 844 748 8 799 820 908 777 896 16 775 773
175 214 1150 163 127 1200 217 172 151 206 1188 1141 1213 174 1129 1179 177 1110 1168 1231
26 781 34 806 783 823 808 66 54 47 779 763 764 789 777 794 793 16 896 7
462 1059 492 348 400 460 353 356 521 488 394 363 1053 508 499 309 485 484 316 1028
18 745 0 904 813 747 753 40 756 911 778 697 891 901 699 650 799 625 705 663
186 235 1130 162 1205 1140 132 229 1124 149 160 200 1225 1162 1183 1142 1125 209 157 212
347 1092 1103 1090 386 387 411 323 104 413 1110 342 1023 359 312 350 365 390 406 1104
516 561 475 468 553 489 518 467 478 498 533 520 538 480 534 547 486 526 524 504
69 1159 1111 110 75 120 33 1138 119 95 162 155 66 1195 191 163 1137 125 116 1201
61 1146 169 1118 1151 1174 1167 41 106 781 795 1177 70 104 1168 25 110 49 1164 38
1033 1067 1043 1061 1021 452 326 408 453 316 429 1083 1103 306 1080 1065 317 1007 305 1010
1121 1184 198 175 108 76 1114 157 1140 136 127 142 84 1125 1128 150 1226 1149 134 1222
159 1106 352 147 131 153 1125 198 1137 1081 1198 1068 1185 86 1117 332 1203 1158 349 137
631 720 920 727 618 751 895 628 938 622 943 627 740 941 925 769 651 743 923 652
1063 1099 1066 117 1057 313 465 1096 344 422 332 1110 1112 1067 468 404 1157 1065 1081 1087
469 507 513 1037 549 523 520 440 1033 470 416 1055 539 534 514 477 517 436 1061 1059
141 1202 1122 1204 111 1182 231 186 218 1184 1229 230 1219 1217 1218 195 1173 1112 133 120
137 1114 81 1149 1107 133 194 1079 1089 1193 77 132 1157 191 163 1135 91 1203 1191 1188
681 905 919 746 966 906 890 635 947 642 928 762 3 753 895 751 649 964 755 752
135 1198 108 1183 1185 162 203 99 136 147 193 115 231 1181 1127 1157 1121 232 165 1212
196 1136 166 154 181 1120 1164 1162 236 188 1106 1103 137 1158 77 182 239 1132 126 63
647 681 702 964 653 950 688 955 657 953 897 731 747 743 913 742 939 946 901 696
909 933 968 11 7 680 729 938 936 922 912 629 671 644 928 742 731 639 944 693
9 44 907 34 821 755 752 787 6 899 741 7 776 891 801 894 783 61 758 773
1075 1091 1116 115 364 1037 96 434 393 411 1047 125 345 342 395 424 1070 1072 1102 1110
79 105 96 1096 126 1105 1134 1117 1110 1175 1162 1126 1160 1143 136 1124 135 1121 114 1154
133 1093 1117 1192 172 1197 405 1087 338 367 410 97 168 1059 1075 394 364 1094 1123 1090
772 883 848 640 749 816 28 831 740 844 829 733 906 782 26 874 51 41 745 10
130 142 114 122 113 1097 145 1185 127 164 1118 187 1114 146 192 157 140 182 149 96
382 1069 405 441 410 1081 449 378 1060 368 1016 431 1077 427 1019 1051 414 312 1024 1064
790 813 809 778 772 752 793 783 881 825 885 751 837 762 62 43 14 822 889 852
422 432 310 384 418 468 1024 1048 395 1029 1063 466 400 401 1023 456 435 440 1080 1038
632 664 956 962 696 737 636 684 641 750 759 971 720 928 901 623 695 650 735 965
434 1070 1108 1045 412 1030 1026 433 497 1098 451 389 1038 1106 340 487 478 313 364 1112
424 1081 1075 466 107 355 405 448 467 1032 1031 486 402 106 436 1059 351 1046 470 407
743 759 896 908 648 784 686 38 795 13 744 910 801 29 626 645 722 631 12 676
621 642 689 964 704 939 637 751 924 946 729 768 711 938 671 758 765 908 668 703
45 57 90 31 763 1 778 81 74 54 30 67 29 119 89 772 17 16 63 77
184 1218 196 162 1175 125 251 204 139 1174 1230 1224 1111 217 140 169 1209 1150 1162 1220
334 1079 341 388 100 348 1046 1055 1015 1053 309 1070 353 1029 1019 1075 1080 1096 1064 319
99 1158 1110 1120 104 70 57 88 117 1148 84 108 203 1185 205 133 100 199 202 1133
385 1062 1101 1096 1091 1099 364 363 1077 1011 1068 1029 1104 1064 355 391 447 1040 1021 1071
640 923 961 916 920 654 704 955 940 948 901 934 746 766 928 959 919 927 619 947
228 251 1200 288 1197 1222 232 220 201 1235 261 187 217 227 265 267 215 1234 210 1194
328 396 307 1070 316 1091 334 1088 1108 1035 1099 305 303 1028 431 389 374 352 1027 384
455 487 454 1049 1051 1030 522 463 1052 521 435 416 519 456 526 494 441 440 1031 1021
449 1039 392 1081 430 493 408 349 1049 488 1029 334 1056 460 336 429 465 340 1001 1080
1206 1214 244 1226 131 219 1198 184 1217 190 227 192 231 1175 197 1168 143 203 1165 202
406 1068 1042 444 1044 399 308 417 341 1067 334 1111 1065 355 324 348 1064 423 375 1078
18 775 757 20 761 880 791 4 50 731 895 772 738 33 734 901 742 10 727 763
633 945 689 770 694 616 947 915 944 748 639 625 918 730 659 750 936 681 742 619
51 785 106 16 757 4 43 107 828 12 108 738 63 93 41 760 771 801 82 109
330 418 413 309 369 1074 1015 354 374 1080 345 1020 1096 393 469 1018 421 409 359 408
541 556 496 570 546 516 563 567 517 533 501 503 538 536 534 494 495 572 526 498
664 750 728 690 795 961 717 709 715 686 958 667 655 798 11 890 799 967 755 905
236 1232 1231 170 194 212 171 187 281 258 1185 256 188 1221 217 240 220 183 1225 200
136 1095 1070 355 402 1111 1189 1121 413 357 364 1097 181 327 360 177 1185 1183 379 403
347 396 326 324 1110 1107 428 1082 1016 1041 1051 1017 366 1036 306 1025 1088 1050 1096 1063
178 1184 1144 165 175 148 1142 1159 130 136 180 127 179 160 1220 102 158 1190 1125 1117
980 1016 382 977 576 963 993 327 1036 373 986 380 1057 332 1021 355 361 1015 958 364
250 266 1224 245 285 219 262 216 298 296 233 248 1232 291 220 295 269 226 208 287
637 937 734 635 694 651 723 929 774 625 634 713 956 762 677 938 745 749 639 771
29 789 66 11 752 777 65 742 2 771 749 38 793 821 741 39 76 74 75 3
345 378 1052 373 1095 380 1100 374 351 383 369 376 326 330 410 344 1008 334 310 1104
345 1096 1136 115 99 391 107 1121 1021 105 314 1115 325 1081 116 136 98 350 396 1135
718 758 931 898 893 26 736 15 796 639 798 653 946 648 914 899 802 804 28 958
44 805 753 69 49 828 27 879 59 886 890 42 747 806 76 835 46 882 63 876
681 960 946 907 986 905 682 938 691 994 670 747 973 705 732 929 990 980 657 949
199 215 1174 193 1200 147 1192 190 1160 1112 1166 1119 172 185 1195 1178 1172 1231 169 1114
331 1038 340 446 1030 334 414 319 313 1064 1002 441 1001 1079 388 1057 431 1051 996 357
1179 1215 126 258 161 1181 1109 213 250 1110 1202 191 218 1142 1188 210 245 1138 113 1119
422 1066 446 1112 398 1054 1094 1106 355 361 376 309 1057 401 343 1082 364 312 1058 326
457 494 1047 491 502 476 540 553 1022 1054 524 1035 1059 475 464 534 532 506 1017 1028
729 905 709 939 14 681 670 724 678 638 635 11 723 645 656 936 693 755 719 627
748 804 824 37 626 726 31 721 687 747 773 781 698 764 29 628 682 689 860 8
343 370 383 401 376 324 378 362 360 393 1019 1109 1038 331 1059 1069 385 345 335 1106
753 762 49 707 664 12 800 907 916 915 684 642 773 803 645 46 926 742 638 883
479 516 489 534 1044 1042 434 491 1056 461 424 556 443 467 444 559 1027 502 531 474
227 262 1191 263 240 265 1223 268 253 298 232 223 247 1226 300 1224 1189 236 1198 242
470 515 469 1028 478 486 1037 477 471 1043 427 1022 493 551 440 496 482 473 559 472
109 1086 329 63 1040 400 71 1034 149 1149 1159 1174 85 1171 117 342 411 356 1144 1182
720 955 635 752 949 725 895 758 940 715 971 684 993 936 701 900 925 691 669 727
529 561 554 502 588 549 486 572 473 548 583 581 530 499 484 476 489 573 487 528
1150 1163 79 1135 110 126 81 1205 1204 128 85 1096 168 204 61 170 1140 124 69 207
462 1033 346 1029 397 1065 1073 517 452 309 450 334 1011 1037 1053 491 447 392 430 479
128 1180 160 1127 1093 188 151 212 213 178 1197 1100 1118 1167 1140 1092 1145 127 96 1136
239 286 191 1208 199 275 307 1216 281 244 1231 256 245 305 1214 217 201 1232 211 248
348 1056 445 409 1011 1038 391 385 406 466 1078 436 359 478 1097 490 1077 422 1041 368
370 1039 365 466 428 347 1110 1078 319 420 1040 432 1104 1060 461 416 346 464 470 362
654 948 699 681 724 911 900 744 926 643 752 704 688 648 906 635 717 968 949 694
663 959 648 677 951 941 999 991 957 903 925 728 994 667 640 908 712 642 920 688
163 1169 1108 1176 1198 1157 1156 1142 1152 1222 110 142 1186 1228 1102 1163 120 126 1177 1207
335 356 1038 342 401 319 1080 1056 333 1046 382 1049 1011 1022 411 367 1061 332 1077 1043
169 222 1220 1139 206 193 1177 258 1108 1159 200 183 1184 265 153 172 1150 1154 1233 122
110 140 51 200 1132 154 155 1145 1158 177 1168 181 165 1170 189 114 97 113 116 54
651 907 947 929 701 722 630 774 769 706 682 743 726 747 658 648 697 751 737 714
588 601 606 597 602 607 610 603 571 615 576 596 570 569 584 581 627 613 563 616
933 945 722 749 652 717 631 743 972 918 688 958 685 744 689 716 745 687 641 954
969 995 1033 987 666 974 661 981 940 982 1032 968 1010 656 944 990 960 1002 938 978
663 738 911 657 745 779 921 795 799 736 658 780 801 660 777 688 778 727 4 687
232 1215 180 195 235 1218 250 1226 1205 263 1185 1225 186 197 1223 190 240 175 274 188
133 1184 140 1123 164 1170 194 211 121 1135 124 219 95 1230 1113 1130 174 178 116 1171
164 1109 396 1161 106 1144 1066 1186 1233 85 179 1146 1228 111 1108 173 1153 1154 146 1122
76 111 1154 1171 106 1156 141 1160 159 1132 1118 88 1111 1146 1174 97 154 1114 90 1097
17 808 885 755 802 819 7 39 5 801 8 866 809 899 780 847 829 1 798 18
1144 1174 76 87 73 1160 1163 1199 122 1167 94 101 171 1156 1147 1095 1164 165 1176 1192
660 692 752 630 637 968 911 700 743 965 967 694 970 912 680 906 669 907 898 730
766 884 644 788 781 889 873 774 768 26 636 782 25 793 16 856 2 816 630 871
414 446 1055 1095 469 487 1027 392 324 316 331 1080 489 508 1044 399 1053 1040 412 459
578 1014 1003 1004 339 599 561 591 1024 344 595 1045 347 376 579 1033 592 1059 367 600
351 393 424 339 1049 1113 1038 355 1032 1085 326 308 416 1091 1031 344 1068 1082 1062 1100
146 1201 1161 1207 144 104 1225 1177 147 199 156 1175 237 1204 119 1233 172 1112 1195 241
665 735 906 900 736 654 773 974 892 720 966 659 917 937 631 774 965 780 756 963
572 589 549 1018 607 538 542 540 1021 573 550 574 1017 562 620 1016 577 551 593 556
48 787 29 756 36 794 759 15 9 5 58 788 773 768 752 797 12 829 23 827
719 762 901 882 893 729 717 656 806 792 35 747 752 885 935 735 800 761 945 950
344 373 1071 313 312 1099 1048 380 1036 1021 1030 1031 1012 314 1102 416 334 335 418 1017
633 673 924 637 933 732 900 639 743 702 671 619 759 768 721 902 612 656 704 664
222 244 209 191 1185 1230 1225 276 269 225 1216 240 200 172 246 278 283 226 211 256
367 1107 1171 1163 1025 326 373 119 1172 1169 1087 1147 131 1123 342 357 392 1070 128 129
165 208 114 222 199 119 1129 1231 136 237 204 187 1140 117 121 142 1105 1112 1161 151
409 1067 380 384 423 1052 331 1026 1056 324 437 1042 1097 1057 412 333 345 453 339 1072
317 343 384 379 326 392 1029 1078 336 424 410 360 1049 383 412 429 374 436 1056 1024
158 1156 79 1180 179 1215 210 1196 142 131 106 1202 126 84 101 117 77 1166 1128 177
1039 1084 390 1087 309 999 1047 1099 103 1018 1127 440 1066 1078 360 1118 447 1015 106 331
399 1048 322 393 459 366 464 422 309 425 386 402 358 378 1103 1036 335 428 1029 1033
764 894 694 697 739 656 909 723 33 650 632 758 13 793 643 797 15 871 658 802
151 177 1231 1130 1177 172 217 1203 1202 1113 1174 1150 1151 141 1163 173 161 1172 1208 139
676 751 807 781 691 921 1 931 796 704 922 752 687 721 960 693 680 21 768 641
855 890 826 896 801 839 757 807 17 745 30 763 900 804 760 765 814 888 872 874
362 1017 570 1076 1030 1025 386 1045 1050 974 1084 1099 1093 1073 1100 576 1064 1087 438 456
160 1220 188 1218 131 180 121 116 167 1176 1103 111 127 1114 140 1151 212 202 129 1183
547 561 522 515 565 574 549 490 521 513 552 558 520 528 491 532 583 534 568 527
689 902 881 655 906 706 683 913 4 756 670 934 687 747 884 944 11 731 647 675
94 1117 183 1125 138 1131 1142 1169 120 87 92 1093 202 1134 193 135 55 1160 1162 1181
921 950 966 924 958 731 700 695 951 703 937 911 957 928 713 739 626 955 964 744
166 218 252 239 191 114 127 1235 1123 1139 259 128 1171 1156 1129 1202 1225 145 179 1138
1101 1117 1158 198 381 392 1056 350 145 1171 152 205 1148 194 1135 173 1139 97 1166 135
10 35 4 886 887 64 890 761 905 896 781 67 762 813 749 900 740 888 763 802
