5471 5490 2532 2003 5507 2011 5558 5359 2424 5521 5565 5422 5522 5500 5549 2052 5451 5880 5492 5400
2412 2446 2032 5472 5344 1937 5629 2314 2088 5354 1961 2453 1981 2061 5527 2405 5637 5343 5334 5338
1968 2016 5604 3247 5399 5349 3141 2064 2443 2405 5390 5354 3185 5364 5563 3164 5404 5507 40 2383
1475 4207 1145 1125 4115 4174 4211 1255 3474 1240 1512 1113 4218 4210 1258 3581 1135 4274 3535 1333
49 5655 2247 3194 2325 3304 2332 5665 2369 54 3218 101 2315 15 106 2146 2061 2109 2252 2081
1057 3373 773 928 1021 801 1025 850 867 1035 935 1077 1006 796 861 3453 3384 3414 788 953
4561 4580 4550 4560 4593 4548 4540 4948 5011 4530 4528 4525 4617 4566 4531 4940 5006 4574 5012 4968
2132 2270 2272 2345 352 5630 445 3259 474 78 277 3316 102 27 370 272 76 5652 5685 178
3636 3716 4171 4167 3693 3738 3697 4156 3658 3596 4126 3630 3748 3603 3706 4138 3756 3745 3743 3633
5392 5511 2423 2035 2475 2045 2526 5610 5586 2439 5627 2500 5614 2431 5567 2438 2074 2462 1996 5581
5480 5576 2029 2651 2343 3153 14 3246 5369 3203 5627 5491 2090 1991 5457 3175 5620 2450 2440 3186
2492 5906 2453 2765 2529 5418 5493 2795 5845 5893 1916 2495 1949 2461 5238 2785 5346 5855 5435 2802
5052 5077 5090 4996 5123 5085 5008 4964 5101 5142 5119 5116 5136 5157 4960 5102 5058 5001 5072 5004
2493 5913 2624 2451 5357 5528 2538 5541 5456 2540 5275 5881 2808 5529 5235 1947 2783 5900 2763 2651
2021 5368 5634 1927 2507 5613 5524 3167 3258 2073 2487 2371 2435 1915 1955 2057 1980 2032 3257 2068
5528 5629 1943 1991 5651 5447 2399 2232 2114 2131 5450 5469 5515 1947 2094 5386 2368 2359 1992 2071
4406 4436 4413 4418 1598 4291 4340 1396 1629 4431 4457 4311 1531 1542 4412 4430 4407 4370 4339 4409
4990 5001 5004 4570 4539 5010 5116 5045 5042 4651 5089 4609 5070 5080 5068 5062 4975 5067 4540 5107
1922 1969 2481 1932 2404 1952 5352 5387 5224 2497 1973 1895 2442 5267 5532 5217 1888 5278 1963 5338
4476 4523 4494 4493 4555 4975 4971 4561 4436 4321 4376 4351 4474 4328 4976 4375 4541 4444 4337 4610
3606 3790 3837 4074 3755 3815 3639 3610 3804 3744 3574 3598 3819 3770 3753 3579 3578 3808 3644 3622
1302 3493 3480 3541 1229 3540 3514 4250 3531 1149 4196 1177 3481 1301 1363 1334 3464 3520 1293 3492
3392 3400 931 1073 814 1174 1125 1165 1134 3375 3411 3370 991 3380 913 3379 3406 822 948 1101
398 5723 268 3315 2261 273 220 160 2246 2282 3338 184 313 370 468 188 5750 3306 173 156
206 3284 2134 3279 2212 5741 5608 37 3276 5721 85 2268 2080 5712 2098 453 2248 2257 356 2343
5421 5901 5446 1951 2530 2475 5834 2613 2649 2808 5506 5426 2532 5480 5430 5531 5563 1935 2794 5883
431 448 5716 494 476 5724 429 316 5714 356 526 285 3306 451 3305 496 3327 299 3299 3302
3239 3264 5607 91 2234 471 5553 226 5681 2290 5678 2031 2023 3227 2021 5592 5610 3281 3193 2251
672 3352 3323 886 5814 737 5787 945 679 594 971 631 5762 595 5794 3358 3342 3321 5800 931
227 3267 2280 2082 198 222 5633 5580 5680 72 94 2079 5692 150 145 3334 5582 3290 202 275
3562 4107 3778 4179 981 4080 3533 4067 4066 4056 4215 4207 4071 3545 3525 3738 3744 3514 4134 4089
2474 5490 5518 5610 5530 5441 5561 2459 2517 5492 5407 5408 2625 1904 2620 5579 5337 2491 2456 5470
2512 2530 5457 5917 5229 5220 2639 5263 5348 5312 5906 2466 2658 2461 2631 2634 5478 5420 5896 5439
2408 5515 2004 2429 5586 2068 5456 5445 1967 2504 5432 2059 2335 2011 2032 5386 5570 5634 2363 5621
2400 2459 2073 5645 2510 2494 5533 2397 1921 2051 2475 5572 5417 2431 2341 5337 5537 2342 2496 2016
1865 1891 1917 1824 5333 5342 5295 5254 5346 1933 5247 1860 1856 5227 5219 1845 1833 5287 5206 1836
3735 3754 4120 3720 3650 3668 3801 3631 4130 3748 3803 3759 3719 3624 3808 3679 3673 3810 3616 4108
5373 5453 2785 5499 2478 2642 2540 5379 1957 5598 2046 1917 2635 1975 5537 1951 2084 5888 2508 2463
764 3369 795 823 672 3372 1020 1009 828 714 3354 539 904 673 5832 1026 5820 5823 1023 926
207 463 5668 3214 5708 461 297 2236 2311 2123 332 2250 431 2121 307 2130 299 5735 3216 2125
1689 1714 4280 1621 4263 1763 1746 4289 1796 1703 1799 1710 4271 1638 1661 1690 4309 1762 1802 1771
1269 1345 1123 1170 1373 4279 3507 3431 3454 1332 1387 4262 1244 4125 1500 4146 1160 4278 1159 4233
2526 5366 2454 5251 5509 2640 2490 2542 2499 2073 5341 1920 2487 1957 5246 2397 1899 5488 5585 5525
1528 4409 1623 4336 4323 4279 4337 1489 1626 1533 1339 1393 1673 4311 1572 1359 4306 4287 1588 1646
2078 5540 1943 2482 5563 5415 2454 3130 2325 2387 5455 5328 5588 2345 2420 5331 2375 5368 5472 5641
2245 3245 2209 326 2078 2123 3230 5711 328 172 5720 2012 3166 1994 5669 454 3271 2293 2297 2136
1536 4389 4229 1356 4239 1653 1647 1627 1518 1483 1466 4429 4350 1522 1603 1628 1619 4322 1354 1520
860 1026 862 556 993 908 900 3469 3362 823 3380 870 841 897 884 920 3472 585 902 885
5431 5543 2616 5885 3179 5580 5597 2546 2019 5507 2512 2095 18 5389 5475 3195 5911 5588 2486 5903
2476 5429 5472 2612 1937 5479 2453 5298 5453 5310 2595 5292 5289 2623 5357 5547 5400 5337 2514 5308
291 5738 376 368 2276 204 5762 336 5724 435 176 492 242 326 379 380 437 5743 259 178
1963 5541 2502 2099 5631 3181 5395 5474 1979 5415 5366 5594 5490 5592 5536 2080 5479 2376 5329 2473
1324 1339 3438 3431 4221 4217 1288 4265 1344 1474 1460 1466 4266 4243 1306 1252 1515 1303 4205 4156
187 234 2216 5664 5725 2314 179 5717 244 310 212 3292 5704 202 5687 3257 2213 342 3311 273
1666 4265 1538 1319 4248 1618 1643 4313 1485 1534 1491 1673 1511 1366 1536 1375 4268 1335 4271 1636
1345 4226 1205 4235 1337 4162 1327 4179 4167 1505 1367 4240 4177 1487 1351 1348 1459 1490 1241 1465
1271 3541 4146 1269 1290 1226 3483 4137 3466 1345 3437 1256 4174 3505 1292 1138 1146 1122 1121 1350
1635 4246 1503 1546 1377 4323 1659 4199 1554 1537 1639 4258 1318 1507 1542 4409 4284 4387 1389 1624
569 801 564 529 859 550 597 3345 3384 555 699 528 536 625 776 818 806 853 855 509
3316 5721 621 3314 619 464 597 682 201 5675 612 386 452 696 689 271 669 473 5674 303
2513 5406 5307 5556 5472 5385 2468 5889 5363 5481 5546 1965 5240 5569 5475 2466 5519 5464 5290 2015
3831 3865 3852 4001 3808 3895 3885 4006 4023 3988 4049 3787 3843 3805 3859 3878 3846 3833 3780 3960
1296 4123 4171 4127 1488 1138 4092 3427 4181 4137 3533 3466 4114 3477 1151 4147 1312 4119 1181 3543
5614 5645 3239 2014 2365 2249 5638 5505 3229 2233 167 2429 2119 2235 2364 2226 3303 5488 3200 2111
3856 3878 3960 4023 3888 3853 3963 3837 4064 3807 3876 3855 3913 3840 4026 3984 3966 4032 3843 3946
2762 2842 5919 2917 2927 2818 2735 2733 2757 2720 2924 2935 2919 5909 2838 2875 2990 2872 2770 2795
2625 5426 5452 1946 5220 5550 5212 5543 2490 5287 2514 2566 5211 2496 2629 5429 2467 2549 5488 5420
1299 1343 1272 1203 1332 1323 1330 4224 1191 3453 1360 1310 1482 1185 4220 3428 1198 4203 1513 3423
1075 3398 917 3376 864 1094 875 993 935 963 1063 817 1030 814 1060 962 1078 3432 893 887
1317 4135 4094 4095 1333 1104 4067 1492 1463 1476 1294 4248 1509 4059 1477 1079 3489 3540 1311 4195
3619 4097 3516 4137 3800 3728 4068 3730 4175 4060 4123 3529 4171 4078 4155 3649 3773 4120 977 4142
5829 5887 743 724 5808 719 751 5427 766 2469 2468 5440 5875 2786 5812 2796 2481 5446 5787 5886
3862 3940 3889 3819 3859 3944 3964 3836 3852 3853 3965 3845 3900 3865 4021 4035 4022 3864 3849 3880
1069 1084 1051 928 1009 5825 4146 1066 930 1089 977 3377 3405 1137 3473 1090 1099 1038 992 4137
37 3196 5612 3199 2081 2343 3153 2095 2344 3170 1961 2155 178 2089 67 5586 2239 93 3188 3296
3698 4209 3679 4134 4174 4135 4235 1344 4234 1337 4181 1510 3516 1347 3642 3690 1115 1505 4137 1148
1999 5538 2022 3245 5332 2026 5411 2420 32 5310 5458 2099 2024 5645 2449 3190 5325 5622 2084 5483
3600 3773 3586 3631 3571 3747 3639 3812 3746 3613 3741 3777 3755 3572 3641 3796 3808 3786 3557 3585
1732 1804 1846 1773 1787 1798 1789 5224 1844 5234 1834 1752 5200 1699 5177 1703 1727 1791 5252 1761
4627 4654 4675 4563 4655 4592 4934 4609 4677 4658 4935 4621 4602 4990 4542 4685 4554 4533 4558 4979
1479 1513 1499 1657 4221 1502 1534 1449 4263 1564 1267 4163 4295 1334 1263 4286 4280 1474 1509 4180
3527 4141 3702 4075 1090 4135 1272 1174 4131 3441 3480 3498 3517 1253 1283 4068 4106 4060 4181 3439
5475 5562 5359 2076 2413 5564 5507 5441 1973 19 2522 2096 2503 2532 2045 1965 5633 3199 2517 2048
2503 5553 5634 5554 5623 2516 5477 14 2544 2088 3241 5640 1972 3250 3204 2046 2398 3254 2026 2487
3499 4162 3709 1204 4112 4141 1121 1276 3460 4080 1241 1177 4226 3482 3490 1184 4113 3529 4115 3535
3673 3699 4181 3658 3647 4212 3722 3649 3724 3706 3671 4198 3651 3708 4125 3639 3645 3672 3732 4161
1488 4276 1292 1348 1351 4241 4280 4313 4272 4308 1342 1502 1296 1288 4265 4173 4258 1335 4217 4175
33 5687 2346 5633 2376 178 3190 3275 473 2099 3286 2117 242 3175 3279 462 5647 2017 3302 8
2035 5394 2040 2386 5378 5639 41 2473 3217 5503 1925 3207 2428 5479 2080 2519 5609 5629 2400 2613
2026 2407 2395 2435 5404 8 1992 2326 2420 2336 2380 5507 5646 3226 5400 5599 1962 3242 11 5520
2133 2293 72 2136 2305 94 5677 225 3319 84 340 32 3204 2143 2160 97 2232 187 2292 2113
1151 1312 1139 1334 1483 1296 4253 4254 3443 1147 4159 3513 3491 4215 3470 1481 1136 4152 1328 4160
2533 5437 5879 5277 5246 5390 2520 2609 5451 5540 2602 5478 2524 1948 5348 5913 5874 5236 2460 5422
5345 5483 5520 2069 5596 2043 2505 5481 1912 1887 5308 2635 2481 2495 2607 5304 2019 2065 2486 5547
1174 1199 3502 1261 3408 4182 4192 1286 1126 1227 4191 1449 1159 3507 1169 3391 3400 3492 4211 1154
2027 5529 2064 3206 5352 1959 5633 2365 3236 2438 5499 2410 2087 3189 2500 2440 5466 2461 5355 2007
644 737 790 3307 5795 763 5820 786 802 5782 3328 774 770 781 5739 766 799 3320 5803 764
238 324 196 270 3291 482 470 3265 174 3317 5731 193 454 214 195 3271 210 519 5708 249
2482 5870 5820 2447 5453 5555 5495 1912 2531 5435 5220 5305 5822 5298 5234 5558 5527 5371 2445 5454
2031 5404 2091 2500 2467 23 5436 5635 3191 5554 1967 3234 5588 5329 13 31 5590 3203 1944 5465
4107 4188 4224 1171 1487 3474 1107 1289 1291 1179 4209 1200 4139 3757 4120 3589 1484 4217 1455 1166
35 5614 2210 5626 2086 3224 2324 2423 2118 5536 2146 2091 2302 2375 2417 2357 2162 3281 1996 3237
1462 4195 4170 1291 3476 1496 3524 1457 1417 1182 1146 3473 1187 4241 3517 3456 1392 1259 1448 4203
300 441 286 2293 183 417 443 454 439 3313 5693 202 340 219 2257 343 318 260 3294 3332
5557 5621 44 2325 5488 5662 1976 2389 3267 5404 1994 5393 3221 5524 3177 41 5403 5527 1956 3210
205 2243 152 2276 2219 255 333 3273 46 158 3257 3300 0 244 3256 3248 3216 225 304 3187
1174 3396 990 4152 969 1246 3391 911 983 1170 1269 4156 1203 3441 1303 1210 809 1279 1259 3522
209 3322 357 308 613 2238 3235 483 2236 5678 153 3343 2285 286 498 3308 5720 3295 338 319
231 2256 5710 5736 270 349 5685 2141 3271 168 5663 461 3254 5732 5729 3208 336 2295 147 169
4562 4592 4560 4636 4616 4532 4556 4553 4602 4615 4972 4612 5006 4632 4959 4566 4539 4948 4552 4574
273 319 162 5728 314 340 229 233 292 379 461 5712 5718 168 271 3305 5701 3328 453 2262
89 2225 2215 197 2261 162 207 2120 2334 2158 3142 3306 5686 7 2185 2145 3123 55 3273 3127
1705 1757 1677 1683 1638 1723 5200 1681 1803 1715 1656 1741 5174 1804 1695 5161 1812 1742 1820 1798
187 3290 356 5639 3226 5618 2212 482 2320 3247 339 3252 95 139 77 277 3281 5706 37 3269
939 986 3363 4066 1066 971 935 4065 3408 952 3351 1071 1103 4099 1108 1092 3360 884 3350 3432
1956 3196 2472 2023 1981 3223 3225 2041 2145 5588 3207 5364 1942 2018 2031 5601 5617 35 3227 5321
4757 4887 4748 4913 4907 4760 4726 4884 4709 4886 4741 4737 4752 4723 4868 4881 4900 4718 4745 4755
3015 3044 3103 3089 2994 3070 2921 3021 3058 3083 2997 3087 3011 2983 3066 3078 3119 3118 2882 3047
4190 4244 1668 1288 1551 1476 4287 1110 1469 3507 1541 1258 3560 1280 1140 1124 4214 1241 1490 1633
52 3174 5686 3220 2301 36 5660 1990 16 3293 44 2148 2168 141 5571 2349 2083 171 2229 5693
2136 2228 2362 3227 2353 3221 114 3192 3139 2124 5650 2101 3120 74 172 2249 2326 2139 2317 86
345 3324 151 314 191 307 5761 285 252 532 5757 2251 603 150 155 5766 517 267 5753 367
3268 3282 5667 5676 2322 2104 151 2089 5662 139 332 3216 321 3254 44 3285 149 159 5650 5570
4082 4146 4125 3476 3558 3529 1273 3516 3703 4179 1284 1272 1294 3704 1140 4202 4190 3514 4127 4197
2731 2794 2736 5892 5445 2856 2830 2694 2700 2701 5895 2661 2669 2776 2662 2851 2733 2772 5894 2814
3208 5584 2414 180 68 2040 2035 2441 5523 5600 165 3219 84 2371 2356 2323 5406 17 5362 5500
1971 5551 24 2069 2323 2062 2436 5372 2418 2032 5543 3182 5345 5522 5492 2482 5608 5613 5386 3196
5428 5875 2515 5493 5887 2553 2519 5881 5847 2472 2498 5489 5415 2650 5366 2532 2482 1950 5462 5387
1865 5288 2618 5268 1825 1828 1954 1933 2513 5328 1814 1904 1884 1892 1943 1849 2502 5317 1859 1819
865 915 875 990 930 861 1074 913 903 3353 1071 1025 1063 1016 3393 828 571 916 942 827
5419 5512 2517 2058 5400 2028 5528 5433 5565 2415 5498 5380 5544 5365 5915 2532 2616 2009 5881 2010
248 2280 2283 2251 208 281 2127 5719 2266 237 349 2259 260 2237 442 242 229 224 5679 3291
1675 4254 4272 1665 4229 4275 1650 1337 1308 1612 4286 1631 1705 1611 1701 4241 1523 1484 1626 1527
2827 2866 2747 2929 2890 5907 2770 2809 2928 2971 2791 2757 2880 5913 2869 2843 2987 2885 2814 2789
359 2269 272 469 377 317 455 404 193 312 3289 133 2238 2283 2286 175 5736 3288 259 149
1566 1623 4352 1506 1565 1569 1639 1513 4423 4317 4299 4396 4313 4318 4257 4412 1697 4444 4290 4439
258 336 171 383 218 2261 445 5714 311 338 5723 240 3309 2258 220 221 189 325 354 447
2138 2163 88 183 5636 3238 30 3274 2195 26 111 2259 5693 108 3232 2333 2120 3178 2132 3246
5385 5414 2076 2518 1972 5475 2647 1917 5323 2012 5423 5498 5577 5546 1933 2615 1956 2630 5529 5597
1198 1216 1269 3443 1445 1283 3469 1441 1285 1195 1179 4205 1438 3485 1162 1234 1144 3453 1230 1264
3685 4178 1122 4243 1495 1186 3504 3718 1198 1238 3677 3484 3725 1165 4138 1111 1349 3657 1192 1491
234 5709 151 364 155 359 378 3227 243 5751 3268 610 203 2295 2265 252 5750 268 630 5724
4778 4813 4818 4802 4839 4880 4851 4801 4886 4832 4828 4784 4864 4868 4793 4803 4843 4785 4746 4840
364 2282 3230 290 3322 5680 5689 2262 273 358 2231 493 292 507 3265 460 461 235 170 2233
3264 5618 57 9 2363 2312 2002 194 2364 2411 5543 2145 2109 64 79 66 2006 2253 3234 5625
1682 4299 1709 1538 4269 4250 4301 1629 1551 1649 4341 1687 1695 1570 4339 4318 4312 1549 1509 1631
3217 3227 2052 3236 2031 5564 145 3264 2008 2139 2025 175 2287 224 1991 2053 5616 2037 226 223
3562 4112 4063 3575 3741 4083 3543 3512 4074 3581 1281 1129 1284 1301 3510 4051 4174 4027 1295 1268
2482 5306 5881 5445 5280 5400 1863 1999 2470 2444 1919 5442 2451 5298 2515 5296 5288 5425 1858 1908
1823 5280 5306 5248 5197 2539 2623 1857 5319 1780 5208 5234 2507 1938 1929 1943 5193 2602 2481 1796
