897 2838 874 2804 799 800 798 835 816 847 810 879 821 892 859 918 2852 884 825 890
43 3124 46 236 6 224 214 164 21 163 27 206 219 262 242 155 208 38 51 3103
203 3051 3052 131 3077 3120 69 186 169 3112 23 126 3076 168 234 256 252 163 155 15
2920 2944 3002 2943 2911 2978 2969 2986 2985 2930 2954 2953 2912 2995 2955 2967 2970 2957 2961 2947
1940 1949 1924 1961 1952 1986 1977 1930 1984 1928 1926 1903 1979 1951 1907 1934 1957 1967 1902 1900
903 2817 876 830 2818 910 2832 783 831 911 839 882 858 788 2845 893 895 829 915 837
139 252 210 151 220 132 3112 109 110 248 256 147 97 102 209 232 3124 236 3089 152
523 554 519 577 471 531 564 581 522 539 525 497 504 570 546 556 505 535 489 528
11 3043 248 96 3026 254 19 3088 219 107 100 68 63 3025 110 3076 20 3106 3062 3077
840 2769 2784 901 878 2757 2797 802 883 805 2801 2744 810 2761 2826 2857 2865 783 891 848
2338 2346 2359 2377 2362 2312 2331 2360 2323 2357 2371 2339 2324 2317 2336 2315 2365 2369 2363 2335
1928 1950 1927 1957 1959 1987 1945 1977 1919 1975 1980 1901 1892 1942 1974 1962 1910 1984 1955 1898
1167 1190 1188 1195 1184 1201 1178 1170 1186 1232 1227 1236 1219 1175 1223 1141 1218 1208 1222 1230
2767 2791 836 810 2810 880 805 891 605 795 2828 623 888 774 2797 2787 792 2782 829 813
799 821 832 2766 2842 820 828 775 793 774 2752 2701 2734 2833 2776 2711 2855 2844 2746 2764
889 2788 796 787 618 617 842 908 2862 603 798 870 590 891 806 628 2828 823 2806 808
3058 3073 222 224 3101 3103 221 165 215 114 206 143 127 3087 86 3034 234 3059 62 98
44 91 2 54 45 3055 3106 46 120 92 86 3044 3111 111 25 3042 3038 33 133 110
2946 2958 2961 2921 2981 3002 2992 2980 2944 2936 2998 2937 3005 2954 3001 2994 2955 3007 2978 2995
799 2838 853 2824 2833 773 2819 2773 2686 871 771 2825 849 2810 2627 825 850 2747 2735 900
1144 1155 1162 1192 1133 1201 1143 1165 1187 1177 1132 1153 1129 1185 1138 1170 1167 1156 1152 1181
778 2689 2762 801 2735 2661 2783 2640 2779 767 2709 2668 2731 2767 808 2684 2796 807 784 2687
1970 1997 1999 1957 2017 1991 1961 1993 2002 2005 1951 1924 1965 1972 1987 1983 1926 2015 2031 1989
1070 1102 1117 1073 1056 1065 1060 1124 1103 1114 1083 1099 1088 1055 1068 1081 1111 1091 1098 1080
489 560 577 555 463 527 531 556 473 458 571 520 538 464 521 545 551 467 523 475
631 651 640 594 613 618 669 625 599 634 670 639 581 621 2799 653 662 2793 642 611
585 597 619 584 577 566 570 645 644 601 602 617 646 625 558 626 606 620 609 571
586 635 655 657 561 637 607 562 614 2778 626 573 585 633 663 659 653 555 624 588
1154 1161 1180 1192 1183 1186 1150 1185 1193 1137 1140 1177 1175 1170 1182 1129 1179 1162 1133 1147
67 96 8 66 11 3039 38 3105 76 14 3107 43 95 3045 31 112 3097 68 3056 118
505 544 526 516 557 575 564 507 553 486 536 547 512 485 532 517 489 525 478 503
34 91 137 118 44 48 93 3 110 3053 102 86 63 3105 3052 82 3108 20 97 136
1580 1604 1549 1586 1601 1610 1577 1605 1545 1612 1625 1583 1578 1594 1582 1544 1557 1598 1596 1588
157 3101 127 98 48 3113 147 3041 142 3070 62 69 3116 3071 3095 168 197 230 23 3117
2165 2180 2160 2183 2161 2174 2164 2201 2140 2149 2179 2143 2181 2200 2159 2203 2139 2167 2186 2202
2172 2202 2152 2154 2169 2178 2213 2150 2185 2223 2204 2177 2148 2173 2195 2201 2238 2222 2179 2237
2825 2858 2824 2863 2878 890 2814 2792 2870 803 2828 841 822 897 2836 804 898 907 2846 808
842 880 862 2796 895 893 902 2764 2790 831 879 2803 872 865 899 2833 838 2860 853 866
828 2799 801 898 2828 2858 839 797 777 873 822 2773 802 2777 629 888 2823 877 895 879
2821 2829 854 2811 2854 2788 886 888 808 2781 882 2787 859 852 879 2820 795 2819 893 2791
800 2695 2801 2739 775 826 2703 2676 2670 2841 772 2770 2723 821 2748 810 2722 2714 771 817
2935 2981 2916 2962 2918 3007 2957 2933 3010 2960 2966 2993 2938 2934 2945 3012 2942 2975 2987 2914
1016 1036 995 1010 1039 1013 1026 1031 1002 989 1043 1022 1037 985 1035 987 1025 998 991 1028
450 474 481 423 521 394 496 478 504 539 384 486 508 515 541 441 471 433 422 395
1065 1124 1061 1056 1123 1098 1096 1067 1114 1117 1088 1101 1057 1080 1129 1050 1071 1111 1081 1103
1684 1694 1681 1696 1718 1693 1709 1668 1664 1661 1712 1670 1671 1710 1706 1678 1683 1692 1665 1663
2637 2651 2660 2671 2667 2647 2645 2629 779 2642 2672 780 2621 2664 766 2654 2665 2634 2652 2668
104 239 235 258 248 127 75 3038 94 261 244 227 3096 3097 3124 138 3118 129 3090 112
170 221 161 3113 142 3091 3076 236 253 3109 120 197 160 114 130 3032 233 125 3071 3097
861 2732 2799 2731 2736 2771 854 2790 838 2881 2784 2872 785 2814 773 832 786 2707 2802 788
881 2806 821 2804 2835 2770 2795 840 2771 2776 859 785 875 2803 2772 2857 845 816 848 2805
1922 1940 1953 1918 1921 1959 1905 1931 1941 1966 1947 1946 1910 1932 1928 1893 1943 1914 1971 1981
134 3058 256 3091 85 3071 12 244 3123 165 3066 61 255 206 114 68 77 126 3063 3099
905 2830 911 2845 923 928 2851 912 870 829 920 851 2836 895 921 924 919 850 2800 818
577 591 548 578 606 574 634 2779 2778 2776 633 2786 601 618 579 553 589 620 643 549
1366 1381 1395 1364 1371 1376 1379 1344 1400 1352 1368 1408 1377 1382 1385 1390 1357 1387 1351 1402
760 2747 864 872 751 2771 786 804 798 794 2722 2661 768 767 2744 2728 876 870 2677 784
1230 1252 1231 1200 1224 1217 1209 1243 1241 1194 1193 1276 1280 1186 1270 1257 1245 1196 1201 1247
2504 2529 2517 2518 2495 2484 2487 2536 2492 2537 2503 2502 2506 2549 2497 2538 2489 2547 2510 2519
2813 2828 2807 2853 804 2801 848 881 2776 851 863 2858 844 846 788 836 900 823 808 898
1883 1907 1929 1917 1879 1902 1927 1928 1886 1932 1941 1933 1912 1898 1878 1884 1938 1923 1944 1950
67 74 122 79 103 3041 54 99 3105 3091 58 101 35 81 3124 3042 106 3104 118 3119
1260 1267 1254 1252 1250 1246 1237 1238 1248 1289 1257 1245 1234 1261 1271 1268 1242 1284 1266 1239
848 877 817 890 2859 892 2869 825 2778 2827 2813 857 2789 853 2844 823 847 2874 2746 862
379 404 431 466 467 388 391 447 470 471 417 469 429 440 474 366 448 457 368 355
1661 1677 1695 1689 1660 1680 1672 1667 1656 1675 1694 1700 1655 1654 1662 1693 1681 1644 1676 1650
782 800 2640 2676 2683 2766 794 776 796 2770 2814 2667 804 2780 773 806 2681 2816 826 2680
289 314 290 312 317 324 275 354 337 294 274 339 299 316 305 330 358 340 292 284
2054 2081 2034 2090 2045 2062 2057 2091 2049 2040 2077 2050 2027 2102 2042 2073 2068 2023 2039 2074
703 725 744 675 722 687 714 726 702 700 734 679 677 737 721 723 739 698 742 716
168 3084 186 220 3033 174 13 14 6 3110 3099 3035 3108 3052 18 217 223 175 3109 3098
217 3089 129 222 19 29 221 113 107 175 0 234 14 25 99 3113 208 3068 1 3091
1775 1791 1754 1757 1803 1814 1768 1764 1798 1802 1778 1767 1783 1820 1804 1809 1807 1792 1796 1806
2619 2631 789 797 2600 2647 792 2612 795 2609 2630 2640 782 2627 2617 2644 2642 2611 2603 794
1586 1616 1631 1636 1599 1585 1604 1581 1619 1618 1579 1583 1612 1617 1565 1598 1629 1551 1559 1580
2280 2290 2320 2326 2315 2314 2247 2287 2276 2278 2258 2252 2257 2286 2324 2282 2305 2311 2263 2301
874 2872 2799 869 873 2858 2877 858 2815 854 2876 843 2897 2887 826 2871 2789 2885 2823 871
162 218 117 125 118 3032 152 3065 192 3079 123 3073 153 3060 3104 191 3089 3087 168 3026
1818 1831 1798 1840 1789 1849 1852 1817 1794 1802 1853 1787 1850 1870 1803 1842 1863 1790 1804 1810
36 70 80 60 106 3051 112 95 3103 3112 3058 111 3119 113 87 110 3110 3114 0 3095
1316 1326 1329 1328 1347 1293 1295 1327 1307 1350 1335 1317 1301 1333 1306 1345 1311 1346 1315 1339
2567 2586 2580 2593 2607 2546 2605 2603 2569 2573 2559 2556 2562 2552 2587 2551 2554 2555 2595 2596
482 541 444 502 434 529 485 450 495 432 437 431 484 506 497 494 414 413 469 569
854 2745 2803 2733 2818 2775 887 788 2770 2884 2840 2869 2841 2867 2811 2846 2727 824 2872 786
160 3035 3086 24 241 3110 3030 3118 212 202 3100 165 219 203 152 3050 207 3095 215 3084
1976 2014 2036 2038 1987 2019 1993 1940 1952 2026 1998 2018 2020 1950 1960 2039 2042 2015 1991 1945
85 3038 3022 43 69 3110 3096 241 66 33 107 9 3057 28 112 90 3026 155 239 129
51 3102 19 65 3041 207 75 3056 235 130 29 49 63 206 68 149 119 50 133 24
167 3087 212 0 3125 3096 27 3089 3057 3126 158 190 3065 155 220 3054 3048 197 3041 138
2178 2196 2206 2147 2215 2155 2184 2192 2224 2204 2220 2212 2177 2160 2205 2182 2202 2187 2163 2148
1239 1249 1198 1265 1258 1275 1270 1222 1255 1200 1236 1259 1250 1212 1253 1217 1247 1267 1280 1234
2961 2984 2987 2935 3014 2957 2997 2936 2950 2933 2982 2977 3018 2941 3025 2943 3020 2992 2962 2972
247 3038 3098 3104 143 219 0 233 32 234 88 108 213 3031 3020 3053 262 138 159 106
1560 1601 1603 1565 1579 1628 1538 1578 1572 1533 1550 1563 1594 1622 1610 1625 1583 1552 1616 1599
1311 1323 1307 1336 1340 1348 1322 1292 1345 1329 1320 1308 1325 1309 1305 1295 1300 1351 1338 1317
161 3111 3036 3114 251 184 3101 142 151 129 145 252 207 3097 70 120 3091 160 3032 73
610 631 587 639 602 623 660 640 659 635 600 648 2783 572 573 2789 630 614 2790 2787
847 2792 2777 850 849 865 877 839 778 620 775 776 2786 836 832 2868 2869 2759 2863 856
1510 1543 1537 1534 1555 1579 1521 1553 1489 1582 1517 1485 1490 1528 1580 1544 1502 1482 1514 1557
863 2753 2834 2747 2890 874 2749 2751 2745 795 2831 2832 882 2727 2761 2798 879 765 807 786
594 624 583 637 576 623 636 591 596 640 652 562 587 2807 577 643 598 573 584 564
67 89 133 131 98 51 3114 3113 127 3115 47 25 33 68 3052 3100 53 3107 3119 63
2986 3015 3023 2956 2941 3034 3002 2936 3012 2969 2963 3009 2990 2977 3000 2935 2996 2938 3019 3025
312 327 286 342 306 332 369 374 368 291 310 303 283 341 297 305 333 328 356 293
32 81 78 3055 14 3100 41 10 52 2 8 70 90 26 3125 3119 3097 3056 3042 3118
1186 1216 1156 1207 1225 1197 1161 1233 1208 1242 1211 1173 1183 1248 1193 1217 1158 1187 1165 1151
597 643 607 637 583 589 623 2791 2792 610 599 601 635 578 633 620 668 626 634 669
35 97 3 3121 72 40 77 139 106 111 43 26 3111 3047 92 16 23 37 6 147
580 593 571 2792 617 575 643 2782 609 587 564 569 589 2785 549 555 562 585 586 553
3 58 42 39 35 3108 3103 83 20 10 3064 3086 60 93 8 3055 90 3084 3091 23
30 3062 3046 100 221 149 157 130 202 13 133 37 160 111 7 29 224 3089 3077 3096
1560 1594 1602 1605 1578 1549 1558 1537 1546 1541 1545 1615 1590 1587 1621 1543 1563 1604 1625 1536
23 55 53 39 68 49 12 58 82 3105 3121 3097 3067 34 84 101 83 3109 3082 71
1313 1341 1338 1339 1335 1317 1294 1359 1308 1325 1306 1303 1309 1329 1340 1315 1327 1360 1346 1357
2197 2232 2219 2249 2266 2263 2274 2162 2186 2160 2170 2252 2257 2254 2271 2175 2222 2182 2202 2214
140 3091 95 205 8 3098 120 12 256 249 171 3069 3038 119 27 90 3072 250 110 150
2082 2107 2089 2117 2120 2059 2100 2053 2081 2068 2094 2088 2091 2048 2073 2098 2047 2114 2058 2069
79 122 67 239 57 42 63 137 111 83 12 3104 146 66 109 90 220 48 76 3103
180 215 184 183 213 174 216 228 233 185 195 246 238 252 3038 3125 144 3117 3046 196
11 92 3052 32 144 44 100 3033 3063 3090 88 15 3044 59 121 68 136 3079 3105 109
24 3067 10 34 3034 71 213 137 28 62 148 22 3101 142 140 169 3050 42 3036 74
2513 2524 2534 2506 2541 2533 2505 2543 2512 2493 2488 2544 2522 2511 2500 2521 2499 2507 2537 2526
909 2828 911 814 2861 2812 853 797 870 899 908 2793 885 2850 897 929 791 859 2858 882
295 348 289 361 365 359 310 315 304 306 370 298 342 335 376 275 347 337 366 358
689 711 718 677 690 684 663 727 682 708 687 715 706 712 669 691 668 698 694 680
1799 1809 1784 1789 1803 1777 1815 1816 1805 1808 1826 1788 1830 1776 1780 1781 1810 1819 1832 1821
1538 1572 1590 1555 1574 1549 1596 1529 1514 1573 1541 1558 1609 1604 1515 1502 1518 1511 1544 1563
245 261 3050 3120 282 117 255 124 3116 143 139 3048 109 112 3054 241 3099 134 3114 3038
2141 2168 2159 2160 2126 2187 2200 2201 2136 2150 2167 2185 2129 2133 2125 2137 2169 2144 2183 2196
2274 2291 2238 2323 2288 2302 2258 2279 2269 2235 2263 2281 2245 2267 2278 2251 2318 2284 2243 2289
143 3055 152 132 32 3076 66 3035 27 3083 94 3089 204 95 87 109 158 102 85 3065
2727 2739 2709 852 2711 2745 2766 2765 795 2744 2754 2732 871 762 857 775 2695 763 2701 850
1735 1759 1765 1727 1758 1713 1720 1716 1751 1766 1780 1721 1732 1737 1771 1717 1782 1706 1714 1748
91 3050 3051 232 79 211 128 68 224 3096 3027 94 3039 3079 152 61 112 35 3097 37
770 786 2771 818 2818 2677 821 2726 759 2665 2782 2815 2777 788 2719 2631 2779 2688 2711 2749
400 464 387 410 457 382 458 386 399 465 488 482 415 471 385 432 480 473 401 392
2978 2995 2968 3029 3016 2980 2985 2924 2998 3003 2974 2932 2957 3020 2992 2941 2949 2993 2989 2976
1748 1757 1774 1779 1762 1775 1768 1734 1727 1764 1731 1717 1746 1769 1741 1726 1722 1723 1772 1740
1462 1489 1519 1440 1490 1502 1461 1471 1438 1470 1477 1445 1491 1467 1497 1458 1485 1508 1447 1500
32 3108 48 152 235 3053 154 3098 82 215 3125 223 64 116 111 53 38 4 119 34
22 3044 148 3047 234 245 86 3029 219 30 18 135 225 47 17 118 3079 244 3099 256
809 829 2772 840 2843 2769 2770 2773 893 2788 874 2823 2841 2775 795 864 847 2817 821 867
1476 1501 1529 1506 1526 1471 1451 1528 1462 1499 1446 1496 1479 1484 1472 1486 1492 1524 1520 1470
660 676 657 685 636 710 684 677 665 705 687 647 645 652 693 658 633 672 666 678
70 3091 170 3108 120 217 3066 33 3099 3047 3119 80 3102 108 83 3110 54 21 103 6
293 339 295 362 287 352 288 369 357 307 335 282 330 305 286 317 341 280 353 329
871 2816 793 856 896 779 862 907 791 839 2833 781 849 817 825 843 2789 2785 2874 858
212 245 174 3095 3104 3067 103 117 3097 238 137 3090 140 109 3109 3033 237 259 3035 3100
2681 2689 763 2688 2716 795 2713 796 789 2724 2679 782 2695 2701 2697 784 2711 2693 2662 773
123 3089 6 18 3096 238 246 101 3054 3093 162 225 223 217 200 122 116 89 236 3062
