77 106 74 99 126 109 107 111 101 85 72 123 61 82 130 117 59 88 93 94
503 529 484 523 537 573 533 490 563 519 522 501 546 571 474 504 498 494 500 565
264 276 342 292 281 317 243 336 360 355 335 267 379 260 319 263 369 290 366 273
427 442 419 428 460 438 422 461 423 392 449 464 432 448 413 390 387 409 447 389
495 539 573 549 536 489 511 571 537 582 513 461 492 557 521 581 553 559 490 574
92 109 123 120 115 70 69 72 85 97 64 127 59 91 101 130 84 119 75 55
414 430 395 397 393 446 409 432 375 389 403 387 429 404 408 376 382 396 442 380
265 362 337 392 397 398 292 299 380 367 361 345 328 391 309 394 320 283 279 381
374 409 376 276 297 312 342 339 385 394 400 279 310 306 407 428 325 293 257 426
355 387 414 373 353 286 406 408 336 292 394 250 280 352 368 282 281 314 392 369
588 614 618 612 569 554 562 617 572 592 555 556 589 575 613 611 567 587 594 553
409 429 408 444 430 437 373 385 392 390 445 426 399 394 398 436 374 387 443 424
507 555 565 571 542 501 613 512 484 482 550 585 530 521 593 596 471 598 504 583
203 230 185 226 190 198 171 182 212 233 237 201 231 195 204 183 175 240 223 196
422 444 412 389 388 434 386 416 384 467 397 420 391 438 415 424 396 427 464 425
568 598 538 539 548 576 600 507 533 543 508 566 611 595 524 530 523 512 613 561
291 382 360 349 383 255 261 276 412 345 315 414 406 290 254 308 297 300 326 418
265 343 246 247 352 334 329 359 276 292 307 353 243 356 366 249 301 252 393 354
587 619 607 581 618 588 586 563 592 570 560 585 608 573 606 602 575 568 584 571
228 233 218 195 253 202 219 260 257 211 229 252 209 256 255 248 236 259 251 245
245 259 349 368 366 300 271 264 327 289 324 325 303 364 242 280 355 365 220 248
102 118 85 90 107 59 98 97 72 73 131 120 96 128 64 101 75 126 104 115
261 339 372 236 254 353 293 321 325 312 366 322 287 373 309 330 241 272 335 314
315 380 371 360 416 412 256 309 294 341 323 336 320 270 367 382 300 404 304 384
255 310 381 225 380 238 278 336 232 385 329 344 295 288 318 319 376 352 309 349
280 354 362 325 343 332 307 355 365 322 278 368 384 394 363 339 311 252 337 257
378 391 302 361 313 387 427 355 341 301 304 428 291 354 396 415 320 400 420 423
361 392 411 312 370 265 429 260 290 362 294 255 288 253 250 417 380 377 307 396
155 178 188 136 192 206 217 159 179 185 132 198 130 186 202 156 135 216 157 158
478 513 476 545 529 568 557 492 482 465 512 519 544 518 533 560 484 521 503 496
299 358 277 332 333 324 393 341 381 265 289 305 250 370 294 336 372 253 258 247
550 580 533 563 560 552 545 573 613 592 551 501 619 512 596 502 603 553 508 618
272 281 299 341 268 302 371 358 250 333 286 258 306 379 364 300 359 334 269 380
81 106 110 127 85 88 94 67 87 95 46 64 125 63 52 98 105 58 44 117
257 341 354 317 271 255 376 296 370 305 392 285 385 320 256 262 319 291 358 261
545 578 549 557 602 569 564 614 499 515 580 572 583 565 604 495 539 579 536 589
31 42 56 14 58 32 63 44 76 15 35 39 57 33 0 50 29 19 26 69
533 559 582 591 587 597 577 519 495 497 564 489 583 573 565 524 492 563 515 500
536 575 515 611 534 541 495 539 499 555 535 491 604 550 571 564 609 510 577 599
112 124 82 76 145 93 91 85 149 142 94 102 137 138 111 119 75 146 109 90
382 418 297 347 433 323 333 353 398 427 366 394 303 415 310 412 372 343 363 431
264 328 247 288 347 263 374 313 301 311 253 322 329 325 387 378 354 255 384 281
480 505 487 461 459 463 524 456 513 504 547 522 455 454 562 559 549 553 540 493
302 324 294 272 247 263 376 386 305 328 281 360 349 384 325 361 352 336 262 323
268 358 280 260 290 359 367 330 262 388 348 374 246 265 380 286 300 383 350 307
23 36 64 34 55 7 39 15 45 58 10 54 5 35 62 57 20 61 60 21
212 217 200 169 227 187 176 184 246 237 205 235 204 193 195 190 224 245 210 197
134 147 122 153 148 138 128 133 137 115 146 117 129 154 144 111 163 155 165 158
441 463 481 469 471 486 420 433 458 450 478 431 434 484 490 482 472 455 447 460
293 339 345 362 278 317 262 342 337 331 389 276 374 298 284 324 318 372 254 247
394 420 389 350 381 424 356 436 358 415 379 377 353 406 357 387 400 411 439 412
371 392 268 291 322 311 270 420 423 315 259 316 366 333 302 369 277 389 422 391
434 453 484 473 455 466 447 421 406 485 436 477 407 419 435 459 409 443 480 463
54 91 51 62 38 58 104 31 69 64 83 45 73 57 101 76 43 44 89 94
478 524 553 541 537 463 464 571 472 530 523 511 526 522 565 458 499 482 498 557
578 607 568 571 602 592 539 558 616 596 612 561 544 560 594 556 598 547 609 599
163 167 174 142 205 172 193 168 175 171 141 190 153 203 192 146 139 191 144 178
60 79 40 72 82 46 107 99 62 39 67 61 110 44 47 113 41 89 80 83
522 551 544 526 550 487 577 549 482 490 501 515 529 520 532 485 565 496 500 525
290 324 257 266 251 354 291 277 256 320 349 325 326 352 323 278 254 280 263 340
58 81 79 75 57 33 40 88 60 66 67 111 69 62 93 99 83 37 61 53
143 154 163 187 129 120 134 159 125 169 164 166 138 157 165 186 130 170 161 151
186 190 168 196 143 148 216 171 180 214 149 185 201 166 220 203 209 221 212 147
484 498 459 535 460 542 476 494 510 514 457 563 523 464 485 489 495 501 478 469
469 489 472 447 460 498 478 468 454 461 503 453 494 496 491 471 549 450 493 486
581 606 615 573 596 570 580 602 590 610 554 559 592 549 539 577 540 550 584 601
49 69 100 102 86 93 98 90 53 67 54 70 39 96 68 59 40 97 66 48
257 303 342 235 288 296 316 341 324 298 382 323 378 355 317 282 295 363 338 278
487 511 483 529 489 482 558 459 555 553 533 517 501 462 476 559 465 554 513 495
496 510 536 562 493 551 500 472 515 530 478 550 513 516 549 539 533 469 475 492
321 378 338 346 291 259 272 296 384 351 249 262 285 324 300 399 318 297 414 405
173 216 249 214 238 218 201 240 233 213 244 221 177 234 180 187 207 220 165 159
387 420 434 308 444 399 330 327 362 401 378 299 391 415 418 310 365 373 353 436
146 167 133 197 123 175 179 185 182 171 151 132 200 148 143 131 192 158 147 206
299 371 327 394 311 379 254 359 393 278 267 259 320 364 312 302 315 332 268 375
487 519 529 548 551 485 541 562 549 467 544 461 570 490 547 565 504 525 522 511
196 226 222 229 201 173 194 251 232 197 228 210 182 225 209 239 179 200 244 254
299 382 290 404 340 294 417 384 363 377 322 346 411 376 397 318 344 261 370 280
283 352 394 319 300 375 314 360 321 301 374 383 389 363 303 337 290 292 356 333
452 479 532 499 443 458 497 488 517 500 520 529 471 494 445 466 516 469 492 444
585 591 546 561 579 545 551 565 542 613 573 584 577 544 568 593 540 578 576 572
254 262 344 236 259 307 274 237 330 300 375 347 298 353 326 232 243 362 244 257
558 580 613 552 519 571 538 556 553 540 497 577 615 503 593 496 594 612 565 595
404 430 428 447 413 373 432 387 424 370 379 388 425 378 408 441 427 429 381 385
285 315 385 383 346 290 348 292 311 341 350 377 359 361 355 329 272 305 273 353
358 373 348 268 247 378 341 336 324 401 289 361 332 394 321 248 352 294 407 405
545 583 502 547 529 553 582 565 593 492 581 575 559 497 530 560 613 516 524 519
381 398 312 427 378 286 303 306 429 396 415 317 364 333 360 307 402 341 318 417
282 337 315 307 389 375 246 369 274 364 253 251 322 328 289 336 335 271 333 290
317 365 391 303 394 318 250 335 369 332 302 401 274 337 249 297 364 336 333 307
563 594 616 561 531 522 567 557 562 521 570 571 560 572 524 558 575 539 509 538
490 551 485 467 472 474 537 560 534 506 498 484 526 531 586 527 502 521 569 535
435 455 422 439 471 430 407 479 442 461 458 444 472 476 452 410 416 429 417 482
16 28 30 32 8 54 44 11 29 7 19 51 41 26 20 12 2 50 56 27
526 554 510 499 592 506 513 484 583 590 514 534 575 482 536 563 591 599 557 559
461 475 467 456 440 512 464 492 439 508 505 524 446 474 494 516 493 454 460 476
134 155 151 153 179 125 178 117 146 131 140 144 158 116 147 170 119 152 142 133
254 280 358 298 267 379 240 376 348 289 253 249 343 266 328 370 231 257 305 342
504 517 467 541 483 525 569 547 477 521 484 501 485 522 500 568 559 490 564 482
293 381 320 310 330 370 338 357 331 256 285 379 329 353 289 303 277 412 258 276
432 437 450 456 451 418 430 452 415 455 444 406 423 431 448 435 462 403 440 412
287 313 269 284 324 280 328 343 342 256 346 332 360 282 258 373 338 382 369 333
167 175 205 145 141 189 208 198 142 159 144 156 154 143 202 139 192 199 148 158
502 524 483 542 492 516 498 513 500 493 553 559 467 486 545 536 568 540 558 509
553 598 532 507 527 590 521 582 493 528 581 557 497 572 588 530 554 513 616 608
294 334 345 360 251 338 258 382 321 272 371 374 256 289 326 336 370 379 349 248
94 105 58 72 125 118 117 98 112 114 77 64 84 100 63 124 93 73 71 55
262 313 360 295 256 369 240 333 287 282 306 340 303 314 367 284 363 341 330 324
236 246 238 242 224 362 217 212 323 254 213 249 211 221 226 210 250 340 255 247
518 564 500 534 495 552 498 484 590 568 479 611 550 508 545 541 577 538 614 505
290 344 352 302 311 284 252 288 313 343 307 318 372 329 266 388 334 251 314 345
538 573 597 541 496 509 542 545 565 492 554 602 598 533 600 566 578 615 587 532
252 335 355 340 387 244 305 220 374 344 266 390 259 257 291 284 324 380 224 274
146 161 144 157 183 124 153 173 182 152 158 156 125 174 187 139 181 154 147 149
73 89 63 48 86 106 105 74 65 98 103 76 101 75 116 111 46 93 109 85
421 431 425 398 429 416 410 418 385 402 412 439 437 444 430 401 420 445 426 395
515 563 510 539 479 604 598 586 605 496 543 557 608 576 528 483 514 582 580 523
275 341 310 296 297 340 351 384 346 329 321 359 301 383 285 282 347 333 375 353
405 431 411 393 381 383 385 401 377 400 441 391 370 446 433 417 380 427 416 445
33 42 71 61 14 58 30 49 45 7 24 43 69 50 64 52 55 27 36 22
461 486 440 519 530 505 483 448 517 513 485 492 496 469 502 452 523 534 520 460
22 40 56 74 68 27 62 0 21 47 61 13 28 26 24 34 46 12 50 75
549 571 499 522 603 493 513 553 503 526 555 519 618 597 599 593 614 570 561 585
489 534 459 498 536 504 478 471 515 547 531 458 558 481 530 517 503 523 527 464
527 562 592 580 613 553 479 485 598 521 526 577 604 545 490 551 569 596 561 497
184 188 147 190 183 218 151 212 167 194 158 202 196 205 150 177 159 168 195 198
416 434 438 411 382 425 437 379 394 395 426 380 429 396 398 430 446 417 399 452
553 607 493 563 572 573 502 594 529 605 606 576 509 587 537 557 504 535 531 514
581 598 568 562 603 559 594 564 615 540 571 602 563 576 542 554 601 575 547 597
439 445 459 433 444 455 425 472 453 440 457 418 446 427 441 421 442 447 432 456
168 173 150 169 202 163 174 172 217 192 145 189 159 158 184 157 204 140 156 152
256 307 294 378 262 292 283 305 304 259 247 310 301 302 268 273 355 387 252 317
284 334 330 265 385 372 364 358 250 251 263 288 380 335 270 370 287 373 286 388
257 318 317 270 327 380 235 347 354 374 376 290 296 286 263 249 228 369 272 323
444 450 420 471 468 477 452 462 469 465 445 470 455 467 448 433 423 472 446 466
52 80 110 49 26 28 71 41 47 38 69 66 51 92 59 85 44 101 83 75
299 380 317 298 323 309 264 374 397 304 322 321 356 285 394 326 369 258 290 364
254 260 322 264 269 272 241 288 222 373 306 355 278 329 248 225 224 297 333 368
401 425 399 391 404 428 438 432 415 410 437 435 372 440 400 380 431 383 377 366
302 340 380 337 245 269 387 357 266 385 270 344 388 288 281 282 378 338 383 352
577 608 565 556 597 582 587 553 567 564 594 559 603 554 571 591 560 599 537 536
518 544 516 555 543 511 527 530 529 538 502 557 548 512 581 484 476 499 489 540
489 539 471 576 522 556 470 497 536 531 507 495 465 460 493 464 511 478 519 499
528 537 567 552 484 573 478 480 538 486 514 580 558 485 504 561 477 495 511 520
2 13 23 0 37 28 15 14 19 26 17 16 18 1 33 35 29 31 34 30
308 357 289 303 294 373 261 258 276 382 249 374 245 302 376 272 259 248 370 368
137 165 130 199 127 114 175 124 152 142 184 151 126 160 158 179 174 189 173 138
377 398 314 333 397 305 350 309 318 362 406 353 410 283 275 381 364 269 391 419
281 312 297 293 256 278 387 362 301 257 333 279 262 311 378 375 298 272 343 324
254 268 258 345 360 355 323 253 266 301 242 315 288 327 339 286 249 289 280 275
