167 182 210 163 160 178 176 151 149 188 193 194 156 483 469 173 199 159 495 501
92 506 123 82 101 93 91 108 513 126 141 66 113 157 73 69 114 154 505 67
214 229 244 188 250 246 217 196 218 234 257 248 237 208 240 238 242 184 220 258
73 540 28 535 36 2 85 11 91 523 571 94 63 545 564 95 553 24 64 104
103 134 81 518 107 528 121 102 83 119 525 535 137 89 110 143 492 519 84 508
124 496 518 466 520 110 167 521 489 111 505 146 122 501 121 89 495 106 145 95
160 478 152 171 500 475 144 142 164 192 172 139 137 174 135 141 148 193 483 165
76 88 126 77 68 58 125 10 65 31 74 36 32 534 49 548 128 69 9 107
165 475 491 178 154 145 493 198 182 169 150 180 146 168 164 156 159 480 175 465
213 229 189 208 198 253 186 257 238 190 192 258 187 211 246 224 240 193 249 232
62 91 76 92 551 104 504 547 18 24 508 545 541 36 83 20 510 101 512 65
194 464 460 483 173 231 220 494 477 476 182 180 232 164 490 184 157 191 462 479
210 246 226 248 195 219 201 184 220 189 206 200 209 213 181 245 227 258 234 250
162 478 159 166 501 471 496 144 187 502 184 469 183 480 164 477 143 141 140 161
460 481 469 178 167 480 470 173 172 177 475 472 171 196 474 160 176 181 500 187
191 200 229 210 470 161 165 474 158 232 205 156 466 244 166 160 164 208 187 216
64 515 547 101 78 102 24 522 54 524 12 118 29 30 126 55 61 517 511 523
167 466 487 470 141 162 492 152 184 468 490 498 471 496 169 193 148 196 149 485
465 483 489 480 173 172 175 192 478 490 181 158 191 195 194 152 189 190 460 493
50 61 26 46 556 0 88 83 8 521 515 33 551 548 550 528 64 514 51 34
114 525 81 520 544 18 117 20 82 91 531 107 9 501 125 508 540 88 46 135
117 526 93 126 103 517 9 134 506 107 1 500 19 514 86 98 96 95 534 105
65 533 22 554 87 522 527 547 7 70 68 106 3 0 64 526 39 80 41 89
115 130 90 506 502 91 122 81 499 494 531 150 112 526 119 83 495 96 138 131
58 87 62 72 47 23 19 70 15 8 532 67 49 84 127 66 506 509 21 27
198 464 180 196 480 228 491 462 492 485 158 172 161 232 163 227 219 234 220 482
10 524 103 120 44 31 48 4 514 510 2 547 45 32 26 50 114 555 20 39
36 544 539 18 19 34 43 70 12 61 52 572 567 31 55 72 2 521 573 76
17 538 516 1 23 568 4 97 99 41 565 6 86 52 101 572 563 80 521 556
23 42 43 549 519 16 2 53 536 18 545 58 49 51 62 72 520 63 65 45
511 528 549 554 135 538 137 545 139 550 109 153 87 94 115 525 495 125 90 148
12 524 107 23 1 37 512 543 40 61 539 71 517 73 25 110 16 126 67 77
89 508 534 64 127 94 530 79 54 57 512 133 46 142 68 143 513 522 491 128
33 516 4 141 125 138 44 58 48 140 2 522 500 38 8 557 14 42 136 507
104 503 156 492 486 529 120 113 122 137 489 531 97 142 110 82 108 533 164 90
107 504 517 489 505 153 499 502 132 128 83 102 93 163 155 114 524 117 105 145
57 545 577 557 43 61 66 520 87 9 41 526 75 37 89 518 6 58 554 69
536 559 97 565 572 11 530 94 60 553 527 75 573 23 41 79 28 98 108 82
15 540 6 571 83 2 10 49 82 538 565 53 563 21 85 89 559 23 522 541
2 75 68 74 553 550 555 521 563 551 46 17 103 7 99 50 79 62 43 100
88 541 70 121 9 526 567 51 12 16 74 565 553 114 98 111 15 31 77 115
160 174 173 157 194 490 201 134 493 504 483 200 140 172 151 187 184 474 469 175
122 146 111 516 130 527 125 155 89 165 517 100 498 134 105 166 518 167 119 522
43 72 86 511 99 88 61 107 66 520 25 523 33 548 63 516 19 84 539 546
10 57 18 546 40 21 517 49 539 536 16 87 64 19 527 65 554 549 516 80
49 522 43 2 507 505 8 553 56 64 68 13 556 539 120 118 24 512 117 17
14 553 552 544 574 49 79 40 75 51 58 63 25 533 66 539 551 565 521 39
34 545 6 33 27 575 572 21 26 542 22 1 522 548 54 528 59 10 64 72
36 65 93 7 541 518 20 21 13 15 548 545 59 31 50 33 27 3 25 77
165 195 495 154 153 211 186 172 476 167 216 142 220 183 488 194 466 218 197 193
173 192 218 230 150 187 478 154 465 493 219 470 217 195 489 153 494 185 167 181
164 184 146 485 487 482 142 159 196 173 202 216 208 213 168 139 144 492 170 499
187 477 212 195 221 215 165 478 226 185 152 159 175 498 465 189 206 466 160 460
126 517 96 101 117 33 496 76 14 56 5 31 515 68 514 140 7 121 70 141
49 539 54 65 33 80 543 515 14 29 561 92 555 95 571 3 11 94 15 536
147 497 125 513 116 127 161 491 477 173 482 472 151 487 166 160 488 122 118 159
2 520 509 540 506 70 528 129 55 108 559 550 519 69 112 65 4 30 533 11
54 524 53 511 107 76 539 120 542 112 48 67 49 18 12 546 530 538 116 13
113 518 51 9 96 40 102 71 101 97 533 514 139 60 31 535 48 103 43 55
1 540 534 542 537 77 546 58 12 11 523 573 91 525 566 545 2 44 552 90
74 82 550 95 539 549 509 18 117 536 72 36 59 104 70 94 510 513 541 55
130 493 165 139 161 176 140 509 167 478 480 514 500 489 174 92 476 166 470 134
533 553 55 39 529 69 13 68 546 73 17 31 56 24 547 536 112 3 555 554
468 475 191 497 196 492 157 176 174 463 190 163 472 178 160 171 183 156 469 165
29 59 68 36 51 94 552 81 536 71 513 27 72 17 0 551 7 64 89 544
102 512 527 108 115 145 142 532 123 98 99 88 72 82 136 521 80 64 74 495
88 99 533 111 68 531 83 81 97 60 76 103 59 102 123 118 49 67 53 89
16 520 545 548 547 15 560 109 527 44 535 562 77 116 134 19 554 29 552 533
219 241 232 236 252 192 193 240 254 224 215 189 210 188 201 204 209 199 211 212
489 496 124 472 157 487 163 130 167 154 502 161 132 498 490 125 151 497 477 488
11 45 8 21 42 69 517 18 35 80 2 57 3 7 540 19 44 67 16 518
77 547 75 8 83 35 107 38 42 74 530 557 573 0 538 31 60 5 81 4
159 482 193 164 464 503 135 171 178 161 142 181 167 497 187 157 469 461 179 188
69 89 53 26 20 27 98 535 30 117 127 3 1 64 122 120 106 104 11 529
150 159 137 142 503 146 178 175 170 176 193 473 496 477 156 478 494 144 511 488
231 256 197 232 200 215 237 208 252 192 210 216 217 209 247 251 202 222 225 259
67 536 107 46 552 528 550 517 30 90 565 516 541 14 553 40 96 78 62 15
151 163 491 161 158 476 183 144 191 130 480 501 182 146 170 498 169 140 139 171
184 215 168 484 251 481 475 174 209 163 466 229 185 161 166 244 167 193 203 467
533 562 27 552 2 515 525 96 8 26 79 548 553 104 524 20 18 561 109 0
64 78 519 512 513 97 74 86 36 60 5 46 75 511 37 44 551 109 550 62
153 501 498 483 118 154 178 136 167 137 176 490 491 487 115 482 182 128 471 486
232 250 217 236 213 225 195 201 233 228 208 256 254 192 230 251 247 206 214 237
105 535 566 82 524 44 94 95 546 138 65 81 54 520 519 111 563 537 49 45
227 256 214 239 196 205 251 237 212 225 249 222 233 254 246 231 199 197 259 195
99 535 100 538 76 114 554 83 509 532 117 558 47 77 101 79 121 93 103 107
55 90 539 85 5 511 79 549 57 518 3 72 102 29 505 546 10 74 124 64
19 77 59 12 97 564 24 107 92 112 87 524 535 16 103 53 72 552 542 559
15 47 517 36 555 519 52 21 57 522 558 521 55 540 59 554 537 51 539 548
113 131 506 115 127 504 135 78 519 85 144 108 124 118 106 153 532 81 103 494
125 525 112 540 6 124 147 146 93 500 39 142 101 513 510 545 136 20 91 114
5 541 23 534 76 565 2 564 90 523 35 555 66 67 524 49 546 38 71 54
20 523 31 126 510 24 38 36 537 515 35 102 70 4 540 544 17 111 561 117
53 87 119 13 7 47 81 535 524 86 98 48 22 99 126 555 517 76 537 28
106 508 80 137 105 500 96 501 82 76 533 86 529 107 504 513 154 145 511 496
36 549 27 571 78 568 76 77 59 64 10 53 557 41 49 85 537 71 5 533
7 521 509 121 40 42 545 61 18 528 71 65 13 27 39 123 540 523 546 525
80 116 44 95 98 18 131 507 143 103 127 519 22 0 517 137 96 28 19 112
68 544 549 93 33 517 519 42 58 61 542 547 562 540 82 2 557 53 29 16
220 256 251 199 224 247 253 184 190 195 238 229 242 252 228 241 237 246 222 200
552 568 29 553 26 564 61 18 1 539 47 68 562 570 11 566 58 576 548 543
464 485 189 159 481 466 462 191 461 185 488 498 484 496 154 175 475 184 502 176
134 144 149 126 99 146 504 152 520 503 122 114 151 108 515 516 101 505 518 501
66 538 47 511 568 6 519 553 548 76 74 51 526 17 50 83 28 561 82 97
464 493 472 156 503 194 145 479 475 167 494 192 467 134 505 130 140 198 478 173
489 493 159 465 501 471 497 135 145 164 498 480 508 151 149 139 474 486 507 461
91 122 64 523 144 535 93 149 130 124 504 498 146 57 99 111 84 505 147 520
186 218 482 483 249 179 207 241 478 254 196 237 481 192 193 173 170 252 251 187
160 475 177 178 137 488 141 168 498 484 179 491 473 476 482 472 166 167 461 162
57 545 522 571 41 13 69 533 71 17 80 68 40 531 563 70 523 527 36 65
19 546 557 53 9 46 566 59 542 51 74 533 10 52 83 34 573 521 31 13
183 208 471 186 474 170 490 191 243 209 225 168 227 238 480 153 469 241 222 184
546 556 20 70 29 71 38 538 73 22 79 557 34 57 544 27 15 532 30 49
27 46 26 47 562 88 80 538 53 56 72 70 516 557 543 519 521 18 66 2
98 117 100 87 95 539 138 530 535 103 145 121 64 518 517 105 83 523 80 79
502 510 517 92 495 164 111 494 522 518 487 501 123 127 68 121 165 91 78 119
89 504 491 537 495 507 503 93 103 139 157 509 121 119 102 52 73 78 506 91
22 515 27 34 39 111 519 533 47 64 40 3 41 525 556 549 65 71 70 139
169 195 497 159 478 183 496 150 184 149 222 465 216 182 467 486 151 479 181 191
119 517 45 86 24 527 60 140 13 77 100 6 33 67 23 44 84 535 94 532
61 80 533 95 544 87 542 110 550 74 85 72 52 90 78 518 81 19 547 46
61 535 86 109 13 44 42 65 77 50 96 552 33 10 550 74 1 98 566 73
235 250 221 198 212 236 229 240 247 203 239 197 230 196 258 215 257 241 210 231
537 566 18 63 30 77 524 520 7 56 529 55 61 19 75 93 552 87 557 535
91 534 88 60 527 554 67 129 120 115 108 86 535 536 556 505 114 106 549 61
5 49 82 527 543 530 536 3 27 78 52 76 33 56 559 77 12 18 45 66
135 520 102 126 50 151 47 99 30 517 121 125 29 32 158 97 144 131 503 56
532 550 75 572 29 28 18 69 515 82 44 19 92 7 574 51 105 89 566 557
8 518 553 558 70 546 537 2 63 513 519 556 527 536 512 139 41 9 118 47
142 516 73 16 31 43 164 12 525 59 524 34 136 494 159 61 137 72 26 161
243 255 245 214 221 228 234 227 205 236 211 237 239 258 217 203 213 230 208 240
81 540 58 89 514 55 536 546 91 63 59 45 556 54 531 48 93 0 119 15
492 498 161 488 478 157 134 139 164 152 465 153 115 129 162 159 128 468 510 504
46 523 128 55 21 72 529 122 8 108 85 123 74 52 76 515 542 86 71 518
84 109 27 100 73 538 79 131 542 67 125 533 514 47 110 127 122 134 59 500
101 529 86 117 509 112 111 50 507 104 122 123 116 119 543 508 518 98 52 546
72 515 17 85 64 5 8 118 509 517 49 502 3 48 126 135 27 60 1 61
479 500 115 508 513 465 144 510 148 106 496 464 466 468 146 113 509 157 514 122
19 72 33 59 542 508 75 31 55 58 80 93 38 5 60 95 51 32 64 50
112 125 111 101 146 495 136 91 498 99 108 149 124 511 103 114 151 84 89 514
550 566 551 42 570 546 51 534 17 75 24 579 28 561 64 41 560 533 556 44
500 505 517 131 109 110 138 146 132 94 136 160 170 84 102 163 496 90 99 489
220 244 232 221 208 195 198 210 250 212 189 193 223 246 236 234 184 237 238 219
71 108 122 84 53 500 129 520 515 76 59 73 26 134 124 32 51 532 19 87
66 535 1 564 521 53 3 2 6 544 525 30 48 534 533 518 77 96 88 41
60 77 99 511 518 78 548 21 74 105 84 542 541 38 552 536 551 73 98 31
167 189 183 499 218 174 160 467 143 500 194 184 222 148 223 186 188 475 460 204
96 503 75 107 72 79 529 70 132 68 64 488 155 67 106 142 158 73 109 74
82 92 548 70 26 33 88 46 39 56 505 35 111 115 513 93 95 534 117 114
30 558 32 536 45 516 21 541 41 29 552 519 531 572 2 20 535 555 52 15
