949 965 999 352 401 444 946 915 962 977 425 338 339 974 376 948 379 399 996 366
999 1040 481 473 431 519 459 497 412 536 410 554 483 1106 433 562 1110 1037 980 1028
366 415 1002 428 389 1024 364 433 330 454 899 408 890 416 414 977 390 391 1015 957
579 622 519 1125 1147 22 28 1107 52 531 1115 608 650 105 76 539 530 1083 37 625
250 850 878 319 860 225 272 865 328 315 822 309 324 266 298 823 872 214 311 218
519 1026 481 1017 1032 1117 3 421 1084 472 1095 564 428 5 1073 1028 1059 578 548 516
460 993 469 541 1007 420 1037 1036 465 988 411 394 532 549 1064 1042 518 997 980 1091
257 859 266 339 322 242 883 217 833 227 893 853 886 325 829 304 296 332 245 244
554 1030 592 1028 552 487 1146 988 1017 480 1148 436 1130 994 617 438 495 544 1067 1054
53 659 47 49 36 94 679 631 1133 40 1142 80 600 646 684 1125 1095 1108 626 30
533 1020 1006 968 589 501 498 434 555 1026 520 1066 1072 473 1133 1128 8 481 477 1056
334 918 885 922 323 345 928 312 352 947 365 904 335 358 319 338 348 860 908 856
45 637 1097 53 1086 1079 1071 47 587 678 655 1147 88 651 102 83 97 661 87 624
368 921 376 975 955 327 405 418 907 348 349 372 337 924 963 905 909 341 904 922
451 1076 1069 1004 490 1047 1142 1059 522 477 1030 990 1132 447 1136 1026 650 1092 26 1022
13 649 26 597 608 586 1063 79 677 701 551 559 98 1075 511 22 1132 42 43 1116
197 761 732 802 219 187 194 740 189 210 179 220 180 195 224 790 800 780 774 214
690 1112 694 22 684 1101 653 1068 1127 1052 650 1080 580 521 681 494 1045 1078 497 544
35 1099 59 600 1089 495 1100 585 1051 1115 489 698 1091 499 1035 509 655 638 521 646
280 821 807 230 223 232 259 284 850 225 830 233 270 828 217 214 862 860 826 793
978 1027 457 548 456 1026 483 542 1033 1024 528 385 552 421 388 966 450 1050 508 1069
900 911 355 926 361 877 907 874 927 948 350 912 929 316 888 343 933 865 896 871
427 1040 1096 523 431 1118 1074 1072 1076 517 1068 8 396 416 978 1069 1041 959 506 529
1044 1119 543 1070 649 472 633 667 548 46 53 539 1033 4 620 581 1016 491 431 68
37 629 1067 1102 604 648 661 1142 610 1106 666 92 11 1121 668 13 103 1075 1127 1128
273 840 293 276 251 253 811 287 275 859 324 871 832 285 866 263 267 843 863 839
579 651 1049 575 664 11 544 1140 617 22 26 1048 565 101 1148 1061 1145 1080 621 0
307 841 835 828 295 258 248 310 331 260 812 814 249 322 264 239 837 888 876 270
3 512 511 1139 1000 567 9 6 523 45 1017 545 529 519 575 1062 1094 1084 1095 466
371 390 405 340 958 980 950 396 376 975 928 394 930 949 367 976 411 412 357 994
564 632 521 617 505 1042 40 1126 86 91 27 1136 573 678 1035 107 611 631 1051 484
229 828 195 852 310 208 304 798 226 256 217 213 240 265 235 831 293 200 242 202
1042 1080 31 1131 1018 545 444 1070 1147 623 562 449 1142 584 575 1081 1041 1113 468 538
3 527 1072 460 598 495 1012 583 476 457 608 496 1099 520 1022 465 1128 1127 1107 570
488 992 967 505 463 560 1067 409 426 1025 415 548 1031 440 1002 450 1052 961 437 424
603 1124 105 523 1097 676 483 655 493 640 684 649 17 589 1061 512 561 1063 550 486
462 1033 569 981 545 456 1062 488 453 548 985 543 1057 541 537 565 1008 1074 526 523
639 1086 22 1088 15 1129 519 459 1092 1055 449 686 600 1062 1103 64 541 1050 627 58
456 1065 591 471 1073 490 15 1006 1122 1085 578 1075 566 985 607 1114 27 499 1086 601
488 1073 465 619 484 1020 1085 988 999 496 991 599 630 463 1015 1044 500 480 434 1059
647 1080 1019 1027 40 495 472 694 581 1093 1078 524 31 1052 65 601 536 1066 1025 570
805 816 207 267 259 205 797 199 225 222 831 254 787 217 186 188 817 266 229 255
1032 1046 421 10 1092 1 518 979 1071 425 477 1108 416 1065 521 1062 567 19 481 529
666 680 66 1144 685 1132 648 667 60 618 104 620 81 1133 655 1128 1149 28 55 627
586 643 1048 1105 35 1102 1096 46 667 33 1141 78 570 97 61 635 1127 95 645 580
608 1124 578 1038 1114 102 1105 70 103 1079 20 22 1115 631 1112 81 65 533 1073 1099
47 1122 590 52 8 1090 50 488 1107 1114 36 567 662 566 1101 26 82 1141 1057 1068
574 1126 655 1037 556 584 554 1068 1058 1105 1111 11 504 67 61 12 1072 1052 3 696
567 1092 1025 1071 41 499 498 50 461 455 1024 491 464 26 1134 0 513 580 647 483
318 844 863 269 311 874 253 861 850 870 264 246 835 339 832 817 325 250 884 351
83 1145 64 1096 661 583 1091 634 1080 663 81 1148 1112 621 670 45 1094 647 36 32
344 397 943 383 359 875 427 418 995 378 399 887 394 315 932 985 393 360 942 883
231 844 849 288 240 275 221 856 811 791 246 220 304 810 315 247 238 323 237 867
48 607 609 596 586 106 1129 649 1085 599 616 18 86 91 703 644 5 701 1058 1142
672 1137 639 698 107 607 697 676 82 1103 643 1120 682 1074 36 45 89 606 1140 625
686 1105 1059 517 1116 1109 1129 1145 1044 35 26 46 475 605 1033 498 1147 1097 621 1125
478 1073 1007 11 26 477 458 1084 574 1047 481 650 652 1019 474 539 1099 514 1043 541
635 666 1080 1087 17 36 600 1064 653 579 88 79 584 0 1123 657 26 1121 667 80
218 231 836 848 266 243 216 792 279 185 816 264 253 773 831 807 841 783 229 235
1004 1027 527 470 534 1046 437 529 1077 965 962 417 1086 1028 1096 1042 453 1023 490 459
337 908 322 913 950 905 382 939 896 921 938 935 952 919 936 899 933 369 901 316
254 832 860 281 262 286 274 867 859 301 225 228 236 230 856 302 227 308 827 851
1131 1149 1082 1069 665 700 673 1054 638 80 659 501 1117 566 21 552 1064 84 1104 60
671 702 692 646 1135 677 38 42 1114 670 623 54 1105 1136 651 89 664 624 653 39
452 499 520 1073 481 1007 563 546 1071 1041 995 552 1095 1032 515 1068 487 1039 539 448
508 1058 631 506 1054 1092 588 481 603 1121 0 538 478 600 1010 561 993 644 456 5
502 1008 1083 429 467 435 1048 1094 1122 531 969 1130 436 570 540 447 405 567 1129 475
551 578 1018 620 637 1096 1077 560 8 624 651 1132 542 575 1127 654 2 1126 564 1032
679 1127 613 507 1120 637 1045 65 98 1143 1075 1122 530 1081 1076 68 92 1135 34 643
98 655 675 42 614 96 85 58 1099 678 102 62 595 1079 579 31 1109 588 706 1108
996 1014 1021 460 1027 395 969 962 467 525 437 510 514 506 398 539 503 1019 547 531
608 648 102 564 31 673 624 632 1093 58 88 592 647 1126 548 1087 1108 1067 665 56
496 1124 699 674 487 1110 1098 565 1105 61 690 1015 1130 697 598 645 1037 626 444 653
527 1030 1012 1083 475 1005 989 508 447 477 1000 539 469 419 451 16 1130 1099 1031 1131
437 997 445 1009 451 1035 450 969 1038 1037 1031 462 405 981 412 1003 1029 1020 1060 1050
583 1113 66 69 38 647 598 541 645 60 527 1134 703 1115 692 1130 681 1073 7 702
488 1064 531 493 501 477 508 1032 1018 584 536 1049 562 601 997 515 1127 647 7 523
1034 1063 7 442 1023 26 590 1058 1140 1014 423 1019 505 441 996 522 1081 634 577 453
502 1031 1092 1001 1025 419 479 1030 1008 987 465 441 1109 526 1113 1072 488 523 1083 1131
189 773 765 221 761 800 772 743 781 770 179 212 178 206 746 171 810 190 216 771
505 1127 432 517 565 527 616 34 521 677 663 51 540 1146 57 460 490 612 704 452
954 979 937 1009 436 1001 987 940 1014 980 398 469 462 936 454 341 1019 420 968 982
475 492 560 1068 450 980 464 987 441 1079 545 1059 1008 1099 503 467 1031 526 454 1024
311 871 844 266 312 255 337 340 315 343 853 262 897 344 888 293 327 839 852 252
86 596 576 618 552 1070 1074 1149 56 697 701 12 1087 557 7 698 98 1099 657 64
522 996 412 562 447 579 494 1127 1074 1131 455 995 559 401 1114 552 452 1092 457 423
907 926 886 910 898 321 343 887 330 879 959 946 938 358 378 317 951 891 917 377
309 900 937 904 829 323 845 353 310 877 369 359 247 287 259 923 285 254 274 836
470 549 1040 984 566 1099 537 1016 1039 523 493 585 1029 542 438 24 463 528 515 1009
298 868 287 324 887 272 283 234 296 282 302 848 901 873 262 327 863 889 335 318
505 1018 1010 1064 1072 486 464 411 535 423 1119 564 487 503 538 975 998 981 7 992
642 1072 96 1077 50 504 27 506 676 654 578 456 626 51 64 1047 1100 1122 616 608
256 299 221 285 320 868 294 870 809 807 225 302 817 838 878 849 823 881 885 319
572 1082 626 57 35 636 1038 1108 524 590 1107 50 593 500 566 1043 1117 1098 583 487
512 1084 535 480 1149 1105 1046 1112 1047 1119 522 0 556 1089 547 641 468 513 573 619
325 908 930 913 323 315 341 366 355 891 851 899 928 308 925 335 337 875 873 853
508 1050 1058 1099 8 1035 490 4 483 561 1036 1023 513 1091 995 560 485 565 1103 1116
512 1014 1016 1082 1100 1087 554 1084 546 544 493 443 1098 1121 560 439 504 14 409 1012
498 533 1038 516 562 1095 1130 471 1029 577 1007 1043 563 1093 490 1102 497 581 1059 444
1 604 1067 53 1104 34 606 546 647 93 513 103 1049 605 89 99 622 1063 1060 86
491 1035 452 1018 493 1109 571 1091 489 503 1089 1075 1113 981 1030 1092 1053 569 1103 992
898 915 900 345 868 356 326 359 943 941 904 350 349 931 881 318 883 937 333 906
60 619 1096 19 88 706 1105 52 593 570 645 631 1098 1134 615 680 1083 700 1075 684
317 883 328 856 917 841 324 905 314 316 831 927 310 881 846 339 921 935 358 923
1008 1032 418 480 1045 1043 456 1075 458 1054 450 526 978 1103 448 567 1020 422 1065 438
209 768 791 225 184 236 764 748 234 817 747 197 787 239 232 222 796 752 795 176
1066 1113 627 539 1041 591 1147 521 48 53 23 1106 1027 528 13 1058 1118 624 611 1045
527 1035 523 1074 500 1114 552 1079 570 543 1047 547 1013 20 509 1019 450 469 1092 497
2 1045 996 476 501 621 515 508 1067 471 1130 1115 577 556 598 603 638 599 442 636
462 494 1052 513 1011 983 498 471 998 501 536 469 1080 1106 505 1108 483 474 978 1002
7 597 1113 100 34 518 1145 1143 618 601 65 1056 569 10 578 53 526 585 510 1062
36 1098 71 508 685 1085 1124 492 38 594 650 693 696 1086 659 571 631 1028 61 1030
450 991 404 546 473 420 1066 471 1025 1002 1052 994 1058 972 486 1047 469 472 522 447
524 1039 1078 469 1005 1034 1119 3 989 1080 1011 444 462 1057 512 1122 470 579 1001 568
615 657 678 27 81 40 1 639 690 1129 1072 636 1078 1134 696 648 1115 1095 594 1126
990 1019 419 422 432 964 1065 451 1070 493 423 487 997 1061 986 446 424 416 1038 1041
86 615 691 36 638 59 605 599 1123 618 2 1138 89 10 95 653 68 610 15 589
11 28 46 29 603 36 30 519 1090 1104 3 524 37 578 598 536 610 1092 1120 660
570 1146 675 1091 64 508 1098 513 1115 643 645 1041 1074 604 642 35 617 608 1093 1034
494 1079 1039 1019 568 507 583 1034 3 539 1 1000 6 24 443 1031 1060 505 427 1093
5 603 546 1098 518 1144 1085 637 1121 29 636 595 588 1142 79 1095 1064 514 104 78
3 1049 472 630 1095 647 511 447 1069 434 433 458 561 990 572 1144 590 486 501 42
1113 1126 1112 614 540 45 520 589 554 701 1108 487 561 659 28 1099 1 49 696 1082
1012 1048 522 1014 432 1133 1131 569 529 463 411 1033 517 1126 8 1046 1067 501 584 465
218 240 841 846 245 215 847 827 780 217 191 288 210 783 777 188 271 817 840 260
309 865 830 317 328 286 829 291 895 878 821 876 880 333 324 885 303 264 846 294
563 605 106 595 567 640 1037 1131 81 42 1085 2 609 502 92 513 531 49 1084 56
371 386 922 973 988 395 360 943 376 343 974 410 961 975 944 958 937 977 340 939
513 1096 595 566 1052 499 476 1017 480 475 528 1118 49 1087 1001 1141 648 537 1138 524
644 1090 1143 1045 1105 527 506 1049 665 528 604 455 107 24 692 570 80 1108 1110 82
321 362 857 346 869 334 322 329 350 944 862 837 400 363 315 387 294 412 949 913
314 340 316 938 949 856 946 889 369 317 855 374 332 884 370 389 295 323 843 393
592 1120 1124 78 19 571 48 628 525 502 1087 651 1096 521 622 102 593 631 584 1035
706 1137 1145 595 538 79 14 39 1086 703 1098 33 592 43 1120 670 1104 609 63 674
601 1070 573 493 20 1040 51 602 87 487 1127 535 1098 1045 8 508 528 1139 39 621
273 836 308 859 251 824 263 221 846 826 269 825 872 260 313 285 861 244 255 310
508 564 449 1039 1015 595 45 608 465 24 570 430 443 1019 1116 491 521 563 459 1123
909 944 343 396 333 327 363 923 907 966 353 908 965 901 403 366 970 399 328 411
304 893 921 833 909 939 887 349 259 282 321 886 352 881 845 270 913 902 936 292
977 1011 1012 463 1028 394 539 949 1043 508 1006 948 436 442 370 520 392 1022 982 458
273 859 849 895 858 292 235 238 275 869 252 291 892 233 887 256 266 879 870 840
551 1135 509 67 492 520 626 481 646 705 11 628 585 708 562 53 638 613 1032 80
994 1011 1044 979 533 476 1016 474 546 401 991 543 413 971 1045 1058 1010 447 1021 1026
526 1130 50 1119 13 530 487 1123 24 461 701 470 696 517 72 1087 11 575 1057 1012
4 536 600 1033 495 525 1080 48 589 482 1046 1124 493 1133 1112 568 593 1064 31 647
509 1099 683 674 669 444 688 1117 441 552 691 467 1007 695 1019 450 1032 1120 1040 14
358 966 890 951 367 882 982 422 884 372 921 378 963 377 365 996 433 907 881 368
569 1047 3 1145 1122 527 538 1107 1049 646 524 629 1037 1105 469 596 1032 1110 1064 603
1041 1113 491 668 609 1016 58 589 28 611 1107 516 432 1083 660 457 549 537 603 986
908 925 338 937 345 318 887 939 356 336 909 897 941 915 348 922 333 921 378 907
