218 941 937 197 160 749 744 899 757 176 217 768 267 961 771 789 169 933 205 241
32 57 44 705 688 693 773 751 695 683 92 707 771 16 645 79 654 11 713 648
60 103 51 727 72 87 161 90 141 654 61 683 118 42 128 59 777 82 49 139
531 574 6 501 544 596 9 511 11 603 537 493 502 589 522 578 556 602 621 545
70 95 750 722 713 109 728 42 747 674 71 83 118 721 751 101 75 694 704 156
197 724 823 155 99 39 48 138 757 837 41 78 190 830 224 764 828 86 934 907
421 439 455 1010 336 1003 401 418 471 456 425 1032 468 403 411 337 334 461 393 329
312 1048 321 439 287 1020 412 323 416 982 404 980 438 976 317 289 432 298 313 421
11 593 1 536 552 553 617 538 589 560 563 582 27 628 541 601 514 18 629 9
45 642 674 755 615 62 750 679 685 664 606 602 75 687 701 596 731 561 85 762
137 780 99 164 65 155 80 100 191 229 142 101 786 736 134 163 722 767 819 114
134 768 199 52 46 207 208 194 145 203 739 77 737 748 732 201 177 785 775 758
48 76 762 130 142 672 138 84 27 647 134 749 66 110 154 659 86 140 646 64
524 582 568 597 514 551 527 619 536 576 584 554 608 611 605 606 515 586 510 610
657 703 83 62 607 679 613 50 602 685 56 677 625 67 603 735 97 47 74 699
19 663 693 624 46 713 662 16 58 47 686 684 610 658 697 40 664 655 696 617
394 1016 1034 999 294 328 377 297 1001 1045 418 385 1020 357 406 444 445 443 386 1039
71 687 120 734 111 54 123 140 646 149 650 105 115 661 82 63 92 70 644 62
70 757 223 724 131 91 75 129 121 776 55 177 765 205 98 701 794 119 113 193
297 1011 338 443 975 318 307 271 412 289 402 423 414 428 276 399 1006 1034 990 989
44 651 617 648 762 746 690 35 14 620 691 51 757 671 622 673 658 662 77 678
58 718 710 84 657 172 708 82 726 747 71 698 749 656 754 140 667 55 156 77
746 760 715 776 208 829 806 779 173 831 718 197 131 148 188 770 698 178 129 791
423 1028 314 318 414 395 367 1021 313 1007 359 1042 458 407 368 453 1034 363 439 315
53 68 45 103 44 712 683 49 30 37 98 749 705 81 725 656 673 729 715 756
544 639 594 622 494 25 547 23 636 548 30 541 12 578 513 558 616 20 567 684
421 1034 393 424 461 1035 459 1026 377 335 446 440 1033 358 327 357 443 308 399 1024
786 830 816 773 787 226 754 791 136 220 804 779 203 144 771 185 789 812 86 197
611 634 649 545 11 647 553 547 544 651 567 607 617 34 24 646 672 610 589 565
749 814 67 208 61 217 714 218 212 717 198 80 189 59 140 776 752 88 748 730
226 963 171 275 958 233 271 253 178 915 235 285 985 927 904 907 232 783 898 896
139 165 194 193 223 216 146 797 103 785 781 68 794 125 834 748 850 179 91 803
151 740 851 86 115 796 736 785 130 816 773 726 45 183 105 794 732 100 196 712
212 904 947 871 184 925 233 192 792 833 758 759 751 894 898 795 150 934 153 914
400 436 420 473 1019 385 386 1007 423 353 465 457 1010 461 327 351 358 345 388 393
549 625 586 11 521 661 522 637 527 608 8 10 575 668 17 16 632 571 5 578
59 748 722 674 135 74 727 746 816 677 211 176 740 684 153 775 136 146 783 125
221 235 969 881 170 151 782 194 903 241 786 784 888 918 209 195 264 248 790 905
532 592 611 613 555 562 525 639 515 517 584 538 3 558 529 608 586 509 565 631
216 731 203 144 682 147 38 789 50 189 58 150 45 138 942 891 77 204 174 169
197 835 787 894 778 157 201 227 879 224 794 129 822 896 192 755 843 767 212 217
210 897 227 217 851 732 735 737 928 899 946 175 941 161 745 153 179 865 219 753
472 512 578 496 539 555 567 442 545 461 508 574 596 501 485 462 509 532 459 535
743 783 766 180 704 186 748 779 798 152 156 47 200 117 53 102 161 103 222 819
455 1024 361 1003 427 484 1020 294 501 451 371 342 493 312 474 416 437 309 415 1023
228 794 211 248 789 825 193 179 814 182 159 99 934 148 924 956 965 889 947 946
166 741 101 190 738 53 756 789 693 718 755 199 736 48 47 815 148 172 55 805
53 692 723 71 674 678 756 702 647 668 743 645 69 37 72 43 763 733 681 36
187 716 766 62 807 70 175 760 67 173 825 90 883 36 57 134 176 722 668 155
72 752 786 78 92 192 815 95 828 193 765 788 665 158 151 74 65 175 184 698
32 46 51 53 768 769 19 637 18 770 665 693 658 655 685 663 12 730 744 755
569 627 508 524 607 651 589 25 604 669 664 529 561 572 648 587 22 521 544 506
175 841 155 851 713 158 157 837 737 225 867 135 172 167 800 197 874 179 749 165
285 1011 1019 259 1006 300 272 958 266 430 1040 440 343 988 257 268 434 313 344 315
628 672 579 66 604 569 716 705 30 671 658 544 539 578 586 721 642 76 585 64
210 906 895 227 945 757 919 218 907 751 881 162 753 215 238 868 146 891 837 746
326 1038 407 377 442 999 395 296 433 343 362 375 321 304 354 347 441 987 294 306
421 1004 985 1006 402 338 328 1043 281 406 422 1018 337 408 448 326 982 269 423 449
240 940 939 779 770 922 786 241 929 773 267 782 968 924 270 255 259 774 925 264
94 134 73 171 182 731 726 840 732 727 52 824 760 78 132 712 178 141 136 146
723 740 39 149 691 91 213 798 126 683 744 102 88 705 144 71 184 70 155 679
59 138 61 87 772 49 793 751 696 655 852 113 697 701 810 750 156 65 182 44
54 744 161 793 179 698 178 765 745 160 85 779 743 770 169 37 718 790 692 754
629 642 591 627 553 653 17 626 589 611 598 43 628 23 662 608 606 576 594 16
225 774 923 153 832 765 962 820 221 56 61 736 897 164 117 201 802 727 215 81
199 925 843 726 818 732 822 819 163 955 217 765 898 881 749 182 796 198 828 801
141 822 806 169 156 122 124 60 804 836 735 78 779 103 727 152 126 112 802 829
293 304 980 981 287 322 296 273 979 308 978 277 303 332 1026 294 331 1007 327 1004
325 407 398 1037 396 1000 340 419 416 993 1038 424 327 353 303 1018 386 1044 311 1031
315 342 329 1034 337 1035 412 341 333 1015 332 293 372 413 406 1031 361 993 360 985
150 175 107 720 804 161 827 113 823 129 216 830 746 715 149 798 844 828 848 782
77 98 128 55 729 749 79 60 684 56 760 774 724 779 737 761 82 752 160 88
624 655 556 10 537 555 601 667 17 680 568 578 639 47 606 599 669 635 561 591
19 33 688 12 49 663 52 620 691 26 655 685 687 30 648 0 676 628 617 672
626 642 646 639 11 534 43 559 640 673 531 662 17 548 618 631 665 6 41 678
66 747 145 784 815 108 178 58 666 677 742 41 713 701 770 786 156 183 98 767
296 968 310 937 954 1018 974 946 325 270 242 327 271 308 292 983 943 977 317 295
10 563 576 539 608 524 599 639 15 603 600 571 642 644 503 646 641 509 577 27
339 368 1033 418 345 413 1035 324 1023 377 371 1034 1036 334 370 408 1020 328 390 387
151 745 853 713 56 62 166 742 693 821 76 814 155 181 81 718 118 808 69 728
85 780 66 803 731 706 242 832 742 164 148 756 244 773 249 222 121 96 61 142
73 672 680 703 704 141 628 152 784 66 140 675 630 41 101 86 38 705 760 629
130 789 827 226 65 743 127 805 828 122 125 111 223 241 71 136 129 727 92 110
407 429 447 394 392 416 329 451 327 319 1047 1046 387 466 1002 438 1039 344 398 1035
16 659 49 53 60 649 569 24 44 20 660 63 657 698 624 608 690 28 638 48
93 751 184 191 789 801 68 767 826 704 712 189 199 729 129 193 749 48 746 717
141 176 160 186 782 108 766 91 816 749 158 201 791 209 800 720 226 221 125 205
873 888 875 224 215 916 855 214 849 918 216 917 856 877 908 903 906 207 924 201
2 605 617 604 30 20 28 581 635 573 644 621 540 593 524 14 623 646 522 16
166 725 755 802 691 181 223 42 225 172 682 715 763 65 818 55 97 822 184 62
272 995 257 954 990 321 952 331 997 950 330 246 256 981 281 310 267 277 293 261
176 808 784 758 85 171 779 177 149 761 848 806 718 843 87 224 805 794 803 753
88 803 739 745 806 56 778 189 723 71 759 103 125 773 787 688 182 120 166 116
332 385 365 309 327 386 1031 1024 414 1019 319 1011 1012 380 399 348 377 1026 363 395
26 652 49 34 690 40 41 4 617 630 32 53 9 601 633 703 22 639 685 12
120 750 708 219 164 86 113 209 160 52 777 709 190 163 180 73 165 51 48 53
294 1006 402 317 323 988 329 286 305 430 1005 279 1001 981 1020 436 996 343 318 275
530 549 635 519 560 512 556 600 501 553 554 589 591 524 581 492 638 630 565 616
597 623 598 543 560 551 657 610 514 621 23 19 1 565 20 647 658 609 542 9
696 716 160 185 707 657 706 144 667 734 685 761 729 699 47 45 156 157 693 100
177 795 821 220 151 763 82 798 766 833 796 188 740 723 96 748 84 829 810 209
191 883 220 141 756 737 918 869 877 149 736 761 224 902 845 899 212 153 160 735
126 751 93 197 711 745 91 78 186 149 738 736 199 189 200 791 754 217 216 86
634 666 564 711 30 62 714 546 709 621 27 612 558 60 573 566 645 68 33 707
203 826 168 193 926 777 197 889 189 843 170 765 186 791 819 176 135 900 802 759
522 537 559 595 589 487 604 598 632 548 516 574 494 582 499 533 623 614 600 610
69 728 787 752 126 198 124 157 54 751 786 700 167 717 60 753 163 770 74 151
15 622 598 614 572 34 608 565 31 580 544 532 0 19 631 603 5 664 11 520
528 564 487 12 544 567 575 638 619 526 602 560 558 568 510 627 555 634 519 598
413 432 344 427 428 1011 1010 1009 444 462 331 322 400 423 459 1031 449 437 433 442
38 66 83 780 79 655 758 767 53 128 64 124 779 707 696 131 719 713 51 750
402 433 437 444 452 1016 434 337 1048 1037 441 450 1015 1045 400 407 388 449 389 1043
92 693 747 769 81 35 77 48 771 143 763 760 692 733 698 70 802 709 710 670
916 924 954 210 200 237 208 958 900 927 218 936 230 881 206 946 209 938 911 879
350 358 406 378 376 333 1029 1037 380 348 385 329 343 405 337 377 366 397 338 346
201 219 948 243 839 175 784 773 956 196 222 899 888 187 930 879 173 230 941 752
353 382 1037 339 387 1018 360 400 1025 375 1024 1027 325 1032 374 371 384 1022 391 355
771 812 54 805 229 138 194 823 816 788 167 56 822 226 128 808 126 778 150 731
427 452 1012 428 492 475 399 1034 421 414 1040 482 1011 433 1009 1027 500 436 1023 431
334 369 356 411 415 359 417 1016 997 367 406 385 418 328 999 365 1005 1000 381 337
332 1010 313 442 434 995 425 279 1027 412 436 338 1030 1024 417 983 433 399 423 336
773 823 769 147 146 131 771 204 164 834 128 61 193 234 808 837 749 833 765 768
80 676 798 651 709 691 764 660 63 123 784 45 162 796 706 738 46 648 746 29
427 463 422 1048 493 1013 428 451 489 483 1009 1032 1045 1046 439 433 494 396 1030 1025
118 154 221 801 166 767 751 76 718 822 170 125 178 814 145 216 71 100 783 73
531 599 507 2 509 485 491 9 630 614 575 551 557 562 605 588 638 524 601 571
331 352 1016 306 991 989 345 1020 312 344 372 324 302 355 356 373 343 313 309 409
77 729 138 69 766 202 770 179 148 104 678 74 672 785 796 778 725 157 84 146
287 312 322 308 960 985 291 1014 295 1002 1020 971 265 961 1032 977 260 969 1038 1039
176 208 893 882 811 752 930 768 800 771 753 738 910 791 130 179 210 772 799 836
167 847 739 156 719 187 893 856 147 205 745 750 848 741 183 131 825 892 815 189
506 525 490 586 537 594 481 541 554 590 547 582 552 510 564 532 592 578 475 515
563 644 542 682 609 535 29 631 12 554 518 641 546 13 602 26 24 629 541 509
401 440 338 1006 344 330 408 421 476 403 458 402 1038 400 324 1015 459 1043 450 1024
515 601 629 643 557 547 581 554 635 619 6 626 631 591 488 493 490 1 535 568
719 763 209 754 81 168 758 703 201 756 189 54 177 143 807 778 764 216 47 184
398 1016 367 1042 362 407 294 1002 326 291 1026 382 304 1047 442 404 447 443 427 1029
64 751 808 47 754 689 811 793 786 77 217 705 88 75 757 106 187 799 685 97
240 265 972 994 970 977 988 236 225 233 969 950 782 210 985 964 777 246 213 250
276 1010 959 279 996 335 254 397 341 295 1037 965 301 1020 998 427 405 437 399 960
290 1003 414 299 305 1005 301 417 310 327 410 275 338 313 262 962 423 1002 967 1022
383 1032 311 339 380 299 317 307 396 416 384 376 385 392 1020 378 437 388 372 327
159 197 215 760 909 180 901 121 811 184 136 740 117 839 925 844 836 728 93 227
556 633 585 540 503 533 595 10 527 635 513 666 622 13 613 663 602 568 637 577
171 817 730 152 722 769 721 137 185 192 816 169 153 187 219 790 746 761 744 168
462 492 495 446 465 542 438 522 455 463 448 479 441 511 517 483 449 496 536 437
419 433 401 464 455 1027 1038 454 470 390 1004 463 1044 1031 399 1048 1037 469 431 337
107 131 743 104 827 174 157 741 793 846 91 760 74 122 92 764 105 118 755 722
31 41 701 668 681 11 50 42 673 697 39 713 686 26 19 651 30 679 27 648
139 830 84 792 767 175 828 733 785 158 163 757 91 809 801 736 182 154 723 791
