717 1623 709 59 830 691 663 696 1507 79 794 118 1517 1621 86 706 1617 676 71 1531
976 1024 939 1080 1072 938 988 975 1008 1077 984 1067 994 1054 945 1015 1022 1083 949 1006
69 1537 1619 589 111 1487 1522 579 634 1574 762 1515 311 1580 841 1594 718 710 587 610
436 1447 1474 1468 1392 458 421 488 1407 479 503 487 491 468 459 1436 471 1433 411 1405
303 1509 1472 505 337 286 1476 1564 341 265 1552 642 503 81 283 61 512 6 1487 504
644 1604 833 755 825 765 1533 1620 651 1529 94 650 680 775 1495 1576 654 641 790 1578
654 682 1522 604 1602 1538 672 1581 615 1542 1484 1496 1526 621 1576 673 712 707 718 1482
275 298 247 213 264 295 32 294 1563 1530 194 1581 1565 38 250 244 158 174 196 50
442 1410 409 401 395 1439 1445 415 423 478 1414 1397 444 422 408 404 1392 1424 430 1450
803 831 772 1547 814 1594 1567 762 782 1596 1618 1587 812 793 798 1534 1588 833 785 804
71 323 1613 106 355 1587 1488 535 298 510 522 325 513 112 551 562 1480 1481 56 81
768 1620 666 793 614 1531 1520 1609 1625 75 70 735 1626 1537 760 66 663 617 612 761
390 1333 392 1347 1393 1387 1339 381 1326 1344 394 1374 359 414 1310 367 371 1348 1302 1329
1170 1211 1240 1239 1126 1163 1191 1224 1131 1166 1146 1228 1231 1222 1173 1125 1214 1213 1141 1135
545 1491 493 42 329 1492 655 528 1484 302 668 332 1539 307 579 1487 524 1506 1479 335
637 657 1522 1552 1524 1612 1499 1485 624 631 638 1496 611 630 616 1498 1542 690 648 1530
785 1581 653 796 602 662 629 826 113 108 823 307 1558 1531 821 1571 1557 638 604 60
1153 1205 1116 1128 1182 1241 1210 1113 1195 1104 1162 1230 1214 1199 1159 1106 1127 1232 1237 1229
1556 1583 794 142 757 1566 577 828 552 294 58 279 322 714 602 805 145 617 764 725
894 914 878 898 922 874 947 869 895 904 866 903 862 872 857 867 918 929 932 852
355 521 23 504 376 370 532 522 36 39 546 336 526 1487 316 1476 519 343 505 538
1555 1572 159 789 597 283 273 555 599 1584 1501 238 1551 673 44 635 711 1515 237 1592
956 988 949 972 1027 981 1012 924 985 1031 1024 992 1030 940 929 939 974 953 970 1016
459 488 438 1407 1486 455 1444 1473 460 487 441 497 509 432 480 1436 1458 445 1471 479
74 1494 622 493 317 27 104 660 670 634 566 319 52 25 59 661 89 37 560 1489
758 1557 676 603 64 42 740 30 541 1605 721 575 140 765 775 768 1574 152 672 699
772 1598 808 738 709 95 124 623 1547 691 96 752 832 1569 785 797 91 714 721 1564
194 255 207 291 167 277 261 262 244 273 160 190 283 206 266 130 287 260 294 139
824 1527 759 69 62 846 1618 800 844 1556 54 780 634 843 686 767 1593 68 305 762
96 1534 31 30 697 633 831 541 556 765 536 776 1523 324 587 834 631 1515 73 72
362 495 338 492 1466 503 1467 1484 8 472 1483 1434 1476 352 1463 372 484 510 516 1493
1534 1615 1562 751 663 754 125 121 1504 666 830 773 789 675 93 311 54 1625 700 297
459 1452 457 507 453 1483 1484 423 490 1402 1456 1420 438 482 481 1408 448 504 446 427
1320 1337 1377 1359 1308 1385 1299 401 1388 1382 378 409 398 1297 1291 392 1393 1334 1302 1286
308 315 557 56 523 1497 290 551 13 291 25 525 44 18 319 349 346 72 343 282
75 109 108 1501 66 1591 1574 43 46 114 1499 1623 1540 1513 124 1541 31 115 37 55
62 306 264 1513 1527 86 1553 325 1483 537 89 1590 66 550 1561 68 36 1494 1538 1537
580 1565 654 752 44 776 667 291 1586 1562 54 136 149 58 564 834 240 1512 1522 121
136 223 247 204 197 121 1557 1588 249 1560 144 191 230 266 142 1569 224 185 250 205
1148 1167 1236 1191 1198 1152 1147 1244 1248 1189 1194 1117 1185 1179 1192 1133 1122 1234 1231 1229
634 1497 80 318 1481 1515 1520 1559 37 1577 338 639 578 491 62 550 1470 515 309 602
15 322 1538 559 554 24 9 56 314 562 7 302 357 1482 1487 330 334 59 358 556
89 1512 20 1586 695 539 37 55 1522 725 1527 1474 26 724 1558 66 1547 43 1553 302
352 513 369 17 1461 386 22 378 1509 1489 318 33 1459 368 1478 1499 516 1475 488 1468
724 756 782 775 1530 771 684 699 1510 723 1569 697 1606 768 1550 1538 1596 750 1512 769
1117 1250 1157 1166 1146 1171 1082 1089 1260 1259 1096 1165 1276 1121 1139 1094 1254 1258 1255 1245
1575 1595 1610 624 643 1600 728 295 78 757 783 682 314 146 752 1566 826 588 732 838
959 996 922 1000 1013 939 1026 933 947 986 934 949 974 990 1029 943 966 941 1003 978
864 892 883 903 863 912 840 877 861 893 890 887 920 904 832 830 891 908 828 910
785 1618 801 623 1584 693 1624 817 1527 773 1573 100 1546 661 605 830 56 1558 1621 749
1471 1497 508 505 563 559 1442 1528 632 356 310 1459 1473 1494 66 1493 684 490 702 39
598 1496 649 639 592 1476 510 522 620 331 519 567 345 627 347 623 582 694 316 1473
13 311 524 552 16 36 1516 333 10 300 1529 1509 62 11 536 361 1547 290 517 38
1142 1217 1204 1211 1229 1145 1212 1238 1163 1180 1245 1103 1164 1192 1158 1151 1117 1101 1251 1236
1573 1600 685 1555 836 84 747 1536 49 658 763 1549 1535 153 633 810 1560 67 1538 659
1129 1223 1203 1164 1160 1161 1234 1098 1241 1123 1211 1113 1245 1201 1212 1224 1153 1155 1233 1142
764 1554 623 1593 1590 59 657 1560 1559 1600 797 152 310 617 33 1510 664 1537 56 281
1129 1256 1155 1178 1240 1267 1096 1153 1287 1176 1111 1122 1217 1160 1251 1285 1104 1232 1181 1107
806 1571 708 1561 803 142 126 683 719 1534 283 748 664 764 1590 1533 701 288 838 294
1157 1223 1224 1198 1161 1132 1187 1189 1155 1222 1139 1143 1190 1179 1120 1169 1142 1200 1117 1203
725 1521 73 93 651 1597 688 1620 44 749 1547 46 732 546 1479 1501 1612 319 702 1514
799 1552 1499 546 636 1563 1556 812 715 705 295 769 547 600 575 29 663 1536 31 813
337 1494 681 1519 20 499 28 1514 643 684 1526 613 338 51 364 1497 68 77 347 1464
295 314 1557 1514 172 1536 1504 304 141 25 322 336 65 165 519 555 538 521 1585 146
820 840 881 1583 850 1595 1564 1610 1620 778 1532 1569 802 861 1533 1544 832 766 1613 1618
757 777 1584 1621 747 1537 1599 1550 815 789 1556 1618 810 753 808 722 746 1575 732 1574
1302 1314 1282 1339 1324 1279 1350 1342 1303 1274 1305 1336 1329 1293 1277 427 1352 1288 1281 1333
418 1413 1336 1434 400 1319 1317 1313 412 375 1423 377 1349 1386 1333 1332 1443 1437 1419 1401
666 703 611 688 639 697 738 1568 677 1598 621 1489 1518 719 1572 1537 1581 603 608 718
698 719 1526 1552 1587 1524 1509 735 1530 1594 1606 749 1506 733 681 686 736 684 1620 723
1159 1186 1191 1242 1219 1205 1123 1152 1229 1193 1182 1206 1187 1215 1111 1236 1204 1105 1165 1148
1514 1568 319 92 338 698 58 737 696 540 269 665 734 78 663 669 521 292 296 1481
1089 1117 1087 1262 1227 1125 1000 1005 1118 1260 1127 1072 1241 1017 1106 1226 1093 1069 1170 1131
985 1030 1073 1060 1020 986 1013 1068 1048 1018 1024 1007 1033 1083 1012 981 957 964 1051 984
1264 1298 1287 1279 1101 1325 1256 1329 1283 1305 1112 1253 1087 1271 1326 1320 1327 1257 418 1313
734 1608 1604 124 616 1527 80 1568 669 783 89 728 770 718 86 1602 655 643 78 1598
113 1556 714 1527 1529 126 651 736 52 119 281 64 698 1581 560 24 822 682 278 631
518 1471 1494 32 524 479 350 29 496 548 1492 8 23 471 531 488 630 351 327 542
761 1532 1568 709 638 63 31 720 1571 1595 690 72 307 52 1561 689 1588 821 97 1579
437 1424 435 480 1405 417 420 1436 486 460 1388 1398 1451 1428 487 454 1412 1457 1442 407
465 1414 455 467 439 1401 1420 1452 1459 479 1389 418 456 402 443 1400 1464 452 1466 1421
573 587 567 1478 1482 1555 1570 1489 1580 557 1474 1472 1566 1534 611 1544 1545 1473 1497 593
806 1561 1526 619 700 738 1529 791 657 787 283 827 120 793 660 1555 792 285 720 297
27 308 1564 512 1561 518 14 2 1483 541 22 1503 1555 6 1518 315 555 1517 1573 278
453 472 427 442 1422 455 1423 492 433 422 474 1444 1443 1450 470 496 1473 1401 1426 495
533 1504 1 337 664 700 595 1534 1476 624 710 343 316 634 539 1491 698 717 1501 1500
305 1539 714 1549 761 1519 692 631 726 604 275 552 632 1541 699 575 698 311 292 540
558 1521 638 688 320 639 557 723 692 43 1555 560 53 785 301 748 735 65 316 1487
123 1567 689 1523 117 746 664 148 312 1513 653 1587 140 308 146 783 143 617 726 56
392 422 1424 429 1353 1317 448 455 402 1313 1401 368 1351 1369 1308 1334 1360 438 367 463
718 728 1621 1569 682 1520 1503 1540 695 1508 751 1566 1597 1511 752 1528 674 691 1538 1607
712 737 1510 1507 729 738 671 1516 1511 692 1546 716 1548 709 735 676 1502 1540 1538 1583
48 77 1504 1566 547 29 1516 1558 313 1487 80 1593 332 39 331 549 78 317 49 89
908 937 884 968 878 914 956 889 900 879 912 969 877 892 895 883 888 958 876 902
38 1566 762 715 247 257 73 9 528 546 703 713 6 346 158 1539 140 41 1517 622
811 845 1579 786 779 816 792 807 840 797 842 839 1576 1545 878 1572 810 772 832 1548
99 111 1597 96 1582 66 78 89 74 80 1540 1624 77 76 61 55 53 67 126 119
691 732 1584 1511 693 1526 696 666 662 1607 1571 751 1541 697 714 701 1614 1597 1543 1556
827 846 876 1584 1543 798 1527 839 872 890 886 823 806 794 854 819 1604 881 1566 1623
690 1582 100 300 787 744 1560 56 1535 759 1563 780 641 663 649 1497 681 1577 302 605
582 1481 561 47 525 659 1484 1468 500 629 480 1516 567 325 485 538 1476 33 338 1463
663 1573 235 1622 718 765 652 831 585 809 776 122 238 155 54 117 803 66 800 1570
1523 1564 121 1506 831 165 794 63 1491 68 1571 86 819 122 767 270 684 1518 78 260
666 699 1528 1514 1609 734 1616 725 658 685 694 649 651 1494 700 1578 1495 686 1548 1500
311 1499 340 666 622 1523 696 1537 678 613 276 336 628 664 341 584 333 49 515 498
725 1545 753 595 583 292 650 26 773 796 672 727 565 728 297 826 657 294 545 40
497 1438 1461 511 343 1431 1426 495 480 352 1437 458 1446 349 1497 338 1460 491 1509 1434
206 251 210 186 212 278 156 245 148 187 229 296 219 234 280 235 194 149 215 133
358 373 1469 524 355 26 393 414 493 365 350 404 353 523 337 389 506 338 369 495
192 274 188 1550 200 158 1560 143 215 195 147 237 267 172 1572 140 1567 239 1568 268
665 693 600 735 644 1525 1563 1571 1570 1517 1617 1496 678 1481 663 620 1506 621 1609 1600
747 1541 129 715 300 1499 321 1527 617 1603 318 114 50 76 738 786 741 625 305 25
640 1552 55 298 325 543 612 129 295 544 693 1580 1581 634 601 727 1500 36 738 292
1390 1417 1449 1418 1396 1333 1453 1455 1353 400 1347 1435 407 1457 423 1391 397 1348 1388 1409
124 1549 128 44 324 699 628 789 830 110 752 766 145 651 614 769 138 839 728 1513
631 1548 765 306 610 560 1572 313 564 680 663 55 119 579 1591 797 704 682 1525 128
794 1537 51 558 608 1583 1546 707 776 592 84 695 572 26 587 1565 735 604 586 827
649 668 1564 645 663 1527 701 1554 654 1577 621 1501 1596 1531 625 1566 1533 1584 690 641
680 1561 577 738 697 765 753 299 546 709 1611 581 606 553 732 135 1603 770 313 278
636 1516 73 1603 771 1575 613 1609 1573 727 664 329 1481 1485 1518 1624 744 1494 63 29
1477 1497 611 1461 1447 22 540 641 598 615 55 610 585 1479 322 311 609 626 1519 1469
333 1515 84 10 15 43 546 753 71 363 329 301 765 688 328 641 350 1564 1567 57
102 1594 708 52 733 56 630 98 734 58 99 75 611 647 120 710 798 84 107 1617
698 1564 663 37 59 1539 1606 1528 1543 1509 697 143 838 278 284 1553 315 656 738 41
1422 1443 438 1400 490 1392 1391 427 454 1425 446 437 1408 415 481 1449 419 473 1470 1409
342 1473 616 322 585 513 326 592 1511 614 502 569 1449 610 1439 586 1513 510 22 15
36 548 1488 2 66 1559 81 535 576 32 579 511 82 1524 27 1474 567 1477 55 1512
478 492 1470 1423 1439 442 1436 1462 1501 1459 452 344 512 508 363 443 468 509 460 369
754 796 1558 1587 829 724 1608 774 1586 778 720 755 746 1622 1550 1552 1560 789 775 819
400 1380 1321 390 1342 1337 428 362 1379 408 1364 1345 1416 1370 1392 394 429 416 1391 1329
757 1584 1585 1596 660 605 619 766 301 140 753 1525 84 612 609 1594 137 675 732 718
307 1547 661 769 773 724 830 824 622 800 727 40 735 62 776 13 280 39 281 708
737 1568 297 787 1571 235 111 714 698 795 306 589 690 759 160 811 626 685 701 576
50 530 73 1573 1476 17 23 36 1505 1524 1483 1561 84 1545 342 0 1482 27 19 5
514 1485 14 513 1515 369 1519 367 497 623 22 361 1482 344 326 69 528 615 654 42
293 317 1538 255 281 523 306 555 1544 1582 156 559 133 1491 258 556 52 291 1535 1501
31 550 11 1501 561 1550 1481 342 333 79 300 32 12 545 1535 541 304 1549 303 307
795 812 1554 1625 1546 1591 844 1557 792 783 1567 1561 806 840 791 817 1552 1587 1558 836
202 281 184 199 308 303 188 310 207 166 260 1556 1555 194 277 214 301 297 195 231
1422 1453 476 1393 1472 1411 1425 1475 1435 1430 507 448 477 1462 1397 453 424 1460 1436 423
233 274 202 261 1559 174 268 272 181 219 1555 300 1574 170 236 304 130 187 286 150
141 277 198 301 306 1556 259 176 133 174 223 201 161 158 257 181 273 293 178 1578
1341 1389 1331 1309 1361 1384 1392 1315 418 1356 1325 1333 1314 1346 383 393 1348 1390 398 1399
693 1543 290 761 629 786 1526 627 120 697 33 1620 762 116 1509 26 672 689 125 722
1498 1508 615 57 1520 717 669 1548 1536 585 1555 1533 722 692 547 1537 41 1479 490 1510
1552 1623 131 26 269 82 536 1568 831 76 638 113 608 597 1580 580 615 1537 663 700
692 1573 757 302 269 49 1617 780 804 629 1496 1622 1606 1523 125 835 749 690 109 581
281 1574 813 270 662 239 310 793 1541 1517 1578 236 146 148 62 673 303 679 1603 651
584 1544 593 288 1590 697 1498 313 28 632 1496 836 748 1502 783 655 545 61 798 1576
1498 1538 1496 829 328 1623 792 62 655 1590 20 71 716 1609 1516 500 603 574 1477 711
