102 931 1133 1046 1035 949 1163 111 1192 1064 1099 1101 1186 1183 1197 1179 1085 1166 1198 162
363 382 391 402 393 231 281 422 300 249 375 233 381 377 238 232 273 268 390 383
57 1016 1022 17 1160 59 1179 48 968 1089 1054 27 71 1198 1019 64 1106 942 1137 985
508 537 487 475 536 550 495 505 480 500 482 486 493 566 579 507 481 491 558 524
304 463 404 384 313 427 225 394 1216 279 1218 255 459 197 442 420 376 358 227 270
1195 1211 278 1065 168 220 1172 1052 140 1215 1218 156 1179 239 270 1033 264 1175 202 91
222 308 226 440 1224 295 183 436 1210 212 245 277 1229 403 461 338 262 206 1209 400
640 676 1461 669 1453 692 1462 699 611 671 633 708 572 569 571 1454 567 691 645 672
303 437 344 440 451 473 214 204 417 341 422 394 455 412 199 378 475 430 335 411
1051 1176 177 1096 993 99 1129 947 963 992 35 1030 10 944 84 111 179 158 1197 1114
277 350 253 242 370 428 276 280 237 203 1197 369 247 224 390 431 331 459 376 451
1024 1128 1085 1190 962 1179 990 1089 952 945 68 1161 30 958 1127 939 959 1088 45 1105
317 386 417 334 1218 278 271 327 227 218 347 257 412 220 458 322 205 277 1219 273
273 329 464 465 439 315 452 434 1187 402 275 480 171 283 244 357 354 474 355 1206
183 204 164 179 304 282 1186 211 277 257 1200 305 1218 381 264 214 1203 148 298 149
1394 1432 1399 1433 1402 1378 1369 1443 1427 1418 1403 1437 1408 1425 1388 1384 1416 1372 1409 1381
423 466 390 482 310 477 365 359 451 280 248 391 481 472 358 417 453 299 483 294
421 451 283 383 485 457 296 327 428 322 330 305 341 291 371 268 279 387 286 400
1068 1102 19 15 70 33 1076 918 18 953 1035 1009 1070 1110 1150 1135 1108 55 1166 96
1100 1139 1086 91 32 1028 1146 0 1018 1169 57 1158 1163 1070 996 1032 49 1038 104 100
955 1188 1197 1011 89 6 79 1094 157 977 1182 178 96 74 202 88 1201 997 66 274
1549 1553 1568 1578 1581 1557 1533 1567 1561 1569 1554 1541 1582 1542 1589 1562 1574 1555 1584 1573
955 1197 196 173 223 12 1201 977 946 1174 963 925 217 107 1151 1051 1089 178 1049 1193
752 796 784 749 727 798 721 818 710 808 726 787 786 714 822 831 780 856 736 772
975 1074 11 71 973 1113 1162 1044 1150 1197 962 1175 1023 1157 1104 80 1185 1081 1090 23
328 359 461 422 415 323 227 457 339 295 1220 275 401 284 234 480 398 427 344 341
253 311 285 263 349 1197 162 329 229 346 378 198 141 1207 402 272 381 143 454 1201
977 1008 1178 999 12 1201 1204 946 982 1000 995 1149 1154 1157 980 1205 14 1133 47 1172
1463 1484 1504 1495 1343 1509 1502 1329 1488 1468 1516 1320 1520 1510 575 1362 1521 1328 1336 1376
165 255 1223 211 226 305 101 192 1205 103 267 260 252 374 406 155 140 449 164 1178
1524 1541 1351 1559 1515 1497 1488 1500 1553 1521 1503 1520 1510 1526 1538 1509 1491 1512 1493 1485
1346 1515 1527 1351 1324 1508 1504 1480 1340 1511 1332 1323 1489 1539 1495 1493 1472 1466 1347 1350
142 171 202 117 128 182 265 210 207 1201 1172 181 180 119 129 109 211 1181 271 200
993 1034 956 1095 38 1100 947 84 1073 981 1118 1130 81 935 1185 1085 1025 961 1043 1065
271 449 234 468 409 1224 1198 281 481 212 280 193 466 322 269 385 242 163 453 378
19 1155 28 1027 1113 1131 1179 56 72 103 8 1110 90 1142 1145 49 1174 1175 1005 993
334 353 287 349 355 361 424 321 280 318 402 401 286 454 315 393 483 457 283 351
159 1192 1184 56 259 255 1059 958 49 964 93 238 1171 111 943 245 1054 939 68 230
129 141 268 173 266 180 1200 250 156 152 1172 1212 124 98 1203 1216 111 262 109 177
647 683 691 622 658 640 705 626 635 648 632 652 697 670 704 1456 676 695 625 696
208 277 263 338 1229 320 1206 180 363 313 258 426 195 199 259 168 424 390 383 1189
1069 1095 33 1210 1105 946 1067 954 1201 1077 1034 970 51 59 1151 88 1138 1093 22 1085
192 247 288 1220 271 1216 195 1186 137 180 312 1200 299 393 303 420 233 1193 311 232
89 1100 969 1030 101 994 1019 989 1023 1046 1061 128 37 1142 72 1053 1173 70 35 1057
280 337 227 182 174 382 448 436 287 369 1218 1193 1195 411 299 199 317 209 328 211
1517 1530 1490 1543 1496 1544 1339 1488 1491 1505 1338 1525 1548 1507 1479 1322 1343 1486 1475 1532
840 869 754 789 781 769 738 820 896 812 830 844 893 875 758 763 884 892 762 835
951 985 48 933 73 1099 1028 1166 20 1084 1146 1075 1204 1037 968 949 993 941 947 1067
137 169 1174 1175 136 142 161 265 131 92 108 119 1217 1176 244 166 186 140 146 1177
263 386 401 243 175 389 249 267 416 369 319 419 138 434 236 371 181 463 219 468
96 138 950 1041 1102 978 1050 77 1153 1068 1156 181 180 1116 1089 1088 104 146 84 144
0 1097 1019 1171 1005 1000 1128 1070 66 1184 1166 1123 1145 1161 1079 1190 70 35 1163 75
1342 1347 1520 1463 1502 1488 1469 1324 1322 1515 1329 1484 1448 1501 1499 1321 1450 1459 1327 1522
493 527 479 557 485 470 526 511 518 521 532 514 555 553 564 561 542 482 549 565
31 1160 40 1179 1157 67 48 5 1188 984 99 1081 1173 1104 1106 995 1177 108 73 990
1367 1480 1449 1439 1354 1440 1463 1349 1323 1373 1345 1326 1350 1356 1462 1476 1321 1438 1482 1379
347 478 351 330 460 283 290 281 278 462 295 302 355 257 475 432 342 517 431 392
276 1196 472 1178 430 82 405 473 303 340 984 454 1173 1069 246 1064 409 432 351 345
258 1213 118 215 87 91 90 165 162 409 141 1181 142 206 195 232 116 440 1211 257
550 599 537 609 576 515 594 578 622 581 516 554 565 518 583 574 598 530 566 604
755 839 883 754 800 751 766 834 730 812 798 726 840 788 745 711 756 768 848 776
999 1068 1060 73 938 53 995 1211 966 64 1163 75 51 1045 993 973 1128 81 1196 1192
756 787 755 809 803 774 720 839 798 719 751 808 713 717 826 828 740 750 752 818
937 1064 913 987 1088 1081 82 1022 1110 40 1195 965 1051 1016 79 951 1068 90 1035 982
69 88 0 113 44 1087 927 1046 32 971 1097 1102 49 1187 56 68 40 1120 13 20
1150 1177 41 72 946 1123 1092 1114 181 1153 1015 173 163 23 105 1086 180 1176 44 1084
13 70 46 63 1096 1092 1084 1055 939 1116 77 979 1196 1085 86 47 1086 1066 1134 1164
247 318 188 338 228 155 265 252 331 1185 371 176 352 284 281 313 276 209 393 434
51 971 80 79 55 1151 1100 1111 1138 103 1030 1011 1057 1008 1120 1119 1089 1125 59 939
581 602 595 567 620 611 630 553 558 634 603 618 578 537 609 614 568 588 631 540
968 1002 1185 962 15 1029 1184 1078 1081 1069 977 927 88 998 1181 49 1183 1083 1137 1080
73 1066 52 996 1130 1084 1055 961 1189 922 1077 61 992 995 1085 1016 1145 60 1094 49
66 1074 87 1153 34 961 1015 7 1162 1147 104 1065 8 1026 107 1117 6 1168 1154 1166
981 1164 938 964 996 1153 40 88 64 80 1026 1098 1027 986 1057 16 1030 14 31 975
1342 1351 1317 1479 1515 1339 1371 1348 1492 1356 1527 1491 1511 1443 1460 1486 1353 1458 1326 1329
1102 1162 37 101 1014 1047 1005 1011 115 95 64 85 1051 90 1101 50 42 1062 1019 23
89 1135 7 34 1010 995 1112 1102 1199 70 1200 1061 18 1013 967 959 975 27 1062 1155
1047 1073 940 961 1074 959 81 94 56 105 1152 1007 45 101 1060 949 929 66 50 1089
86 1030 1047 1131 953 1181 1 940 1035 981 1128 1020 113 1140 947 1152 1157 79 78 1114
948 1014 88 989 1090 59 1066 9 64 1082 1156 1091 1020 1006 1192 1083 1049 63 84 988
434 473 455 347 499 475 506 350 249 428 285 311 489 304 257 273 481 466 482 302
96 1195 1164 988 1177 279 116 1212 1128 126 1058 120 942 1113 227 1023 1162 105 1210 196
103 1210 165 182 313 1040 283 99 312 100 214 231 135 1220 238 114 249 1183 248 1122
959 1002 1061 940 1099 960 989 1170 1192 955 91 1063 6 1127 104 1012 941 1148 46 1041
1052 1095 1054 1195 1043 1024 1189 975 1135 1075 53 34 51 996 52 8 1118 945 1102 1188
383 408 444 223 464 272 306 354 337 385 296 396 426 260 281 410 386 469 257 473
170 179 122 110 268 161 236 254 216 198 145 183 140 207 135 217 264 1184 141 255
803 837 766 786 834 845 737 805 797 824 751 743 855 841 816 843 792 774 884 818
979 1033 1086 89 958 1197 941 13 945 961 1164 927 1041 1071 947 42 1029 1125 24 1201
1531 1543 1560 1518 1550 1524 1521 1523 1537 1522 1512 1520 1541 1534 1516 1499 1555 1558 1502 1549
2 1020 966 52 32 0 1183 975 1102 1093 1037 1032 1185 1173 56 1083 1124 1103 940 4
54 1124 67 1003 1102 966 1168 1016 58 973 1198 88 1048 72 105 1039 998 978 1001 1203
1342 1501 1458 1451 1504 1516 1457 1502 1471 1316 1350 1522 1456 1487 1326 1327 1315 1464 1515 1331
195 263 305 399 477 207 1185 190 250 281 1217 156 291 310 286 271 270 145 1195 289
39 1123 106 997 1113 8 1148 969 1162 66 1163 1000 84 48 965 58 1183 50 1147 88
1178 1205 1193 971 980 1027 0 1156 51 1183 1191 1061 131 16 1016 1005 979 1160 1073 224
140 1204 309 1199 257 167 219 1180 242 1195 249 90 1039 228 227 104 1060 137 120 159
26 1176 996 32 1070 1043 1051 1047 113 8 1034 1012 6 23 1046 1019 1016 31 1035 968
17 1082 37 1019 61 57 964 13 937 15 992 33 1113 71 1076 6 42 14 1184 969
997 1116 986 1074 1153 980 968 1021 41 966 1146 970 1130 1184 88 1004 57 950 1115 1145
267 471 316 488 445 245 153 434 470 439 400 458 208 213 375 167 504 150 235 1202
1656 1670 1624 1680 1654 1618 1594 1589 1650 1587 1616 1660 1685 1675 1671 1643 1633 1605 1686 1677
252 449 264 369 1183 155 318 411 390 406 1198 316 150 1199 1194 423 269 198 193 468
265 318 356 180 275 253 172 264 219 208 1214 154 369 403 193 229 239 404 1209 268
61 1052 1086 73 3 1072 13 1184 1202 1079 987 14 1205 995 1190 98 1178 1126 1177 87
537 552 590 515 601 522 574 612 518 605 597 525 532 622 589 528 526 613 508 535
956 967 1094 68 1015 50 16 72 1017 65 1099 1096 1190 41 971 4 1084 53 925 1086
54 947 1030 1177 941 929 985 1088 1050 1055 63 1103 955 1171 1060 928 949 1099 1145 40
545 552 532 589 561 597 578 628 524 530 546 595 629 513 540 576 612 566 609 592
202 276 310 248 149 386 162 380 177 1188 424 351 1208 247 287 370 257 417 301 415
265 381 401 1185 435 411 255 291 311 341 410 340 412 451 308 1194 178 1226 1198 379
74 1049 1001 1044 1022 1087 1034 1130 86 1135 924 989 1035 1131 1194 69 1154 1050 1188 1119
195 1223 143 1226 259 1183 254 212 1188 201 332 165 279 1228 314 309 291 287 204 222
69 1157 1147 1134 1138 1002 952 1128 18 1021 36 1207 1145 970 1174 1060 1096 1114 1020 112
52 978 1122 1035 956 945 1056 58 993 1134 49 1059 1204 108 37 1174 54 1089 1061 1162
476 486 450 406 261 344 472 473 348 460 425 256 315 252 523 269 429 525 436 493
147 245 390 96 1209 118 122 93 115 195 120 418 1188 411 1228 250 117 1203 171 163
127 178 1183 132 131 1178 1215 227 136 110 148 1201 195 281 268 1175 182 1186 105 113
1391 1410 1444 1437 1383 1435 1424 1377 1441 1386 1376 1411 1413 1414 1434 1439 1428 1427 1384 1436
1017 1080 1054 963 1094 1070 1002 1053 1003 983 1101 1060 1124 1169 50 975 992 1090 1149 944
1081 1201 973 947 257 134 979 40 984 89 106 1056 1027 84 1090 1132 126 1141 1022 1047
98 971 1187 140 2 953 1064 1157 17 1072 40 105 1146 958 1087 1036 53 91 115 932
220 1195 93 284 199 81 1188 209 130 1200 1211 180 1057 253 1180 146 1085 136 379 1014
580 604 633 555 627 593 571 541 565 550 557 588 582 587 585 599 624 628 556 542
1107 1117 1142 1145 51 1124 1084 1069 25 1099 1122 1033 1064 1106 1019 1003 1148 1171 966 1126
58 1095 79 1164 56 97 49 954 1166 19 1132 1123 1141 78 1 70 1159 1078 1066 43
2 1009 1191 1018 1132 991 1146 1036 1120 1184 74 1000 1127 25 1104 973 84 965 1131 976
297 328 426 235 431 390 303 335 397 217 419 307 194 370 1225 360 384 365 339 302
1080 1127 1056 1032 959 1020 1177 1059 971 962 1009 966 54 1114 1170 101 973 1044 1088 60
574 1462 605 1483 1327 1446 536 1507 584 1372 1324 1371 546 1348 598 673 1489 1330 1320 1351
248 426 411 208 174 304 197 331 1195 170 425 351 255 458 158 467 167 371 442 168
75 991 997 1098 83 1031 953 967 964 1115 1209 1148 994 1003 94 970 45 34 961 1154
9 38 2 1122 1043 7 1186 960 1060 66 1103 1068 1048 1022 1160 1079 1181 37 1061 1006
573 585 643 627 629 596 1479 620 599 566 1496 633 535 624 563 621 587 1482 1467 1469
1657 1689 1670 1618 1616 1664 1685 1622 1677 1674 1663 1606 1673 1624 1602 1665 1653 1638 1620 1662
1009 1110 47 946 50 1177 1116 1101 33 68 90 94 1007 1050 1099 95 970 1024 1013 1106
1515 1541 1342 1499 1322 1533 1321 1345 1323 1506 1331 1468 1551 1349 1355 1498 1333 1550 1325 1508
80 1115 1020 1051 1001 1153 1126 1113 939 115 25 1084 1178 1065 38 1099 1005 965 958 1155
1546 1550 1545 1532 1543 1539 1557 1527 1554 1552 1551 1524 1555 1531 1538 1562 1559 1564 1542 1541
236 1232 225 287 391 380 1187 1200 1202 293 402 192 399 237 175 361 400 1228 310 291
25 1104 104 39 991 1124 72 1059 1156 37 1125 972 42 982 992 1068 1131 76 1073 77
975 1069 1109 1193 998 927 1047 1075 1184 42 950 1163 1002 1110 0 940 1169 18 1107 1155
178 1215 186 160 1181 1175 237 147 171 111 143 230 234 1213 146 1183 1219 132 231 1182
263 307 378 179 426 407 1203 293 412 150 164 141 346 301 1195 300 228 406 284 169
81 1019 1130 1045 61 975 1120 1121 20 73 1123 54 933 1149 1165 1021 89 940 950 1163
45 84 1011 54 935 959 1174 1051 1207 1013 1208 8 98 1149 1033 1202 1104 42 47 69
298 348 1226 402 475 347 481 342 349 309 378 254 414 314 192 460 299 433 326 257
195 1215 279 157 218 215 1210 1208 283 165 233 1214 150 292 303 1216 1201 204 240 143
753 824 776 744 813 788 729 723 748 869 852 711 828 808 801 784 831 778 733 761
1523 1528 1522 1512 1510 1532 1521 1535 1355 1533 1519 1515 1354 1499 1497 1518 1349 1492 1537 1536
