188 2040 2023 54 227 2055 169 66 2016 155 127 666 755 161 37 635 170 2014 120 177
74 610 57 590 87 759 744 2007 19 55 1963 686 1931 51 696 684 2032 2040 1940 2013
786 1918 1868 1983 461 1894 1858 2003 804 454 570 1905 1906 1912 492 450 588 463 515 794
1268 1300 1331 1310 1351 1296 1312 1228 1367 1258 1315 1269 1257 1340 1343 1385 1316 1359 1330 1276
471 1877 1910 594 1866 813 435 502 434 552 574 1952 760 553 468 1955 1904 770 525 1871
166 184 231 163 143 224 100 159 103 144 203 142 150 223 217 153 187 212 162 2045
1259 1301 1324 1303 1238 1245 1295 1269 1221 1360 1292 1353 1322 1267 1249 1298 1359 1362 1262 1341
617 2013 656 1950 1972 618 81 77 669 613 637 15 723 603 691 2004 29 39 20 5
1521 1631 1570 1468 1384 1687 1704 1608 1464 1596 1654 1637 1528 1457 1682 1462 1479 1700 1422 1489
476 1928 760 582 505 1892 551 482 539 537 1965 506 470 444 509 1915 595 1891 538 1901
1313 1352 1264 1328 1375 1236 1326 1330 1288 1227 1303 1321 1349 1414 1399 1416 1265 1424 1370 1319
1725 1808 1637 1794 1795 1645 1667 1654 1620 1679 1675 1738 1769 1851 1699 1801 556 1621 1604 1650
62 107 632 36 58 2040 1992 1960 1999 2023 37 739 1959 738 40 124 64 32 707 2029
1677 1743 1665 1674 1715 1648 1785 1793 1732 1733 1755 1788 1686 1741 1724 1723 1708 1696 1731 1752
1654 1756 1802 1722 1607 1824 1784 1800 1590 1730 1616 1603 1814 1723 1634 1809 1733 1628 1665 1583
530 558 1912 821 591 1931 457 510 1978 1836 1947 1839 572 528 1847 1898 791 1835 1826 498
1243 1342 1228 1353 1300 1247 1298 1313 1307 1290 1312 1367 1241 1235 1231 1295 1244 1371 1258 1227
447 773 824 486 790 761 604 543 1913 2003 28 598 1864 19 2013 1848 588 479 434 1925
141 169 231 157 216 161 135 173 234 108 2042 149 132 210 211 213 144 104 191 249
1508 1583 1611 1635 1535 1544 1511 1418 1602 1477 1623 1522 1465 1567 1472 1469 1515 1426 1486 1526
1269 1299 1325 1237 1350 1382 1388 1369 1283 1238 1372 1274 1253 1338 1361 1379 1220 1340 1265 1399
40 52 649 58 741 742 582 2057 1956 670 1996 2041 680 645 599 94 1965 687 704 1993
74 665 717 47 2048 1965 759 98 1971 1938 624 1983 720 637 670 627 2053 1989 648 657
1859 1882 781 1807 1817 1870 555 581 590 1912 496 1857 1788 529 807 1918 1911 822 793 1932
1993 2019 2036 1966 702 637 1940 571 540 508 600 670 704 709 679 736 703 755 10 83
7 1934 2034 500 79 630 583 462 676 641 1 1913 644 1984 1960 42 788 1971 798 507
740 1966 483 542 672 526 81 470 669 646 69 2054 722 1937 763 1995 673 515 493 698
1665 1736 1735 1724 1659 1741 1647 1709 1687 1719 1627 1731 1698 1696 1623 1590 1801 1650 1593 1776
18 75 611 605 111 683 121 30 2049 2044 2041 102 598 1960 1926 647 127 119 105 37
1462 1525 1536 1643 1418 1378 1380 1495 1606 1386 1449 1492 1456 1548 1430 1497 1550 1621 1496 1503
75 2013 42 709 721 2037 673 33 679 31 2034 73 96 671 83 742 761 64 764 662
1611 1734 1806 1512 1798 1603 1800 1810 1656 1757 1525 1527 1533 1528 1821 1733 1606 1521 1542 1724
449 485 1922 550 1952 502 475 570 528 426 1929 476 1919 1943 532 1971 545 467 554 1899
791 2005 677 439 811 688 454 740 587 478 728 90 1928 1984 1937 1983 480 1977 94 2027
497 805 477 1980 1947 1962 563 1971 1932 1923 479 1986 531 1921 1910 577 574 436 775 834
484 1933 453 767 448 8 39 44 523 1887 1935 1916 522 1922 1882 594 549 12 754 478
1822 1849 545 560 1738 1823 1725 1788 1874 1720 547 1763 536 1833 551 1783 539 1796 1811 1819
594 1930 445 450 489 595 26 39 589 587 786 812 454 488 2010 1963 624 528 40 603
1358 1397 1435 1372 1352 1440 1302 1290 1450 1423 1324 1318 1398 1471 1380 1332 1417 1451 1467 1428
496 1946 812 1955 1904 464 619 1923 1930 1918 760 774 766 512 1956 7 26 1994 68 807
1590 1623 1730 1499 1770 1638 1647 1704 1502 1610 1734 1509 1622 1674 1490 1639 1599 1632 1778 1645
1384 1401 1368 1409 1461 1465 1431 1522 1416 1412 1292 1391 1551 1491 1476 1334 1532 1539 1424 1474
94 2000 121 1966 682 2005 640 2021 2026 621 20 706 1952 1967 551 547 1997 650 27 59
678 1975 11 1931 526 1995 673 543 1968 539 2011 48 738 59 797 476 46 714 77 5
562 770 1844 778 1965 795 486 1868 1952 1818 517 464 25 2023 2010 528 450 1947 799 23
424 443 1883 405 478 417 798 413 1879 1875 449 1923 428 465 429 474 472 431 784 790
770 782 556 1926 451 24 2016 1974 794 450 2021 531 557 1874 1945 1884 749 22 456 1871
28 783 471 508 1877 1988 667 551 794 1870 1930 23 1990 615 1944 680 1923 453 467 2044
588 1874 590 1857 555 574 53 540 1866 591 496 568 0 13 1876 1860 446 503 544 30
1362 1424 1536 1456 1444 1385 1312 1336 1491 1514 1355 1380 1552 1341 1361 1539 1308 1561 1372 1291
1713 1782 1801 1728 1849 1603 1705 1725 1701 1787 1608 1837 1618 1626 1630 1792 1664 1799 1687 1846
100 662 1940 20 709 707 31 111 611 648 127 2030 1995 1946 2001 110 1954 744 119 2009
1 636 46 2007 1952 15 70 2023 618 757 1961 1956 1957 658 14 753 2009 597 744 2028
494 557 788 546 804 824 1905 1830 1926 438 781 490 571 1794 1956 505 818 448 775 1966
1434 1452 1557 1485 1494 1519 1408 1374 1510 1451 1501 1464 1491 1456 1486 1431 1391 1531 1418 1516
504 814 1879 1978 842 822 442 1970 1953 1863 1925 1931 523 454 519 1961 508 1971 1920 548
554 1869 444 1876 796 587 1830 577 1907 1814 477 1896 1821 809 503 510 1982 781 1828 1867
542 1842 1915 1970 595 551 1968 1989 513 1783 764 580 594 500 488 1991 1849 1882 525 563
566 1813 1909 1822 553 1732 529 1846 1904 580 1805 1947 1770 1989 500 1785 463 769 484 1818
46 661 1 721 731 1935 615 104 753 32 684 40 598 641 734 103 619 48 583 633
676 700 76 102 103 70 650 1961 97 658 26 702 2006 729 1946 58 2002 639 703 640
1433 1490 1393 1559 1566 1510 1587 1392 1598 1494 1485 1454 1524 1388 1434 1426 1489 1458 1523 1421
762 1884 795 447 484 2008 533 1868 812 585 2027 1943 1886 1879 751 831 487 2001 555 2013
143 166 201 111 115 181 241 118 102 178 114 176 191 168 165 242 248 220 252 2050
1582 1660 1611 1720 1752 1613 1755 1486 1710 1597 1571 1747 1531 1628 1643 1518 1734 1719 1519 1482
1492 1525 1639 1480 1470 1606 1457 1482 1418 1513 1560 1450 1429 1462 1410 1531 1376 1624 1431 1543
603 644 650 605 49 38 627 1937 2006 779 48 740 2031 1956 1944 1951 667 89 31 635
1383 1434 1527 1369 1508 1479 1519 1458 1493 1487 1504 1445 1360 1517 1520 1483 1359 1422 1498 1526
4 675 732 703 89 742 632 673 1959 677 700 31 729 735 2046 71 2055 6 2052 646
522 784 464 1915 531 37 1994 1996 2016 1882 1872 538 506 1873 565 819 496 795 559 1894
373 395 368 426 364 424 416 372 388 393 398 428 411 386 366 400 413 427 397 403
526 1923 561 1982 1972 602 1930 1988 1980 490 1892 444 443 1913 1941 757 1934 802 553 456
1707 1767 1622 1841 1720 1808 1789 1792 1668 1671 1739 1780 1797 1779 1839 1686 1621 1691 1774 1635
818 830 496 499 1889 413 849 467 505 844 506 479 799 1906 839 456 835 837 1917 817
815 1886 1905 426 467 790 523 773 29 823 509 480 775 466 805 846 519 457 1868 1913
1693 1767 1742 1639 1714 1716 1648 1849 1743 1719 1603 1835 1744 1840 1757 1600 1808 1797 1827 1746
1448 1538 1602 1592 1396 1539 1423 1518 1428 1526 1581 1551 1426 1537 1407 1471 1595 1629 1516 1514
417 829 498 428 469 375 804 1876 431 470 1899 490 480 1889 495 1916 802 1875 477 403
813 1915 430 433 582 500 550 562 797 789 453 509 1937 1934 1885 566 1926 840 519 420
1778 1831 1643 1855 1743 1753 1799 1765 1622 1847 1725 550 1639 1856 1791 551 1728 1832 1710 1706
456 485 1964 1905 1888 1910 448 832 1932 1975 544 575 563 781 438 462 567 579 1986 476
1403 1446 1373 1460 1434 1425 1382 1412 1512 1508 1367 1471 1495 1487 1380 1435 1524 1458 1455 1472
1249 1336 1306 1348 1350 1387 1323 1294 1374 1291 1384 1380 1248 1351 1331 1358 1257 1234 1321 1383
32 50 576 740 771 44 597 690 612 21 70 1940 2057 1968 688 616 31 784 2034 775
26 634 618 1934 59 93 650 612 750 2027 2007 761 1981 771 1993 628 685 2008 603 743
527 1967 1889 1898 790 65 1900 1987 804 543 747 1964 573 1934 480 792 537 23 28 462
683 745 2016 1945 63 744 1954 8 1939 1988 74 99 25 2008 80 679 726 1944 1968 2045
621 1955 6 648 1931 2027 607 1987 470 644 524 68 55 566 518 1990 642 673 679 79
149 239 209 256 244 215 119 126 269 227 231 115 135 134 171 177 163 224 246 241
479 1965 676 466 1970 1967 653 831 20 529 1998 433 656 645 1924 8 1919 556 45 1880
1353 1400 1292 1462 1371 1470 1298 1542 1460 1321 1251 1399 1448 1494 1427 1420 1554 1547 1439 1421
166 178 226 2046 2036 206 114 2039 117 224 207 199 218 217 112 179 231 128 146 221
63 1993 1952 643 5 765 576 529 598 100 610 650 515 575 2030 2040 1983 567 510 735
1743 1799 1720 555 1745 1779 1661 1736 1614 1822 1660 1825 1761 1707 1748 1642 556 1758 1692 1678
584 782 1965 55 1928 50 2010 603 2025 1987 1885 792 1980 787 54 777 29 1908 463 461
465 552 1917 827 472 480 1913 1832 572 1946 1987 1833 1878 585 1827 1991 821 1989 451 1985
1575 1634 1484 1740 1623 1621 1746 1636 1569 1733 1661 1544 1741 1695 1743 1681 1670 1657 1622 1502
531 1888 442 446 794 1933 788 443 564 29 485 1914 819 1944 466 1970 447 1964 458 1951
423 829 436 1891 422 506 1875 815 409 388 398 1917 1887 823 452 416 488 440 804 430
797 1951 806 1876 1871 814 496 570 19 436 537 75 447 821 499 67 772 30 624 518
655 737 96 67 735 634 1982 108 623 12 656 86 1940 617 31 1973 1996 2038 664 2014
647 743 640 2038 29 1 641 761 22 659 1983 2028 1989 2016 614 633 1941 82 607 746
850 886 875 862 835 829 904 854 871 894 900 868 880 898 911 853 826 833 902 908
464 517 1865 451 1962 782 1955 798 454 1915 830 1950 1893 1957 496 1975 1942 580 1977 427
209 242 166 207 178 272 238 212 186 236 157 260 160 181 183 137 275 268 153 173
791 1923 1952 600 571 2009 762 1938 1964 782 1932 1904 556 517 1990 473 434 579 1939 497
844 863 825 868 823 911 814 866 918 882 897 853 900 836 855 910 894 899 893 907
1228 1323 1327 1311 1289 1229 1256 1367 1250 1353 1246 1384 1234 1284 1249 1293 1296 1357 1233 1372
1730 1841 1655 552 1696 570 1759 1795 1649 1667 1742 1630 1614 1709 1752 1640 1807 1637 1813 557
39 766 532 1887 650 2021 471 10 100 83 785 2027 1970 463 586 1873 1864 679 550 86
737 2002 92 2000 88 1955 2025 633 715 665 713 580 683 721 670 699 1954 651 1964 765
187 225 274 271 264 263 145 199 275 2038 167 252 2056 222 2050 237 106 204 205 2041
474 818 1912 439 464 780 533 458 452 1885 451 1974 1874 1881 1950 512 499 486 1890 1879
1983 2016 1959 481 783 490 81 90 96 750 486 52 1982 661 619 757 763 698 479 536
1266 1295 1334 1376 1388 1310 1250 1324 1255 1281 1257 1343 1297 1356 1300 1221 1314 1321 1353 1368
215 256 213 166 260 285 261 156 278 171 157 265 192 269 259 234 239 235 228 272
785 1989 64 549 676 484 65 1892 1968 657 76 1967 568 2028 1880 790 1937 1854 624 1951
1962 1995 724 100 797 2015 701 469 626 1966 35 613 2024 483 727 569 1928 99 617 627
1873 1897 1877 520 1834 494 34 771 818 480 511 1875 525 795 444 1929 575 548 1846 766
463 1950 1888 547 615 528 789 774 63 523 621 452 744 566 620 20 541 1953 534 30
68 1994 631 634 1963 1980 561 49 675 2043 791 2045 39 1967 576 98 620 1966 743 1993
1634 1775 1685 1779 1792 1524 1815 1693 1676 1684 1827 1526 1811 1835 1576 1624 1706 1771 1701 1834
219 266 244 282 309 159 156 158 273 199 193 305 200 223 241 214 187 310 264 243
510 802 584 520 771 581 788 521 499 1901 1977 1908 547 579 1891 538 831 446 830 558
607 2034 2047 743 79 102 107 2014 591 2000 2035 2059 119 40 24 1933 2023 2058 669 2019
1978 2008 565 581 574 9 2010 64 675 56 1962 700 476 1975 2005 2038 555 1942 741 710
511 1891 834 1867 522 1987 473 1937 1963 1919 1949 805 588 1985 508 28 472 441 809 600
1235 1286 1238 1331 1281 1247 1293 1229 1326 1337 1335 1338 1297 1273 1332 1302 1283 1260 1252 1278
785 1956 754 1990 680 2017 655 1992 1904 581 1924 659 544 1939 504 468 1889 1886 767 525
1341 1391 1381 1471 1462 1354 1357 1505 1547 1352 1446 1385 1540 1359 1436 1382 1504 1387 1524 1418
1635 1724 1714 1595 1763 1673 1602 1717 1574 1622 1707 1803 1792 1573 1612 1740 1704 1731 1734 1606
1587 1658 1748 1620 1550 1561 1745 1596 1654 1486 1538 1629 1616 1717 1489 1483 1542 1480 1675 1482
1640 1688 1719 1625 1590 1739 1614 1624 1632 1606 1774 1610 1611 1601 1700 1591 1778 1630 1717 1776
87 109 1993 630 36 48 122 645 662 1994 24 58 653 636 648 67 2029 634 18 41
25 63 64 1973 2032 60 694 589 100 1966 2028 85 2018 1944 92 1971 605 1991 2055 699
56 633 93 657 68 663 102 707 1957 2031 67 2053 2037 1985 674 2020 12 6 95 76
1922 1937 498 774 1938 8 1949 1924 784 1907 609 596 528 812 1910 1914 756 576 1872 1941
449 1896 1890 480 1861 577 1852 1930 418 1937 800 1936 1933 801 1931 412 807 428 1911 502
15 79 117 2000 748 2053 1994 592 57 13 65 56 600 742 761 51 1 62 2013 86
271 286 266 307 225 231 256 308 273 310 258 287 306 263 220 216 212 227 284 254
1352 1386 1404 1492 1392 1520 1517 1498 1332 1508 1524 1470 1365 1324 1385 1300 1299 1249 1429 1510
1245 1283 1261 1349 1220 1234 1247 1339 1326 1313 1268 1307 1345 1251 1255 1323 1343 1311 1310 1292
765 1943 595 1881 766 15 654 1973 1897 1914 1928 572 783 757 18 503 573 744 775 2033
35 634 575 628 740 660 609 648 1944 754 97 656 1959 2012 11 2001 620 48 17 603
525 1908 536 1988 828 1902 503 515 531 795 441 565 1912 834 1917 464 559 1895 435 1859
1435 1505 1497 1560 1487 1444 1450 1553 1421 1534 1461 1579 1375 1603 1544 1573 1551 1438 1374 1511
805 818 1938 428 425 435 524 1874 846 468 471 501 436 560 806 1879 793 536 830 842
1601 1742 1790 1807 1786 1794 1666 1725 1495 1830 1695 1554 1689 1775 1737 1815 1637 1498 1609 1664
33 647 94 625 1938 2008 1936 98 672 624 682 703 2010 1934 664 58 577 1946 1887 1926
602 752 1892 42 1894 25 608 673 661 2056 1937 0 740 1924 1891 704 732 654 595 16
