399 424 1158 418 422 447 1141 380 1098 1267 1135 1159 1287 429 387 1089 1291 1162 1171 1095
470 1333 1355 485 585 529 484 546 1299 562 1360 1361 505 494 584 625 1197 1304 536 1218
421 1275 425 430 1246 424 1247 440 394 395 1242 1241 420 1260 432 399 439 1258 1254 406
126 972 993 63 959 883 166 999 103 36 1015 142 1020 55 125 52 147 105 957 45
203 1074 1090 1072 1010 232 188 238 1064 1062 1092 1016 282 1030 225 198 1039 1067 180 211
1307 1335 1383 619 1334 606 1253 568 608 1231 1328 1216 1381 1379 531 1227 1247 1385 549 1336
59 833 888 32 973 999 964 43 801 917 995 896 793 858 864 72 60 924 845 52
732 787 698 725 74 829 27 739 693 724 73 822 789 70 705 50 780 773 694 815
299 1185 1092 1095 289 1085 1097 383 1200 298 1041 1032 356 1086 296 286 1160 323 1027 301
1263 1289 1307 1228 443 1305 1283 415 1250 1233 1280 536 448 1288 1243 538 1278 534 444 429
595 1344 613 1390 576 1397 1314 552 1320 464 495 1321 1214 536 1221 556 458 1229 1387 566
801 877 896 757 60 35 754 898 69 26 3 835 58 83 947 846 943 768 959 860
119 996 965 163 55 968 947 1002 984 149 49 1004 946 107 106 155 64 150 61 917
518 1299 474 578 1373 1237 603 517 1257 1288 565 618 1218 1306 481 597 471 498 1328 477
632 1327 1314 1366 690 1432 478 474 1417 660 467 576 1215 491 626 1364 1419 598 1363 630
1398 1420 1378 621 570 1381 627 1409 594 604 577 588 633 647 582 552 572 1400 557 579
483 1376 1348 1396 577 1352 580 1429 1378 569 1204 487 525 605 543 622 1354 1314 1344 1397
448 466 1354 1346 1309 372 1347 1210 1202 426 370 1292 1193 463 1220 1320 499 1244 371 1323
551 1420 579 1380 489 1353 519 1227 1349 1399 1379 1383 634 587 1354 1391 1419 1325 493 621
568 1329 1430 591 1426 615 533 1310 1333 1229 1364 1211 479 503 617 539 1361 1226 638 1343
141 1014 965 973 207 963 124 116 1002 939 200 943 123 967 223 154 1039 203 955 1030
607 1370 1344 505 606 574 493 523 1224 510 527 1333 578 1366 639 641 1336 1306 455 629
292 1075 1025 1026 217 368 207 285 1178 1037 305 1090 1073 1028 289 242 1032 283 212 194
173 998 136 1040 189 104 971 1047 1032 943 150 182 976 977 1024 119 129 117 197 1039
57 980 884 172 112 159 165 779 188 865 55 810 177 180 25 74 92 830 68 895
46 876 957 33 905 43 854 891 62 42 810 56 28 804 782 792 888 2 8 32
713 781 670 708 47 756 683 39 762 755 78 809 680 824 42 778 735 782 715 689
189 1003 1072 980 164 973 123 190 1015 165 1032 153 117 163 1008 1048 168 204 1055 1060
225 1101 248 377 206 1120 373 233 218 1130 215 263 1034 200 265 287 1084 221 403 1104
64 986 1012 799 61 875 935 881 115 167 41 1010 33 134 57 80 961 810 143 37
619 1397 627 567 655 649 584 516 643 1404 1301 539 1345 1412 571 1428 536 1395 537 1344
525 542 1332 1230 1363 1425 1232 1300 558 1316 579 576 1306 498 1354 1236 1391 1294 1429 539
363 1198 1077 1193 1082 340 496 1200 315 487 1199 484 359 1169 345 495 302 336 325 1217
1355 1373 573 1357 546 469 537 1229 542 1336 1353 1312 1319 486 494 1384 1339 581 475 1332
4 818 782 888 16 38 798 64 811 18 852 0 851 36 14 10 829 827 872 804
517 1217 1231 1335 570 1230 522 496 475 1390 500 1322 566 541 558 1331 1309 516 499 1294
288 381 270 298 1160 212 1169 402 234 207 362 408 1084 259 312 1170 1085 1145 1194 398
303 1026 337 289 205 1187 1090 175 1060 1053 1042 319 168 185 1073 355 308 210 231 163
585 1314 593 622 1398 619 1370 1420 469 604 625 1378 1372 1346 610 580 449 479 572 1212
457 1240 545 1264 450 1211 516 1230 1310 510 1327 530 1347 1255 1248 1293 1290 1294 480 1313
1372 1401 576 1396 592 597 601 1227 1384 599 610 1308 606 560 1377 600 618 1336 1310 504
204 247 1115 218 216 1033 230 286 1104 1125 1096 244 294 1003 195 242 1105 170 1026 198
513 1213 1236 1352 1303 465 1309 1332 1187 564 1292 516 566 454 515 495 571 1315 555 544
72 931 811 932 973 47 885 983 879 978 123 130 805 905 128 809 888 93 787 915
329 1057 191 1044 1064 199 1045 1028 347 1063 194 1034 1073 330 1069 1038 312 355 189 183
512 565 1421 1355 1338 1380 483 1399 1333 627 1237 1305 1367 1396 591 1294 1334 454 1337 538
1326 1352 1308 576 1318 1206 489 1214 493 507 599 1388 591 1236 1237 562 1321 511 1379 596
184 1058 1067 134 192 212 1041 996 309 978 1055 1000 1042 139 157 305 980 210 130 148
1032 1042 170 138 1074 175 195 139 183 146 297 182 1063 137 207 224 1044 1029 1031 172
1383 1425 611 1334 600 613 1310 648 555 624 1350 500 1318 628 521 1415 515 599 642 537
571 1350 534 598 1414 516 1320 606 1222 510 1321 1379 1356 1381 465 595 486 1313 483 570
338 1054 1033 324 312 321 296 319 301 310 189 1024 1055 351 1066 1072 178 1064 200 1036
1230 1293 1325 1214 518 1257 478 553 428 515 486 1321 1233 1308 1297 527 1360 539 467 1341
211 229 1013 213 1079 1078 253 197 210 1110 285 224 235 193 241 1002 1098 1071 268 1102
320 1050 1051 1035 1063 356 348 330 1028 1048 194 1061 1036 199 1070 1033 361 1072 303 290
601 1359 538 608 1215 1343 1213 527 1328 1322 485 659 647 1311 1319 1377 631 501 1219 615
375 401 383 1093 353 1111 407 449 1107 403 1178 294 395 408 1166 1089 1149 290 286 418
132 983 152 1009 971 179 931 109 880 141 171 54 1018 193 1006 125 49 51 191 147
1027 1069 157 1030 292 290 152 298 1001 131 183 1046 323 224 1068 1085 303 231 1004 1057
202 1071 325 299 1065 197 291 226 199 231 997 350 364 183 194 1088 1023 249 1066 218
1052 1065 320 349 177 330 292 304 309 303 180 311 1066 322 181 1064 1081 1082 343 193
351 367 396 388 1090 1177 1188 291 1196 324 300 1078 321 330 1207 1161 301 365 375 345
644 682 1421 633 716 583 723 584 665 641 646 1425 622 618 1404 608 631 1408 1419 1407
146 169 188 126 971 1040 122 983 141 173 120 1020 974 953 979 109 115 962 965 1017
470 518 1220 1190 502 1358 573 1300 1315 455 1243 1349 512 1301 566 1224 1228 473 532 1207
64 76 37 938 61 957 39 38 87 920 965 804 815 100 919 110 67 898 871 956
300 333 332 1069 1081 338 327 276 356 366 1191 302 1184 1055 298 1034 1086 1180 318 1043
1334 1353 624 482 499 454 1220 1392 574 551 469 527 592 1352 1302 522 579 1325 518 556
139 1025 209 957 186 300 112 144 1073 1026 1072 953 178 172 1029 1043 1016 130 954 168
380 1191 1100 291 1212 1165 1174 276 346 354 1195 1101 306 1089 296 485 1088 282 287 412
762 813 831 800 45 793 757 880 20 779 786 804 841 38 37 765 25 778 788 742
242 279 385 373 1162 257 1074 1095 1108 304 229 200 276 1086 289 214 1110 270 206 201
832 878 812 820 15 802 42 23 57 800 957 981 12 792 883 808 810 69 835 871
218 1093 212 1118 397 1086 263 1105 264 373 194 208 1126 1089 292 381 1137 192 1130 1023
163 203 212 199 991 976 1045 142 226 1084 160 247 128 1033 195 968 117 185 1000 1036
114 131 80 99 73 191 995 930 927 947 978 94 190 142 168 918 181 985 901 120
367 379 371 446 292 449 359 388 386 442 409 1157 1104 1198 450 1174 1207 1169 400 309
455 1361 1244 1184 506 1362 582 1351 1323 1347 1215 1389 527 533 482 1316 1392 1240 499 471
50 913 102 867 78 907 61 833 811 808 932 934 991 937 780 898 823 96 876 986
483 1204 1345 480 1366 1368 499 1197 472 1315 1378 1311 367 1232 1335 1208 1221 1331 464 1364
536 1240 1288 455 1360 542 1286 1287 1329 492 587 580 1390 1388 541 525 552 1408 497 1344
674 702 669 700 687 678 684 680 740 645 688 689 727 690 738 707 650 652 743 630
576 619 595 536 1420 544 1340 1399 566 1338 578 648 588 623 1376 574 665 1413 666 1326
312 360 1179 1068 385 1052 1028 355 305 316 1054 337 375 310 383 299 1072 292 1178 372
888 934 960 893 991 95 122 823 97 906 99 48 40 130 834 86 802 922 980 882
966 1011 949 138 1030 889 135 67 39 151 206 948 988 29 30 960 930 215 1021 61
483 1325 506 1190 551 476 470 1357 630 502 514 546 469 1235 608 1232 1315 1384 463 449
12 823 805 837 830 47 26 847 11 797 849 34 888 834 32 22 59 829 27 832
622 669 1347 1315 631 648 604 700 1342 614 574 704 725 592 1411 1312 716 1383 723 1424
131 988 108 127 962 159 150 896 167 984 130 138 58 1002 49 68 932 964 50 153
1304 1354 522 605 1344 599 1296 1345 523 1247 1308 459 472 500 1228 1287 1235 446 1373 581
1237 1252 1234 1246 506 509 459 521 1240 524 1345 436 448 549 510 431 1270 499 1315 1225
700 712 769 777 718 647 674 729 672 746 785 739 751 694 782 665 753 779 655 737
26 797 41 838 763 792 957 798 760 69 71 20 68 861 22 883 32 5 779 752
1039 1055 166 1024 1053 1025 323 193 328 1070 1006 169 188 1041 185 199 215 1019 326 1030
333 1069 208 199 1086 192 321 306 1078 286 1045 1041 342 337 194 204 1048 316 304 327
54 887 913 64 39 75 89 910 942 907 82 896 927 120 947 964 31 796 865 121
487 1353 447 1193 1208 1194 465 1389 1349 510 1311 451 467 1236 1361 1203 446 1217 527 1302
1292 1308 1312 1316 541 573 1217 612 540 1335 1229 1315 1221 1211 510 458 558 1272 529 485
541 587 638 1330 1367 602 505 1384 631 576 1222 1388 1373 1310 1325 1336 1229 512 1359 1387
121 130 115 949 178 188 94 898 179 960 171 177 119 120 1021 152 145 136 969 105
1312 1322 546 576 483 629 1367 524 1360 1375 1242 485 1378 532 1290 578 579 554 1239 446
232 1080 312 234 293 1070 356 267 354 1081 215 251 222 218 230 1087 311 229 225 269
133 942 69 993 122 995 41 964 184 991 141 1035 115 108 99 73 42 104 38 179
110 988 59 76 945 147 948 955 95 986 896 173 917 940 964 919 894 983 184 947
508 1366 1357 539 1341 1239 1356 471 1390 1388 612 572 617 1377 620 569 566 474 579 616
490 1229 1340 1352 471 477 552 1291 1354 1381 480 1307 524 486 513 1221 1337 540 1239 464
357 1188 349 365 1205 303 1077 324 1195 348 304 341 1219 1063 291 335 297 387 352 292
623 1299 610 494 598 1382 661 470 1267 574 1319 1316 501 1433 1250 586 486 461 1374 496
160 194 976 987 200 183 985 221 117 949 1054 944 116 1075 185 1009 1006 959 187 971
873 940 826 68 898 949 82 45 939 867 835 837 950 128 79 808 99 15 866 960
1007 1020 1031 170 164 185 182 224 205 174 214 218 984 147 227 140 1045 215 211 1035
98 931 46 990 105 79 905 878 909 922 78 960 122 993 915 897 881 943 37 961
52 76 81 947 831 970 799 120 972 127 794 89 833 119 800 784 786 128 938 780
560 614 550 588 514 1349 1340 1346 581 1411 619 607 1407 511 528 1312 1309 577 1300 1303
292 1092 227 1110 350 1028 1080 1172 271 275 252 261 288 402 362 1170 268 217 1117 302
144 1016 984 1002 138 224 1012 1021 975 148 109 142 945 120 182 983 952 108 1047 206
1228 1366 1306 481 1218 1207 578 1234 618 1334 1315 445 561 1321 1216 567 1336 1332 1242 1215
147 167 1012 181 116 952 962 974 975 168 991 176 1031 111 945 948 145 114 1036 942
56 114 88 814 36 112 826 57 145 94 899 900 882 817 156 866 115 876 950 916
972 1000 953 964 159 193 182 1031 882 974 1004 168 986 968 139 30 192 109 57 43
448 480 1246 1298 1236 484 498 459 1322 1365 1228 517 455 377 512 506 1206 509 469 1364
58 866 10 898 947 986 114 943 78 989 955 23 924 988 914 949 984 942 868 9
452 1316 1361 629 601 513 1357 606 1351 595 457 603 476 567 367 516 1300 442 1230 1301
1383 1428 1364 579 602 1378 569 1407 1363 1315 1418 577 623 620 648 653 1316 547 504 625
789 807 890 838 828 716 723 776 44 892 714 826 869 54 14 811 0 21 815 764
52 839 81 975 115 849 807 966 989 50 942 5 994 782 78 803 6 34 41 873
576 1335 466 526 624 1368 1392 1307 1304 1365 1328 1331 618 461 1380 610 582 522 483 642
426 1260 1294 1254 1296 1269 1279 433 447 424 416 442 1265 414 1298 393 408 1278 1273 1289
806 822 37 32 764 848 11 824 878 783 23 798 815 40 832 872 826 855 36 833
573 1360 463 552 456 484 465 600 1217 526 636 488 1374 1387 1335 1314 512 498 614 1309
230 256 272 1107 257 1124 196 269 1079 200 213 1093 212 261 1092 273 274 267 1132 233
36 886 987 52 982 61 942 961 67 971 816 4 958 884 888 73 810 49 872 931
40 900 883 987 833 61 975 19 94 63 991 52 896 889 942 114 2 840 62 77
1206 1315 1353 1235 496 356 484 1189 559 1365 483 1238 1343 1382 619 1207 1372 475 1314 1242
21 848 797 32 853 877 882 811 871 867 798 36 788 814 23 843 809 820 2 9
572 1341 497 1405 540 1324 1323 476 1425 490 545 1412 1418 579 1373 577 496 1410 1310 461
251 1114 233 1122 397 1092 228 1120 240 1079 1141 1130 217 1131 1134 1150 264 293 1123 285
7 29 848 62 951 54 20 865 862 22 857 53 832 24 960 48 784 843 815 47
722 754 668 705 699 690 785 764 673 734 775 811 793 728 667 768 718 790 726 784
899 927 939 90 103 941 876 913 882 68 874 985 124 105 888 968 64 918 120 94
67 971 954 170 946 782 904 798 780 90 1004 775 132 815 983 176 936 990 939 38
803 815 778 11 7 52 783 788 885 877 44 828 847 820 763 777 871 836 787 883
462 1334 441 455 1380 518 613 534 582 1384 1216 619 538 512 513 498 490 475 502 1324
45 841 781 67 797 858 785 30 31 901 851 829 938 890 930 35 844 836 49 782
630 1422 1329 1317 1322 1316 684 669 591 1328 563 1430 636 607 651 1389 649 661 635 565
381 1164 408 1088 288 406 1193 389 1137 278 1078 1079 1155 1150 273 440 1096 388 1105 384
389 1152 1150 1156 435 1097 379 399 1183 1155 1086 390 1149 1167 1171 1176 412 1133 1164 1135
383 1151 362 443 1129 1094 272 392 375 441 374 436 364 395 1172 446 1187 1085 1101 1173
452 473 1346 516 1236 525 498 1366 442 1359 1182 1197 462 1229 1194 528 478 438 1330 1323
