1026 1492 924 973 1003 902 985 1421 865 1032 1560 1498 974 927 1477 869 1024 1018 966 1528
1254 1428 1495 1258 1344 1416 1197 1285 1300 1306 1491 1201 1355 1372 1482 1364 1365 1291 1331 1471
871 1594 1043 1522 1000 856 1527 1571 897 1480 1541 1520 884 952 843 882 737 984 735 731
943 1517 944 1512 1470 1005 911 924 1528 967 1499 1054 1601 900 1028 1033 884 1040 988 1034
638 648 1050 599 1115 1532 734 1065 705 1574 1059 865 1129 1055 1074 1127 680 678 1079 636
555 594 502 456 595 510 505 478 630 540 637 506 479 627 503 622 432 580 1107 504
784 827 780 851 894 819 707 778 760 876 792 699 679 646 660 776 748 821 801 830
228 242 243 431 379 424 422 28 349 271 1651 283 346 345 338 27 223 342 19 204
748 812 835 767 747 695 757 675 673 759 736 733 708 818 685 809 758 774 843 741
113 1636 1616 50 225 233 158 157 196 191 1637 229 137 1615 7 1621 53 230 25 998
650 1081 834 601 1051 606 653 632 622 1087 1130 826 1044 1057 1110 1102 681 827 1069 1551
897 943 837 1034 888 1627 825 863 1574 935 980 1492 921 1599 909 1493 1588 1575 1058 855
1193 1220 1351 1203 1313 1293 1154 1147 1290 1191 1225 1199 1252 1287 1152 1173 1245 1347 1360 1291
643 1562 757 856 990 1603 641 671 739 1528 710 705 1527 1007 1100 1555 832 748 909 1601
255 455 242 438 386 357 392 426 220 526 439 540 555 490 282 221 513 212 491 429
891 958 877 1505 1561 1553 881 833 1475 1568 839 836 1534 1488 1609 905 1562 1025 1537 934
656 689 681 618 793 757 657 665 674 756 733 700 1080 616 652 740 1062 1097 739 753
631 844 600 885 1075 643 608 1066 1561 897 712 639 853 1041 1537 1085 1069 1547 902 628
866 1063 820 934 1084 832 673 1543 920 925 1110 991 823 923 834 637 1561 609 890 1027
188 1613 204 936 45 170 1603 136 232 866 211 24 51 189 50 179 113 977 906 1013
947 1609 1511 857 1603 1607 1569 1023 159 1531 1605 893 1475 976 1022 15 139 132 1636 1629
857 943 1544 956 949 1612 921 930 925 923 1615 1503 1090 842 947 978 969 1628 941 834
871 1544 1582 1506 864 1537 926 969 933 1013 1540 1002 938 917 1590 1507 1529 990 1017 931
886 943 857 1027 873 1018 1597 824 904 892 1595 965 936 959 882 1594 908 812 1026 1509
937 946 926 1591 1470 1018 1601 983 865 871 1534 897 1504 850 1561 142 856 136 933 844
64 1643 76 1651 1647 180 182 238 1646 153 31 87 177 219 969 982 220 98 999 152
652 1121 615 731 751 625 1128 1103 624 1095 754 1052 839 767 601 713 846 614 1125 746
222 371 205 199 237 354 42 1651 238 442 1635 214 206 381 449 376 321 182 383 228
824 883 1517 694 1035 1590 840 849 918 742 1598 919 949 781 1520 853 1067 660 1062 916
515 552 561 591 487 524 517 437 466 455 468 562 443 500 502 510 497 494 475 457
188 991 1620 1571 168 1591 125 191 1564 1637 1618 924 1011 944 943 1037 885 1594 218 1499
1369 1402 1366 1244 1233 1299 1422 1211 1318 1297 1374 1213 1303 1328 1256 1255 1452 1360 1266 1462
973 1520 1550 1499 1464 1511 960 120 1615 1541 929 1017 144 881 1491 977 966 1019 105 1482
880 899 1598 1597 1012 846 961 818 1554 727 1524 1489 1488 820 1491 1485 879 1051 1071 729
470 518 527 567 432 510 529 572 569 528 473 505 562 504 363 494 364 565 431 541
1622 1634 163 170 223 2 171 949 8 66 1642 945 0 29 183 1615 1612 1616 1638 24
706 736 701 645 847 842 618 858 837 855 651 710 807 664 1559 794 647 739 1102 1117
1017 1510 1488 906 858 1573 1520 875 907 917 1003 1551 1506 948 1500 986 1596 1622 1438 947
246 289 198 302 272 347 239 362 321 241 281 369 381 399 268 382 395 252 304 430
628 1113 670 1063 713 604 668 660 626 651 1057 1092 1145 1078 669 1115 1142 737 647 609
1220 1371 1186 1362 1205 1239 1438 1257 1289 1242 1263 1409 1228 1367 1194 1235 1315 1249 1339 1383
434 448 431 222 427 298 349 281 373 575 521 544 265 494 581 527 490 540 243 213
663 1116 1081 608 599 651 695 1071 751 1058 768 1138 690 830 1118 612 841 1113 684 770
443 498 532 360 222 556 436 545 365 446 449 535 480 442 495 371 358 513 227 577
1467 1517 849 1427 1325 916 891 1587 887 1456 1581 1533 972 1584 982 1036 1592 1420 968 1006
920 1053 1515 1094 1509 892 1568 1605 950 907 982 1009 995 1609 1006 1545 1567 926 957 1522
214 251 341 424 383 381 238 422 284 37 1636 39 372 434 440 273 382 345 385 200
781 804 802 740 700 758 786 676 710 807 751 683 806 657 702 779 741 695 819 749
295 327 425 321 279 404 409 406 332 427 436 397 253 334 405 346 323 430 326 434
113 1645 86 96 8 106 1625 145 167 232 207 1620 1636 179 76 79 229 124 1 82
1022 1044 1521 935 1023 1518 1056 1072 1474 832 978 948 1609 827 1489 1490 987 914 1607 1567
730 1114 1094 641 591 848 1076 719 1067 857 1087 681 869 633 717 625 647 683 1110 873
1002 1611 1498 939 167 130 972 936 1505 903 932 944 141 27 907 194 1485 1636 1597 147
922 1002 897 948 1481 1536 3 974 919 1606 881 1476 903 1493 1612 184 1001 1540 860 44
655 770 672 634 639 762 746 727 718 786 677 795 823 750 764 667 766 843 747 737
1246 1308 1437 1353 1438 1201 1462 1383 1339 1234 1283 1350 1232 1250 1342 1297 1394 1424 1401 1267
1461 1490 968 977 1323 878 969 1309 1308 1381 1486 941 1448 973 990 978 1386 879 1046 1030
1258 1274 1436 1413 1427 1284 1399 1326 1295 1382 1423 1420 1251 1253 1281 1352 1322 1351 1308 1447
873 1517 1467 1002 1602 1548 825 1510 1037 987 1005 982 1494 826 875 1033 999 1535 974 943
1434 1451 1277 1350 1432 1363 1351 1299 1342 1369 1295 1514 1483 1367 1278 1357 1436 1331 1423 1364
851 1578 850 1511 1095 852 844 1092 885 877 1535 646 822 1061 640 734 1027 886 1524 881
1238 1391 1347 1272 1337 1377 1450 1363 1418 1284 1397 1196 1224 1420 1326 1356 1310 1339 1230 1210
1392 1412 1434 1422 1338 1439 1244 1304 1311 1418 1457 1254 1463 1263 1435 1310 1221 1261 1351 1383
863 1080 720 1120 1512 1518 1056 727 862 715 1581 1474 834 991 1481 630 907 833 1598 870
1228 1427 1345 1360 1383 1290 1352 1255 1321 1317 1358 1399 1322 1495 1334 1484 1447 1316 1251 1354
872 931 822 1037 1058 1034 1628 955 921 875 1077 1006 1582 1606 1007 1056 873 736 729 1509
953 1592 871 842 1582 1007 1513 1603 844 1563 977 1560 999 1018 1008 855 1012 1004 1581 911
831 892 836 706 857 726 738 1017 1080 792 809 797 1544 919 1074 843 918 957 1027 1057
879 1573 1556 1570 1562 975 862 1496 988 717 1043 999 951 863 1040 1021 1076 1065 1004 1051
1051 1576 853 1016 650 641 726 857 961 1030 1503 931 1560 1559 735 647 1525 829 870 927
1130 1150 1084 1151 1124 1188 1100 1089 1096 1161 1107 1138 1177 1199 1180 1113 1139 1123 1114 645
869 1489 1420 989 1409 628 1040 1475 1528 1431 1471 915 926 1492 821 640 1009 1029 1504 1021
968 1517 862 923 1500 1463 969 1555 1458 938 962 1579 885 886 896 868 965 1010 1534 980
872 902 1612 862 996 930 1545 1472 642 897 978 876 957 1502 1546 1603 946 1500 1582 849
35 204 178 49 19 175 236 214 213 228 10 1609 368 1017 249 141 244 11 156 168
34 230 214 195 238 433 184 194 359 1642 430 1600 1007 1001 234 426 45 232 985 443
262 420 438 255 419 446 247 362 235 240 443 375 426 382 225 282 293 296 252 409
1209 1227 1384 1335 1278 1260 1232 1258 1286 1387 1252 1271 1424 1356 1275 1238 1244 1293 1416 1360
884 915 1556 1468 986 1476 1548 934 1596 964 1606 1057 1538 1562 1054 826 973 1059 880 1561
739 1059 729 843 691 684 920 1088 644 761 1058 820 775 1118 698 867 1565 1533 824 1067
742 816 791 764 747 651 773 1101 649 831 887 688 812 706 827 1089 624 1082 896 802
214 240 219 217 239 202 449 52 211 429 247 345 346 1644 353 339 6 235 1628 421
607 1111 652 1101 611 1136 1053 639 617 1077 741 717 586 732 1066 1068 634 638 636 1146
624 1099 1053 1117 711 847 636 743 748 1103 633 1078 642 650 1060 1046 720 1101 1089 1093
116 1643 174 55 74 182 136 30 162 217 142 28 995 164 1635 961 140 89 1631 968
851 1569 1076 1579 1086 843 1535 930 860 935 1600 850 1608 1554 1567 1575 1096 1580 1592 1511
686 727 695 650 841 821 1556 1105 1567 603 604 1086 814 1111 848 707 721 1113 1557 798
873 903 825 818 1074 926 852 1066 732 910 861 1525 1588 1472 941 964 1083 906 889 905
1203 1249 1400 1318 1316 1406 1389 1234 1233 1295 1377 1212 1214 1239 1350 1178 1171 1265 1222 1224
999 1603 925 1548 894 176 1633 1597 1043 990 119 1496 1045 46 17 115 53 154 60 1540
948 980 1478 998 878 946 997 1501 1534 183 1001 1011 1596 1474 1529 55 36 994 969 872
662 1093 767 609 820 638 1052 647 624 837 780 731 766 750 605 1108 663 614 850 675
908 945 920 1622 891 976 1600 995 826 1472 895 1540 1612 836 1599 885 1066 1492 912 938
696 786 659 728 705 714 662 648 809 819 791 707 720 655 658 718 703 752 704 717
582 601 652 1106 570 622 1101 541 434 1083 567 431 733 1114 1120 481 561 1117 1109 538
6 126 223 986 1611 989 1606 142 1618 218 228 0 141 189 1000 196 64 132 1625 20
1611 1631 957 1650 28 1569 215 66 36 1573 75 962 23 1623 49 1030 1589 995 1565 1635
1392 1443 1347 1421 1338 1256 1304 1397 1292 1462 1267 1399 1386 1406 1499 1280 1428 1263 1408 1409
1551 1604 1038 989 983 139 966 1508 939 1026 949 1001 997 1584 970 854 728 1559 868 848
1304 1388 1315 1302 1268 1297 1280 1374 1384 1343 1356 1397 1246 1285 1368 1295 1264 1413 1218 1274
999 1622 200 934 1602 1576 893 1592 1580 121 1614 63 118 1510 1647 1008 1002 40 911 176
951 1563 981 1565 1073 731 1547 1051 1557 976 993 953 988 1578 845 901 1517 1516 963 861
311 405 288 376 341 369 274 383 358 375 400 382 276 295 409 280 292 348 320 363
433 550 490 546 293 519 236 298 577 505 343 350 471 348 503 216 570 271 234 276
914 1460 1545 1040 1431 1014 1463 1003 919 1435 1059 1044 1320 1440 1053 836 1408 1028 1383 1391
606 657 596 786 722 1084 662 713 790 1076 638 748 590 1081 792 729 613 707 1065 685
1308 1389 1282 1446 1417 1335 1447 1254 1461 1306 1349 1350 1245 1394 1416 1395 1427 1296 1424 1289
1526 1604 1051 867 983 988 141 895 1508 1478 1540 1567 1570 1030 1630 1071 15 30 948 1522
914 1484 1592 1469 1429 877 1504 1500 1398 1422 1482 1606 1012 1058 1611 954 1495 1481 1001 893
937 1515 979 1000 966 1495 138 917 1537 984 1485 996 880 995 933 1557 1018 137 1442 1505
1028 1502 1518 935 1618 869 1044 1461 973 993 924 976 1459 1469 1432 954 965 1517 950 1007
622 1101 679 724 1103 1058 634 1090 1117 852 839 643 1076 1105 1137 647 658 738 1050 1107
993 1504 17 937 1609 14 133 52 1534 970 849 875 1543 1026 137 892 189 1472 1018 126
871 1477 1521 836 1530 888 1084 1020 1566 948 834 951 995 863 866 1579 1030 1493 1027 987
105 126 1001 163 23 196 975 168 1 43 38 194 185 47 51 70 198 175 983 3
941 1017 882 862 972 1583 1567 979 1510 1047 875 133 1566 1528 929 879 1507 952 1020 931
843 1540 1082 1072 1605 618 713 667 1498 642 820 911 1548 1591 815 1027 1575 940 905 863
1415 1462 1469 1364 1466 1342 911 927 920 1424 910 1388 1378 1325 1265 1480 917 1433 1406 1448
231 433 295 549 303 547 584 364 354 234 257 377 180 375 185 571 347 553 209 53
873 1019 1055 1014 895 1036 957 1588 824 1562 736 1632 1072 720 1550 996 979 934 1596 1537
165 972 169 1488 945 179 1588 1007 975 1016 880 174 51 922 1639 930 1622 976 131 1000
289 356 480 361 222 475 347 471 472 358 287 283 209 208 338 260 238 443 552 479
1314 1435 1249 1330 1433 1387 1447 1339 1411 1229 1262 1344 1429 1333 1470 1294 1469 1415 1502 1478
863 929 1019 729 1532 1472 1086 833 1494 625 916 1523 1067 1606 997 1003 1515 735 1548 858
1016 1511 861 957 1586 1496 871 42 1025 1442 1508 1454 970 1512 1447 889 946 1622 991 1593
927 1489 1402 940 915 1453 1442 950 1474 941 894 1570 899 984 1470 1479 1469 919 1445 1559
905 1474 1593 1442 1546 1605 824 936 1583 900 1438 1581 922 1543 908 1515 1537 1029 1028 1617
1328 1382 1314 1350 1293 1257 1229 1306 1288 1402 1355 1215 1263 1397 1401 1234 1441 1445 1305 1228
255 428 359 373 338 364 576 475 273 213 248 240 578 564 372 209 379 269 419 324
632 1113 595 846 721 1560 718 1058 643 640 1045 860 1130 1140 1134 715 1538 1124 1089 1055
1372 1459 1488 1222 1509 1412 1272 1519 1376 1347 1260 1389 1402 1401 1305 924 1505 926 1523 1394
925 996 1506 852 21 29 140 1026 1597 1023 1038 1622 953 54 1609 20 1544 1526 1048 53
718 781 764 798 1104 1064 711 780 716 808 805 1070 676 740 705 685 692 642 678 819
845 1544 724 1017 1561 906 632 1052 716 665 828 859 860 619 958 865 656 911 887 884
723 1097 1117 747 835 626 743 844 1043 753 1094 1540 719 1056 1116 1074 1077 606 707 733
1096 1134 638 722 1161 723 610 661 598 1179 718 1102 669 716 1123 655 645 656 1058 672
627 1056 725 1026 646 871 684 825 1038 738 1079 906 880 1548 822 1025 1581 731 1110 1054
543 555 495 448 450 428 585 518 592 519 534 355 358 567 361 457 483 458 491 456
403 419 300 423 363 266 367 268 357 304 409 353 238 298 376 334 392 271 337 391
885 913 936 865 968 1053 984 946 1526 852 1009 1535 962 855 1035 866 1539 895 819 1018
1013 1536 840 994 1526 846 1502 883 1599 1582 1487 842 1082 1634 1520 907 1630 1000 1060 1473
1283 1331 1318 1231 1443 1329 1384 1451 1402 1342 1464 1316 1248 1366 1381 1343 1410 1252 1438 1420
872 1077 1565 619 1536 1474 724 1504 1575 1039 1543 1501 1475 744 1495 1035 711 627 1080 1094
874 1606 965 876 134 1057 984 1481 881 836 910 1024 988 980 1056 1084 1563 1041 909 833
1253 1274 1206 1295 1225 1235 1447 1353 1325 1338 1287 1417 1252 1228 1221 1217 1364 1368 1214 1203
492 524 503 560 458 527 573 448 564 526 475 570 478 444 440 541 508 479 546 437
1325 1356 1418 1394 1448 1266 1256 1317 1457 1360 1476 1222 1245 1323 1386 1403 1253 1411 1252 1213
868 923 1053 1561 945 949 1618 1083 832 1040 1471 857 635 1584 1001 844 866 1545 843 1463
651 742 653 726 1085 647 690 620 815 644 716 812 836 624 604 642 811 750 1088 741
12 1009 897 46 1028 926 1631 13 948 1527 32 1574 26 1587 52 986 25 1492 849 978
