636 651 911 913 915 673 234 888 620 938 588 252 869 657 240 601 878 605 883 631
11 977 962 694 687 953 35 179 934 19 909 685 697 895 851 5 717 18 974 680
264 641 867 905 310 651 941 915 230 871 645 244 267 662 661 627 908 258 637 658
180 754 775 208 100 143 60 1022 112 194 137 747 757 43 790 787 863 148 745 826
51 73 1010 145 723 728 115 127 160 110 755 748 772 760 976 67 120 25 6 136
92 155 178 162 95 993 146 104 750 795 66 176 166 997 120 156 112 47 89 125
721 738 998 711 1010 694 65 994 695 751 29 732 160 74 78 91 859 707 41 699
358 431 381 366 368 437 447 467 324 386 337 342 388 329 433 418 407 470 328 379
696 718 995 729 11 32 38 1004 1009 736 688 710 10 720 698 0 69 713 1017 1
168 980 829 54 991 767 751 997 802 998 799 75 158 784 173 193 73 996 813 758
639 911 961 905 600 282 297 284 296 256 860 901 239 295 928 926 309 856 867 316
252 271 913 256 657 848 232 958 653 243 231 226 933 618 905 297 864 276 947 288
50 728 990 84 160 699 62 745 51 1005 39 746 690 175 1004 744 981 99 45 60
225 621 843 940 885 913 844 252 281 201 194 646 234 608 637 964 494 265 640 277
35 749 33 689 764 164 682 989 711 1000 679 683 704 61 125 102 1026 168 124 0
171 854 169 651 76 216 32 985 250 665 208 210 29 289 613 816 156 809 819 54
486 508 327 504 540 525 498 497 526 310 528 499 468 494 522 517 496 314 476 323
638 857 905 241 261 214 882 669 218 317 201 9 173 257 176 909 648 894 251 185
369 408 448 326 394 410 337 438 431 393 390 428 447 366 363 338 362 382 422 329
53 993 694 89 744 1023 1000 128 132 81 716 113 121 773 714 0 158 124 79 70
885 917 635 875 26 12 650 2 866 867 868 206 874 887 234 918 245 217 955 948
497 506 537 472 473 488 322 470 474 520 624 477 493 491 468 620 514 523 492 484
406 416 352 435 385 382 448 383 456 373 378 393 415 404 452 433 371 425 367 419
11 883 629 626 202 864 217 7 915 860 203 857 954 189 20 846 688 921 981 2
602 635 293 316 960 661 872 871 241 215 579 232 587 578 299 612 603 849 298 955
326 337 376 297 486 489 371 300 367 490 378 356 308 370 298 380 374 375 385 339
42 55 767 120 719 114 91 129 996 25 116 695 17 700 163 688 717 1026 752 1017
125 761 145 115 162 80 124 172 84 168 151 174 179 75 123 53 119 749 746 786
616 649 659 890 582 634 940 223 873 217 292 584 868 282 629 243 654 864 645 884
136 158 166 118 63 121 64 135 168 59 780 801 52 126 148 119 79 783 177 164
211 610 869 588 854 948 186 607 971 263 235 615 963 264 870 193 853 606 937 857
589 848 837 176 632 604 579 175 169 184 966 185 874 854 618 865 879 31 217 565
96 109 142 60 137 169 171 79 130 63 46 62 771 58 786 744 766 154 73 44
889 913 254 616 908 626 662 934 858 862 947 26 857 645 266 921 870 286 882 261
234 597 205 255 219 218 956 844 872 576 571 224 197 260 857 212 215 852 911 840
94 166 87 1002 742 63 44 165 739 843 45 805 107 751 75 126 180 994 760 104
400 423 396 402 351 443 420 395 452 448 434 410 379 390 462 431 370 457 461 382
106 786 130 127 84 164 119 70 794 81 798 41 90 110 170 774 71 758 111 184
357 405 363 359 388 381 369 346 456 398 454 460 383 407 402 442 372 327 331 436
18 46 905 755 22 101 39 57 901 111 55 725 162 47 767 120 713 851 194 1002
67 990 1018 80 74 978 1010 761 70 715 73 776 733 992 783 82 753 729 162 772
49 691 974 16 746 42 3 129 118 680 23 1008 126 168 77 679 111 740 992 175
179 864 895 856 823 636 908 631 214 184 657 766 641 776 11 983 858 813 852 634
1 684 713 691 972 196 971 35 30 934 926 10 18 988 55 670 979 191 851 705
729 994 94 84 28 993 1006 760 751 31 985 88 689 59 728 730 990 1026 748 44
254 294 900 634 312 304 644 249 864 911 853 256 957 903 658 264 314 861 604 938
93 151 745 100 739 120 998 127 84 48 45 73 786 1002 121 135 79 778 167 1000
531 545 509 542 552 570 501 538 547 534 525 577 574 536 572 504 557 511 502 563
996 1010 991 982 69 736 734 732 1012 728 735 98 1016 993 86 75 741 1011 84 750
629 860 867 583 305 658 222 722 659 910 625 942 181 230 211 273 5 27 887 914
445 454 443 465 419 421 434 427 457 429 381 470 462 424 439 438 472 378 435 383
758 991 992 179 32 993 712 759 137 1009 119 73 755 768 714 64 51 116 134 165
49 1014 4 1016 63 159 742 43 169 1 721 96 28 54 1004 33 165 74 983 109
214 616 838 829 267 197 265 238 663 972 260 870 837 856 181 912 945 862 634 873
430 469 402 434 391 393 378 454 409 433 382 396 359 483 365 435 478 357 500 400
122 781 68 198 71 780 769 169 117 130 763 165 118 154 170 141 201 64 747 787
791 807 107 817 112 160 151 146 126 830 815 99 147 834 778 91 128 800 92 118
785 814 166 173 80 185 818 794 160 755 174 187 815 788 111 65 181 88 82 177
462 477 415 440 482 473 430 427 459 494 450 466 422 405 488 492 510 455 439 449
31 853 883 617 191 610 886 630 847 27 271 187 744 719 209 932 168 54 603 221
966 972 598 202 217 23 985 936 962 613 934 29 970 939 596 943 256 255 238 14
678 693 26 16 940 57 946 955 724 671 668 715 703 680 706 728 683 679 13 53
647 949 280 900 969 629 623 971 17 252 926 859 909 666 888 265 7 625 657 681
123 789 63 101 145 813 804 746 169 747 62 761 129 142 96 113 184 805 66 172
232 251 230 957 598 637 650 886 967 227 605 254 607 912 865 262 655 905 593 653
715 746 1021 708 47 710 132 145 85 1001 142 41 5 114 991 731 115 122 72 143
434 448 373 477 473 418 430 431 377 397 467 363 384 417 360 426 410 401 403 455
207 861 271 268 834 831 269 645 182 651 232 775 731 579 637 877 888 863 262 581
807 821 800 809 794 845 791 805 178 175 803 815 796 808 786 823 164 789 839 166
72 126 123 719 80 749 985 1007 161 114 1026 768 63 731 83 1016 96 995 157 751
559 840 582 207 565 182 598 847 570 227 190 550 546 561 584 211 529 199 569 579
653 862 649 289 854 872 184 202 631 607 883 292 273 938 15 10 664 921 902 644
645 932 608 263 228 305 23 956 620 960 649 635 613 628 3 617 888 904 871 21
223 840 566 904 833 563 213 186 874 619 871 196 627 965 578 558 856 591 810 879
786 801 795 94 115 753 179 118 137 813 98 769 158 825 164 131 69 783 768 80
126 145 122 149 111 153 142 799 156 116 92 761 117 776 89 139 159 150 84 100
622 960 237 247 501 874 898 619 275 259 667 863 970 596 903 238 562 618 849 935
622 907 249 266 22 852 934 579 301 613 489 562 568 646 226 490 893 855 624 603
560 614 582 256 289 656 947 637 635 226 284 251 259 561 650 567 537 276 837 270
291 946 675 229 8 964 234 625 4 5 283 304 630 935 615 276 233 290 22 664
555 590 586 633 204 639 223 616 218 526 593 613 625 529 547 562 532 612 837 569
313 334 311 319 373 483 366 317 365 372 347 356 341 632 383 312 631 377 349 272
809 816 826 167 843 800 784 815 176 163 791 830 845 782 799 837 841 785 165 796
184 762 981 746 815 797 985 63 841 163 185 776 131 846 738 863 975 48 68 834
625 965 576 857 856 303 876 589 593 865 872 307 247 850 249 581 498 649 566 881
345 366 393 403 322 325 428 418 395 347 318 332 377 367 386 412 430 361 435 438
607 856 664 644 864 879 654 283 640 164 26 608 959 273 195 876 19 192 185 34
828 837 190 204 819 227 852 603 826 188 192 601 574 810 202 166 835 824 174 796
52 771 123 796 28 995 791 756 63 189 170 135 997 110 989 12 105 854 106 2
796 827 822 842 767 809 820 162 839 174 779 181 773 836 175 804 158 825 829 156
704 739 74 57 686 731 61 693 49 168 990 724 56 96 694 738 1 160 43 37
561 586 618 201 216 235 536 540 541 248 247 226 615 623 580 197 596 629 244 589
651 871 261 218 854 236 266 295 929 612 890 894 882 863 956 203 883 964 666 277
281 913 640 233 949 654 282 911 280 857 648 653 889 20 880 3 921 6 659 905
292 648 314 899 247 600 907 258 921 303 858 945 311 617 853 260 892 262 233 301
615 968 227 14 266 845 649 936 844 567 600 213 236 256 265 263 980 635 568 212
169 188 877 76 800 164 50 767 758 151 778 769 221 64 744 836 762 852 979 17
264 896 609 251 870 238 260 237 235 223 651 913 280 856 275 17 941 959 949 655
279 941 926 249 307 254 907 855 23 948 22 893 884 252 672 261 879 263 917 914
630 952 281 643 912 951 306 235 14 241 230 583 22 227 8 25 635 871 299 861
239 632 933 629 621 884 264 665 918 293 247 243 650 855 623 230 586 222 306 652
243 879 588 901 857 633 950 888 248 643 213 654 212 927 847 621 875 883 201 878
46 766 980 995 70 999 37 20 174 188 771 96 127 1019 736 187 114 57 92 710
198 588 243 969 973 599 559 6 629 638 585 865 16 240 558 632 210 841 596 181
74 989 108 155 33 746 777 66 46 134 993 91 60 25 1022 759 980 769 974 1018
386 414 412 359 381 405 453 434 417 369 460 330 398 389 385 372 395 441 411 449
802 826 835 167 145 833 785 813 165 815 819 808 788 811 827 155 828 170 790 829
134 751 796 1004 1020 132 43 1012 151 95 171 745 775 170 39 799 36 727 135 793
749 770 1021 989 97 163 999 732 768 1019 794 796 192 773 720 757 37 171 69 791
3 862 32 29 683 952 914 197 655 10 924 213 729 280 963 962 262 948 845 46
49 92 976 144 74 752 22 93 766 16 101 81 739 762 997 700 161 982 29 28
188 830 985 162 798 854 786 11 883 12 789 785 186 815 787 864 201 860 838 805
806 817 788 165 816 176 805 183 843 821 795 784 787 179 170 180 168 828 803 840
232 624 580 966 211 599 575 585 308 968 942 888 645 300 587 636 277 278 897 295
985 1012 171 744 1007 1010 67 27 71 16 997 716 176 724 4 748 44 988 749 1002
182 840 586 784 553 186 559 198 564 812 606 856 603 556 756 156 567 229 579 213
158 786 57 775 750 819 107 764 111 155 123 742 813 794 52 54 162 153 755 174
277 629 939 286 246 591 625 855 888 881 288 253 310 667 298 955 962 944 579 589
31 678 660 729 35 727 708 6 938 988 39 61 941 979 725 28 29 707 688 942
648 926 661 615 247 668 951 643 653 938 614 240 624 229 227 15 302 949 870 282
628 953 298 258 587 287 923 659 247 901 594 272 674 314 967 19 274 280 617 943
28 916 983 990 267 250 899 976 914 49 713 865 870 279 632 873 268 944 695 249
262 292 302 909 650 632 943 860 875 256 659 610 641 276 299 900 315 303 917 231
420 456 428 359 475 381 444 466 389 399 409 455 482 423 406 468 408 371 386 450
505 537 540 472 476 509 486 527 531 491 548 514 570 522 553 487 566 478 510 562
173 770 192 812 52 73 782 802 96 860 60 71 852 850 811 102 200 78 158 111
309 634 281 884 912 613 625 947 656 586 302 644 900 247 291 321 962 860 238 336
22 54 744 912 1023 984 947 929 957 130 169 1008 17 954 668 925 34 33 158 935
558 617 849 295 575 241 284 637 872 861 563 851 947 538 912 911 936 859 940 639
21 44 1016 921 754 742 894 969 887 43 908 101 42 46 964 950 713 955 1001 975
366 405 454 359 423 362 364 438 393 435 444 403 389 441 418 333 450 336 387 331
200 828 170 967 228 585 885 812 864 584 187 872 854 229 581 173 835 213 866 844
67 109 64 1015 128 142 721 729 146 1002 127 993 1008 123 1011 119 1022 101 113 48
245 599 277 220 241 255 206 840 555 259 853 895 968 580 218 233 903 629 560 271
119 140 127 153 128 789 765 141 792 784 788 156 51 47 92 94 85 112 44 86
152 160 54 797 749 793 746 157 134 81 168 73 97 66 67 161 75 116 743 760
116 148 42 68 93 118 795 48 91 756 81 53 115 43 760 159 776 87 765 762
873 884 894 190 245 656 636 632 911 858 910 914 252 205 280 243 930 870 855 10
497 515 622 618 488 502 481 546 491 524 512 322 472 538 489 494 521 319 511 469
216 850 43 205 164 168 869 886 211 242 617 571 3 868 256 10 40 186 27 856
682 947 23 932 16 631 921 698 930 286 651 284 19 683 5 951 642 634 18 624
931 964 620 906 599 937 940 939 917 934 900 640 929 974 920 911 283 595 954 277
88 991 109 785 148 74 1001 994 28 742 145 727 1026 124 974 744 60 137 167 1010
474 482 491 461 437 439 506 438 463 511 496 450 453 445 451 321 472 519 477 499
479 503 489 519 526 494 510 516 492 480 496 320 460 466 452 520 481 474 531 471
653 871 294 260 928 674 649 866 257 668 233 879 630 184 920 265 290 193 261 924
244 952 574 965 2 649 598 617 647 10 924 629 674 257 263 884 883 603 654 881
248 878 190 227 907 193 242 235 279 234 194 902 201 935 942 920 605 233 23 887
347 374 367 371 444 434 340 439 390 368 334 338 389 442 438 379 433 321 324 423
234 635 614 573 575 236 871 850 900 656 609 606 587 572 596 946 659 666 643 229
