213 222 203 184 226 202 246 231 248 225 181 210 240 249 188 196 251 209 230 245
15 57 24 18 26 78 43 10 79 9 53 59 87 77 33 51 36 25 14 49
4 28 37 55 26 60 47 1 36 44 63 5 6 12 46 43 49 34 2 61
173 188 210 201 164 194 190 221 202 171 200 187 209 149 206 174 213 175 189 145
143 153 111 109 125 187 131 98 139 91 119 106 154 114 127 166 170 137 186 165
287 310 279 363 288 298 331 362 350 332 354 278 321 377 368 352 355 266 328 305
166 197 200 220 233 222 208 227 150 186 198 176 216 147 184 144 231 174 155 151
296 371 392 288 345 287 355 358 369 346 394 295 370 323 317 303 341 291 274 305
306 357 316 333 286 341 360 362 320 372 331 393 303 321 307 353 332 347 337 294
98 130 147 101 150 128 113 126 120 137 129 140 90 74 138 109 143 114 148 121
52 78 100 47 102 57 48 106 76 59 46 29 45 88 53 69 65 35 72 112
293 325 355 343 372 353 279 304 301 317 277 370 356 337 390 323 329 385 298 272
54 73 100 40 44 49 65 68 1 28 5 41 47 48 97 87 20 56 98 11
68 78 92 84 103 82 91 50 88 90 96 49 97 33 67 65 37 111 79 93
201 241 254 189 220 245 191 192 206 225 257 168 208 227 237 200 269 187 256 199
174 194 215 196 209 179 208 165 177 162 223 198 154 201 186 206 203 152 189 231
339 382 338 386 340 367 315 314 397 306 324 366 374 369 388 359 345 361 316 325
102 141 100 113 87 111 123 143 150 80 107 86 77 159 156 164 128 101 112 135
312 356 379 302 375 325 296 287 346 388 338 307 393 288 316 345 394 350 314 385
291 371 315 394 390 365 381 368 301 334 277 337 335 336 330 356 331 389 270 274
158 186 167 168 145 181 214 189 138 143 165 139 157 213 205 200 155 182 197 140
346 391 378 347 386 365 345 295 355 306 370 392 316 291 326 299 352 371 366 369
160 173 177 159 178 200 208 189 186 182 154 156 207 184 191 139 176 194 174 175
56 84 104 115 19 71 26 97 9 1 96 87 52 67 59 74 123 102 50 53
188 204 167 194 182 189 156 236 243 172 169 218 203 209 206 226 193 224 230 210
349 393 378 317 323 319 366 308 306 335 304 365 353 383 311 367 382 348 371 342
188 220 236 154 237 221 244 227 217 226 224 177 156 201 183 165 234 174 246 162
226 235 186 197 264 212 245 263 201 207 202 203 188 195 236 192 222 234 261 242
200 212 195 190 168 165 242 198 186 228 169 178 175 192 221 240 173 222 194 203
59 84 27 16 75 34 104 101 30 82 97 95 69 25 60 92 124 115 96 118
105 144 115 159 139 123 93 82 95 90 89 81 86 169 79 117 87 146 154 128
387 395 355 350 327 343 385 322 310 337 353 348 344 313 339 304 302 365 308 357
302 386 352 305 376 372 319 337 310 385 377 380 283 330 368 314 341 348 365 378
263 274 260 297 278 299 283 240 258 233 279 242 266 243 246 294 254 248 287 241
145 174 148 163 189 201 134 169 101 165 93 197 164 125 159 157 139 131 185 186
217 239 251 264 214 210 198 182 223 196 256 186 213 245 199 229 242 205 231 183
97 144 154 172 71 68 74 82 114 96 169 159 163 107 91 155 134 131 79 77
2 37 54 52 56 62 4 68 45 28 55 24 32 71 36 25 57 53 1 59
314 354 364 310 286 370 322 296 349 392 378 306 292 360 363 342 372 348 353 316
332 397 356 295 335 308 306 336 339 330 312 324 395 357 345 297 296 361 311 341
292 338 320 359 312 326 298 369 300 281 275 342 395 370 386 327 340 368 360 371
106 147 131 148 97 171 135 172 94 116 98 170 145 142 146 126 108 160 91 123
220 242 219 257 187 237 241 199 262 244 206 215 207 238 253 243 249 232 196 228
312 355 391 354 394 384 324 302 297 392 304 310 299 347 365 370 335 333 386 296
334 387 389 368 342 304 299 351 382 345 353 297 396 372 322 341 316 301 320 361
323 384 391 372 346 311 291 295 317 328 344 348 377 352 333 380 294 336 385 337
26 68 44 0 42 65 29 87 96 63 80 58 76 28 50 27 34 86 3 53
287 307 270 344 387 339 261 361 293 364 366 315 373 285 312 282 379 316 318 367
302 362 360 292 341 298 370 284 381 306 304 301 357 280 303 354 387 282 325 319
237 254 199 216 232 197 243 236 278 277 269 259 267 273 227 268 225 241 201 206
178 197 147 234 216 231 237 238 169 205 222 194 182 155 175 199 228 224 215 229
347 381 369 344 332 296 292 394 384 382 318 334 304 328 363 327 365 303 377 317
305 358 367 387 340 327 336 302 389 344 285 360 374 383 371 379 304 332 396 395
189 197 229 202 161 227 162 209 156 164 218 228 219 172 157 186 238 236 203 217
280 290 365 270 301 306 307 289 363 265 310 272 293 299 305 313 277 300 302 312
316 349 303 367 331 330 339 396 309 308 348 338 346 304 288 337 385 312 377 320
36 64 70 42 88 15 13 27 92 75 16 23 47 17 68 54 53 57 90 21
288 295 301 344 307 279 373 356 306 354 327 273 318 360 320 361 366 277 375 282
312 365 339 287 353 368 393 293 296 396 374 342 376 322 358 290 336 343 332 317
46 61 47 92 31 77 13 29 28 12 69 45 44 22 25 67 51 50 78 71
61 87 120 63 43 35 96 25 18 136 45 19 133 112 67 26 135 104 41 46
333 379 307 396 390 363 372 313 319 387 366 334 342 317 385 359 388 312 392 343
293 303 327 316 295 321 359 332 384 383 324 329 304 338 326 357 310 370 317 372
132 147 118 148 88 161 139 131 162 174 94 177 107 100 110 96 85 160 130 140
311 348 384 284 357 286 336 329 386 328 351 297 320 285 391 365 283 331 291 347
223 255 270 245 216 246 276 203 244 194 268 252 200 274 185 189 263 215 275 254
15 60 77 92 17 42 34 19 87 80 45 71 26 59 39 30 16 49 91 83
19 50 10 52 21 39 74 67 17 23 82 31 84 33 71 49 6 37 42 35
212 230 183 228 218 198 206 239 186 226 205 242 195 248 210 190 194 241 246 221
14 36 29 71 5 22 61 53 63 24 40 18 15 25 7 13 19 56 37 9
293 307 320 268 292 303 350 291 363 338 353 310 316 318 277 280 354 343 276 334
235 255 239 201 244 246 258 211 268 259 225 271 223 248 207 200 209 228 257 269
215 224 253 238 255 204 227 184 186 244 232 229 190 254 206 236 183 198 193 214
193 224 170 222 164 223 187 227 202 208 176 212 236 158 181 221 169 254 225 163
33 69 59 45 58 73 7 62 68 94 87 28 46 85 79 89 4 37 39 3
174 203 205 238 183 157 145 208 222 158 245 246 244 213 149 243 188 217 194 235
319 374 375 321 388 358 329 363 362 318 368 338 309 335 352 322 391 390 305 334
12 46 22 63 33 54 81 38 41 13 43 0 25 50 65 8 29 26 6 61
154 168 187 174 143 177 180 198 166 152 184 164 142 182 157 183 175 139 199 181
257 271 245 268 235 231 275 244 269 258 246 256 276 236 243 253 252 227 234 286
303 341 293 280 368 352 338 381 316 334 295 300 384 290 324 372 358 362 369 282
86 113 92 73 127 112 140 129 64 90 57 122 131 62 94 59 111 80 68 97
169 190 228 203 164 170 226 174 171 149 173 159 143 191 144 231 177 215 230 202
326 391 303 385 366 348 380 375 323 373 339 387 313 379 388 328 377 320 335 345
344 386 376 365 292 332 358 304 323 297 319 311 301 306 367 391 357 371 396 314
362 383 367 296 350 346 386 364 370 302 290 390 314 311 305 307 309 331 316 384
349 386 351 300 311 340 330 397 345 375 308 394 392 358 298 327 339 334 342 360
152 167 139 146 196 188 155 201 138 180 194 162 151 190 168 135 144 169 170 178
305 341 369 367 338 291 319 320 330 281 310 376 356 295 337 293 391 384 351 322
38 71 83 82 15 30 76 17 57 13 24 69 34 81 18 45 73 98 33 21
291 307 383 325 346 352 273 338 348 269 347 305 313 311 389 301 298 384 308 332
60 77 66 24 73 68 102 56 50 64 87 72 20 62 40 21 18 13 93 79
138 151 135 124 94 150 179 162 170 165 95 113 123 108 127 182 96 126 172 93
218 227 241 246 213 250 242 232 211 251 190 244 255 206 194 258 183 188 189 205
55 68 29 18 32 15 96 30 67 28 20 65 25 24 70 57 7 37 17 73
374 392 365 352 366 363 311 299 298 321 314 305 294 315 334 393 312 383 347 301
95 120 103 106 104 129 138 117 137 110 68 109 101 125 108 78 102 123 74 89
323 360 369 295 335 383 361 386 304 317 345 319 368 292 392 332 382 297 350 397
258 274 239 298 283 251 260 248 272 267 281 231 253 235 297 238 271 252 296 255
338 395 394 366 390 303 332 313 301 321 335 304 381 351 331 311 314 362 391 343
213 225 192 238 239 223 183 182 257 193 203 204 255 237 235 197 229 185 207 211
137 157 125 140 151 188 104 142 110 108 183 115 114 190 149 146 121 153 155 170
239 267 269 255 235 257 289 268 280 207 196 283 264 292 231 208 217 197 287 237
94 134 80 132 83 146 140 64 106 86 108 118 148 79 141 92 126 95 117 82
347 381 368 324 291 293 382 376 340 351 309 369 388 352 312 338 350 380 392 297
209 232 187 259 188 238 210 206 229 234 191 225 242 230 256 195 202 205 258 174
325 362 337 331 305 388 291 304 317 360 311 326 318 359 327 293 332 290 393 338
28 42 60 48 50 73 78 10 2 0 6 21 14 40 27 24 58 79 13 49
310 350 290 356 377 373 380 337 374 292 296 338 332 385 297 335 396 361 343 306
315 380 306 349 324 368 395 361 308 319 335 314 304 386 347 321 323 362 330 327
291 314 386 351 296 312 279 377 368 364 381 349 278 328 292 289 265 367 373 270
301 380 342 387 354 351 311 336 321 330 395 296 287 381 353 283 397 302 383 288
302 385 318 300 332 345 373 343 293 284 303 360 336 316 309 301 358 334 281 288
315 327 350 349 294 389 305 297 374 386 396 391 395 289 359 293 339 307 290 292
304 359 287 305 324 327 358 318 348 297 347 336 366 333 390 352 319 381 363 396
360 396 343 327 297 358 320 296 332 371 326 330 390 318 380 307 392 295 294 395
178 200 181 180 220 158 217 210 216 177 193 185 223 184 167 214 173 169 241 166
123 135 121 138 107 93 141 114 120 98 137 105 90 132 136 115 146 103 109 150
279 301 318 272 262 350 300 304 365 305 278 287 317 357 383 283 323 387 281 382
342 396 324 313 362 319 345 344 377 358 363 394 347 343 329 348 332 299 368 359
306 325 388 394 353 373 355 303 366 301 387 384 299 341 320 351 319 391 347 385
2 41 3 80 64 71 58 43 24 11 36 35 76 33 65 55 20 66 4 53
248 258 223 221 238 241 251 220 264 228 216 231 243 275 244 268 276 229 235 273
20 43 25 79 8 80 17 46 65 3 26 11 33 34 36 67 19 77 66 12
91 133 152 109 68 67 93 103 76 117 77 147 62 115 105 86 149 82 139 138
311 380 308 387 386 297 314 375 289 298 365 363 286 324 323 325 332 385 384 370
5 57 85 6 72 39 24 47 43 48 25 38 54 10 34 37 8 89 56 55
163 179 157 197 198 175 203 187 143 185 192 178 208 160 150 191 184 196 146 195
178 202 219 170 182 207 234 201 244 167 156 171 193 210 189 223 196 158 240 176
298 355 279 375 353 314 273 364 391 297 281 376 392 334 339 277 369 289 377 307
45 70 87 30 8 99 31 96 82 5 57 48 11 61 71 84 3 53 37 90
304 378 359 350 361 356 388 285 386 392 283 335 300 327 295 336 322 391 373 331
9 48 79 52 25 61 57 59 54 42 21 35 65 69 19 73 3 4 74 53
166 202 180 181 197 194 141 174 191 241 236 198 156 170 193 228 201 233 244 222
365 388 332 353 358 316 386 370 326 310 319 394 356 320 366 306 349 385 341 345
203 214 173 199 189 172 179 198 233 235 182 191 230 219 239 218 220 213 224 194
271 290 246 248 315 297 266 245 307 284 366 260 250 278 280 309 313 293 298 296
307 383 351 301 332 304 387 294 374 324 323 352 317 286 331 396 380 381 341 297
7 30 59 43 48 71 32 58 61 54 10 50 34 44 41 1 28 6 70 3
207 236 203 250 186 194 212 245 215 189 255 241 180 173 210 195 179 267 182 177
1 27 49 43 52 44 67 28 9 63 66 34 45 29 36 7 2 0 61 32
68 80 76 78 94 107 98 83 33 104 91 95 46 65 69 41 42 102 58 86
91 118 111 70 136 95 68 115 102 129 96 126 120 119 131 145 101 132 85 93
70 82 41 68 67 49 40 96 116 34 98 35 114 43 60 55 73 45 39 91
299 376 352 374 371 305 356 353 361 307 334 366 377 296 391 344 340 303 313 373
317 372 320 354 340 370 297 353 350 337 298 331 321 308 343 333 303 359 368 339
337 387 366 342 383 375 340 369 388 353 309 371 313 382 318 394 344 347 348 292
322 362 357 320 392 383 303 299 344 319 317 387 381 377 347 365 328 315 290 359
318 333 379 388 373 355 289 299 390 354 342 394 347 371 362 385 305 336 351 307
232 253 196 248 259 240 273 267 208 207 269 200 218 221 277 252 199 255 238 191
