334 351 337 308 312 323 324 306 304 379 287 311 290 381 289 332 360 345 341 293
783 803 831 807 782 798 822 302 792 801 762 830 832 789 808 790 785 794 800 820
3 2056 926 254 1941 946 2077 2039 32 1927 1917 285 1921 961 902 1914 919 890 909 260
1471 1489 1428 1334 1527 1532 1492 1504 1458 1493 1445 1555 1540 1386 1491 1368 1442 1499 1451 1522
1205 1294 1298 1237 1333 1244 1451 1165 1449 1282 1209 1185 1453 1296 1300 1180 1269 1170 1262 1448
556 576 541 603 573 517 584 563 542 592 533 550 609 595 555 582 594 524 560 520
1263 1440 1433 1231 1193 1213 1398 1291 1312 1273 1252 1304 1330 1429 1222 1335 1342 1458 1327 1472
20 2042 1935 2021 16 1917 838 2034 833 50 2076 1906 2059 831 275 183 931 53 892 1953
1587 1628 1629 1601 1624 1520 1589 1595 1611 1538 1644 1545 1621 1584 1658 1524 1617 1553 1543 1533
1023 1046 905 1881 971 1064 986 1076 1019 912 1065 1036 985 1923 992 1866 1027 1029 1949 1883
210 233 13 849 17 266 2049 2055 2069 2009 904 41 269 250 18 76 57 844 263 910
220 832 247 301 829 214 2040 9 261 317 195 208 52 45 67 2041 814 830 251 278
1572 1607 1609 1559 1593 1592 1495 1554 1562 1513 1502 1576 1585 1637 1612 1635 1599 1538 1501 1611
904 2034 195 863 204 1 969 223 905 1010 2057 965 997 1900 1896 924 2024 867 2017 1946
939 2048 2003 1904 211 1965 2023 1941 992 38 906 996 218 1929 1967 2024 2078 971 1892 269
82 889 229 2058 197 53 1912 1903 899 85 885 1906 198 1926 221 262 1877 2015 216 267
448 498 417 472 455 400 435 420 522 416 501 500 424 409 428 488 502 482 433 468
107 159 94 176 84 189 181 95 98 128 187 82 121 117 113 119 114 75 78 162
211 236 274 218 235 2056 217 76 882 49 3 2014 259 925 903 2068 254 277 1 191
538 551 523 562 520 524 573 575 560 571 578 546 531 536 540 529 554 528 572 567
882 1904 86 63 1014 11 1017 26 1919 243 1926 1006 29 860 1 2083 258 1896 980 1001
266 861 2046 2086 1886 1884 13 268 278 2042 297 1891 191 2067 869 1928 841 1807 216 194
1201 1307 1410 1282 1326 1211 1262 1228 1279 1406 1227 1301 1288 1346 1273 1311 1345 1176 1290 1225
1287 1319 1333 1182 1210 1199 1422 1202 1206 1432 1237 1274 1413 1251 1416 1421 1285 1449 1224 1357
689 719 721 741 723 737 665 687 724 710 752 694 695 708 711 667 676 683 730 669
896 1934 193 2080 928 0 1042 1922 1903 878 2044 941 53 1902 1967 2028 2061 976 865 927
1966 2048 198 1028 1954 888 974 2052 61 971 929 253 24 949 1978 1993 969 297 1016 60
1404 1473 1371 1320 1355 1396 1359 1334 1356 1317 1490 1430 1392 1362 1455 1389 1316 1510 1323 1500
196 2076 858 854 216 82 70 905 953 244 308 2025 240 267 964 222 867 2018 835 203
2024 2073 52 210 912 886 970 863 839 2022 2026 228 260 2067 78 322 295 997 77 33
1097 1126 1109 1121 1123 1125 1158 1116 1159 1122 1138 1154 1087 1114 1075 1135 1072 1080 1124 1155
407 471 389 397 498 493 377 399 382 376 365 387 496 461 417 415 408 489 470 449
1705 1718 1719 1683 1725 1704 1753 1747 1741 1681 1671 1748 1695 1699 1680 1729 1677 1756 1740 1684
1401 1465 1352 1332 1453 1433 1311 1487 1344 1421 1458 1190 1310 1318 1189 1328 1447 1436 1335 1425
1149 1175 1113 1136 1176 1178 1155 1185 1169 1125 1280 1441 1337 1214 1338 1132 1186 1301 1135 1141
968 1037 1007 1944 928 1029 1890 2023 2051 1041 945 1964 2029 1026 1907 1033 996 924 2040 939
280 297 839 862 829 2049 2080 282 215 877 852 231 247 334 255 2039 831 845 2067 265
2014 2057 2055 919 1977 26 954 187 222 256 889 58 969 17 870 307 2033 2030 1970 880
908 2018 889 73 12 905 939 2045 202 1902 2067 195 1944 214 872 1989 951 1995 1945 2048
918 996 872 1962 7 1027 1871 208 1039 1869 913 2032 2053 4 970 70 2061 1889 1881 1964
1977 2021 1982 895 183 2066 217 194 2020 1964 893 966 33 215 2027 968 890 960 2065 1988
1808 1841 1767 1799 246 248 264 267 1848 1834 1832 1814 271 260 1842 1779 1822 1840 250 1856
49 908 1023 10 1025 970 981 1945 2033 6 2038 2011 25 871 1969 2058 38 1909 2030 36
1697 1725 1733 1712 1742 1688 1743 1761 1752 1755 1730 1669 1664 1741 1738 1727 1715 1705 1750 1711
867 2035 917 201 71 880 1905 276 213 247 2000 908 57 1877 926 1878 2054 1911 1908 2053
1525 1569 1499 1512 1539 1523 1581 1598 1494 1497 1529 1602 1579 1495 1576 1566 1509 1510 1607 1584
20 1939 1971 2051 834 50 205 2053 2082 948 31 966 1911 2065 853 24 41 846 932 2026
1995 2032 53 186 937 201 83 57 2021 2075 86 75 2058 263 48 993 951 4 872 2077
1716 1740 1680 1748 1719 1741 1761 1745 1685 1709 1762 1750 1737 1730 1731 1702 1687 1772 1717 1732
791 813 802 780 229 225 830 257 284 825 816 262 793 772 271 278 252 224 227 265
1015 1949 1956 1913 911 971 1048 953 1951 972 923 25 1876 919 1880 1928 965 1037 1868 946
908 2051 27 999 896 250 44 252 850 2014 885 21 952 1959 938 989 281 888 2001 875
3 215 919 1915 2024 2079 14 30 1960 239 905 271 921 1958 824 2043 195 817 928 37
41 911 869 920 2016 1942 2059 49 1973 1021 61 837 2080 60 73 2024 997 2086 2055 922
1973 2017 24 945 1953 914 1995 38 1017 1968 921 893 182 2086 64 911 929 199 2074 1964
1297 1342 1453 1402 1425 1400 1328 1202 1301 1228 1287 1184 1190 1391 1441 1207 1188 1366 1351 1265
202 2062 295 45 2008 69 2048 39 198 206 224 2043 237 2003 968 935 60 194 229 46
920 1954 1006 898 210 2032 27 1961 2056 1926 872 2084 2078 1907 1940 50 1895 989 880 1979
841 2063 220 308 906 899 937 194 257 2 825 31 876 266 2062 2040 888 2008 884 890
910 1940 1942 2082 1032 2014 2057 2074 2031 2035 10 2042 2055 1041 989 2038 2056 1019 956 2066
1370 1395 1454 1474 1381 1355 1407 1336 1384 1422 1475 1356 1425 1426 1337 1383 1427 1435 1459 1471
1563 1579 1581 1618 1604 1576 1520 1513 1613 1549 1561 1544 1519 1518 1593 1617 1567 1600 1614 1590
1347 1460 1343 1372 1195 1187 1457 1394 1363 1296 1283 1411 1393 1469 1418 1327 1315 1468 1428 1294
666 686 635 716 696 639 699 682 711 692 722 693 683 650 642 724 637 647 648 707
262 853 238 37 2051 2058 210 851 1805 872 231 261 831 242 30 271 215 218 1914 237
404 413 402 444 390 376 488 448 483 475 443 384 366 497 373 436 400 428 430 414
178 2028 44 965 157 907 186 25 88 1960 110 94 109 1987 49 51 172 918 2062 2031
1315 1341 1269 1303 1309 1343 1412 1358 1299 1345 1211 1285 1275 1264 1350 1417 1470 1443 1192 1206
1023 1883 1967 1924 971 1846 917 1884 1890 1947 1870 1030 1028 1878 1880 1029 1045 976 1931 884
946 1960 45 1933 2007 2077 1918 1969 1928 964 1017 2006 955 2002 920 984 1989 1964 897 1921
448 453 383 437 492 421 427 459 440 485 414 460 484 493 456 511 406 382 494 416
72 868 860 60 2032 2041 198 62 2019 234 184 276 257 1917 55 2054 210 858 193 2074
643 673 696 646 640 626 620 702 661 693 675 697 649 682 652 711 710 613 670 616
213 266 15 930 288 226 2038 2007 224 64 2030 294 260 867 194 273 264 837 927 924
955 2073 1012 2032 989 2085 929 296 978 967 219 1981 1925 22 1994 1921 904 981 944 1943
198 887 204 869 852 944 1892 81 246 909 2083 1894 1921 1908 1991 1915 868 939 1880 1920
977 1921 1042 1896 31 1948 2038 1891 1907 1003 917 1034 919 885 1914 900 1887 971 1979 859
253 884 1909 879 1802 1913 240 83 1804 276 85 238 2052 914 1894 266 1787 244 1921 1888
246 857 823 887 1807 1893 290 2078 75 871 859 264 1890 838 37 2058 876 839 1910 234
1016 1960 1974 1014 1981 1973 983 1944 1886 1044 21 5 946 1027 931 936 948 1036 1930 1934
1269 1297 1444 1196 1304 1259 1420 1417 1350 1181 1418 1263 1340 1320 1410 1300 1311 1416 1184 1458
771 788 796 801 778 804 748 777 792 781 808 802 815 794 764 814 754 765 773 746
806 828 820 813 239 826 263 824 775 783 788 845 805 214 807 817 203 1 249 313
195 870 1998 848 2003 947 269 909 197 1996 241 938 264 2055 847 199 945 2016 217 267
938 2044 42 2013 1999 881 212 1937 939 1957 1922 920 946 2026 2076 2077 976 29 2081 882
1896 1913 891 879 881 898 1946 1042 1891 1045 7 1886 867 961 944 1012 1865 1031 18 1927
824 839 857 241 790 221 293 282 231 846 843 209 827 224 309 2072 311 301 32 2085
1169 1331 1188 1312 1267 1435 1155 1170 1426 1421 1287 1464 1145 1221 1199 1189 1300 1276 1315 1438
92 125 151 69 175 82 93 177 98 162 164 134 73 148 103 144 105 189 172 137
148 165 146 107 108 114 183 172 173 118 166 178 132 149 153 154 167 116 104 123
297 340 816 2049 275 351 852 306 820 284 2080 327 364 265 347 276 278 368 332 825
66 887 857 237 924 915 2057 2008 182 1926 79 249 275 1933 2060 884 1912 934 2015 2075
30 2046 926 257 1965 2048 907 23 285 860 278 872 213 19 276 21 16 206 210 62
878 2083 885 2063 880 879 301 847 299 53 285 304 869 832 282 1910 2084 2038 28 318
962 965 1894 1996 1910 2026 961 1013 970 1904 1935 1007 934 1909 2013 2080 2074 1969 1891 1944
1615 1632 1628 1603 1594 1617 1612 1616 1627 1623 1640 1657 1577 1650 1582 1630 1660 1620 1587 1614
1688 1733 1759 1738 1736 1657 1668 1767 1725 1672 1701 1747 1720 1765 1762 1655 1758 1691 1723 1757
1990 2028 887 2027 6 22 2053 67 987 73 1994 2037 908 1998 886 55 2047 1979 2031 926
967 1977 988 1895 2085 1927 989 917 1028 956 1041 1951 936 924 948 2007 1976 1032 1941 972
1334 1417 1451 1272 1289 1324 1307 1391 1209 1316 1295 1215 1266 1437 1458 1171 1386 1314 1212 1300
1945 1951 2035 905 1035 954 897 933 1048 13 938 951 25 1045 963 1013 1026 889 1921 1011
313 2080 27 246 867 35 344 2000 2001 248 854 286 962 949 938 335 258 960 218 848
294 2069 873 213 192 2058 2000 32 328 228 226 16 830 236 1972 265 261 324 2078 1979
16 2052 2078 1964 30 255 277 2006 884 1896 830 2014 256 253 197 926 929 232 2023 206
1363 1377 1375 1353 1342 1432 1399 1450 1431 1437 1424 1397 1385 1477 1344 1446 1404 1408 1464 1378
1199 1430 1174 1219 1277 1435 1203 1274 1223 1354 1171 1313 1403 1188 1332 1414 1357 1284 1351 1279
1216 1318 1257 1236 1190 1241 1350 1330 1332 1340 1302 1464 1175 1421 1424 1418 1251 1325 1179 1432
1201 1425 1330 1417 1473 1296 1304 1196 1331 1207 1292 1437 1275 1213 1184 1262 1474 1186 1297 1320
1985 2022 980 894 924 2005 909 2052 205 69 983 193 31 2075 2028 2002 2079 939 187 214
691 704 700 739 674 750 671 660 742 659 730 716 666 657 711 678 668 751 690 697
268 818 850 2068 2064 288 856 831 257 289 217 806 863 5 1808 803 228 845 277 0
254 279 1802 850 1829 290 2073 299 2041 204 255 2069 2067 276 2078 2079 838 828 1782 861
1294 1430 1198 1233 1339 1324 1267 1316 1434 1224 1449 1456 1182 1307 1167 1402 1265 1263 1252 1349
913 2026 889 1997 919 2004 1956 37 2014 177 58 78 1987 895 207 186 69 1968 1949 920
909 2025 1979 989 2050 201 874 872 31 22 73 26 184 893 1915 2051 1971 2007 1997 948
13 922 963 1012 1911 874 1916 1891 220 1941 833 1945 1942 1004 914 911 2035 953 929 857
948 1966 2009 949 1971 977 1949 925 2024 2027 2034 201 21 954 1956 1969 1926 943 1944 900
973 1975 944 2007 1011 2025 919 2046 1018 2008 1960 1997 938 1028 1985 995 929 1022 2077 1004
442 510 493 508 498 476 494 516 460 480 477 451 520 475 445 512 472 513 407 400
1020 1869 991 911 1000 1847 994 976 893 1005 1896 1925 984 1953 1011 1836 1884 912 1958 1023
197 211 956 817 2060 60 855 867 40 936 916 899 208 206 273 54 921 278 246 858
11 2046 2083 884 41 192 936 1942 2075 213 1988 1892 251 940 949 1957 1985 1993 2053 946
323 816 820 225 313 336 354 350 271 243 780 248 826 840 322 247 783 2083 344 244
214 837 825 304 827 820 844 2072 12 7 2081 2065 809 62 2012 847 297 250 274 39
113 177 133 151 157 172 166 130 93 101 2029 87 96 136 190 145 148 92 149 71
324 2081 836 195 855 61 865 1998 871 36 1987 332 1988 334 210 851 11 1977 819 856
207 2022 2027 2006 2085 252 1977 887 2028 250 10 2012 3 58 2044 852 28 68 895 2025
1821 1832 1815 1846 1787 246 259 1839 1802 1785 1796 1843 1805 1844 1835 264 1851 1793 1808 1795
1382 1400 1379 1429 1339 1421 1464 1340 1341 1325 1441 1374 1330 1469 1368 1431 1459 1385 1463 1352
708 742 718 670 738 772 730 677 732 707 769 734 758 739 743 767 720 681 719 724
1020 1893 32 1006 878 939 1958 1910 984 1927 962 990 1903 1967 1032 941 1014 1859 1898 1019
588 595 613 604 630 555 634 557 586 562 570 618 609 569 583 579 629 596 594 573
1581 1615 1565 1631 1540 1522 1528 1614 1617 1587 1567 1648 1554 1515 1525 1511 1507 1652 1613 1535
707 718 690 748 727 683 670 721 674 701 705 688 693 681 723 697 698 732 699 726
1443 1459 1335 1444 1319 1178 1432 1264 1438 1175 1197 1172 1478 1282 1270 1268 1294 1292 1460 1310
56 197 2035 205 86 217 17 2075 58 940 220 953 844 41 26 45 957 72 853 914
14 1920 874 2084 854 927 1037 1952 935 210 2038 929 6 961 15 841 947 1033 31 262
62 886 204 40 1878 2051 1886 895 2049 2022 237 82 2076 914 1906 233 251 909 910 1881
879 2065 191 189 2048 2034 194 273 951 1914 58 262 2083 210 848 286 71 949 307 2004
712 722 709 701 733 676 736 708 682 747 687 675 685 749 707 731 723 744 686 711
76 201 929 907 896 99 89 67 41 2027 2079 863 212 918 942 2006 914 2033 2014 836
1539 1581 1577 1516 1508 1597 1614 1537 1567 1620 1605 1621 1548 1573 1496 1528 1585 1617 1505 1488
1 2046 2079 36 202 861 1898 49 252 898 946 823 50 193 1886 290 1906 1993 2007 918
29 2048 1920 2066 962 271 261 2004 1909 874 25 195 1917 939 855 1930 26 2055 922 289
1184 1456 1465 1459 1308 1333 1371 1359 1322 1169 1158 1482 1487 1165 1360 1441 1206 1338 1311 1300
462 494 391 396 442 385 469 502 443 460 403 470 493 511 413 476 499 467 498 433
1282 1453 1380 1192 1375 1391 1168 1327 1462 1174 1455 1237 1340 1287 1417 1348 1439 1208 1181 1244
254 811 2051 833 309 2074 1828 214 1814 204 308 255 819 250 1811 276 864 818 202 216
2034 2074 2005 221 1966 2086 1970 969 947 1990 213 922 862 281 1998 14 2065 44 278 266
54 2034 897 844 2022 896 865 22 2029 1969 183 1953 1966 846 201 2027 1987 2047 70 971
