273 1052 314 1368 1373 987 229 1348 1354 1360 1048 1357 265 1374 270 1040 1309 236 1323 974
396 1520 1531 457 440 454 1519 445 1508 1537 1490 1459 1470 1444 474 435 443 447 1527 367
205 1002 189 997 1056 1287 204 979 297 223 1302 986 1339 1346 193 252 222 278 255 251
290 1364 264 298 1311 1368 307 1382 268 222 1305 1413 996 1365 1328 1344 217 345 286 242
417 1542 1520 1502 377 427 1568 1530 431 1517 1571 1534 1489 1574 479 425 1541 1544 1525 387
1599 1631 5 548 540 21 1649 56 1594 59 504 31 28 44 1608 1617 525 22 1640 35
539 562 505 1665 108 504 573 557 1635 4 570 509 568 513 91 1661 115 102 114 1645
1314 1341 282 1075 1448 319 985 1315 1035 1423 317 1099 1454 1345 1325 1005 1380 1427 1378 1364
1357 1364 319 349 286 1327 1376 329 1340 1338 299 1028 325 1319 296 338 321 1453 267 1397
18 1657 490 1645 89 70 496 1616 500 566 1589 1643 1622 1601 29 573 1599 571 1623 28
330 366 1355 1414 1430 1410 384 1484 1363 364 383 1449 1451 1387 1446 355 1480 395 323 1487
1312 1390 314 1107 1396 269 310 1099 981 1355 1387 315 1432 306 1029 1382 1083 1384 1306 979
501 1613 1591 1607 30 17 1638 37 1671 46 16 59 28 69 527 514 1624 1558 50 41
258 1316 1431 261 1106 1309 1366 1080 973 1362 1382 1042 1081 975 1013 266 240 1377 1421 1098
531 1667 1628 1608 16 37 1617 93 1673 1629 558 509 1648 520 5 530 1672 550 105 580
394 1460 398 379 351 1507 343 1448 1505 333 391 340 426 316 383 1495 1444 332 374 314
5 1671 1623 520 1647 557 59 543 1620 562 512 1651 1612 43 67 535 6 61 493 22
828 856 774 850 677 825 728 771 711 914 869 1257 788 800 798 678 777 923 794 964
515 1584 502 449 4 1655 1605 503 1563 6 1633 501 32 482 529 456 1562 495 65 1672
256 1287 238 1020 1301 1017 1289 1148 1331 1164 1288 1339 1185 1120 1057 1294 1127 1045 273 1009
1377 1415 1322 338 1347 1430 270 1454 1399 278 1422 1384 1375 1419 329 1333 286 1295 319 1342
1524 1556 452 1530 470 443 475 1567 1502 407 476 477 454 1480 390 434 392 1583 428 417
1157 1269 1065 1151 1273 1218 932 972 1170 1208 1114 941 1213 1116 1195 1274 1167 1178 1149 954
421 1530 418 438 1485 1506 1528 401 1556 416 441 1544 405 1488 1511 473 457 1479 381 375
1024 1286 1151 1187 982 1153 1171 1081 242 234 1086 286 256 1041 1141 1262 1412 237 219 1117
525 1656 547 510 560 527 78 107 79 85 499 55 6 26 528 12 552 37 17 1634
686 696 800 716 639 809 849 764 796 797 814 664 709 793 646 641 803 811 643 677
277 316 1318 382 1003 1457 1000 244 1018 266 381 269 1006 341 260 319 1330 245 384 1324
1513 1537 479 1516 1514 447 430 1510 417 397 1524 478 1552 1519 390 467 1529 1574 456 473
171 211 138 150 252 143 139 1016 247 245 246 221 185 227 195 993 999 192 228 995
98 1649 1614 587 78 50 524 1607 1658 111 519 93 51 32 87 109 1624 97 66 26
1120 1202 1137 1193 1138 1262 1277 1179 946 1236 1267 1192 1150 1248 910 1292 1130 1288 1169 1140
885 933 906 954 934 884 869 938 904 1232 895 1223 851 1218 912 893 861 1249 857 866
190 221 1298 987 256 1011 984 175 181 213 180 224 1282 271 217 212 991 1003 1296 270
1111 1161 1132 1150 1261 1285 1114 1172 1204 1087 1143 1255 1208 1286 1105 1221 1206 1160 1272 1083
31 500 1635 524 1642 1670 569 1586 75 68 1661 11 65 1596 1574 1576 84 1610 86 493
49 1616 525 98 50 1640 1602 563 1668 1596 567 1601 19 1664 511 47 58 1635 90 556
1115 1154 1137 1090 1231 1222 1225 1170 1085 1185 1093 1169 1107 1203 1264 1226 1289 1199 1149 1227
418 434 402 1537 419 1525 1569 1559 1483 401 440 446 408 450 1516 1557 1549 1482 1542 1535
248 1064 236 282 1084 1005 261 229 1296 1021 209 1010 1014 986 1066 208 1270 273 1282 279
885 962 923 965 1217 1068 1209 892 1238 1244 901 1263 873 1274 890 954 1278 1218 1215 861
258 1287 1061 1332 1108 1321 1141 1125 1301 1000 243 1177 1155 292 1281 1043 1080 996 1059 1028
987 1002 1310 1064 1287 269 1286 1295 1322 255 259 1275 239 284 977 1338 288 1353 248 1288
1213 1273 960 247 1115 1182 1109 1153 1177 891 938 1183 1120 1239 929 1267 1288 1059 970 1179
62 559 1615 103 61 518 106 533 17 1654 515 95 1605 1669 2 569 1639 1607 6 509
430 463 1563 1504 381 399 1591 1592 380 392 1558 427 1510 447 483 477 1560 1568 1547 1502
934 1209 1128 1153 1276 1227 1262 1268 1282 1206 906 1195 1235 1126 879 1271 900 910 1157 972
1319 1346 1046 1323 993 1365 1379 328 985 290 1437 1038 1413 1386 1427 1032 1359 1092 220 1103
385 419 441 396 1450 378 1472 313 445 357 1464 417 1535 333 443 1474 318 341 415 338
278 1358 287 258 1445 276 227 331 1456 289 1436 347 1004 1032 1308 1391 1300 1438 1325 1006
1512 1542 1489 396 451 394 1560 1557 485 453 488 1490 1478 450 1526 1571 383 419 1483 461
17 1628 1629 63 1627 1571 1649 55 80 6 1584 18 1667 1671 1673 1659 543 41 1574 498
354 1468 359 1458 1413 397 1358 1415 294 394 1492 1489 1445 293 353 319 292 318 290 398
704 837 807 879 782 818 869 810 839 846 792 684 727 695 843 772 863 688 785 775
954 1204 854 1148 1154 878 1213 1129 879 915 892 928 970 939 888 882 859 1234 1132 1263
78 523 57 20 40 99 84 1599 567 1619 519 1672 96 86 538 509 1627 502 0 500
929 1283 1112 926 940 1230 1003 1209 1177 1188 216 1193 1192 1221 1041 1218 1251 1075 268 227
495 1566 439 514 500 444 1624 454 11 1603 458 22 1600 462 1611 1593 1558 459 451 1578
634 653 616 675 614 655 681 666 597 599 676 652 673 626 605 659 612 623 600 683
895 970 1278 1029 933 1055 1282 946 922 1061 1063 259 1054 980 899 250 961 977 864 872
277 1414 1351 265 310 308 278 343 241 323 1010 1033 254 1385 320 234 1005 245 1289 351
653 680 667 668 821 613 608 650 830 703 687 666 823 673 627 690 791 825 649 681
248 1287 980 959 215 1131 1040 222 216 1339 1286 1016 1271 974 1274 977 1033 972 1155 1026
376 1440 1432 1408 1489 1444 372 1434 305 1352 1382 1350 1464 1438 1498 300 1474 347 319 306
447 1516 1578 409 1545 445 468 427 478 1551 396 398 1573 1480 431 1568 1539 452 1572 444
529 1596 1654 45 110 1655 504 118 79 56 551 1609 108 27 575 1574 115 1668 570 1603
655 688 710 628 848 626 778 689 809 793 661 625 775 664 683 794 810 827 631 606
338 1433 1425 1444 376 334 349 1372 1439 1454 1472 347 1379 300 282 1475 1455 1302 397 1436
222 1299 1368 1049 1295 1433 218 997 1334 291 1293 994 208 1314 249 266 1007 1286 1356 1375
129 583 167 586 577 128 96 80 548 535 163 97 66 72 153 118 87 547 600 103
1104 1316 264 1292 1293 271 1364 973 1434 299 1426 1425 1069 1315 1071 1106 1092 258 262 1042
867 1243 909 917 944 830 1190 1261 1251 1236 1254 858 915 1203 1238 1234 1198 885 941 1237
259 1304 1007 1273 1371 1019 1067 236 973 1320 1332 250 224 1404 244 1064 1331 1346 219 1078
623 650 640 611 609 630 612 682 610 590 676 615 622 680 641 645 674 659 679 646
1020 1325 1402 1342 1374 228 1377 1382 1039 1017 1390 230 1411 1093 226 1033 241 1048 1376 1095
95 540 580 123 16 538 110 1671 532 536 106 509 520 570 90 11 542 541 0 514
283 1410 281 309 1409 343 1355 1374 256 1416 1325 278 1336 1333 1367 1457 1358 1440 1393 335
696 713 770 844 805 737 687 699 748 803 776 755 752 769 850 677 714 700 705 733
1069 1084 1044 970 1095 1109 992 1080 998 1063 984 957 258 1041 261 1285 980 954 1086 1068
635 680 640 657 677 816 662 618 683 642 797 633 682 672 648 602 649 815 818 638
151 171 161 167 138 218 134 202 182 178 206 169 114 120 184 109 201 158 142 203
1287 1343 1431 988 1403 1278 254 1308 1077 1444 1430 1146 1109 1265 1349 1309 983 964 1165 1063
339 1459 343 1359 335 359 1361 1411 379 378 393 1357 300 290 358 1430 363 1435 394 345
174 198 169 166 168 210 160 194 137 215 138 1007 217 187 149 183 203 192 1009 136
380 423 336 343 1514 1489 1494 1457 317 457 439 393 455 322 406 404 364 451 314 1469
1223 1259 1234 1221 889 1196 1189 1135 1227 1121 861 894 969 890 1150 1230 937 1250 1271 907
878 1256 886 1282 880 879 900 1178 956 1206 858 846 914 1242 1224 906 1276 1188 920 1194
852 868 824 1256 736 732 1250 821 829 810 828 703 904 841 847 914 1245 857 730 806
87 586 583 556 572 101 77 90 85 48 56 552 555 1657 70 86 1644 558 88 1663
725 853 939 928 945 885 1251 847 920 1263 827 823 946 813 909 903 838 727 921 714
1042 1073 279 1020 1287 967 1091 1000 263 1341 1089 1077 1017 1324 1312 1074 1071 973 1093 1295
1192 1280 970 1107 911 1301 933 1169 982 1240 1143 1219 903 1138 1127 1278 1269 918 941 1262
434 1559 1520 392 408 1518 1554 393 485 1521 482 494 500 469 1526 453 1567 490 1588 1570
293 1406 1423 1311 348 344 290 1451 1321 312 285 233 275 1378 1369 357 302 1441 1380 1007
289 1395 241 1016 353 1312 1033 350 253 1423 275 296 1341 1334 1329 316 252 1026 1394 1017
1160 1227 1153 1148 1155 965 1265 933 1204 1235 920 1240 908 1129 1142 1260 1128 1244 1174 1208
270 995 1047 218 994 1345 286 1052 1378 271 1331 1046 1416 1017 248 240 1359 1006 1070 1053
1158 1283 945 1003 1069 932 1205 244 1201 931 267 1256 224 1043 1024 1273 1183 1132 246 1258
528 564 590 1654 1598 1632 63 524 515 556 1 110 574 17 1643 587 39 1600 108 19
47 1624 29 574 44 82 530 75 72 1588 114 1662 93 510 1638 1603 1593 1628 518 539
408 1505 1474 357 1548 436 452 1546 439 1532 417 1508 428 406 1466 1549 416 1519 1483 1504
1069 1316 1347 253 1051 1420 1060 1337 1354 1381 1359 281 1095 1301 976 248 1319 1414 1047 1360
54 1665 1657 46 94 1602 1599 521 92 14 1655 119 17 1654 104 1631 24 65 1635 1649
989 1066 295 250 1298 1033 281 216 1321 254 1054 1086 1052 1334 255 1278 1331 1306 240 1335
790 842 707 831 685 696 814 827 798 712 873 692 829 879 862 713 719 780 832 872
551 1673 24 76 519 1625 14 12 561 11 582 577 571 74 564 1615 1672 584 1610 565
950 1237 1227 1193 1194 1202 906 1272 871 882 1246 975 968 924 932 1169 1195 1192 1276 1204
56 96 523 1637 50 108 524 3 1613 1633 511 113 1606 99 126 67 1631 1656 1659 69
195 1010 277 200 169 219 213 203 985 1024 276 995 230 987 291 1033 191 237 196 1354
905 943 959 975 916 1282 1266 982 1197 1229 953 1242 1215 890 1202 871 1193 1223 967 935
369 1489 1499 1430 1520 1486 1426 1471 383 1531 306 1465 382 1482 1448 340 365 361 393 324
1327 1342 1420 1088 978 1031 1323 1442 1068 1398 983 1324 1383 308 1438 264 261 1368 326 1337
75 520 1611 39 102 76 1599 578 1603 587 108 64 1608 65 542 37 45 539 1640 1609
240 1271 1214 1265 294 1005 933 1012 903 1019 965 974 1111 1054 208 271 1207 1050 1197 1143
241 1293 1005 287 1290 1361 1060 239 1057 215 214 1417 1326 1020 1043 1038 979 1350 1054 1359
296 1023 1375 1043 1002 1373 1311 323 312 317 1372 259 1337 1374 1292 1342 1404 1455 354 1298
346 367 381 1468 397 379 1439 1412 336 316 1476 371 1357 1498 306 1493 1429 347 1433 311
519 1621 1583 1617 1653 1632 84 524 1673 533 556 505 1637 1616 527 48 65 61 77 546
1166 1257 938 855 919 1120 1195 1245 954 1288 1228 1142 1196 1178 880 926 1150 1198 914 936
282 1313 1427 1292 1356 224 1403 258 219 1341 1086 1335 978 1014 1360 1318 1100 334 1067 1370
234 980 932 1290 1330 965 1014 1321 215 1309 257 1035 196 1029 1334 217 252 1307 1342 191
1484 1524 1534 475 446 1492 391 400 1538 474 1535 346 365 1552 335 374 468 406 403 444
424 1525 455 384 410 1529 1542 413 472 417 1536 456 1562 1551 1483 1527 443 400 403 1553
314 1346 227 302 1018 1043 388 1415 1337 296 1031 1365 1316 1370 1429 1035 284 1411 981 267
681 701 671 697 639 723 711 819 802 636 713 661 727 675 652 687 854 813 779 768
451 493 462 1605 1536 491 1515 1614 506 1612 12 1562 482 1 407 1604 1559 1621 508 423
1442 1460 352 334 386 323 1463 370 343 342 403 1491 1479 1468 1499 357 307 1423 1498 318
1377 1421 371 1417 272 1350 1313 1466 1408 1312 331 1456 348 1461 1472 334 1305 308 281 1426
379 1464 1462 387 304 423 1436 1496 380 375 419 364 373 1434 320 1433 394 321 1487 434
1295 1420 236 339 342 332 1414 359 268 1345 1355 996 977 1381 1296 1024 1424 1050 1384 986
889 1256 1263 1232 1166 887 856 1235 921 942 888 925 1170 880 963 870 890 1266 959 1205
300 1002 1043 983 230 1455 1384 369 262 235 252 327 1337 358 1460 1289 344 990 218 1405
479 1584 6 25 499 1536 18 496 1599 1551 491 461 1 1618 1609 505 1570 1617 1596 471
243 1023 1299 1055 249 255 287 1353 1047 286 272 1424 1339 1001 1316 1417 1298 227 976 291
1517 1545 1567 1543 408 395 410 393 481 1502 1533 1478 470 1551 1553 453 1499 415 469 1481
1188 1267 954 1266 927 1199 863 1115 879 1165 1264 1268 899 1253 892 1230 1064 962 1128 926
409 1526 1525 1539 451 472 1542 1544 428 452 354 1505 1537 469 1472 456 1557 1519 389 368
1021 1348 1393 987 1362 1365 307 1049 973 1313 1412 1026 1398 1312 1333 330 1007 282 1431 310
348 1494 323 1361 398 370 1461 1408 431 321 388 1491 1443 424 1478 1436 420 1493 1518 1516
1616 1628 44 505 1606 541 1589 15 542 1587 496 1602 1665 1645 61 34 1580 506 4 509
991 1342 1043 1380 976 1300 1333 285 1059 1392 1387 1363 1320 256 1451 313 1366 295 1034 1062
289 1423 1354 319 337 1409 1365 1294 1452 1386 228 1415 338 258 1443 1028 307 1024 1419 318
280 1292 1001 1306 1030 1070 1339 306 1053 1277 993 311 1402 1432 1009 1026 1343 1297 1293 246
346 1431 277 1021 1354 338 1489 400 1490 1486 292 1460 1393 1390 1325 1400 301 1372 390 1377
1314 1385 1315 1334 281 1349 1378 305 1406 977 1091 311 1316 1377 975 1374 1417 279 1108 271
174 214 991 1003 222 1293 140 219 251 146 992 1298 286 156 181 184 1007 1005 990 155
313 372 401 276 333 426 277 1342 1336 319 1466 286 350 1335 1371 403 424 1498 1446 1502
1334 1373 319 1045 1331 1295 1098 1038 1424 1438 1323 1069 991 1371 279 1095 253 1357 276 1412
266 980 1353 1001 1076 1029 1346 1020 1071 244 226 300 970 1296 227 1010 1411 944 1341 1301
388 1525 478 1503 357 1477 1512 1453 1487 393 410 1524 458 1454 416 1568 1455 395 1494 310
