663 668 1310 639 654 684 672 633 1309 676 764 660 1307 605 627 529 728 1311 637 731
55 66 928 28 879 878 13 887 51 32 951 937 19 4 60 927 932 907 20 883
886 933 934 56 46 63 55 947 67 19 874 1 904 930 60 837 26 834 831 894
392 480 512 494 328 461 390 379 491 499 389 482 466 487 458 393 516 330 377 352
951 963 126 1015 946 108 1001 959 18 117 84 953 123 977 60 122 997 16 936 1014
560 587 594 599 693 682 701 614 621 593 542 569 710 543 694 536 433 687 444 539
20 946 127 56 72 63 59 886 133 75 35 67 920 69 37 41 931 939 2 136
1160 1177 1138 1190 1150 1189 1175 1185 1152 1204 1167 1143 1151 1191 1163 1202 1145 1198 1174 1166
630 668 518 729 616 670 671 637 629 727 534 735 641 614 652 647 737 532 726 739
7 66 30 16 28 73 951 893 907 1 65 11 6 948 5 12 48 4 949 943
840 871 853 836 847 70 860 885 117 854 852 845 121 114 109 848 828 846 883 844
252 306 226 317 1091 1116 296 291 330 244 259 249 265 336 224 335 293 1098 1114 288
330 342 363 380 391 466 308 461 313 283 328 353 339 361 350 359 470 262 321 292
596 710 787 675 804 785 720 547 795 689 717 620 554 588 565 603 797 712 727 679
1065 1087 290 1098 1074 1083 1095 284 1082 1081 289 1063 279 297 1093 1052 281 1089 1075 285
130 962 1007 1012 150 147 76 75 139 143 113 1014 122 117 137 1020 154 940 73 144
435 448 447 440 533 433 581 402 395 417 561 464 393 410 558 480 398 437 459 384
595 684 568 620 571 549 551 604 552 557 550 613 580 713 703 576 781 598 585 717
145 949 66 23 1006 170 69 76 57 67 129 59 1014 71 119 153 168 68 958 11
404 458 383 424 396 485 538 549 487 407 390 431 447 546 395 450 531 445 449 474
34 910 43 887 48 936 52 889 15 13 937 55 908 35 54 913 929 930 16 11
461 479 459 421 412 446 452 377 517 350 342 394 522 532 403 440 519 418 539 413
412 423 569 572 560 559 549 399 463 406 444 576 552 472 424 565 431 563 425 413
567 590 429 446 680 716 560 601 569 566 435 438 531 609 583 600 552 684 436 426
798 822 776 806 896 784 895 803 785 720 723 795 783 701 697 722 835 893 706 794
673 1314 627 721 669 1302 682 728 733 664 1304 680 606 720 1315 1297 715 772 662 692
184 199 997 999 196 174 187 212 213 172 214 210 202 216 171 220 995 217 194 996
324 337 385 382 475 339 313 317 330 298 349 360 315 316 272 328 326 327 467 310
555 617 535 610 435 407 589 569 421 445 433 634 1307 686 529 580 599 417 588 602
583 692 612 607 724 785 584 586 558 427 729 432 795 674 794 704 593 568 676 614
21 934 910 48 58 895 24 20 35 67 942 15 906 12 59 888 0 61 937 944
350 379 338 377 461 348 368 488 380 353 398 357 329 346 474 260 486 268 492 340
883 893 931 7 36 12 55 829 16 906 928 921 5 9 60 894 47 14 24 832
630 674 632 668 629 1313 614 774 673 686 663 539 652 1304 532 525 625 669 650 731
56 934 64 65 944 28 905 30 60 58 946 893 7 900 935 904 902 910 917 10
744 765 782 774 727 649 768 646 752 758 731 645 767 654 748 657 780 755 747 641
562 607 624 606 571 431 682 557 603 592 445 620 613 423 681 702 714 1315 616 558
983 998 1008 99 981 1009 89 982 991 90 117 1014 1003 181 975 122 986 1006 973 185
807 820 800 818 791 780 705 793 814 709 710 829 799 700 777 708 805 797 795 790
614 667 566 598 626 589 737 533 535 624 638 660 665 664 732 632 553 548 738 736
442 559 572 619 451 605 576 393 614 529 449 461 531 528 580 553 408 606 570 464
505 520 504 547 497 645 627 489 513 493 488 508 480 501 648 484 365 495 652 492
435 569 578 573 616 594 585 430 558 565 410 550 580 552 403 602 600 542 402 451
310 334 296 379 1113 315 1105 1096 349 331 261 381 378 370 1111 469 351 326 259 376
1103 1135 302 287 1070 284 1107 280 1155 288 311 1096 1101 308 299 1147 294 1117 316 1125
139 961 125 967 126 946 161 166 965 146 1011 156 111 1028 953 941 151 141 950 115
453 537 570 556 427 408 383 389 407 394 619 458 574 624 395 416 428 514 545 402
1109 1139 1112 1123 300 1140 1108 1120 1156 1157 298 1103 1132 305 1121 1117 286 287 1154 302
1240 1251 1213 1212 1218 1242 1224 1233 1245 1267 1249 1214 1260 1244 1257 1225 1221 1236 1259 1248
1209 1216 1207 1242 1184 1221 1193 1192 1246 1214 1186 1235 1240 1233 1250 1226 1248 1223 1201 1225
605 613 553 551 682 600 616 726 691 694 698 674 558 696 669 631 538 678 588 592
1236 1247 1243 1220 1250 1196 1256 1206 1223 1248 1201 1216 1222 1242 1209 1253 1213 1218 1214 1228
327 475 360 337 407 384 379 372 408 278 415 354 298 335 282 367 481 401 491 399
1032 1044 1053 1043 1010 156 1017 168 1058 1019 1025 1057 166 1049 1018 1035 1011 163 1042 1046
925 943 34 7 128 150 959 949 39 960 0 20 69 135 63 931 908 147 2 910
441 555 554 448 582 610 595 423 462 557 539 438 606 605 434 584 422 395 563 613
23 934 891 13 42 881 907 10 65 7 890 924 922 940 17 41 69 18 12 932
556 610 447 548 681 550 712 720 571 568 429 671 623 415 547 684 674 1305 607 1315
394 482 326 393 462 456 525 488 446 323 491 473 497 364 352 453 350 483 468 324
290 317 272 1100 1105 322 262 271 280 276 277 331 279 1067 329 1093 1102 236 332 333
458 542 566 535 455 414 403 556 392 454 540 409 468 384 483 620 399 568 604 612
12 925 26 924 19 60 55 6 884 29 926 912 69 917 901 935 10 940 59 50
1061 1075 1097 1067 1091 281 278 285 1062 1065 1092 1101 1080 294 295 1079 1081 1053 1050 284
735 745 656 729 762 670 678 739 724 751 783 787 744 680 778 782 672 763 673 666
921 933 904 945 896 31 935 21 13 20 42 64 55 884 942 941 918 36 57 17
1089 1102 303 311 1136 1096 1116 1114 297 309 292 289 306 1122 1118 1112 284 1080 301 1120
468 488 505 356 480 409 448 324 376 345 408 332 382 526 374 359 368 444 339 494
171 212 189 1010 1024 203 225 1029 209 179 175 1011 1002 128 139 174 144 1014 1008 158
1064 1084 295 1068 291 1088 296 1058 1089 1054 1050 1075 1072 293 1090 1074 1059 1096 1049 286
563 576 540 532 442 605 602 544 421 616 432 559 614 582 434 591 585 586 548 691
17 880 830 895 882 39 876 70 37 2 24 44 873 898 932 835 843 36 912 894
399 465 449 464 404 478 432 459 379 390 428 469 374 425 487 382 337 485 398 474
1200 1241 1210 1218 1208 1184 1176 1219 1242 1217 1189 1222 1186 1205 1212 1216 1231 1214 1232 1223
31 905 898 923 46 924 61 895 15 40 901 25 918 920 917 36 896 931 26 53
258 335 221 347 228 295 287 479 246 227 486 232 286 293 264 358 230 226 326 270
578 599 703 541 702 551 616 686 676 542 570 423 577 591 432 711 618 696 624 708
398 426 378 416 573 582 444 454 407 576 384 402 427 423 566 424 456 451 446 400
12 910 52 946 950 70 7 904 928 893 19 916 64 918 919 26 27 21 41 943
698 717 727 789 778 683 603 593 602 805 583 679 587 597 694 588 701 685 799 608
132 954 153 952 151 124 1021 1005 81 955 64 73 168 65 145 174 63 119 77 139
602 619 682 662 590 577 705 551 711 708 531 545 592 667 690 716 718 624 1311 565
441 575 447 537 566 403 460 439 395 591 572 435 454 423 450 459 557 430 408 551
92 111 102 81 995 1000 967 983 119 988 958 974 991 957 980 872 978 79 961 959
492 510 502 517 498 508 637 483 520 644 343 382 370 373 347 491 383 369 501 379
94 861 95 100 110 991 843 754 79 91 113 845 986 867 109 86 873 859 84 105
265 346 270 244 292 469 466 325 221 302 479 494 268 245 230 350 250 344 233 263
392 448 398 469 435 562 451 428 463 459 393 409 552 429 532 539 471 417 389 445
192 207 226 190 224 985 180 206 223 178 185 211 196 987 210 220 197 186 986 182
266 279 273 289 339 233 322 1066 340 309 247 225 243 259 1099 1101 300 307 304 1095
735 758 864 741 848 646 650 764 718 738 642 655 679 763 788 769 777 636 722 771
1110 1144 300 1135 1113 1163 308 1155 1091 1094 1137 1107 1090 299 298 1126 1129 285 1131 1138
120 126 954 1009 866 118 73 72 947 1020 1002 999 948 955 1006 939 113 971 125 116
581 614 695 710 555 620 532 671 707 692 690 531 693 586 543 582 689 688 597 622
604 1311 609 1286 1292 709 612 603 681 702 580 1308 670 715 577 671 574 711 1315 559
779 813 729 797 823 734 690 689 806 828 696 685 792 684 739 693 767 825 677 798
632 661 674 630 664 515 657 667 529 648 673 650 655 526 665 663 628 522 617 654
965 995 955 996 1005 74 976 952 188 131 112 111 87 1012 114 117 954 78 998 980
536 550 415 593 432 557 421 515 440 424 520 414 452 456 577 589 551 538 583 566
25 923 935 19 42 921 52 917 14 942 936 57 0 919 896 30 53 901 10 892
796 822 777 801 821 707 828 827 696 804 772 817 793 710 798 810 709 812 691 711
551 566 600 613 583 417 524 546 544 580 445 538 425 411 579 567 569 575 410 610
415 439 563 476 446 436 430 432 464 391 556 418 449 565 553 539 438 423 408 555
231 249 210 243 252 295 218 290 237 296 306 301 224 230 229 298 289 227 273 235
148 1011 995 952 152 1024 1026 941 141 961 962 176 1031 965 956 161 946 942 1001 142
801 818 795 808 833 796 799 697 710 797 791 705 820 698 830 805 821 803 718 702
440 570 418 392 535 588 438 585 411 536 534 548 399 582 595 429 435 551 420 613
83 121 865 1004 1009 871 968 962 955 70 959 954 956 855 74 133 77 861 868 963
556 609 691 443 711 678 719 611 552 422 577 676 723 694 541 671 685 555 434 614
827 832 784 776 896 891 782 890 882 797 789 897 777 834 821 785 842 839 883 823
404 427 467 560 579 391 443 399 430 380 456 382 561 449 566 441 481 432 567 552
432 585 571 611 409 706 411 559 688 704 615 717 434 444 451 712 709 551 610 542
138 950 150 1012 147 142 963 164 152 935 948 70 10 161 159 59 1023 1014 11 58
705 800 789 713 825 783 722 698 695 784 814 822 819 608 798 806 598 697 595 600
966 975 88 994 995 970 1006 963 101 991 129 107 992 112 74 110 998 999 981 76
715 783 679 725 823 612 802 800 607 703 584 768 788 591 608 594 790 831 830 605
438 448 419 415 557 387 465 466 540 385 434 553 554 460 422 548 472 397 556 580
582 620 676 428 540 541 677 1308 555 554 687 579 591 696 682 618 601 532 429 605
1144 1150 1163 1143 1139 1121 1120 1166 1132 1164 1133 1105 1116 1125 1155 1151 1161 1131 1137 1157
291 1075 311 246 308 314 277 248 1112 233 274 1107 239 1062 1094 1106 1070 284 1098 290
959 972 945 130 963 112 124 991 1015 946 79 127 108 953 109 981 120 952 1007 114
230 243 246 293 303 245 223 300 220 232 299 261 265 294 233 247 211 263 288 255
664 679 583 1305 649 525 739 704 673 715 608 681 708 654 700 710 772 627 524 722
931 945 121 55 893 140 153 68 32 125 71 141 138 132 949 942 923 37 148 918
17 55 18 45 51 48 69 52 3 892 900 916 945 43 20 937 934 920 929 935
90 106 992 82 78 102 99 850 91 80 854 979 77 79 991 998 865 868 967 997
326 393 338 475 472 325 277 280 456 450 459 383 301 313 412 377 287 305 461 400
561 582 578 548 544 527 558 530 712 448 426 446 418 602 587 613 581 564 618 696
124 143 112 132 150 131 956 76 873 952 111 942 955 149 113 1019 938 973 943 969
139 155 1018 959 143 941 165 1019 944 160 955 1009 958 157 1012 951 146 1005 961 156
708 804 704 693 703 598 683 591 677 799 604 796 816 590 700 809 780 705 697 807
304 316 314 288 291 247 1101 323 301 284 303 267 1103 257 290 1108 281 328 334 326
644 753 761 512 656 859 514 635 642 647 633 762 746 863 758 741 851 631 751 641
42 921 901 940 57 47 908 896 937 29 61 14 37 31 53 917 10 17 56 925
346 386 398 392 270 413 448 347 335 363 466 482 356 401 344 258 266 343 368 261
750 765 849 843 755 742 852 737 862 779 860 758 734 748 731 858 854 757 752 857
721 731 677 670 719 799 741 682 732 711 679 680 698 789 694 707 608 710 685 692
590 699 698 799 728 717 613 697 719 575 790 585 680 600 611 588 589 700 564 792
655 662 763 743 521 674 624 673 661 759 513 622 516 761 627 744 614 527 636 618
113 959 112 133 852 124 968 995 134 117 1010 865 989 947 991 1016 122 119 76 1018
1058 1063 1046 1051 1057 1087 1071 285 1047 1049 1050 1089 1066 1090 1054 292 1091 1067 1088 1062
1297 1309 687 614 607 1316 622 617 1294 1284 1313 1283 682 608 1295 1289 689 1314 676 1281
95 980 848 93 852 979 974 91 971 855 996 976 86 981 970 109 861 99 116 101
292 1107 1140 269 1117 284 323 1121 285 1098 1065 306 1120 325 266 274 1145 1131 233 263
604 667 550 694 1309 697 730 735 617 691 567 619 1316 673 582 588 573 700 548 564
650 756 505 737 764 770 519 853 497 640 746 741 762 851 864 661 656 637 643 738
1161 1170 1142 1177 1173 1172 1164 1168 1160 1144 1193 1148 1182 1157 1151 1184 1141 1196 1150 1155
397 465 486 464 338 328 345 443 532 448 484 438 381 462 368 391 337 470 420 419
1160 1177 1140 1198 1195 1165 1185 1173 1138 1167 1199 1202 1150 1148 1163 1187 1196 1159 1153 1142
525 655 639 477 494 493 762 643 620 633 543 641 644 546 496 495 742 482 505 498
680 722 787 773 708 626 607 732 686 627 789 1316 689 1304 587 623 621 1314 782 699
