268 940 246 945 265 942 155 273 160 157 957 936 167 278 249 269 922 276 291 251
897 900 870 62 865 875 910 56 59 851 49 51 892 112 65 111 831 911 102 886
187 204 211 188 232 231 203 205 173 175 213 206 197 190 208 215 186 179 181 221
627 639 607 564 598 632 633 628 592 561 569 568 659 645 597 601 650 588 643 638
570 601 582 544 623 589 540 641 630 578 616 560 631 614 600 561 615 564 559 611
179 221 214 220 180 212 161 219 208 191 175 181 203 227 163 234 228 173 183 205
531 554 533 525 558 566 569 555 549 522 511 520 529 519 571 528 576 543 535 562
128 151 135 907 934 768 904 92 133 18 782 19 950 163 137 117 908 784 112 9
42 82 828 835 833 903 902 53 898 829 72 900 75 51 121 912 43 918 61 66
59 871 901 839 883 36 76 860 884 865 858 836 48 851 877 43 39 842 84 855
40 52 851 890 849 856 67 56 852 892 32 65 846 89 889 888 844 79 66 897
12 773 33 758 153 13 751 5 782 756 161 789 32 3 783 755 140 16 146 763
18 27 38 760 152 19 773 147 761 3 764 151 777 7 10 20 15 779 758 29
75 109 889 919 40 100 83 101 62 831 129 827 930 914 928 87 888 915 111 922
169 212 207 175 955 961 198 154 958 196 206 167 962 215 178 184 186 218 951 170
250 259 265 261 238 961 263 242 270 944 949 239 255 235 950 253 269 271 958 955
369 384 377 351 392 374 342 407 355 410 396 373 340 411 343 414 383 380 346 348
168 940 177 954 926 934 961 243 160 154 290 955 153 151 203 252 949 268 931 277
308 914 130 95 338 288 78 915 335 286 124 821 303 906 826 310 127 73 79 285
30 143 37 770 38 39 764 130 25 23 783 16 794 780 33 768 752 145 142 785
382 409 388 399 404 383 387 424 406 385 375 421 408 392 426 369 391 389 422 420
85 909 819 914 51 49 913 894 57 54 47 835 94 102 80 96 120 122 78 844
335 362 344 918 921 372 315 345 324 327 339 325 319 316 333 342 377 920 360 378
110 828 896 825 902 88 914 129 90 837 931 83 921 911 80 99 901 822 101 84
844 852 881 55 91 911 900 83 59 840 834 79 909 77 888 866 854 860 838 870
554 571 534 536 586 543 564 634 598 578 572 535 580 526 576 590 542 561 531 573
649 662 585 669 584 636 661 645 586 657 633 676 675 582 638 667 660 672 644 640
853 904 822 912 57 882 892 842 47 913 48 845 841 863 70 102 114 60 125 819
297 921 107 319 93 336 916 106 289 316 88 324 923 97 311 125 932 114 330 129
476 499 479 462 485 487 454 488 520 475 477 514 473 448 467 455 480 486 449 453
783 796 786 775 141 790 805 773 774 137 779 798 143 769 146 151 787 145 148 768
4 758 767 23 10 7 11 6 753 742 757 761 24 745 755 760 149 17 8 13
331 918 294 904 830 100 909 94 305 105 315 320 349 337 346 312 287 822 99 330
502 511 513 517 492 504 486 516 501 512 494 530 493 488 481 510 505 483 498 500
822 908 298 933 59 926 100 128 71 126 910 299 132 66 929 73 919 101 896 102
563 617 622 595 553 555 556 598 590 570 573 626 540 610 589 554 580 557 572 627
429 435 408 415 436 454 453 417 448 416 411 447 438 412 446 441 457 422 419 445
587 623 563 626 583 567 571 564 617 559 599 646 605 632 576 635 569 643 590 644
50 68 841 897 49 58 82 94 838 71 861 852 883 904 865 74 79 846 857 908
14 156 771 748 131 142 6 171 126 770 137 157 3 30 135 753 165 154 127 756
257 960 949 959 263 242 933 154 945 961 231 962 163 936 954 956 252 156 237 244
573 606 614 555 556 550 613 553 602 628 587 549 596 634 547 569 583 639 546 561
92 108 119 930 904 834 110 824 112 925 106 73 125 59 900 124 911 837 901 896
368 379 401 402 372 352 375 365 359 355 338 344 364 394 363 407 373 339 360 390
148 788 765 769 29 150 159 767 17 27 805 773 786 772 31 798 142 802 776 785
26 761 35 776 150 13 747 763 773 152 5 28 29 21 36 780 755 779 12 38
571 613 574 569 604 616 580 641 611 634 576 630 614 558 570 598 555 624 559 567
508 514 485 520 498 496 509 518 513 483 529 487 533 492 478 482 489 515 476 477
471 494 507 490 510 482 491 478 517 463 519 467 502 511 451 503 444 484 509 462
613 624 601 610 585 575 625 559 565 638 616 607 596 586 572 567 612 634 587 588
384 399 414 410 396 402 377 369 370 412 417 372 371 405 375 404 400 388 383 415
165 206 952 949 168 189 944 187 171 222 191 199 150 172 203 939 5 224 226 218
86 916 291 302 845 87 85 103 827 297 316 125 98 325 847 96 816 95 844 815
271 278 288 957 947 277 930 297 939 923 942 937 936 934 950 961 256 295 287 956
66 863 90 898 95 891 93 884 845 843 880 897 38 848 72 84 45 894 890 853
75 91 110 71 98 891 905 896 910 136 116 92 118 826 95 918 53 917 911 838
678 684 667 673 672 676 694 695 677 674 668 680 697 699 671 675 665 687 683 682
45 900 112 120 80 65 97 48 101 907 911 109 894 56 76 64 70 852 827 77
61 81 841 125 87 97 96 884 885 89 838 83 75 903 853 121 850 882 891 74
32 775 789 142 761 776 766 37 139 14 45 44 147 11 19 757 764 31 36 145
267 922 336 264 110 281 316 305 318 956 828 303 941 115 287 325 951 830 931 119
926 934 941 288 302 95 912 320 942 252 816 261 284 318 321 101 815 309 925 296
101 118 90 827 897 79 74 933 836 100 97 834 908 135 125 94 901 833 99 930
100 819 134 903 834 98 811 936 122 119 922 925 89 820 927 920 130 932 918 129
297 916 823 906 918 299 78 332 814 293 88 819 296 124 126 930 323 912 298 325
270 921 958 914 304 305 124 259 824 284 959 957 825 950 277 262 940 295 285 942
255 266 268 244 928 262 256 263 954 280 940 271 261 934 276 923 240 247 274 252
336 342 326 359 350 347 331 328 351 322 316 357 343 333 912 327 320 329 913 317
327 917 330 91 98 289 906 921 78 365 355 825 918 926 126 323 820 93 298 342
315 323 911 302 328 343 334 933 307 338 300 922 916 356 910 304 924 360 330 353
163 182 157 206 167 224 945 947 165 202 953 152 150 170 6 220 946 216 200 227
833 839 908 856 61 889 841 910 102 83 859 825 110 842 66 851 914 53 59 894
352 368 334 342 379 326 325 331 376 337 351 329 369 345 341 374 377 336 324 370
621 637 561 567 635 587 579 656 564 645 607 590 585 575 623 611 649 613 582 612
5 153 765 947 20 135 15 150 161 131 145 126 746 154 127 133 960 24 950 16
266 932 250 276 246 257 823 943 273 125 296 280 277 813 945 915 294 295 126 261
919 931 84 261 250 824 256 955 96 930 945 311 315 111 265 90 944 938 316 125
133 935 295 956 145 95 815 934 947 958 936 150 946 147 288 919 273 268 138 955
568 578 589 616 591 559 557 583 554 614 569 600 644 540 610 592 595 628 604 637
98 928 926 123 899 270 106 111 912 103 831 94 88 918 833 929 922 120 102 134
818 936 261 263 913 120 828 125 135 123 240 126 252 904 826 133 931 281 935 286
291 301 933 317 907 306 308 909 934 296 912 927 928 939 923 319 917 295 936 318
0 147 781 760 790 770 767 135 777 156 17 27 154 132 762 158 30 748 162 138
238 950 162 163 241 253 231 260 939 250 235 244 242 947 946 268 273 165 232 168
583 637 654 659 598 562 643 627 617 560 639 615 658 572 584 604 642 650 653 632
91 898 48 41 133 121 918 919 908 823 825 78 897 881 916 71 122 54 44 822
590 647 646 597 672 583 607 654 665 615 587 568 588 609 581 641 603 640 601 655
922 932 827 327 325 264 98 328 916 130 99 822 248 281 826 103 302 262 282 113
87 919 335 321 279 120 117 336 289 824 128 134 95 318 65 906 314 77 106 930
843 878 73 856 851 857 70 63 886 890 858 854 65 835 853 56 76 57 75 846
489 501 513 463 481 516 484 467 518 510 468 515 479 461 470 508 488 466 522 498
316 918 280 92 86 334 124 827 914 324 320 338 288 311 122 306 129 916 83 828
144 152 14 776 772 958 773 157 34 796 17 955 166 35 767 794 4 779 950 170
633 643 577 607 637 568 639 605 598 575 656 629 634 616 574 648 663 631 595 653
40 55 857 74 82 899 883 842 884 895 845 901 58 85 35 86 83 882 835 37
723 732 726 718 737 741 744 734 712 742 733 719 735 721 716 739 731 717 730 714
339 362 916 373 348 365 332 336 360 375 321 320 344 331 921 347 333 353 364 371
61 79 75 45 857 855 102 860 39 841 77 91 62 873 902 113 50 53 95 869
70 849 875 867 43 832 907 93 861 72 909 865 851 884 841 868 47 891 912 38
68 833 54 37 915 41 894 848 93 67 855 918 103 89 895 50 76 919 902 66
888 893 74 830 887 49 874 60 76 878 90 68 875 834 40 73 84 71 899 901
585 627 597 564 621 630 616 594 643 582 586 570 603 592 579 604 578 612 595 562
63 77 886 908 60 865 86 95 92 913 110 55 864 109 45 879 841 117 894 51
788 791 779 781 773 786 147 782 796 146 148 150 143 137 804 771 800 149 138 141
65 853 886 854 885 899 890 92 53 77 856 75 904 900 844 867 858 842 44 84
94 124 931 102 822 841 108 84 99 95 915 911 106 932 107 906 101 908 900 899
513 529 538 503 524 547 487 489 519 558 499 539 509 545 540 498 516 497 496 514
471 488 444 455 462 477 515 512 494 481 456 483 478 480 454 457 467 460 450 485
568 617 545 611 583 546 569 578 550 624 636 552 567 599 639 620 543 555 600 593
28 770 19 751 145 749 18 153 754 5 14 143 146 756 2 763 750 152 746 148
833 917 926 315 305 841 79 72 890 914 294 122 108 835 320 81 131 831 892 123
575 616 573 617 583 606 595 629 596 584 565 628 567 557 620 570 594 586 590 563
312 915 282 914 125 76 912 901 310 333 82 296 288 314 930 91 317 307 921 99
881 893 76 877 905 847 871 91 45 89 49 868 895 73 82 850 53 903 866 68
282 943 914 267 241 165 913 272 917 257 240 244 296 155 162 916 279 247 295 937
144 791 796 158 28 766 799 776 789 780 156 130 157 786 802 152 783 30 774 803
344 356 341 360 379 352 377 345 328 359 376 351 327 343 350 375 374 339 358 365
129 145 935 29 97 914 107 768 80 918 103 83 159 108 93 117 789 785 788 777
434 440 427 431 457 466 461 454 448 441 459 444 468 432 463 439 462 445 452 420
55 877 906 848 886 901 895 903 908 837 48 905 838 907 69 42 885 88 865 85
148 780 127 32 795 762 28 136 162 25 133 773 135 154 1 10 24 0 12 786
55 892 65 865 906 858 40 899 842 35 53 840 848 884 902 894 45 889 70 841
679 688 671 674 677 696 689 702 695 684 680 693 683 691 701 669 686 690 675 700
6 155 160 138 759 166 28 765 154 167 769 948 958 961 144 941 29 747 768 20
937 955 244 243 290 296 270 297 254 238 257 295 286 276 277 939 236 938 299 125
890 901 76 910 66 823 96 105 69 79 62 847 49 841 912 115 851 894 67 857
69 912 928 884 309 44 889 319 55 318 880 78 899 40 130 850 904 54 335 125
62 82 841 888 123 861 917 834 906 855 828 128 66 829 84 850 854 120 59 905
179 225 171 230 180 192 185 175 226 228 163 219 193 234 238 164 209 191 208 201
896 906 888 66 886 845 895 43 897 58 134 77 123 826 866 118 822 102 50 831
602 636 605 573 653 599 577 632 583 655 645 644 572 581 623 611 630 634 643 588
271 922 942 276 948 111 923 913 816 115 950 101 99 98 910 119 926 282 822 314
583 623 639 650 573 579 615 599 587 561 581 588 593 624 592 560 591 621 576 604
525 539 521 567 551 511 566 514 504 560 529 507 562 555 516 522 528 513 543 550
831 843 863 849 97 907 74 895 905 73 825 56 909 918 79 859 923 54 913 883
26 776 25 754 1 151 28 142 760 21 749 770 777 745 784 37 18 756 20 757
64 78 94 109 59 118 859 111 79 845 104 95 38 99 853 849 106 851 875 86
721 729 742 710 728 733 720 737 738 727 739 723 734 735 719 724 706 740 741 730
840 912 889 307 122 123 820 129 814 854 90 93 923 73 331 121 288 320 838 317
239 243 945 962 960 233 234 954 256 257 949 934 941 957 249 248 230 938 259 948
13 754 26 767 9 22 161 759 772 155 755 31 760 756 149 21 752 775 751 768
270 938 259 254 934 950 273 945 951 241 815 240 280 932 952 956 929 291 267 162
587 619 604 583 608 571 564 576 563 607 634 581 638 591 630 559 645 572 577 593
36 49 906 62 908 887 53 889 32 839 80 82 79 888 68 40 907 75 905 64
208 227 219 199 195 217 193 168 173 226 177 194 198 170 212 231 213 164 209 185
29 775 37 146 14 761 787 8 0 151 35 748 12 786 768 41 760 42 762 147
287 297 912 292 943 309 907 295 930 938 286 298 315 917 302 931 277 279 283 288
257 954 929 268 239 943 271 266 237 253 941 259 245 156 159 231 945 170 262 254
763 779 26 773 7 9 771 780 6 152 13 785 791 25 31 8 768 32 751 769
163 947 942 272 166 268 204 941 959 205 4 237 955 251 148 954 8 250 932 156
