1462 1503 1528 1496 300 1481 288 1449 1437 1475 1505 1512 1444 1520 1431 1638 1664 1492 1501 280
262 1637 1490 118 314 290 1676 1516 1567 294 1550 1668 1633 1452 1443 1566 1641 1670 1467 1628
327 1607 198 344 1601 210 242 366 356 1615 251 1605 345 335 1614 195 369 347 232 358
932 969 990 950 886 949 965 1000 985 904 955 951 1171 994 975 967 986 1085 977 894
10 424 425 480 529 472 471 1724 24 517 1712 519 477 463 1 440 460 423 473 3
37 89 1704 302 92 87 15 185 50 1661 184 1695 278 112 32 101 1674 58 140 1664
826 1066 787 1033 803 1050 804 1116 805 924 1055 835 840 1051 915 1069 1086 783 1083 1056
1122 1260 1245 1284 1010 1309 1290 1307 1249 1027 1112 1017 1140 1128 1127 1289 1302 1102 1223 1287
884 972 975 931 1167 917 771 864 909 772 938 866 951 923 1181 867 973 912 943 936
980 1178 935 926 880 937 872 971 918 1183 1153 910 1164 933 992 894 1160 911 881 1173
339 1589 318 380 1598 325 1582 226 361 1600 332 335 219 1603 221 334 224 242 1570 321
564 595 597 684 592 585 588 524 638 593 664 669 475 691 647 536 532 556 562 573
1010 1094 1079 1060 1115 1147 924 1085 1075 1114 1125 1056 1123 918 1006 1129 914 933 1150 998
1070 1099 919 1096 1030 1085 1034 1276 1138 1160 933 1270 1103 1081 830 1136 1014 1154 923 1254
1497 1636 311 296 1485 287 1463 1515 314 1625 320 1535 1627 278 1675 1668 266 304 1549 309
56 166 69 26 1674 292 140 285 66 38 156 91 116 82 1549 24 185 133 282 1676
1086 1147 1159 1175 1020 1182 1239 1040 1170 922 1119 1033 1177 1127 1137 1244 1001 1139 1247 934
1530 1622 87 1639 88 1484 1634 1676 1564 193 1437 1637 144 296 1503 1556 1682 285 200 287
1285 1318 1302 1358 1328 1266 1339 1105 1319 1235 1314 1348 1323 1282 1238 1356 1344 1327 1110 1363
1379 1410 1356 1393 1439 1446 1354 1414 1435 1353 1345 1377 1442 1454 1397 1369 1427 1361 1429 1438
1661 1675 1574 190 165 1635 139 1448 1459 1505 1490 161 143 1639 170 180 91 1478 257 92
47 105 92 27 158 73 1562 88 1683 310 192 160 63 25 186 31 61 93 275 172
1006 1125 1078 1281 801 1066 1007 1111 1019 927 1109 1037 1063 1045 1051 992 1000 1279 917 803
306 1522 108 242 1630 300 190 261 327 1534 1690 304 1611 248 328 1560 1460 208 124 1500
13 1712 418 10 22 128 460 1694 114 476 181 183 1715 1730 118 426 33 31 517 185
537 565 543 555 531 570 516 525 595 15 553 569 554 604 552 542 529 513 547 563
1165 1188 984 938 1142 1154 976 1207 1152 978 1204 983 1193 985 1218 941 1227 982 959 955
829 1056 1069 785 861 1039 1007 862 1082 1031 999 790 1084 796 1074 928 860 927 1036 915
183 1695 105 1708 261 303 163 1707 251 79 98 211 319 131 52 229 307 195 89 171
65 95 160 47 49 1680 48 182 304 1711 124 82 142 130 1546 136 270 189 272 70
1001 1021 927 1123 796 1136 1134 1105 1062 1069 904 997 905 1084 1090 1027 1042 937 1024 1126
297 1662 274 1688 307 281 1554 1449 256 122 1676 1448 98 1690 1639 162 1462 1466 91 263
882 988 744 910 992 1010 932 993 955 925 1072 965 861 853 913 865 1150 1006 1084 1005
1081 1100 1099 919 1032 1162 1119 1255 1041 1079 1067 1263 1073 1011 1112 1055 1078 1115 1275 1251
1226 1268 1161 1124 1145 1200 1288 1158 1103 1305 1295 1150 1239 1120 1170 1153 1287 1199 1238 1262
897 987 942 1079 983 912 772 973 958 1162 939 979 947 1161 891 1150 861 1151 982 853
198 1561 199 312 1644 1672 1641 1623 128 1569 246 174 171 1541 123 251 117 334 1631 1560
74 127 1688 1672 255 1680 274 52 107 150 185 175 301 1711 91 1702 79 1695 315 218
795 1059 904 856 839 849 1003 847 912 776 1055 796 844 772 821 923 920 909 783 714
137 1556 1573 261 1661 1641 1685 120 1566 43 303 50 132 1557 314 109 65 293 1574 1548
891 987 928 890 967 779 931 989 737 1083 735 980 867 1080 1071 750 1078 960 1161 866
230 1614 1574 262 264 187 329 1622 1582 311 300 206 208 345 328 373 232 308 240 1558
1169 1200 1216 946 1152 937 1142 1158 1197 949 1176 1185 1160 1234 1143 976 967 1189 1208 1140
1511 1629 1485 313 301 247 1614 1486 1645 1564 1689 1539 318 1687 248 1567 1686 1680 1438 1654
1163 1181 1209 1156 1144 966 940 1213 961 970 944 979 1160 1215 959 1159 1185 950 1099 1162
201 356 174 316 1614 337 377 199 243 183 1585 180 218 325 1551 254 126 324 1559 1579
1228 1288 1211 1300 1226 1335 1131 1294 1316 1130 1229 1251 1201 1209 1263 1306 1242 1261 1271 1299
17 444 31 51 479 520 448 438 2 8 15 469 532 431 442 519 441 447 16 432
978 1190 1175 934 1229 991 1152 943 1164 1217 1188 1212 1221 965 913 945 972 1225 1165 1205
224 237 319 359 262 1583 1606 1621 330 348 1599 180 337 1601 1565 332 370 369 256 204
944 1164 987 903 899 1211 951 950 866 931 1198 1156 988 1000 991 1227 1197 978 1159 981
100 1669 1559 1546 293 204 199 1519 1705 1567 189 185 1683 87 125 254 258 148 187 291
1103 1246 1303 1009 1218 1112 1007 1017 1111 1086 1283 1284 1235 1000 1307 1241 1309 1155 1306 1025
1644 1660 1576 261 1457 1650 1464 1520 1444 1476 176 1454 265 1443 1511 296 1473 1662 294 1657
245 332 201 260 195 312 350 1589 224 355 1584 370 302 376 1598 330 217 235 237 220
0 1713 429 398 522 428 507 1707 396 521 421 1717 481 443 414 108 1715 1731 33 438
900 949 957 850 993 856 887 945 952 851 860 966 864 950 938 989 914 941 1157 962
167 279 1663 150 1631 271 1679 1491 183 1554 296 185 81 1649 87 267 93 300 1508 1478
1077 1149 1096 1225 1242 1192 1111 1231 1183 942 1227 1136 914 993 1109 1041 1062 1175 1106 1081
98 204 133 187 260 1554 78 199 296 221 25 105 300 1615 299 267 1588 193 40 53
575 699 661 667 718 617 689 665 721 787 691 587 693 608 663 529 643 589 632 525
151 1682 1683 1655 299 1631 1659 47 83 138 264 147 164 162 1685 1554 113 1522 170 149
241 263 251 1527 1547 1572 309 1552 282 1617 1546 316 211 318 115 334 311 125 225 1687
925 1065 997 833 842 1109 890 882 955 1074 876 811 940 930 802 963 795 877 914 994
119 309 123 1662 83 235 190 71 199 212 1689 1569 54 266 87 1626 324 91 57 183
405 470 1728 462 471 487 1731 502 397 361 407 438 460 608 602 351 10 441 385 398
1542 1555 1659 1517 97 88 1698 1571 1538 1696 171 308 1506 1551 1516 1626 132 104 1625 1545
851 924 860 1086 998 832 806 929 983 830 1033 940 1082 1007 831 1056 920 978 829 1071
484 643 517 583 475 527 588 520 596 671 454 460 646 600 468 589 470 523 606 500
1078 1124 1132 1070 994 1021 1100 1001 929 912 1025 933 1083 999 1279 1038 1040 919 1122 1053
317 1590 243 1605 1572 1610 194 247 1561 233 1558 221 253 344 272 1576 258 315 203 309
898 934 915 920 873 780 1154 954 778 886 906 912 1007 907 771 914 781 748 746 1160
1115 1273 1023 1284 1113 1074 1122 1132 1125 1262 1293 1071 1244 1099 1286 1084 1116 1070 1257 1126
1709 1731 417 48 407 1692 63 439 443 455 9 125 52 418 39 90 44 433 416 114
91 159 271 52 119 126 1677 124 284 1691 1676 156 147 299 1686 288 1558 115 109 55
237 1580 205 202 339 239 353 203 1552 1575 225 313 200 201 258 340 341 357 197 1634
1271 1291 1235 1230 1317 1238 1246 1242 1111 1137 1133 1256 1102 1270 1332 1136 1254 1121 1232 1273
51 1693 132 1682 80 75 125 57 1655 296 1694 169 1708 181 1542 276 184 130 154 1681
974 987 912 937 955 1000 1148 885 922 975 918 857 914 890 989 1150 892 1081 972 980
864 992 1056 977 788 1014 956 785 932 842 939 888 778 1066 1143 791 874 910 959 1039
1487 1647 276 1476 1468 1639 1473 267 1631 1692 1432 1434 1677 1444 1421 289 1536 1644 1641 1657
499 512 476 639 615 635 593 491 432 471 527 611 418 494 616 465 661 17 591 433
1567 1687 181 316 117 124 1641 317 262 1668 177 269 1644 172 235 271 135 173 126 167
18 26 10 16 431 445 1733 101 428 1721 437 51 433 38 128 39 1701 15 422 1699
283 1539 1668 1542 1500 174 1564 163 1661 169 1673 1692 265 1620 297 151 1523 1681 1664 1691
1412 1427 1465 1654 1391 1400 1421 1382 1434 1390 1628 1456 1436 1646 1422 1404 1454 1407 1399 1426
269 1506 271 1556 286 320 187 1693 275 1519 1499 192 300 1527 1677 307 179 1579 92 113
996 1059 1028 946 827 921 1015 948 1067 1148 887 930 870 912 821 1044 866 889 1042 986
995 1141 849 1260 1249 1124 1280 984 1022 1003 1272 886 851 1126 1258 932 1268 897 1246 1106
203 242 135 116 108 217 1567 1562 1604 309 99 1585 1587 207 348 110 1695 357 1576 224
1506 1522 290 260 1533 267 1633 1536 303 1666 1521 1464 1632 287 1510 1501 1537 169 1502 1507
1233 1268 1273 1262 1110 1117 1231 1224 1221 1130 1211 1304 1208 1205 1286 1264 1111 1215 1132 1302
1114 1146 1006 1226 1091 1010 1113 1007 1255 1152 1234 1241 1097 1023 997 1109 1084 1124 1074 1206
1132 1283 1149 1279 1073 1137 1134 1122 1260 1317 1257 1324 1067 1068 1248 1258 1315 1228 1120 1095
57 122 200 263 1562 94 1554 99 1684 188 214 54 1565 36 20 1676 127 144 1708 1689
929 1012 1066 1149 855 1016 1050 1063 1115 961 1068 982 1132 1147 860 1009 995 1136 1013 1000
880 939 1000 787 948 878 957 924 1170 973 770 987 884 903 1075 1152 856 854 780 1155
59 77 56 1697 173 103 291 47 283 1675 1702 96 1683 184 43 278 84 42 129 26
237 315 340 124 188 120 1559 112 1607 317 1633 330 1634 1618 1610 342 1597 301 185 296
570 696 589 522 653 719 606 616 784 717 721 708 681 566 712 676 732 651 554 686
187 208 1582 1570 1681 1553 120 1599 181 304 318 1613 320 237 96 308 1557 215 306 143
787 870 949 850 942 911 827 866 712 881 894 901 828 990 955 771 800 892 753 782
170 203 177 67 1576 101 173 1666 188 197 202 1548 349 56 181 333 238 1589 194 53
904 994 1009 907 1066 1072 846 775 918 1081 778 983 982 1064 985 794 941 977 975 962
252 340 201 328 1643 320 1665 119 246 1562 118 321 109 1588 296 372 235 1596 200 330
27 57 143 107 70 441 133 116 72 68 1708 85 1694 137 56 115 1721 136 16 1719
205 1613 215 241 1633 134 308 236 1580 1589 1588 263 1622 1693 1554 372 120 1615 1562 218
246 1583 1589 227 253 262 325 1603 336 1572 1560 353 1559 220 1610 248 269 201 265 313
1477 1648 1691 1532 1529 277 1540 1499 1523 1449 1497 1686 1433 1469 297 1621 1462 1473 272 296
926 960 1018 909 937 884 895 887 1069 1179 1071 1003 880 987 908 868 992 1058 882 1039
892 930 1072 894 945 932 855 947 1052 781 906 1078 880 784 1065 949 740 1004 1007 738
1413 1452 1653 1455 1414 1663 1640 1441 1463 1634 1454 1648 1379 1418 1446 1479 1639 1451 1652 1435
35 70 104 60 95 84 17 98 1685 112 283 77 113 86 18 74 124 65 183 34
801 857 886 879 1045 1068 839 1034 792 834 777 1071 812 830 845 865 990 989 1032 806
449 1729 19 26 501 409 428 435 14 1720 454 21 481 528 445 503 424 13 466 513
1484 1522 1526 290 291 1535 1665 1565 1529 278 1542 1641 1537 1648 1553 1496 266 1657 1671 1668
184 1560 130 1543 1572 170 101 1704 1672 245 268 1708 113 1546 147 1528 314 1529 1647 324
251 1641 1434 1469 1581 338 255 1615 226 207 1487 1618 1586 1448 190 306 1514 1562 1505 1659
21 123 43 67 310 1554 29 1680 23 1688 1719 263 521 95 448 436 419 526 439 189
988 1087 1131 946 921 1032 923 1091 862 1042 1112 1135 898 982 879 1159 1122 1077 1111 857
51 117 1549 23 83 77 1566 56 70 1689 310 158 116 120 1703 21 314 137 87 172
822 1052 1054 851 840 1043 1030 1017 921 1000 866 1003 794 856 848 817 1015 827 1070 994
872 929 774 973 897 1054 1147 884 982 1051 799 1075 848 938 1046 969 787 931 775 962
1542 1567 1625 1482 1541 1631 1565 194 1598 114 1506 1502 1516 184 1587 1504 305 130 1657 1638
198 254 1651 1630 276 121 1546 220 1691 255 202 354 215 232 117 102 309 315 1669 1545
1520 1646 1528 289 1658 1684 1508 1541 313 1653 1641 293 1453 1617 1474 1561 1692 260 1553 1510
4 476 463 501 440 478 1718 18 435 480 457 472 449 591 615 510 517 616 1713 594
168 1550 1547 292 193 306 167 103 1635 1658 1679 194 1644 1689 180 1563 61 259 1677 269
135 1683 1492 181 182 1690 48 276 88 1655 1538 1701 1693 267 1541 1549 1707 1553 1511 44
817 834 1042 1054 1029 1053 1031 794 835 1069 782 1068 861 787 868 818 777 1043 1017 1055
12 462 482 528 503 444 464 1717 445 486 4 499 526 448 1735 502 485 409 530 446
410 443 419 417 465 476 425 446 391 420 385 458 373 435 462 392 482 516 517 1724
1379 1409 1365 1419 1357 1362 1445 1383 1371 1382 1429 1392 1413 1384 1421 1346 1397 1343 1407 1381
1481 1534 1647 1528 1522 1689 1476 294 270 1484 132 1653 1524 146 1467 295 1626 1542 83 164
243 1576 1615 1613 1594 329 1635 318 330 253 1651 1568 1591 1585 260 1560 262 221 234 1569
980 1184 965 919 991 944 1177 928 1179 1185 1166 886 879 955 915 1183 985 1208 1213 957
1228 1240 1144 1218 1145 1155 1291 1213 1205 1192 1142 1262 1101 1257 1301 1302 1104 1210 1251 1280
180 255 333 334 82 191 1627 143 1652 72 181 135 119 335 202 265 329 198 176 213
1537 1620 262 304 1651 254 1663 315 1526 292 1596 291 1694 281 1517 1494 285 245 173 1490
607 628 586 655 632 482 648 647 592 568 584 599 471 611 477 490 496 681 603 587
115 1698 1670 262 1705 318 170 54 215 261 151 161 218 41 72 180 197 149 141 295
52 133 143 114 146 265 21 197 163 205 148 280 1679 264 1660 196 48 261 1559 120
172 303 196 1580 289 162 1619 159 48 83 312 1658 1671 1686 285 49 315 1697 1584 1538
28 123 1564 1552 20 1714 444 53 191 433 436 1665 1709 1667 148 18 299 1671 1673 41
776 794 855 839 722 787 712 921 750 773 759 908 700 860 721 797 719 690 725 929
178 1707 1713 262 135 161 85 145 37 1698 142 1714 303 76 21 68 131 106 256 1715
340 1598 1602 382 1569 314 251 244 1613 352 1566 350 316 365 236 1617 239 194 206 1584
619 647 591 479 661 673 656 599 603 607 626 653 590 592 654 659 483 646 492 589
267 1655 250 1520 288 177 1647 320 243 1553 1675 275 1562 192 1571 1552 1493 1578 1452 278
1625 1654 1494 323 1544 252 1428 1619 1626 298 1537 1441 194 1650 1451 1482 1526 292 1503 263
