104 1172 1127 1208 1144 173 148 1156 389 208 137 133 1114 1101 1110 1178 414 101 168 214
553 617 576 530 539 486 625 558 655 552 494 551 577 579 630 537 608 490 651 568
979 1060 1052 1114 1128 1077 972 957 1001 952 1048 1109 1122 1080 1026 1120 1081 994 1129 971
153 396 214 162 101 1173 425 125 1209 420 193 160 124 183 407 385 1174 1118 1162 106
692 748 473 663 657 727 824 705 479 744 802 813 488 664 688 485 718 515 654 728
1140 1184 1153 409 1178 385 171 1090 1129 86 1049 1133 1211 383 99 1081 1171 100 1215 1076
815 849 766 840 736 835 726 836 762 903 794 842 820 897 753 869 757 784 771 742
800 875 890 910 888 877 880 851 808 724 838 746 898 732 885 725 852 766 744 716
256 372 205 43 1224 382 120 238 58 333 52 285 269 53 315 321 76 255 1238 128
128 196 152 1214 70 1197 81 87 197 1163 1162 1181 1180 391 184 223 404 211 1144 1217
145 1132 1089 1111 117 118 95 1074 101 1083 1191 110 1054 1050 382 93 375 1098 407 181
1116 1194 1208 112 1032 1198 83 76 1219 97 96 1212 1040 101 141 1030 1098 394 1034 1180
545 632 560 541 557 620 616 493 530 638 593 571 561 661 604 546 563 631 495 675
661 732 651 770 804 775 643 694 623 787 807 685 676 778 630 737 782 709 811 806
68 89 1238 129 143 1196 1109 357 1147 1217 108 221 1124 162 382 375 226 49 204 1130
1023 1050 1079 1106 1044 1130 1119 1003 1127 969 1001 1135 956 1061 1095 1069 957 1099 1121 1141
255 1227 9 275 84 213 48 21 343 1209 105 229 11 90 207 37 328 1214 269 1
172 213 77 1235 126 380 352 1143 2 1178 233 212 333 1205 188 1180 185 118 339 357
21 237 85 243 65 11 365 220 32 280 311 264 27 203 31 35 1211 60 339 292
373 384 141 1181 366 154 86 211 1223 118 1198 250 156 337 99 229 180 132 1189 131
1174 1213 133 144 105 10 49 207 1171 148 365 368 187 167 109 377 388 172 1124 407
132 385 202 1128 1164 187 404 175 115 368 1188 1163 414 184 107 411 130 212 225 360
236 368 39 233 197 6 232 279 339 100 256 248 196 92 383 335 14 19 188 250
976 1013 957 1018 1049 1035 945 1031 1071 1067 987 1039 1088 1093 933 1034 1001 1108 939 988
178 394 455 458 1135 373 1143 133 1168 100 418 1144 1123 1196 85 170 1173 137 1215 92
788 852 720 876 877 762 840 892 794 736 787 742 891 823 743 712 721 817 731 858
1089 1130 1121 80 1028 1047 158 1191 1131 1060 87 1200 1102 1137 120 1179 1219 1207 990 1072
810 827 785 866 911 875 791 887 780 884 731 867 885 912 735 769 741 868 770 798
253 301 330 41 328 315 302 247 9 38 69 213 255 240 37 322 357 216 1237 259
186 1179 397 1134 1206 161 102 176 164 116 366 405 202 1155 206 411 1218 75 1128 372
438 453 475 457 698 408 517 524 395 514 529 493 506 467 462 495 456 485 397 503
709 719 654 707 676 725 770 667 683 722 762 737 751 729 743 671 772 723 699 769
444 514 689 482 469 459 403 410 535 500 408 691 499 404 690 557 443 506 418 401
94 1197 73 1235 1185 115 1168 212 213 190 74 69 1171 128 1148 1238 1162 401 175 364
1007 1105 82 959 111 962 83 974 940 1135 1127 127 1199 1002 1125 118 1131 105 1048 953
745 770 681 671 703 796 720 717 738 679 748 740 767 780 784 771 790 746 809 695
93 191 400 1161 1164 369 1126 1174 1116 228 1132 121 1223 1170 1110 72 1172 1214 1185 86
151 1149 1098 189 95 1210 1107 1184 1186 387 384 378 101 204 90 168 1222 1109 1153 1226
346 376 92 58 395 76 342 1224 225 373 168 47 233 351 180 141 269 400 133 62
990 1010 963 939 1107 1064 1026 975 1080 972 930 1037 1113 933 1081 1008 922 1060 961 1094
1129 1162 202 150 403 1120 395 95 1096 1226 200 208 375 1147 1139 86 388 90 1065 1217
382 1198 389 1201 90 112 383 1143 145 1151 113 376 1175 210 92 125 396 1167 1163 1235
121 202 378 209 397 98 206 352 192 237 1137 369 1110 2 215 96 158 381 1189 1193
212 369 1 353 117 79 87 237 77 183 390 364 12 120 379 195 213 208 233 68
203 1198 198 74 1233 121 1211 89 114 1103 149 233 177 197 343 2 1105 1204 195 1231
101 206 157 195 61 217 56 1100 1111 100 193 1137 73 161 357 188 1120 124 177 4
286 309 238 247 259 237 311 326 264 321 229 266 331 335 263 232 312 246 279 332
160 181 220 1206 129 399 404 80 178 385 1213 1173 1194 1214 1205 155 1136 199 394 1192
288 307 315 275 342 321 287 256 243 246 231 309 232 261 250 335 284 325 312 269
554 607 522 615 517 647 605 501 530 624 519 639 496 511 559 523 643 549 579 547
1052 1079 977 1113 991 1006 1121 973 1132 1092 1022 975 989 1075 1099 1053 979 964 983 982
460 498 695 540 430 679 511 432 467 549 518 691 479 426 423 407 675 493 461 435
254 362 189 282 1231 209 79 24 309 384 1 51 4 193 285 67 197 184 216 293
73 121 191 77 8 351 48 107 1159 1151 102 373 103 1233 218 38 1132 141 151 1197
905 920 932 866 872 942 854 876 834 986 964 927 990 878 959 818 900 968 978 887
892 937 902 1032 995 1026 926 959 811 850 798 895 792 953 795 930 863 814 1020 1023
133 1213 1097 200 1183 101 1215 8 1192 1133 367 64 80 1170 82 162 81 1172 5 17
65 95 86 1168 360 19 182 89 118 200 153 1145 246 1102 113 1207 1175 194 110 56
146 1208 1232 369 120 1187 1185 389 413 68 421 370 159 1197 121 1151 129 386 174 383
1009 1045 960 1107 1013 1055 1011 987 1068 936 1025 1116 966 989 1069 1073 1031 1083 948 1082
377 1188 234 1128 152 1213 1161 1134 384 82 117 224 350 1150 378 1163 153 1208 406 1162
978 1074 938 1117 989 1017 1002 905 1108 924 940 1019 1023 920 1049 1105 1106 1115 1131 1055
673 734 791 706 653 814 635 684 536 532 636 707 815 524 783 537 800 665 722 708
60 105 1097 349 213 216 345 229 59 358 175 133 1149 84 1170 46 209 86 116 1227
999 1091 1122 1088 1002 1071 1127 1136 1049 1025 932 1075 935 1046 953 956 1000 972 1056 1066
82 387 9 1231 397 1180 1157 419 364 147 1188 78 394 1135 59 151 221 214 354 79
822 921 803 987 778 884 956 907 786 930 945 898 964 776 759 775 963 880 753 756
32 233 4 252 362 217 54 39 1228 72 258 285 203 247 52 315 1 369 321 280
440 459 394 521 426 441 476 391 504 480 474 433 479 409 475 425 419 421 470 403
348 1223 107 215 315 266 24 223 1226 14 1148 1149 122 358 313 206 98 65 239 252
842 899 912 871 784 831 876 860 812 887 874 848 971 955 790 817 961 973 883 852
105 179 131 1154 1112 183 103 379 1236 386 168 214 213 215 1221 367 1131 80 212 86
301 328 235 230 246 262 253 242 256 277 306 257 361 347 327 338 237 307 353 300
1046 1131 79 1072 154 1089 1078 1060 1043 113 979 83 1202 1049 1161 1135 1159 1181 973 1141
130 1116 1083 1218 149 1089 152 1177 84 204 1192 1185 1075 165 1201 1164 1031 400 384 1173
966 1055 902 907 1135 1140 925 931 1113 919 1013 1106 948 1048 1089 1139 917 1108 941 929
938 1017 944 1048 868 1053 1023 1055 1021 935 1103 1057 899 967 939 976 1054 1058 1105 1013
1002 1103 1104 940 960 80 93 969 934 90 1019 1037 959 111 1012 1109 87 1077 997 1024
881 930 858 974 932 812 876 808 997 901 948 831 828 792 954 927 962 888 806 972
670 695 723 656 665 728 747 467 632 666 708 491 684 513 691 727 745 659 629 472
722 762 766 797 675 694 669 807 697 809 780 761 715 801 706 718 776 778 759 773
57 224 1206 273 219 22 234 264 267 37 92 1215 319 79 69 331 82 368 30 185
385 408 417 95 1179 188 1183 221 160 155 448 372 1212 225 145 1173 177 1192 1210 131
653 721 677 708 609 676 667 692 760 608 661 656 664 707 665 678 783 756 776 703
921 965 893 1062 1004 913 982 1026 871 870 1068 1020 950 947 1038 949 1059 1003 1058 1001
1036 1079 1017 988 1139 1076 980 1053 1100 1067 991 986 966 1091 1138 981 1098 1142 1027 1131
55 211 45 1221 181 56 54 366 116 218 5 356 261 1223 388 1216 144 363 93 256
925 977 1034 981 1078 961 900 871 1011 821 1057 970 1066 1031 932 1013 1035 982 944 962
302 316 238 268 336 229 265 293 341 276 330 286 315 284 324 246 275 245 326 239
702 711 474 735 696 499 744 749 695 652 754 659 762 776 484 663 741 495 712 726
1025 1056 1131 1027 1013 1051 1104 948 1019 1111 1006 1129 1076 962 1011 1116 1008 1133 1139 1016
201 361 1171 392 344 397 373 100 340 262 325 266 31 1219 145 128 1234 161 132 130
1014 1069 1055 1134 956 944 936 972 1059 1094 1037 943 1130 989 1068 1131 998 964 1085 949
83 189 1199 181 125 1115 187 1222 210 380 221 226 1214 101 90 77 0 1135 92 72
36 1233 377 214 369 1226 110 24 113 243 79 227 33 40 26 229 38 68 58 254
993 1041 1119 971 967 1106 926 981 1057 1085 1094 949 1021 938 1007 1073 931 1066 1079 942
1074 1096 102 972 1057 990 1121 1045 1133 1212 1069 1067 1041 998 1063 1058 1108 1078 1054 1093
1 212 58 98 215 64 187 206 24 56 143 1204 247 41 35 123 1220 363 186 82
889 904 875 813 868 969 866 839 959 967 832 971 807 879 939 914 932 919 918 948
150 179 1186 187 398 149 1157 1163 1123 98 157 368 388 1138 390 153 213 1214 1210 207
884 921 919 857 951 969 808 860 898 853 890 863 891 829 821 882 928 895 878 873
791 858 757 911 822 766 838 852 808 747 770 876 884 891 716 888 738 794 862 881
375 384 409 371 156 208 83 77 1205 171 239 1229 1231 1190 1154 243 357 1197 58 199
87 131 1160 402 403 0 15 1125 360 1181 155 1185 1132 104 99 397 123 146 129 363
150 1173 1125 208 403 93 1163 1120 109 98 188 380 175 1196 422 151 383 394 404 1194
792 865 801 850 900 762 809 857 828 906 724 884 843 915 927 845 844 838 861 812
531 579 483 496 541 542 620 534 463 678 603 491 521 554 519 586 527 627 537 597
104 214 238 340 1104 229 117 378 96 195 165 331 94 336 1230 246 327 375 358 150
123 1121 126 110 147 167 1167 1069 136 100 1171 1138 1224 1103 84 195 1071 394 187 90
885 902 789 927 960 814 945 938 837 942 804 830 918 880 975 886 944 954 802 972
1120 1220 1084 18 1160 224 1152 172 209 1115 133 1107 46 1183 122 155 1053 167 135 380
174 1179 88 93 215 205 79 157 1141 1189 160 416 116 1219 179 178 1180 76 418 394
809 891 725 734 720 878 753 954 754 786 827 816 912 807 825 736 797 779 829 927
399 431 200 1151 402 208 396 501 471 180 122 191 140 422 112 157 395 463 493 150
966 996 935 964 957 946 1005 1087 1012 1076 893 905 1045 1061 930 949 1086 963 969 1069
1068 1137 1121 136 140 1193 1186 1054 81 1106 116 1118 98 1092 1086 973 1045 144 1203 1189
1048 1100 1009 1063 1054 993 1143 965 1022 1057 1075 78 1140 1206 1146 952 945 962 81 1065
880 913 915 893 795 851 852 908 919 845 918 832 955 810 820 884 960 894 916 807
839 874 892 777 935 799 780 789 821 794 833 832 810 813 859 919 860 905 930 921
44 68 366 275 13 279 1208 32 375 352 244 118 94 99 274 24 364 58 86 119
127 399 1114 379 431 111 165 73 157 432 115 424 1159 1191 1175 1137 196 1202 420 1192
286 321 243 313 308 287 332 258 221 249 304 357 277 274 345 342 310 355 231 234
504 695 551 751 656 487 536 647 543 699 453 666 738 672 541 740 755 441 444 721
1008 1038 990 938 1053 951 1099 986 982 962 957 1107 1048 1109 950 970 1097 1045 1020 1082
862 893 850 823 813 871 875 819 926 800 866 908 939 919 895 846 849 870 954 832
77 96 70 1178 227 120 1125 1155 1137 231 1171 355 137 1123 125 28 1188 1206 368 23
726 779 803 805 690 727 752 679 812 832 765 825 758 688 780 717 719 813 730 844
118 1108 185 102 1069 1020 1077 80 1136 1128 1079 1014 145 1134 1096 1085 70 385 147 1220
80 1157 116 1153 232 1218 367 79 158 1207 1197 1136 145 1175 1132 223 1109 1236 14 71
8 211 111 345 148 380 1212 214 95 123 132 220 98 337 88 194 213 183 142 381
115 206 1207 387 1114 393 121 76 166 1140 1184 208 1122 1146 1217 211 1175 179 204 1101
418 442 407 450 498 453 1173 483 497 1177 423 469 447 402 1175 516 146 471 388 152
475 692 653 414 744 447 425 437 484 449 514 434 452 504 693 440 657 416 482 674
671 730 622 807 799 685 804 524 793 690 720 649 661 814 654 718 742 639 677 698
722 807 771 790 885 662 829 864 673 725 721 894 741 739 826 781 653 768 825 798
631 654 576 613 625 676 586 614 552 700 651 546 708 720 696 641 684 618 628 596
215 1217 65 1103 202 1140 333 138 96 99 175 1127 1206 104 1163 167 379 216 1224 356
185 1195 1193 138 184 374 407 1142 72 1177 113 1152 115 171 373 1197 1226 176 1134 183
631 669 642 724 555 640 680 537 701 620 639 706 627 698 526 581 542 529 550 566
533 588 576 619 510 629 615 679 561 503 639 595 506 547 553 515 536 478 502 605
106 1167 1133 132 416 1118 99 146 207 1180 371 175 71 1173 1115 388 373 1222 1233 392
522 536 515 563 630 455 678 621 480 617 611 475 596 625 574 583 629 510 508 671
533 563 593 674 520 516 623 621 489 485 591 570 496 505 514 508 524 476 549 534
939 1029 970 1086 990 1004 986 906 1036 981 925 953 1107 998 1005 1028 1066 907 1025 890
87 183 407 211 1219 1194 191 1197 70 1139 172 391 372 1114 215 188 127 15 396 1168
923 941 913 867 1037 999 1022 1035 945 947 919 992 877 956 967 925 1023 1011 1020 914
597 632 616 644 559 549 624 582 521 655 523 623 653 538 611 612 679 553 661 660
71 208 342 45 1219 157 99 1205 6 199 399 167 224 57 234 367 115 40 118 37
549 634 485 561 493 587 611 606 568 588 643 592 531 658 597 628 648 603 492 580
859 902 860 946 811 858 812 805 854 886 923 931 836 965 917 928 943 892 879 891
