1361 1384 1456 1374 16 1354 1387 186 78 58 1338 101 1454 541 49 234 1463 201 5 126
258 1473 142 438 463 253 379 411 195 148 343 205 105 351 481 1366 346 473 1346 74
183 522 367 210 432 125 121 94 1463 87 238 90 510 126 392 1435 91 1354 565 1439
1225 1238 1208 1248 1213 1257 1249 1193 1183 1266 1255 1267 1240 1190 1211 1262 1184 1218 1250 1203
207 461 128 1477 508 402 209 1481 457 292 340 279 515 262 197 480 381 446 222 392
437 1484 1476 1457 472 467 425 273 368 1465 379 538 190 95 298 1480 450 244 1357 433
1021 1052 986 997 992 1032 1049 1055 1020 1030 1001 1022 991 1027 1006 1050 1046 1057 1059 1040
534 1489 295 1476 92 580 90 1490 353 160 1355 384 308 1442 432 157 1465 410 324 429
510 558 119 1427 523 462 1491 120 597 200 1456 103 1471 458 1424 208 584 1472 591 586
107 515 1475 466 398 1455 511 370 1441 559 582 355 1461 464 367 581 392 500 352 522
1371 1420 130 1359 478 250 1393 225 123 1487 1460 90 1402 1350 1346 99 1473 91 1408 63
116 1492 1478 518 479 304 461 153 1496 324 385 373 1477 1451 466 418 75 147 1382 578
288 328 351 199 270 153 480 293 461 195 1488 210 139 271 450 468 263 308 476 301
283 456 193 1477 483 1486 218 126 513 327 1476 183 440 430 187 1481 313 286 1499 369
120 339 527 288 1375 187 171 407 1500 349 449 521 573 362 489 437 586 405 345 116
216 259 457 352 275 270 196 345 273 1494 153 288 1371 237 358 1365 1490 337 236 412
248 288 295 284 257 1496 1338 340 482 487 306 238 408 394 323 246 299 464 335 1486
74 85 1492 538 567 118 142 1482 1432 1444 135 569 116 130 1487 547 553 1425 543 522
545 1429 491 557 1465 499 89 74 66 1387 1448 1453 493 547 93 1397 1442 1473 68 588
276 452 303 351 509 118 398 422 355 178 135 1482 173 293 205 221 292 360 415 463
520 1448 205 500 31 104 1502 463 20 372 1424 532 129 114 389 512 98 531 477 116
874 969 906 826 844 877 982 976 988 922 898 875 998 941 847 857 851 839 912 937
403 467 450 536 483 371 1456 289 472 153 518 445 451 477 108 316 384 476 459 238
391 1499 173 534 373 324 272 139 118 287 163 134 326 456 527 1462 1468 513 371 368
87 568 104 1431 1482 609 564 101 539 1451 81 512 561 137 1457 527 1395 1500 506 546
811 833 855 873 876 641 796 803 865 824 813 854 789 791 840 883 788 795 857 886
903 1006 850 914 963 869 969 943 906 896 874 990 982 840 1013 939 846 1059 1021 948
75 1377 1399 74 1478 529 79 1333 505 64 1480 27 1485 1460 1445 1374 1467 92 1386 16
1430 1455 472 559 506 1443 83 503 537 48 474 120 45 136 1398 489 32 1392 540 89
703 786 793 748 689 622 802 794 760 733 771 805 690 696 804 783 666 656 765 680
177 1365 1368 481 241 249 463 157 246 354 491 170 399 428 385 202 493 382 132 188
876 911 991 882 879 986 943 830 970 937 934 872 891 854 825 968 886 961 973 868
993 1020 963 891 921 974 1009 937 920 1057 998 911 933 952 1004 954 1038 895 905 918
120 349 138 468 371 462 113 1468 1363 1490 290 150 443 134 573 517 1370 195 154 235
268 349 242 123 422 166 388 141 1353 443 238 371 1363 1488 203 300 237 274 1466 423
222 274 366 266 217 362 1485 1361 198 1501 1370 199 406 1374 484 334 478 286 142 155
293 362 417 413 1478 226 332 204 333 129 177 390 180 341 252 1468 405 327 344 399
163 178 227 482 1470 210 133 456 1465 199 229 182 1351 362 490 1481 225 150 433 448
77 556 502 559 537 506 557 1429 1410 133 67 576 533 496 1412 1466 1373 551 542 523
212 365 471 156 193 1493 369 1469 154 120 386 293 231 191 267 428 165 448 305 270
12 1442 68 1383 518 1464 4 95 51 13 1447 23 1399 86 1384 557 1458 47 1451 1444
119 348 73 201 196 1482 1376 232 584 402 413 365 337 88 200 106 483 82 171 215
259 427 463 1473 359 217 154 351 410 414 140 417 392 378 333 1496 353 281 1353 330
1022 1057 990 1003 1011 1030 1052 1009 992 1044 985 1025 1045 1015 1010 1017 1016 1056 1035 1054
958 998 937 977 966 1013 927 971 884 923 1037 1058 969 924 1033 973 1042 1006 931 1048
160 338 170 189 356 1502 1491 208 353 1358 469 1489 462 197 402 445 290 360 274 172
391 530 533 1432 474 366 320 562 82 330 534 1427 472 1484 308 563 294 578 109 192
188 384 428 156 205 324 166 187 145 291 344 281 367 476 448 1501 150 469 1472 482
262 325 472 433 294 327 157 322 207 1356 421 417 483 170 409 241 1478 179 279 464
228 253 181 451 213 1465 1347 162 1478 449 235 214 342 338 229 278 1353 167 1334 485
879 901 915 835 920 992 935 860 918 890 998 864 833 823 950 895 982 939 932 852
1167 1192 1218 1245 1221 1173 1235 1179 1261 1204 1202 1177 1244 1212 1180 1164 1181 1160 1240 1257
249 290 196 262 1352 480 463 1484 292 421 311 259 278 453 344 473 411 222 282 434
132 368 211 328 454 526 212 180 527 299 300 536 143 343 85 446 278 200 1368 425
142 385 107 190 375 332 314 391 198 335 507 491 354 1476 362 449 1465 219 472 394
517 580 497 542 127 1486 588 460 508 578 1438 1500 119 463 599 1434 473 504 104 456
91 592 70 1499 557 99 511 100 621 547 602 1377 1446 1501 588 586 1457 535 563 1444
201 412 284 180 384 444 334 258 1502 160 287 1361 474 343 387 375 195 440 356 1499
852 908 891 922 951 1002 853 995 941 885 948 933 910 862 932 931 867 846 813 823
359 423 241 215 377 253 176 449 265 420 1477 249 286 117 221 389 231 157 261 405
283 299 352 321 386 438 476 324 450 187 258 294 1485 1469 400 280 242 201 191 474
25 1381 85 63 74 531 104 543 32 1401 101 82 35 111 498 1416 550 1411 1424 72
1182 1214 1165 1164 1162 1252 1202 1241 1248 1218 1212 1255 1194 1243 1193 1171 1240 1184 1246 1167
185 410 165 1492 126 393 475 1484 216 406 1485 439 118 362 391 480 192 490 161 334
925 965 949 922 889 913 864 955 1006 956 981 916 868 914 978 1003 863 994 961 924
17 1437 25 1396 1403 575 582 535 65 1400 66 82 27 1411 22 64 1390 62 529 5
1273 1342 1350 1328 1344 219 1311 223 1305 216 1290 1324 1248 235 1278 1242 215 1282 1349 241
109 538 143 1459 350 1436 106 352 575 401 370 83 472 498 142 531 1478 1433 1432 1460
1378 1469 443 46 102 119 152 1443 107 531 1441 202 493 228 469 58 311 1424 1373 193
174 193 151 226 471 1480 121 162 428 191 492 125 402 178 244 335 329 442 386 276
286 407 355 1501 434 438 369 1483 390 297 250 219 483 189 161 227 460 110 145 449
161 186 446 396 401 345 176 147 376 116 486 158 214 244 387 168 361 459 201 331
268 326 410 381 438 244 253 321 384 182 472 300 320 1485 391 232 284 1361 1476 145
201 278 247 329 469 356 159 1473 226 324 1363 285 168 1501 483 238 1368 333 310 396
535 557 468 1477 1444 1436 76 398 1479 408 486 1484 536 525 1476 96 522 552 527 511
641 701 681 807 656 693 690 635 788 793 684 611 727 722 610 666 687 628 644 675
442 1500 444 388 146 331 82 136 355 483 349 188 168 102 506 419 105 492 138 145
213 342 128 1481 1338 1487 1357 194 1471 147 120 281 1346 353 188 189 420 190 430 384
158 470 110 266 369 317 213 519 533 407 332 1490 152 421 413 167 222 119 304 1464
913 961 924 877 992 920 851 947 945 878 954 897 964 865 884 869 959 887 881 1008
157 205 427 434 178 510 1470 452 224 1477 494 203 112 186 408 172 399 167 382 421
169 347 480 214 457 464 114 285 184 125 258 1359 197 247 1356 424 286 341 1483 482
244 272 322 312 449 1334 456 198 317 291 240 1478 432 1333 459 259 313 1482 1483 1359
799 815 866 859 817 657 763 803 649 832 622 798 777 630 854 769 648 847 786 843
893 911 989 869 885 926 867 839 845 916 910 996 932 906 898 838 937 967 993 896
198 1468 572 222 549 554 421 443 1456 427 276 573 369 509 1493 363 1480 317 1455 384
1459 1491 391 345 579 383 1490 378 354 591 1444 121 379 377 1456 1440 327 1479 405 154
640 806 818 771 622 802 620 634 795 709 616 625 645 607 706 623 774 663 801 829
660 793 651 783 723 637 810 786 816 634 696 676 759 757 819 674 703 675 722 625
828 852 889 823 896 900 806 884 830 898 867 892 885 826 855 851 824 869 805 804
1296 1327 1324 1302 1257 1272 1312 1308 1291 1313 1375 1286 1270 1258 1361 1282 1303 1265 1277 1267
508 575 130 478 583 1431 586 1454 202 561 1446 456 531 75 80 1470 137 548 610 1502
141 411 419 473 462 290 120 524 234 1472 214 287 1489 433 442 270 215 121 203 84
230 1369 1495 279 1480 468 1380 433 349 150 130 165 350 424 495 195 182 1489 181 1481
1269 1353 1265 199 1366 268 1326 210 1321 242 1295 1247 1283 1501 221 1336 168 151 1363 277
1462 1495 454 80 197 333 449 394 109 181 203 183 341 475 1461 127 310 456 525 386
277 313 434 327 1483 454 442 319 224 215 234 385 455 424 464 243 445 1472 242 320
431 466 497 445 1484 1473 154 211 363 463 288 1459 492 153 162 385 237 227 429 488
178 1364 138 133 1497 1500 1327 250 1352 1461 381 149 447 180 1351 323 1473 451 1479 227
647 662 649 696 790 806 666 657 684 698 805 707 634 673 644 801 671 809 655 614
274 294 218 1502 292 332 421 1482 1488 342 420 1491 241 1483 473 324 327 463 326 235
72 83 98 106 1477 1499 552 1438 71 565 112 62 60 546 559 1389 27 140 524 90
449 470 1471 166 424 149 363 291 269 398 511 506 537 285 323 356 1486 332 517 354
389 505 1443 1448 427 472 539 552 304 301 1483 525 309 351 429 104 1476 282 1455 350
353 431 230 452 270 184 193 406 172 150 129 378 1475 256 252 408 176 1474 125 1483
403 445 264 531 348 105 292 407 534 140 223 109 260 495 197 528 1468 322 136 434
122 1450 167 406 517 94 398 102 518 163 495 19 1472 497 572 467 157 582 1475 542
235 437 440 1373 369 187 383 475 474 163 285 445 247 477 1348 359 194 127 393 335
990 1003 965 1045 1051 947 973 1039 870 992 1013 871 1031 929 1034 935 903 989 974 972
419 1477 329 101 246 397 1371 111 208 337 173 197 94 361 122 332 479 290 292 369
786 807 801 632 844 751 842 742 841 654 631 853 652 823 808 643 788 818 765 731
385 579 542 293 190 512 515 172 484 480 185 592 350 1471 526 340 341 468 116 367
718 739 778 704 785 685 727 654 710 773 692 713 752 668 637 676 700 755 657 751
273 336 306 212 237 296 338 116 380 230 209 119 443 476 166 423 479 180 1488 360
126 1499 154 347 1472 142 376 306 423 536 94 446 82 443 499 432 155 139 389 508
940 956 887 870 906 986 902 969 1002 889 1005 983 874 955 886 959 888 932 995 981
139 1363 158 459 456 129 362 448 1330 177 475 250 162 89 263 1342 432 226 252 183
492 573 97 109 373 211 222 1461 100 413 395 1373 387 534 580 94 224 499 182 199
253 438 405 339 379 269 468 1361 385 472 1335 208 411 465 1465 382 159 210 286 348
1267 1286 1288 1338 1334 1266 1247 1291 1336 1349 1303 1305 1284 1278 1297 1322 1255 1329 1279 1243
447 1489 358 289 264 77 307 237 146 380 320 1469 327 399 145 235 365 151 1472 105
205 360 511 338 126 1468 215 437 389 144 495 488 1463 1482 128 357 170 355 1495 431
122 498 531 532 153 533 395 357 126 383 453 1487 421 404 124 450 144 364 348 521
262 293 256 424 337 475 360 465 426 310 338 448 218 1499 470 378 319 281 374 1480
219 267 350 242 1339 213 1473 489 321 441 426 209 234 1470 427 301 163 254 1365 316
1001 1023 882 947 958 954 1044 1032 1046 939 915 1017 1048 974 959 902 1029 1035 936 1005
235 459 290 292 409 426 273 283 208 398 130 403 300 318 437 148 147 371 433 185
340 486 278 481 135 537 1490 262 380 455 275 113 169 536 465 170 498 341 438 506
196 490 1368 1465 1483 189 229 182 343 404 1378 334 127 389 1457 200 118 238 1452 148
727 752 709 724 734 781 736 783 738 793 787 792 719 699 790 794 704 705 780 777
208 279 392 425 1359 313 466 236 183 315 440 1482 189 235 379 371 424 404 137 490
283 325 164 177 181 248 372 377 1493 1492 1497 235 282 465 228 408 212 455 322 395
379 1474 473 135 222 360 272 271 254 292 217 297 486 480 1456 341 280 299 315 493
159 344 204 285 362 180 411 257 361 253 1494 351 427 452 480 394 248 443 281 128
173 207 347 169 161 1366 353 242 1466 336 349 509 475 273 1470 211 143 445 1467 334
118 342 446 488 231 537 371 381 1485 135 1484 1474 176 291 1468 339 1453 384 533 1483
906 933 889 947 914 986 908 904 876 1012 898 920 987 873 1007 881 849 961 882 894
283 1494 317 285 242 409 460 395 223 521 109 385 91 315 387 419 1499 457 368 123
1038 1055 1021 986 1022 1006 1031 1034 1032 992 1028 1017 998 1053 1012 993 1019 1000 994 988
1320 1356 1363 1347 178 1328 190 137 1373 1479 1502 1325 236 189 231 255 199 1376 1494 1366
103 577 127 90 128 104 593 611 379 512 78 524 408 526 69 489 590 558 143 121
115 372 1460 212 420 275 448 346 529 120 1470 102 225 1383 586 592 455 72 166 395
378 430 442 355 218 332 416 448 192 136 204 366 1490 348 338 323 461 137 196 480
151 453 489 180 404 1351 159 308 119 425 395 197 479 444 162 141 163 398 481 324
552 1430 1416 89 1394 1405 559 1431 84 507 582 543 1383 558 104 533 494 541 93 1444
191 1479 449 188 529 338 524 308 441 374 358 528 437 533 251 181 512 94 179 513
722 773 802 700 792 675 793 799 752 682 755 687 783 780 662 641 756 736 738 676
383 423 434 493 296 398 393 1499 265 466 586 101 109 148 271 1461 470 194 239 242
359 444 450 124 343 1495 447 208 1496 114 291 412 229 385 448 1464 358 1478 363 422
346 441 191 204 235 202 407 1475 274 408 1478 125 461 460 172 244 331 476 370 410
