495 540 541 1820 1824 965 441 985 563 530 984 581 503 1010 505 473 1830 277 956 942
1475 1533 1643 1625 122 1490 1487 1474 108 1453 97 1481 1500 1650 1635 101 1540 1443 1656 1700
397 887 765 346 405 322 375 740 793 890 673 210 410 818 369 628 390 678 347 339
236 303 915 260 1033 444 933 323 1057 293 1021 220 967 312 432 952 255 963 231 253
728 867 783 859 829 821 847 639 700 679 719 744 843 767 787 642 691 712 778 631
469 1017 982 437 537 460 1825 258 1045 281 1003 1842 495 522 465 1838 515 998 524 1030
1568 1646 1707 1709 1575 1514 1566 1617 1647 1704 1557 1556 1708 1532 1513 1521 1673 1620 1578 1516
644 671 696 847 889 697 670 867 604 792 690 609 856 617 892 779 754 723 821 801
756 845 882 742 832 632 738 798 708 633 723 736 795 791 755 853 735 659 716 678
677 879 685 684 689 626 622 834 648 721 864 625 787 719 818 838 869 638 839 897
1435 1450 1441 114 123 135 1440 1410 132 1682 1460 1418 1463 1472 111 1428 120 1457 1406 126
253 1053 1840 424 526 472 1230 1140 1015 1058 1158 1817 980 289 460 525 1034 1009 1152 234
951 1004 256 915 1021 970 411 470 298 574 610 456 245 596 594 270 1001 479 973 987
329 409 418 439 248 224 221 917 250 369 883 427 360 424 240 902 894 428 913 416
1159 1241 1094 1195 1212 1242 1225 1051 1040 1045 1127 1198 1305 1182 1167 1075 1309 1200 1048 1261
1475 1671 1450 110 1488 1689 1545 1705 122 108 1482 1696 94 1448 1697 118 1484 1443 1541 104
425 920 225 251 565 413 262 617 538 298 925 415 553 606 971 232 918 265 1029 461
715 801 731 644 643 788 656 777 842 670 623 820 784 800 865 783 600 689 610 669
1581 1615 1546 1547 1570 1569 1595 1571 1637 1578 1600 1606 1596 1639 1592 1539 1629 1628 1544 1556
1206 1277 1051 1152 1139 1220 1055 1245 1204 1056 1217 1150 1254 1250 1169 1196 1211 1195 1164 1156
1566 1646 1549 1531 1641 1648 1601 1642 1577 1677 1580 1708 1512 1505 1507 1572 1657 1665 1622 1515
499 1020 491 1818 486 443 487 527 241 1035 249 981 1823 235 1012 1023 460 504 483 561
245 1824 439 422 977 417 434 487 281 972 461 494 1806 527 514 259 975 537 1055 482
525 551 482 469 592 543 542 1021 253 530 478 546 920 967 906 441 448 1032 913 451
755 873 833 825 878 731 747 691 798 749 881 800 655 718 751 643 799 819 627 758
502 964 993 605 907 437 1018 431 603 1828 419 299 588 902 1023 996 990 293 556 413
491 978 593 288 419 499 446 591 1010 456 933 532 944 440 435 961 298 533 547 468
306 439 421 219 1840 290 222 927 287 243 303 427 904 482 539 288 437 942 335 1023
1647 1701 1641 1686 1649 1696 1568 1688 1619 1620 1492 1705 1580 1677 1630 1665 1554 1698 1478 1523
1738 1753 1717 1761 1707 1800 1747 1801 1802 1739 1771 1756 1724 1744 1775 1727 1735 1779 1737 1706
240 424 234 1022 1822 434 235 280 995 927 425 284 1042 446 256 966 264 982 1825 1089
430 927 273 415 974 1831 557 224 252 1825 281 913 958 466 543 599 1024 306 547 622
1531 1674 1706 1633 1647 1460 1628 1672 1673 1560 1687 1663 1551 1635 1566 1544 1512 1639 1455 1500
276 533 504 945 1834 534 475 294 997 970 943 493 1029 291 472 1826 248 956 434 250
439 966 504 442 262 972 902 495 485 467 415 903 1004 481 280 432 505 260 517 528
1044 1817 521 487 1012 1031 1167 1142 1036 1158 472 432 1022 278 1152 1174 1838 1194 1082 512
743 839 803 697 853 737 664 781 663 644 693 847 822 710 775 784 740 751 652 754
291 441 989 1032 460 314 940 487 965 1015 538 463 1838 1000 449 959 1022 1043 1042 413
89 1476 1508 76 74 1494 1503 42 1463 1665 1478 53 65 44 1692 96 103 122 1531 1442
13 72 86 36 26 15 63 11 69 106 27 49 105 73 59 98 101 93 20 55
430 497 434 248 937 408 419 241 450 522 956 551 970 292 943 513 967 456 1826 939
485 1838 988 544 1827 435 519 502 520 477 261 1014 533 1018 1017 431 288 457 450 1035
715 771 795 663 681 790 606 652 714 738 643 703 687 775 826 786 658 812 804 772
1467 1656 1544 1553 1541 1516 1520 1605 1494 1503 1672 94 1675 1510 87 118 1592 1461 1489 1549
751 811 772 827 849 796 662 698 741 708 897 665 868 822 691 805 641 705 615 861
197 207 228 229 196 162 167 394 163 400 326 346 405 391 173 171 216 410 335 318
223 401 327 415 243 422 362 342 902 207 427 296 395 417 226 410 300 196 328 233
103 115 161 96 87 145 101 70 138 157 146 100 1453 151 1482 165 1477 155 1462 1484
1739 1795 1768 1760 1797 1755 1742 1751 1794 1769 1803 1808 1706 1775 1799 1731 1721 1732 1718 1749
502 1017 1842 1834 927 1019 973 528 1811 1038 1840 460 448 972 248 284 482 989 1047 558
504 1016 968 1001 1022 930 482 994 495 480 995 468 450 969 1030 277 983 1025 469 513
1027 1042 516 1816 1824 463 1140 419 1087 509 979 1162 504 1083 1830 1014 467 298 259 538
1285 1296 1256 1176 1198 1276 1180 1186 1162 1233 1281 1145 1229 1199 1219 1265 1236 1309 1185 1222
1571 1634 1633 1538 1646 1581 1623 1684 1577 1667 1573 1588 1673 1590 1643 1618 1563 1574 1531 1536
1610 1653 1570 1511 1707 1680 1572 1625 1569 1497 1598 1535 1565 1594 1529 1605 1512 1698 1628 1586
270 525 577 984 581 559 1814 1031 268 417 944 1006 299 1822 458 462 947 488 295 1026
1053 1209 1112 1048 1285 231 1081 1158 1105 1121 258 1279 1213 1128 1136 1033 1253 1027 1196 252
1620 1674 1612 1695 1506 1658 1605 1481 1629 1573 1689 1524 1497 1504 1454 1554 1487 1693 1540 1545
461 505 1016 278 251 503 275 273 530 1002 259 428 499 519 527 269 1006 548 460 989
701 811 707 699 677 832 830 899 657 853 690 797 629 839 603 779 645 788 639 768
725 860 665 721 772 850 765 750 768 811 877 734 644 869 633 840 861 813 810 885
1195 1823 537 1266 1038 1207 433 1277 257 252 1011 1167 1013 1041 1156 1302 1265 467 1214 1178
309 944 420 398 417 515 322 930 422 235 343 509 260 423 290 226 989 998 431 261
297 985 275 930 957 928 1012 587 915 986 468 1827 945 465 965 225 973 946 1043 1018
311 400 237 418 378 344 361 929 940 221 250 922 391 414 239 935 407 906 360 371
289 993 980 927 975 409 1018 1005 1835 456 1820 481 264 492 946 479 579 486 970 309
779 893 806 663 860 747 850 337 596 835 819 894 600 623 642 737 691 821 924 733
1032 1838 517 272 258 261 1037 252 241 270 433 498 278 993 239 530 467 1042 1836 995
82 117 146 54 84 143 67 1480 83 123 1453 49 1448 37 56 161 65 42 97 1447
828 846 872 815 706 759 770 766 853 646 677 726 753 847 681 894 826 821 869 680
1069 1216 1236 1062 1248 1302 1116 1285 1257 1090 1205 1231 1046 1084 1198 1290 1144 1106 1308 1118
770 882 633 618 889 864 711 666 738 674 646 897 690 801 779 793 872 748 703 634
1573 1590 1602 1566 1556 1626 1592 1601 1648 1577 1599 1627 1549 1586 1621 1668 1633 1589 1554 1539
360 392 393 375 212 196 352 328 772 334 363 884 333 373 885 386 314 385 364 882
103 1468 1440 137 1444 139 1491 119 1449 140 1522 151 108 80 105 91 123 1670 120 1456
1224 1276 1189 1130 1207 1173 1161 1084 1201 1063 1194 1209 1059 1109 1269 1254 1082 1054 1171 1230
1710 1745 1750 1740 1786 1756 1521 1726 1791 1731 1510 1666 1784 1648 1738 1747 1758 1696 1730 1741
283 460 486 494 432 306 250 1831 534 1845 238 535 417 1038 411 1032 427 495 1041 267
1463 1530 1486 1483 1538 1643 113 110 90 1522 1700 1689 1475 1524 1640 1469 1658 1471 1454 1508
1358 1386 1406 1411 1337 1357 1416 1356 1401 1410 1399 1339 1392 1340 1344 1414 1338 1403 1336 1359
42 64 89 95 3 13 1810 56 49 86 51 103 61 104 45 88 47 1808 1812 14
242 405 218 324 444 1056 411 397 385 1054 262 416 354 1078 1827 449 919 330 1829 983
271 297 505 431 441 915 507 1027 499 1015 1829 218 243 490 922 317 248 990 414 233
781 808 716 789 721 661 678 622 879 613 807 890 736 714 796 741 668 760 824 695
1720 1779 1740 1696 1756 1788 1758 1698 1751 1793 1706 1781 1707 1703 1748 1783 1744 1714 1746 1713
1172 1250 1224 1241 1273 1160 1192 1208 1165 1071 1180 1243 1244 1198 1066 1072 1290 1132 1298 1139
1148 1174 1227 1053 1142 1171 1143 1124 1152 1222 1078 1164 1224 1261 1190 1054 1154 1310 1178 1111
563 904 959 600 942 531 928 925 535 511 569 316 564 405 326 596 585 571 954 963
1196 1210 1166 1281 1225 1202 1249 1823 1819 1820 1250 1084 1135 1137 1173 1222 1276 1076 1065 1300
255 426 297 524 408 996 1019 479 446 315 275 513 954 504 431 420 289 296 1027 432
1460 1499 1438 1673 1657 128 1493 1668 1707 1534 1478 1524 104 1686 1530 1452 1709 117 1506 1491
261 473 287 519 424 428 1023 1823 232 476 992 1834 1824 1000 458 526 284 463 253 477
426 441 524 257 413 1821 1041 246 526 261 1832 489 972 1827 1017 303 963 445 264 1007
609 970 633 530 304 572 774 602 761 631 998 305 431 539 912 905 764 445 949 952
97 116 138 120 74 108 62 1480 162 154 144 73 123 161 151 91 1482 141 81 146
716 744 826 811 772 858 845 759 653 647 624 640 808 820 718 819 742 757 823 852
1658 1690 1475 1705 1558 1498 1672 1545 1537 1473 1533 1610 1654 1692 1675 1551 1609 1697 1544 1634
719 850 691 825 658 824 641 717 777 875 877 674 661 744 720 831 884 836 655 810
1234 1293 1177 1179 1212 1260 1152 1261 1265 1061 1058 1222 1272 1288 1302 1281 1157 1146 1300 1248
598 959 556 924 607 574 542 533 954 304 417 603 513 426 511 896 420 614 306 550
1424 1444 1446 1411 128 1410 1463 1402 1484 1466 1408 1414 1475 113 1436 1420 1428 1400 1418 122
670 803 622 618 829 792 880 644 836 699 645 610 713 630 754 701 758 614 695 890
1473 1698 1467 1481 1447 1459 1712 1658 1664 1645 1495 1523 1661 1507 1681 1686 1456 1492 1693 1527
1221 1314 1193 1150 1203 1287 1154 1075 1115 1234 1087 1170 1106 1099 1127 1295 1062 1220 1311 1139
1525 1638 1679 1466 1523 1708 1660 1695 1464 1578 1483 1707 1557 1478 1571 1569 1589 1633 1494 1623
1549 1591 1609 1550 1668 1603 1688 1621 1561 1641 1664 1607 1644 1583 1520 1611 1585 1587 1693 1651
681 848 649 743 839 680 633 826 641 838 842 695 785 634 744 741 685 889 875 795
285 510 522 290 961 537 1009 426 288 442 974 438 1032 422 1030 979 478 1028 1017 252
261 1027 1058 471 255 443 290 992 509 421 1019 430 445 540 1825 304 1042 305 266 1836
716 796 770 678 806 818 711 749 858 694 748 809 751 895 658 619 847 772 873 863
916 946 950 413 312 907 593 321 526 223 225 534 434 891 944 227 917 926 596 969
266 466 1019 429 286 1004 442 254 1033 988 274 420 491 308 1003 499 1844 462 1022 476
1805 1817 1023 48 278 1024 1835 249 1804 1788 1809 1806 1841 274 246 471 258 1820 1047 1791
1174 1267 1144 1254 1065 1252 1257 1053 1162 1145 1186 1236 1166 1249 1256 1262 1042 1160 1210 1219
504 1029 980 455 474 1831 427 556 475 507 932 283 241 1813 1044 1009 931 525 1828 285
754 830 701 763 696 802 661 678 775 834 708 656 615 719 664 793 651 798 777 811
695 804 871 635 657 682 795 799 702 749 874 664 861 600 727 756 820 767 636 777
1596 1613 1540 1554 1570 1662 1572 1576 1585 1635 1599 1557 1649 1550 1597 1573 1549 1621 1650 1583
541 1026 1036 290 529 574 257 1818 253 263 1819 968 997 919 539 460 986 1020 276 584
428 1837 276 262 942 970 269 1813 991 251 966 1810 244 429 1008 1834 264 221 440 1835
797 889 615 677 754 771 673 588 702 596 872 394 820 626 761 584 890 798 774 808
1561 1661 1616 1681 1456 1577 1683 1600 1469 1547 1679 1614 1653 1467 1607 1670 1633 1523 1586 1662
797 878 610 760 710 869 802 838 728 774 713 779 808 726 671 762 775 837 630 790
1663 1692 1507 1658 1498 1552 1550 1681 1456 1458 1572 1637 1678 1643 1515 1512 1633 1645 1709 1481
539 581 896 563 281 960 446 263 1827 585 614 554 994 493 948 602 955 613 502 431
1718 1761 1802 1730 1706 1746 1735 1766 1743 1776 1734 1757 1719 1736 1774 1711 1772 1694 1729 1758
760 831 828 790 859 883 888 846 657 892 834 708 672 769 870 744 895 753 638 610
812 890 324 874 710 841 692 392 824 910 782 814 897 725 731 645 588 769 622 806
513 1018 516 494 926 981 1016 473 1814 254 999 506 1045 1812 286 501 561 520 540 423
1517 1539 1675 1483 1708 1498 1655 1685 1532 1700 1680 1455 1515 1519 1505 1556 1679 1643 1578 1552
1091 1209 1064 1326 1284 1056 238 1192 1070 1213 1286 1263 1324 227 1121 1239 225 1164 1227 1150
1558 1613 1595 1682 1673 1630 1639 1530 1686 1674 1539 1677 1631 1635 1616 1643 1551 1655 1586 1678
636 815 907 696 697 865 681 792 599 894 828 625 845 709 880 897 734 888 810 729
559 574 924 595 600 524 601 903 527 558 986 616 596 556 925 521 509 985 581 531
678 816 840 679 635 833 741 708 843 777 622 692 683 651 829 796 876 743 800 624
1644 1695 1686 1471 1681 1697 1537 1587 1490 1524 1526 1562 1461 1713 1628 1478 1508 1470 1482 1472
1084 1222 1260 1190 1197 1088 1213 1217 1303 1241 1131 1068 1100 243 1165 1221 1134 1143 1132 1148
1744 1784 1718 1805 1747 1707 1792 1794 1733 1766 1772 1727 1724 1804 1791 1788 1750 1753 1773 1748
614 905 611 608 584 309 881 563 564 827 935 785 816 553 577 557 311 796 622 402
555 1033 264 916 431 1814 584 471 1002 1820 1010 1001 428 1018 261 981 427 910 1027 490
1044 1076 284 1038 235 1116 258 1214 987 1183 1228 1208 533 1126 1079 291 1032 292 250 525
1351 1378 1366 1361 1375 1362 1408 1334 1398 1344 1399 1404 1333 1380 1341 1369 1350 1343 1349 1368
636 908 400 590 326 635 876 666 935 827 697 681 634 628 583 902 900 904 733 890
448 519 246 1013 276 260 535 928 422 1033 957 983 298 418 546 497 1027 494 1819 969
829 891 402 859 701 830 747 403 762 756 850 833 695 649 700 821 813 607 318 818
247 976 281 294 940 517 979 238 456 280 585 289 1845 444 292 956 911 599 941 516
640 855 758 778 879 645 832 746 815 608 808 748 809 676 602 695 895 705 876 862
1385 1402 1372 1366 1353 1408 1359 1413 1354 1367 1358 1409 1419 1433 1406 1382 1412 1401 1374 1430
1184 1239 1257 1192 1145 1202 1299 1170 1062 1294 1284 1132 1150 1293 1216 1289 1213 1163 1205 1165
1476 1520 1712 1505 1645 114 1491 1695 1699 1683 1672 1492 1654 93 1709 1523 1535 1474 101 1519
