351 388 396 562 311 356 579 321 381 371 455 355 408 427 430 565 446 338 440 448
328 344 436 321 352 550 440 551 425 325 566 567 332 553 355 339 547 557 353 423
218 230 228 256 184 259 185 223 268 281 282 206 278 280 265 172 258 196 211 243
485 599 471 437 494 584 566 575 589 605 601 607 473 444 496 574 570 487 401 598
668 695 655 727 674 685 719 692 686 710 725 734 708 730 664 693 729 737 713 701
686 697 672 715 702 658 654 674 703 677 662 706 713 641 726 735 717 657 660 712
339 423 433 500 351 513 545 349 436 326 426 555 330 324 512 412 416 425 317 332
62 969 45 79 863 964 948 52 867 871 934 947 71 40 61 958 962 60 977 876
422 510 550 512 346 494 430 566 497 552 419 347 554 549 508 564 498 427 417 514
871 882 70 853 856 805 863 966 42 57 957 953 962 921 54 67 886 852 816 66
39 980 880 855 881 876 842 840 921 90 993 930 34 857 968 938 981 929 986 839
46 960 927 70 975 958 77 51 974 80 885 873 939 886 876 951 946 68 964 976
84 977 945 38 139 935 44 978 973 944 42 975 980 927 976 75 39 141 137 89
328 350 317 552 564 568 423 342 548 354 403 336 404 341 565 422 426 409 428 352
339 404 343 338 395 556 335 495 434 398 549 325 337 420 320 428 336 443 439 501
482 585 605 483 580 398 480 459 387 356 508 597 604 449 586 478 593 506 492 569
405 499 399 426 434 409 420 505 578 490 553 417 504 401 341 483 419 476 436 323
648 695 691 719 647 694 666 650 659 716 728 640 675 721 706 704 631 651 618 632
92 984 127 937 86 119 977 122 101 979 934 992 96 128 973 103 134 102 121 980
360 583 371 592 571 468 475 384 567 310 315 390 594 365 436 444 450 480 585 486
468 576 601 353 457 465 486 587 588 482 491 586 565 566 600 398 429 574 592 569
79 147 973 136 158 970 173 941 77 46 974 167 157 78 43 154 140 166 68 965
310 353 309 348 265 362 401 580 360 285 405 354 340 382 440 364 441 312 571 345
143 168 167 178 82 170 140 175 134 162 161 156 145 139 79 147 132 160 83 169
505 511 425 517 428 495 408 515 407 500 427 480 431 555 411 559 496 525 518 479
513 528 503 514 423 420 506 419 516 497 548 499 526 518 411 524 414 532 527 505
883 942 54 55 57 843 963 84 928 812 852 58 876 935 72 934 80 842 870 968
46 941 929 39 70 863 76 65 957 972 942 977 888 882 944 979 963 938 56 959
405 562 485 576 347 565 497 501 425 563 500 342 398 421 489 343 324 443 481 395
890 925 4 837 831 827 882 7 9 36 895 851 819 0 18 853 881 897 10 848
298 307 209 287 202 303 357 212 312 268 282 290 300 203 311 317 280 292 315 205
105 123 124 109 21 126 106 7 96 6 91 129 132 95 103 120 130 22 101 131
422 510 565 566 513 552 555 413 409 342 346 501 322 324 407 496 522 331 557 554
360 579 460 474 378 481 466 395 567 436 602 480 355 392 569 477 452 456 459 388
972 975 86 85 977 48 985 54 40 81 46 967 947 942 948 971 934 51 36 978
325 415 515 317 555 333 549 352 318 564 563 337 354 324 546 559 346 323 353 312
265 321 415 262 215 335 551 432 436 403 224 271 564 225 423 232 342 230 340 560
46 888 946 53 818 973 823 824 922 806 869 73 810 60 901 62 855 851 850 84
382 454 477 597 475 354 441 362 386 450 380 464 458 576 582 396 395 352 357 456
100 124 112 91 131 117 25 122 108 24 125 105 23 2 93 134 129 115 104 126
987 998 1007 92 996 94 988 1003 995 1002 983 91 1000 1001 89 93 926 985 1004 927
601 608 599 492 475 583 597 575 476 619 486 581 595 607 588 604 467 470 629 448
336 426 398 503 317 561 501 562 553 335 318 438 413 333 415 437 508 351 401 347
816 887 24 46 820 835 26 790 797 939 39 853 821 34 888 855 798 892 850 848
786 802 884 804 822 743 745 776 837 836 845 848 777 817 765 791 755 803 766 785
19 902 0 9 29 911 915 913 901 907 33 16 928 893 14 903 834 11 887 921
46 950 50 927 57 62 83 936 81 39 928 854 870 956 63 850 40 887 71 76
413 425 551 508 440 572 546 552 511 439 325 555 332 345 399 330 321 404 319 550
949 954 861 940 877 77 942 67 79 947 961 957 57 68 49 962 46 66 870 958
806 883 816 938 781 40 925 819 809 867 45 823 36 886 796 843 788 38 859 808
2 844 915 812 888 5 929 798 917 41 924 26 916 908 34 799 813 11 909 822
360 457 585 394 368 356 586 596 351 444 386 471 578 313 388 440 382 393 476 454
808 883 841 811 806 799 33 930 781 828 785 787 848 851 887 931 37 788 869 942
329 558 429 418 336 320 316 426 503 555 499 398 574 570 349 314 319 435 508 505
458 586 442 487 605 473 467 583 468 366 370 596 365 588 462 574 471 589 483 384
856 944 38 815 807 79 841 952 928 64 801 890 68 962 864 796 880 964 80 889
945 964 949 59 880 943 56 77 63 857 937 966 73 57 41 80 79 878 68 871
320 413 330 311 501 549 430 261 325 345 339 557 570 563 567 566 513 559 511 499
429 566 477 580 331 503 334 577 401 352 487 354 493 555 342 547 485 581 435 418
218 271 310 262 280 259 200 208 204 209 189 190 305 194 309 213 307 287 202 185
323 351 350 415 425 324 431 257 256 332 577 422 358 400 554 575 343 317 578 565
892 923 11 833 853 16 825 885 854 842 828 5 925 10 992 929 26 913 916 1
470 583 577 448 591 400 445 452 467 590 597 397 355 589 584 450 458 476 566 582
82 971 50 947 77 980 978 79 87 144 43 39 961 932 943 946 948 40 55 940
777 795 775 736 779 756 796 854 774 798 789 812 741 760 783 763 771 802 813 758
334 351 439 423 544 326 440 417 419 338 345 401 428 412 358 430 565 363 578 391
601 608 484 470 582 482 483 625 613 476 449 622 581 467 585 464 592 597 604 486
339 564 578 422 495 481 345 545 421 580 577 430 413 570 394 325 445 549 554 424
90 127 122 123 83 95 987 101 980 933 133 105 131 126 94 98 981 985 91 128
382 463 356 385 462 397 391 573 472 478 585 378 477 459 374 449 579 474 370 396
136 179 175 169 183 137 85 126 145 129 184 132 190 128 170 171 130 168 223 178
280 295 264 299 207 267 271 203 200 270 198 199 297 282 211 283 296 311 272 285
58 858 938 952 866 49 43 872 46 859 47 850 879 932 52 846 50 41 849 42
501 564 335 557 349 443 569 554 449 491 405 510 424 326 395 498 438 483 407 476
36 895 22 839 880 825 983 930 935 838 936 18 831 942 41 1 820 835 977 927
178 187 218 212 140 193 170 138 200 191 222 177 198 224 204 195 137 168 202 183
177 224 212 214 252 260 170 134 267 183 258 132 234 272 211 256 167 185 255 266
291 301 289 315 308 312 271 212 199 202 272 276 201 283 211 304 284 209 293 278
68 869 964 50 969 56 857 59 881 58 945 859 940 882 944 863 70 854 76 80
284 295 270 201 308 303 305 269 306 199 215 283 267 286 277 202 271 300 208 203
39 858 930 63 877 943 940 885 40 924 855 931 841 889 35 862 861 850 935 32
475 609 445 586 466 567 574 476 593 620 467 491 482 626 600 452 565 621 595 566
460 470 362 440 447 445 377 602 368 575 367 449 382 486 364 373 389 466 478 383
407 491 495 395 418 499 621 323 562 434 402 573 597 415 344 610 478 601 324 436
49 74 867 953 966 864 865 83 67 152 852 970 151 948 874 952 50 882 885 866
821 846 825 855 26 857 885 849 845 844 794 837 847 858 861 930 897 927 827 816
718 737 755 742 759 772 691 696 774 745 770 744 738 743 719 702 692 711 703 780
321 401 445 431 569 443 353 426 412 395 310 390 389 406 410 449 415 570 338 428
187 194 209 211 175 216 203 208 192 210 178 219 213 202 181 193 188 182 207 197
808 829 905 910 844 794 920 781 919 851 887 820 853 916 912 901 814 883 786 837
937 948 857 859 32 872 856 56 944 963 849 928 974 871 57 78 55 31 81 67
440 555 319 400 447 549 587 420 545 397 408 558 401 431 562 544 561 460 591 391
921 925 917 19 843 848 928 914 918 926 835 841 854 44 11 1 882 934 6 833
700 719 639 683 665 745 651 736 727 757 741 724 706 759 687 749 730 698 697 654
236 253 264 238 223 263 255 250 248 254 267 246 251 237 260 228 256 257 247 249
861 871 53 884 945 42 873 854 43 859 959 45 860 858 857 39 74 872 853 71
378 395 409 410 475 377 376 447 576 577 366 436 380 402 560 406 454 591 470 438
497 574 586 430 567 513 468 510 554 398 438 591 481 472 410 435 447 354 355 492
441 555 482 417 384 498 403 398 415 339 324 335 579 394 397 322 471 484 440 469
326 549 433 343 320 551 325 405 420 552 323 414 353 333 417 428 555 258 408 338
174 182 175 167 193 222 132 178 134 187 227 166 169 135 173 170 149 147 165 183
33 838 881 7 890 849 929 26 932 829 31 916 37 816 883 831 5 814 889 910
483 566 480 592 501 578 504 318 394 585 410 432 563 401 475 478 393 404 503 602
465 600 492 450 611 378 484 489 608 575 380 467 569 464 488 442 478 609 392 391
651 698 661 711 668 649 676 672 654 626 703 663 648 642 616 687 666 682 684 639
39 882 925 897 977 847 927 871 941 814 816 873 926 807 48 83 841 863 85 923
402 433 563 577 418 421 549 330 320 338 425 347 431 344 317 403 319 419 579 325
368 394 371 391 388 355 346 471 582 365 351 584 440 399 431 445 378 571 465 575
851 891 853 800 46 902 894 791 822 919 887 835 866 26 814 840 8 928 878 844
520 528 541 508 529 536 533 544 542 517 543 530 507 540 511 526 515 525 535 532
70 952 876 870 871 963 968 47 65 943 60 861 59 67 958 57 877 69 49 960
253 267 228 238 282 281 219 258 248 215 307 277 254 216 313 311 240 245 278 315
722 737 708 760 693 723 699 761 757 734 709 777 716 703 766 725 706 705 736 704
735 772 734 754 749 712 760 751 743 715 788 702 794 736 746 703 784 721 759 791
737 763 777 793 734 719 729 697 789 767 774 790 709 701 750 724 772 708 753 721
493 506 489 557 612 483 511 490 613 562 415 407 424 558 488 484 419 485 568 622
352 387 327 362 365 397 449 369 438 560 384 360 555 371 401 585 559 574 451 361
478 602 599 596 600 571 502 574 471 488 616 452 592 617 614 453 575 450 398 442
404 570 356 445 457 318 471 497 430 591 443 334 428 566 337 594 327 347 562 482
697 726 730 708 643 658 712 682 739 738 653 719 670 759 711 721 732 750 741 737
362 382 368 352 369 396 370 361 454 460 392 451 378 357 350 458 453 381 464 356
496 573 595 398 453 404 388 563 485 467 401 571 438 405 473 555 346 461 561 356
393 477 360 605 451 438 610 312 496 348 502 396 460 569 350 468 497 609 592 454
360 369 394 389 393 454 308 348 392 576 398 365 465 307 462 464 363 396 383 359
648 674 700 669 646 684 640 654 688 678 664 709 615 708 620 685 639 617 676 656
736 763 755 792 723 790 702 703 714 704 762 777 716 754 765 696 781 722 734 786
442 590 357 429 397 402 445 480 574 405 446 427 440 388 566 450 593 452 351 580
470 592 584 608 580 596 474 446 452 441 577 475 469 385 443 597 603 450 573 595
662 681 708 667 691 624 689 684 677 643 626 709 680 676 674 651 690 655 635 654
559 572 593 567 402 497 350 591 393 557 326 406 473 580 425 331 418 347 487 583
427 442 501 480 473 409 340 450 482 460 546 566 461 588 452 508 597 399 462 561
495 621 609 640 655 494 568 476 644 631 625 619 626 407 608 492 646 606 610 642
655 701 739 677 672 661 660 662 727 691 729 624 730 618 650 642 740 666 733 728
471 484 436 582 597 491 573 505 472 390 611 509 385 593 609 569 454 450 595 600
75 877 886 81 956 155 64 885 78 970 865 961 150 70 867 938 855 951 969 52
393 575 431 347 599 391 593 577 451 368 477 388 445 473 349 442 567 476 460 585
878 940 41 936 950 971 869 981 930 973 887 39 879 978 927 47 77 968 34 965
310 355 282 567 342 400 285 295 379 447 365 371 351 576 271 361 434 352 281 341
121 127 134 104 91 98 119 89 94 107 136 117 126 131 88 128 112 97 120 93
889 907 900 827 830 911 885 936 839 843 31 880 19 858 849 928 837 826 883 896
138 150 168 134 81 178 88 85 165 90 175 166 177 74 130 148 86 167 145 133
392 397 458 366 360 356 311 437 403 571 396 479 433 353 441 471 448 566 590 398
519 535 517 507 524 547 525 505 544 515 518 537 513 536 514 548 510 532 528 529
733 756 742 776 783 741 780 777 766 759 711 758 774 770 738 748 707 698 755 790
400 440 425 320 423 594 562 470 354 409 569 356 576 571 436 587 449 346 441 574
489 610 508 575 591 477 481 510 595 476 480 478 435 619 400 492 487 493 569 472
869 946 64 940 851 857 962 872 944 45 78 936 57 856 860 958 935 877 52 69
937 972 965 888 881 887 851 855 949 934 980 975 852 33 31 981 970 39 946 850
818 844 813 810 796 849 35 893 799 883 803 819 929 886 829 795 831 830 808 798
33 909 912 907 833 17 832 894 904 2 27 910 854 918 830 846 840 835 892 917
