425 434 295 296 417 440 423 456 436 228 403 288 227 462 422 455 232 409 234 414
237 430 462 293 245 221 283 422 257 204 279 456 248 253 460 210 429 454 211 287
290 433 295 240 432 274 273 418 232 442 298 278 291 268 416 285 288 306 459 231
339 374 397 347 327 388 322 381 319 350 376 343 387 403 341 382 389 361 399 408
501 508 558 514 497 500 509 515 544 489 505 502 538 531 530 564 536 517 498 511
0 738 742 53 749 31 40 740 739 731 757 11 727 764 56 750 58 741 47 725
709 716 704 50 49 733 42 738 736 66 692 60 688 721 698 24 33 689 62 725
39 711 732 16 698 767 3 765 773 66 15 755 65 717 24 50 718 14 63 693
492 497 500 490 506 486 498 496 480 489 481 488 504 508 501 487 482 499 479 484
573 604 596 616 614 588 617 560 564 611 574 577 565 610 570 601 568 566 584 606
724 745 703 730 725 14 752 43 702 764 765 62 53 715 734 755 19 759 41 18
84 99 74 77 106 107 80 110 115 83 126 92 112 119 96 90 70 78 109 111
336 356 339 349 319 395 322 379 331 345 398 364 361 309 350 318 384 353 324 374
279 310 268 318 288 274 253 436 425 433 333 261 305 298 338 428 259 242 301 290
34 721 26 751 48 735 16 708 8 35 701 773 59 6 724 745 57 765 28 738
474 481 478 475 488 464 486 467 471 482 446 492 448 463 477 454 476 462 457 494
355 374 337 384 367 393 388 385 371 375 350 333 339 382 336 364 356 369 378 399
34 55 759 38 776 698 756 56 24 66 46 721 7 762 677 678 27 747 12 716
117 125 135 112 137 118 104 129 102 124 109 103 106 97 101 107 114 95 116 134
508 527 531 528 541 558 507 520 512 518 552 551 525 497 503 530 519 526 498 534
7 30 42 49 762 8 765 741 28 729 37 17 13 27 778 719 756 31 38 747
505 560 546 563 552 550 544 509 571 561 573 498 499 513 566 507 516 522 510 562
706 716 36 48 55 691 725 736 715 735 689 30 737 42 718 35 57 54 721 726
4 760 772 33 38 15 759 23 726 7 46 29 761 20 41 42 775 768 758 47
634 664 678 681 636 632 618 648 647 660 626 683 657 628 639 677 630 684 633 654
141 175 160 138 164 155 158 216 150 172 439 212 211 201 142 181 205 197 190 137
424 445 296 433 414 289 449 474 447 459 300 438 140 427 412 403 284 472 139 430
40 701 774 707 739 733 679 703 11 676 49 691 53 710 704 757 719 708 29 697
641 659 663 673 650 620 667 683 630 647 675 655 669 642 654 648 635 678 665 645
244 435 450 469 203 417 437 236 243 453 271 260 463 231 237 218 258 214 256 240
176 192 215 145 194 181 143 173 182 209 155 146 132 160 165 223 168 180 200 225
574 591 600 606 560 586 602 613 562 563 594 593 595 565 599 570 601 571 577 578
43 771 65 61 11 759 48 773 715 706 14 55 742 724 702 734 716 52 772 63
157 174 143 146 149 150 188 186 152 438 437 216 212 171 185 177 208 134 218 131
703 722 713 675 51 745 681 742 10 683 743 64 24 47 682 728 712 63 710 8
339 358 316 384 393 363 365 326 395 349 381 314 325 392 375 348 394 336 361 366
725 741 51 56 36 30 2 729 42 53 15 745 753 52 747 704 34 710 35 750
599 609 568 583 569 576 614 618 577 600 585 575 625 574 578 621 591 588 581 601
594 614 586 622 570 619 625 610 601 597 577 605 580 627 612 571 626 590 588 600
397 406 352 374 407 368 353 355 403 391 356 415 371 425 420 417 369 386 424 365
158 178 437 147 180 189 216 221 217 153 130 215 129 131 179 191 210 214 169 186
101 117 114 135 91 86 89 105 87 99 123 113 121 106 112 131 130 128 122 94
753 767 740 758 729 775 760 763 5 42 3 44 4 7 40 26 14 750 24 38
13 733 769 36 14 717 767 42 52 21 762 28 741 749 4 745 15 764 746 53
478 485 480 460 459 489 493 455 492 494 467 464 473 476 457 468 458 481 491 486
55 699 739 741 712 46 683 679 726 685 678 692 694 727 65 25 60 714 733 724
154 439 471 431 171 134 172 426 242 234 243 462 163 158 448 467 177 175 419 162
206 232 241 239 253 186 236 172 199 191 179 218 169 275 274 187 170 183 431 227
310 328 316 351 343 279 335 326 324 323 290 299 315 308 321 350 304 301 344 268
39 757 731 29 756 727 718 725 41 751 17 765 737 61 771 748 0 64 3 772
285 305 335 296 299 288 426 272 277 282 327 280 301 431 323 290 337 295 433 316
583 613 602 588 566 604 610 594 627 599 568 608 620 574 630 569 607 595 624 619
14 756 2 50 18 20 3 773 11 761 766 738 731 721 772 733 13 744 758 730
414 425 409 288 417 405 433 420 292 427 397 400 285 276 412 402 416 293 410 280
738 751 33 728 13 40 22 10 6 41 746 20 766 763 16 52 716 715 18 727
200 210 193 243 181 195 205 196 169 245 244 180 223 234 242 194 239 207 197 218
297 430 459 233 431 293 439 426 461 315 309 305 281 432 320 237 290 285 304 452
483 493 472 468 491 485 474 464 475 487 466 489 495 476 484 477 492 470 481 497
197 224 248 182 247 195 199 243 238 253 236 211 212 244 228 208 185 251 222 235
730 738 741 45 24 711 757 35 1 32 40 47 56 4 714 37 744 724 5 19
741 753 740 47 39 719 25 58 50 36 53 45 29 734 31 46 720 721 757 52
645 665 660 668 678 627 689 640 683 629 657 671 659 686 652 636 622 655 675 643
14 747 768 767 722 42 765 741 0 759 760 728 45 2 24 736 41 749 769 755
381 404 345 405 422 386 413 358 397 420 394 419 399 392 370 417 383 371 384 360
20 737 758 30 55 717 36 9 753 14 720 749 734 723 727 16 732 735 37 11
426 438 457 408 466 430 252 465 468 144 279 298 248 422 429 237 167 295 236 166
31 733 774 707 724 750 55 711 714 736 709 60 39 44 706 4 57 62 765 779
743 761 2 45 719 40 775 759 734 38 11 777 728 731 753 723 751 6 48 733
84 95 71 92 85 70 82 69 88 117 77 107 102 112 101 120 87 74 111 104
153 440 157 450 147 244 457 135 169 452 142 134 144 243 178 137 454 141 151 467
33 765 32 716 58 745 768 774 732 26 731 34 727 47 38 61 771 49 8 39
350 392 364 400 346 415 359 397 404 414 366 360 329 342 381 347 345 352 376 405
385 395 347 373 355 381 371 421 366 364 359 388 394 348 375 417 420 392 342 367
268 297 251 247 274 252 254 310 275 272 267 257 287 284 321 424 311 427 433 431
564 584 594 573 611 554 595 565 505 567 556 578 608 568 604 575 579 613 582 614
548 560 504 557 523 545 569 534 558 521 541 500 531 575 509 515 517 503 565 547
207 249 220 438 279 219 204 437 192 193 270 172 189 236 272 257 203 209 246 229
735 754 770 27 12 746 765 715 727 23 714 730 30 719 748 736 737 35 50 42
682 696 710 714 56 672 715 668 673 670 662 690 686 684 665 60 698 687 58 655
370 389 366 403 339 365 335 343 385 338 342 340 397 360 406 407 396 393 355 346
743 760 748 753 752 33 1 722 771 37 55 738 21 728 7 736 729 11 28 747
570 602 582 576 610 588 578 586 572 605 590 599 612 600 562 601 593 556 619 621
239 256 244 210 271 261 223 201 232 267 214 431 280 220 226 215 276 207 216 248
349 388 382 391 362 390 398 341 403 337 351 367 357 405 365 386 332 393 342 369
34 747 736 763 27 727 720 52 10 769 733 731 749 714 41 6 767 719 753 46
147 185 158 141 195 215 206 204 181 211 202 140 132 138 207 438 150 148 133 212
538 543 512 517 510 507 515 555 514 519 539 513 518 541 521 552 551 532 524 548
506 540 549 554 509 561 501 552 508 563 499 520 503 530 518 521 543 531 558 507
80 85 106 86 96 108 70 91 90 101 100 107 66 74 103 88 94 95 78 67
38 54 17 37 733 57 709 25 729 22 770 11 44 16 710 746 745 750 8 737
175 220 231 176 229 158 181 161 255 187 224 171 180 194 236 230 217 203 237 174
713 732 720 13 47 741 710 3 753 692 751 60 711 40 749 733 29 12 735 2
258 274 249 307 309 298 311 267 303 279 255 256 293 221 224 254 262 288 291 264
206 242 229 429 180 237 231 256 214 182 261 245 243 239 230 251 279 195 439 190
290 305 276 334 318 271 428 306 429 308 332 437 422 327 268 435 286 301 269 277
168 177 175 192 169 148 184 166 134 156 193 194 221 225 209 143 147 182 179 207
51 696 28 34 693 713 717 747 770 751 774 744 54 731 683 52 68 711 59 665
226 241 249 272 260 261 246 203 229 430 204 199 433 258 435 215 273 441 208 437
41 715 712 16 701 35 726 14 34 55 700 721 703 45 57 746 28 771 750 47
50 714 777 732 727 742 55 697 731 710 715 712 677 744 21 736 769 42 26 36
104 126 92 127 84 139 101 123 108 130 121 93 103 106 91 132 110 125 96 122
184 210 141 240 209 193 142 180 235 219 225 138 143 167 181 171 196 203 145 183
364 397 368 413 374 348 395 415 343 379 333 373 340 389 388 355 371 381 376 419
134 179 137 197 131 164 148 183 129 132 195 199 218 184 208 443 150 210 145 158
35 715 28 767 721 758 726 773 759 778 41 696 746 1 742 724 33 25 739 732
278 433 464 263 254 427 426 415 434 414 250 435 274 286 241 289 268 260 416 270
463 480 443 449 472 433 475 461 484 479 450 440 458 435 437 492 434 478 494 471
19 751 23 720 51 718 18 31 20 769 4 12 730 761 743 15 719 10 37 752
48 732 735 708 47 769 733 1 8 710 44 61 674 726 36 21 37 42 63 747
433 449 295 444 283 434 245 288 457 464 472 442 241 235 297 279 284 286 437 446
135 149 153 157 155 146 140 162 143 125 144 117 164 441 177 439 124 121 175 182
171 190 170 183 178 155 161 213 205 214 141 146 174 172 185 188 158 176 144 134
84 90 104 83 85 73 95 106 76 82 94 96 70 97 93 72 78 108 79 107
81 101 77 116 100 102 113 97 121 71 112 118 66 67 75 95 115 111 117 94
269 294 306 273 316 299 263 270 425 278 259 268 308 271 429 262 315 274 295 283
331 354 391 373 366 389 382 320 372 344 371 370 368 397 337 334 347 321 339 318
239 258 219 272 216 212 276 227 244 247 238 264 431 432 257 225 205 226 211 430
152 185 198 143 139 133 211 217 137 440 148 174 136 212 216 200 150 201 215 205
737 755 773 40 766 717 722 1 716 754 745 757 718 24 751 25 50 740 765 770
362 395 340 360 353 417 376 411 397 421 402 359 385 416 414 384 334 333 364 347
363 401 403 393 368 387 377 350 343 366 391 390 361 405 412 416 346 395 383 415
111 121 136 113 107 98 122 108 104 96 101 132 129 92 93 112 109 97 126 130
373 385 383 352 406 386 405 361 338 392 399 366 368 407 336 339 359 351 375 347
34 738 769 54 63 46 27 741 60 772 52 777 771 29 704 8 706 740 30 727
353 378 389 373 384 345 335 348 351 357 343 341 396 333 403 366 330 375 405 344
15 44 42 14 730 19 735 740 708 704 744 770 13 758 721 709 66 29 719 722
351 368 356 382 405 403 349 342 392 379 328 394 365 348 401 341 339 370 386 397
557 561 553 502 506 505 569 577 575 550 511 546 507 552 576 567 572 568 574 544
325 332 361 360 326 322 349 305 337 306 324 333 309 319 346 312 344 350 300 354
404 420 394 379 398 361 439 397 430 381 425 367 441 435 371 423 416 436 383 389
328 338 313 355 352 302 316 304 310 358 359 351 330 362 350 311 337 366 357 322
16 30 34 772 11 711 721 41 46 23 759 724 29 765 728 775 740 763 751 26
136 153 135 169 128 166 149 159 119 170 120 157 439 145 438 436 138 183 158 164
570 579 584 610 611 595 582 583 585 577 589 592 567 574 601 568 605 554 562 580
238 434 201 438 436 241 248 218 291 236 206 424 461 288 280 260 293 253 443 423
277 291 241 287 257 253 245 259 242 309 422 298 296 247 269 262 433 305 312 260
288 432 280 244 425 282 290 228 272 289 304 419 444 452 420 428 421 412 455 240
475 489 480 478 449 470 486 484 454 468 456 483 500 464 481 448 487 495 461 453
760 778 748 53 9 745 753 752 772 46 763 39 1 19 30 52 761 746 749 24
373 398 397 399 403 382 372 396 356 391 361 379 401 355 345 378 344 413 366 390
613 626 595 596 628 656 654 642 617 592 602 611 590 589 601 629 600 618 614 610
167 179 191 163 148 136 164 155 216 213 210 222 130 442 147 180 194 437 202 223
659 672 56 640 629 697 650 51 658 668 666 676 63 52 61 669 642 690 700 681
360 393 369 405 362 364 358 406 356 395 410 344 384 371 352 396 376 391 402 340
45 727 12 726 718 59 766 50 728 710 762 18 30 707 746 773 25 4 714 52
511 555 537 516 547 566 504 510 545 561 562 552 505 522 554 533 520 557 553 571
634 660 663 642 620 664 647 681 625 682 654 675 679 623 628 637 670 621 630 666
180 214 250 227 219 177 160 243 150 158 203 228 157 145 166 242 141 251 147 143
542 550 552 565 537 534 533 545 505 507 557 558 532 551 518 503 564 535 527 517
193 212 179 206 178 217 207 245 203 182 197 226 243 180 210 176 244 170 175 186
