727 798 655 765 748 784 774 721 768 1645 763 821 679 657 641 829 793 1627 643 1638
1020 1057 1150 1158 1071 1112 1016 1137 1102 1067 1098 1147 1077 1146 1133 976 1109 1174 1087 988
6 443 1715 432 471 428 19 44 429 64 80 22 132 1696 84 415 466 1691 1735 38
385 1719 198 1697 1784 1763 506 398 471 148 190 12 1783 10 1600 444 1586 1696 108 1732
7 1723 59 88 1784 1703 34 445 1708 46 463 1718 406 454 487 86 471 1713 1722 49
275 370 1525 197 260 95 227 406 316 403 254 364 225 1528 131 136 196 401 309 412
54 108 199 1779 1815 220 379 171 53 131 1773 421 250 99 411 1726 385 448 423 190
130 239 141 411 226 1785 46 333 180 1766 361 1771 3 1781 268 271 80 444 113 264
566 1684 530 646 1661 598 692 1613 704 1653 656 553 467 1708 1665 1696 1637 558 684 469
611 676 1628 665 646 600 675 1616 755 1613 610 768 750 580 741 558 605 673 1645 613
1074 1130 1100 1009 1088 1275 1133 1182 1180 1126 1118 1153 1091 1168 1303 1177 1304 1142 1063 1030
463 1638 452 1626 702 774 777 595 509 1740 716 727 592 441 451 713 548 541 495 23
65 87 75 1756 69 1754 446 1721 1719 203 215 375 164 112 70 51 44 57 1771 371
189 346 180 261 73 131 369 357 129 1549 65 244 275 208 304 192 361 1568 139 1567
51 1714 69 13 459 410 483 414 468 1755 134 1737 77 471 1765 1767 1734 494 472 490
473 1641 675 1671 1742 1696 1640 528 666 740 480 1618 525 21 1602 1643 512 460 1709 751
1315 1420 1324 1337 1384 1270 1194 1193 1348 1416 1320 1357 1267 1343 1401 1195 1422 1159 1360 1446
1266 1299 1394 1117 1252 1336 1191 1139 1156 1176 1208 1384 1155 1310 1327 1216 1189 1241 1253 1386
204 1814 80 130 346 1774 1807 230 345 357 1758 191 62 1793 101 1795 123 115 376 358
434 1742 91 16 43 1812 51 1712 48 1728 484 446 476 409 398 89 465 1765 105 1805
1780 1802 173 212 1732 159 77 141 135 205 106 105 1755 169 206 1816 167 1733 1726 127
118 1799 129 1769 233 224 114 214 246 53 1794 244 1763 18 430 1804 440 253 45 23
608 1668 595 458 1633 1636 652 579 1693 694 686 478 1682 490 601 1648 697 565 574 1630
1027 1038 928 1004 960 1069 1055 985 1011 953 954 961 1041 1057 942 976 1076 932 1043 922
775 1625 630 599 754 1657 1651 623 792 542 806 690 716 635 534 576 611 476 609 528
1211 1476 1446 1206 1259 1481 1437 1189 1281 1241 1431 1292 1228 1199 1435 1463 1513 1215 1196 1287
214 346 115 192 295 294 259 112 272 217 309 154 219 127 187 133 260 143 252 1783
393 1681 125 441 427 152 351 430 82 1611 575 367 1603 134 445 361 146 150 1656 369
300 350 197 317 392 305 332 291 111 277 109 193 92 126 1497 206 1568 124 313 340
1305 1319 1327 1394 1330 1329 1379 1328 1307 1380 1365 1369 1147 1192 1347 1336 1144 1198 1366 1254
638 1660 1623 663 743 752 734 742 1628 1650 681 1610 660 1641 539 1648 744 1637 492 771
1070 1104 1142 1012 1108 1052 1013 1031 1027 993 1087 1018 1028 1128 1063 1045 1043 1066 1119 997
46 125 1779 95 23 1741 113 349 1778 177 1714 460 439 21 249 100 124 1799 1807 12
500 1734 561 1805 1736 85 511 477 549 71 1729 453 1695 480 407 405 1761 473 560 1654
104 367 394 356 371 55 81 388 33 296 295 131 1805 141 1758 285 1812 1795 279 105
28 98 11 50 397 361 182 446 1788 374 14 86 391 210 1808 103 1777 96 197 1725
502 1602 498 1618 1656 761 1654 682 1670 595 1699 508 1608 705 701 552 1588 556 601 512
1161 1184 1261 1427 1197 1247 1410 1216 1409 1122 1417 1131 1153 1121 1187 1304 1200 1249 1138 1208
112 354 1769 310 134 64 220 308 432 322 27 295 252 225 284 364 1538 103 78 292
488 557 1670 508 463 1655 1709 1720 456 1701 1618 516 595 1613 509 1687 545 1592 1745 576
1006 1130 1125 929 1097 1101 1284 1052 1281 1056 1049 968 1075 996 1028 987 1004 943 1160 1070
1173 1199 1170 1429 1275 1179 1264 1212 1142 1257 1270 1128 1153 1273 1421 1148 1129 1145 1244 1214
162 358 1808 395 241 183 129 116 302 279 1563 168 92 294 125 72 254 1564 363 189
1323 1409 1342 1311 1309 1425 1443 1415 1373 1167 1299 1295 1343 1440 1370 1439 1328 1273 1168 1390
1456 1468 1204 1517 1470 1224 1514 1427 1484 1218 1426 1479 1217 1214 1436 1423 1205 1445 1207 1467
70 97 444 102 195 452 107 135 124 1808 438 1757 449 353 373 1795 378 128 17 89
1131 1166 1067 1151 1313 1289 1269 1064 1135 1096 1202 1005 1316 1174 1300 1249 1158 1178 1106 1145
710 1621 537 594 776 1624 502 529 685 783 804 737 570 678 1616 637 501 492 605 738
128 426 1762 359 23 247 50 456 48 348 1750 3 169 141 459 415 419 138 227 61
1571 1592 339 1534 533 581 347 1563 1586 1635 390 365 343 1590 569 1622 1634 394 1619 552
986 1026 988 967 1021 923 941 1115 1055 1050 994 1010 1083 1017 1058 981 950 1042 1039 984
1207 1296 1179 1457 1454 1238 1339 1267 1399 1473 1235 1394 1325 1461 1118 1190 1268 1156 1120 1442
596 753 1649 776 1642 794 713 1645 1618 573 580 542 621 544 678 682 671 639 741 676
1497 1532 1231 1467 319 1240 307 1522 296 1483 1469 1527 1555 342 340 325 1565 302 309 324
414 427 441 428 67 1705 1687 447 475 1710 105 1698 102 1695 1711 473 71 377 29 16
86 1740 177 1708 1704 1744 115 381 89 2 204 386 1811 426 129 66 182 193 1756 26
1055 1120 1089 1064 1095 1073 1165 1169 1013 1023 1155 1124 1103 1174 1031 1270 1149 1091 1146 1046
185 252 160 286 92 299 226 329 383 176 172 332 371 254 248 241 113 245 210 301
253 365 273 91 326 200 116 1568 1554 174 164 155 270 160 1559 188 190 255 312 390
1131 1168 1308 1302 1183 1052 1252 1304 1272 1087 1125 1139 1160 1130 1123 1065 1113 1207 1323 1078
696 791 806 701 804 634 651 1641 728 572 610 1604 626 708 819 713 1637 605 667 780
1208 1279 1289 1219 1315 1435 1469 1334 1458 1222 1321 1134 1442 1237 1257 1432 1235 1201 1476 1305
953 990 993 973 941 1069 1005 900 1078 1087 1105 958 971 1009 970 950 1033 1031 914 918
869 902 916 899 956 842 958 896 843 939 911 926 893 935 915 845 858 924 859 840
1262 1309 1398 1378 1147 1247 1334 1297 1415 1298 1196 1253 1320 1192 1299 1242 1179 1236 1244 1250
925 958 992 1040 974 950 917 929 922 938 946 944 993 1029 1033 952 889 898 945 979
482 1716 1687 481 546 1759 514 33 469 3 535 18 49 11 386 1605 430 427 499 422
275 300 250 308 325 307 253 1496 279 349 343 293 268 332 359 357 1509 304 237 1526
1333 1346 1275 1298 1282 1384 1328 1315 1292 1409 1348 1360 1376 1395 1300 1277 1415 1404 1375 1350
120 381 235 408 339 1717 1708 223 378 436 25 340 98 258 1817 109 24 172 1596 1784
60 402 1681 347 143 23 153 374 139 1697 148 1711 131 1614 442 24 103 354 99 449
494 1698 1720 1657 1654 429 1626 1743 456 1748 1711 377 395 1641 510 546 384 1646 1745 1730
16 92 385 200 1738 450 178 152 459 361 9 408 413 1739 83 386 81 440 1742 471
573 677 515 1664 1609 1621 727 1616 590 530 635 589 735 533 572 681 672 1654 1611 577
590 694 1618 1674 790 731 1612 1629 615 765 771 574 773 561 606 1613 576 791 670 580
665 786 653 1644 593 741 796 721 744 584 668 575 792 1618 611 698 1620 712 663 571
747 1647 721 607 542 526 740 770 781 540 806 616 1664 510 1610 772 805 1668 615 522
1605 1646 475 712 1614 543 1604 1619 635 645 1607 640 503 569 1657 701 609 535 596 586
1330 1398 1425 1280 1402 1393 1274 1346 1276 1269 1342 1283 1322 1294 1318 1376 1426 1288 1289 1290
308 1506 311 254 288 261 349 1512 270 1478 1532 1477 1521 1537 1524 1511 263 306 256 292
1745 1777 491 126 101 79 151 6 152 1803 453 444 1819 69 1722 493 1774 39 132 474
434 454 1748 390 494 55 46 1700 417 137 80 476 1710 143 457 1704 462 1683 119 121
401 1681 589 1662 1715 1709 486 570 1616 130 108 1717 1683 147 488 1596 1670 579 584 3
181 350 247 1792 1805 406 131 138 307 338 184 407 186 399 323 388 98 274 381 150
163 244 343 170 120 280 241 212 127 171 1792 370 86 283 188 158 211 122 1783 208
746 1631 605 1671 745 1633 602 469 797 520 753 615 476 1593 636 617 802 584 731 711
55 140 1751 85 71 1792 381 122 375 441 423 65 254 1810 392 23 145 1741 130 1715
673 738 1650 1634 788 665 750 698 722 765 653 729 713 714 741 1639 585 745 1643 711
1178 1258 1182 1415 1321 1220 1139 1155 1157 1224 1184 1290 1160 1207 1317 1126 1163 1325 1286 1218
238 372 220 222 115 333 323 165 1564 162 118 287 347 105 327 163 1563 214 266 215
55 445 42 1743 1716 131 51 66 155 11 459 1728 1734 38 116 65 481 1752 423 1712
330 1526 1502 1540 1534 1533 323 377 259 285 1557 336 1542 1546 379 314 270 370 1551 1565
80 423 1723 77 455 1693 456 89 149 51 173 82 1694 1702 403 113 426 185 443 150
670 758 1636 1595 678 677 740 1635 1612 798 1628 642 1656 575 581 665 719 589 1625 805
1132 1267 1075 1078 1124 1292 1071 1218 1280 1104 1090 1077 1092 1204 1166 1282 1163 1123 1097 1011
649 1661 599 485 1602 466 736 1679 1680 609 592 639 1646 475 680 487 489 1608 584 601
472 1611 530 393 505 692 1659 588 569 712 608 1699 646 564 1626 451 490 398 713 429
616 1622 1587 1597 479 747 1646 477 486 1641 538 471 708 618 634 1666 1670 605 720 498
1733 1790 1805 405 11 115 487 206 1789 1788 87 1800 158 1802 64 1726 53 1767 30 451
1793 1810 1814 153 1722 92 1779 203 207 131 1819 1762 1817 1818 1745 112 90 150 168 178
266 297 227 218 1505 220 221 287 309 370 320 1523 1511 339 349 1514 332 228 383 336
617 686 728 729 1639 634 1605 687 1635 644 707 1627 1636 760 689 705 659 703 742 717
1219 1430 1272 1457 1285 1180 1267 1193 1234 1215 1214 1221 1179 1194 1232 1440 1197 1399 1437 1231
702 806 837 786 833 572 703 566 1650 729 824 730 1633 574 614 756 1640 658 1628 608
386 1711 337 444 473 496 1577 334 248 394 176 1600 26 1602 423 1686 1746 1715 163 361
669 786 608 627 622 598 827 663 680 815 634 756 633 1646 1643 605 781 710 809 822
95 384 218 339 3 208 393 36 1767 175 129 1792 240 1692 444 197 1592 61 1761 350
1202 1229 1432 1163 1500 1233 1466 1475 1253 1448 1217 1160 1234 1188 1297 1213 1470 1299 1231 1291
106 426 1762 145 0 425 1698 40 462 1803 214 471 392 351 181 69 438 187 355 1742
1476 1490 1452 1494 1443 1434 1458 1527 1222 1500 1243 1214 1463 1459 1450 1472 1513 1512 1212 1520
280 302 1509 350 304 248 314 1523 334 361 352 303 313 317 329 1526 255 1513 320 298
1729 1787 508 36 1742 21 1719 20 177 1716 41 116 216 191 57 181 493 78 448 1784
421 443 109 108 81 41 387 6 25 1723 1742 14 1726 389 130 1735 420 76 104 93
1433 1452 1427 1459 1197 1491 1415 1232 1424 1489 1214 1244 1227 1211 1216 1500 1220 1444 1413 1233
1476 1514 329 296 1442 1226 1485 1461 1551 283 1520 1228 1550 1528 1540 1231 1506 1243 1219 1534
313 348 136 121 117 381 248 307 309 251 210 245 212 196 238 102 148 277 282 182
28 107 21 1736 235 77 365 1760 344 121 110 208 1804 404 159 142 59 1724 30 184
743 786 608 758 644 1614 720 797 826 585 784 604 703 647 594 1613 825 680 1631 637
151 356 127 1557 1803 255 339 413 265 203 229 103 323 113 260 319 1816 268 1788 44
1168 1193 1410 1194 1269 1262 1299 1452 1159 1243 1421 1164 1301 1246 1283 1118 1433 1122 1324 1055
908 921 1037 1039 1000 902 980 989 920 945 1036 936 978 937 973 953 974 884 1031 927
419 455 80 487 405 145 381 1751 466 132 496 117 84 1733 449 382 490 433 1687 99
49 403 17 413 121 439 100 387 1738 25 419 1605 114 1688 47 1735 428 379 76 406
901 939 987 986 990 926 944 1043 1020 887 1002 885 942 952 1005 1034 916 997 905 1012
576 1618 621 607 551 735 602 618 613 743 771 689 603 626 1606 487 750 1586 661 1665
996 1121 1118 1164 1096 1145 929 919 947 1020 1059 1153 1014 1284 1085 1023 1277 1063 1264 1010
403 433 1734 134 143 58 412 441 477 1720 86 65 422 388 344 1739 383 76 118 432
1206 1460 1451 1441 1473 1271 1225 1207 1427 1496 1505 1238 1511 1231 1243 1267 1295 1492 1276 1192
729 756 746 1629 638 1623 1652 1612 691 666 743 762 1613 1607 718 778 741 674 1606 1616
1051 1162 1201 1127 1183 1319 1075 1027 1024 1152 1071 1320 1279 1267 1070 1068 1141 1042 1036 1261
259 331 244 347 248 373 322 386 1545 1539 264 315 344 245 328 365 219 1547 286 273
120 1818 34 1810 105 126 206 116 113 211 437 230 441 237 1806 346 103 1803 186 1767
311 354 1508 108 400 282 272 143 331 153 171 324 1501 337 164 373 199 371 1554 293
1199 1265 1123 1425 1112 1293 1444 1247 1176 1134 1119 1289 1177 1209 1216 1429 1153 1433 1182 1328
221 375 235 134 1572 120 362 359 213 1583 347 131 260 1708 84 412 1563 392 109 230
1034 1052 1048 1167 1030 1004 1071 987 977 1075 1023 1058 989 1006 920 1001 1019 1143 1067 952
318 1500 358 264 350 323 1234 1482 1508 359 1511 327 1484 1464 366 368 295 1527 1524 268
1318 1377 1328 1296 1429 1425 1171 1416 1414 1290 1267 1331 1278 1286 1356 1426 1336 1186 1179 1303
127 159 1787 1761 216 201 18 88 415 92 110 380 414 422 178 363 60 98 382 87
1101 1118 1157 1054 1056 1120 1060 1151 1127 1142 1131 1073 1005 1016 1160 1015 1113 1170 1300 1091
477 529 505 1595 462 33 1616 1667 1684 1627 473 1728 1666 492 457 1592 482 512 1606 1645
113 401 210 248 1708 1757 235 1770 103 143 1604 417 72 370 1598 1 43 1601 1759 19
83 134 180 356 215 102 402 69 1816 370 344 1776 1810 1757 1799 1738 110 118 49 155
1284 1300 1377 1407 1131 1167 1121 1248 1252 1166 1399 1392 1137 1309 1329 1162 1146 1139 1249 1400
514 1716 379 509 1710 43 439 399 462 1754 28 490 8 492 11 491 1704 1619 497 46
154 240 79 255 235 292 91 96 82 387 344 1805 116 274 1786 360 347 159 216 363
1052 1159 1318 1035 1305 1060 1181 1294 1260 1044 1079 1005 1018 1317 1115 1126 1049 1270 1300 1180
602 628 707 632 606 745 739 704 639 586 1650 709 1656 711 1635 630 660 594 1626 557
1200 1435 1202 1448 1159 1272 1283 1273 1204 1166 1433 1249 1473 1284 1248 1179 1219 1222 1465 1440
122 375 1711 369 18 326 1770 263 0 368 77 214 246 195 35 1790 4 384 165 100
