317 375 659 654 662 294 340 695 683 323 315 361 435 369 269 363 395 434 300 338
646 656 758 317 498 736 684 731 659 569 542 551 490 624 608 697 705 696 506 690
1136 1218 1156 1139 121 1189 1196 154 1200 144 1092 101 1090 1186 160 84 1219 137 1098 1220
300 468 365 673 301 298 270 479 310 337 398 311 361 299 394 332 475 671 277 400
273 357 195 233 463 266 406 380 474 429 502 280 669 293 212 208 423 364 661 702
7 44 24 1174 1206 1131 41 1213 1161 1212 1177 1106 1130 1080 1129 1156 1210 1137 23 1186
1090 1119 1088 66 104 1076 97 1148 1194 51 1111 1159 1126 1052 1085 89 7 1107 101 33
994 1033 1062 1024 1046 970 1008 983 1040 1058 1052 1066 1067 1055 966 1059 1001 1054 957 973
275 357 239 201 661 483 341 662 373 288 417 365 227 195 442 342 310 406 401 686
91 100 223 190 141 88 213 121 1116 1126 75 137 200 129 82 1207 145 172 132 1121
831 890 899 742 761 833 923 747 807 869 756 877 804 853 832 800 799 878 900 856
90 148 193 1116 201 105 173 64 136 1122 78 1107 1113 120 112 1133 1132 121 203 217
362 489 329 328 681 689 395 278 264 430 334 312 398 375 513 479 473 337 517 711
557 683 539 699 328 664 351 701 292 291 481 413 757 615 342 667 709 392 285 355
594 777 648 670 574 801 656 667 605 833 845 654 745 828 813 840 716 805 725 737
24 71 68 35 85 1099 83 18 56 1109 1132 1120 70 0 25 1134 1129 95 37 1124
259 347 280 430 279 327 468 318 289 243 357 278 175 263 354 365 169 325 281 216
949 971 911 930 925 951 977 938 1012 913 968 932 1013 984 902 945 1010 980 979 906
575 646 594 580 733 749 539 740 638 739 631 763 607 597 534 564 718 526 618 659
203 258 263 362 110 240 190 332 94 278 335 164 145 300 358 154 165 151 361 330
593 651 693 727 317 508 522 630 601 759 662 743 551 645 542 517 691 619 314 740
684 698 680 547 571 322 368 657 492 664 299 426 554 663 567 481 302 696 723 676
396 472 461 447 454 463 354 687 280 363 405 286 670 320 431 359 663 295 408 333
635 773 624 751 760 736 659 809 676 593 848 823 599 604 597 835 652 634 744 625
429 671 639 408 652 350 444 681 491 557 377 321 356 684 305 362 335 709 411 706
1088 1130 10 174 1127 152 1121 1100 1201 1191 1070 1207 138 1129 1 147 161 1168 2 1077
1175 1221 1134 1172 1142 1162 1130 1179 1136 1079 1165 1114 1137 1157 1092 1217 1215 1167 12 1156
321 335 262 252 692 305 276 224 331 359 279 257 659 382 310 349 467 677 693 299
530 550 724 506 733 543 634 525 532 689 512 709 578 668 542 749 719 558 494 614
343 674 706 696 326 549 495 408 535 537 697 245 660 330 371 237 487 590 567 356
244 346 225 182 368 399 492 184 396 665 217 153 194 321 299 330 211 227 375 283
847 886 902 906 850 914 759 894 874 779 780 887 891 808 774 775 836 893 756 842
1004 1064 1099 1048 986 1040 979 1044 1089 1033 987 989 980 997 1095 1097 1053 1081 1016 1024
365 694 431 366 310 395 322 357 416 280 376 384 717 547 330 504 303 505 396 551
899 921 950 945 879 889 874 942 961 960 975 898 830 887 931 851 884 876 842 904
1035 1049 997 1056 1048 1046 1057 1015 1043 1085 1066 1012 1011 1063 1074 1069 1004 1030 1006 1070
260 274 230 180 298 253 340 168 374 177 248 353 232 224 295 323 336 347 291 228
251 273 365 690 264 322 281 335 672 361 325 155 298 679 295 160 161 198 205 685
622 642 767 673 766 624 781 771 634 718 659 560 623 563 576 647 717 587 629 574
1080 1128 68 1076 59 157 1109 137 1052 122 1176 145 65 66 1186 1177 4 1124 90 58
506 534 641 526 481 490 513 677 652 494 660 366 718 520 721 498 728 733 503 666
501 721 566 543 355 726 720 576 623 516 536 575 737 565 625 549 349 645 602 650
754 788 831 609 761 774 746 624 649 587 608 732 634 581 840 767 753 734 792 636
278 368 331 357 461 416 240 274 429 508 460 477 273 676 355 197 211 288 459 391
277 324 286 302 683 209 355 385 282 279 332 655 351 384 236 348 671 482 224 280
332 475 245 368 370 447 280 685 243 698 484 337 350 472 225 665 454 309 359 670
1111 1209 69 56 1138 93 64 1218 25 1214 1095 2 1205 94 73 1143 107 106 1088 82
634 730 639 528 751 536 687 652 641 512 717 737 772 526 563 653 715 718 673 708
549 633 536 499 691 722 707 636 776 533 741 710 515 517 750 529 747 773 730 503
568 576 760 708 763 657 577 595 713 682 679 706 562 753 538 537 765 674 563 587
99 194 240 191 253 72 1125 207 152 158 170 249 1116 1143 276 100 208 118 186 145
897 915 837 928 903 949 900 910 860 963 836 868 925 964 889 959 859 972 969 942
638 767 602 818 754 664 841 835 729 654 688 657 824 770 609 597 719 594 659 761
633 714 556 653 502 514 760 759 543 644 751 634 732 687 578 504 780 566 572 669
185 263 190 182 310 111 304 96 202 308 103 150 264 341 299 355 351 228 189 163
1096 1202 1205 1212 1221 1150 1209 1086 1167 1213 1149 1181 1082 1219 1155 1152 1139 16 1094 1122
645 689 704 298 628 578 589 283 321 563 712 654 622 706 561 549 335 558 738 308
190 235 348 155 245 168 1128 136 185 263 340 100 112 216 150 233 149 154 157 129
285 662 611 559 310 322 690 672 495 567 575 538 380 245 536 320 571 550 472 487
325 368 313 490 399 293 263 442 444 504 331 305 445 441 464 483 418 374 488 489
552 696 329 682 586 665 698 632 536 667 510 478 709 508 479 719 541 377 527 486
847 862 872 859 810 812 774 882 806 843 807 907 790 878 897 895 826 837 802 773
181 250 340 115 102 284 120 159 239 183 185 254 288 289 101 107 329 221 142 213
820 859 744 875 743 738 905 836 739 889 884 769 740 742 751 787 812 788 850 816
1139 1219 1187 1113 1090 1176 1215 69 110 1152 147 1112 1177 128 1191 143 93 100 1197 76
634 759 629 747 832 772 721 725 769 616 778 590 670 773 753 713 758 768 659 587
10 1115 29 1094 4 1129 1146 1164 22 1213 1153 84 97 1095 107 79 93 92 1106 1137
30 58 87 67 80 45 63 61 22 33 1119 1117 42 17 47 1118 11 37 95 85
185 269 214 348 341 127 252 217 125 366 105 131 192 196 186 201 271 208 147 370
111 1142 1157 101 181 1218 193 1070 1103 171 121 109 132 1201 14 1210 148 1091 1168 147
1 1138 27 1174 1204 1118 1088 1176 153 147 1117 61 105 1068 1085 104 1122 1221 1095 1125
619 638 578 738 709 796 643 570 784 581 720 640 683 571 572 658 547 733 672 556
660 732 701 333 363 774 705 668 771 610 576 303 538 504 313 606 509 761 494 553
1100 1147 110 1133 1138 1113 1206 1195 89 101 1150 1217 1137 14 1120 2 1128 1076 1068 7
191 268 236 143 235 232 174 246 1134 339 193 319 190 260 216 377 308 297 372 233
697 721 505 592 360 744 645 731 545 698 354 634 333 574 560 347 712 369 726 477
974 1014 998 928 1049 1015 944 960 935 955 910 1009 1062 1058 978 912 943 929 1033 983
1146 1185 1213 1205 1121 1114 1204 1119 1117 1102 1220 1134 2 1084 1085 1113 1152 1111 1218 1177
1037 1052 1038 1059 1086 1032 1009 1003 1064 1058 997 1056 1084 1041 1076 1065 1061 996 1025 1019
973 1012 904 1031 1049 1064 1000 1060 990 947 998 1015 911 927 1057 936 952 1067 1061 988
239 266 218 190 169 261 272 289 340 176 317 255 354 287 226 312 163 194 240 236
653 716 644 322 546 308 600 545 620 548 739 623 658 749 745 660 534 499 492 529
169 196 184 217 175 1128 271 148 143 262 269 268 114 256 113 183 209 261 250 109
416 436 672 340 674 453 479 429 373 367 430 346 439 347 374 422 462 471 335 376
1156 1189 105 13 104 93 95 1209 1097 98 1122 1087 1151 99 1078 1077 8 94 1124 1184
164 191 238 178 249 183 214 108 265 170 116 219 234 221 255 215 126 260 244 174
550 746 641 616 579 826 615 840 764 632 522 816 675 790 527 810 506 807 822 759
49 1118 111 21 1184 1132 1128 62 74 1157 44 93 1114 1100 1142 94 1140 1199 26 41
597 774 594 718 608 623 643 748 580 730 757 728 593 585 842 801 636 592 599 768
286 364 389 372 315 451 307 301 464 469 353 661 472 486 682 362 493 687 336 673
484 497 393 659 707 472 689 682 485 379 365 411 360 345 519 527 401 673 541 514
636 739 809 580 655 565 734 619 737 761 638 823 553 826 625 733 679 816 560 566
772 843 735 799 901 896 869 613 884 742 835 814 878 908 803 733 804 847 629 849
1034 1060 1038 1090 1031 995 1055 1021 1008 1004 1012 990 992 1043 1079 1033 1023 1013 1048 1003
1099 1201 1169 1155 1096 1217 1161 1072 1138 1194 1087 1173 1218 1084 1148 1140 1208 1158 1219 1110
516 541 675 668 513 663 735 548 715 506 696 508 714 542 687 543 571 692 693 713
568 633 671 585 689 760 679 707 620 622 658 762 703 631 624 563 713 753 751 686
288 354 341 441 202 321 693 217 439 359 258 477 434 432 488 679 342 365 390 313
1094 1168 1130 1161 0 1215 1111 1208 1107 1221 1216 1147 1217 1131 1080 1056 1061 1072 1223 1088
276 371 351 336 295 431 499 330 502 292 473 248 468 462 244 376 467 465 688 207
1037 1053 1079 1025 1039 1074 1038 1047 1051 1089 1078 1059 1052 1092 1081 1000 1046 1083 1030 1017
579 665 575 624 555 689 717 497 564 578 297 291 367 349 388 522 473 501 548 328
298 331 656 232 370 239 261 671 661 262 462 255 472 386 373 678 379 685 363 364
132 148 107 118 160 220 185 214 208 106 181 129 156 206 134 117 203 124 164 1135
840 898 906 787 762 770 774 820 819 852 792 877 782 784 901 934 863 936 891 860
739 770 601 829 731 620 774 619 621 757 844 603 736 839 776 765 819 652 639 729
1089 1131 131 80 1179 1201 1122 67 92 1213 15 124 1190 1112 1079 1120 1136 155 1164 120
1032 1053 1069 1022 992 1021 1072 1060 1039 1005 1028 1089 1066 1003 1018 1031 1052 1043 1009 1029
64 1113 80 44 1167 1140 1114 1198 35 51 59 68 1124 1181 1156 1142 1200 24 61 1190
70 1129 152 1125 2 101 1164 1114 1122 122 1157 1104 1077 173 1099 175 114 3 1175 1194
665 683 579 433 397 299 280 698 356 492 312 723 306 556 476 431 726 372 645 505
1064 1089 1100 1185 1180 1138 1095 1083 1062 14 1130 1183 1152 1168 1167 1181 1223 1004 1022 1034
1040 1059 1053 1078 1061 1052 1017 1097 1045 1049 1071 1001 1055 1003 1043 1070 1051 1074 1060 1032
782 852 819 802 606 601 747 883 891 846 903 600 894 908 750 611 875 624 608 847
309 654 643 368 604 602 502 302 281 312 591 694 612 693 673 376 711 574 351 287
1142 1178 1118 1099 125 1176 1110 104 1096 1180 1072 1164 6 111 1111 1203 14 119 1143 1166
868 893 837 900 928 885 829 825 883 897 874 863 921 926 930 880 882 913 824 835
290 312 663 370 484 315 210 667 321 204 475 670 327 303 228 215 308 306 335 203
1074 1101 1137 1150 1051 3 1041 1216 1131 1045 1049 1076 85 1200 16 1145 1152 10 1099 23
417 483 464 442 444 428 469 387 369 689 292 330 425 471 327 342 333 357 393 470
1142 1170 1 89 1148 1208 1070 1107 1166 1118 117 87 121 7 1159 74 1082 1093 1184 1188
1136 1203 1103 132 1183 1139 1105 1212 12 1150 144 83 121 79 11 114 1148 145 131 148
1 40 15 1220 1121 48 1097 1096 59 1089 1134 1080 1182 10 1135 1154 38 6 51 1119
993 1049 1017 974 1001 1013 1043 964 1034 1045 1055 1010 982 961 1012 1067 1035 1016 1085 996
91 1142 152 117 61 112 1203 1141 85 1186 1084 1082 1100 1094 1089 1092 1076 102 1085 101
179 264 144 124 332 185 140 356 298 239 369 312 352 252 112 306 319 99 344 258
170 259 125 180 188 248 177 98 289 189 262 168 1135 320 305 283 212 110 361 214
292 689 648 207 709 643 382 571 208 639 332 303 668 561 262 255 549 277 210 656
1121 1218 1132 48 1094 1186 1184 54 15 1217 83 1204 1111 1091 84 103 1191 1130 1203 1148
345 435 379 271 296 695 288 314 434 372 456 330 360 292 431 242 692 672 490 423
756 815 831 744 725 845 787 600 810 807 629 754 781 792 820 560 764 812 858 575
68 1116 55 42 45 1189 1198 1213 14 1133 1223 36 1200 1143 31 1217 1094 1147 1172 51
1088 1133 1161 1051 1136 1178 1181 1220 1172 1211 69 1204 157 1130 187 122 162 1139 154 1148
170 237 200 195 235 1134 254 296 135 221 97 239 332 201 340 339 229 203 341 178
543 734 653 539 763 679 767 640 785 727 561 689 731 565 659 718 671 754 522 550
750 776 839 651 654 582 599 580 784 731 624 568 648 850 772 834 793 842 609 806
7 1202 1103 84 35 1187 1168 57 1135 26 1201 67 1137 1083 73 1213 66 1085 43 1144
1106 1124 1199 88 1147 1208 33 99 55 1195 109 105 20 1149 1087 1222 92 1180 1 120
780 822 826 857 829 851 793 617 758 856 867 842 849 603 868 800 760 774 837 771
884 912 958 957 894 959 832 963 945 941 848 979 862 951 927 967 887 866 928 954
576 628 624 593 664 555 561 750 607 612 626 658 625 609 752 793 772 762 798 723
211 271 108 255 276 250 103 217 344 204 375 257 371 154 281 192 297 259 245 168
555 685 292 695 666 618 385 286 693 674 551 336 327 304 689 384 668 719 751 681
1100 1137 72 84 1175 16 4 107 1203 1139 74 1197 69 66 1068 1080 1219 1151 1078 1138
67 86 19 85 1143 79 90 65 1162 41 5 1119 1138 92 1111 1146 1121 8 1117 66
159 194 192 141 143 199 227 272 115 1128 259 188 120 191 229 144 260 198 160 183
223 266 357 182 338 345 104 220 253 373 273 281 342 262 381 210 190 157 212 199
103 135 1114 209 117 1141 91 179 168 99 200 211 214 1115 190 1111 191 203 140 110
113 1138 1130 1145 1158 1177 1209 1213 1 8 160 1168 202 1223 1206 87 97 1092 117 106
231 258 300 345 288 195 275 217 352 218 341 299 336 228 175 160 327 358 295 284
