276 1190 281 286 1200 1201 1136 277 269 1199 1141 254 1205 1139 278 264 282 1197 279 1196
129 145 142 1559 147 127 154 91 125 1570 157 1587 92 105 123 1586 116 404 146 90
1441 1455 1444 1262 1450 1439 1440 1253 1451 1474 1260 1477 1432 1457 1465 1466 1486 1471 1480 1461
1035 1041 1019 1054 1044 1056 1036 1061 1062 1049 1016 1030 1050 1053 1059 1033 1064 1063 1051 1034
1392 1403 1389 1383 1397 1405 1406 1394 1390 1388 1393 1402 1391 1380 1409 1399 1381 1395 1398 1382
276 285 283 284 301 1179 286 1186 274 278 293 310 275 1191 1173 265 1171 1185 1195 1140
1037 1043 1061 1064 1053 1056 1028 1032 1050 1025 1029 1023 1034 1067 1044 1026 1015 1027 1014 1019
58 71 57 61 47 66 1653 53 68 79 91 89 1659 87 40 90 84 359 43 69
256 262 1190 263 1195 245 1210 1216 1189 1220 1217 250 1219 268 1198 1183 1181 1179 247 1202
213 227 216 220 215 212 236 237 1517 210 225 233 229 209 231 205 226 218 204 238
89 140 154 119 157 92 1565 116 124 146 109 93 1581 94 159 86 117 135 106 131
104 1566 137 129 106 115 114 135 157 141 1578 128 111 93 98 1557 142 94 133 1579
1111 1119 1120 1095 1094 1116 1096 1093 1124 1125 1101 1130 1127 1105 1129 1132 1107 1122 1128 1110
1 9 0 3 18 12 17 14 7 11 19 10 5 15 16 4 2 6 8 13
1168 1189 261 278 265 1141 260 252 1179 251 1155 267 1140 262 1187 1150 1198 275 1178 1157
1262 1278 1280 1289 1290 1249 1248 1455 1291 1288 1274 1276 1287 1281 1284 1259 1269 1266 1246 1447
263 1199 1216 262 1190 249 259 1193 1197 1180 1208 1198 248 261 1191 255 272 243 1200 253
1093 1104 1094 1102 1080 1087 1105 1091 1085 1098 1116 1088 1115 1110 1083 1084 1101 1097 1119 1079
151 1570 1566 1569 137 110 160 148 142 109 1555 86 105 125 98 120 1565 97 99 87
116 145 127 1578 110 403 1577 152 144 126 1563 1564 165 89 108 117 1568 134 1586 124
1069 1083 1091 1049 1078 1051 1082 1066 1064 1057 1088 1089 1061 1073 1068 1085 1084 1077 1090 1063
20 1632 339 29 1647 316 315 1659 321 292 311 32 1651 1630 24 1657 1653 1658 1636 323
1269 1279 1273 1256 1290 1260 1287 1286 1294 1255 1293 1272 1249 1266 1280 1285 1268 1262 1271 1283
135 145 151 113 101 403 122 96 1565 157 1582 1574 88 164 404 1576 1587 85 395 1564
1016 1035 1004 1050 1010 1043 1009 1023 1049 1045 1017 1021 1047 1056 1052 1042 1007 1006 1030 1028
119 1587 126 143 154 1574 1580 146 108 116 86 1563 1566 1581 100 1572 1564 99 128 1586
1030 1054 1065 1050 1063 1072 1036 1052 1014 1016 1038 1042 1064 1066 1048 1035 1079 1076 1031 1026
354 1663 361 28 53 23 59 57 58 1653 1661 52 319 60 55 352 320 324 357 63
86 149 88 167 112 141 130 110 122 119 155 104 151 1576 106 68 161 1567 92 1575
1216 1231 261 1221 1201 1243 1212 1245 1248 1233 251 256 1237 255 253 1220 250 1222 252 1242
139 159 171 93 109 1576 142 1588 1565 1569 1578 1551 178 98 140 402 1552 1557 407 103
303 1643 324 302 1638 300 1633 310 36 281 1640 289 332 31 1660 1645 301 290 337 1642
1107 1117 1126 1131 1118 1125 1096 1122 1121 1109 1104 1098 1110 1129 1092 1105 1123 1106 1120 1112
1476 1485 1452 1460 1493 1470 1446 1444 1496 1461 1490 1495 1466 1492 1475 1471 1455 1477 1445 1481
336 1643 310 307 331 333 308 1632 1633 43 330 1642 341 1644 31 335 24 1621 41 39
1446 1464 1439 1257 1443 1261 1458 1453 1457 1476 1465 1462 1484 1450 1444 1469 1447 1449 1475 1485
1354 1360 1362 1374 1376 1347 1358 1367 1353 1330 1355 1366 1344 1337 1335 1332 1338 1343 1345 1369
1400 1406 1402 1396 1389 1409 1392 1408 1415 1405 1401 1387 1410 1414 1385 1388 1403 1398 1407 1394
133 155 153 163 89 94 90 1553 171 408 1558 411 142 410 174 111 1565 116 396 412
1519 1535 1532 1545 213 208 1512 1507 1513 1531 206 199 1510 1529 205 202 1524 1536 1543 212
135 156 90 148 1562 115 105 152 120 112 1585 91 122 143 173 140 83 149 151 154
185 196 188 183 1541 195 176 1531 1530 1533 177 205 169 1552 1523 1539 187 181 179 1522
178 1556 163 1544 164 156 193 189 161 160 176 154 159 1559 190 152 172 188 151 184
1247 1260 1242 1445 1274 1232 1259 1456 1257 1240 1448 1236 1446 1255 1237 1262 1272 1457 1271 1264
260 1190 1181 250 257 271 1191 1214 1182 252 1210 268 1177 258 1169 244 278 248 280 1180
1050 1075 1059 1055 1051 1058 1025 1031 1082 1026 1086 1063 1039 1042 1035 1038 1087 1027 1073 1085
254 1225 1220 1224 1213 1190 1218 1182 264 1238 1230 1215 1212 247 261 1242 269 266 1189 1180
369 374 366 390 371 376 382 364 380 370 387 384 358 378 365 389 386 360 379 377
1151 1162 1140 1138 1145 1134 1126 1129 1148 1149 1169 1133 1166 1173 1136 1164 1139 1175 1147 1141
196 1531 200 1543 204 1532 206 209 201 1524 1522 1514 1529 1515 186 185 1536 181 205 194
1098 1116 1129 1084 1131 1113 1112 1128 1101 1106 1100 1118 1094 1115 1082 1086 1099 1096 1110 1092
1245 1255 1257 1261 1240 1449 1275 1447 1265 1239 1276 1243 1260 1228 1451 1229 1458 1461 1454 1254
242 1493 257 1490 1491 1489 255 254 251 232 250 247 253 252 241 260 1487 234 238 249
275 288 264 267 1180 1645 306 1186 1175 298 1143 271 270 1192 305 1179 1176 274 1177 1196
20 36 43 1622 335 327 34 328 45 29 27 340 1648 330 1662 51 1657 1621 54 332
61 353 45 80 78 1658 43 362 1652 341 358 58 350 75 48 51 1661 1653 57 56
23 1655 319 1642 1662 1648 1636 1649 327 1650 330 352 314 36 30 312 1635 1653 316 354
1053 1069 1074 1051 1055 1049 1041 1084 1044 1063 1046 1030 1078 1068 1047 1027 1031 1050 1079 1087
1007 1017 1030 1011 1012 1035 1021 1002 1028 1015 1024 1014 1026 1016 1027 1023 1001 1039 1008 1013
136 1561 1583 147 125 139 127 1565 99 110 153 165 1576 154 130 411 109 1568 145 1580
129 1580 1561 114 1564 394 1568 145 398 148 1588 402 412 91 1579 395 117 88 98 123
280 301 1649 1132 1172 312 1173 1135 1139 1185 284 318 320 1187 1174 311 272 270 302 271
172 1554 1562 173 1547 176 170 1555 169 182 183 163 174 185 159 180 1549 1560 1550 156
127 153 87 157 1586 123 108 1581 167 1574 409 86 398 113 1588 399 403 158 161 1577
1063 1078 1070 1055 1084 1043 1057 1089 1090 1081 1052 1041 1091 1082 1093 1061 1092 1049 1060 1053
176 1556 187 152 149 1559 156 148 190 1552 146 173 1550 1560 154 174 1551 171 153 189
39 337 25 51 52 55 29 56 317 42 322 46 44 20 48 28 1640 1648 1644 33
1154 1169 1157 1132 276 1140 1178 1148 1159 1133 1166 1150 1145 1168 1143 1176 271 1163 1146 1182
1438 1455 1488 1472 1470 1459 1253 1450 1445 1467 1258 1453 1446 1441 1457 1460 1444 1451 1456 1259
106 1567 1561 1556 85 154 1579 155 93 145 137 132 1583 116 1572 103 138 157 110 1580
219 1513 210 217 1527 209 229 233 1522 206 1524 1529 204 232 213 1521 227 212 216 1531
92 120 77 94 93 399 1589 132 397 400 140 147 88 1582 126 75 122 112 404 82
387 407 410 381 136 389 119 131 397 137 404 118 373 138 415 398 383 395 413 130
1097 1102 1108 1107 1081 1103 1110 1111 1091 1095 1098 1092 1083 1086 1093 1105 1087 1113 1084 1112
1131 1156 1124 1174 1137 1170 1160 1123 1117 1167 1139 1168 1155 1154 1133 1171 1128 275 1151 1159
1356 1371 1366 1341 1336 1342 1348 1345 1369 1355 1362 1360 1340 1347 1344 1379 1351 1343 1363 1333
1456 1485 1493 1442 1480 1479 1446 1260 1478 1462 1481 1495 1255 1484 1440 1445 1452 1253 1483 1482
1243 1260 1252 1450 1445 1459 1455 1231 1269 1266 1245 1228 1449 1251 1253 1225 1452 1458 1254 1232
1280 1292 1256 1266 1272 1302 1283 1278 1298 1291 1276 1269 1265 1284 1297 1282 1290 1294 1258 1270
1212 1216 1226 259 1222 1206 1204 1207 1196 1203 1197 1229 1208 1219 1218 1220 254 255 1224 1201
1311 1321 1329 1334 1333 1335 1331 1307 1318 1320 1314 1305 1301 1299 1317 1324 1306 1300 1316 1303
1192 1207 250 1217 1212 1171 269 262 1198 1196 255 1185 266 1195 264 1194 1205 1223 276 1173
181 1551 192 180 179 155 1563 190 1555 1554 173 1540 1545 1562 175 160 1553 169 196 185
53 65 351 80 357 74 37 364 63 64 1657 1650 362 353 62 84 58 1661 61 42
187 195 180 1524 1546 1545 1528 1542 170 197 183 208 196 200 174 172 198 1526 201 184
209 1514 1508 226 201 213 225 205 208 218 223 221 207 1527 1528 206 1517 1529 220 222
1451 1483 1256 1482 1462 1262 1444 1454 1470 1477 1492 1452 1488 1439 1258 1257 1446 1445 1251 1264
1344 1353 1334 1360 1335 1361 1354 1332 1327 1365 1338 1359 1340 1331 1342 1355 1343 1336 1341 1329
133 154 1566 87 86 139 1578 402 104 141 146 112 91 116 1562 89 118 1558 156 127
1018 1032 1022 1027 1015 1054 1026 1046 1039 1043 1036 1025 1023 1051 1034 1055 1012 1011 1020 1028
88 1571 136 105 84 133 78 1565 110 137 120 80 139 72 1570 131 1567 1575 73 75
23 37 1649 1661 55 334 39 32 49 318 51 1620 1650 1637 335 323 1633 322 328 25
1036 1050 1014 1029 1018 1075 1065 1030 1059 1022 1061 1027 1073 1068 1047 1060 1063 1042 1076 1038
23 331 1643 43 319 1637 20 1664 1620 1640 1632 1663 36 340 323 47 330 32 1636 1659
400 419 411 408 1587 1584 412 138 387 129 414 1586 1588 382 379 415 383 402 121 416
1059 1076 1073 1077 1041 1070 1092 1071 1080 1053 1051 1068 1046 1066 1056 1060 1072 1089 1043 1087
392 414 407 409 405 379 383 389 391 375 413 378 382 381 390 411 387 376 386 419
134 1584 1582 111 121 154 149 145 128 1564 142 1568 83 125 97 84 412 407 103 116
1075 1091 1088 1090 1096 1078 1089 1101 1077 1055 1084 1079 1085 1049 1083 1086 1052 1103 1095 1110
265 1178 269 1197 1189 1195 272 1170 288 263 290 1165 257 1196 1186 1200 274 1173 286 1179
106 140 1583 76 110 94 81 1568 82 126 1586 1559 97 139 89 1570 119 157 123 120
241 257 1223 255 242 233 1192 1197 1212 238 244 261 269 1178 1217 250 1193 1186 247 1200
251 1215 1218 1192 1190 269 241 1227 1189 1187 263 1209 1204 1198 244 1193 1222 261 1199 258
152 1565 148 138 153 145 1555 1569 151 104 135 1581 142 1584 118 158 157 97 167 1556
1049 1070 1030 1061 1063 1050 1043 1076 1044 1039 1058 1066 1084 1028 1072 1069 1041 1031 1078 1060
1188 1192 1169 269 1206 1183 280 1187 1171 276 264 1174 274 1176 1205 1194 270 263 250 1208
1253 1451 1468 1273 1445 1249 1440 1248 1450 1258 1466 1265 1448 1271 1454 1442 1463 1471 1482 1276
213 220 1524 228 209 1525 211 229 231 222 201 1514 221 200 234 226 203 1509 204 223
120 150 161 1586 148 1556 404 1555 409 1564 143 106 82 1574 1585 155 1588 91 109 113
1054 1072 1034 1068 1059 1088 1089 1051 1046 1084 1035 1053 1032 1070 1055 1036 1060 1027 1071 1049
1025 1041 1020 1030 1035 1037 1063 1056 1017 1055 1043 1039 1049 1033 1024 1053 1040 1060 1026 1013
1575 1579 143 142 1589 103 97 119 104 130 91 124 98 1582 92 100 107 93 141 121
313 1650 327 51 297 299 291 50 320 1637 305 293 43 1642 1646 350 290 53 292 1647
308 327 1645 1647 309 20 27 289 334 39 1620 293 28 1662 313 23 339 310 311 29
178 190 163 1543 1536 191 1549 1540 193 176 1541 1537 197 186 172 171 160 1544 1551 1529
271 1172 1174 1170 1138 269 1153 253 273 257 1135 255 1166 275 263 1143 1162 268 1190 1196
1174 1182 266 1164 280 255 256 276 1191 1189 274 277 1152 261 1199 1156 1160 289 1154 1165
1361 1374 1377 1381 1386 1359 1366 1382 1370 1351 1373 1356 1379 1375 1367 1350 1346 1358 1363 1369
1098 1118 1099 1105 1107 1082 1106 1125 1102 1083 1097 1086 1093 1132 1109 1104 1110 1081 1119 1085
1190 1197 1176 277 270 1180 1169 1209 265 279 275 1196 1198 1174 251 1210 268 1171 1184 267
1197 1206 273 272 1205 254 1219 255 274 1221 1187 1191 260 251 1207 257 1194 1217 1178 261
203 215 212 232 192 1516 231 1515 1526 228 1539 191 193 1529 1521 1522 1541 1518 1531 1534
260 1204 250 1183 1180 1184 1210 1215 241 1190 1194 1188 1198 1205 1197 269 266 258 1189 1209
1276 1283 1275 1253 1254 1266 1256 1292 1271 1268 1262 1273 1298 1270 1264 1290 1267 1258 1289 1257
1315 1331 1301 1338 1322 1308 1352 1337 1345 1321 1354 1314 1330 1323 1350 1343 1340 1329 1307 1332
102 1574 93 117 1570 156 101 85 118 107 128 103 135 1576 1585 111 132 112 126 109
353 1659 341 57 356 318 351 1652 323 340 326 55 26 1655 23 1657 1620 64 324 1621
1331 1342 1315 1329 1361 1327 1357 1319 1351 1345 1359 1348 1349 1314 1352 1339 1356 1326 1338 1344
1448 1469 1482 1476 1473 1477 1259 1436 1263 1450 1442 1461 1451 1478 1449 1485 1452 1256 1460 1480
77 96 1560 69 121 1570 1580 135 1584 156 125 136 79 1583 149 154 98 105 106 104
140 1582 148 108 159 130 1576 142 1568 123 1559 138 1588 160 106 1587 1584 114 96 156
1519 1534 1508 1523 1509 1525 197 1542 1517 1536 205 1507 196 1522 1537 1521 1544 202 198 214
1623 1636 1643 1624 292 301 290 325 304 319 1648 1639 318 1649 314 303 312 330 24 299
1281 1294 1287 1300 1283 1261 1279 1265 1305 1301 1286 1295 1264 1296 1304 1284 1267 1292 1307 1270
336 1641 317 43 40 41 296 1648 297 332 26 1621 25 45 1640 1659 1631 1639 304 295
1379 1386 1380 1389 1385 1367 1393 1368 1400 1396 1369 1398 1366 1387 1374 1391 1372 1390 1392 1402
136 1584 1585 398 115 119 153 405 83 122 1567 92 88 133 112 1570 111 102 400 100
250 266 1184 245 238 265 248 1180 252 1194 1200 1175 1193 1222 261 262 256 272 1201 1219
296 1637 310 1622 312 303 276 283 316 1631 326 294 321 1642 1620 1643 28 298 1621 319
285 310 322 1175 1178 278 304 298 321 1631 1177 1630 277 279 308 1648 288 303 300 1645
366 370 373 382 371 357 358 367 362 375 356 384 381 385 380 363 360 361 379 359
24 325 1656 312 34 40 1637 341 1659 1661 1635 332 1664 1655 307 1658 31 1636 339 1620
47 340 27 337 52 31 1650 41 339 57 334 350 1648 44 327 29 1646 38 40 49
132 405 151 409 387 107 383 1566 389 381 122 90 125 1577 1581 128 393 86 1561 396
208 217 219 210 1523 1528 1509 211 1510 200 225 198 223 1524 1536 1529 1530 218 216 233
1139 1149 271 1154 1129 1137 1157 280 1173 1153 1147 1152 1150 1148 1131 1151 275 1164 1128 1172
1147 1173 1171 1126 1130 1152 1177 1150 1124 1149 1134 1169 1183 276 1189 277 1170 1193 1184 1178
47 355 364 330 35 331 62 366 1660 360 25 64 1653 55 60 27 1650 1659 361 26
1172 1188 275 265 1197 251 1180 1192 1148 1163 264 1184 1200 1182 1198 1155 1146 259 1204 1191
137 1562 93 1561 149 143 158 155 408 87 1585 91 109 135 159 144 163 164 151 83
