1463 1490 1428 84 45 22 1478 1555 1567 33 96 1530 1550 0 1491 2303 1545 2333 75 1484
104 1493 322 30 328 1504 2306 37 2317 1467 1477 2307 0 108 134 6 1540 333 1492 83
83 1511 20 1557 1534 1553 1563 1491 65 1561 18 1473 2 2304 1462 307 4 1461 2310 72
1232 2245 1204 1052 2258 1261 2273 1216 1203 1054 2211 1194 1201 2262 2223 2277 2263 1252 1058 1048
34 49 1601 1383 1371 1414 1485 1359 78 1548 195 1577 1423 97 1635 1609 1497 1394 1556 76
268 1717 282 447 442 433 230 1647 1691 1671 1729 436 1712 1704 171 218 429 1736 367 155
1444 1486 40 1607 1582 1379 2287 1572 22 1504 1587 1409 79 5 1489 1501 11 48 1530 1381
466 1739 405 484 406 1756 478 1730 486 1757 500 531 540 541 688 543 499 482 519 1733
2008 2027 1992 1980 1975 819 1915 835 1909 1902 1983 1914 1898 1931 2033 833 1997 2037 2003 826
350 376 373 299 131 141 331 291 312 362 296 126 375 1702 401 378 319 307 410 348
591 662 605 723 678 600 680 685 677 654 621 596 1755 1740 672 575 1798 658 566 1763
1219 2217 2232 1210 1248 981 2216 2252 1062 2200 2233 2244 2203 983 1224 2201 2202 1254 1212 2219
116 333 142 314 2320 2329 337 110 1538 320 132 85 312 302 119 1519 298 144 336 347
504 542 1752 1770 454 491 431 506 1753 580 669 1738 677 1764 489 535 683 459 481 689
34 1482 1510 1425 2306 1456 1413 1412 1545 1444 1494 1426 1421 1457 1463 1557 20 16 1437 2325
1411 1589 2296 1549 1461 175 4 187 56 2298 1434 62 2295 1545 1605 63 198 2299 5 1590
1794 1820 1786 1790 540 1872 574 560 1782 1826 1813 657 1873 1775 596 1864 1853 561 583 1797
72 1574 12 1649 1447 1485 1466 1430 1613 18 1442 1622 164 1624 44 66 1553 3 1422 1474
216 243 1632 1653 1681 191 2281 1624 1627 192 267 178 281 1649 1619 154 230 1704 1670 1656
556 1796 656 559 1799 1782 542 1759 1747 551 567 635 634 643 626 657 532 613 655 566
98 1473 96 1547 1457 40 1529 1582 51 53 1445 1539 2291 1565 1501 85 28 1594 25 0
978 2219 1064 1207 1053 1242 2156 1214 2253 1061 1235 1233 2251 952 2204 995 2195 1057 957 1045
2003 2047 2049 2052 2011 1974 1915 1987 830 1937 1897 2098 1911 2088 2018 1936 2099 1899 2027 2071
1429 1563 2319 1385 1394 60 0 1619 38 2315 11 1631 1392 2274 1483 1452 1600 2277 2325 175
64 1619 82 1407 53 1599 1374 1553 2291 1399 1370 1638 1436 1617 2295 1360 1353 1459 2316 1469
1539 1563 49 142 78 1440 1496 23 1509 199 1429 1584 1577 1623 64 1576 45 28 1470 1668
81 1465 1418 2298 82 1546 114 1440 1451 45 1476 1 1482 1487 1433 1542 92 1566 1514 1472
1537 1565 100 1487 1525 1643 1518 1461 1596 1434 4 1617 1672 2280 2294 1609 187 81 54 66
1087 1095 1174 1189 1072 1176 1138 1059 1074 1101 1078 1196 1118 1115 1071 1103 1057 1052 1158 1165
1050 2245 983 1055 1066 1059 1212 1087 1013 1195 1239 1075 2233 1079 2205 987 2215 2243 2263 1196
291 1706 145 1657 242 1723 416 270 1714 1683 241 1678 1722 309 1710 451 222 453 147 450
203 242 220 1415 1634 1412 1431 63 1589 1571 1712 2305 243 236 1685 1650 45 206 1661 1569
10 101 1441 1529 1432 1522 99 2329 27 1424 1435 1516 2304 1450 66 1540 1426 1420 68 1429
1346 1356 1368 2295 1248 1367 2265 2272 1376 1371 1343 1399 1339 45 1407 1345 1404 2286 59 61
717 799 1759 715 823 769 714 1772 1771 781 733 785 686 689 1757 803 752 1953 771 800
641 654 582 562 577 605 623 602 658 1788 621 559 553 616 546 538 593 1794 617 588
1220 2236 1048 1049 1218 2211 1066 2277 1071 2243 2233 1068 2261 2256 1243 2247 1060 1042 1233 2262
155 1668 2309 1662 284 183 1713 1673 128 1630 76 133 275 1680 1692 215 2306 1671 192 1667
163 189 309 2315 1376 1647 144 2304 1438 1368 60 2284 1379 2313 1429 67 1548 166 306 1381
1672 2316 1516 1523 65 1517 1427 249 180 1665 1528 96 1412 226 2 25 1703 289 225 1670
179 219 1413 162 1377 1701 2285 1597 2312 1580 1660 229 1704 1403 250 2311 1387 1566 1676 283
157 292 1552 2306 1718 1655 155 220 1547 70 276 357 153 1672 177 352 149 236 1715 1707
325 365 357 1705 145 341 377 308 130 1698 333 133 322 1703 344 1693 403 108 400 126
1896 1991 1996 1987 2028 2035 1935 1984 1976 1952 2033 1929 1983 1898 820 1978 1888 1908 814 811
91 1531 1464 1473 95 1461 83 2311 104 129 10 1460 127 309 25 316 1483 1495 8 125
16 1534 10 1551 1502 123 1544 1486 32 27 48 83 118 1545 2319 9 73 1507 1533 44
365 384 403 298 378 311 416 386 138 134 295 292 324 410 357 290 407 339 1738 414
80 1529 0 2324 42 31 1511 1454 74 65 2303 79 1509 1533 2301 117 2317 95 2315 77
2073 2154 2132 2134 2058 980 2114 2081 2191 2197 2096 2146 2126 2174 2176 2068 2199 2143 2038 2050
19 1495 1437 15 101 77 1523 88 1434 1480 1430 1475 1491 81 32 2318 1552 1509 26 105
239 277 203 1684 262 208 1734 261 264 1655 165 1736 156 1719 1650 227 1729 1662 181 1651
1458 1574 173 5 1408 79 1485 2323 167 1463 2286 210 165 6 51 64 1436 92 1403 185
164 226 1660 196 224 221 1717 1667 148 195 174 1704 1664 235 155 170 168 2308 1564 1561
77 95 1523 82 1440 2325 2316 28 105 64 1568 88 126 1492 1559 1542 59 1557 2311 1572
477 516 512 1739 687 475 439 676 692 1745 498 519 495 523 1776 423 456 436 548 1730
924 939 841 936 839 832 874 857 835 870 911 972 850 959 967 951 954 940 948 914
2263 2274 1407 2231 1351 1218 2238 1403 1373 1392 2276 2222 1229 1221 1199 1209 1374 1426 1421 1388
1613 1642 1652 71 59 2278 1568 1625 161 2292 184 1574 1624 1637 208 162 1675 2301 187 203
111 1535 1516 1493 106 72 2312 331 1555 4 18 109 2310 32 1529 1532 10 1478 31 86
50 1611 2273 1355 76 1384 2318 1396 195 61 2289 2279 55 1555 1450 47 1377 11 44 1446
698 1777 691 726 1790 681 1754 599 1786 775 782 575 542 735 1768 580 746 416 747 710
1548 1563 1466 1481 191 194 187 1547 1538 2334 1575 1483 1434 1471 1583 1442 1477 2320 2290 1455
1190 1278 1266 1221 1185 1324 1074 1315 1300 1292 1299 1250 1156 1244 1200 1255 1312 1170 1181 1304
1052 2221 1241 2243 980 1008 2224 1056 973 2240 991 1206 2230 1066 1201 1020 2210 981 985 2249
1196 1262 1069 1274 1223 2244 1260 1281 1231 1253 1204 1068 1229 1200 1340 2247 1177 1265 1282 1227
1545 1577 1578 1520 1409 78 1592 1444 1551 2298 3 1562 1454 1534 2328 188 1633 2283 1604 65
12 74 70 1483 1460 1545 148 93 163 1409 1498 1426 58 1478 1406 2315 2333 1462 51 1489
704 780 749 752 679 700 706 676 765 688 1755 763 721 712 771 792 782 529 731 1750
215 2294 1578 1417 1671 1466 1701 1420 1567 1387 216 173 1599 1422 69 1681 204 272 226 234
411 434 554 450 482 472 414 1727 376 508 1699 496 378 1723 1741 377 485 432 1768 369
582 656 1762 625 595 1804 569 1786 634 553 633 1789 555 579 652 542 532 1769 636 681
83 1502 1508 24 1503 303 1510 1562 1533 133 2334 1548 1471 1488 33 85 309 1455 1468 1452
258 273 1640 235 268 263 1733 1667 1654 179 1635 1670 1690 1677 1683 1644 1650 180 240 255
25 37 1520 89 1496 1475 2298 1485 99 1554 1421 1373 29 16 1477 1463 72 17 2300 1402
1355 1419 1416 1446 1427 1394 1462 11 1376 1393 49 2299 2283 1400 2305 1347 2266 1399 8 1381
170 298 245 1720 1634 1709 173 70 248 227 228 150 2280 267 1631 1676 182 247 1563 1703
30 1474 14 98 39 1454 4 17 1569 1579 1463 64 1484 2331 149 1538 2302 1514 1533 1556
195 1406 1622 1364 1653 1383 1663 1391 74 1439 1400 172 1645 1626 37 1355 2314 1372 56 171
1370 1430 2307 1449 1424 1349 57 2317 1412 2290 187 199 1429 78 2295 1401 1462 1354 184 1384
968 1027 934 938 971 998 986 1011 1044 946 990 939 2153 2159 955 1063 1052 994 944 1012
32 1538 1503 139 146 1525 1489 1474 133 1470 2334 1433 1554 1565 1555 2322 7 95 1548 71
1786 1807 591 586 1841 1815 1787 597 1790 1848 654 1820 587 601 602 1774 533 1823 1806 573
376 419 1771 1778 395 400 413 521 1769 1725 366 433 531 391 396 353 1756 1719 527 1755
60 1357 1392 1407 1416 2293 52 63 175 1635 1369 1639 172 1415 42 1568 1330 1470 1411 1598
56 2316 1408 2334 2310 1429 213 136 1630 2274 1349 1428 193 2324 1427 1446 26 50 63 1680
2242 2271 2237 2250 1230 1351 1354 2261 1377 2220 1344 1251 1050 1343 1389 1422 2214 2222 1370 1211
1103 1153 1300 1155 1089 1131 1136 1145 1290 1291 1151 1126 1094 1297 1188 1079 1161 1074 1114 1179
1428 1571 186 1395 1649 2320 1379 7 1627 49 1556 1668 1442 1 56 1472 1388 1643 10 42
1475 1501 27 1489 1484 92 1563 1441 1553 1559 46 1464 1471 88 58 1491 15 1490 1460 1518
1593 2290 1406 1634 1457 1646 1468 75 43 1363 1452 2291 46 1611 1413 238 231 1636 2287 1592
1252 1286 2272 1235 1276 1233 1204 2273 1310 1189 2242 1277 2225 1272 1290 2266 1158 1155 1211 1268
1926 1996 1989 2035 1979 1978 1970 1913 2038 1988 2044 1927 1888 1994 1980 814 2046 819 818 812
467 1734 1761 434 489 473 1745 680 471 389 543 1753 686 1732 1735 447 433 494 533 521
1354 1384 38 2260 1427 67 1373 1346 1425 2309 1393 1383 1358 185 1447 1402 1349 64 1329 1445
535 693 506 714 750 571 1783 541 723 659 574 738 1768 1770 513 662 656 420 517 678
882 927 840 891 841 892 929 910 861 953 887 925 906 865 835 853 832 834 912 847
2270 2281 1249 1445 1577 1589 54 1590 1457 1627 1611 212 1383 2297 2268 171 1373 1392 1254 1377
1602 1639 254 250 2311 1572 2290 1670 252 174 216 1582 69 1593 210 247 59 1642 193 1448
1171 1263 1203 1170 1313 1247 1200 1139 1278 1326 1246 1192 1189 1158 1277 1259 1140 1272 1238 1141
16 1429 71 1442 88 1402 1515 186 1484 2290 1489 1461 61 65 2297 100 207 69 1455 1531
1055 1070 1053 2230 1101 1073 1004 1020 989 2214 1200 2243 979 1201 1227 1217 1060 2211 1021 1047
1890 1975 1880 738 1862 1911 1926 805 1884 1866 2003 2002 1904 1960 1958 1930 2001 1996 1864 740
1071 1193 2225 1160 1087 1090 1271 2236 2248 2237 1251 1268 1055 1091 2244 1281 1159 2232 1036 1035
1667 1681 168 260 226 1650 1661 150 302 72 1634 199 67 202 289 1570 1709 1576 276 213
1985 2031 2043 819 1987 2045 1886 2030 1975 1990 2041 1996 813 2011 2052 2029 1932 1927 1942 2028
989 1058 1217 2237 977 1044 1037 1046 1008 2197 1222 1208 1048 2220 1221 1059 2253 964 984 997
245 1699 1689 360 206 1727 1726 154 309 1718 308 1654 218 183 1703 1713 1723 1678 289 1717
2103 2120 2076 2142 2074 2167 2155 2068 2110 2133 2051 2080 2101 2153 2054 2114 2139 2143 2138 2065
2056 2100 2144 2106 2093 2029 2066 2117 2069 2103 2067 2141 2023 2096 2118 2097 2048 2064 2087 2132
172 184 1593 247 234 1708 291 250 2278 215 1390 1610 183 142 160 141 2308 2310 216 290
2066 2101 2128 2119 2050 2125 2129 2123 2110 2160 2069 2062 2138 2103 2115 2042 2135 2121 2094 2047
1852 1885 1855 1951 1916 1901 1970 1823 1850 1838 1872 1944 1805 1884 1937 1810 1878 1818 1844 1811
323 363 102 300 1695 349 127 308 134 372 288 111 329 120 1704 1694 335 373 144 305
437 459 1756 429 431 514 1725 476 1767 1729 1740 414 488 1754 497 455 1755 1714 482 1748
1263 1287 1291 1162 1243 1259 1307 1252 1296 1339 1258 1203 1308 1168 1242 1189 1235 1231 1236 1178
31 1476 1443 2301 1552 2302 1511 70 30 88 76 1459 1515 1547 1590 1483 1513 102 27 86
433 459 419 510 430 422 522 491 490 1709 434 424 501 443 531 515 436 447 525 1723
80 305 41 1704 317 1535 84 340 1672 1495 115 336 151 371 153 364 1539 19 1511 374
1148 1169 1092 1173 1277 1137 1110 1194 1128 1286 1104 1152 1111 1296 1267 1307 1290 1300 1097 1147
554 1782 1814 598 1764 568 622 1815 1806 1750 601 675 1746 589 584 595 531 1771 1798 590
404 1735 278 1739 403 1729 684 480 517 1757 425 370 1748 509 527 406 521 363 412 531
1442 2318 191 1584 55 1483 1370 43 1534 1434 1588 1390 1391 198 1392 2319 28 52 1526 2313
169 1636 57 214 58 269 1689 1663 1649 263 1619 212 1686 148 298 1624 1564 276 296 1609
75 1567 1665 2327 1640 176 1553 1641 2332 42 1593 87 1456 1459 151 1572 167 64 29 175
33 76 1571 2304 1546 105 1457 1427 2331 1562 38 2322 1495 1501 35 75 4 1488 7 1496
61 186 1469 1465 1380 1459 1405 1416 51 1607 1642 172 227 231 230 1626 1619 161 1621 1363
293 305 234 127 160 223 1724 1681 302 1712 316 233 294 243 1655 173 163 1661 345 1658
32 1502 2314 1443 1471 1558 110 1439 2327 2320 27 1550 1537 1483 1440 82 1507 1547 1429 18
849 876 858 820 832 824 925 870 904 836 893 913 919 859 844 922 882 831 875 838
581 656 634 620 537 560 545 1774 1787 1764 659 579 687 613 584 652 603 542 665 566
198 1429 35 192 1442 1468 174 2274 2321 1562 223 1431 67 1380 1428 1371 1457 1577 52 1420
100 133 2325 346 123 153 30 1483 90 1543 17 1695 22 290 140 160 88 2316 341 2327
843 907 838 842 933 903 864 863 865 934 855 872 879 877 853 881 938 851 857 899
2040 2064 2145 2014 2055 2038 2142 2112 2106 2105 2121 2137 2008 2066 2075 2148 2039 2127 2110 2143
109 317 371 360 1541 127 1513 155 98 2324 336 2316 355 1698 140 322 312 156 96 1512
1729 1754 681 1777 382 666 532 425 372 369 523 720 408 456 496 506 288 723 524 275
687 1783 583 699 1747 605 712 559 715 561 685 686 575 512 547 1813 708 548 748 675
1631 2299 256 239 2304 1409 75 216 1446 2296 1665 248 1657 1577 245 1456 211 59 224 42
80 1501 1568 70 144 2309 1481 1544 1558 1486 2302 2329 25 1536 1521 1509 37 30 2335 1504
235 295 186 262 1718 1724 326 134 1716 145 339 1702 1678 360 198 161 248 2294 176 1723
717 804 1949 825 776 1759 664 1765 1968 822 758 830 697 802 1981 735 1773 1953 1951 788
1186 1213 1212 2249 1290 1066 1246 1220 2231 1280 1176 1231 1282 1057 2226 2225 1187 1281 1153 1209
1482 1543 82 1578 1536 1531 151 155 1453 1582 1499 28 47 62 1550 1500 1481 1525 1542 83
686 1742 505 674 451 1781 697 546 536 735 679 412 488 486 542 723 719 664 522 1732
939 955 916 918 973 932 970 914 947 937 946 957 972 931 908 985 910 919 911 899
234 277 1671 150 1635 1701 1668 176 1661 154 200 295 298 260 203 253 2289 1704 296 1703
1415 1567 2307 184 1379 1432 2294 1627 1667 1596 1 2299 1448 191 1595 1481 190 1369 1594 182
910 926 938 863 871 827 865 832 885 945 887 837 955 835 830 831 954 948 892 862
2077 2161 2166 2074 982 2114 2048 2141 2202 2140 2068 2147 2069 2124 2060 2095 2190 2210 2171 2212
174 252 243 1713 1631 200 220 1416 1407 254 2316 222 257 213 258 155 1581 57 203 198
