446 1178 1185 416 1169 405 1200 1141 491 456 1188 486 1147 1162 441 1208 1215 458 1144 475
9 892 896 75 205 890 22 47 740 736 936 68 883 723 34 908 21 934 67 906
366 380 299 1132 361 364 409 300 378 350 1106 1116 346 385 388 1107 355 352 298 374
891 901 71 731 919 893 916 908 70 730 884 62 909 89 11 2 738 13 82 742
72 911 85 87 886 59 915 738 11 90 13 894 723 932 737 68 903 899 722 919
910 928 209 913 914 935 70 725 724 927 898 722 918 78 208 77 907 934 727 201
334 1147 1161 332 1166 325 1130 1165 1151 1139 1152 317 326 277 1155 1136 1164 312 328 438
927 941 898 86 191 197 900 905 62 961 72 92 215 196 257 192 83 907 202 724
548 1390 559 1251 1397 545 1259 1258 1254 547 1249 1250 1253 1267 1203 551 546 1257 535 558
798 820 785 856 815 784 854 782 776 783 861 813 803 780 859 862 845 775 834 786
535 558 606 1250 1399 1397 1402 605 1251 592 567 597 1242 612 541 610 1258 611 599 551
721 897 908 916 2 68 920 740 888 907 77 65 887 12 720 891 921 883 912 86
70 912 900 923 67 928 60 206 934 727 931 887 924 62 73 908 13 72 724 75
729 881 744 7 22 880 44 51 21 54 749 889 739 56 3 53 71 885 86 43
12 58 55 753 731 83 43 726 37 86 20 57 27 17 736 751 74 65 85 744
365 384 394 1134 349 297 1101 354 360 399 404 405 300 298 403 383 382 388 296 396
263 334 430 224 283 329 1135 279 221 1136 220 271 200 1152 225 313 209 241 1132 262
53 742 28 42 35 62 4 739 85 722 51 738 24 750 724 31 884 733 59 889
528 1220 566 1219 1234 507 1402 514 1222 1237 590 1410 1243 1246 1208 525 1216 567 527 591
17 49 755 99 28 742 725 877 760 44 745 37 73 82 98 81 64 882 29 723
828 847 855 805 835 839 830 852 853 844 798 859 833 794 838 790 841 791 821 824
1181 1190 407 1182 492 452 416 471 467 1203 1195 1179 417 445 449 1208 1204 1211 1199 1212
504 1410 1241 1223 1403 1221 1165 526 1220 505 1225 1219 497 1406 1227 498 1242 1162 1230 1217
1232 1238 1411 524 1418 525 584 503 581 514 1241 1223 1233 527 1220 1227 508 579 1218 1412
16 53 27 17 881 760 99 55 0 98 761 13 73 746 87 61 45 743 15 740
219 238 229 936 265 206 264 184 208 241 244 286 964 957 954 228 260 194 199 188
186 216 251 268 202 187 244 253 276 280 951 282 97 259 190 275 218 90 87 288
763 780 793 758 867 772 50 790 49 878 766 750 33 865 856 792 864 32 38 877
535 1246 1215 1250 589 597 1249 1256 1251 528 525 559 1258 604 553 1404 601 1257 1219 1405
1134 1156 1173 1136 1165 1155 419 338 370 369 429 355 427 368 1179 357 450 318 1169 360
823 855 786 809 813 806 798 780 850 803 808 790 865 818 781 801 777 791 822 852
1267 1273 1263 1293 1390 1258 1255 549 1278 553 1251 1264 545 1291 1259 1265 1256 547 554 1290
496 1181 512 1204 492 1223 419 523 1229 1187 1182 452 1177 1176 1172 483 1215 501 443 411
806 827 810 799 803 853 826 815 796 819 845 814 821 811 802 855 804 807 822 801
68 929 91 13 3 935 198 932 4 207 18 912 72 212 64 206 898 926 201 70
807 845 854 844 785 824 841 830 791 842 795 789 805 835 831 859 819 852 801 788
225 941 221 957 98 273 86 885 944 88 233 277 184 240 189 949 232 928 270 272
182 953 99 224 292 969 232 944 180 222 256 956 254 241 195 193 247 185 967 184
763 777 752 44 767 40 32 780 768 37 766 774 779 756 795 36 863 786 787 793
950 957 184 89 250 223 195 196 237 188 97 242 969 224 967 225 946 197 239 947
413 1181 349 1199 1153 1141 1132 1208 415 1205 1165 348 352 452 1182 1145 1176 468 347 1170
326 342 411 289 357 432 1130 259 304 433 282 309 344 277 428 285 353 334 273 415
282 294 317 352 259 229 300 252 220 228 234 283 185 267 189 238 347 310 341 257
1297 1318 1360 1366 1296 1311 1335 1298 1338 1373 1364 1370 1377 1334 1332 1337 1374 1305 1314 1303
483 1217 1172 1169 474 1167 514 452 460 462 496 482 1246 486 480 1401 507 468 502 1206
485 1176 1132 406 483 442 1135 1169 1203 1131 1174 414 1187 470 477 408 405 444 436 1138
1087 1101 1057 1058 1032 1053 1083 1034 386 1031 1103 1075 1049 1028 1090 1046 1098 1100 1117 1105
225 946 217 213 185 940 279 222 96 188 226 277 221 267 264 260 958 952 220 239
763 865 762 868 772 797 48 876 793 870 31 875 752 44 754 761 769 854 785 775
437 1165 432 419 1150 426 492 338 488 1159 1135 442 1152 414 503 1149 460 458 429 1148
230 291 262 242 235 272 253 318 188 304 308 217 358 362 201 264 200 239 961 350
1025 1062 1032 1083 1071 1005 1043 1058 1098 1074 1073 1047 1300 1028 1092 1373 1080 1029 1009 1082
1057 1072 1028 1029 1091 1063 1061 1033 1102 1375 1035 1044 1059 1034 1076 1081 1053 1021 1020 1060
427 1144 407 1151 445 1167 442 1162 1153 1136 349 446 414 337 1147 409 437 430 344 347
1317 1374 1335 1053 1062 1071 1056 1064 1316 1067 1332 1300 1302 1313 1371 1328 1309 1368 1290 1304
1037 1084 1071 1040 1018 1010 1011 1034 1110 1070 1058 1072 1066 1103 1085 1032 1086 1105 1060 1053
893 933 21 909 919 93 920 918 11 916 89 883 209 927 19 66 214 730 739 895
218 237 303 207 244 933 960 310 957 948 306 199 952 189 203 269 936 201 309 953
279 330 241 327 228 311 244 237 245 431 193 422 424 226 213 323 205 185 350 312
498 1174 1187 1183 495 414 461 1224 445 1162 478 504 523 1130 1220 417 1193 1161 521 516
231 950 241 964 305 959 212 954 195 229 95 940 238 222 937 933 197 234 96 227
451 1192 449 1132 1164 462 1188 458 1183 1191 1210 412 1186 1179 411 418 409 453 415 479
1099 1117 1082 1104 1036 387 1028 1070 377 1109 1076 1106 378 1022 1086 1089 1035 390 1105 1072
360 404 450 413 353 409 1170 421 367 1185 398 294 1131 392 296 1132 451 1191 446 414
387 1119 377 357 1103 379 374 1110 361 364 360 375 389 402 1112 1094 392 398 363 370
562 1253 599 571 563 616 531 1252 1390 590 588 561 1245 1250 554 549 545 608 613 1264
302 356 345 308 246 282 1137 376 281 346 393 239 299 350 1130 292 289 1133 249 1136
769 787 799 755 756 794 41 38 852 862 868 783 798 789 873 758 805 771 40 45
483 493 1205 457 495 450 1210 485 1180 1166 515 1208 1185 502 442 471 468 496 498 464
527 1398 537 1209 1255 1243 1240 1212 514 529 540 1400 1210 559 585 535 1219 1244 560 1242
451 1132 1150 408 1159 1133 1141 450 433 432 471 1215 1195 1184 497 319 1187 1180 487 1189
724 881 757 927 52 51 887 2 875 897 731 33 919 58 720 760 933 930 93 755
197 238 185 301 955 280 305 288 304 281 216 303 254 943 261 243 286 292 259 285
481 1207 1193 1180 497 1216 1210 490 1177 1397 1184 1206 1209 1169 1168 454 1200 487 447 1178
1330 1344 1315 1360 1337 1358 1351 1364 1343 1323 1334 1329 1342 1363 1313 1338 1322 1326 1317 1325
1068 1105 1091 1034 1374 388 1119 1040 1044 1373 1045 1046 1078 1031 1036 379 1037 1083 1080 1055
359 369 355 357 392 353 378 366 414 300 352 349 394 1138 341 298 401 347 385 1118
446 492 517 454 439 451 1187 1189 1142 1223 440 503 1169 1170 515 509 405 1215 500 1167
569 576 534 1245 583 524 611 597 529 525 593 1241 598 1407 568 633 527 596 567 535
305 310 267 349 331 276 358 231 312 292 294 240 280 245 343 232 319 363 259 234
356 374 405 395 355 1111 365 370 300 392 342 348 1132 291 371 359 411 317 311 412
53 65 97 32 891 904 925 87 883 73 22 2 75 18 940 78 885 3 61 83
53 875 763 60 21 732 759 42 36 27 44 96 64 87 878 39 19 890 35 45
348 418 312 325 406 287 353 1180 1157 308 1145 290 309 1172 438 426 427 327 409 317
75 902 928 901 73 721 889 895 70 726 60 898 907 900 74 66 885 78 887 722
1243 1407 1230 503 532 1406 586 1240 1216 1235 1236 510 502 587 530 509 1245 1242 1222 569
449 1210 497 1215 503 528 433 501 429 533 477 1216 498 538 474 462 406 484 451 489
881 890 16 38 36 81 77 15 85 39 5 8 11 930 3 760 741 52 932 747
1308 1319 1375 1306 1290 1335 1327 1323 1378 1368 1325 1332 1296 1294 1341 1293 1311 1367 1377 1322
293 307 232 256 283 309 311 361 328 294 356 297 245 326 247 352 240 1135 248 353
350 360 408 303 316 339 406 364 295 1141 1143 397 418 419 363 388 1139 417 304 372
81 925 903 88 916 85 87 205 725 207 911 77 926 914 59 918 728 66 202 209
185 289 954 955 316 271 221 312 320 92 319 201 314 313 280 245 230 256 294 99
540 1254 1247 609 601 1252 556 550 1257 551 599 557 1250 1209 547 545 558 1260 1206 542
431 1169 420 415 435 1162 1164 439 418 463 479 1141 1182 336 440 1187 1158 1132 429 425
16 890 899 87 6 891 62 733 894 34 14 1 58 892 904 19 906 49 23 51
348 1142 301 321 287 338 414 1152 347 426 430 435 1131 1156 1168 1159 427 306 328 446
43 761 56 752 868 882 58 747 755 33 48 871 41 772 744 42 49 767 883 751
1145 1173 471 502 445 320 1186 500 1172 1153 1162 1190 481 459 1192 316 479 1167 443 498
768 866 37 757 785 784 856 761 799 870 779 867 36 790 862 873 858 794 44 792
765 772 46 771 757 754 793 758 867 785 774 764 756 877 791 32 870 755 859 862
25 735 33 31 5 886 10 751 6 754 67 726 47 51 721 731 57 40 59 87
268 315 225 288 249 254 219 273 326 222 259 257 213 1134 247 305 289 319 349 300
493 1162 1177 1225 518 1148 524 1149 522 462 417 1213 1153 1227 1219 520 1168 418 1192 523
1418 1420 1416 1234 509 508 1230 505 503 1233 515 504 1421 1229 1411 1415 1414 512 1417 510
41 751 757 876 58 55 32 878 755 768 46 36 740 749 31 874 767 734 885 28
73 924 933 927 922 937 890 68 208 941 728 915 939 77 70 15 90 913 897 72
229 954 276 233 183 200 186 283 942 293 194 202 304 302 234 972 199 209 250 955
228 266 232 943 220 324 279 335 310 221 222 961 336 231 320 230 226 208 209 187
97 940 220 58 750 931 882 219 925 182 60 754 45 48 86 932 947 96 212 198
517 1230 496 493 1407 526 1414 528 1214 1238 509 579 1417 1405 1231 1215 521 1221 506 1234
792 866 785 767 778 808 770 759 777 809 769 861 797 856 849 860 815 764 776 775
219 266 262 213 274 950 329 231 946 251 184 944 237 209 336 212 88 275 278 243
769 875 35 870 859 778 873 36 753 756 38 49 744 34 758 46 755 783 879 780
513 1238 510 496 1229 519 581 1407 1228 505 1226 518 1245 512 500 498 499 573 495 1422
1067 1082 1064 1376 1058 1378 1043 1110 1086 1089 1105 1099 1039 1083 1068 1375 1066 1079 1106 1091
63 722 7 723 892 895 736 58 72 67 728 893 898 936 899 28 54 16 721 51
206 901 261 86 941 895 252 898 894 79 266 84 272 250 198 259 260 194 915 229
800 828 781 801 844 782 811 780 777 824 804 779 839 861 858 860 808 851 802 845
1304 1313 1376 1374 1330 1320 1324 1301 1305 1326 1335 1364 1327 1362 1318 1290 1295 1329 1375 1328
30 743 746 720 738 16 882 48 887 37 884 6 758 96 35 726 44 97 759 50
262 278 339 331 192 294 243 253 324 226 245 224 188 217 263 334 285 328 298 290
1041 1102 1051 1017 386 1039 1030 1061 1100 1083 1097 1001 1032 1112 1062 1058 1022 1060 1091 1013
1027 1037 1069 1015 1091 1071 1019 1090 1057 1093 1059 1050 1002 1022 1017 1030 1054 1086 1024 1035
402 1133 326 1173 394 307 1193 1146 370 410 1174 313 1163 339 1147 387 392 1150 1178 1131
24 62 934 940 25 928 734 895 925 31 14 47 738 882 76 86 935 898 20 744
953 965 93 187 952 972 947 196 230 963 221 957 951 942 252 90 946 186 248 235
80 920 884 63 913 77 909 921 59 86 205 61 925 902 934 14 936 885 924 85
196 256 91 241 283 210 947 266 193 243 221 257 86 230 183 289 320 252 186 253
1150 1161 344 1135 323 445 423 321 446 1152 1154 1138 326 338 418 1139 1176 1177 322 1171
751 879 757 46 25 42 61 52 32 55 737 58 730 57 749 762 95 50 763 883
277 335 330 273 318 235 1141 340 347 1142 343 432 424 417 338 188 241 209 1157 224
724 924 12 79 909 740 737 921 889 206 204 723 886 20 917 61 940 17 21 892
891 929 54 915 742 731 59 735 939 880 902 92 90 883 729 60 81 78 2 727
534 570 1206 1393 555 1214 1241 1242 1247 1399 1248 561 544 556 1211 1398 560 1251 566 1245
84 926 914 735 199 81 722 206 741 884 886 209 55 91 906 923 738 83 63 942
606 612 554 624 605 544 561 625 613 537 588 602 600 553 590 555 543 626 623 619
297 309 363 291 278 271 337 299 261 351 362 236 228 323 358 225 279 314 346 257
54 731 88 58 69 63 889 742 732 62 90 35 894 753 737 56 97 46 875 31
433 1136 340 404 332 1170 1130 1153 400 1147 347 311 329 1146 319 423 349 1137 366 361
1309 1332 1366 1323 1357 1374 1354 1330 1301 1350 1373 1298 1308 1325 1375 1351 1311 1343 1358 1317
1036 1083 1039 1096 1040 1041 1092 1102 1101 1037 1089 1023 1107 1061 1064 1019 1034 1088 1048 1059
19 52 734 728 48 875 723 725 735 23 760 753 36 15 873 742 879 756 750 90
419 1158 405 336 1174 1171 417 352 436 319 416 1140 411 337 447 441 403 1139 1136 1155
308 352 415 363 243 1141 418 416 361 364 327 335 227 276 330 354 275 373 306 248
1047 1088 1060 1080 1092 1024 1029 1059 1368 1110 1021 1083 1040 1075 1054 1089 1061 1098 1036 1073
477 489 462 473 1170 444 482 491 484 478 497 1206 1205 492 1202 454 463 1195 1173 449
721 888 26 894 899 87 895 64 881 886 76 79 84 731 896 22 741 720 1 0
29 741 737 34 19 7 6 48 84 752 757 749 36 727 723 54 90 13 740 739
277 293 296 267 353 229 188 236 295 316 344 280 318 355 342 308 213 263 211 264
