1836 2599 1862 1887 237 1847 883 254 2560 283 286 1829 901 236 2596 307 2600 2557 1791 908
708 734 762 1628 764 667 695 775 1183 1620 692 781 1636 1224 746 777 1627 743 701 778
1319 2084 1325 1180 2067 1941 2071 1138 1157 1166 2109 2053 1380 1358 2080 1331 2068 1149 2085 2384
1059 2057 1022 1387 1935 1352 2055 1366 1106 417 1057 1098 1078 1376 1370 424 444 426 2084 2062
1490 1705 849 1469 1690 838 1505 1485 1488 1747 1721 857 1678 1686 1674 831 1680 837 1520 1683
15 49 1672 60 70 1667 21 1670 39 1666 36 2 95 33 44 34 80 9 16 43
281 1837 1827 1814 232 2580 2586 238 2576 1809 1819 279 1794 2570 254 1791 1839 1821 282 1842
340 368 359 979 2538 2521 2542 366 391 354 989 397 318 360 2536 353 1002 320 2023 2535
249 1802 236 2568 228 1780 2560 265 252 2567 233 308 1829 1812 298 2562 1849 1853 1833 1821
743 1634 631 741 1580 721 1664 770 1564 756 1651 709 1607 670 1649 612 718 1655 786 740
409 456 2504 1005 2512 450 2045 389 464 393 466 396 438 423 433 471 483 1073 411 1003
907 2587 312 1843 891 1391 259 1450 1875 2574 885 926 884 1874 1955 2561 308 898 1454 1903
1371 2056 1916 1336 1065 1919 1372 1985 1017 2473 1404 1355 2019 420 2500 2343 1350 1118 1932 1391
1174 1314 2464 1161 1302 1168 1310 1329 640 2078 1298 2463 2445 1116 659 2474 655 2366 1317 1112
705 736 1219 1604 1608 1639 1632 1249 1564 1616 1563 735 740 1576 1620 706 717 1588 1245 747
751 794 702 1553 1543 765 613 1542 1556 1557 131 758 75 663 818 95 705 1563 666 1618
1106 1119 1342 1142 2395 2096 2346 2354 2098 2094 1098 2331 2067 2040 1108 1133 1094 1324 1335 1140
1717 1766 1500 1491 1732 1792 1513 1769 1494 1520 1776 1768 814 1733 1479 1509 1524 1505 1521 1759
1391 2060 901 1425 1096 1348 2490 1108 2486 1428 1361 902 2062 2356 907 2468 904 2497 1381 920
1527 1535 772 130 167 1507 154 1689 1545 822 1511 1554 1521 788 781 162 833 795 1555 775
2270 2303 2314 2267 2255 2329 2225 2277 2250 2260 2302 2266 2291 2223 2276 2264 2292 2242 2307 2299
81 100 1684 27 828 48 1520 122 115 1521 804 88 94 13 823 1559 117 1670 67 131
943 2540 1997 1007 928 2531 2033 2565 1961 2570 1964 1998 1429 2522 2542 2029 1025 2560 380 2528
1625 1649 708 684 746 699 1641 687 748 1611 663 627 658 714 706 1681 1616 1615 641 645
1171 1198 686 1278 1323 1216 1249 634 670 1245 650 1241 1292 1158 1159 640 684 659 1136 1141
1996 2515 2028 332 2545 2544 2042 1042 1064 2501 1049 2519 2040 886 2004 971 2036 1041 355 2032
358 386 353 2521 1002 1003 2532 356 333 982 1012 370 331 410 2010 382 999 359 2027 2023
1664 1671 1642 73 67 1652 1672 1698 1658 1647 1628 1663 1673 60 1650 80 51 1657 52 59
2123 2175 2131 2455 1322 1326 2433 2440 2107 2125 2158 2148 2170 2113 2442 2462 2111 2139 2449 2154
1873 2582 2585 319 324 916 2569 927 270 291 928 306 1843 915 2561 1888 1829 310 2565 1969
2181 2201 2190 2216 2197 2155 2163 2215 2195 2196 2178 2200 2140 2170 2169 2223 2213 2153 2214 2198
1914 1944 1395 1422 1977 1417 1346 2378 1374 914 1969 2404 1404 1961 1943 1987 2065 1912 924 2054
321 1832 267 246 245 2575 1793 336 2585 272 1825 317 308 2562 241 278 2555 2600 1823 1849
1113 2034 2045 2494 1098 2492 2066 1062 2058 2095 2101 2335 1102 2016 2361 2485 405 2516 1996 2373
71 97 56 813 68 768 134 808 49 105 73 133 798 23 1536 51 852 1675 121 790
515 548 563 523 552 536 544 495 494 554 532 534 537 533 489 499 527 502 572 531
224 233 257 188 268 204 182 246 216 223 200 186 199 1837 202 192 1821 253 256 1827
82 120 108 104 787 838 115 849 841 48 39 818 35 797 776 795 122 806 802 46
1361 2360 1946 2354 1908 2470 2041 2392 2485 1376 2054 1963 2091 1330 2464 2359 1364 1098 2411 2092
1897 1952 1978 932 1907 1355 1881 1970 922 1977 1954 903 1413 1985 1876 925 1421 1353 1987 2395
2019 2535 948 950 374 941 1082 933 2508 2055 983 371 2505 932 2532 2529 1074 2528 1982 1024
708 1592 684 1238 1204 774 700 1229 1625 706 1250 697 1242 709 1584 767 692 724 679 741
1128 2108 2132 2397 1154 2376 2424 2091 2470 1339 1148 1141 2361 2109 2125 2428 2447 1329 2126 2073
954 2534 1994 357 2527 2547 960 2521 365 930 2525 998 972 987 1996 2530 1406 1394 970 2571
534 546 552 501 507 496 519 526 520 570 559 538 555 561 504 548 563 490 516 564
1143 2455 1160 1135 2416 2422 2401 1171 2431 2159 2463 1132 1329 1192 2381 1327 1168 2120 1161 2149
739 771 768 799 793 106 1580 735 1549 796 759 1591 100 1565 1601 1567 694 747 718 1551
112 128 784 818 811 761 788 135 96 1525 1563 1565 144 161 111 822 109 146 159 785
555 573 544 558 596 1661 554 569 566 551 547 574 517 557 529 572 590 539 509 609
81 797 793 1680 46 1545 44 104 839 777 16 95 788 767 1543 82 763 47 1684 1682
855 1700 1523 1471 1695 1488 1702 1445 1715 1706 1729 1679 1458 1717 1469 70 880 74 1504 1465
2131 2159 2154 2435 2164 2105 2447 2141 2432 2428 2436 2180 2127 2165 2123 2183 2152 2143 2132 2119
891 2570 1881 1842 2554 2601 2592 266 1993 1852 308 243 935 295 2576 257 1882 1883 897 250
1476 1490 1483 853 1513 1746 1734 827 1500 1477 1720 1708 1706 1442 1707 1457 855 1461 849 1738
423 451 2511 2505 2508 393 2484 435 1041 2502 1016 437 402 2501 470 395 1038 1077 2495 419
340 348 378 351 362 353 327 320 379 2531 312 315 307 338 326 363 383 324 311 335
2057 2490 1383 2471 2362 1382 1333 442 2488 1093 1027 2473 2341 2037 1334 1124 1328 2507 1043 423
931 1397 1947 2549 2543 1954 1402 2002 2015 1905 935 1899 2057 1355 2574 1364 947 2375 2003 1907
773 797 125 1521 1532 78 1608 826 738 79 77 164 760 794 1588 87 1544 72 743 825
902 2551 2583 2536 1397 1875 2600 1874 272 914 318 1882 884 1897 896 926 878 1400 2598 1899
1990 2541 2035 1008 2047 1418 2554 945 948 1378 1969 1035 890 2033 1971 1415 999 947 1954 1379
1243 1282 1274 701 1234 1228 1260 1605 1294 1291 1201 1229 1585 706 1210 1251 1196 1602 1233 1287
2473 2479 2357 1102 2377 1344 2487 2093 2484 2370 1086 2347 2086 1131 2067 1322 2497 2350 2074 1112
1890 1907 1864 1955 2583 1989 1406 1946 1963 894 920 1369 1911 1891 2593 1365 2382 1360 891 933
1317 2473 2383 1170 2071 1134 2469 1147 2338 2101 1327 1343 2379 2476 1146 2091 1126 1117 2110 2487
259 1807 2555 1799 2581 2556 322 293 283 1805 1845 210 241 2574 1818 1826 330 2591 206 1854
72 840 857 1690 1687 18 1512 3 871 102 851 823 826 91 1502 1717 1480 1505 32 4
693 1624 1200 1591 1214 1651 715 1652 735 644 677 616 1595 1223 1190 1211 1228 746 1218 661
2372 2379 2480 2360 1313 2097 2072 1932 2054 2100 2048 1312 1921 1958 1949 2068 2064 2091 1393 1933
77 104 96 1521 65 794 1542 125 761 1687 792 76 1557 105 83 106 853 771 807 1674
1359 1914 2394 2378 2488 915 2050 1344 1923 911 1892 1926 1919 1342 2104 909 2055 2370 1411 1377
940 2017 2493 380 1066 1411 2049 1427 928 1892 2041 1415 987 2571 2559 369 943 2501 2547 2001
430 1057 1070 2503 446 1049 442 1014 472 2065 2064 2516 1065 2048 2521 438 478 2314 454 1059
2130 2438 2417 1170 2158 1165 2420 2160 2173 2440 2136 1175 2461 2151 2458 1162 2148 1168 2431 1151
754 785 677 741 794 1580 1529 116 105 1566 734 1540 660 758 1573 729 768 102 807 1532
1745 1773 1749 1714 1778 1493 1486 1767 1718 1708 1513 1754 1763 1740 1772 1721 1489 1706 1515 1487
1068 2340 433 1045 1117 2048 2072 2515 2306 2508 1031 2298 2063 2041 1056 1041 2324 435 1065 2087
680 1629 1217 1627 1613 623 1617 683 635 706 1164 1185 1601 1655 727 726 1637 731 1174 1618
184 1509 136 1691 158 1738 843 170 144 209 1724 190 179 1696 812 207 174 1704 169 219
171 209 188 143 180 806 159 197 213 1523 1518 231 154 801 825 228 1803 832 138 1521
1217 1281 1216 1239 1242 1238 1208 702 1241 683 1290 1200 1263 1594 1252 1225 1193 1302 1270 1219
2351 2367 1383 1085 2484 2036 2050 2093 2102 1122 1345 2313 2061 2067 2381 1134 1107 1066 1092 2033
1727 1766 1696 837 836 838 1781 1708 1700 1491 1504 1698 1745 843 821 1501 823 1728 1780 825
1679 1692 1728 1643 1479 814 1727 1705 854 1499 1699 71 825 1647 1658 1526 1712 1667 96 1475
1020 1990 427 418 1984 1941 2018 1388 2530 1972 1029 886 2503 1000 997 986 2049 1395 415 2522
1231 1278 1228 1187 1288 1592 1268 1219 1195 693 713 702 710 1602 690 1256 1267 1206 1200 1605
2136 2430 2411 2107 2449 2176 2174 2398 2111 2164 1152 2137 2154 2131 2170 2437 1148 2110 2125 2427
412 449 2514 417 1036 402 2045 399 1063 1022 2499 1031 476 1068 2515 478 2511 432 1030 1041
1013 1032 1073 2341 2330 1982 434 425 1985 1989 1984 432 975 2502 973 2331 971 417 1034 2497
1426 1892 944 871 917 1447 878 1400 1920 1895 887 929 1385 903 1410 1458 910 946 1958 909
180 807 818 846 222 810 195 139 214 130 204 90 110 1497 120 108 1549 142 136 135
109 131 152 74 797 814 165 1508 1560 104 1562 1511 126 813 781 153 130 770 1548 125
1509 1695 158 1501 1516 1495 1747 1537 833 206 165 1489 134 1473 177 143 1717 1748 205 857
1488 1689 1486 838 1471 1677 1507 1690 95 824 830 96 1743 1513 1496 812 831 1731 1505 833
1196 1228 1263 674 1589 1173 1217 1259 1603 703 1313 1581 1177 1604 1168 1277 704 1271 1294 670
1386 1971 1889 1976 2393 1368 2082 2080 1942 1366 1991 960 1405 1997 923 1902 1380 1901 926 2055
166 835 859 1490 860 1525 861 173 1692 866 1468 1486 1716 210 801 1479 1523 1675 75 1728
684 1217 1195 1230 749 1308 708 1265 1220 1191 1282 1209 1616 1213 762 1625 1192 1229 1294 1177
820 851 184 1463 1694 827 879 1703 198 826 867 1498 838 852 1706 105 855 1474 94 1467
2098 2108 2115 2073 2133 2476 2079 1363 2127 2366 2374 2065 1110 1341 1331 2460 2456 2450 2075 1340
2072 2471 1378 1391 1373 2080 1101 2455 2470 1310 2360 2473 2090 2342 2044 1345 2352 1352 2078 1947
406 1053 2063 435 2051 1004 2036 1046 1012 380 385 443 1032 2330 2516 2013 2326 391 1002 1076
2053 2364 1370 2378 1089 2052 2095 1059 2334 1324 2099 2482 2494 1081 1050 2335 2491 1130 2085 2345
975 2020 970 2505 977 2554 1073 1088 1994 935 2519 371 2558 965 995 2559 1013 1019 968 1082
242 1844 1869 1819 1863 236 315 1823 1820 317 268 2598 1840 2561 297 1793 323 223 291 244
421 2510 2526 991 2523 1075 2019 2503 2496 2026 2517 1059 435 2017 2494 422 988 1029 1055 419
2154 2462 1141 2147 2183 2475 2376 2184 2123 2130 1189 2106 1196 2173 2076 1301 2069 2094 1304 2457
1817 1850 278 1803 223 2585 2573 1853 2598 1880 313 1815 2590 249 272 227 1868 2575 287 2568
1716 1750 828 1775 1686 1757 1698 1509 1741 1476 1764 1487 1717 848 1773 813 1782 1694 1735 1696
1041 2054 2050 1078 1037 1344 1013 2335 1051 1088 439 1122 1363 2073 2039 1001 2085 1375 2499 2375
199 1786 213 1506 827 1811 1523 164 1754 1829 828 1812 233 231 815 829 177 1837 171 830
2009 2528 951 2521 2540 1062 2034 965 910 367 1016 2536 1044 2042 1059 972 971 2542 2030 1997
867 1439 285 1459 1962 1973 1435 1425 1472 1470 929 847 271 871 888 854 877 851 870 920
271 309 245 336 1820 1832 2593 2571 1819 1864 1451 242 2554 1461 237 1844 1453 290 269 1863
630 1639 747 615 588 666 1675 611 741 601 752 649 600 1167 1171 1630 1648 1655 636 1637
240 261 1845 1454 333 1815 327 1803 297 300 315 2555 267 1828 1808 266 2595 246 330 1863
279 2561 882 2585 1831 2595 1848 318 934 256 912 2554 1435 315 257 1821 897 970 1867 957
902 2597 283 907 2002 1960 920 1888 1877 878 1872 1955 2007 909 292 1830 1456 932 2580 887
822 845 1512 147 159 86 195 1675 1460 825 168 1721 129 828 79 153 865 826 1448 104
1118 2369 1352 2348 2476 2469 2360 2109 2049 1119 2060 2347 1323 2097 2071 2462 1130 2398 1371 1343
1106 2378 1382 1390 1349 2353 1321 2396 1932 2045 2490 2106 1325 2489 2348 2350 2390 2043 2103 2496
1325 2121 1109 2436 2369 1339 1152 2057 1139 1314 2080 1126 2102 2091 2077 2371 2118 2142 2083 2389
1253 1282 1577 1260 1272 1294 1275 1226 1231 1228 1590 1234 1236 1248 1210 1215 1604 1261 1585 1605
963 2016 945 2493 2562 1005 984 2532 936 367 2542 2004 1977 2037 2529 932 2035 2517 2031 1054
1009 1981 1892 1430 994 1948 1946 1026 1911 1942 2039 1893 2539 1038 381 1986 1389 1002 1916 2043
1045 2051 1094 2483 1107 1108 1332 440 2379 2330 2513 1380 1077 1072 1041 427 1022 2524 2025 1058
2316 2333 1062 1044 2355 2312 2315 1090 2041 1099 2080 2310 2065 2033 2242 2351 2250 1105 1042 2346
2057 2376 2464 2334 1044 2032 1340 1314 1360 1056 1352 1050 2370 1083 2105 2345 1385 1023 2332 1135
435 468 445 2507 472 475 482 1082 428 1094 420 2499 1100 470 1065 412 1079 414 449 2500
1416 1925 928 1913 1352 1407 882 1980 1400 935 1427 1353 1432 915 1440 925 929 947 1367 1936
1332 2098 1349 2413 2414 2395 1358 1345 1126 1130 2402 2115 2057 1143 2419 2373 2420 2387 2064 2125
153 1498 134 155 124 176 1684 1520 1485 140 154 187 834 1540 1749 1483 846 199 816 801
1318 2092 2061 1125 1146 2459 1321 1306 1119 1134 1138 1152 1343 2449 2366 1192 1145 2452 2106 1109
902 1390 1460 1983 1961 881 1413 882 938 1871 1355 1452 2595 1429 1418 2065 1955 1912 1400 1898
843 1681 1707 851 1667 850 1682 1469 1480 1698 868 854 853 840 1452 852 871 1503 810 832
1317 2111 1191 1120 1329 2122 2132 2126 2096 2472 2109 1111 2128 2375 2099 2080 2130 1145 1335 1344
1555 1586 1245 1531 1272 115 1601 1568 1556 726 1530 1542 701 783 1219 714 1581 760 756 1584
588 606 613 590 568 623 631 637 581 600 574 572 584 610 650 617 575 657 597 646
2035 2484 1115 1090 1987 2520 2362 2473 2061 949 2043 2361 995 2064 1998 2020 2325 2058 2076 1087
1121 2072 2481 1313 1326 1312 2347 2366 2344 1097 2110 1937 2395 2088 1095 2475 1336 1129 1356 1318
1917 2393 1378 1384 1941 1417 1931 1955 1112 2386 1141 1426 1910 1903 2392 1421 1135 2397 1341 1330
1214 1596 1206 1589 717 706 729 1302 750 1607 692 1592 1301 740 1255 1262 1283 1296 1236 757
420 2487 1037 445 2476 2369 456 2056 401 2370 1066 2032 2361 396 1107 1027 1111 409 2477 2356
413 2047 1336 1358 2360 2492 2072 1992 1067 2030 2336 454 391 1037 1385 2504 1060 2034 1058 2350
1000 2549 385 1024 2570 972 400 898 971 921 1015 2569 2560 2541 2035 2562 2027 1991 398 947
1361 2098 1365 1930 2371 1346 1353 2081 1132 2097 2070 2395 2067 1981 2392 2473 1115 2360 1321 1130
677 1608 1612 1246 1198 673 1607 1564 720 1163 693 676 711 1590 1172 1576 754 768 739 662
950 1964 2526 1394 952 2539 954 1940 1366 1359 939 891 2026 1427 2558 2031 2549 944 1993 943
1161 1318 672 1186 1145 2459 637 1341 1179 1331 1307 1175 2440 2114 2070 1320 1194 1129 1334 634
1791 1837 300 315 273 225 1865 1855 244 1857 1784 268 2580 306 1773 2597 2579 2598 264 1762
