173 186 453 424 981 444 154 488 431 987 445 416 155 191 1024 180 202 187 479 492
320 897 938 922 341 339 882 930 940 352 336 300 910 931 912 928 879 330 321 306
523 1009 169 1020 539 501 1023 520 463 1032 525 140 198 139 528 431 156 524 1010 165
681 714 766 663 745 679 695 778 768 759 790 801 747 760 765 698 735 813 754 771
280 872 304 322 287 856 285 319 264 305 296 864 857 892 274 858 265 292 881 311
391 957 994 416 340 395 958 944 401 930 389 970 352 929 992 991 371 361 403 363
163 181 458 429 138 413 472 186 1020 493 464 438 225 442 437 201 187 488 144 172
149 1007 186 198 1013 424 192 1000 433 508 422 431 150 454 515 418 155 407 482 408
172 218 150 998 450 432 483 226 1013 1003 1018 425 431 247 227 163 256 472 423 414
689 775 675 703 690 723 685 721 720 742 674 769 785 737 802 810 741 803 732 683
395 985 996 391 196 181 410 418 190 189 957 184 991 374 385 404 431 372 437 970
214 453 166 254 432 188 408 446 1011 259 1009 449 256 222 211 210 235 183 471 412
98 1054 16 571 1090 91 79 1029 1061 1067 1056 1086 1038 577 106 107 1088 4 128 1033
1161 1207 1174 1155 1186 1140 1185 1172 1156 1142 1178 1191 1153 1166 1139 1147 1195 1192 1170 1163
17 1074 121 28 1046 1052 1085 563 82 1058 562 123 1099 37 550 120 27 124 559 540
331 347 361 352 894 903 892 880 332 926 327 896 899 333 376 314 956 933 918 883
16 88 1030 552 20 1070 128 1039 543 1057 22 68 1073 71 1031 30 107 1042 77 9
599 630 574 593 650 644 79 596 567 70 62 645 85 591 634 606 609 582 615 71
96 1070 1082 1090 583 1046 1054 90 113 1056 1077 1045 3 1097 1033 117 19 125 568 7
670 794 734 668 810 781 775 695 692 782 757 793 774 651 681 827 686 669 689 777
852 862 882 293 278 276 275 850 827 844 851 261 847 299 271 281 876 836 270 289
97 1063 585 102 95 18 1080 132 583 2 1038 23 14 572 1085 574 1083 98 86 17
366 900 907 897 919 873 302 345 354 324 374 386 356 890 922 313 888 340 969 979
1036 1068 97 1013 1016 117 132 140 1029 1050 112 103 1079 136 1024 1021 1083 93 1014 15
354 932 926 959 379 905 344 896 372 944 368 924 917 935 968 939 351 378 937 350
576 597 73 582 618 92 575 601 633 612 585 595 62 100 69 626 640 555 636 629
209 220 426 459 419 418 435 190 197 431 173 424 440 175 247 425 179 200 414 195
771 813 704 682 840 760 766 695 707 777 742 718 708 681 757 703 688 839 797 713
628 649 611 587 640 592 606 666 597 601 668 642 635 586 673 654 621 630 663 638
165 437 159 490 181 450 422 994 401 489 189 182 1017 1000 403 989 412 984 1015 178
1180 1188 1165 1158 1172 1191 1149 1203 1163 1173 1157 1205 1189 1156 1170 1175 1198 1208 1201 1193
411 455 210 394 422 399 409 1013 995 167 1011 988 162 194 436 389 446 158 163 199
846 867 281 834 307 288 283 885 883 299 858 272 836 276 825 887 844 278 855 282
182 454 404 479 1011 220 422 206 402 440 1005 408 475 405 425 480 162 164 443 192
522 1002 171 161 484 154 1012 153 203 404 143 536 195 198 988 202 427 1004 1034 423
839 864 861 823 812 851 860 827 281 878 849 262 855 259 288 270 285 882 283 814
176 479 510 502 453 1018 491 418 422 198 226 223 403 988 177 189 506 484 221 151
364 395 952 326 959 377 968 967 332 337 899 898 325 342 921 895 373 407 909 977
167 1024 502 495 154 217 216 193 1019 1000 540 448 994 4 544 424 176 499 1010 530
261 280 253 209 251 247 235 281 850 880 265 879 222 250 291 859 854 282 268 234
592 636 666 576 634 566 617 609 670 75 614 72 572 642 77 595 601 620 565 641
118 1065 5 109 1091 99 1058 1063 24 1 1031 103 1093 1088 1090 122 110 116 1055 26
116 1059 4 1076 1044 1043 108 125 1030 121 132 1077 1046 94 736 115 1088 1055 102 104
449 478 424 1009 470 182 172 423 218 482 1022 476 440 992 436 985 150 410 455 199
86 561 1067 554 5 72 7 548 15 595 106 604 1070 583 4 71 607 76 94 1065
995 1014 997 173 168 401 433 165 195 1034 469 486 438 410 411 396 422 150 429 534
289 847 307 822 875 291 306 846 878 879 293 278 889 308 825 853 884 823 857 286
372 395 993 418 337 334 964 971 366 403 345 920 368 944 404 383 331 968 340 399
160 464 1014 430 139 491 995 162 213 1026 1006 1020 459 207 1023 494 212 206 431 183
236 260 242 257 278 279 230 217 228 254 241 243 271 223 216 276 219 861 258 249
461 468 487 1028 994 447 207 507 412 473 481 519 451 195 1012 428 1011 196 516 496
681 767 666 778 753 804 763 822 706 796 801 786 744 672 782 752 723 715 751 757
13 93 0 28 132 576 1068 83 1079 1060 92 582 547 1042 124 7 114 1048 558 24
1020 1034 169 465 1069 477 139 6 536 9 455 1010 1075 552 153 1041 4 1015 469 492
138 162 179 422 1037 1027 122 201 1010 188 173 426 215 424 417 1032 5 133 423 1011
474 500 1031 472 159 451 187 992 1028 487 460 1020 519 182 150 1027 165 1003 161 164
337 923 309 341 336 342 931 957 938 320 887 889 937 330 902 317 915 935 894 908
212 457 443 230 262 458 225 481 228 170 245 247 453 165 183 1018 213 232 478 993
109 121 134 124 1057 1041 88 1053 110 118 1054 112 10 12 95 6 1047 125 1045 5
294 316 929 328 931 899 935 275 888 882 338 891 868 936 295 912 280 885 333 934
711 746 720 743 674 791 726 694 775 676 739 702 729 788 798 752 691 755 669 747
303 903 894 362 287 879 866 344 932 285 862 890 316 924 900 880 911 334 341 870
102 110 125 571 570 127 1072 572 1058 98 580 126 111 130 96 121 1067 117 124 1064
854 863 841 837 862 853 270 865 850 856 838 829 848 264 282 265 881 833 297 875
792 817 775 793 743 782 824 806 765 686 819 831 803 692 822 693 747 830 816 684
146 161 159 421 130 1018 179 199 467 422 1037 209 474 1014 445 187 1034 170 437 1011
691 734 724 807 763 114 683 775 756 665 736 801 732 818 719 789 674 750 727 817
937 956 929 373 375 350 346 336 913 388 964 352 963 361 933 329 332 378 954 967
155 203 1005 162 182 1031 144 420 485 462 465 1015 488 468 449 132 438 216 472 480
567 580 564 557 563 589 92 78 558 598 582 593 565 547 551 103 609 611 597 73
329 926 320 912 313 361 306 336 364 911 897 937 880 914 307 922 321 339 903 351
695 741 715 709 783 694 693 727 681 739 791 704 784 813 742 802 728 722 749 674
565 582 66 612 576 611 559 75 82 93 593 607 101 15 103 58 569 11 13 20
959 977 986 421 978 954 935 339 408 965 955 938 416 976 364 953 367 936 949 994
378 946 929 931 373 921 928 987 326 358 323 951 985 347 958 966 343 396 341 367
436 1002 982 1003 142 139 454 167 1023 524 438 403 513 453 212 418 188 190 452 527
697 743 679 710 792 693 754 701 806 803 681 776 672 713 675 668 741 756 736 667
540 556 577 548 582 527 21 525 566 25 1039 528 535 1035 573 16 57 554 1018 1037
12 118 1055 544 4 127 1048 107 101 1058 1081 9 1067 104 558 549 1041 1051 1052 22
188 208 231 432 210 247 158 185 413 993 987 1001 160 191 172 437 1013 462 471 991
66 581 63 557 596 99 29 575 586 22 91 45 592 69 607 55 563 87 83 34
369 925 890 921 926 984 314 904 393 367 350 976 390 380 922 954 948 983 909 981
756 777 705 672 692 803 716 731 695 776 784 793 791 767 687 713 678 789 724 758
127 145 141 1071 155 169 1058 157 1002 128 165 1007 1045 168 1053 119 100 1056 1037 110
960 982 980 184 358 193 361 996 420 405 390 186 360 408 410 371 190 436 991 369
134 1014 132 1043 168 13 1031 445 469 1050 0 1000 127 120 452 1049 130 113 468 1046
756 805 693 712 690 834 776 815 735 785 817 686 794 760 720 679 791 678 680 784
488 495 996 525 502 998 174 479 1022 468 992 152 478 467 163 458 514 993 178 489
130 1039 154 126 1032 19 1041 1036 6 0 155 24 148 1069 139 539 549 12 534 118
336 887 332 334 372 312 374 910 948 939 324 310 940 922 341 353 945 335 326 903
478 993 1027 483 456 442 1016 466 471 205 411 502 184 1000 400 504 186 987 990 409
458 494 186 506 512 422 495 162 164 508 423 460 202 161 992 166 530 449 189 492
387 403 440 394 992 391 389 364 1002 998 963 984 367 414 973 412 356 194 176 969
749 782 783 775 725 695 682 753 704 703 723 794 691 784 690 738 751 767 706 726
491 995 452 462 170 500 459 989 410 975 499 398 189 449 390 181 1024 474 445 440
715 746 702 788 770 740 736 719 696 787 678 709 749 672 767 697 762 710 713 732
505 990 996 997 442 479 494 177 496 179 473 477 385 188 427 452 197 978 976 435
704 750 684 694 796 760 763 724 671 715 719 792 800 734 770 677 720 772 705 804
842 862 847 866 864 283 857 288 848 286 883 841 869 265 882 867 259 290 304 830
641 662 654 642 684 603 611 674 618 629 638 612 650 607 633 635 636 640 669 655
174 417 224 203 163 439 409 167 395 197 225 986 464 190 460 479 431 477 208 202
315 901 295 367 930 320 338 343 359 306 884 319 350 340 296 917 336 313 347 357
187 460 989 443 458 985 448 415 492 494 182 474 204 1010 191 438 151 987 177 212
745 771 815 816 776 722 769 780 805 778 688 734 804 717 759 725 726 732 679 708
482 495 1016 523 994 156 528 153 485 487 993 998 1022 466 171 1017 490 1024 990 175
422 467 169 997 177 185 501 1019 197 410 168 505 440 495 464 171 416 451 402 175
238 264 237 244 253 252 228 281 272 231 869 232 259 257 255 867 280 240 275 861
690 732 782 800 778 818 806 755 784 767 797 722 804 744 826 766 714 788 692 743
673 770 696 705 794 768 737 718 661 805 744 738 727 792 780 735 773 722 802 772
203 225 464 257 158 433 165 221 161 220 251 206 240 173 176 989 460 200 446 210
18 124 1077 563 555 23 544 1058 15 562 30 112 134 118 128 135 546 1038 1033 37
94 1061 127 1066 97 583 4 92 9 111 2 578 88 126 6 560 1093 117 588 563
853 865 268 862 280 299 838 278 832 880 841 824 887 281 858 306 847 293 850 260
140 161 1013 206 1006 486 481 422 200 419 180 220 996 121 212 489 1037 4 209 470
586 632 623 90 74 601 643 68 598 653 652 81 560 607 648 606 646 567 626 61
893 930 329 903 315 875 872 883 335 297 926 877 340 345 350 947 367 910 349 342
10 1022 528 1078 157 460 11 476 1077 459 529 474 148 999 1070 495 478 560 1066 122
4 1073 542 119 1046 533 1088 1103 1049 6 543 560 1060 1065 19 131 25 563 1051 97
219 248 242 188 163 183 233 237 270 439 178 246 432 427 222 211 218 433 426 243
215 256 449 451 211 452 260 238 440 250 188 427 266 270 258 210 241 169 217 170
192 1010 427 180 197 989 220 165 135 513 1022 1008 454 145 407 525 449 456 136 991
203 413 415 225 196 220 186 985 457 426 398 174 1006 210 404 165 464 977 417 198
198 1007 407 1022 427 533 168 186 411 1019 406 1014 173 426 525 460 1023 404 986 998
667 688 682 777 801 712 755 810 809 752 768 765 793 816 730 706 822 724 784 644
198 459 213 449 178 209 991 431 454 987 1015 467 182 402 471 171 153 441 430 422
682 738 731 752 702 720 735 767 804 674 114 794 671 791 763 770 705 679 717 807
181 1012 465 428 1034 171 220 204 136 983 455 995 399 184 470 530 441 179 214 525
50 71 49 592 591 44 69 43 51 41 61 23 573 54 597 32 606 40 81 89
474 992 442 511 503 450 424 156 993 485 468 478 448 441 493 393 975 196 166 477
641 670 589 743 661 651 793 592 799 749 680 800 640 690 794 738 609 625 657 602
681 732 824 785 766 823 786 679 668 718 704 661 821 689 762 741 751 822 745 683
366 966 924 965 958 929 344 922 364 394 955 902 395 396 950 932 970 360 954 901
605 617 78 615 638 616 64 600 589 80 623 85 629 602 586 652 587 68 575 591
390 409 984 433 973 964 198 377 965 1007 999 407 181 197 401 196 391 991 403 169
645 666 629 678 677 603 618 614 637 631 600 611 641 604 741 634 674 658 665 659
674 697 781 667 799 651 655 792 735 809 660 776 731 662 702 728 700 746 769 803
1173 1182 1145 1153 1146 1209 1181 1169 1170 1187 1201 1167 1207 1162 1192 1175 1196 1160 1174 1144
533 550 1019 3 573 1010 9 520 538 25 517 534 14 1017 556 1020 527 567 1035 563
553 559 582 1037 536 1040 13 70 1035 541 534 586 91 81 28 7 585 1030 84 1
681 817 713 776 762 773 819 723 815 845 769 680 789 771 699 671 727 764 731 827
183 204 446 1004 226 1018 462 187 203 161 206 168 438 984 469 157 416 211 398 478
543 557 534 565 7 1023 579 1035 551 577 1031 1021 22 553 1014 539 19 26 536 1
172 491 443 1007 497 453 409 478 217 200 999 202 474 472 418 414 214 187 476 439
323 332 335 343 311 906 346 878 930 899 895 904 881 915 925 368 924 947 903 917
372 954 390 917 365 345 343 982 984 334 382 981 955 346 387 389 337 958 949 953
589 610 80 592 90 606 59 573 613 586 64 576 624 72 601 620 595 62 574 636
873 902 311 351 887 358 357 276 929 266 918 342 305 281 888 271 325 920 879 860
168 203 1013 173 225 185 1012 405 1001 455 479 148 454 440 464 211 414 416 423 180
174 428 985 423 431 468 405 1020 449 415 1019 1014 167 430 1023 176 1013 217 189 1008
291 304 315 893 848 276 879 327 272 320 905 288 895 277 872 906 270 863 914 271
