1238 1294 1443 1398 1089 1382 3468 3011 3050 3004 1428 1486 3417 1377 1458 3390 1395 1455 1409 3012
1014 2940 3001 2987 917 2908 1044 74 935 3005 12 1034 847 2860 1148 1056 1008 867 995 3066
1123 1423 1240 1332 1133 1365 3030 1473 1153 3367 1020 1095 3324 1174 1394 1382 1507 1322 1387 1520
1301 3316 1369 1328 1343 3315 1471 3276 3442 1437 1305 3425 3386 1176 1377 3430 3314 1409 1386 1395
1954 2027 3173 1724 1774 1669 1861 1968 1588 3242 1931 1618 1857 1708 1654 1828 3122 3184 2056 1833
1738 2003 2116 1678 1895 1734 2063 1761 3203 2081 1968 2031 1782 3243 2088 3187 1657 2044 3169 2041
667 2568 2569 2622 789 2565 2649 2681 680 718 619 2538 643 572 684 2530 640 2610 741 2806
1969 3206 3097 3161 3216 1677 1611 1800 1773 3180 3208 2068 1689 3128 1624 1894 3142 3259 3219 3224
268 1605 1655 3106 2055 218 2049 2122 1650 301 2091 3092 2123 3138 329 284 1559 2070 1589 3126
2919 3004 910 1357 1508 1063 1416 1369 919 1453 978 2977 1116 1529 2882 1507 2901 1329 888 2953
631 2548 2436 716 2535 608 675 2536 691 730 760 2461 2526 2647 2656 2482 634 538 2546 2664
198 269 191 2096 1600 2129 255 173 251 2091 2057 3142 1576 1586 276 1528 2060 3133 338 3148
1989 3215 1686 3122 2009 3094 1717 3259 1728 1981 2021 2007 1809 1694 1859 1837 3219 1960 3207 1889
363 2102 2001 1598 2222 367 242 2218 2231 1583 2045 1605 2233 2213 2151 260 276 219 290 305
1036 1134 1477 1060 1040 1010 3406 1062 3445 3452 1128 1281 1003 1229 1208 3324 1302 1052 1494 1177
1623 3100 1867 2022 278 1588 135 1913 3076 292 1594 282 1757 3091 1778 3075 1885 2056 283 3073
530 570 2392 2434 2410 591 519 2566 2495 456 498 2424 2529 2454 2421 2441 517 2550 2531 2508
1101 1366 1409 3370 1185 1208 1049 1498 3383 1421 3330 3048 1403 1057 1143 3380 3462 1391 3358 3430
1289 3395 1238 1459 2998 1368 1244 3316 3436 1390 1416 3385 3039 1223 3059 3045 3469 1265 1033 1373
612 2502 609 752 2545 2563 460 630 2519 497 459 698 2462 667 2494 675 2515 2500 625 2488
1533 1550 3156 261 3116 1502 1526 1519 1511 177 1506 3122 3105 3040 138 193 3146 3128 3108 176
1863 3098 2060 222 234 3139 1904 297 3128 1901 1632 1994 1610 1912 1611 3232 1858 1520 1790 3112
1566 1619 3074 3138 1622 1536 1596 3066 214 1641 299 248 2089 3142 236 3099 2011 1617 1605 1642
1260 3035 3042 1480 3078 3414 1474 1046 3333 907 3347 1248 3066 3019 168 1202 1335 913 3077 1284
1045 2990 926 855 2931 1463 2971 1520 1375 2958 886 2881 1267 27 2920 1343 1317 1338 1230 3386
1242 1448 1096 1350 1199 1506 1386 1077 1463 3315 3441 1308 2994 1272 1367 3357 3385 1487 1212 1410
354 2097 2099 2232 280 358 2179 289 2162 395 2067 2007 2143 2069 2082 260 2151 2106 2188 2211
223 1564 2066 311 3084 2051 2097 3075 257 306 1602 2040 3138 2034 2096 1612 3106 1607 294 346
889 2980 1010 51 2818 116 3024 25 129 1007 48 1147 1446 1020 2968 43 941 2936 1145 2819
1177 1324 1443 1280 1056 1498 3424 3446 3414 1432 1266 1150 3425 2984 1051 1316 3314 1427 3347 1229
1605 2063 1999 1787 2019 1644 1573 1924 1966 243 2082 2014 1741 1995 277 1641 3177 292 1963 220
120 2970 1011 2949 2862 3082 942 1468 1479 2972 1528 939 2996 937 127 2991 99 935 2863 2866
1255 1499 990 1247 3425 3456 1161 1334 968 27 87 1214 3059 3021 1090 151 1488 2971 1077 88
593 2589 2561 628 671 681 567 2463 2665 2638 2482 759 2549 550 2455 676 734 657 707 634
400 2391 347 439 2332 456 357 2272 2135 2140 2142 2327 2301 390 2433 393 2122 346 2175 2103
50 989 962 1 954 930 104 3071 899 896 3049 88 998 951 2987 923 1511 2964 900 10
85 909 2723 3057 1017 1019 881 87 2882 3078 3030 2968 2910 971 126 27 2867 2833 26 1014
47 902 19 88 3037 34 2698 953 3029 2833 910 3068 964 869 2962 2891 2733 43 89 1
1500 2965 74 2984 853 123 2890 893 1106 967 1133 1197 2870 2906 1011 969 879 959 1536 1301
2321 2405 2201 2287 523 500 479 412 508 396 2349 2379 2268 2312 509 519 2191 2304 2190 2229
2208 2408 424 507 2410 2371 487 2172 2236 2367 370 2472 359 2423 2382 2168 2225 2462 519 2203
2865 2891 843 962 947 1004 897 892 840 2993 1002 994 803 995 2812 946 2861 926 2827 2961
1156 1246 3444 1358 3333 1051 1371 2980 3446 3378 1445 3324 1266 1380 1087 1203 3008 1063 1220 3337
627 723 713 2646 2655 801 603 773 2757 2758 595 647 614 2628 2517 2719 2663 2753 737 2756
1628 2083 1852 1835 322 1615 3180 3191 1752 1673 3091 1644 2082 2040 1623 2067 260 1617 335 1589
342 391 269 2218 311 2165 290 2234 447 2246 345 286 369 340 306 256 2223 2265 2387 358
1122 3033 1354 1343 1312 1292 1346 1460 1443 1547 911 156 3027 1367 3403 2992 155 3359 3050 151
1742 1964 2002 1824 3246 1740 1795 1716 1719 1932 2044 3107 1774 1976 2083 1818 1804 3237 3087 1896
903 959 919 3007 3000 962 3002 3075 2887 948 2952 2795 55 2869 3061 2724 3041 2806 2737 107
435 2269 2198 448 415 2199 393 390 2347 429 2409 2313 2239 485 2399 2248 2384 399 377 2416
2593 2639 697 2692 727 2699 2630 2663 606 767 626 754 2691 2567 2583 612 613 717 713 2650
514 2531 2473 652 2513 560 2411 2502 449 455 646 2418 673 581 618 660 2410 2549 2517 2512
2264 2278 446 2351 2194 2316 2207 2324 2237 2323 2246 420 393 2315 412 2343 2295 2253 2321 468
1194 1480 2963 3366 1444 1034 1453 3359 24 2954 2941 20 123 3403 1073 1291 1417 3404 1439 930
2111 2157 2064 2078 219 337 2162 250 2169 229 2069 2146 273 2097 435 2171 351 230 325 2197
1734 2001 1682 1959 1698 1902 3215 1811 1988 1982 1917 2101 1960 1645 3187 3098 1632 1662 1972 1943
1028 1459 985 1181 2953 1068 23 1365 1281 1278 3041 1116 3062 1063 983 1131 1471 96 3073 1007
419 2257 2285 2262 2369 2263 2187 394 411 2166 501 496 484 2383 2349 2344 392 2411 2190 2174
1289 1457 1270 1247 1170 87 3406 1364 1057 1238 3337 1265 1033 1418 1233 3083 3387 1106 1228 1204
110 1519 3103 142 1491 131 1537 152 100 1439 151 3096 1420 974 83 3088 1508 186 1527 146
226 317 349 2052 3129 281 2137 3150 2072 1556 3143 322 3157 297 2180 338 3161 301 2142 2166
1851 1891 1785 2031 2010 1733 1998 2084 2015 2006 3241 2030 1898 3083 1787 1791 1753 3093 3161 2005
1093 1334 1473 1167 1429 3381 1275 3416 1110 3410 1074 1309 1446 3333 3306 3017 1420 1466 1480 3042
1753 3221 1806 1763 1870 1913 1891 1678 1964 1643 3114 1760 1666 1751 1698 2003 1802 1950 1759 1675
28 1508 3051 899 3101 1305 992 996 3078 915 918 990 2995 1511 51 1426 1239 1003 1300 1114
1288 2997 117 3438 2897 1439 1453 1474 115 1466 859 3033 861 875 3435 873 3028 1131 3002 940
1238 1507 1178 127 3034 40 74 1082 3382 82 1073 76 171 1267 1455 1190 1166 3440 2988 1346
1722 1922 1808 1969 2063 2004 3134 1729 1828 1825 1856 2052 1770 1683 1916 3143 1829 3136 1920 3250
1236 3375 1072 3345 3386 3332 3390 1469 1074 3008 3365 1129 3337 3403 1128 1363 3344 1305 3363 3320
2246 2281 2254 2230 2270 2262 464 2223 454 447 2359 2405 416 472 457 2413 2335 448 2399 2311
2283 2430 507 2392 578 562 2540 403 2260 2495 497 490 2244 2484 2368 2511 557 2254 2249 502
423 2288 2317 511 448 501 454 379 481 2341 2120 431 2176 2189 2264 405 2239 2242 518 417
7 3052 2954 1379 959 1104 1046 1426 1055 1059 3016 2932 917 139 105 969 164 1333 1359 1159
884 893 43 2901 2714 2740 2957 2762 68 858 2808 2736 950 2838 899 2971 2777 2932 2779 2877
2800 2854 2767 2962 2759 677 2708 2914 713 2786 2886 2942 2803 2851 2732 2858 834 2776 920 2789
1285 3431 1128 3018 1097 3328 3334 3357 3309 1442 3336 3005 3047 1487 1122 3037 1164 1115 3339 1294
871 2989 3 1315 1185 908 3025 2980 962 854 1178 1348 868 948 1347 108 1240 842 1328 886
1379 3361 3353 1250 3343 3336 1116 1150 1171 1252 3037 1414 1040 1093 1436 1452 1484 1232 1187 3400
350 2186 335 2183 2229 2095 2198 2366 2369 274 387 296 2194 2385 237 2376 2223 348 2164 320
700 2580 2519 2723 692 2520 629 618 2800 762 577 2719 2664 747 721 616 631 655 691 2593
1232 1404 1498 3364 1328 3331 1349 1231 3383 3395 1452 1287 3432 1208 3027 3312 3427 3385 1224 3361
2759 2786 864 907 679 2784 828 914 690 817 773 2767 704 766 2737 2666 889 894 2690 2760
895 2914 843 829 833 871 57 49 3006 2985 2692 2832 2801 2839 2872 2693 3004 917 2902 3031
1182 3325 1295 3306 1308 1063 3300 1457 3379 1352 1410 1462 2993 1260 1482 1465 3423 1340 1380 3366
489 2445 2471 2488 457 2384 452 495 2476 2486 2460 2409 502 2208 559 2526 470 492 537 2519
231 2063 3140 267 1838 1599 1846 3081 1982 1959 1965 3144 1886 1643 2098 2149 1989 200 298 214
1555 1594 1524 2037 315 151 2102 209 237 3161 3093 3146 3080 2099 3110 3156 3120 298 2076 256
2861 2992 842 1062 2899 1008 951 841 1528 2894 1287 118 1510 109 910 1198 1199 2842 824 989
397 449 2389 408 2439 2495 387 2284 474 2397 496 413 2214 2349 2187 334 2440 434 460 2211
816 2651 856 677 852 2844 2738 2656 2761 2734 845 818 636 714 759 2879 2691 783 787 628
2654 2715 2816 737 692 690 2714 2772 2694 2603 882 883 2626 841 849 2585 2662 764 754 2716
1967 2059 2087 1633 228 3206 3111 1676 2029 3133 1581 284 2125 3222 3201 3143 1938 1679 2133 1786
1064 1171 1441 1498 3423 1150 1359 1323 1449 1429 3326 1089 1387 1205 1335 3319 1229 1371 1277 1256
2334 2397 477 2326 2203 2263 415 2191 461 2396 2386 400 2424 2358 2262 2250 2185 541 417 2226
1698 3273 1988 1724 2027 2062 1680 3311 2001 1975 2014 3272 2018 3153 1761 1994 2015 3105 3098 3235
1240 3389 1249 3006 1031 3383 1097 3341 1509 1337 1318 1322 3036 1169 1358 1126 1036 3435 1140 1431
884 2939 2965 1490 1034 842 932 1001 1485 2724 21 2814 69 52 2885 939 3014 2718 1037 847
1253 3450 1145 3396 1494 3000 1332 1369 1033 1342 1273 1289 1251 1425 1120 1308 1501 3453 1032 1448
781 2730 2739 801 2687 2834 889 677 2771 2721 2794 2800 676 790 2646 2754 2837 782 910 2726
351 2145 403 322 258 2204 2108 2079 2092 2072 233 2128 275 2048 254 308 338 243 380 2060
695 802 652 2777 2557 680 2721 664 2778 2520 628 2560 2527 2845 726 821 856 2545 2780 2694
1127 1274 1094 3404 1197 1023 1354 1503 1261 1278 1017 3321 1041 1204 3393 1432 3471 1055 1255 3423
1389 3007 1164 3037 1102 3034 3356 893 3365 2959 1234 1204 1396 2982 885 1274 2965 1248 1217 1364
38 105 972 1470 962 1507 1501 62 924 123 3064 934 1487 900 84 908 43 895 1006 1499
1708 3244 3220 1635 1690 3114 2059 1896 3157 1914 2001 2006 1969 3209 3222 3141 1799 3146 3115 1630
1228 1278 1265 3384 1400 3374 3382 1509 3317 1332 1377 1334 1343 3358 1438 3315 3327 1341 1088 3463
1284 3337 1091 1119 1123 1358 1468 1500 1044 3010 1466 1379 1238 1315 1113 1057 1324 1210 1328 1363
273 361 190 2167 277 274 329 1598 351 1585 1568 405 2125 3140 395 2225 200 1586 1571 204
653 2573 2548 612 2522 2521 2531 2782 2533 2633 743 2659 2605 704 2632 2662 784 654 688 2647
531 2451 2528 559 626 2525 2503 2408 473 2402 477 608 533 456 526 2542 2435 616 2512 2532
1212 1379 1342 1094 1424 1036 1284 3395 1259 1468 3008 1405 1183 1476 3009 1255 1045 1437 1269 1188
74 892 2948 2797 2950 934 2844 2782 1504 849 984 2812 2952 9 2830 78 997 2988 112 1469
2380 2409 2407 452 2405 386 2399 387 501 2441 394 2320 2373 2219 2245 460 2329 2418 2363 490
1084 1494 3000 1187 1442 1051 1414 1194 1147 1385 1391 966 1400 943 1511 1004 960 1403 88 119
1992 3206 3095 1657 1628 3114 1648 1850 1834 1822 3252 3094 3229 1703 1704 1742 3104 2070 1735 1983
1806 1925 1936 1791 1815 3126 1782 2063 1910 3134 3103 2087 1861 2075 3090 1917 3113 1809 1884 1928
1335 3416 1033 1260 3415 3040 1475 3004 1502 1465 1121 1089 3407 3324 3452 3338 1147 1195 3449 1105
1775 3120 1914 1813 1603 291 1795 1977 295 1525 2030 2000 1692 1840 1671 3194 1982 2025 252 1844
1776 3082 1483 107 1921 3228 1462 2059 1694 1917 1433 1479 3223 1429 1853 1792 194 181 1872 90
1332 1409 1141 1449 1377 3032 1254 1050 3009 1109 1355 3069 1113 3368 2992 1045 3352 1229 1295 3354
1181 1363 3427 3008 1362 1464 1238 1320 3424 1075 1395 1043 1129 1198 1062 1293 3399 1071 3393 1115
3386 3420 1226 1248 3455 3465 1141 3377 1189 1382 1217 1367 1322 1297 1348 1397 1171 1310 3402 1165
1782 2062 1733 3229 1730 1990 1734 3132 1882 1803 1595 1890 2077 1598 3099 1709 304 1762 3115 3105
1648 3092 243 1709 3145 1824 1768 247 3201 1935 3064 1590 1734 1751 1716 1878 2045 1653 1915 1780
1258 3460 1397 1119 3470 1186 1036 1068 1141 1362 1375 3411 1296 1040 1097 3337 1349 3319 1086 1285
104 1479 1348 1422 1307 1 995 1276 1322 1189 1197 25 140 1486 1077 984 1302 1423 125 1060
1560 3165 2056 3183 141 209 3057 1580 3073 2023 254 202 261 170 3145 154 1839 3144 3090 1841
73 924 890 884 2880 2962 3083 956 3058 2921 921 1 36 906 979 1004 42 99 2829 897
1264 1335 3307 1373 3442 1093 1282 1260 1158 3411 2986 1493 1429 3454 1097 1118 1459 3449 3432 1267
2639 2673 2714 692 694 717 2790 2690 2723 2733 2580 708 2575 2718 2629 813 2696 766 2764 690
733 2798 2582 2816 2767 608 2769 674 2791 760 2716 794 2604 2684 2673 2678 2848 793 2588 2837
1411 3329 1306 3337 1316 2994 1184 1271 1346 3004 1309 1165 1424 1095 2993 1069 1093 3014 1082 1239
1042 3440 3403 1176 3428 1384 1382 3365 1401 3401 1353 1156 1252 1018 1068 3051 2998 1171 1396 1128
461 568 2398 2570 2251 2495 563 2567 2432 2385 542 2458 2451 2429 472 480 2442 2225 2408 2517
226 3109 1902 1866 345 1799 2072 1621 1829 1925 337 1745 3116 1874 2117 2084 338 3132 1697 1774
581 2432 2552 638 449 470 622 2369 2593 524 677 2467 2362 455 630 2568 482 2440 616 527
1325 3306 1476 3365 3290 3422 3400 1453 1093 1500 3034 1269 3319 3033 1158 1440 1411 2995 2999 1175
1020 1466 2959 1419 1286 1242 1107 3043 1429 1177 1334 65 3006 1354 1331 1363 1434 1288 1035 1194
303 2130 2082 2078 395 343 244 2031 1583 2047 2124 2149 2190 2079 2133 2090 431 2107 3118 209
2344 2410 2250 2355 434 438 2420 417 455 2330 2378 427 522 486 482 2388 2243 2492 2450 2331
2049 2108 3152 1604 399 283 258 385 290 1648 1713 2105 1599 316 1580 1652 1667 1682 1727 2064
305 3105 1525 1919 1676 255 1880 1733 2012 1631 3080 236 378 1826 232 283 155 1619 150 2161
206 259 2032 3109 3099 2103 1528 3140 3167 267 239 1603 2139 211 1617 2113 297 3069 250 3095
186 259 3145 189 1577 2059 209 144 3062 336 249 1595 1566 221 216 2133 2055 219 3144 3082
752 2663 673 842 820 632 2647 777 631 2572 621 800 833 739 2796 2805 2610 638 635 612
1078 1383 3042 1362 1404 1069 3019 1403 1239 1206 1395 1387 1418 1116 3384 3435 1023 1180 3469 1406
1476 1526 1444 929 1513 1527 92 1501 1265 1524 1454 1199 1477 1368 1496 1147 3001 1269 3017 197
1066 1389 3469 1137 1065 3417 3395 1406 3027 3336 3375 1050 3451 1025 1149 3040 1080 1417 1126 1127
1224 1298 1110 1287 1399 3464 3388 1438 3307 3405 1181 3044 1397 1334 1130 1136 3459 3006 1339 1420
472 528 2492 2401 433 2532 2215 529 2416 580 2441 537 2439 441 560 509 2473 417 2526 484
