362 985 1330 1220 936 925 298 1051 1282 1573 810 1389 1239 963 381 1438 268 950 1252 835
306 864 902 1005 871 841 839 1581 885 890 293 352 941 332 829 291 985 337 351 1530
197 1212 323 1306 1351 1285 926 185 1185 811 1533 353 210 1506 215 1290 1483 192 1472 1374
859 879 861 1067 314 1054 913 1069 320 849 1058 297 361 1074 894 265 860 264 883 321
292 978 306 196 187 332 1477 941 280 987 943 209 849 995 1484 354 305 1066 1507 1007
306 830 75 909 986 859 810 796 323 980 961 997 12 1008 259 858 52 813 865 996
407 1330 1363 1132 1131 1309 1274 1232 744 236 350 745 1307 1186 1261 191 218 426 1325 260
254 1306 760 1228 367 829 980 371 1339 933 1533 918 125 1247 860 1177 1279 1220 409 404
102 1294 74 221 181 213 254 375 112 211 1184 108 369 1222 79 1253 1258 734 258 1177
99 123 138 1241 170 1232 1217 1184 1267 802 1208 813 44 98 775 801 784 111 1258 72
71 799 273 13 214 254 197 30 225 31 18 252 768 37 269 211 825 823 808 340
113 751 766 727 780 124 1181 217 1242 800 398 770 222 1251 768 795 1233 93 1173 177
332 948 1219 1408 1362 975 1422 841 372 1268 1414 1247 1526 1244 1230 1342 1559 1474 1078 1351
387 728 400 399 127 1132 1402 757 1190 1352 197 1392 945 133 1400 416 198 398 1350 1149
722 734 402 1101 114 215 708 234 105 732 96 210 1105 729 1116 207 239 385 766 419
296 1527 1537 1457 1488 829 278 918 207 1435 964 910 1362 839 842 936 979 320 818 1000
195 340 1338 1145 243 1500 182 1244 822 1570 1476 192 1480 917 789 1537 297 1187 1527 1335
339 372 1373 189 209 995 1515 1298 362 1343 342 1313 1482 1150 291 318 971 1390 387 1499
324 1489 1513 1242 326 1560 844 1469 1572 803 1359 371 258 294 1529 967 1236 193 1505 1528
222 751 1295 389 1354 1192 86 395 20 1265 215 256 948 1220 774 723 88 1262 401 941
106 1227 760 1237 802 808 236 216 154 766 184 783 1243 149 1338 178 222 1314 179 1193
929 948 345 977 963 975 333 1006 884 218 926 187 272 368 992 217 1056 315 968 893
680 713 707 660 723 703 657 679 1129 663 682 656 662 642 689 705 665 634 701 729
241 980 343 917 929 932 794 749 815 1233 1227 326 721 951 904 752 1307 1303 251 1308
1127 1153 1280 465 723 377 1177 397 446 1170 127 1172 423 409 1104 1264 122 395 1278 389
141 196 790 112 1154 1497 1427 1194 383 371 253 229 1369 1528 268 1512 974 1210 1165 1310
474 521 520 475 525 597 515 429 1140 453 450 454 1145 441 449 585 469 528 498 582
202 338 812 119 1513 761 927 131 775 355 817 366 319 1217 1190 243 297 1417 1214 1363
447 469 482 1160 483 486 523 1166 1152 429 1143 1147 1136 456 503 428 490 472 487 445
43 760 208 1 746 59 28 829 259 844 10 804 825 793 35 44 734 90 780 25
203 357 921 1323 830 242 1560 1521 827 838 1168 352 937 1250 1235 1556 1366 1274 958 1262
401 420 1249 743 415 1192 1358 1243 451 1121 1135 1376 729 727 1130 1160 1300 1186 460 1304
1667 1695 1635 1649 1651 1663 1637 1653 1640 1675 1642 1648 1670 1655 1656 1625 1677 1696 1692 1688
621 671 609 648 601 605 709 658 715 659 598 632 666 662 634 654 631 643 637 647
188 213 827 778 1190 948 977 1263 1401 941 138 1349 975 1206 105 369 785 128 1324 1290
386 1176 369 1265 1292 120 366 208 1139 352 1295 1386 454 1348 1260 1140 1400 1194 199 1146
302 955 315 280 216 850 835 332 1079 199 1071 370 357 906 257 308 363 960 942 287
258 1365 1252 1521 1412 1255 1258 286 321 1478 356 1284 1223 1180 214 1453 382 1000 841 787
235 1331 349 339 813 926 797 229 1251 1279 827 1302 266 420 194 1359 1250 933 346 185
1422 1559 1427 1561 313 1528 332 1588 339 1576 318 1483 326 1481 1466 364 1488 193 1522 1418
199 1474 1202 937 809 326 252 801 342 1450 365 349 323 114 1258 1426 1272 1360 1424 312
204 256 1210 814 787 1528 378 1214 1538 832 1229 1501 1413 1381 226 1007 1325 189 1505 1321
328 1523 294 1518 799 862 289 909 1464 285 1438 812 1440 306 1240 305 951 381 957 1341
1077 1097 1102 1088 962 1109 731 927 1093 1111 1090 1115 1122 1117 1087 949 911 933 1105 908
241 956 914 226 1364 1280 1003 800 1226 296 850 267 1182 801 1278 343 1305 760 988 292
369 1155 318 1554 380 994 910 1191 801 922 1383 1222 391 1227 1511 1447 381 1552 899 1464
198 1162 1196 1547 1177 116 326 251 1482 412 1200 190 1300 772 1330 981 1340 1550 333 464
316 850 268 1393 363 261 1528 914 931 357 314 1467 912 67 849 972 371 238 291 65
132 166 193 1214 1328 1165 135 122 126 1318 1254 1326 1163 199 169 153 1162 176 113 739
344 1215 1379 843 1472 1556 412 113 1411 1324 859 1327 1175 1396 407 365 974 1334 274 1491
314 801 325 805 263 211 232 35 775 859 343 86 229 942 872 119 242 1508 998 771
362 1321 998 897 288 975 1537 1474 176 1195 1291 349 1234 924 1412 383 1496 1361 1510 1293
1287 1337 1178 1244 368 199 1158 1313 1177 1353 111 366 404 1316 1234 146 174 395 1278 331
1208 1338 127 1195 394 1385 1296 1375 1178 392 223 1293 231 243 1217 189 388 1305 339 1380
1271 1323 423 241 1262 1324 108 1260 1232 208 226 1257 1198 1234 417 1201 1202 217 1235 1362
258 1328 219 181 140 254 1338 290 1177 768 135 280 942 1272 227 1256 222 815 1383 1524
277 953 1530 1044 924 1510 194 983 1519 1505 995 993 921 373 835 914 313 1050 266 357
108 1269 228 1262 402 1279 112 798 818 1258 1337 809 91 352 1302 86 364 75 88 1340
290 361 1233 1254 1389 1433 359 1383 1267 813 875 288 918 938 900 357 1228 185 1487 256
363 1186 1433 279 1296 1473 128 799 252 980 1190 1210 413 1386 810 1168 920 969 856 1177
435 462 520 1171 1127 1142 1164 414 1153 1130 1195 1147 518 453 491 440 426 475 486 513
1444 1533 363 1461 213 324 1493 384 360 1497 320 212 282 288 278 305 1526 1472 1431 217
694 705 644 651 634 636 687 649 670 1133 635 680 1130 713 684 692 658 720 645 648
900 1089 911 927 980 909 945 858 1070 848 939 851 355 1100 1057 880 1116 890 926 338
235 722 215 788 1180 1317 1108 234 847 740 849 854 1266 1100 971 819 1190 1322 1350 1245
849 870 268 813 315 341 845 801 240 252 896 281 811 357 832 916 260 864 843 228
410 1228 1208 1300 1279 1321 1343 1210 441 148 408 1342 1179 1157 156 220 1156 1307 197 138
1605 1621 1668 1642 1613 1648 1617 1618 1573 1644 1589 1633 1645 1667 1649 1627 1591 1574 1659 1629
335 1270 222 133 1549 359 996 232 1238 818 950 987 1412 1572 249 1481 1263 914 1338 929
357 1363 1394 864 808 959 1365 361 1491 297 994 391 884 269 1314 321 918 1481 396 1354
397 414 430 1350 381 1323 1187 1199 1295 408 1380 1301 1293 434 1154 741 1366 1368 1338 1171
140 1233 1365 1349 121 1225 1327 1172 259 258 1279 1277 201 1263 146 236 343 114 151 1346
1220 1295 97 1323 1242 1179 372 375 1167 120 189 351 229 1343 400 1300 1320 424 1163 180
895 1051 356 347 979 1100 911 871 927 1073 360 1043 942 963 1063 938 1083 926 887 1102
397 1354 1538 125 1517 1396 1413 1350 1423 1409 256 1133 1414 1316 1238 328 1405 198 238 1210
1447 1480 1403 1434 280 190 189 199 345 1436 376 1489 1496 1470 1507 328 292 197 185 1484
1435 1533 1548 307 365 1369 1497 370 283 1514 1391 331 288 1428 300 308 197 294 348 1563
427 1128 419 462 473 430 1211 1122 421 1186 467 1133 1114 400 1171 733 1138 1112 1151 449
1091 1114 895 425 1141 1097 1066 722 881 884 1111 727 728 903 1100 1102 1069 1138 886 1116
1441 1499 1413 1362 1361 1538 1418 365 353 302 1456 1535 368 313 1514 325 344 364 1432 1555
179 1250 367 205 261 1377 172 183 1318 184 240 115 244 126 1243 229 1322 1223 1264 132
184 1340 1485 118 128 188 344 127 1335 1491 143 1415 1221 1292 199 190 245 1500 246 1332
357 983 969 1548 1352 1416 989 978 344 1405 1530 905 1537 1346 1525 1234 1187 994 368 1380
202 1327 116 1534 796 952 1314 797 960 1182 220 1359 1299 730 734 332 1517 337 151 1363
218 780 343 1254 852 971 941 55 753 207 365 121 1260 1217 1305 930 70 89 110 7
113 1273 140 1275 1259 423 76 1177 154 799 1308 1295 152 1219 344 190 149 752 250 79
255 1332 983 233 131 1246 360 280 346 1549 306 184 1264 129 333 1229 1304 405 418 789
581 602 590 551 568 538 525 571 586 507 594 498 569 612 556 533 618 559 504 528
655 685 694 647 708 715 711 630 683 637 645 639 706 689 620 627 679 699 632 703
329 1495 291 348 836 1498 1510 819 980 183 1263 1385 1227 786 292 341 984 276 1248 809
379 1218 1307 785 1147 1430 1308 132 956 1179 946 1523 215 1220 1354 955 1235 1193 203 345
195 247 268 134 1499 962 1293 181 345 356 1503 942 1420 211 853 1308 1491 208 775 925
196 1182 970 964 1410 1511 815 796 1472 1186 1158 417 1546 236 1185 436 331 366 1225 272
351 1478 365 1503 832 199 1267 372 810 824 1559 835 1231 830 1216 294 905 1380 856 992
329 1528 1556 1355 1500 949 1473 844 1255 192 1535 821 829 1501 1472 1549 1464 845 1562 1388
1360 1403 322 1563 326 175 1255 360 403 1521 268 218 1357 1320 257 1385 1358 1348 1326 359
1235 1296 244 138 1212 375 1327 267 1333 123 1338 1203 232 419 1227 1205 205 317 120 1220
297 1494 333 1378 262 1472 912 971 946 1466 372 350 1454 1446 927 336 281 322 1436 197
333 913 973 377 819 353 784 207 811 1502 285 1265 187 1056 370 879 1247 1426 325 334
284 1486 832 942 963 368 815 941 920 949 1498 336 1473 346 836 937 338 296 1425 930
373 1271 982 1432 329 372 1557 1316 151 1241 122 365 1288 1195 206 1289 1173 240 330 1384
480 520 524 571 447 458 539 1133 559 1131 514 501 516 486 445 596 500 477 528 553
1258 1363 1545 133 237 1295 400 157 1183 1238 1179 1403 1178 402 1269 1340 343 327 182 1163
200 1008 1378 796 931 1286 747 308 1356 330 802 317 344 1210 1184 1337 1254 305 236 177
182 1302 1179 1167 1184 1348 1351 1318 1182 125 1503 377 1203 207 1180 1264 152 1194 256 1197
1277 1298 149 410 1272 235 1197 108 1320 346 225 1222 1306 355 1188 1163 240 1178 114 429
496 556 576 592 444 523 453 447 590 547 446 524 591 595 437 550 561 602 511 454
217 753 749 1289 1215 960 928 258 198 742 785 951 963 796 106 823 1221 1182 805 1251
176 193 978 1159 976 1213 367 1166 1340 1362 122 1247 177 1308 102 1408 1293 109 1276 349
197 265 385 1519 1147 1008 1259 861 371 1226 311 1003 175 1240 145 142 1508 1369 1499 1265
1164 1211 1183 1293 1265 1169 387 469 259 1215 1189 1279 363 223 1268 1304 466 431 365 1202
260 364 828 1246 997 780 1220 1206 1536 255 836 822 810 202 937 340 1501 951 285 242
1397 1508 345 1530 340 258 283 1436 1390 1545 1532 265 1550 1440 1422 390 306 193 267 187
372 1208 326 1210 1274 1221 1244 421 1327 1522 1279 366 356 1521 929 1330 1323 213 944 1479
1177 1213 1145 1293 1191 1153 1302 1174 386 1301 136 1300 241 1264 1182 210 1305 406 1223 1249
401 1124 1142 1240 1361 1371 738 1306 1125 1223 1130 1222 1208 431 732 419 1132 1349 1268 727
68 100 786 79 10 748 104 71 24 834 55 62 1298 1330 735 773 777 31 769 14
365 811 947 987 92 1007 951 330 958 1367 356 1272 388 321 1383 1190 930 809 1174 801
798 838 234 289 12 339 362 292 314 218 837 108 893 360 827 834 816 858 9 213
32 53 836 26 10 16 789 811 55 796 812 837 816 815 15 768 50 840 86 60
1361 1385 198 1349 1237 1247 1221 384 1338 1325 133 152 1506 1229 344 270 151 1428 1546 241
1379 1484 1552 1488 1517 181 176 391 211 261 339 358 376 1526 1419 1527 1437 1447 379 1446
1368 1407 1397 1500 1458 1521 384 1239 1484 177 1235 1496 1491 1533 1379 1403 1427 200 1481 1557
75 776 768 223 752 2 221 774 226 773 95 55 808 218 827 244 788 8 115 81
298 1005 1536 808 1484 849 363 341 857 984 826 845 293 1511 272 938 970 856 839 342
1356 1427 256 1232 120 214 1236 117 1400 397 1492 1380 318 1364 195 180 232 1545 185 255
246 796 118 1265 1313 19 846 1322 951 249 947 723 252 966 1220 1325 859 13 218 1214
142 195 1253 251 159 1423 1278 1251 1516 1507 963 191 343 1209 182 1218 1365 1257 1198 165
32 94 772 118 797 1313 119 128 775 740 841 125 23 85 49 776 817 37 749 833
1215 1313 1324 1319 1323 202 382 1339 363 1353 252 1243 1208 1188 119 245 1304 1241 375 374
251 1279 926 180 797 832 791 412 137 338 1265 1191 789 222 1216 138 982 256 955 754
31 790 252 198 366 349 75 70 95 203 363 283 778 808 791 280 229 232 376 25
6 827 884 320 59 782 800 214 780 805 852 75 755 280 237 845 816 255 48 849
104 768 221 103 817 68 1341 119 785 142 1292 790 185 799 59 754 31 57 73 114
795 838 332 824 801 867 267 783 816 232 110 883 99 347 881 807 194 112 790 273
531 579 516 582 589 477 571 595 602 521 534 543 572 573 489 550 555 494 567 580
359 1565 1219 1438 950 1309 970 1294 1509 272 1284 348 330 847 1550 842 1538 296 786 1206
300 985 1510 305 913 799 952 292 819 923 859 865 1481 333 289 327 924 896 1529 1042
935 978 240 271 200 198 996 252 269 934 359 259 272 985 324 1053 338 942 239 302
74 851 363 236 208 247 210 802 11 780 317 221 772 803 266 321 852 17 760 782
340 912 1330 1575 785 1436 991 866 1082 1338 983 194 1268 324 1337 1058 1511 960 259 357
911 1064 1059 942 1043 1061 906 1079 1052 969 979 987 905 1067 1075 991 872 931 329 870
375 1150 1392 407 1537 462 1135 121 1193 977 788 335 921 1394 1321 1389 1430 1406 401 468
1337 1362 202 1440 141 234 1552 1206 1279 1181 1539 211 1542 1316 1198 354 1184 1430 1546 181
1660 1692 1636 1697 1679 1640 1685 1670 1663 1678 1646 1696 1686 1652 1657 1617 1687 1655 1616 1682
1198 1257 1315 1193 367 1210 158 1291 1253 217 112 1317 1227 407 329 430 1321 176 376 194
360 965 1300 901 1212 283 259 230 340 1339 1387 282 352 946 994 292 325 1229 804 815
1168 1315 93 1228 1265 1182 221 226 422 468 384 1266 383 456 232 445 1301 1204 473 1256
749 759 233 89 727 400 750 65 394 24 387 747 754 236 204 43 4 1146 102 726
195 963 1490 1054 1210 1476 105 1497 1254 200 1228 1552 1259 1167 1290 124 1288 1174 1336 149
