545 618 605 731 486 519 445 448 502 506 649 712 520 555 646 493 432 595 620 678
808 865 905 819 800 823 809 645 737 852 696 750 657 822 831 743 877 733 863 848
20 174 173 113 93 18 98 61 158 258 74 264 151 216 215 90 1018 1017 203 237
182 261 151 146 190 14 160 297 179 280 122 20 228 255 51 282 89 268 205 1022
569 611 528 577 572 607 535 672 610 556 618 696 635 676 517 729 623 683 605 649
130 175 10 1046 170 132 26 982 231 115 171 979 24 135 151 1042 235 278 137 952
627 678 736 570 669 650 641 858 866 567 867 817 798 851 836 801 623 809 643 644
707 754 634 677 803 776 770 624 853 759 725 743 619 817 775 606 779 740 826 593
641 728 568 758 628 720 787 803 735 784 713 683 730 646 617 752 760 636 714 767
889 909 983 971 946 923 935 992 884 867 1008 865 972 891 973 945 910 896 987 942
417 510 397 452 424 373 383 518 381 416 517 461 371 519 449 465 386 434 396 529
228 255 278 45 178 67 34 216 159 184 11 115 188 300 84 202 246 209 21 13
130 943 1000 242 941 1066 910 234 197 932 911 199 91 238 978 942 961 935 956 981
25 201 67 250 1 1026 154 186 173 96 46 116 226 199 1013 193 56 281 34 115
493 518 551 564 472 536 448 487 531 525 533 492 476 519 546 497 544 553 590 445
931 1025 10 899 1027 132 83 43 84 1076 112 1073 934 110 986 1045 1024 114 929 14
121 202 1042 1006 26 68 940 100 150 999 129 36 223 33 164 28 199 992 124 284
1015 1032 1047 945 969 1 1029 923 42 78 176 40 964 81 27 109 179 43 72 1074
8 108 1012 1041 974 1072 184 235 6 1032 1000 116 148 205 144 48 72 196 2 64
520 551 470 564 452 504 534 542 589 630 578 446 502 449 481 454 579 494 483 638
130 989 3 896 61 935 92 173 79 201 248 967 222 239 78 1075 205 997 138 152
490 543 491 487 524 519 606 505 449 581 413 615 414 642 432 479 596 592 568 497
94 212 218 1005 89 43 1000 1022 124 274 29 976 204 106 175 55 169 1036 8 1010
652 743 594 618 672 566 752 602 803 727 734 794 568 606 612 579 661 730 571 751
635 696 573 727 695 803 604 867 723 665 615 556 548 718 554 591 552 576 639 540
130 996 1075 136 173 178 204 9 196 977 243 897 1008 1041 256 152 155 242 91 916
832 862 898 693 799 807 877 901 684 680 838 802 814 828 798 779 859 688 830 795
887 918 900 771 983 922 1018 913 857 867 969 964 885 906 1012 1008 998 939 951 948
16 53 4 63 256 66 49 943 62 1001 127 246 175 43 1020 107 1019 1046 64 217
96 1015 216 112 919 113 1012 179 1023 1041 218 231 71 1022 1046 59 139 930 923 990
501 544 464 609 458 484 624 539 434 605 512 514 435 485 422 510 455 583 596 412
282 319 297 322 202 349 286 308 370 225 250 178 175 284 190 287 346 257 192 244
730 759 717 599 884 714 679 690 613 652 756 644 733 760 788 807 693 713 575 665
74 186 114 15 35 222 1010 265 82 111 13 65 274 54 143 108 158 66 197 150
235 290 281 45 96 268 195 21 166 331 149 22 230 137 278 371 58 356 292 36
916 962 879 946 1025 956 149 142 990 1038 968 1003 1001 995 961 1043 1013 882 991 1010
951 1010 982 77 981 986 933 961 918 109 127 123 1025 915 157 994 1071 921 35 928
49 126 201 208 28 99 189 195 1074 987 16 164 66 1069 1066 54 966 40 17 14
650 738 629 574 621 772 756 588 720 619 592 663 801 620 570 630 631 802 744 669
129 942 900 218 47 142 902 202 991 981 1066 976 198 920 992 177 169 115 221 197
1053 1072 144 941 39 127 108 1008 949 1033 1062 145 1057 137 41 1035 953 931 1063 48
32 119 139 180 102 182 5 195 131 244 967 24 166 192 994 45 946 44 981 1037
276 291 279 223 340 312 324 227 271 176 201 353 204 198 194 179 235 203 206 195
128 1033 254 95 194 44 950 221 970 180 45 228 92 948 989 94 159 177 217 1013
374 400 450 408 442 463 431 417 364 457 455 454 441 282 446 447 438 406 443 460
36 222 124 178 1019 244 82 177 187 132 1004 120 160 278 200 139 95 970 255 112
538 630 625 453 615 477 589 558 697 510 442 683 540 512 628 698 617 602 658 447
444 554 630 524 532 533 578 462 419 644 498 422 545 643 396 469 523 501 638 417
85 1023 209 208 968 166 950 17 1027 1066 92 87 966 41 23 4 1055 205 1005 1040
229 281 153 322 241 131 273 251 191 250 290 176 230 270 123 46 218 236 238 313
738 803 754 819 774 856 712 821 809 646 799 678 882 742 578 853 756 639 581 790
120 235 939 225 11 55 298 4 1073 30 949 0 170 33 950 13 164 236 115 280
597 642 526 641 700 607 794 683 716 688 634 601 728 647 652 679 609 614 708 729
95 134 51 956 1070 143 157 191 194 39 983 125 127 1027 1034 132 993 60 220 114
700 829 667 651 610 674 673 688 785 857 643 641 693 784 606 629 748 630 794 801
570 658 806 754 681 650 729 520 539 594 634 682 517 785 741 657 821 528 721 790
660 695 798 834 844 848 791 811 608 735 753 819 789 794 742 809 740 581 685 606
233 294 344 152 355 44 211 2 354 31 369 120 258 343 264 88 60 26 230 117
712 777 710 724 753 583 698 659 757 737 611 677 600 646 769 706 735 657 662 632
183 1011 249 11 250 47 94 972 63 93 96 216 1041 73 247 156 255 1021 68 55
220 245 125 52 12 181 237 145 278 248 93 238 26 53 6 235 121 208 249 15
584 659 819 594 530 637 703 655 812 820 794 690 691 748 568 697 693 581 710 755
569 608 680 558 646 708 530 549 644 573 576 676 570 622 722 648 536 629 682 699
44 250 110 9 1006 192 240 298 221 1017 79 970 73 1031 45 26 157 1036 129 1047
204 278 4 267 227 219 34 8 209 305 196 202 360 160 106 112 198 238 176 163
101 202 193 1033 28 1030 32 152 1073 260 225 85 24 159 13 181 46 985 1029 65
259 277 297 196 50 176 239 214 167 279 227 276 358 293 216 302 174 312 256 187
558 580 664 527 592 552 583 737 542 636 656 609 579 578 597 595 594 625 525 651
2 212 108 180 988 1001 224 194 261 46 996 256 73 395 993 57 989 1018 10 174
13 82 190 50 236 178 195 974 1022 68 121 175 1013 213 184 219 49 216 108 196
20 88 22 123 170 30 127 1008 200 131 1009 115 50 186 1024 995 982 6 107 220
75 1004 63 13 990 144 151 1016 993 196 52 1008 156 169 896 1021 985 76 136 193
287 364 311 332 263 241 193 231 403 237 376 190 398 352 243 198 256 372 348 226
441 462 527 409 439 376 528 524 396 451 512 444 555 429 440 438 445 420 481 553
100 1070 178 191 1013 955 0 224 1077 47 175 961 130 1002 1056 55 216 102 973 7
297 330 265 343 266 251 321 246 355 260 262 347 249 310 337 359 322 336 348 244
3 111 89 40 243 37 1076 34 994 112 225 230 105 43 1023 969 47 145 195 124
686 848 809 691 687 800 703 702 797 727 858 869 654 846 804 650 793 693 634 720
830 860 869 692 706 793 703 811 897 783 855 805 802 862 888 784 671 873 684 852
130 221 1001 63 284 939 157 71 0 143 156 943 244 117 169 19 952 183 948 223
936 1018 1070 106 1066 82 922 86 34 970 93 907 111 9 152 28 132 1022 975 894
279 307 204 350 328 340 353 178 221 259 264 298 183 255 329 211 315 186 253 248
456 527 420 530 531 608 533 479 511 597 419 609 375 567 519 525 415 590 452 465
669 854 733 848 860 787 639 700 725 820 756 796 869 582 749 619 627 587 682 618
300 351 324 249 315 302 325 282 368 323 305 294 348 285 269 355 256 362 312 251
122 996 935 243 1031 41 233 909 907 914 35 38 207 156 161 177 218 155 42 188
159 941 131 906 902 916 968 156 920 182 241 133 180 955 140 224 208 119 244 896
149 943 191 982 955 48 959 1050 126 935 164 153 1023 968 1065 248 188 113 905 1011
684 783 716 657 668 641 850 734 730 882 781 729 873 826 866 816 867 839 840 715
109 200 1040 165 132 282 1005 166 1072 35 214 133 102 236 141 143 186 196 992 982
465 496 364 523 531 434 473 448 377 539 484 548 427 373 416 498 467 536 508 383
181 251 150 292 247 116 1015 242 207 250 28 1 275 14 281 257 223 1025 83 284
928 1026 117 966 999 1020 1039 66 980 1040 26 166 1009 978 1053 1068 13 0 98 905
653 742 647 702 693 796 578 655 704 810 576 630 698 784 793 682 668 651 671 779
847 853 671 813 804 709 872 817 681 864 818 677 861 859 696 791 852 693 672 712
108 991 29 1026 986 977 76 52 43 30 1004 179 235 172 209 899 169 142 1005 155
492 511 442 542 464 534 545 416 525 516 468 540 446 522 414 453 440 556 524 450
380 404 407 382 424 466 375 379 421 432 439 359 468 476 491 402 368 440 409 373
230 270 53 158 4 61 362 93 147 217 87 51 212 38 213 2 142 19 187 210
599 652 539 565 815 643 535 593 554 598 692 581 585 555 525 538 632 749 545 792
382 412 428 485 355 360 487 393 458 371 372 463 376 492 500 419 422 468 461 426
1023 1035 18 970 1000 88 979 999 962 949 40 978 175 1052 967 87 82 173 22 974
83 101 50 1022 168 1079 199 234 207 231 48 119 988 1027 239 76 150 193 125 1036
36 228 248 286 227 171 110 1 187 12 277 238 163 127 33 65 87 226 180 54
55 119 53 110 167 44 1024 970 947 130 995 206 997 139 112 185 1035 967 1003 991
327 357 269 347 267 361 293 334 278 368 384 313 324 322 381 279 349 298 271 370
0 186 990 66 41 247 74 159 262 182 987 119 184 991 6 168 143 997 26 36
994 1007 41 37 17 1 36 159 113 24 100 940 911 954 65 48 959 34 1024 993
168 209 66 266 134 179 1033 1077 113 139 72 93 190 227 1032 53 258 108 86 69
115 195 5 7 247 121 277 1005 87 1043 51 143 267 27 219 236 81 997 133 61
109 201 967 968 59 1009 153 262 48 1042 12 22 238 6 1023 203 197 199 36 179
59 123 1067 1019 1030 989 80 92 163 215 93 78 1045 72 204 79 141 76 138 173
121 217 86 138 145 14 161 229 246 156 255 949 269 112 92 996 279 140 942 243
65 120 974 168 34 97 1078 989 9 53 129 86 1067 204 183 116 106 988 1072 52
79 217 94 22 32 1007 211 264 71 259 114 250 70 113 203 120 54 1001 979 252
381 447 363 403 409 489 529 504 410 404 496 552 431 455 383 461 499 452 466 517
711 744 769 797 801 763 633 693 781 690 686 805 698 600 799 639 627 729 719 802
16 1021 953 1000 74 1018 203 7 1048 221 81 1006 4 1064 990 217 197 209 82 998
217 246 192 203 152 7 241 165 288 395 197 108 183 264 186 163 201 114 91 195
628 669 705 778 538 720 641 662 568 717 758 621 601 701 730 561 742 583 536 551
678 745 621 801 661 640 616 810 622 820 669 644 790 721 812 746 712 807 818 660
156 989 143 102 906 934 9 177 226 952 917 904 1072 244 257 82 121 260 925 1
418 444 502 376 415 385 523 500 553 475 411 396 384 392 524 400 425 512 549 382
484 520 470 413 572 468 551 478 454 532 460 589 553 540 452 563 547 503 504 477
356 386 281 370 317 383 288 446 328 412 321 458 387 389 306 300 452 287 333 365
152 967 132 233 904 247 51 142 1034 1004 934 238 903 225 908 124 182 42 44 110
914 981 1002 1021 970 150 936 930 913 918 886 131 924 961 67 93 903 878 950 916
105 977 28 971 217 940 916 180 122 234 1075 113 991 958 889 943 905 1004 1029 1008
956 1026 1006 100 1022 90 1052 107 83 1040 87 937 112 1068 978 18 111 1051 91 115
689 780 687 655 733 808 831 704 793 800 700 633 876 639 710 735 746 680 883 659
521 608 575 665 543 642 680 502 703 606 638 607 504 723 583 441 480 498 597 646
120 972 106 190 896 196 180 231 927 166 26 954 39 55 984 54 947 1067 114 123
156 1073 198 237 988 955 975 154 1075 1054 180 26 980 1039 258 945 1005 134 96 1058
630 720 794 538 712 702 600 578 601 744 548 754 609 810 605 766 657 762 558 575
51 1030 1041 182 185 184 36 32 65 1044 57 8 969 1046 1005 25 1009 29 926 222
24 78 13 106 111 207 997 222 187 232 995 1017 1008 77 1012 1026 1014 83 236 240
713 748 664 645 592 738 690 675 780 696 744 680 825 777 790 820 611 712 627 768
56 1014 60 69 999 987 57 33 98 1012 2 964 983 992 227 105 1041 119 986 54
119 1073 123 989 192 10 235 99 138 162 1027 1003 921 929 992 155 117 106 1040 113
683 858 834 798 806 833 658 788 688 707 821 636 696 610 730 629 678 725 726 813
796 828 696 659 691 658 673 779 799 855 735 706 642 774 668 755 640 746 693 678
709 784 742 802 668 746 745 762 667 708 657 693 825 868 591 851 718 616 613 811
43 77 980 13 1078 62 91 226 247 55 236 170 231 20 1007 234 199 1072 1034 239
369 423 484 368 411 450 479 522 427 418 362 500 496 284 405 360 406 397 512 462
103 129 1009 29 146 102 83 143 166 40 966 148 67 222 38 35 997 133 936 1041
102 157 1072 121 1044 1026 129 138 1024 1025 146 6 101 227 1077 30 103 936 969 112
155 234 953 20 97 191 277 61 39 950 107 1038 296 160 231 248 101 227 977 198
166 969 1017 139 1067 932 147 236 256 232 125 206 975 949 912 1024 1013 1025 129 58
75 197 201 215 238 48 234 239 1021 108 129 130 92 267 1004 246 66 992 249 1019
633 654 737 582 572 587 678 674 594 670 700 626 591 623 675 619 640 708 781 729
