35 557 539 62 537 649 595 616 641 15 21 640 50 532 627 621 554 71 9 565
594 615 642 595 646 610 5 11 60 643 40 648 56 39 608 20 22 83 88 599
135 182 100 194 155 176 172 164 151 165 139 175 198 132 128 197 127 129 163 111
342 437 447 488 327 425 428 446 228 480 370 434 358 395 359 454 476 332 479 234
32 605 546 610 628 76 49 556 53 632 37 640 89 51 11 583 38 553 586 561
45 596 610 37 48 72 644 3 67 74 598 577 622 574 591 42 578 35 608 648
38 562 573 501 523 542 68 593 51 591 39 636 525 528 613 71 596 566 499 607
32 554 562 574 565 560 618 634 17 536 21 15 611 18 635 512 630 578 561 44
255 406 379 264 238 433 374 364 356 402 390 392 293 414 378 235 279 355 297 298
15 32 641 595 9 560 72 48 604 645 643 626 568 556 633 8 627 40 68 584
301 312 279 256 307 323 266 311 259 324 298 253 255 315 321 283 261 272 296 318
57 639 588 27 652 645 630 5 54 81 615 43 649 589 1 73 16 33 18 20
231 347 401 385 399 323 339 404 433 210 444 364 237 455 337 341 351 212 359 373
355 440 380 360 247 490 369 457 389 368 434 417 235 236 378 432 436 459 222 463
363 397 405 446 408 372 390 354 228 379 410 344 435 346 385 431 426 440 350 339
563 582 530 633 68 572 26 643 579 541 568 512 24 561 528 5 601 17 577 8
436 469 427 347 457 234 401 488 342 473 387 383 385 480 391 476 337 229 400 456
63 595 23 1 65 36 600 582 7 39 17 646 642 21 611 629 638 574 42 644
623 652 603 82 3 635 81 24 13 83 35 78 626 37 591 47 7 49 642 87
69 638 33 68 6 605 4 569 12 14 594 588 70 35 52 639 9 622 623 53
257 389 427 285 236 415 273 292 357 255 360 246 345 433 302 228 426 381 356 294
204 211 202 191 214 338 324 332 221 231 198 205 234 200 188 232 195 323 223 329
79 646 627 67 96 634 65 16 598 13 94 29 573 575 643 648 596 594 33 51
237 341 343 391 404 446 360 348 372 410 426 444 433 324 213 222 384 449 353 325
13 36 544 623 595 15 606 31 74 26 649 610 635 5 611 30 545 570 11 57
368 418 238 384 225 234 344 352 398 395 399 339 385 374 357 229 442 253 411 219
54 68 652 32 646 38 636 642 613 629 41 29 604 62 602 640 37 43 61 648
443 465 365 417 342 336 418 385 456 363 475 366 416 357 407 409 423 426 348 364
162 176 163 104 132 167 179 139 111 191 160 145 107 170 190 112 184 102 151 149
107 153 142 116 162 138 86 143 104 141 124 93 108 110 159 113 174 119 114 140
18 588 63 579 645 639 609 551 542 562 22 604 30 75 549 23 16 575 8 629
440 462 446 412 401 454 403 472 471 363 375 458 422 393 357 389 409 358 385 489
608 640 18 78 582 607 4 60 69 624 65 605 644 587 53 50 609 14 611 642
425 447 251 433 454 456 435 472 358 246 431 473 451 379 361 245 448 389 405 395
225 430 431 460 340 365 477 376 337 208 458 357 397 441 344 418 468 211 490 232
412 434 409 354 377 408 370 430 441 446 404 479 429 467 375 341 389 480 401 392
542 555 539 563 39 567 40 12 583 14 500 26 526 7 9 22 569 27 560 516
557 568 506 639 16 501 578 572 28 7 498 561 18 642 34 589 37 571 3 42
26 610 44 651 54 607 576 29 650 48 82 620 566 10 78 41 1 622 37 621
109 155 120 157 99 125 167 128 129 117 147 113 161 89 112 151 137 168 105 101
19 631 32 2 5 615 83 556 24 548 613 614 592 50 13 4 22 636 563 644
510 553 538 496 26 524 527 27 580 533 500 545 570 499 559 494 535 4 7 503
40 557 19 49 29 499 505 61 46 34 562 38 545 614 50 57 17 36 617 525
94 117 103 113 87 126 129 79 124 146 148 123 133 160 82 105 125 115 165 140
342 443 433 351 479 350 352 329 347 482 455 424 447 440 222 341 434 374 436 408
251 412 353 391 426 436 360 241 222 421 373 416 433 354 428 234 228 229 237 419
608 618 619 611 617 643 634 620 622 652 7 44 88 583 81 599 8 58 593 24
228 342 339 395 359 329 372 374 353 250 442 375 436 346 217 399 347 338 428 227
224 400 384 352 255 422 327 326 232 391 235 360 350 415 247 361 244 207 365 215
129 166 175 176 164 145 112 183 142 155 113 105 111 104 174 186 169 124 101 180
99 111 94 160 134 93 86 92 131 159 112 155 100 98 118 164 135 138 162 115
394 423 383 465 229 424 364 234 446 356 251 232 245 408 255 358 388 370 401 431
327 355 375 441 457 346 429 241 215 450 395 405 338 383 412 337 378 388 414 444
78 628 619 647 55 19 82 88 600 11 610 28 10 1 61 607 53 86 645 95
233 243 249 350 339 236 240 337 375 376 354 348 226 254 427 390 336 397 218 224
55 66 633 68 83 47 29 649 607 638 57 50 640 590 603 606 635 74 69 637
12 41 644 59 633 598 67 31 587 650 623 645 606 565 642 614 554 616 33 25
339 432 405 323 473 332 469 325 488 322 375 243 491 423 380 431 458 421 215 392
67 593 594 580 591 68 13 574 78 21 590 643 20 635 55 600 596 5 35 583
289 301 302 280 261 317 292 252 300 259 313 265 282 288 270 266 258 305 286 260
26 599 602 557 628 10 71 87 544 45 80 645 579 605 604 565 589 609 12 614
394 439 380 347 344 360 432 492 241 398 361 374 489 471 400 467 469 392 369 253
629 646 60 34 21 43 595 31 636 628 587 596 613 39 648 598 0 633 643 578
80 594 69 618 629 34 43 572 22 89 611 607 59 96 16 7 75 596 570 624
501 532 527 491 575 566 499 516 505 544 513 555 523 560 535 507 540 553 525 495
122 165 171 120 105 178 109 106 164 137 134 94 118 149 157 154 144 160 139 113
43 597 2 652 634 25 68 33 582 605 50 612 586 587 10 1 564 9 59 617
608 645 37 621 614 45 34 59 51 647 88 600 58 601 62 625 38 12 578 646
572 583 65 642 2 72 28 591 652 73 560 548 523 44 585 552 512 41 524 589
569 646 645 606 514 549 535 73 46 640 543 600 559 78 15 578 613 66 598 557
446 485 464 501 488 466 453 440 342 463 419 351 339 475 492 470 367 368 441 465
63 75 596 601 626 42 50 85 86 633 646 619 81 645 586 589 622 648 643 57
591 632 641 640 8 602 0 2 600 608 76 613 1 29 580 9 25 609 610 10
45 67 607 610 24 75 77 43 597 611 53 584 604 641 18 618 0 26 570 646
114 131 166 175 99 117 136 143 150 151 91 97 93 111 156 139 96 90 134 155
236 361 410 433 438 407 386 330 253 403 379 344 221 345 335 348 336 228 343 347
526 556 11 495 5 524 13 536 506 551 513 540 26 518 570 20 522 496 534 24
25 646 45 79 649 545 80 18 633 559 643 1 17 544 574 6 597 628 20 634
326 350 210 214 233 382 460 408 352 386 384 229 450 343 237 436 437 431 435 328
602 640 74 85 581 67 604 35 81 631 24 586 54 590 595 22 31 588 647 80
35 627 17 73 22 579 33 575 44 55 557 561 76 560 555 584 583 609 551 635
38 636 52 83 70 82 35 43 630 53 54 641 69 65 568 15 623 650 646 608
604 611 30 631 49 0 577 578 573 83 25 46 623 87 36 641 617 620 596 18
356 418 365 410 237 387 446 218 389 432 327 343 254 427 420 227 372 340 391 447
616 645 644 13 648 640 14 27 619 578 81 52 594 629 44 581 628 48 59 642
396 410 391 432 354 256 235 384 441 362 421 430 353 393 437 435 229 414 250 427
225 375 334 361 234 211 352 357 330 210 442 399 427 249 372 415 345 326 373 436
599 634 14 581 66 28 65 575 64 29 82 77 586 646 53 597 611 50 598 640
10 647 576 551 643 644 37 563 590 593 560 8 543 557 556 612 573 28 42 567
16 31 616 600 605 634 5 594 45 545 584 66 24 10 632 60 621 36 542 554
223 331 377 395 362 326 402 430 213 322 215 344 325 383 227 214 332 373 234 359
77 85 640 86 48 73 644 615 629 109 105 649 590 621 643 637 596 598 79 652
560 569 18 27 543 2 586 580 507 594 583 33 640 528 576 591 500 38 573 40
531 569 498 552 512 515 578 510 559 32 506 594 44 14 503 6 30 27 644 540
211 337 333 216 193 218 434 366 191 360 225 201 188 196 447 353 213 205 220 445
136 187 204 105 202 184 104 201 126 207 174 138 181 159 208 102 110 160 209 137
451 478 358 459 485 359 472 471 424 491 432 449 354 456 346 493 340 448 454 479
346 366 389 426 463 377 242 365 235 245 449 333 249 341 356 395 363 370 250 416
422 432 449 225 454 388 371 399 464 247 406 461 241 441 246 376 357 350 252 233
77 594 28 27 605 14 606 63 651 35 581 593 599 627 7 641 92 78 626 634
74 590 76 575 82 16 86 32 73 636 14 645 13 649 79 56 36 615 598 626
319 331 361 349 237 364 233 358 309 340 301 357 356 210 338 365 306 212 348 211
341 370 213 424 415 427 219 434 350 368 412 250 410 411 454 236 354 347 327 453
525 566 512 532 24 16 497 34 20 0 582 588 38 10 537 504 559 498 552 540
20 595 586 75 64 35 7 34 81 70 17 574 78 583 638 36 557 19 640 84
246 258 379 278 262 276 361 359 259 381 387 283 384 370 233 354 407 232 245 417
10 555 14 594 509 602 611 580 569 553 529 24 16 581 640 524 32 532 498 531
96 122 155 116 78 80 112 88 90 125 99 83 109 153 131 141 157 82 146 150
603 618 35 89 0 644 45 576 36 87 44 575 16 68 10 49 573 645 614 1
78 588 68 19 599 33 65 70 600 94 37 604 12 581 574 60 641 635 626 601
148 185 203 166 144 110 132 165 206 142 109 107 183 173 114 196 143 169 141 125
353 472 378 433 233 223 327 328 401 490 482 364 415 243 439 216 463 221 407 485
3 555 581 534 537 29 550 39 541 35 590 24 27 34 598 549 505 569 583 18
109 163 95 84 85 177 130 105 147 114 117 112 139 165 107 145 166 181 91 104
98 115 163 95 136 80 164 152 157 117 145 92 142 83 78 121 86 126 109 88
17 31 619 634 68 62 572 544 576 45 30 621 34 652 46 651 595 584 37 583
222 346 343 395 333 356 236 340 353 336 392 465 347 338 253 229 366 361 449 384
242 255 271 424 222 374 419 263 431 409 428 234 351 396 386 423 259 262 416 350
439 450 394 473 472 491 486 460 438 474 468 381 336 355 414 488 483 477 465 489
501 564 31 488 36 37 484 575 509 496 529 548 39 25 513 506 503 511 537 510
35 605 9 85 596 57 610 581 637 651 635 74 13 639 599 56 33 601 627 19
365 445 417 359 346 469 384 433 339 351 388 241 250 410 254 393 473 357 333 463
429 490 405 356 497 237 444 503 436 451 450 365 416 243 449 364 361 502 399 480
24 31 632 628 651 559 581 603 47 48 646 3 614 649 64 65 635 582 6 41
201 209 214 189 195 217 325 327 208 222 224 216 190 225 193 187 324 218 183 197
82 94 614 633 77 597 592 103 615 604 97 636 73 109 637 114 609 74 106 65
213 346 440 445 227 220 239 215 384 357 238 444 373 323 379 329 191 229 437 322
595 608 629 617 70 73 599 604 56 594 602 607 603 37 86 65 60 633 17 9
237 330 416 368 212 379 404 214 418 429 354 219 336 253 345 431 402 349 362 426
2 613 37 612 652 643 640 558 569 43 631 51 603 570 629 607 83 77 31 611
8 30 4 592 573 51 547 583 605 31 567 15 612 0 606 37 46 624 607 18
19 548 0 642 545 575 559 589 544 554 652 556 577 39 10 526 34 561 498 32
157 166 153 112 102 134 174 101 152 144 107 122 113 175 181 130 132 146 137 128
122 170 176 97 180 126 118 163 174 140 106 104 123 187 124 159 119 112 131 165
228 322 236 434 433 246 218 336 357 397 391 429 393 378 238 326 222 401 432 400
128 181 133 160 173 190 183 130 118 106 170 168 153 103 196 195 97 114 177 174
431 458 393 432 493 236 374 451 414 402 235 462 424 354 363 427 415 408 421 389
33 45 9 588 575 629 62 587 63 551 592 76 636 637 15 564 558 652 619 640
103 141 178 110 179 168 164 84 166 159 171 180 186 126 146 163 147 82 121 144
494 517 572 508 561 532 523 542 486 503 518 484 549 575 477 478 507 476 514 475
302 312 282 290 324 281 322 304 321 263 301 306 318 264 298 296 286 309 314 315
347 379 422 418 360 461 232 333 376 415 329 362 250 437 430 464 399 432 332 236
378 426 428 421 420 390 474 417 450 423 372 457 400 407 234 241 461 454 348 361
115 122 132 146 133 105 88 159 90 125 164 161 139 163 112 130 151 111 92 113
20 632 585 44 641 25 45 26 29 75 33 3 545 547 628 76 544 588 77 567
523 572 535 520 518 561 519 644 584 33 598 563 30 642 603 516 528 27 499 554
350 425 463 349 456 418 389 405 470 390 394 414 382 413 399 218 410 434 345 217
65 71 41 30 583 50 594 640 77 593 647 635 651 649 75 591 590 70 72 588
190 200 178 195 218 211 204 196 198 217 207 176 180 215 197 193 199 174 179 202
237 350 217 445 392 426 343 440 337 353 456 226 360 434 400 444 388 459 386 354
