174 195 223 979 226 188 173 191 190 175 121 179 974 193 129 203 998 988 152 199
539 647 583 618 404 602 1171 1271 408 441 544 625 1239 684 428 414 507 1188 1212 526
562 1181 1138 542 657 604 1162 1166 1204 614 1236 594 1248 1161 1250 1221 622 526 555 1171
626 1174 664 640 1190 547 1188 1238 1120 1127 633 659 635 1212 540 1217 1143 576 1187 1116
591 1153 605 1119 1228 596 1149 1226 1241 649 589 1113 1245 1140 602 1169 609 617 1115 1152
160 990 1002 1017 121 208 198 176 1019 136 183 152 1025 1012 909 145 925 200 192 986
1263 1330 542 461 786 790 484 1238 1319 704 758 734 1272 1286 470 403 1361 717 1274 438
773 1290 712 779 1307 398 431 761 412 498 407 430 447 714 439 702 733 351 417 724
367 421 381 724 756 1313 1335 1330 1254 653 399 529 1397 1372 1280 681 1255 494 1293 743
157 992 119 174 112 931 933 1004 985 159 1010 118 121 966 206 143 138 991 106 153
668 1240 514 753 427 634 647 1260 717 725 658 704 1282 1261 1274 400 480 1225 536 609
377 1421 767 1367 1429 1418 689 475 692 420 798 416 1373 1384 435 1285 1440 1292 801 759
169 978 177 933 995 942 932 133 199 979 919 912 958 158 1018 1013 983 994 1017 949
699 720 1238 542 704 444 1296 660 674 1291 370 1323 536 372 781 784 522 539 488 750
263 1468 1471 839 887 838 299 297 1542 1519 317 1451 1491 1499 324 272 225 811 821 243
943 981 173 925 991 177 148 960 904 962 1005 1020 922 1002 146 166 968 942 980 929
778 1423 357 1357 387 443 1305 1380 332 1319 1260 420 1294 1307 1399 1309 1406 1339 378 1350
435 469 1298 516 1277 470 1288 733 394 759 775 1350 1300 753 1266 692 520 749 742 517
1483 1507 225 895 883 279 1476 1539 259 1499 858 880 896 1523 222 885 891 228 851 1477
810 1442 780 1429 1461 823 320 368 802 297 1458 337 356 819 839 347 792 344 800 367
1163 1199 575 538 646 618 1126 583 527 1107 1224 1127 630 1225 662 1186 1233 615 535 567
664 1185 1246 485 1155 1173 1196 421 415 457 501 1261 1230 1174 532 1175 1143 500 1256 1176
867 880 915 224 264 1538 1521 882 857 1467 890 1519 1500 270 1465 234 1515 884 1484 901
833 855 1504 807 844 313 257 842 1484 1496 232 850 1486 892 248 816 880 1512 876 314
513 1242 642 745 390 1316 445 504 608 1339 738 574 619 758 1174 771 451 570 498 616
360 736 448 376 1296 720 768 424 1437 1312 1319 1302 1280 1291 1369 460 1415 1414 433 486
700 1344 750 702 782 762 789 538 1243 1376 513 374 696 1381 1232 405 457 464 767 445
605 630 1184 519 1175 1182 1177 634 1230 1200 565 1212 561 612 1191 1155 562 1181 1216 1225
756 1292 774 1294 718 369 803 433 472 749 1297 373 1366 1234 1386 752 505 492 730 1360
628 1254 601 494 577 1135 1181 1143 1278 1171 448 1141 727 452 612 625 588 629 1184 709
418 535 454 399 1354 759 1220 695 543 1219 531 377 1215 1260 440 772 561 1312 1154 1212
754 777 385 1258 389 393 401 743 1254 1348 1327 1333 376 1419 1421 424 1279 803 736 365
698 1310 471 657 794 421 487 1325 1270 663 549 760 1267 468 671 425 372 1321 717 411
654 1192 542 411 555 532 616 1229 621 664 1251 1145 440 1195 524 1135 1261 572 566 1216
523 643 1196 513 1274 1215 490 1258 425 1199 691 1164 579 1139 1238 1229 447 722 636 1166
631 1201 666 1242 1171 544 1252 569 1176 669 562 1183 673 1191 1150 1247 1257 1215 1221 1132
771 1272 1369 1232 1227 752 1246 706 1293 1387 416 789 442 547 414 415 1288 1378 356 1286
392 482 1282 529 446 456 1361 1281 751 422 390 803 388 1321 717 786 1247 354 455 790
500 1252 391 501 739 1195 425 491 1320 477 1261 402 418 517 532 583 701 774 470 1225
306 1489 835 339 877 240 859 849 286 254 1509 303 898 347 340 1443 232 1477 338 220
407 1247 664 1268 588 427 1232 365 758 1321 432 589 498 1180 1218 520 1358 718 1231 787
385 1364 680 442 1292 766 1390 730 803 1349 1303 1280 762 444 1410 470 1411 768 721 696
1304 1348 783 1294 1361 388 690 1331 1345 419 1382 725 426 459 1370 746 400 382 1388 1302
1478 1503 823 273 1513 833 304 297 1470 874 1457 316 290 312 237 843 889 858 1481 286
750 1253 1233 452 747 1230 639 462 1303 1285 722 1290 583 365 685 1369 1349 645 409 1333
331 1454 802 360 304 308 293 808 1453 810 265 832 335 1467 847 358 1458 821 381 1470
658 1218 618 630 620 1164 538 495 450 566 427 1163 1184 429 1201 690 624 518 555 561
1341 1349 1380 427 746 1365 1331 789 1338 1325 516 1389 1276 729 709 360 381 1297 495 1385
841 1495 820 297 1542 862 1477 226 292 230 280 240 1485 221 846 1481 250 843 856 1487
420 1324 700 1342 732 1350 780 1319 521 408 716 1247 440 385 1279 798 1311 699 691 489
784 1346 749 815 727 1321 504 496 765 1310 1378 742 376 785 361 1371 1297 1262 400 1289
753 1269 1364 1333 366 1341 1292 747 543 1298 368 1350 522 532 1370 1260 692 761 451 489
311 1456 840 1484 1514 842 271 1434 294 320 798 796 274 341 1463 1523 821 810 800 1439
71 88 42 112 106 38 68 54 94 15 22 60 37 114 48 17 110 59 36 2
478 717 428 719 387 714 686 685 722 768 1259 461 1319 760 420 470 1269 381 713 785
412 1336 715 731 669 725 413 772 468 748 410 682 676 1299 1257 747 474 487 1330 508
368 1278 1372 349 1261 364 1392 1295 430 1313 471 1356 770 411 1324 490 1317 1414 1246 707
330 1466 878 844 285 820 827 344 291 1465 249 812 1490 811 1467 868 1491 837 266 284
549 696 689 1298 455 738 425 566 708 415 563 1299 658 590 482 685 418 644 491 1347
539 607 437 1150 513 636 1206 627 597 1204 1141 617 452 572 488 662 516 576 400 553
272 852 246 1472 316 857 1526 881 253 856 291 872 1453 279 1535 232 1467 859 1538 1519
1017 1033 1045 985 979 1038 1059 1053 1014 1040 1008 1025 1042 1046 1063 1011 988 1032 1005 1036
524 670 661 1232 531 726 690 422 552 1160 657 418 406 1282 717 629 519 461 707 664
510 547 1220 377 508 387 529 1230 591 468 617 1197 1339 1164 1336 376 570 389 721 659
261 1482 241 831 1499 287 1536 885 872 882 228 309 1468 231 884 271 859 830 1535 1491
1486 1531 835 284 314 272 1527 887 244 1481 1528 229 257 1504 277 228 866 827 895 269
821 1456 1485 268 279 806 823 1447 334 344 338 1471 291 829 297 1500 1488 814 311 317
288 335 853 1519 799 1515 251 329 1457 263 1530 353 295 850 792 1464 1513 1538 321 1428
522 1271 506 1343 1201 365 382 1229 502 470 430 763 359 1284 1301 674 1255 1196 774 419
767 1292 374 1358 709 777 521 805 402 1308 353 711 1357 1336 1265 1245 755 799 1380 1390
289 1444 267 811 345 844 324 259 276 245 318 341 300 1477 296 1425 298 1473 826 352
429 1267 520 718 504 721 1318 1284 671 371 653 771 724 777 525 656 537 1341 538 1360
779 796 792 1349 736 821 769 389 356 359 367 401 748 1374 1256 432 1365 1424 421 1281
92 106 143 121 31 22 78 157 93 15 25 63 112 49 65 142 95 136 81 76
650 1173 500 1252 529 636 1141 573 619 1123 665 1164 668 555 637 576 564 1224 506 550
1492 1510 1459 1453 895 903 281 239 897 261 282 875 241 1516 310 893 884 266 273 1525
1225 1265 542 603 460 726 499 1197 438 531 672 586 768 519 560 376 1153 764 378 716
765 1269 780 440 378 1246 456 511 691 659 1391 789 724 352 777 449 720 1367 513 469
654 1243 411 1231 641 608 617 441 550 423 663 1152 1198 689 677 744 660 570 710 724
544 662 549 597 431 627 1205 541 434 675 664 593 679 435 1239 455 1265 1163 580 520
677 1255 703 1312 662 495 664 682 1203 409 530 502 525 455 500 1294 698 381 404 384
194 211 171 169 187 200 213 166 167 196 190 150 168 183 182 191 146 145 181 153
379 1264 537 402 475 543 690 1234 479 701 1324 1322 1326 437 476 1351 646 511 506 734
1062 1071 1036 1082 1100 1105 1107 1040 1090 1032 1094 1102 1045 1093 1087 1049 1048 1053 1054 1050
775 1373 1247 1278 746 1277 1385 1355 1327 1284 419 356 430 726 1428 404 397 713 380 1408
983 1023 1035 174 915 919 1045 157 154 993 988 1051 1046 984 937 972 920 149 158 965
816 1470 858 1479 1510 789 871 327 1517 1487 294 801 831 1439 834 872 819 1440 1465 1522
725 1342 1358 789 678 1383 698 1277 426 1288 487 1265 786 1330 762 1285 481 422 516 397
539 607 678 555 575 511 1227 514 1206 600 1215 572 669 647 582 536 542 701 1128 636
474 1342 359 406 370 745 410 496 391 481 702 759 353 748 725 1294 525 398 357 762
1241 1264 508 1167 400 718 659 1251 551 547 786 527 466 690 1214 525 563 436 710 1347
21 109 6 13 95 55 87 101 57 58 104 106 120 15 125 155 110 72 46 2
544 583 1162 411 493 584 1266 409 692 418 631 680 634 606 579 555 575 677 627 1196
688 1286 377 1324 756 752 373 662 420 1296 397 1247 666 701 791 352 413 466 473 444
736 763 483 1316 778 1384 1257 514 743 752 1284 750 416 358 459 433 414 404 485 797
416 1293 798 1244 469 804 1329 1262 435 1246 400 801 1357 787 1292 420 534 705 494 1298
1351 1370 1411 1345 718 368 1432 775 1399 793 745 762 394 1412 1364 704 354 1304 737 724
124 166 145 105 156 123 212 197 196 137 138 163 171 177 193 1002 192 1001 1005 992
255 865 1537 299 304 241 840 903 1500 1535 1461 857 883 257 1522 288 278 896 1457 228
785 1380 1401 723 765 1358 365 417 808 734 391 718 413 1283 767 337 429 1316 367 418
315 824 277 1437 1518 1530 831 1522 1434 293 297 1467 799 1442 1439 298 313 285 1512 357
310 1538 1498 1531 1508 325 337 238 338 889 275 1446 343 1438 331 272 243 893 873 313
719 1352 750 1301 1366 420 1395 407 1370 501 735 427 462 1359 1246 1385 718 395 1234 1289
728 1365 751 755 1312 1327 384 1262 383 1336 1415 1331 1396 449 423 683 708 391 1242 686
421 473 1241 709 714 710 371 769 655 651 1307 1339 416 668 685 734 1351 671 717 1333
389 774 1288 1335 1373 373 356 465 753 349 367 443 456 678 1384 792 1343 1261 354 672
702 1293 431 677 1352 770 376 755 778 1336 1303 523 740 1318 418 680 777 404 485 1299
231 902 1481 895 887 917 252 233 1540 910 1523 246 1497 888 1491 892 950 875 1494 262
377 1384 1348 473 691 456 1276 1420 437 1297 790 732 352 431 1387 1338 511 502 1337 342
295 1524 1445 1538 237 1526 1484 296 1464 309 1494 288 271 1480 1483 1533 282 283 1490 1516
968 984 907 143 1006 920 962 929 982 980 970 943 158 149 1025 946 948 1021 971 924
467 1311 785 708 1282 684 709 369 780 366 1254 710 781 666 786 784 433 1326 359 761
376 1313 338 491 767 387 1309 1435 474 407 743 1287 754 707 748 484 686 512 1386 1311
1491 1529 831 231 890 1471 902 315 853 1460 303 855 221 1506 284 1525 878 877 871 830
292 320 348 339 811 1525 1460 305 310 358 809 309 1434 332 1427 294 336 342 805 1485
379 1336 421 1263 780 387 1384 714 343 450 740 359 1285 703 769 452 1286 1345 733 1323
637 1204 1197 1166 627 577 603 605 1255 585 569 1224 615 520 1219 1260 544 1213 661 1244
1200 1244 1231 1212 564 446 1224 767 1144 711 676 397 755 618 707 1284 495 406 1189 766
813 831 1484 331 824 1465 833 789 852 312 238 1473 251 821 841 829 241 306 854 849
359 792 1369 785 742 1323 1367 326 752 315 809 476 461 328 1420 1386 1285 1331 1298 733
602 1135 1217 1138 1175 1122 1157 613 1142 632 601 1164 1150 1153 584 1161 1121 1224 1116 592
794 1279 383 514 1447 1423 797 742 516 1284 429 336 425 1241 495 459 769 531 714 1445
846 1477 852 284 315 1482 280 256 823 305 1528 844 266 1495 863 1452 1448 270 836 1540
56 103 93 25 13 44 154 55 155 19 1100 133 1101 136 61 11 37 65 105 18
493 697 746 524 1304 519 1242 1271 358 1337 722 1306 665 1315 676 1311 468 691 545 527
504 738 707 729 686 467 455 661 500 518 478 445 1227 1300 1298 424 771 1235 1348 769
303 1534 1455 1459 266 888 304 283 307 335 1491 345 1443 838 1439 235 273 1502 233 837
280 305 1506 1475 266 1511 1507 859 321 259 320 332 1521 315 856 242 1536 834 1445 1456
751 1309 1276 712 391 1289 1274 1241 1243 504 1279 1267 694 1262 719 1291 706 1256 498 1270
230 856 1490 276 198 873 834 280 283 852 1472 256 199 1503 908 1540 878 1517 1478 1518
1244 1273 511 478 583 780 586 573 518 659 1285 1274 674 1178 1236 1276 519 596 458 436
419 733 378 468 1340 795 703 518 1279 1334 1335 1315 432 360 1341 1259 1369 526 478 1261
411 678 691 1336 784 542 732 735 436 540 452 388 672 676 644 693 1290 545 384 698
69 103 131 30 78 60 128 1101 74 1099 1100 104 129 22 25 61 42 46 126 1103
522 1208 1240 646 722 637 458 1168 559 533 1247 1178 430 626 571 468 668 417 457 1174
368 498 489 372 1433 1424 1332 425 371 453 378 1283 753 1236 330 416 1272 719 694 1361
248 1475 240 246 1504 890 819 839 843 301 225 1490 1521 826 275 1507 280 841 1464 1482
1249 1280 1277 387 1205 587 1212 524 481 441 625 1342 1185 561 1338 1333 747 591 436 529
264 295 868 1534 237 259 850 1468 862 871 247 292 872 263 238 1460 226 1506 249 854
511 701 477 457 543 702 1344 746 493 476 1240 517 526 669 713 500 461 1252 468 679
388 1294 1329 671 1298 404 365 681 703 520 371 760 683 1296 803 380 510 807 723 479
1339 1373 707 1406 703 1413 356 765 758 488 1346 377 1424 1399 1324 466 738 1371 746 402
231 1505 305 1503 904 1495 1519 1469 281 202 883 229 868 238 908 259 1476 256 913 1540
356 803 1357 1439 1448 474 1292 1389 1377 736 1436 1299 469 779 1281 1304 768 1273 463 1452
633 646 561 518 670 1170 687 655 1145 1220 597 581 1248 676 510 1222 657 556 1250 522
723 1343 512 377 403 711 1246 691 456 754 428 744 426 379 455 495 425 791 501 786
367 392 1324 675 359 1376 691 432 454 536 773 706 700 470 676 474 446 749 1387 1433
812 1453 1444 1511 836 841 818 840 1438 326 278 800 842 824 819 304 1428 787 1480 1443
422 1298 652 793 728 682 535 666 369 526 1254 1239 492 543 1309 1281 1292 405 701 730
392 533 1333 514 1289 496 432 378 707 626 343 579 473 366 1261 1188 529 1356 396 1221
