109 133 92 143 565 516 107 135 110 564 71 154 99 72 94 102 84 571 75 66
403 415 435 485 470 442 398 430 433 439 467 367 432 484 475 386 486 416 425 471
322 349 272 318 334 305 345 280 317 335 281 363 263 379 382 294 314 352 265 278
89 505 91 119 49 530 85 110 59 417 113 57 86 115 69 419 34 533 55 488
220 261 318 215 298 166 263 248 236 216 191 311 168 235 301 317 290 271 277 224
436 500 522 413 435 521 421 401 450 98 433 507 469 464 510 410 439 532 524 407
88 111 40 145 560 523 102 508 74 94 77 127 516 42 520 536 522 136 548 117
441 474 436 515 522 459 460 416 502 421 455 478 423 431 433 476 496 501 409 503
129 557 127 155 521 563 99 572 567 589 124 159 529 133 141 539 522 121 93 158
153 559 524 591 586 535 129 536 558 127 566 163 131 568 525 567 140 552 546 107
116 524 139 452 532 133 141 510 572 84 101 569 500 91 466 458 122 457 468 93
416 483 512 475 473 488 389 429 500 392 405 466 375 519 451 510 402 474 476 401
379 417 445 383 452 345 347 490 391 394 438 357 387 349 360 462 505 397 443 500
158 162 133 178 581 555 569 201 186 188 219 135 172 138 574 156 149 171 570 130
568 587 579 595 537 115 118 582 128 557 647 622 578 555 160 572 531 547 619 602
17 67 528 106 96 48 112 14 18 73 90 526 58 24 104 77 47 25 12 456
244 266 299 185 193 231 212 245 281 282 228 311 217 233 301 284 229 192 194 226
388 413 415 459 483 372 377 436 457 432 435 438 404 399 470 431 421 401 468 400
518 545 136 491 483 495 79 507 152 537 472 71 563 123 102 109 532 84 509 464
318 351 334 349 277 336 383 321 278 316 357 372 359 287 385 368 384 330 350 337
235 298 254 297 321 230 299 305 213 242 168 326 187 172 295 255 300 302 180 226
212 287 223 186 211 256 224 162 248 225 332 213 331 286 198 171 230 244 313 229
588 627 596 584 561 572 636 574 582 591 605 598 622 592 564 625 616 555 550 626
6 60 94 84 92 82 105 43 515 54 9 12 41 64 79 66 77 100 3 27
169 198 158 211 235 203 188 212 210 289 264 154 183 278 236 208 280 202 300 301
32 57 65 98 40 100 101 75 104 21 88 74 31 66 29 1 4 28 86 55
435 462 419 474 522 425 406 428 461 503 454 456 491 496 411 449 399 482 402 515
494 511 540 506 419 428 507 97 497 434 89 457 65 471 508 446 63 66 454 67
468 481 417 514 423 445 414 442 525 449 446 435 520 499 465 411 498 460 440 439
4 78 17 27 77 514 113 22 512 9 71 444 115 3 30 52 511 504 18 21
546 561 120 538 520 94 110 132 582 98 543 158 529 125 103 524 562 548 114 136
425 434 401 387 489 426 393 500 456 391 394 460 508 428 517 441 418 392 406 505
415 455 461 497 1 478 390 421 443 384 405 453 418 69 456 479 428 71 397 74
26 447 481 83 515 51 66 501 71 16 5 70 13 17 47 520 12 445 459 68
230 275 254 233 188 251 214 183 282 312 317 205 318 248 271 281 290 223 264 224
470 520 436 69 570 455 498 521 556 119 97 424 483 107 408 430 547 509 477 487
158 577 134 566 166 125 599 604 156 171 137 543 133 172 535 167 561 594 155 175
560 583 559 137 524 127 152 639 596 132 595 551 605 622 116 579 564 619 157 627
18 445 510 515 10 41 446 5 26 449 447 81 37 31 506 50 435 457 68 511
114 127 538 149 554 123 87 545 130 569 525 552 76 138 105 152 566 136 98 142
175 222 196 232 236 289 204 230 241 247 157 171 205 269 266 270 282 256 195 224
198 225 293 173 272 196 164 168 207 172 289 170 232 197 185 235 261 161 180 209
188 289 219 287 252 288 205 217 197 274 211 318 189 225 265 162 246 198 183 310
421 504 457 526 410 450 426 80 525 485 486 533 451 102 404 512 409 447 422 527
397 423 403 373 457 367 510 472 466 490 438 504 454 462 508 364 400 369 421 382
69 517 62 473 461 540 7 553 13 484 9 507 8 99 101 75 522 511 555 111
0 73 59 34 108 455 18 61 96 447 460 28 516 44 520 458 4 67 12 111
198 227 271 161 200 228 249 297 241 233 296 222 266 304 254 212 275 218 256 276
261 310 230 249 308 358 214 253 228 332 335 265 293 171 294 186 314 351 283 209
215 243 238 241 199 186 285 218 268 304 279 214 312 195 183 309 290 208 225 210
13 68 26 81 76 104 102 72 70 518 28 44 91 47 18 455 42 522 103 93
409 425 422 511 402 380 456 509 435 485 411 413 427 400 491 399 430 506 389 466
105 533 519 82 458 515 106 113 518 556 459 555 81 455 538 122 576 513 86 542
185 245 281 217 220 230 270 275 288 197 195 258 295 190 196 240 263 227 177 249
196 274 215 320 173 204 220 286 295 321 170 239 262 296 276 162 237 325 284 279
438 463 523 428 529 421 458 467 431 520 427 480 491 514 495 484 460 440 478 429
271 302 303 292 214 296 294 196 198 247 232 304 175 222 220 291 298 184 343 345
197 227 189 263 184 294 233 201 193 225 178 250 205 211 167 169 260 176 279 208
64 100 511 33 109 113 98 51 521 31 56 120 544 536 94 108 538 43 550 14
469 511 523 414 532 524 547 423 101 443 97 498 510 447 102 537 438 418 540 471
457 516 469 418 0 556 69 444 427 438 490 503 454 475 115 518 478 109 549 61
60 456 28 427 87 512 448 474 526 511 476 451 525 439 1 496 477 472 523 516
345 363 377 338 336 332 394 321 324 353 325 348 392 312 398 379 376 323 397 359
537 558 512 142 149 513 514 112 96 108 97 92 566 508 554 91 126 562 509 529
591 639 613 595 624 564 585 593 627 586 563 612 632 626 614 638 576 623 620 582
236 256 271 258 262 307 211 197 182 314 191 290 291 196 308 292 222 168 217 263
122 146 557 158 551 564 574 94 111 93 548 104 152 126 572 138 567 540 145 136
90 526 35 562 124 33 551 78 112 553 58 554 468 453 54 497 557 34 540 52
135 155 544 163 110 140 579 100 554 102 106 555 553 563 549 137 548 151 158 570
58 80 512 104 114 505 26 93 536 461 516 522 75 506 113 41 448 64 63 60
107 533 551 459 76 567 543 575 535 504 546 520 123 515 557 128 563 101 503 122
103 548 96 150 532 67 102 125 530 140 144 133 70 93 138 65 74 511 121 555
87 121 99 64 119 575 547 75 512 52 40 38 29 55 520 137 505 551 139 540
595 626 597 590 620 567 646 638 612 634 632 617 587 569 585 583 578 614 621 629
198 243 193 190 211 300 275 196 291 177 259 241 265 239 309 290 166 260 197 279
148 548 555 127 582 563 524 90 583 151 128 523 139 161 577 134 550 533 114 157
59 82 61 20 85 509 14 113 28 74 6 537 447 48 56 529 51 105 527 444
2 60 56 45 452 100 61 49 453 3 514 58 18 41 36 7 87 101 443 84
478 488 419 446 421 457 447 434 408 493 458 519 509 491 449 513 436 465 514 512
56 97 43 515 65 537 547 501 9 116 518 130 57 86 20 30 31 59 28 125
5 33 84 76 62 88 56 18 25 37 14 90 70 20 21 32 59 66 73 4
85 505 525 539 27 94 453 530 42 103 487 512 77 26 425 509 441 449 47 536
428 441 391 477 471 445 425 455 398 483 418 506 389 512 399 432 453 457 485 429
366 384 336 327 410 375 417 409 350 356 370 351 328 416 418 368 406 358 330 371
582 606 551 543 154 145 634 160 605 592 587 538 617 621 579 636 625 150 635 157
73 100 99 538 527 80 68 132 540 512 122 101 95 509 507 88 20 108 128 29
146 576 165 602 566 139 118 112 132 141 553 135 134 569 580 533 601 156 552 152
355 376 369 318 324 379 310 321 349 367 377 326 373 342 307 320 400 411 383 365
121 552 145 519 548 539 520 547 555 557 106 96 545 581 103 563 561 93 533 122
109 145 541 528 74 533 512 89 114 525 575 96 83 113 553 515 138 137 521 508
471 484 461 523 415 517 513 509 510 465 516 521 454 423 457 486 474 522 491 515
41 70 457 60 523 529 51 110 53 101 17 521 113 107 63 4 510 77 79 520
475 513 111 526 459 504 447 66 528 500 483 414 511 550 461 460 477 78 67 85
95 501 108 98 417 116 107 506 550 452 82 41 75 552 74 76 516 43 530 537
309 340 353 349 371 294 268 373 367 360 329 358 311 348 250 301 354 363 369 257
464 525 456 441 566 526 424 500 434 74 102 472 442 479 520 493 574 128 508 106
101 527 521 540 463 549 93 548 545 69 89 562 449 54 572 58 502 135 116 523
300 314 258 310 187 328 288 292 195 320 321 347 346 298 196 299 212 295 272 250
59 77 13 529 42 527 110 519 31 104 46 448 445 12 24 109 506 84 55 62
113 521 470 531 136 542 512 129 139 482 477 98 491 86 462 130 471 84 564 520
258 303 225 278 242 249 221 283 243 236 228 200 293 301 332 347 244 203 340 170
127 558 122 521 140 532 137 578 589 138 148 96 133 118 129 101 566 153 119 579
108 539 114 125 564 569 541 544 543 545 517 537 91 546 80 134 529 535 511 508
148 561 552 528 120 161 526 580 582 547 141 164 108 522 546 551 531 559 592 544
166 219 149 269 160 183 226 275 222 265 191 261 200 239 172 272 192 163 235 179
190 230 270 274 288 276 245 287 294 225 195 176 173 281 233 203 241 293 244 299
424 440 394 490 461 515 453 466 438 408 504 390 477 384 412 385 404 416 491 468
172 214 290 256 242 169 248 293 167 265 262 166 225 295 276 289 288 233 268 282
487 507 434 78 521 447 490 450 509 458 473 519 448 83 532 525 513 431 87 512
141 533 95 583 86 513 155 75 158 79 553 78 544 551 575 552 140 500 113 136
451 500 437 463 466 457 506 458 462 465 21 468 438 475 459 477 514 445 531 483
116 128 138 85 111 81 117 556 572 98 553 528 139 129 554 150 521 551 156 93
104 129 578 57 68 533 565 132 507 517 552 67 549 100 121 156 80 159 528 83
188 218 260 256 295 275 232 255 287 302 189 267 257 299 222 195 191 262 278 193
159 203 285 249 227 142 274 185 162 255 201 266 260 132 129 560 291 288 295 137
109 527 133 76 143 452 114 507 146 577 530 451 117 139 572 65 128 88 135 75
514 554 570 95 434 433 93 436 495 137 469 150 444 502 532 84 581 572 499 539
181 267 234 163 278 221 261 206 243 285 165 169 273 319 304 216 189 242 274 164
141 552 115 154 558 532 581 590 568 533 104 153 576 542 557 587 124 548 156 136
398 412 464 476 375 372 387 360 392 456 426 457 460 424 441 389 440 477 458 472
81 529 103 132 15 97 560 88 507 35 111 115 127 544 545 29 453 131 123 129
99 120 511 546 113 118 146 534 513 515 48 55 519 558 567 547 88 83 518 520
206 295 205 232 320 330 277 338 223 185 226 281 333 329 159 322 310 279 260 272
76 520 445 457 12 38 443 52 515 67 478 510 553 19 106 71 20 3 68 524
444 475 464 25 432 453 415 511 23 489 495 451 408 477 516 478 17 422 407 507
220 255 250 219 283 210 205 240 208 190 176 197 247 254 292 273 284 312 239 301
273 324 240 235 251 346 356 281 294 312 247 246 237 181 302 307 230 363 364 255
199 280 321 171 204 272 282 242 210 233 245 275 286 296 179 203 311 260 306 194
592 621 612 571 611 557 580 639 563 636 598 593 559 599 619 585 610 613 587 642
238 304 225 173 242 338 176 230 249 292 197 268 213 202 175 251 322 222 273 340
99 505 447 61 124 60 533 469 92 463 550 541 64 544 430 113 527 451 540 66
186 245 281 169 289 232 162 223 208 279 201 179 187 306 173 290 219 188 249 287
439 509 84 435 545 474 458 461 472 74 505 497 429 495 454 417 507 538 492 516
506 529 552 523 76 113 475 532 566 454 109 521 501 74 547 512 100 572 575 421
121 134 152 135 139 119 149 99 88 141 105 117 557 133 138 551 540 100 124 125
245 295 310 225 273 314 303 251 222 266 334 172 233 271 197 221 201 259 272 193
61 448 38 18 62 434 471 425 101 464 3 466 95 102 103 22 15 5 503 29
574 601 146 548 546 572 611 536 133 150 160 545 147 593 120 543 531 641 586 141
291 306 202 325 274 178 315 345 230 311 294 268 344 292 282 267 332 204 213 234
150 542 135 104 160 158 558 546 568 563 119 136 547 560 146 543 570 101 169 167
470 520 484 531 544 87 407 558 501 417 419 91 479 106 509 113 455 109 100 97
385 405 429 414 389 419 387 426 362 416 351 433 382 381 424 417 397 380 398 408
428 447 455 468 453 506 0 19 4 505 457 59 463 423 62 444 504 405 515 464
138 537 536 104 506 564 149 562 142 513 525 543 540 86 515 101 151 84 519 116
514 552 590 480 93 485 139 435 109 137 156 476 62 431 495 578 151 554 82 474
195 239 308 199 292 164 189 202 290 173 205 229 266 214 170 300 299 254 192 253
166 202 181 282 266 262 196 231 261 236 179 204 171 297 190 158 146 186 276 241
593 610 583 614 622 566 626 625 632 571 591 612 638 590 587 563 588 627 633 578
564 592 142 153 647 129 146 590 113 613 135 586 131 571 547 125 611 110 628 117
349 379 344 347 354 312 371 313 383 350 416 324 405 421 336 348 395 388 363 380
