1 1475 657 1470 681 1437 648 765 653 1469 9 21 1532 34 661 738 1436 1508 41 1543
527 1158 1113 1271 1160 551 573 542 1273 615 521 620 568 566 536 1189 1136 1221 1206 495
138 294 124 129 881 233 264 206 275 281 273 87 1013 245 93 973 284 289 183 225
436 464 1047 1084 1080 1114 1048 502 462 1099 1112 501 1065 440 457 1119 482 1118 401 192
228 952 377 214 991 208 905 385 278 871 928 272 989 338 363 203 946 368 321 293
1452 1476 752 740 1421 750 1425 1451 1464 723 1474 738 737 735 1467 1466 739 1430 1481 10
934 970 956 227 350 902 288 282 927 255 869 877 857 1005 130 272 259 1006 898 878
436 1050 392 1044 1068 443 404 424 438 1047 390 1077 1057 175 1078 176 451 1027 435 1046
1266 1303 1322 1325 1208 1215 1231 1194 1211 545 1213 1245 616 513 560 555 529 615 1225 606
921 996 862 196 1023 967 383 1030 860 204 279 351 966 153 125 187 93 315 175 183
347 968 156 327 983 267 273 306 887 311 321 938 292 926 910 364 971 206 934 345
1152 1190 622 1248 1254 1238 544 584 497 1163 1200 1176 1093 1212 574 1186 513 1228 563 1124
3 1507 1482 702 806 1511 1516 1490 746 740 1527 1545 700 1479 717 1478 774 742 789 23
226 376 329 120 875 335 1038 1025 954 966 292 898 341 919 870 1034 169 255 930 871
556 1267 603 1112 1291 622 1204 1175 560 1234 1180 1273 510 1200 1103 1281 607 595 1132 1233
353 944 136 195 897 882 322 121 234 313 328 1002 107 293 892 337 186 401 381 1019
499 1175 463 1143 1241 1115 1078 535 609 547 556 477 1184 1227 610 1249 1103 555 503 466
20 757 764 40 1479 747 1461 811 731 725 1483 780 821 767 790 1541 726 43 1543 812
601 632 1217 657 548 1120 1251 1181 1221 1119 575 507 524 1190 672 1200 1234 1287 553 1105
140 947 109 993 902 97 125 884 293 88 859 252 137 93 215 110 271 953 253 900
151 304 238 137 927 340 270 355 1006 112 339 886 133 161 341 912 314 902 925 964
173 243 913 230 1051 204 962 918 898 856 365 166 967 139 984 885 409 1008 118 275
213 370 330 384 121 1052 351 1008 218 324 408 398 223 332 940 414 375 177 945 199
31 47 78 37 1497 807 106 14 779 1 764 20 775 54 1520 58 51 12 794 1524
523 1118 1248 518 553 509 1133 478 1198 1111 1158 564 1168 1199 522 628 474 617 1114 1270
1322 1340 1287 1371 1285 1393 1408 1289 1384 1349 1291 1304 1350 1356 1409 1360 1310 1290 1339 1292
722 790 1470 1473 1516 810 1481 746 757 765 55 774 1514 28 1452 1503 1541 1533 1459 5
507 1185 589 1182 1142 1263 478 1085 1116 1248 552 1127 514 1208 1212 1201 1166 551 475 623
212 330 412 419 916 372 165 954 931 973 278 1005 186 231 367 272 243 1046 179 317
1186 1248 1129 1265 508 597 1178 1092 1245 1221 1102 1111 1189 628 541 1279 553 599 593 544
525 1255 1155 529 1277 1285 638 1251 508 591 1153 1231 1200 598 553 1171 510 1208 1102 494
240 838 1009 884 989 1020 939 111 224 905 813 175 163 210 103 280 318 53 826 46
1120 1156 1224 1186 509 1245 529 1195 1112 568 1222 542 1087 1171 1109 545 1181 608 1098 1246
419 1075 1085 389 380 1067 360 213 490 210 1107 1093 186 443 390 1029 1036 356 466 1058
428 1088 469 407 500 387 447 204 378 525 517 490 1126 384 534 1125 405 523 1084 388
243 853 917 235 107 293 352 906 318 271 237 340 923 336 344 122 135 326 222 937
715 732 714 767 702 784 795 736 1517 1536 706 713 788 1508 1526 747 750 781 724 1513
490 1207 451 1109 443 1172 1121 512 466 1175 1127 1227 1150 1094 577 1167 440 1163 1188 1100
1343 1359 1383 1321 1358 1390 1377 1317 1339 1342 1402 1408 1412 1399 1401 1309 1333 1314 1301 1393
422 1031 987 1002 990 356 389 412 194 981 1081 366 329 388 1051 1076 1049 1064 335 1052
661 690 649 1462 640 1469 1482 1423 1497 1428 1459 716 684 631 1503 665 1426 693 1468 1479
1170 1187 518 503 1241 1094 1097 1210 1222 1260 508 1160 590 616 1258 1191 497 1236 1171 498
1349 1394 1301 1312 1384 1392 1364 1422 1308 1372 1353 1343 1447 1426 1401 1329 1346 1436 1419 1298
813 1513 1525 10 1542 1519 698 36 1536 89 11 17 37 79 755 1541 69 792 1512 760
227 383 1054 958 862 199 231 978 875 354 123 991 1061 104 161 212 328 335 941 341
104 967 814 995 896 173 227 953 345 151 1023 138 935 1030 101 311 813 905 153 80
526 1147 531 512 583 1159 1087 1196 553 1270 604 628 542 1211 503 1219 1161 607 492 1144
532 604 620 1117 1131 1159 556 1213 1153 521 564 1288 1214 1267 1271 1110 1283 580 1093 1188
282 321 354 1003 379 339 875 378 914 220 951 155 1005 152 232 127 216 986 261 994
478 1061 460 1074 1106 1092 417 420 1080 474 1119 396 1111 1053 201 1100 1081 399 510 1034
692 1455 1400 1445 696 689 679 752 1434 715 1439 719 677 1408 746 741 1417 703 1465 1481
535 572 526 1174 1119 1120 1185 1181 524 536 1264 638 1109 630 643 493 582 565 562 1175
309 370 908 905 957 186 240 401 250 153 276 951 202 912 411 263 921 931 257 349
88 941 838 266 208 59 319 117 82 92 1013 231 132 94 928 915 325 814 155 962
565 1258 601 1200 510 1115 620 600 1123 1107 1192 1246 624 1125 1190 520 1133 641 572 625
908 958 879 963 881 122 894 922 331 354 899 1005 119 307 73 867 1002 951 847 223
89 805 81 1495 836 87 1491 47 1541 749 846 8 809 138 921 132 67 832 853 739
1111 1166 508 1082 1080 513 1151 598 1142 450 1183 475 593 1126 551 545 1155 526 585 571
262 909 323 300 331 988 160 277 292 288 77 310 883 960 342 965 243 891 936 955
653 1449 656 695 1455 627 620 1472 731 621 732 638 735 1503 684 631 1425 1471 639 688
743 795 1501 1522 1548 1475 762 1483 818 817 1517 753 1521 1547 827 1503 1472 4 733 1539
124 322 137 97 252 77 257 181 83 295 957 317 982 933 291 1021 385 897 966 997
405 1051 395 442 1010 180 185 209 200 1008 1054 1075 184 1028 384 378 430 179 1059 434
359 1005 1030 1028 940 182 294 353 928 276 202 1035 950 957 350 210 175 1041 151 929
348 962 197 343 950 918 911 954 952 349 919 312 1018 947 99 93 383 321 315 986
144 948 974 174 83 166 169 115 352 949 917 967 307 1008 1020 958 119 371 898 1017
539 616 1134 554 584 1158 510 622 490 1225 635 1210 578 1260 518 553 1266 1196 1162 1206
1027 1039 975 324 1018 379 958 422 1002 980 984 226 393 195 388 406 410 350 978 381
387 1015 419 320 414 295 393 416 998 317 377 425 289 170 341 390 409 1060 327 1050
679 1500 805 1445 638 1471 794 1453 706 1433 802 32 1548 663 33 1527 678 1437 707 667
653 1442 614 663 1457 662 666 661 637 1476 1451 1485 622 615 1497 1446 1412 1498 719 656
142 152 175 309 970 268 123 225 95 930 301 969 230 375 195 224 1012 871 121 311
593 639 1273 669 682 1118 1099 598 1244 548 597 674 1101 1128 629 1181 534 1117 608 588
118 948 248 173 349 1005 327 124 866 869 98 191 293 844 315 846 264 336 1011 868
587 1215 1135 1181 498 1252 567 1221 610 1231 1288 1108 1125 1136 1121 601 1262 1155 1247 1289
506 1192 487 1203 1188 526 1111 1220 490 613 1245 615 1140 1265 557 1086 1088 1198 1106 1093
138 170 229 296 386 310 923 961 391 330 929 294 320 233 88 351 136 295 111 284
1139 1205 516 524 1208 1153 1204 1246 548 547 601 1242 1177 1126 1183 573 555 1252 1185 1168
156 868 332 916 863 292 932 117 835 270 314 894 316 218 372 371 242 153 876 167
19 813 102 86 24 1492 17 800 1502 71 56 789 773 1525 1522 818 749 1517 752 103
349 969 197 922 325 221 301 186 391 1001 390 970 990 935 331 959 245 237 156 178
733 790 1448 1519 26 55 1442 1483 1443 1446 1543 704 741 50 813 1535 1538 1525 1512 766
151 221 185 1004 261 395 138 135 148 264 960 946 247 161 386 114 927 955 122 938
1431 1468 1402 729 1462 1488 664 12 1484 0 1427 689 748 1495 1447 1453 14 1401 1469 1412
642 677 1490 663 640 700 703 626 656 610 693 595 1436 634 570 1260 1487 583 1423 1277
159 376 209 313 210 954 420 324 997 113 969 126 235 415 261 367 1023 989 401 366
262 1004 994 244 968 232 265 938 975 130 220 276 230 257 894 288 880 150 131 189
925 990 968 99 223 849 929 110 179 234 309 287 980 243 358 242 874 159 258 291
202 330 218 176 204 394 165 1038 397 257 317 993 328 939 949 970 967 254 343 1059
40 805 44 56 800 78 1539 77 795 828 771 736 1544 748 1492 1546 824 832 782 740
648 1443 678 705 628 688 635 1423 589 726 690 672 1446 604 612 730 572 1464 1474 671
1240 1263 1188 568 1224 1284 639 549 522 1220 1260 1261 628 1258 1282 1219 1116 1207 1218 538
688 1498 1442 769 803 1422 35 711 673 1525 710 14 774 799 1484 1499 8 658 807 1538
283 949 277 120 325 861 96 859 163 137 264 151 109 990 942 955 223 1018 928 167
780 822 770 1543 93 727 1483 840 782 1481 46 723 730 748 818 68 20 1520 765 767
1049 1064 216 352 399 1018 1025 476 435 1052 1078 355 1031 450 446 420 410 429 447 208
1476 1499 1536 19 1419 1544 1438 1400 1508 26 804 1470 7 714 1410 1468 739 14 708 1423
1494 1516 1443 707 677 1519 1445 797 670 704 1533 709 1463 1444 1480 1438 1466 45 696 796
732 1453 709 697 1416 742 784 1490 1456 15 713 676 1478 658 1413 645 1468 740 1475 1543
355 976 396 159 120 221 230 146 132 379 235 256 970 279 362 1011 250 380 356 358
691 1440 1441 733 1411 1408 729 1477 1464 1417 1458 738 702 695 1439 1451 1510 1428 1476 717
77 901 228 246 43 84 312 247 322 856 923 931 239 950 888 245 938 85 236 323
1200 1242 1209 1136 606 1150 1170 1266 1149 554 1220 1250 1186 1109 1172 1198 568 1093 527 1128
1125 1232 599 1207 559 1285 563 1230 528 541 1129 567 1289 586 1151 1237 1281 1205 1105 572
1152 1185 1180 1108 1204 587 1121 1147 610 1174 591 1158 1103 601 505 1149 1175 596 1215 1213
1114 1126 504 457 537 1140 1197 1111 1142 1135 533 1178 599 1105 612 606 1155 493 505 1134
1168 1204 1166 1100 1149 504 537 1268 1212 1169 1224 1273 550 1197 612 547 1140 1215 548 1117
180 1015 314 1002 228 377 955 336 369 989 302 192 1053 200 313 390 1049 367 187 938
956 1003 892 982 306 341 890 308 299 152 1029 914 316 177 1006 136 383 138 899 934
1083 1118 437 1170 609 1148 1121 1152 495 1109 1111 430 549 525 555 1160 502 457 598 1059
175 380 135 1021 974 346 197 1034 1045 1024 192 118 1063 207 152 997 977 369 160 158
814 1522 770 24 31 788 1485 32 747 8 58 720 752 808 15 780 83 824 26 1536
409 1058 210 442 1040 383 1044 1025 1042 353 205 481 441 388 379 466 472 1043 1083 1059
539 573 1292 1231 1262 610 1138 521 1283 590 1124 1139 1230 1191 1168 1246 1260 631 579 1232
1112 1205 1116 1230 1086 1095 1191 1232 617 621 616 1254 567 1266 561 1211 572 1189 1137 492
141 327 968 964 383 316 154 394 366 155 315 153 101 152 916 915 913 174 176 298
238 1007 266 152 308 848 976 119 124 973 852 961 915 118 991 136 895 156 196 383
1493 1549 728 684 664 1449 1467 1496 736 1456 800 1491 1498 729 721 804 810 707 681 685
174 1027 955 151 211 418 390 416 363 383 360 987 167 366 399 355 130 1037 1012 140
251 1005 1000 152 292 1027 913 861 314 899 302 247 965 400 263 997 942 151 340 331
691 1501 789 1425 1461 670 27 650 1516 1449 777 1541 15 1433 1453 668 682 709 1535 1485
33 56 80 797 1547 793 831 827 48 1487 1 803 1489 23 1526 1536 1546 32 1505 807
291 353 962 871 909 976 923 1030 917 239 178 952 882 347 326 198 887 886 154 283
745 761 13 10 768 733 727 811 748 39 720 791 1467 803 804 739 1469 1498 31 751
1131 1217 582 1273 1267 546 543 560 1112 1115 583 500 512 1158 1127 499 1173 548 625 613
112 948 115 1009 997 885 832 250 869 993 318 878 244 101 826 295 853 1013 350 1000
96 857 268 938 823 815 90 109 78 85 247 115 902 874 92 252 136 918 299 816
384 980 265 153 968 252 420 312 1051 976 1041 241 176 333 1020 1061 918 330 992 1012
129 254 1007 874 859 882 987 79 926 89 932 921 977 163 338 333 304 299 301 996
563 625 539 1237 1099 1282 1218 582 1203 632 1259 583 1122 1137 1191 1105 1235 605 511 1238
868 923 239 879 126 83 111 323 963 875 885 831 298 105 289 106 941 84 972 986
954 1013 399 961 276 951 131 864 291 344 1021 250 246 202 233 227 973 120 407 173
1213 1266 1112 588 617 492 627 1176 1163 603 559 1203 1271 605 1168 1196 621 1267 601 1143
427 1035 419 377 403 399 992 431 462 452 413 1031 367 435 385 209 436 1057 1056 1014
162 325 1002 877 209 348 210 118 246 127 312 269 204 947 224 200 980 961 287 189
54 70 74 861 108 793 41 52 71 68 872 40 803 778 788 797 779 860 45 86
128 218 159 140 999 941 975 172 954 311 210 134 98 292 329 174 99 937 934 116
35 780 1523 66 825 1519 748 1478 38 1488 1513 755 63 1482 1540 1508 13 1528 1537 1486
112 916 960 81 903 938 296 162 931 841 966 261 75 143 303 1007 987 100 245 65
643 686 664 1473 705 612 1495 602 1503 659 715 1461 675 648 604 583 704 696 1429 1425
547 1121 478 575 1082 583 1167 611 1215 1094 558 597 1196 625 1192 1180 1124 1138 1172 601
91 961 272 1017 52 271 283 80 151 1023 861 854 40 351 274 50 302 345 155 882
945 1006 1019 907 920 922 942 206 110 340 874 961 332 279 856 244 169 305 1018 295
687 1420 710 1417 1404 645 1392 667 1488 1457 712 1473 690 707 709 1501 647 665 651 1489
359 1023 372 302 316 221 1008 239 1003 972 1055 304 379 1054 176 403 232 1017 1031 419
567 1262 581 523 1219 546 1111 560 1276 1293 1125 590 1296 592 616 508 1256 1267 1199 576
294 876 252 291 161 974 247 331 304 223 845 313 345 282 945 1019 236 990 948 887
133 262 161 266 905 269 275 890 325 346 180 93 195 248 924 904 163 191 838 1011
530 574 1182 1094 563 1152 614 1252 612 1242 583 525 1122 1274 1162 1297 589 490 1287 509
516 1193 615 610 1257 492 1170 1097 1237 1104 1173 1233 1192 609 1224 1175 1105 489 604 1212
