438 457 488 445 764 799 440 427 461 476 495 490 794 746 778 480 426 743 454 458
1607 1626 1578 1613 1645 1609 1644 1620 1587 1638 1619 1605 1625 1612 1594 1615 1643 1617 1598 1632
1597 1638 1574 1633 1618 1575 1585 1605 1642 1627 1640 1617 1572 1645 1595 1601 1630 1576 1584 1596
1570 1577 1553 1569 1590 1597 1599 1591 1605 1567 1552 1592 1594 1557 1582 1562 1604 1556 1548 1572
683 729 718 687 738 702 698 659 679 667 656 704 722 692 686 694 705 666 721 709
907 942 919 898 890 900 981 906 883 982 914 979 917 891 962 879 916 889 935 880
31 62 54 127 133 35 40 53 101 121 46 0 135 148 140 111 2 20 7 58
769 774 455 792 764 771 757 762 465 458 777 798 454 453 772 785 467 783 779 461
875 898 917 848 828 838 833 862 888 840 922 837 906 832 831 883 904 857 915 926
1179 1202 1219 1170 1178 1174 1155 1184 1148 1180 1168 1151 1162 1137 1158 1185 1199 1218 1171 1229
1073 1107 1043 1070 1114 1038 1089 1054 1119 1094 1067 1099 1121 1052 1058 1074 1059 1101 1057 1126
1048 1064 1073 1058 1061 1010 1103 1055 1059 1102 1030 1049 1052 1038 1051 1088 1092 1011 1082 1083
1148 1165 1130 1211 1181 1137 1182 1173 1134 1189 1212 1197 1126 1131 1163 1146 1127 1188 1180 1190
1014 1056 1068 1052 1083 1049 1002 1029 1058 1031 1085 1044 993 1051 1050 1069 1077 1076 1074 1030
121 134 133 27 30 144 151 162 194 12 23 36 33 139 113 124 13 108 164 25
1412 1442 1455 1415 1410 1377 1432 1510 1434 1398 1495 1499 1375 1413 1427 1376 1406 1417 1425 1506
1483 1511 1496 1489 1508 1441 1451 1485 1437 1442 1445 1497 1454 1540 1523 1465 1444 1495 1507 1499
286 298 303 297 240 312 258 246 274 259 251 310 271 337 327 262 261 321 315 280
468 476 502 749 435 742 758 747 478 498 491 487 755 446 764 493 751 500 434 483
1142 1163 1210 1172 1192 1157 1180 1119 1133 1136 1193 1179 1118 1164 1167 1139 1130 1128 1198 1203
501 515 490 608 484 485 748 528 589 488 472 510 502 465 520 752 746 480 512 508
1179 1193 1231 1206 1135 1139 1168 1228 1142 1131 1220 1162 1167 1207 1203 1148 1133 1156 1132 1157
497 742 484 751 481 763 761 474 491 468 510 512 478 473 503 747 455 451 485 749
152 189 16 219 124 173 132 180 259 208 117 29 235 211 128 187 233 217 1 223
1483 1500 1477 1462 1450 1447 1513 1507 1440 1456 1469 1475 1532 1525 1431 1496 1497 1468 1430 1481
720 727 676 680 698 697 730 666 705 726 679 700 682 681 708 736 661 673 687 721
1095 1123 1070 1093 1073 1124 1090 1057 1149 1069 1084 1164 1120 1061 1071 1130 1094 1139 1082 1096
1162 1175 1123 1129 1216 1194 1185 1195 1208 1210 1211 1145 1147 1218 1124 1191 1198 1203 1207 1161
765 780 805 802 796 479 750 467 464 483 783 468 770 774 777 799 794 758 450 798
1228 1273 1244 1207 1289 1213 1269 1303 1243 1263 1313 1323 1234 1260 1287 1186 1203 1256 1306 1236
427 439 410 453 419 441 425 406 444 442 792 405 469 400 465 430 398 447 449 445
782 788 772 791 798 774 456 779 447 809 800 767 778 780 796 766 777 443 775 794
1220 1239 1248 1216 1245 1287 1264 1263 1187 1209 1266 1183 1193 1211 1232 1280 1274 1212 1204 1231
914 955 943 946 896 986 917 947 920 951 941 890 989 954 921 923 964 894 971 939
258 279 222 265 214 202 271 199 289 253 232 217 203 190 308 234 207 239 201 299
125 150 39 27 190 41 0 181 136 64 118 134 63 9 163 31 160 17 192 119
206 245 203 211 247 186 187 282 239 196 178 223 292 281 289 181 267 188 208 237
388 408 433 428 368 400 415 345 360 386 348 385 413 395 391 354 379 361 392 352
841 852 827 834 883 881 826 831 876 854 864 825 862 804 880 871 872 818 813 867
798 825 815 830 852 850 440 829 812 444 449 807 784 447 776 808 864 872 824 834
1185 1211 1147 1192 1233 1188 1176 1167 1217 1163 1195 1246 1181 1204 1242 1226 1203 1138 1173 1170
208 277 178 306 295 192 227 262 189 221 307 303 206 278 251 218 233 260 300 236
846 865 854 808 898 873 843 807 855 822 838 831 852 804 871 874 867 813 892 828
1129 1164 1151 1107 1119 1117 1193 1103 1191 1145 1126 1139 1176 1101 1112 1183 1144 1113 1118 1209
907 940 919 971 982 966 973 959 974 933 892 921 981 875 887 939 901 927 967 900
47 53 16 3 118 117 142 17 43 139 42 124 28 122 0 33 39 2 120 55
148 165 201 194 139 130 172 4 136 15 19 196 171 124 132 174 131 170 17 151
763 777 790 766 780 481 486 748 775 487 744 459 771 786 747 797 480 453 456 781
1441 1473 1519 1431 1453 1477 1470 1531 1530 1518 1457 1468 1488 1410 1476 1436 1484 1525 1515 1407
128 164 12 15 110 162 58 39 54 142 1 200 181 193 27 2 55 108 43 153
293 317 331 270 285 249 352 281 318 308 374 357 291 345 272 283 258 322 349 336
9 108 3 49 66 125 2 118 51 119 109 53 1 67 12 60 128 43 121 50
186 214 201 248 176 203 212 220 232 188 143 127 152 194 146 164 258 149 243 138
117 158 192 35 173 145 138 160 13 190 139 178 127 100 104 140 56 59 12 41
1141 1183 1209 1132 1177 1138 1211 1129 1140 1123 1195 1153 1150 1218 1216 1181 1166 1215 1126 1120
1172 1209 1202 1236 1145 1197 1210 1179 1165 1150 1178 1164 1175 1222 1247 1170 1129 1207 1177 1132
1155 1188 1202 1142 1143 1201 1160 1179 1192 1135 1156 1224 1146 1164 1204 1207 1231 1227 1159 1121
7 43 47 133 146 52 46 16 6 0 30 11 141 109 111 36 132 148 12 121
933 958 914 911 954 967 913 902 929 962 968 988 969 944 963 950 941 960 920 979
472 752 441 467 439 762 455 497 495 490 753 461 484 443 462 483 435 767 463 740
1264 1281 1329 1307 1243 1255 1322 1282 1231 1254 1313 1261 1294 1303 1258 1247 1250 1311 1327 1318
124 175 198 17 186 206 33 16 47 4 131 13 147 35 63 48 194 109 105 55
291 314 259 331 283 337 251 290 255 352 355 300 256 277 343 322 367 313 368 311
767 791 455 809 475 790 821 462 450 818 440 761 806 775 449 820 456 808 783 802
1388 1415 1425 1416 1410 1453 1384 1434 1391 1419 1452 1450 1430 1456 1458 1420 1437 1366 1404 1359
1588 1616 1629 1623 1567 1592 1596 1583 1620 1624 1632 1640 1605 1577 1573 1630 1628 1622 1569 1607
1342 1367 1306 1357 1354 1323 1338 1386 1316 1340 1378 1346 1319 1397 1387 1382 1391 1389 1320 1335
1286 1317 1235 1332 1352 1273 1262 1293 1283 1281 1243 1252 1277 1325 1349 1284 1329 1302 1315 1270
1426 1463 1511 1467 1469 1421 1461 1439 1490 1523 1432 1395 1423 1460 1477 1390 1518 1509 1531 1425
653 671 698 668 704 702 636 706 694 666 656 696 672 722 657 726 727 719 642 664
1027 1040 1067 1048 1043 1031 1061 1074 1056 1017 1058 1062 1018 1009 1024 1010 1044 1034 1071 1025
378 387 356 391 326 327 373 339 413 358 337 353 368 352 348 401 340 355 403 333
4 26 150 144 62 36 110 40 12 141 112 24 130 111 134 140 57 108 125 6
804 831 789 841 451 778 876 854 448 857 444 805 858 784 447 867 828 845 800 822
515 589 519 598 609 492 605 573 513 566 632 516 622 510 514 567 621 591 500 588
1322 1354 1284 1371 1351 1368 1343 1297 1369 1382 1318 1355 1338 1346 1385 1384 1357 1304 1309 1301
593 634 571 632 594 516 512 509 567 590 582 595 657 604 577 514 624 606 574 578
188 238 133 134 173 281 181 246 219 207 177 218 172 139 241 198 240 191 160 255
154 184 170 145 219 132 215 165 207 156 192 147 196 222 137 116 142 168 212 188
1460 1482 1439 1442 1454 1497 1476 1479 1488 1532 1456 1432 1449 1448 1459 1521 1516 1441 1495 1426
37 49 54 33 48 63 19 3 57 10 151 30 2 35 148 118 4 115 68 129
1237 1261 1291 1260 1222 1240 1277 1276 1243 1226 1208 1258 1281 1269 1210 1209 1228 1307 1278 1267
1529 1556 1511 1507 1567 1480 1489 1552 1555 1500 1473 1471 1571 1483 1544 1464 1557 1486 1569 1474
15 123 158 68 69 45 113 38 109 103 175 168 121 6 106 127 141 21 111 160
1415 1430 1422 1400 1390 1432 1437 1417 1424 1388 1471 1483 1412 1397 1436 1419 1404 1450 1423 1462
215 242 237 262 190 274 268 248 207 240 285 216 282 183 266 281 277 201 280 245
347 377 335 303 352 394 344 323 316 348 375 343 340 325 353 346 397 312 301 356
296 334 339 313 294 255 336 315 283 352 345 353 284 340 326 281 259 263 278 252
1610 1625 1584 1616 1606 1602 1639 1622 1593 1630 1601 1637 1638 1617 1633 1621 1581 1588 1594 1607
457 490 438 741 477 429 453 444 494 769 459 774 443 780 475 781 430 437 758 771
208 248 179 229 193 197 212 217 276 244 290 222 250 264 281 284 263 257 189 265
1028 1043 1022 1042 1008 1071 1023 1009 1018 1051 1029 1054 1026 1030 1073 1081 1058 1014 1038 1012
1585 1598 1631 1595 1622 1601 1607 1619 1621 1593 1579 1590 1588 1614 1615 1629 1611 1646 1567 1594
1372 1405 1391 1430 1346 1398 1381 1364 1388 1385 1358 1360 1390 1361 1426 1373 1447 1376 1435 1444
196 261 197 222 191 190 248 189 156 157 210 265 230 242 296 188 202 198 208 274
1596 1627 1644 1631 1642 1604 1613 1605 1586 1572 1595 1606 1607 1633 1589 1603 1645 1593 1588 1629
1168 1192 1156 1126 1174 1190 1135 1224 1180 1228 1185 1162 1124 1138 1163 1144 1188 1147 1182 1195
563 567 532 597 602 595 575 538 574 590 591 600 587 581 569 593 560 536 578 531
562 569 528 534 572 603 578 561 595 583 560 582 574 591 533 577 601 530 527 539
455 487 459 453 441 785 457 755 781 505 433 780 454 497 761 742 476 446 787 469
445 787 775 771 793 798 473 807 800 478 444 774 424 768 801 472 436 442 448 453
1445 1458 1439 1495 1469 1486 1417 1419 1414 1472 1506 1515 1467 1425 1476 1422 1489 1529 1481 1487
673 709 691 726 682 654 668 696 717 665 657 683 671 680 653 723 684 710 672 704
669 699 712 694 685 664 714 670 652 731 682 658 665 657 696 686 702 671 720 654
1093 1108 1090 1059 1102 1088 1133 1129 1060 1124 1130 1111 1106 1132 1089 1127 1113 1134 1096 1131
309 324 322 323 376 292 374 298 333 372 339 346 295 310 366 291 337 361 301 321
377 390 355 412 353 384 331 364 385 378 403 340 407 357 330 354 397 400 348 373
1155 1199 1163 1158 1203 1227 1167 1140 1187 1176 1230 1213 1169 1201 1206 1226 1160 1178 1162 1195
114 135 189 109 181 137 60 154 107 62 121 105 24 47 197 120 30 1 57 178
1381 1418 1429 1362 1379 1450 1409 1369 1398 1401 1352 1355 1427 1402 1416 1392 1368 1455 1426 1382
1458 1489 1468 1531 1449 1422 1455 1524 1481 1432 1494 1427 1480 1465 1482 1523 1442 1417 1486 1467
316 344 322 366 325 326 371 290 288 356 372 324 351 308 323 306 384 389 360 312
844 863 833 878 887 879 835 874 830 855 824 893 862 897 848 838 872 840 871 828
1478 1524 1481 1467 1514 1454 1444 1427 1529 1436 1447 1461 1450 1463 1535 1548 1455 1443 1533 1498
816 832 870 845 793 855 800 852 847 804 860 797 863 811 846 805 872 869 844 877
1248 1290 1312 1310 1318 1221 1284 1231 1292 1251 1258 1325 1319 1233 1281 1322 1316 1321 1338 1289
107 119 7 164 128 32 130 65 138 16 37 109 47 121 69 53 67 4 9 152
1488 1510 1468 1513 1482 1512 1507 1462 1492 1475 1494 1476 1487 1520 1452 1529 1534 1436 1517 1441
112 116 33 158 10 44 23 58 28 32 133 51 123 39 100 34 69 109 62 127
1140 1155 1190 1123 1138 1189 1172 1166 1130 1159 1116 1118 1193 1131 1148 1188 1162 1146 1200 1122
511 588 530 600 562 567 566 585 518 527 519 599 574 568 580 493 508 570 513 495
222 255 270 185 261 188 212 254 196 278 194 262 289 257 220 274 283 203 272 282
1061 1084 1088 1082 1064 1035 1055 1119 1036 1104 1078 1044 1032 1063 1057 1086 1050 1090 1073 1017
164 188 126 215 221 157 183 171 256 165 227 248 140 149 174 195 161 121 191 236
420 442 433 455 450 452 474 435 451 425 471 421 468 787 426 788 428 790 804 477
1569 1588 1595 1599 1567 1606 1605 1555 1552 1604 1578 1617 1584 1596 1615 1616 1627 1608 1561 1568
1553 1564 1529 1524 1559 1577 1548 1567 1570 1580 1585 1571 1526 1547 1538 1583 1542 1584 1554 1586
1618 1630 1644 1616 1599 1611 1613 1608 1626 1597 1604 1596 1633 1600 1609 1643 1635 1590 1639 1588
718 730 689 666 726 727 712 698 709 729 684 700 677 731 662 661 687 680 682 701
223 278 206 214 193 307 231 195 190 220 270 285 228 216 296 207 191 295 289 240
1021 1037 1010 1051 1050 1075 1063 1062 1036 1071 1022 1061 1056 1041 1030 1031 1025 1028 1049 1048
1447 1481 1488 1427 1423 1449 1499 1442 1444 1472 1506 1498 1407 1477 1450 1454 1465 1505 1538 1441
987 995 976 998 956 948 996 1006 993 968 973 966 958 1000 1014 1010 1012 981 960 1002
635 654 621 653 656 632 599 651 606 607 646 671 594 634 668 611 648 601 605 604
848 882 829 904 868 903 910 885 810 890 886 826 892 911 869 844 876 896 887 858
900 935 887 867 945 868 892 961 934 888 879 931 910 919 943 954 965 914 912 880
299 310 359 347 263 265 296 291 328 294 300 283 314 352 266 302 286 354 277 323
537 571 583 596 608 525 534 566 524 592 600 606 563 590 579 523 588 576 521 516
201 220 249 160 263 251 234 164 230 255 240 187 166 169 171 231 223 265 209 279
1134 1162 1131 1181 1138 1159 1197 1202 1152 1126 1207 1150 1179 1112 1128 1151 1129 1116 1174 1156
17 129 196 140 41 50 31 6 125 20 172 131 103 126 57 15 110 32 2 186
517 524 572 581 537 586 531 520 533 583 516 594 530 582 514 529 587 499 589 539
57 122 46 169 104 17 63 140 45 147 18 60 49 171 143 68 111 53 29 149
230 254 215 255 232 221 235 275 253 258 211 287 292 187 224 283 294 236 289 189
1248 1264 1265 1227 1252 1222 1251 1212 1269 1258 1282 1314 1275 1276 1285 1279 1300 1211 1305 1246
694 722 683 727 689 657 729 728 697 680 719 717 672 716 707 736 667 674 682 698
1053 1090 1056 1099 1016 1105 1071 1044 1045 1061 1069 1047 1017 1039 1107 1041 1035 1076 1046 1034
1559 1566 1548 1550 1532 1572 1569 1587 1576 1555 1546 1579 1586 1549 1536 1539 1585 1567 1556 1558
1095 1122 1096 1123 1159 1138 1129 1124 1073 1107 1101 1088 1091 1059 1063 1087 1117 1078 1098 1152
1453 1501 1486 1466 1425 1427 1455 1521 1447 1518 1458 1519 1504 1443 1495 1512 1531 1442 1431 1468
