1343 1694 464 457 1699 475 1388 1287 1702 1370 1719 1276 1270 1378 1720 1392 1203 1352 466 452
596 641 1923 1949 1994 2008 1891 1958 1963 616 1962 2014 569 1947 540 2003 698 574 602 545
1231 1283 1287 1239 1250 1236 1344 1235 1251 1339 1247 1318 1205 1333 1335 1204 1312 1240 1340 1209
940 964 272 118 217 1013 246 927 111 988 247 248 975 225 215 359 219 1775 942 1762
504 516 1108 1124 1096 1994 577 1996 523 1121 573 1155 1960 1132 1098 524 493 475 528 2004
1938 1964 583 2027 540 1983 1995 685 604 696 1965 606 1955 1863 579 1974 577 644 544 713
543 618 1906 632 1990 624 607 561 633 635 2013 2005 1967 612 604 653 536 630 1991 1983
302 964 995 346 343 351 286 414 405 197 278 374 984 321 359 195 1750 989 275 1003
1422 1736 1712 1669 1428 376 1412 1667 1430 1737 367 1398 1721 1722 1420 415 391 1685 1759 1419
1392 1738 1350 1732 1692 374 415 1430 418 351 1758 391 949 410 1723 1711 1670 1685 393 1761
427 1167 442 1338 1138 1104 1721 1718 488 497 1343 450 1203 959 472 1134 1151 1175 408 1101
1527 1631 1594 1551 1518 1500 1583 1547 1474 1575 1616 1558 1504 1499 1565 1496 1446 1442 1468 1636
460 1179 1169 493 1208 472 492 1095 1103 1343 1150 1096 1204 1201 1154 417 1155 1106 1097 464
1322 1343 1237 1234 1366 1714 1238 1354 1334 1356 1177 1702 1325 1308 1368 1301 1235 1367 1286 1196
1281 1307 1338 1333 1351 1204 1348 1261 1334 1225 1254 1278 1263 1283 1314 1222 1235 1243 1233 1317
849 1792 8 102 1790 1819 910 63 804 58 155 151 45 93 1771 1781 115 832 84 825
423 1732 1756 416 1741 1685 960 1707 1727 956 422 291 979 1394 385 1725 1427 453 1681 294
909 929 279 882 244 324 386 314 336 966 896 361 215 103 918 404 269 250 343 168
1111 1179 1151 485 1127 1190 1168 477 1128 484 1171 440 1204 469 1182 439 450 1346 468 432
209 269 240 211 167 970 996 977 283 313 110 993 967 183 933 216 994 306 1001 255
1153 1162 1119 1132 1098 1161 450 1332 495 477 1138 1203 1144 1336 493 1208 480 487 1188 1146
711 1862 2017 1876 588 594 723 1844 1954 686 728 736 731 2010 1949 2005 1919 1923 679 673
672 1883 570 540 700 1994 1881 1896 712 1956 1999 601 1942 2003 1905 543 1871 1887 537 668
932 1765 919 974 198 139 385 184 300 236 859 180 858 202 194 251 972 85 283 291
509 1107 459 2000 1987 1046 1089 1983 1168 1142 482 503 451 1986 1048 1108 531 523 491 470
259 291 1764 272 1765 292 236 189 178 226 305 261 216 981 423 944 1751 258 264 198
484 517 1999 493 435 2007 439 501 1179 474 1969 1163 495 1973 547 1211 1086 1102 443 460
388 1741 990 406 943 355 1391 1396 1669 362 361 924 1384 927 991 909 336 1720 1659 398
87 120 179 1774 16 93 122 50 48 37 111 1793 909 18 168 892 841 43 896 842
296 961 196 278 957 205 395 1003 944 355 394 971 396 392 426 286 269 343 209 924
1486 1754 941 1730 1733 221 1426 226 268 211 1725 1727 349 252 1666 1612 207 1476 208 1622
721 2024 524 2023 596 1965 704 1880 1877 522 2013 735 740 741 579 527 758 648 1998 2004
1157 1329 1206 1334 1239 495 1134 1128 1168 1254 465 1112 1172 440 457 1267 1146 1350 1354 1121
69 135 1787 105 882 870 921 133 869 1775 841 922 130 46 41 156 1772 71 89 54
426 449 488 1169 476 969 404 474 486 1174 1734 1147 420 491 417 473 1095 1336 411 456
692 1887 2006 1889 575 669 579 1896 1914 567 1925 1899 1981 1979 1921 720 593 588 574 1959
1599 1662 1648 1666 1432 1547 1563 1742 1529 1604 1641 1598 1584 1418 1446 1580 1557 1635 1524 1483
1907 1973 1895 1912 2001 1972 592 602 2012 521 1909 695 1918 2004 660 561 554 662 567 533
148 909 114 301 845 932 877 888 140 878 22 304 349 849 1782 865 101 162 317 1771
324 897 889 1788 350 349 1761 43 204 72 832 867 860 235 942 1776 113 901 846 168
864 1801 1812 38 46 867 28 44 935 101 153 920 1829 157 841 37 111 834 23 73
275 939 899 393 236 923 1741 960 124 155 913 390 214 274 1777 1752 354 186 963 208
230 311 285 342 267 237 209 1767 206 325 303 938 241 273 255 169 957 236 941 233
1060 1089 505 467 1021 1025 985 1043 1130 1126 1192 994 510 478 504 495 990 1193 441 988
156 212 968 204 942 312 201 294 931 282 136 95 249 47 950 1776 263 138 897 1791
1912 1963 695 1886 1884 583 1890 700 1889 522 1909 1943 571 656 685 1927 1947 1896 526 1961
561 1912 1894 689 2026 680 622 675 700 1957 1885 619 631 693 537 1876 576 656 1921 1994
576 611 1941 583 610 522 1981 1947 585 667 563 705 680 1982 1966 1890 1955 637 1946 1994
1397 1690 1335 1418 1416 1346 1700 1738 1736 1718 1681 1732 1730 1349 1759 1748 1749 1405 1707 1704
660 1961 1885 717 536 574 606 2015 1943 603 529 1878 578 702 1884 607 1910 714 1922 1954
785 1848 1829 1862 772 754 750 732 727 800 1849 801 3 793 1855 790 1828 1813 764 1804
1825 1848 29 741 817 823 737 2 1846 1864 1821 19 790 1824 789 824 761 1818 1842 1797
199 267 254 1004 306 1772 926 998 162 265 201 170 244 225 300 216 167 948 930 986
522 1988 1049 499 1038 547 498 1990 539 1948 641 1971 598 512 506 531 1910 596 1121 519
862 908 933 28 375 913 99 244 156 21 1767 1787 35 1786 234 937 210 37 363 853
675 1925 578 2020 1937 1922 2012 1964 689 682 704 1943 1999 649 2004 1934 1928 602 719 593
359 1430 963 1429 948 938 1668 334 922 976 1412 384 1671 940 361 1743 1656 1757 354 1745
198 304 989 231 1764 930 168 956 182 1763 162 159 966 953 167 165 246 313 196 263
298 308 194 408 333 282 1764 225 939 1762 288 1001 166 190 200 228 331 276 1774 966
13 1825 14 31 872 1815 1811 1778 22 806 42 23 855 785 815 1781 67 830 777 853
132 861 86 80 1780 877 1797 840 136 38 143 900 87 894 852 1792 129 27 1770 876
1783 1794 1820 66 804 152 28 888 1771 845 912 57 1775 864 1813 824 138 814 916 1823
246 293 173 954 276 252 962 915 977 287 269 401 952 409 268 176 968 974 272 951
971 1000 1042 350 958 314 239 354 949 404 1014 400 1010 386 425 288 367 211 390 241
296 985 925 955 1025 970 948 1058 391 405 375 276 214 954 401 393 206 940 983 984
1709 1727 1720 1688 428 1417 1728 1725 433 1352 1402 1663 1340 1365 410 1383 1367 1693 420 1680
1528 1641 1445 1435 1541 1432 1673 1631 1659 1579 1500 1635 1594 1523 1443 1620 1674 1478 1562 1677
88 151 50 63 857 891 131 66 829 62 157 847 852 1772 1779 103 166 55 163 95
644 1992 538 2022 1884 549 657 1927 2026 638 702 594 615 647 536 1925 1887 2018 618 1988
576 2020 1978 601 542 642 616 568 1948 1924 613 1979 1883 573 1989 1910 1884 555 575 737
89 913 1773 93 823 170 250 1770 167 172 35 1794 310 235 313 339 350 351 169 125
1508 1537 1674 1583 1510 1521 1613 1659 1557 1576 1531 1584 1650 1504 1522 1552 1673 1538 1672 1592
1090 1111 1164 1175 1179 1166 496 1136 450 507 1124 492 437 494 1183 1100 1138 1125 1181 1074
66 864 135 108 898 897 936 905 883 152 88 850 77 835 916 847 901 93 85 133
146 897 865 871 66 830 194 895 1762 30 1778 152 78 86 888 1784 68 136 832 884
215 259 170 302 267 1758 992 180 929 993 979 324 233 300 212 238 934 240 911 928
242 965 262 923 321 408 238 158 173 907 220 168 410 413 309 300 929 270 904 239
527 587 597 675 1985 549 2004 558 697 663 555 1989 1877 1956 1935 615 1961 588 673 684
1517 1637 1462 1613 1435 1601 1502 1670 1522 1597 1603 1465 1472 1516 1659 1636 1512 1475 1538 1476
15 877 911 856 72 52 19 12 858 833 143 80 87 852 1797 1795 873 13 6 1796
665 1894 1909 690 1886 565 1902 656 540 1883 675 669 668 537 705 609 647 666 1957 2003
157 928 347 1774 957 402 972 174 100 207 896 300 387 862 361 337 381 42 404 849
1874 1951 729 673 1993 651 1995 598 1998 1902 568 686 721 714 596 1908 532 736 654 1944
60 900 118 88 336 332 206 932 215 1791 160 881 89 158 827 208 64 843 200 1790
103 874 111 935 39 30 1765 4 940 814 141 44 1769 163 96 841 50 139 1803 143
574 684 1874 1926 1890 636 609 689 550 1946 1898 667 576 721 1875 1971 604 697 575 1895
144 1791 27 117 8 70 102 14 913 1777 1801 99 852 850 914 52 1812 157 867 903
11 42 69 128 145 1825 2 861 882 7 65 798 37 114 121 1815 880 0 1775 881
108 938 1775 284 175 99 252 88 50 1758 402 868 394 104 21 191 234 152 1755 856
1471 1645 1441 1644 1666 1572 1586 1678 1748 1476 1474 1456 1675 1452 1431 1588 1580 1468 1636 1754
391 924 325 236 398 1780 938 841 179 971 1759 255 957 936 203 252 165 421 151 210
959 1763 1775 1471 316 1467 320 951 161 107 191 377 898 196 200 339 335 190 916 930
440 1187 476 1172 1204 1150 1087 1183 465 1105 443 1212 1185 1158 1338 470 1157 428 471 1337
582 643 2022 1885 2007 522 1883 1982 597 673 2005 2015 1966 1928 552 1953 537 1904 1950 554
1523 1650 1494 1469 1455 1564 1612 1530 1653 1428 1527 1647 1442 1565 1435 1553 1642 1656 1602 1474
14 1785 1780 838 21 32 114 823 867 1829 87 123 154 1802 126 831 905 1805 908 19
1177 1194 494 1181 1207 1331 1104 1184 482 463 1191 1179 1092 1107 438 439 1159 1217 1196 1348
152 160 964 236 927 994 168 238 109 220 284 151 1789 176 276 844 266 974 272 204
507 1993 593 523 2017 1926 673 1906 2019 1992 597 1948 508 1882 1924 697 604 594 548 665
359 938 923 996 862 274 374 1752 901 920 943 245 994 151 919 934 1743 331 307 275
595 685 688 1916 1939 1980 538 673 706 1935 521 1896 1940 2017 616 590 1955 1978 718 2008
198 945 237 258 233 225 977 290 190 324 176 1755 310 973 931 315 996 205 283 278
339 916 952 131 219 216 375 128 888 1775 98 308 329 228 357 234 392 120 315 872
579 667 718 677 1895 1959 1966 1936 2025 609 2008 542 659 714 1875 1904 2010 534 533 1981
305 1747 974 1672 1769 1447 206 416 266 244 256 1457 957 915 419 922 1407 297 970 267
1537 1562 1563 1622 1567 1606 1574 1626 1610 1521 1558 1591 1590 1578 1618 1564 1621 1595 1511 1633
233 1761 937 289 1437 1769 266 308 207 1448 1470 211 225 1759 1758 1467 220 1738 923 1432
154 163 1773 929 153 1768 956 136 130 932 978 170 1781 251 100 120 45 904 1788 111
102 1767 360 118 88 57 386 104 867 825 202 207 1747 855 197 49 111 349 182 98
113 1793 939 928 903 1816 3 893 138 835 69 880 134 11 108 199 1815 860 7 810
1602 1663 1666 1516 1638 1662 1523 1432 1628 1548 1582 1601 1735 1607 1473 1603 1736 1626 1604 1431
429 468 481 1199 492 443 404 472 445 399 479 409 1107 463 432 1082 440 1334 1337 1327
1982 2013 1925 1968 2027 1876 1893 729 671 2010 680 550 541 535 608 1045 586 570 727 1879
630 643 2023 628 1991 542 1966 1902 544 549 660 2021 1994 559 1910 521 675 562 582 1900
1727 1746 281 306 1487 1483 341 932 1766 310 1427 304 1702 1730 353 1681 297 1486 363 1386
119 843 147 914 827 95 915 46 40 930 24 20 102 45 167 62 863 881 913 931
143 1802 807 163 92 1832 89 1817 18 868 836 29 135 101 892 1796 891 63 830 40
571 2012 2026 543 578 611 600 1986 687 564 661 541 722 1863 1897 575 553 1978 698 738
1179 1330 1201 1189 1184 476 1173 1211 1140 1354 1185 1111 437 1247 1335 1170 1343 1274 1205 1162
1156 1200 498 448 1185 1123 480 1141 502 485 455 470 1127 1222 1218 447 467 1334 1159 484
274 945 998 919 205 164 981 1004 270 300 348 948 239 965 114 256 324 398 162 329
1294 1331 1261 1229 1221 1283 1267 1695 468 1204 1176 471 1177 1352 1273 1330 1697 1227 469 1249
397 952 919 162 338 370 318 215 913 260 932 414 361 245 178 1731 195 966 1742 918
1578 1617 1574 1622 1615 1477 1554 1585 1576 1526 1568 1668 1669 1557 1660 1495 1662 1591 1539 1587
7 1818 784 1838 53 760 1836 36 4 833 834 825 22 773 28 10 30 808 51 9
1315 1354 1268 1347 1324 1350 1274 1328 1266 1202 1304 1210 1247 1258 1388 1248 1335 1329 1246 1318
833 1813 876 124 775 1802 1774 793 910 58 873 825 772 888 117 879 1793 899 773 63
721 731 720 1847 1867 1937 1948 1858 1938 686 711 1863 2007 1877 1861 700 1857 674 742 691
656 2001 1875 2000 1910 1898 522 1936 660 1922 1899 587 533 670 1964 527 655 1963 1897 563
352 909 840 331 176 187 101 83 193 373 53 950 394 239 948 189 152 346 245 377
1574 1623 1651 1649 1573 1673 1501 1500 1567 1546 1648 1604 1605 1633 1541 1595 1551 1621 1625 1626
130 159 1766 146 1791 912 915 945 968 153 147 53 1777 875 961 118 23 103 92 126
29 45 64 1776 84 28 67 147 825 826 844 154 819 892 109 810 138 5 37 156
659 679 1999 647 1943 530 2006 590 569 579 695 1891 601 1955 1882 1932 683 1912 1972 2000
826 884 874 95 3 885 22 841 894 859 825 16 0 92 917 116 1787 871 838 46
676 1909 1960 602 1913 549 715 1934 1982 644 1974 606 687 590 657 550 645 1936 564 1937
13 30 1812 134 60 801 132 1805 59 86 828 836 894 101 3 837 857 88 871 796
1132 1171 1209 1185 1121 1179 480 1332 1085 1081 464 507 506 512 1112 500 1117 452 1172 503
1358 1396 1686 1399 1411 1331 1692 1679 1678 1394 1748 1345 1339 1361 1362 1352 1392 1732 1717 1375
1165 1190 434 1120 1132 1136 1149 436 1155 458 1086 1167 1107 483 1139 1201 1159 445 1111 449
386 1731 1689 1740 418 1422 978 414 402 1745 1418 345 373 368 1380 972 359 1709 1679 1688
1096 1177 1170 1337 1069 474 1193 1077 1208 477 471 1341 1154 1158 1342 449 510 503 460 1132
569 672 706 1930 669 687 645 1973 629 1990 1989 602 648 574 720 1924 649 1936 1893 588
684 1893 565 1997 599 1981 692 678 658 575 1977 604 2013 1970 601 648 716 1874 1985 1894
866 902 335 206 93 89 828 1790 867 91 834 23 1789 156 241 242 920 94 304 38
931 1749 157 1496 291 930 1725 384 859 401 178 196 1449 338 265 169 100 1731 1428 1459
681 1892 534 1959 1895 1991 673 1901 676 2007 567 1994 1987 680 1923 1982 1979 1893 599 653
1508 1589 1633 1606 1498 1582 1539 1543 1592 1623 1598 1640 1658 1563 1610 1588 1646 1679 1657 1571
83 1775 904 1773 82 180 875 923 880 65 890 97 112 177 915 142 151 938 147 310
832 868 1769 119 811 1807 129 58 870 861 855 819 859 920 927 99 150 865 17 828
