831 854 778 772 789 873 830 764 797 782 816 827 837 869 793 812 799 780 763 862
710 1325 1238 1322 668 789 706 757 695 682 654 626 1274 551 1230 678 754 1268 1260 1248
676 720 728 741 1300 644 635 692 1252 772 747 641 719 1203 609 1316 1265 1277 781 1323
733 1239 749 630 1222 743 621 699 675 1278 1233 1264 1237 619 665 678 1303 754 1294 1213
368 406 276 348 436 293 360 399 380 310 904 395 420 372 402 313 251 298 312 351
207 258 1063 324 331 326 1109 1101 278 187 186 1104 1008 1078 194 1074 246 308 1010 1026
930 939 908 898 335 921 333 885 340 334 901 917 888 896 894 900 943 891 342 345
323 1026 210 295 241 319 246 327 360 1045 1040 280 330 255 328 1031 207 1058 275 1014
67 85 4 113 36 122 18 1352 47 79 25 76 32 110 26 1350 39 16 14 57
1059 1092 1129 329 1085 1021 295 1016 316 266 311 1146 1106 235 320 333 1014 1042 298 258
700 721 735 689 725 1260 722 798 1217 1327 1265 1297 732 631 633 795 695 771 768 699
659 714 1306 711 599 749 677 1270 1268 787 1320 1278 770 1310 630 1234 611 1321 1264 754
411 458 324 493 487 406 339 430 435 366 501 492 352 511 490 471 472 475 509 346
793 849 869 815 742 739 837 848 858 814 854 779 778 851 772 748 750 718 753 813
712 1281 771 650 1289 1198 1252 780 755 1295 1293 666 750 707 637 1305 1312 668 1218 1205
64 1358 570 557 1340 4 1341 1346 76 1334 69 1344 74 543 544 0 1342 553 58 1328
263 1046 343 319 346 358 282 997 236 389 1055 391 992 185 359 1008 228 298 342 212
200 1055 1112 294 182 253 301 1077 259 264 1042 269 170 305 251 190 245 214 1096 194
937 949 930 961 960 337 909 942 959 904 914 889 894 952 335 923 349 908 336 339
631 1271 670 1268 671 716 1285 1207 1308 767 637 740 722 762 1244 605 1261 736 1250 1294
1194 1231 1172 1212 667 1227 682 1214 642 1204 649 1213 1210 603 695 705 1285 1179 639 1173
745 793 1313 822 1315 692 728 824 777 1296 1228 735 783 1263 1241 843 763 1261 1223 718
1212 1256 681 623 703 1241 1259 646 631 1311 1215 733 660 756 766 1217 1260 1312 619 1222
590 1349 548 1307 1312 1335 631 1308 557 628 92 1344 558 544 1329 571 1289 104 101 100
858 885 847 923 897 857 384 845 383 861 863 906 415 888 417 801 933 799 807 828
367 416 343 305 269 413 891 359 294 273 394 907 325 323 492 384 430 337 365 398
354 408 417 482 329 480 891 300 355 298 391 325 224 321 266 395 259 470 243 894
397 894 269 885 886 353 271 481 343 935 869 915 407 396 888 486 484 332 907 424
728 1219 774 710 734 1274 1258 1321 1238 721 1193 645 1249 641 775 1248 727 759 704 699
748 1273 1232 613 711 1272 774 1294 628 714 782 636 743 1315 647 1218 596 597 755 1233
202 1058 193 196 268 309 237 1056 272 1054 1013 205 334 192 1036 1031 1072 200 302 218
696 735 1264 661 627 1318 796 1219 729 643 692 1194 1254 683 1325 631 635 716 1303 802
690 770 1315 789 1296 1324 636 1301 1254 750 806 1226 1239 1250 1257 1304 652 1255 828 1267
842 868 851 866 894 826 836 893 847 781 820 858 816 765 815 811 808 867 799 793
268 321 400 1064 1038 393 195 199 341 353 1046 1070 379 388 315 210 278 406 284 254
701 1254 661 660 1246 1196 712 634 1329 1247 1282 721 1198 723 699 665 766 639 722 678
240 291 381 337 187 242 361 1037 1077 252 1076 237 342 264 1042 307 196 1012 1013 377
285 379 1062 298 488 1015 321 275 421 906 905 255 287 1054 277 362 1012 236 331 231
717 1323 1325 570 725 1332 655 779 730 1264 1340 1251 708 1242 577 1248 1269 639 1238 722
273 1052 1054 388 1029 260 353 295 365 290 352 1068 250 214 228 389 306 311 326 201
624 641 1329 1214 1234 1260 625 1269 684 1251 677 585 1277 671 1320 1262 1245 1221 676 617
197 265 1030 319 362 1029 259 300 330 250 293 1020 336 223 341 338 1104 271 225 1095
423 430 377 498 397 335 350 450 342 460 508 454 417 475 389 340 415 371 478 376
816 859 878 867 781 884 782 831 888 858 892 807 739 877 817 753 821 745 861 874
337 398 410 266 381 242 234 415 455 452 373 241 470 481 368 449 1026 408 323 1035
1056 1094 1116 1038 1103 225 1144 241 232 1078 1053 1134 322 243 1036 1141 1115 1111 253 1084
962 989 310 980 967 991 998 999 977 961 957 314 1013 1008 979 1014 994 1004 252 1006
742 1217 652 1216 1289 1285 684 637 703 1282 760 781 674 1196 1221 721 725 724 707 661
628 1338 1240 661 1257 600 1254 1212 584 648 1277 92 1282 662 719 1234 630 631 1310 1327
615 687 601 1247 1228 760 677 597 688 678 646 658 709 748 746 639 668 778 1317 576
193 210 262 1072 264 246 240 1074 1084 1089 244 1064 217 219 220 183 1034 199 1076 174
303 1079 240 1103 336 992 381 1006 994 1088 351 198 1120 262 219 196 265 1063 213 338
536 559 1337 1330 1351 504 581 509 555 1317 551 543 512 510 547 546 1364 553 1353 1319
865 890 805 909 391 864 397 863 401 904 930 876 815 880 373 408 926 420 872 829
791 848 808 700 725 726 876 788 839 711 705 837 784 787 844 706 830 738 826 729
1164 1183 1157 1146 1198 1101 1144 1125 1168 1127 1126 1112 1139 1163 1128 1187 1150 1130 1114 1205
251 320 214 316 1046 366 271 232 376 1018 273 334 355 294 328 225 347 995 392 342
657 1224 1296 706 655 690 1304 1200 1283 1263 1307 1205 1311 641 710 1321 1257 1252 666 1260
1199 1255 655 635 1268 1233 708 678 718 763 627 1259 1292 688 689 1265 630 660 609 1200
457 492 446 516 386 520 413 363 434 426 345 358 361 427 435 411 384 418 439 375
1340 1351 18 1342 92 86 87 1334 3 566 112 1331 80 83 4 583 575 24 1358 560
631 704 735 594 753 1239 767 694 661 674 750 633 791 744 1301 668 721 706 729 707
239 1079 202 1021 259 1075 1114 191 1082 1064 278 281 249 201 1083 197 221 204 355 1081
124 155 1301 1306 94 1315 92 103 108 157 117 151 176 172 88 164 166 1312 150 140
714 789 652 1218 671 1214 1263 717 1245 782 1275 769 813 716 1333 700 1287 767 746 684
658 1211 631 1203 642 1233 707 1333 666 746 1239 1243 1284 628 1281 742 700 662 1292 1222
34 96 95 52 36 1334 107 87 1354 1362 129 22 1343 86 76 97 114 16 1 92
1231 1283 1233 615 660 742 1228 1301 1205 595 598 1201 1298 1280 1242 1246 627 706 1199 1218
763 1222 1258 1308 840 661 1229 668 712 812 1250 1268 669 1291 736 639 1314 1207 1263 766
594 1292 1295 762 626 1343 758 669 709 1321 643 1334 716 1326 578 567 625 1218 558 571
908 944 961 924 874 889 891 902 382 958 385 920 871 915 911 945 394 940 374 898
362 391 890 304 289 230 284 276 454 437 234 475 418 911 348 430 346 343 888 320
69 109 74 88 6 68 63 85 1353 130 65 121 73 131 57 132 90 64 56 1365
268 287 997 188 1066 368 1047 199 269 1038 311 1041 1060 315 1033 331 309 209 1015 996
583 619 560 633 1255 669 1347 555 703 1226 644 661 1293 591 628 562 1316 547 1245 1229
309 334 993 1038 223 292 419 400 242 304 315 370 1009 1003 392 270 1042 1021 256 248
391 483 257 365 323 393 272 900 346 887 905 350 492 267 327 402 438 890 446 479
644 1333 577 1340 563 645 1313 1332 549 1265 706 1274 1341 552 1247 625 1306 1327 699 1254
547 1343 509 615 551 603 553 1340 573 1354 580 590 600 574 107 545 95 511 1321 110
630 660 1240 622 675 610 1292 1327 1335 1225 615 1254 1324 1209 658 730 699 652 1250 1305
595 1341 597 544 610 586 1347 88 1344 599 86 617 1294 616 84 1351 94 1270 1355 609
2 31 1362 102 101 6 65 34 1359 0 53 88 1365 36 55 76 46 96 63 38
902 930 389 871 886 932 923 920 878 946 375 876 899 378 926 939 399 929 917 944
1114 1145 1094 1126 1096 1133 1143 211 1110 1101 205 202 1105 1161 1189 1148 1117 1116 207 1170
756 828 760 1265 783 848 701 681 1308 785 765 1204 869 839 688 1253 809 849 1286 791
243 1066 275 325 1019 334 233 1040 195 1101 320 306 1050 240 207 1029 312 996 1037 1085
596 630 675 1265 563 1252 632 1334 1216 598 1226 699 720 1292 706 571 1299 1263 631 1325
402 493 347 349 462 458 390 315 379 371 446 414 504 492 405 892 326 461 431 891
313 334 370 1049 997 405 1064 338 234 377 253 235 410 268 395 401 284 991 353 215
299 377 1054 1042 1032 1039 277 392 275 249 362 1033 257 404 1081 228 240 401 1052 1023
256 313 1021 1054 1043 1061 1024 1025 1047 295 1070 267 1055 1058 216 1044 277 1032 1020 191
234 289 224 247 198 346 284 301 265 260 360 278 1031 248 368 226 1062 362 206 295
617 1336 680 109 96 566 1335 92 1340 557 587 1277 1311 624 108 1262 662 1341 682 637
688 1320 753 756 674 765 1328 1243 704 789 773 1246 1281 560 1237 740 710 1267 1219 729
1207 1254 1215 677 1244 706 612 754 648 637 1197 1300 716 679 1261 1310 765 713 1268 1276
273 399 235 456 364 1068 1030 357 348 310 887 376 1074 1040 1041 487 891 277 321 481
219 249 1027 1074 274 1105 325 321 206 277 1037 285 1062 995 1003 194 1097 375 264 1022
565 1362 13 576 1363 6 101 1358 1315 597 528 108 1340 90 76 539 0 23 95 1343
247 275 229 244 998 236 1074 1050 200 1016 190 1068 255 1045 990 360 326 239 1075 1082
620 648 731 617 1267 585 1226 1332 633 1234 643 689 1283 711 1337 665 1302 608 661 1212
1077 1121 1111 193 283 1089 1157 1118 191 1115 1037 1102 1035 1162 212 1181 218 271 1078 290
823 869 765 890 847 895 885 883 776 777 791 779 842 762 748 827 754 865 818 824
385 420 467 412 265 255 454 435 318 487 329 297 478 913 455 902 429 427 431 453
1105 1156 1115 1075 1078 208 1124 218 1153 1091 1183 1122 1082 1113 217 1097 200 1116 1114 1141
260 1049 253 1022 995 306 991 271 273 292 239 223 1028 321 227 307 1043 1029 350 353
272 368 373 1020 211 379 378 377 1078 298 370 330 1041 1063 1047 480 294 237 239 1021
268 351 403 337 1057 190 429 477 1075 319 323 1006 192 1039 194 214 1076 201 217 484
1331 1361 660 668 97 104 574 22 557 86 663 681 629 14 687 1358 570 65 673 647
16 1353 1336 3 1328 105 73 1361 103 549 579 554 1332 1330 84 548 0 92 53 7
574 598 593 1290 1295 543 1305 551 1285 557 603 1311 1287 630 1345 588 1289 640 1259 615
1313 1332 577 574 694 1277 688 700 655 698 1323 551 1261 705 635 560 763 692 699 549
224 1087 261 1013 185 353 1104 189 296 286 327 352 187 350 257 1085 279 1047 291 1112
187 222 179 241 1099 272 1034 308 332 231 314 1023 1036 325 330 318 333 1086 1028 290
253 383 398 302 890 488 223 1074 198 279 262 216 363 1007 1076 428 998 1026 291 309
373 428 377 274 280 366 273 473 450 376 898 380 483 306 297 316 323 907 915 406
1096 1143 203 1160 1110 1145 1117 1142 217 1086 1151 1072 225 1133 197 1118 1100 1191 1114 1078
62 100 122 1346 101 107 1341 59 8 20 30 50 21 25 1363 114 1339 1343 22 105
623 667 589 1333 702 1224 697 1322 1312 1242 672 1331 1215 1296 690 638 1297 1301 1284 626
264 340 1026 422 331 481 237 942 429 316 272 1013 1065 407 485 215 1067 931 306 247
1341 1361 552 1315 66 95 15 71 99 1308 1306 1359 1321 14 75 17 546 611 601 1363
523 539 569 491 506 504 551 570 507 498 558 508 543 544 537 493 502 562 573 546
392 447 503 895 361 904 395 912 301 265 309 500 319 887 344 408 372 497 505 421
445 484 355 413 489 513 481 407 359 422 398 427 441 506 414 486 512 379 350 497
226 359 277 321 478 1087 1066 1033 278 1055 193 266 1003 1000 1067 487 263 1008 350 1019
1040 1063 257 1091 1094 196 1070 1069 256 215 1082 335 1038 299 1060 322 1096 1066 1087 1018
321 1039 392 288 995 1040 1081 268 404 1007 1003 199 237 315 226 1047 243 213 317 362
260 1074 255 1076 305 1041 228 185 283 1115 344 214 235 1067 1059 387 991 350 391 230
265 1074 219 255 1013 1062 283 195 189 253 281 236 1021 274 385 349 1028 328 217 1012
725 797 758 1235 652 760 842 1259 853 700 698 799 798 782 1240 763 706 1293 1222 686
627 1217 1204 732 1215 663 1292 1203 631 674 1328 600 1286 687 699 743 625 1253 596 1294
87 103 35 42 76 36 89 49 94 2 1344 1340 32 67 1354 111 106 124 83 29
700 759 1259 743 747 805 804 810 1229 710 646 757 1269 752 1326 1302 1266 1224 686 1198
431 490 439 423 444 510 346 416 359 403 493 398 483 418 392 435 385 337 450 395
201 1077 275 1030 232 251 200 303 236 1106 1059 265 177 281 1094 305 230 204 262 1088
764 837 737 1267 679 864 813 715 687 700 1232 1281 836 1215 785 693 832 1258 1211 710
547 576 591 1305 1317 551 1323 530 569 1310 562 563 1312 613 1299 1344 594 585 1329 1335
238 1051 197 227 288 322 357 1017 346 335 320 1033 304 1027 272 1078 998 1049 299 243
249 358 280 422 198 426 328 1082 267 287 1076 1003 1006 1033 347 1008 195 375 374 333
305 345 371 415 397 265 1000 1079 227 284 485 338 1005 480 366 1029 1053 993 991 1078
673 741 649 703 702 647 761 1227 1218 627 771 1249 736 726 1325 713 1215 1307 1332 1297
1064 1089 1085 1113 1032 326 1101 227 1039 310 321 1043 278 1135 279 188 1022 1074 1129 1083
1110 1157 1111 1147 1102 1090 1141 1142 1103 1139 215 212 1138 1174 1163 1172 1188 1108 207 1187
714 1217 753 638 1283 644 643 738 1332 629 1243 764 1260 1263 1239 1290 1195 1194 746 639
301 367 498 262 221 320 1056 282 265 220 329 242 908 346 466 256 1078 272 315 258
1174 1193 1164 1158 1129 1143 1172 1141 1191 1151 1165 753 756 1235 1195 1220 731 1189 1108 1140
123 1307 150 95 167 132 1241 769 1281 1272 1256 704 1268 104 694 670 1221 654 693 165
668 1222 1200 1302 710 681 1234 1288 1259 725 1285 628 612 1281 692 700 1193 743 749 733
209 287 1039 285 354 1012 1100 330 295 366 368 1032 199 218 333 380 245 341 1030 352
729 1322 568 653 581 569 1294 1260 711 1283 715 1309 1212 570 1338 1207 1347 1235 584 561
559 581 1338 543 550 532 547 522 593 1339 570 1358 1343 1321 526 618 560 1299 548 1325
