167 1350 100 1308 85 157 1386 1472 1354 2064 116 1329 106 1398 136 2087 2078 149 1310 2101
935 944 930 828 829 830 851 984 975 993 813 916 918 996 1002 816 917 825 910 989
1577 1609 1541 511 531 1573 514 1622 1579 529 1647 1566 527 1631 1613 1553 503 1610 522 445
136 1371 1350 234 1390 241 127 1306 210 124 1391 2061 119 113 1365 2058 1182 188 81 1295
951 967 981 942 1116 991 975 957 973 930 1089 927 984 972 1119 1109 1108 829 1095 952
330 1522 1509 1527 530 394 434 1495 226 1549 1488 337 343 371 339 1530 1547 346 438 318
1187 2068 1274 1381 1362 2130 1199 1275 2094 1299 1189 1407 1265 1394 1350 1223 2087 2076 2060 1329
1322 2052 2068 2081 1112 1184 1317 1274 2083 1382 1370 2098 114 2030 1352 2092 93 1284 1390 1164
925 960 861 995 830 950 1094 954 893 858 1108 998 854 914 1102 901 1005 1003 826 906
153 1399 1381 1468 222 1315 1322 1328 1471 1169 1395 183 162 220 1464 198 1476 1408 111 1354
715 741 810 705 616 836 740 763 623 639 610 632 822 1826 743 638 754 761 621 622
1152 2016 1108 1141 125 1142 128 1176 1161 2085 1397 2102 115 1113 1159 2082 1148 1350 1120 2037
524 1545 1587 343 348 1614 1623 1563 1638 522 541 512 394 483 484 1616 1647 1592 413 423
766 2001 2032 793 788 749 755 1979 1137 778 803 779 809 791 1971 789 783 824 810 739
162 2094 127 1466 1434 157 195 1349 1468 174 2109 236 1141 192 1339 244 1392 1389 2075 1464
206 1434 1357 1490 2088 148 1424 118 111 1399 1459 155 185 2092 2085 174 1438 1443 362 154
379 1524 1544 377 330 365 334 375 372 1527 353 393 378 391 1511 333 546 1536 408 402
1132 1147 1117 1164 1099 1127 1106 1148 2027 2058 2015 2038 1124 1145 2023 2066 2022 1108 115 2040
21 47 7 2116 58 56 1266 73 249 53 258 87 251 250 1280 1200 46 1273 69 2130
187 225 2092 310 325 1440 258 126 190 1478 234 210 214 1470 1434 311 1451 1433 1431 259
1181 1394 123 2083 1416 1418 2055 1200 1328 1157 1422 1397 1383 112 1159 1201 2053 15 1210 1359
95 2132 1338 1305 2 2109 1398 1426 14 1371 2055 1304 44 51 2128 8 1289 2084 1183 137
1030 1083 990 1065 1047 1102 1045 1061 996 1021 1037 979 1029 1093 1079 1104 1020 1050 1039 907
370 1535 555 348 423 336 1524 549 1512 409 350 525 540 427 517 521 394 527 395 1579
775 1975 811 1989 801 1985 787 1999 743 742 1965 765 1992 1971 2000 1990 1996 1972 759 806
137 1447 90 173 1477 1336 174 1468 164 195 140 84 2096 1433 1402 1174 1315 1313 147 1464
567 587 581 1716 531 520 521 596 544 613 1543 513 576 532 555 1544 533 1715 614 535
1010 1031 999 908 1025 925 1084 918 926 1006 966 1028 1074 1001 1081 1086 1050 910 1003 978
823 943 923 752 920 955 748 983 936 937 956 733 849 979 804 977 810 739 950 820
187 2081 1154 2068 1337 1465 222 155 2092 2063 1326 1195 1332 1349 2074 1308 2083 2101 1470 2107
1124 2069 1329 182 2089 2045 1151 1370 123 1305 1126 1386 1334 2012 1088 2090 1157 1337 132 101
141 1449 1358 1186 111 103 118 1299 2083 1442 1420 1159 206 2105 2099 1443 1312 2087 1305 90
116 1345 1295 1287 1351 1191 108 1178 182 1281 88 187 1311 2112 1413 2102 1319 1390 165 143
995 1033 1047 927 956 1085 1071 942 905 1051 1062 1054 908 1037 947 1087 1020 1052 919 1106
529 546 572 1634 1638 555 1548 1622 571 520 524 1640 559 1520 1555 1649 537 1590 548 1528
559 1555 556 412 582 516 568 1595 515 565 575 578 583 530 1588 537 1523 549 1578 543
2108 2125 109 1302 56 51 43 54 1322 2106 1240 1174 2083 1206 2122 2089 1409 1218 1173 1211
135 163 1367 166 214 1372 1162 2090 1346 2104 1302 224 80 1445 1158 1167 1336 1478 1329 1315
615 1754 1723 1746 710 1814 1713 1738 1808 1790 600 1812 614 603 1709 1822 640 628 1751 622
1935 1944 1968 1943 1956 1927 1858 1967 1910 1911 1886 1840 1917 1966 1921 1948 1903 1833 1884 1953
1156 2076 152 1334 2054 96 2067 2027 1115 1343 2029 1371 2090 2059 1363 1286 169 1401 149 1288
1168 1297 129 1153 1266 1296 1308 1298 160 1281 2036 1314 2086 144 106 111 2093 79 1359 1360
83 1203 1282 1206 2134 1231 1311 1 2069 1301 2091 111 23 1246 1314 1247 2092 1343 70 2081
535 1653 1631 1659 1627 1675 562 577 563 1598 1658 1651 1688 527 546 1641 1532 571 1616 509
137 215 361 2088 106 1462 1492 1164 2054 1312 2072 2062 1472 1300 1461 1405 1398 2076 1305 1162
167 200 162 224 137 1394 219 111 164 1339 1348 1399 118 1461 1445 1342 1422 116 211 123
1889 1920 1933 1885 1858 1937 1900 1833 1897 1847 1831 1874 1939 1836 1948 1919 1869 1891 1905 1903
80 1274 11 134 1182 113 244 104 1257 2099 1345 1282 1232 1271 1241 78 118 1272 66 5
105 1365 122 127 1326 1379 1372 2079 153 87 158 162 1186 1374 1399 1414 2059 1422 104 99
1567 1590 1609 538 507 414 1602 1534 1548 526 417 505 1644 525 1570 533 1544 547 541 441
1303 1392 1276 135 1426 1404 1411 2093 2075 123 1270 1340 129 1412 1174 1343 2107 1420 1311 1262
162 1344 1372 143 2062 87 2108 2104 1164 244 1472 1165 1155 1383 220 213 1401 175 1397 241
14 1229 70 1194 12 2099 1210 2118 45 49 1241 1282 1277 1201 95 1256 1 253 1190 61
153 1436 199 234 141 230 2066 1441 124 1398 224 1437 170 1422 201 1463 1165 215 173 136
942 994 956 992 812 990 946 1027 830 831 936 1091 1077 1104 829 1084 1013 970 959 979
355 1512 366 1539 357 335 1483 380 1506 383 1525 1500 1529 442 412 310 317 1496 1494 431
124 1377 1383 1426 1407 212 99 1437 2101 1449 1355 217 126 1357 199 1457 186 1465 1433 188
1402 2103 1245 2066 1293 128 112 1379 130 178 1163 1421 2098 1218 94 2084 25 31 1242 1236
1169 1404 97 85 1166 2043 115 2099 1300 1171 1295 1422 173 2025 1307 1142 1406 1157 1393 1424
1173 2062 2036 131 1363 1310 2114 2051 1138 1407 1416 1188 1127 1336 1369 1360 2094 1124 1418 124
453 481 491 503 521 469 442 448 416 499 415 524 512 436 492 497 494 489 451 430
1386 2065 161 95 2079 1336 1133 91 1381 2030 1116 1385 2075 1161 1317 2038 102 1113 105 101
1250 1273 2088 93 1318 53 1200 62 75 2099 47 1239 1180 1305 1216 1224 1312 64 1300 26
822 847 880 755 753 879 747 928 833 957 828 870 932 864 852 878 923 802 933 939
566 1540 388 343 1554 550 1542 404 1522 511 348 516 412 430 428 524 341 521 439 1553
652 673 642 698 625 640 680 647 649 705 650 694 690 708 712 685 695 639 641 646
13 1193 2088 1310 105 116 6 82 1 109 1285 56 1307 38 1205 1255 1304 256 32 2133
1186 1227 1237 1330 1241 1408 1215 2067 2099 2086 9 2119 1219 1309 2062 58 1218 0 125 1401
1794 1824 1752 1798 1777 1808 1763 1857 1761 611 1819 1847 1732 1740 1733 1844 1741 1807 1707 1760
12 1274 85 1306 1288 17 78 1317 1217 2094 95 1192 1250 1265 23 1248 72 20 52 77
212 364 1462 1487 405 1509 377 355 208 1485 132 1480 148 336 210 140 1441 165 224 170
771 1986 1992 1976 816 812 2029 740 1987 1977 813 752 776 2008 770 1985 2020 2027 751 801
1294 1329 1254 2116 81 105 144 1189 1190 1389 1335 1368 2134 127 2107 119 2133 106 2049 1274
126 1333 202 1298 1323 189 1335 168 2066 1313 1400 1384 2080 2104 1398 96 1419 1423 174 139
648 674 640 667 668 701 677 647 692 651 710 694 639 634 672 689 635 673 698 686
1135 1147 115 2039 107 2027 2078 2010 1130 1102 2079 1120 2101 2025 2035 114 2083 2067 2097 1104
540 1531 1527 423 568 363 1652 1528 1516 1521 340 560 1567 424 354 371 1587 1510 546 1513
1863 1930 1888 1939 1865 1897 1895 1932 1824 1961 1838 1909 1931 1946 1884 1850 1854 1885 1934 1859
133 1462 1467 236 1394 1382 1328 1449 1371 1179 2068 1387 1472 168 1322 2097 1473 1302 1432 1185
335 1528 342 360 1541 345 221 398 387 1485 1560 392 543 1565 427 376 1563 447 1509 526
516 1646 518 493 559 556 1569 1653 498 520 1685 1629 484 1656 1627 525 528 1641 521 1560
1024 1080 1035 1055 1043 982 995 979 1072 919 1079 1087 990 1014 1020 1103 1012 1101 920 1036
1127 1161 131 1143 2057 2105 2042 1113 2026 2012 1370 1326 125 1355 2016 1168 93 1330 1378 2045
132 211 1295 1293 1176 130 2101 1483 2102 134 1330 1358 2106 1171 167 225 2105 165 1493 2054
58 264 1234 33 1212 10 73 241 70 294 1201 62 1193 317 2120 1191 15 2113 1203 1245
334 1490 249 1528 1465 1517 322 244 1480 205 355 408 224 259 299 1530 1463 1512 211 1499
1809 1817 1805 1740 1769 1801 1843 1789 1823 1784 604 1808 613 1749 1709 1822 1802 597 1748 614
519 1592 573 1643 1573 538 1617 1595 556 1636 540 1598 1651 516 1529 1546 512 489 528 1589
1276 1331 28 1363 1362 1298 1259 1209 2061 1344 1335 1405 1265 1195 1322 1256 1339 1328 1379 1245
1374 2082 176 101 170 190 1404 1275 1320 1170 1181 2105 2096 1353 1316 1165 1392 1173 185 145
527 1531 372 1539 1646 545 1533 1527 346 420 1636 413 1575 1560 1567 356 381 543 1519 1512
431 460 498 479 430 409 1540 1504 403 1513 464 510 506 1510 455 434 412 448 435 416
1102 1125 957 998 2004 1082 2035 1114 1108 2017 2059 2052 2071 952 2067 968 2061 2045 1123 1088
1365 2088 1305 1361 1423 1173 110 1324 1391 2079 157 2092 1135 2108 1296 1373 147 79 190 1415
612 1749 1702 1771 1705 1736 1775 1758 1796 606 634 1734 1777 641 596 1778 1737 1821 1727 1718
1342 2097 4 11 2078 1357 1317 118 2076 2113 1408 1358 2079 2058 1397 1348 1336 91 1192 110
1183 1189 1354 1173 1317 1339 75 2090 1270 2101 97 2096 1249 1334 2086 1344 2069 61 1266 1351
117 1428 1427 1304 96 2094 1297 1405 1151 202 1291 1360 195 1289 1444 2059 1403 2057 126 2080
795 1993 756 813 1982 2028 782 1975 1990 1974 815 751 811 753 2030 2015 1973 1965 772 770
885 904 926 860 872 884 916 924 866 917 901 859 920 927 897 930 863 856 932 1034
1541 1586 525 358 442 544 1634 1553 398 1558 1587 405 547 451 507 522 1572 1530 1630 1532
476 495 482 533 513 525 503 469 523 517 453 448 436 531 480 466 521 443 430 435
188 210 324 156 234 148 138 360 119 1426 224 174 209 146 1472 177 2088 1491 231 1431
1531 1550 330 1559 1517 383 1564 385 505 510 350 1512 373 1557 1541 438 442 392 405 428
1641 1673 1709 1617 1677 511 1598 531 526 1704 1577 1610 1695 1607 524 1684 1658 1657 1686 1561
328 353 1519 338 1507 228 402 317 1523 305 396 1512 1479 1535 239 391 327 314 1474 411
162 2077 130 127 236 1446 119 1288 79 176 2098 227 191 1273 1149 175 87 1310 2060 1155
1155 2075 2034 1171 126 2046 2024 1153 1126 127 1116 2084 2018 2063 85 1197 1335 132 1150 2103
35 2110 31 1313 2115 1342 1338 67 76 33 3 108 110 75 65 1325 2125 51 1300 1257
1318 2078 163 174 1273 121 1335 1362 148 1416 1312 1181 182 127 1190 1280 1341 2076 1157 1391
141 1417 1309 1300 1392 1349 1411 105 2062 157 178 1410 1292 1456 159 96 214 2104 237 1379
1279 1332 2083 79 1338 1164 1392 1293 9 1356 1163 20 1250 2052 2062 1365 73 1407 146 1386
199 1421 1376 228 1437 98 1300 158 1305 230 169 1369 159 135 1177 1452 231 1471 1371 1397
6 1226 1248 1225 55 2108 1264 65 63 1189 2109 85 61 100 1180 35 2120 101 1232 1187
626 1817 1725 1786 609 718 1765 1733 705 712 604 721 1840 1749 1807 1744 1745 1802 1739 634
176 233 328 1493 1428 312 2084 153 2071 1494 2079 235 219 2083 259 311 135 1464 1420 214
222 329 325 1461 1459 301 1484 1469 194 141 1487 1495 1462 1511 214 153 308 357 361 202
1722 1731 1744 1687 625 1735 1787 1715 1686 1768 1691 1775 1706 1773 1714 602 1721 1815 1766 1795
2035 2059 2092 1998 2040 1151 1171 135 1307 1336 1342 1392 1182 1337 1329 1103 96 2007 1339 95
1033 1078 1013 1008 1047 992 998 1072 905 909 914 1075 1071 1048 990 1054 1052 1012 1010 1014
172 1396 1316 1351 1307 1464 97 2089 156 1417 1403 1165 139 1401 234 1155 1171 1453 1451 1331
1 1287 0 2130 40 83 2102 1253 63 62 73 61 1351 1398 2072 2068 48 13 1386 2071
47 1204 1281 23 1219 38 29 2099 30 1206 263 15 82 92 88 1278 1185 1225 1228 66
1146 2077 1356 195 1153 1194 1183 2063 2066 1321 1383 1278 2057 1354 77 110 1336 2053 1318 152
436 454 1534 1542 487 1514 512 498 489 1510 478 424 1532 453 500 470 440 462 513 473
1338 2054 104 1379 88 111 2075 2060 1306 1276 1428 117 2008 1164 1377 145 2048 2062 128 1316
715 731 693 705 748 709 616 740 620 714 639 746 712 741 761 722 636 640 763 727
1944 1967 774 753 1936 1980 1922 767 795 1934 1946 794 1952 755 1929 1945 797 1923 1975 1953
105 1277 136 2092 1164 63 1190 1425 2108 1185 1284 1192 1167 116 1169 1298 1151 149 23 2102
115 1348 2110 1343 121 1308 135 97 1438 1185 1418 2074 1297 1184 2111 1157 123 1427 148 1359
1225 2106 1397 1243 2125 1339 1167 1193 1410 1217 1199 85 2109 33 1364 41 1272 1414 2091 1289
31 2107 46 1185 101 30 2084 1216 83 11 1338 1359 37 1304 1394 2094 112 2127 257 1325
1644 1678 1647 1669 1620 1643 1602 1651 1613 1707 535 1698 519 1618 1661 1561 1646 1597 545 1695
757 793 832 1999 785 744 820 758 816 733 737 779 770 791 792 1980 762 1970 1991 812
231 269 307 190 1463 157 154 284 1476 222 327 263 186 1470 140 266 1496 297 1488 248
1729 1815 1761 1797 1732 603 1808 1799 1796 628 1735 1780 1822 1771 614 1835 1733 1752 1758 1719
957 980 945 951 944 928 1118 1120 829 940 989 949 997 1102 823 1095 924 1103 1091 820
1195 1229 1196 103 1217 1256 1175 2106 7 2133 13 1300 1262 2107 1190 1222 57 2109 73 18
329 1522 330 1468 301 1504 536 343 411 360 323 1524 347 415 431 1527 541 362 1471 525
1373 1402 108 2072 1414 113 1377 1429 146 1183 161 98 159 104 88 1332 86 1405 2064 1283
530 558 1539 1525 584 1531 515 582 1639 511 504 1617 502 534 498 500 580 1573 1558 575
752 822 1986 801 1979 941 788 843 840 719 775 938 815 737 1982 1978 764 943 816 748
1038 1071 1081 1037 1000 1047 1002 1072 1015 1085 1049 1018 911 1040 1048 1063 907 1074 1061 1068
1563 1619 1552 532 1577 1586 1551 418 1547 1584 1660 1650 1640 1529 536 1588 524 448 1566 555
861 876 877 837 860 896 887 924 921 875 839 843 893 833 903 879 900 916 840 871
71 240 1482 1192 42 283 161 223 1258 2098 1227 1479 18 86 164 1265 1226 39 65 1245
1740 1765 620 1728 595 1775 623 608 1811 1812 1697 1726 605 600 626 1800 1778 1804 1714 1710
822 834 760 960 832 802 923 846 759 833 747 944 766 745 741 758 855 767 927 806
1167 1305 1416 1258 1410 1417 1190 1317 1331 140 1426 160 1381 1192 1352 143 1320 1284 1359 80
1682 1718 608 1747 1651 1699 1738 1704 1743 1744 1739 1767 1637 594 1712 1773 1698 1705 1753 1816
