339 357 334 374 358 351 349 323 344 360 366 281 377 336 340 375 303 322 297 369
37 586 75 67 24 606 596 21 34 489 78 549 546 531 70 532 592 660 533 6
87 530 2 512 532 80 524 790 65 448 589 578 90 95 424 498 591 537 423 445
38 616 18 653 570 582 615 41 630 575 628 655 491 557 459 48 647 601 590 17
1 564 595 534 82 614 536 600 83 545 54 584 646 19 32 42 621 667 616 665
446 470 505 406 414 43 413 50 84 440 431 501 485 449 445 487 518 438 435 519
6 592 604 54 85 88 564 531 78 580 70 600 32 575 62 533 610 596 608 31
82 576 793 83 68 446 91 46 584 503 532 544 550 802 788 521 6 792 35 97
375 381 386 326 365 402 398 357 368 399 353 367 327 361 394 351 389 358 390 359
669 673 697 683 687 680 676 645 670 699 657 668 703 674 694 656 654 705 701 658
674 708 675 715 748 719 689 725 667 739 664 701 683 665 707 699 668 692 703 728
363 370 357 355 368 346 320 337 331 307 301 347 343 328 339 323 375 312 353 299
552 575 523 79 67 23 527 74 570 529 46 48 62 545 94 536 595 68 39 18
68 794 654 788 4 55 647 62 28 7 56 805 595 81 585 93 534 94 587 40
672 691 647 715 733 685 703 661 724 657 653 741 667 706 682 711 695 693 744 732
205 241 254 229 215 277 212 227 193 175 256 228 182 204 188 207 176 232 186 202
45 641 553 616 661 38 784 485 73 594 539 564 486 531 18 433 543 585 19 447
78 502 48 84 91 54 795 486 481 430 439 591 478 451 526 39 802 46 85 786
217 224 190 250 214 216 227 231 235 213 191 248 245 182 226 260 199 246 261 229
560 592 46 15 97 16 36 81 583 57 537 628 33 618 14 575 584 553 39 602
503 532 76 48 4 19 436 73 92 480 442 513 534 13 559 449 432 70 77 23
90 409 427 86 391 534 571 542 796 555 386 566 105 76 578 546 80 560 443 787
73 462 83 530 90 57 802 563 471 492 10 24 426 626 589 584 593 6 536 36
272 287 343 294 250 295 240 259 305 330 232 247 326 227 338 323 267 284 327 249
31 544 33 664 547 625 515 534 586 87 658 91 646 72 94 605 612 635 539 548
40 458 637 62 428 494 570 657 541 79 505 26 61 55 636 434 48 467 438 69
79 504 49 93 627 586 70 513 570 806 537 488 487 42 505 782 523 66 562 553
73 557 635 28 496 561 560 36 806 639 71 603 526 547 572 92 30 622 787 500
59 646 548 15 647 786 532 603 582 598 61 51 637 661 552 459 666 665 82 653
258 309 281 265 332 333 230 299 361 358 337 305 266 347 336 231 279 368 272 297
65 80 611 650 646 63 536 606 490 502 29 41 448 612 60 804 465 565 449 584
29 640 568 69 626 22 20 34 541 26 38 10 16 613 651 585 597 663 580 557
56 623 661 47 573 84 596 65 581 585 632 595 24 36 61 14 654 43 652 641
303 353 290 319 359 366 339 289 361 343 269 265 334 341 310 271 327 348 316 374
96 554 82 544 74 561 558 63 12 13 568 5 538 113 47 75 529 27 574 577
565 577 532 542 535 37 22 52 533 536 72 576 575 559 76 543 597 550 59 48
71 462 513 495 639 606 541 27 637 526 480 574 461 1 609 493 16 464 555 796
87 796 585 85 73 564 543 799 522 448 74 563 75 567 778 427 591 519 63 520
283 292 319 277 308 248 309 298 249 235 237 338 317 302 356 327 241 334 320 280
246 275 305 242 248 282 298 344 271 240 341 319 261 258 233 257 320 243 311 255
32 581 86 616 587 1 630 36 532 538 558 2 18 23 70 638 50 662 620 69
36 624 63 561 585 630 44 610 41 488 68 595 580 552 537 25 588 549 8 53
52 551 786 40 22 656 18 495 557 578 454 581 782 650 611 635 418 20 525 28
37 531 87 532 21 6 634 588 19 548 636 523 77 62 75 622 489 497 92 640
522 548 74 86 569 63 49 566 22 563 44 82 32 505 2 47 38 84 513 57
715 737 683 694 763 741 739 749 681 738 756 734 736 719 723 747 717 759 743 690
120 137 148 156 142 144 103 145 151 124 101 138 154 102 160 117 146 147 107 132
61 83 26 623 10 529 493 16 491 597 453 39 790 550 555 90 71 68 51 97
151 173 164 199 169 198 142 152 144 159 200 135 193 131 188 192 146 133 202 154
741 761 755 749 704 768 714 740 758 739 715 690 719 735 745 708 737 778 724 703
361 377 386 369 372 397 330 384 335 302 341 378 356 337 362 363 327 309 392 296
23 66 549 594 570 798 797 780 18 82 88 800 664 787 548 639 19 65 17 451
716 757 745 705 755 728 734 739 770 726 720 764 706 694 754 742 695 681 684 698
50 626 4 1 544 621 585 28 589 569 418 790 629 63 557 60 548 643 630 467
332 344 365 308 314 294 317 313 364 270 322 275 371 343 330 291 356 305 349 283
266 290 236 339 317 337 268 254 228 287 240 267 270 264 246 316 298 284 325 349
35 546 616 634 41 76 66 63 86 574 26 82 585 5 537 782 37 601 14 85
49 623 41 84 564 592 577 545 48 454 6 42 606 3 479 540 28 780 601 610
426 458 45 463 443 420 428 57 454 39 472 451 421 460 58 465 464 474 494 513
33 637 48 49 649 51 609 658 25 559 639 663 533 55 592 597 20 619 588 73
645 660 43 36 633 782 63 639 643 647 12 625 58 8 4 48 22 604 662 636
589 616 46 1 58 59 70 607 17 652 611 64 608 65 647 614 567 571 559 609
47 474 488 578 657 552 510 591 498 599 8 614 479 547 42 65 448 649 28 622
453 513 544 528 531 499 417 446 529 488 45 432 79 441 422 486 463 443 431 80
8 610 631 41 602 644 654 566 539 661 637 17 621 1 595 584 79 569 630 666
34 608 40 574 646 779 645 538 628 68 781 598 559 625 636 617 610 61 566 567
317 328 372 366 327 308 287 334 320 329 274 319 344 261 264 336 314 321 349 362
92 544 83 84 579 67 791 554 70 419 501 30 17 36 526 570 88 503 523 12
415 451 74 416 83 449 77 57 476 448 60 467 39 410 424 94 442 405 400 63
53 629 85 572 80 46 619 606 87 564 56 19 10 454 664 37 562 556 640 534
243 284 352 247 280 265 314 221 201 262 323 227 218 353 204 297 319 341 320 206
4 600 76 625 7 591 53 8 77 539 617 0 83 663 605 588 664 545 62 13
126 134 118 117 136 148 133 153 152 122 125 158 156 123 112 147 119 155 114 139
77 498 431 633 786 783 492 451 546 573 66 621 454 597 69 515 460 445 530 505
303 366 327 324 284 333 330 372 351 311 281 319 267 380 259 294 295 316 302 345
453 508 506 511 509 88 500 80 434 454 447 438 426 512 424 418 537 420 513 526
413 448 502 52 408 42 394 453 87 430 445 405 481 485 414 395 478 88 403 425
16 608 567 612 657 67 613 565 5 24 574 18 11 54 552 651 537 74 577 6
9 660 788 648 552 39 625 547 598 781 641 18 58 672 570 564 785 57 782 653
562 580 30 568 23 7 563 88 84 37 64 558 552 536 87 44 537 76 79 10
239 261 245 275 209 271 202 260 314 286 237 244 276 288 236 242 306 295 238 232
31 599 608 602 562 78 537 79 34 13 25 551 647 58 55 605 616 668 596 654
380 400 414 419 426 396 386 381 422 362 385 368 428 371 433 388 393 423 375 382
217 230 183 213 218 263 225 246 241 270 223 239 212 268 236 245 272 265 273 278
391 407 443 434 442 416 374 423 447 383 429 394 405 395 418 389 420 432 444 449
445 493 512 505 58 534 529 510 86 431 526 497 499 69 56 527 481 475 433 473
79 595 567 531 562 506 51 519 9 542 500 489 540 787 533 449 607 559 551 576
266 299 236 272 343 247 341 284 325 302 309 226 298 351 251 242 342 345 263 346
390 399 381 389 426 419 376 420 401 410 415 411 383 386 375 421 414 380 397 391
480 506 466 489 534 484 494 471 526 47 519 473 446 43 521 86 44 88 536 535
571 587 58 592 556 14 598 28 84 48 32 588 93 95 87 24 615 30 608 67
703 724 682 746 698 716 710 696 704 728 676 715 708 722 743 709 675 681 721 730
464 514 45 520 517 449 43 516 466 462 454 51 508 470 532 492 49 73 444 39
663 668 641 2 681 784 626 688 11 639 27 5 652 629 13 7 4 37 686 682
69 536 580 33 789 504 51 611 61 560 501 505 589 94 568 49 60 559 68 523
246 290 303 217 277 232 334 330 274 210 289 326 340 352 278 253 258 311 315 331
17 527 51 566 507 74 56 516 555 483 501 64 53 510 609 506 60 88 530 642
545 567 53 70 1 29 78 17 586 549 11 576 562 594 541 82 63 48 552 64
84 505 471 447 70 500 439 545 560 568 62 51 75 49 71 805 52 460 476 548
190 220 225 174 165 234 184 196 193 201 187 238 179 170 197 252 168 230 173 192
593 623 57 61 639 605 591 656 619 16 46 584 620 72 66 608 28 0 87 7
572 590 542 549 50 74 39 19 608 77 580 607 4 15 553 0 26 558 621 618
39 484 629 585 563 506 583 76 653 520 43 662 70 615 539 550 441 590 644 621
520 535 525 570 64 65 12 55 92 8 513 505 66 34 75 9 471 516 509 472
187 210 220 173 233 166 234 205 171 232 177 237 221 181 192 193 228 189 209 195
697 728 689 687 749 724 729 690 707 711 673 709 736 726 751 732 706 743 752 734
54 563 598 578 577 601 786 52 65 23 650 89 590 645 70 640 651 791 560 49
48 480 468 67 544 550 43 606 79 551 514 621 624 491 469 537 508 501 447 534
381 387 388 390 408 397 402 385 394 375 371 400 372 389 370 377 367 391 393 396
36 577 658 9 587 85 615 548 585 631 656 613 40 556 589 88 596 542 582 560
403 439 426 415 435 477 381 499 390 416 448 497 438 486 399 398 502 505 485 450
509 522 492 467 532 80 469 475 452 548 451 535 543 503 528 444 84 464 463 480
339 351 337 287 370 368 328 288 318 294 321 313 367 316 329 307 355 303 289 331
326 346 319 304 277 307 329 294 363 355 296 341 333 281 328 361 357 370 323 372
23 535 58 665 24 74 631 544 511 612 595 645 49 561 26 92 64 637 31 51
459 491 450 461 492 524 427 445 493 78 438 514 42 470 515 478 418 451 446 477
403 440 43 417 409 396 472 416 508 454 494 410 383 503 487 414 387 431 486 448
690 711 704 713 732 709 715 719 721 750 672 746 714 708 697 754 720 728 684 752
492 515 436 438 63 539 469 57 502 451 37 442 489 40 491 73 529 476 83 71
93 578 802 70 593 534 554 7 547 596 15 54 410 46 597 49 582 503 563 795
20 569 573 64 43 618 607 51 562 613 577 552 67 70 15 666 560 60 71 549
194 222 252 238 195 199 188 163 197 164 218 227 171 250 208 185 257 217 249 161
34 535 609 575 538 577 596 621 554 78 32 527 652 64 654 516 79 518 84 634
652 673 667 664 43 70 39 69 50 663 678 14 695 658 653 703 683 668 22 67
244 286 318 273 222 311 285 220 310 259 243 249 302 357 299 323 348 264 241 219
53 448 454 607 497 794 563 656 597 1 476 456 83 16 458 623 412 42 39 640
182 213 194 198 243 221 247 156 245 227 185 215 210 190 165 209 171 248 228 166
6 532 590 572 44 539 582 491 514 516 666 531 646 615 616 505 586 502 656 23
771 785 73 653 756 648 754 50 668 777 69 794 669 71 751 662 658 78 790 49
131 148 167 118 179 150 120 177 116 161 110 135 106 123 158 174 172 105 132 141
237 280 213 233 245 339 210 345 256 355 235 249 214 236 211 290 325 234 311 299
27 585 596 528 645 43 669 634 594 578 660 25 11 0 566 627 61 601 636 54
48 622 63 51 621 656 492 652 54 544 560 3 649 53 80 549 602 470 444 570
318 343 311 275 287 265 327 281 309 264 262 295 351 303 352 300 314 280 358 325
80 546 30 578 528 48 72 565 47 604 38 1 577 532 596 538 70 600 580 451
51 459 26 445 42 81 554 487 650 596 545 439 16 472 795 498 502 0 74 784
24 542 543 549 0 81 73 536 86 652 90 96 59 582 656 54 77 668 4 15
9 616 554 613 567 649 635 663 584 648 586 665 17 61 43 574 628 585 66 65
92 526 77 538 566 563 791 532 80 22 503 556 72 549 574 553 582 89 70 565
625 649 671 610 22 646 69 642 10 9 76 662 75 61 618 66 632 659 638 13
39 610 640 585 628 27 4 598 645 53 573 488 533 638 599 531 33 653 463 12
3 543 650 64 35 641 628 638 517 12 68 604 660 615 555 25 637 655 568 570
59 615 795 599 598 788 580 65 595 35 635 77 459 9 779 87 797 794 32 80
747 761 748 743 705 717 770 709 766 738 749 735 775 695 742 702 693 778 707 739
64 82 491 15 583 597 600 639 487 646 522 529 591 780 544 801 535 609 77 645
666 680 712 717 669 719 655 16 25 789 665 8 664 631 674 679 15 707 652 3
617 646 46 647 651 663 645 639 25 595 620 48 588 68 52 591 668 632 2 45
525 544 551 6 559 485 83 96 482 555 4 49 37 25 564 528 553 531 1 543
187 205 201 168 218 164 171 161 180 224 175 200 237 229 221 228 233 183 230 186
5 659 43 587 782 652 11 46 589 638 604 530 673 58 8 54 594 565 560 19
