218 271 1526 225 155 267 121 339 1474 139 338 327 1534 320 359 164 134 117 136 312
549 664 637 699 560 702 744 719 712 531 772 613 665 728 593 528 584 621 727 709
204 1513 1449 104 1495 68 1545 1438 173 131 314 159 350 1540 205 287 38 72 169 97
1074 1120 1036 1104 838 829 1095 1093 1138 1178 1051 1160 1174 1187 1061 1071 1106 1038 824 1079
100 1520 89 1561 26 1483 324 1612 221 228 206 124 253 192 322 247 312 1523 229 1444
1297 1372 1318 1237 1304 1160 1278 1324 1299 1212 1164 1274 1384 1357 1393 1368 1267 1273 1412 1363
1466 1606 1579 1487 1588 1403 22 99 1536 1570 1578 1400 1427 114 119 1415 1474 1551 1547 58
1210 1352 1150 1215 1278 1183 1284 1229 1165 1178 1154 1254 1232 1250 1179 1171 1293 1218 1388 1214
1175 1244 1233 1375 1198 1139 1316 1271 1184 1148 1296 1301 1140 1203 1344 1151 1277 1200 1280 1122
104 1475 1443 21 76 246 112 1419 1537 1572 217 244 88 126 1582 315 176 1417 183 323
31 1453 1524 1424 1473 1461 1505 1583 5 1501 237 1603 1538 1551 58 1470 83 1560 1413 1513
533 651 548 512 737 655 656 506 753 772 699 754 595 619 501 715 495 779 732 719
1368 1384 1248 1239 1369 1319 1575 1257 1579 1414 1359 1259 1277 1265 1232 1351 1199 1263 1251 1233
658 687 613 765 639 629 512 680 568 660 774 654 563 723 633 618 597 537 565 638
203 1522 13 309 35 121 133 1511 12 355 65 1525 1563 1560 275 43 224 330 110 267
1171 1282 1201 1362 1158 1380 1120 1323 1186 1148 1301 1198 1377 1226 1291 1142 1299 1334 1182 1210
856 1029 1021 869 813 1049 887 928 854 1004 1058 867 1001 874 974 1035 983 1052 975 1060
344 367 384 170 275 222 200 201 375 291 386 189 220 248 106 238 406 390 236 160
1373 1405 1370 1189 1227 1430 1295 1379 1187 1248 1577 1396 1358 1202 1409 1156 1287 1399 1231 1223
148 345 212 216 185 242 142 177 312 127 154 370 190 194 207 356 389 314 278 296
1212 1264 1383 1170 1185 1152 1196 1369 1255 1362 1366 1183 1370 1172 1388 1159 1279 1192 1209 1139
1473 1539 250 90 16 1598 1414 219 1472 122 1540 1494 1498 1440 5 125 1462 1454 1427 1566
883 1022 586 819 919 964 1018 863 820 991 590 847 811 817 1057 1027 1007 1009 887 982
225 330 176 34 252 290 1499 162 1507 309 27 253 137 118 282 167 120 256 187 355
628 769 601 599 640 749 742 703 627 561 765 668 757 745 702 674 695 766 669 741
1144 1198 1171 1118 1262 1195 1149 1135 1084 1085 1288 1166 1272 1203 1145 1114 1297 1096 1367 1191
526 640 587 691 665 751 708 752 571 737 675 744 530 583 712 501 610 763 507 718
116 351 333 390 349 255 240 180 1456 1455 117 164 156 252 331 336 1531 388 138 380
1177 1277 1133 1141 1355 1333 1151 1180 1225 1262 1152 1220 1348 1334 1139 1153 1174 1224 1111 1352
122 308 317 92 95 176 356 118 1531 1540 340 1539 369 181 1463 391 209 1513 189 361
698 718 688 591 674 670 700 525 638 570 714 612 744 519 710 508 626 564 712 696
1478 1505 241 190 1479 1414 94 1437 1550 41 1452 1536 81 1498 129 235 121 1518 1426 1497
1360 1393 1260 1412 1383 1352 1288 1162 1351 1303 1262 1554 1341 1583 1391 1285 1404 1292 1425 1286
495 535 553 482 472 630 689 532 664 542 537 708 550 713 692 727 751 738 659 588
1317 1365 1198 1174 1228 1310 1311 1226 1289 1294 1221 1231 1378 1367 1268 1137 1380 1152 1253 1334
584 700 709 578 513 541 595 676 532 534 552 690 695 573 596 567 654 660 564 530
829 1011 901 983 812 913 872 1031 985 826 900 1036 876 881 832 1046 1020 896 1002 1032
188 236 308 229 1529 9 36 94 315 171 1477 298 349 1479 164 167 253 247 174 131
1283 1383 1314 1274 1170 1207 1569 1328 1570 1398 1197 1192 1322 1306 1363 1272 1409 1260 1218 1312
199 323 325 288 305 356 298 247 375 318 281 135 1523 253 226 274 277 119 268 169
1217 1360 1324 1185 1385 1269 1189 1331 1370 1218 1246 1175 1238 1373 1329 1351 1198 1244 1372 1170
87 1505 237 1608 1550 189 1551 229 1442 1446 1532 126 48 1478 42 1450 1549 94 130 1498
833 869 991 1045 1010 1004 1002 1065 975 1013 961 1067 976 839 817 1050 802 857 968 1011
204 1522 79 250 86 1563 1429 9 1423 356 1498 1564 260 337 1455 231 162 87 15 53
306 339 176 129 366 290 331 199 127 241 355 385 212 114 271 110 361 344 159 134
805 909 784 848 967 903 996 984 880 971 904 894 846 794 819 980 956 938 989 981
1117 1163 1159 1297 1199 1054 1166 1121 1291 1233 1373 1127 1345 1073 1104 1359 1058 1203 1211 1320
1209 1392 1340 1315 1616 1239 1386 1417 1566 1169 1153 1574 1280 1560 1168 1190 1366 1348 1163 1564
185 203 204 133 232 337 247 227 154 130 325 123 354 129 258 193 184 158 285 352
780 797 805 818 826 748 684 771 761 802 812 758 676 670 679 804 681 821 695 783
1136 1204 1117 1105 1180 1367 1160 1169 1096 1336 1248 1292 1344 1170 1339 1387 1309 1347 1159 1194
1106 1125 1101 1146 1160 1155 1069 1338 1074 1041 1156 1170 1064 1054 1043 1129 1335 1341 1097 1105
238 305 359 396 1523 269 231 389 171 128 170 219 1536 332 114 127 304 1516 176 301
148 204 199 1527 345 245 149 179 270 366 145 229 362 328 275 220 113 262 122 250
553 601 643 503 717 723 669 627 655 750 514 632 502 702 575 667 675 558 735 597
244 302 398 385 1533 150 142 301 184 131 282 1529 200 1507 194 212 1510 138 166 172
225 1517 340 263 120 85 150 14 1513 148 123 316 0 1609 254 1490 268 1453 159 98
422 436 433 424 398 426 404 453 463 452 402 395 434 423 431 401 427 406 382 375
1056 1072 1124 854 1050 824 816 1127 1038 1128 1102 1091 1020 1031 1076 1101 1036 1074 1094 819
263 1515 238 214 316 334 211 1499 1528 1611 1444 186 32 1419 259 78 1563 372 70 5
845 854 818 1077 935 878 1011 972 1054 865 1029 821 1069 1009 899 1065 1000 884 993 1050
1557 1599 1441 1526 1611 72 1445 16 1569 1470 1505 1449 1485 1605 1424 89 12 1509 37 1538
555 641 511 736 691 709 763 504 513 536 497 503 777 624 601 748 679 584 543 752
164 251 373 301 267 200 124 182 154 340 291 352 146 298 140 110 276 249 101 378
934 974 899 970 808 897 986 916 902 997 893 941 807 853 811 876 882 880 912 972
184 205 325 136 368 326 198 363 223 149 208 258 167 210 144 92 347 209 285 333
1026 1054 1032 865 872 863 1001 902 858 871 1007 1055 1110 1091 1072 889 811 1053 887 1087
660 708 582 600 601 622 555 773 723 581 753 504 589 687 501 693 534 643 749 588
665 724 698 570 669 566 617 644 581 686 637 618 572 521 611 608 647 546 633 606
1430 1505 92 1429 80 51 235 1419 225 78 1554 1602 1600 233 1586 95 1465 1559 1587 1574
809 899 892 837 860 1012 988 968 851 912 900 867 793 785 822 1022 984 959 795 1000
113 1514 1527 1492 1476 269 1505 1553 67 1503 1509 1486 192 237 1499 260 152 121 170 119
1445 1500 1497 1455 44 83 1476 1442 1418 99 6 1446 1598 1520 34 219 1528 1430 49 1451
148 216 121 106 149 171 1510 1521 218 341 204 189 140 313 311 99 128 252 367 1512
170 248 39 286 323 1531 299 237 337 321 334 127 193 327 109 246 155 145 362 185
1568 1591 1410 1385 1581 1442 1563 1467 1453 1398 2 1384 1588 44 1600 1579 1609 1419 1561 77
325 370 1519 295 113 303 300 107 135 290 310 183 166 1528 346 196 401 267 142 252
946 967 917 950 970 908 984 951 867 922 904 864 927 920 980 894 906 929 949 995
46 1522 1532 1481 1490 1529 1564 1609 1571 1518 103 21 240 312 219 54 1 266 116 83
1194 1286 1183 1146 1216 1153 1289 1270 1248 1279 1281 1257 1156 1163 1267 1392 1268 1254 1169 1365
208 273 248 238 106 322 307 301 275 1513 241 237 170 1512 227 180 121 235 255 126
136 180 1539 192 130 344 98 152 91 1518 223 1520 127 149 220 176 1517 115 185 363
514 561 499 494 687 593 679 739 604 517 651 597 487 488 507 662 682 709 549 646
580 886 658 563 710 1014 513 518 625 837 995 615 1004 522 856 1011 989 854 664 908
235 291 1538 328 277 311 144 199 338 166 157 264 97 352 98 285 145 266 372 292
941 996 947 885 858 913 831 1009 1020 809 900 938 1011 939 877 1003 923 1027 954 1000
299 383 273 292 382 381 387 235 248 254 428 240 344 265 236 274 260 314 404 406
825 1020 802 800 807 863 1063 832 1009 1046 1022 828 1027 999 1057 1068 838 813 896 1036
1379 1390 1281 1248 1251 1367 1330 1238 1586 1189 1291 1195 1559 1317 1272 1374 1353 1216 1360 1301
847 911 890 1013 1040 939 1045 1011 981 807 1007 964 873 995 850 947 907 913 824 982
1438 1580 1402 1550 1606 1429 1597 1582 1484 1511 96 1389 1382 1527 1584 1553 1399 1477 1495 1487
68 1559 13 1399 44 1550 87 1556 1574 31 1565 1416 36 1525 1616 1457 1471 1482 1390 88
827 1024 1017 992 991 995 872 1025 1050 849 889 1030 851 822 1002 1070 895 1019 1057 1073
1 1487 1539 1516 1500 1473 227 44 1475 1486 1556 1444 1598 1605 1442 1477 1554 58 67 220
80 1512 1423 53 1495 231 78 65 74 319 95 116 1542 21 198 181 89 1448 1494 46
300 403 423 301 384 367 439 341 239 208 322 354 233 232 374 380 421 372 204 326
260 341 242 332 122 313 264 223 289 237 370 192 1519 357 130 331 386 354 338 381
1284 1377 1155 1170 1297 1278 1354 1160 1215 1379 1228 1169 1282 1315 1224 1205 1264 1300 1380 1309
623 674 709 694 705 656 648 514 564 553 533 784 597 606 523 680 686 633 630 763
264 287 343 1526 329 151 250 290 268 355 358 313 1518 406 110 211 395 410 375 245
625 708 677 571 535 762 582 649 771 510 525 603 665 750 693 611 656 628 508 647
806 883 996 933 976 1023 849 908 783 877 909 967 984 798 1030 982 960 974 927 995
1170 1280 1212 1238 1240 1272 1327 1219 1107 1228 1126 1110 1300 1119 1198 1220 1197 1096 1209 1092
1211 1236 1392 1179 1264 1195 1187 1278 1246 1273 1241 1212 1159 1380 1350 1213 1161 1383 1169 1164
37 1561 1400 34 35 1615 1506 239 73 1497 1495 233 9 1453 1455 243 1526 1410 1457 1583
1087 1137 1309 1072 1107 1097 1362 1068 1045 1118 1039 1106 1170 1321 1113 1069 1326 1348 1084 1112
575 651 744 593 626 601 778 502 557 566 623 639 689 766 523 656 691 555 550 661
126 176 158 350 195 309 1509 262 1520 115 208 105 315 175 323 131 246 164 90 198
1126 1186 1313 1279 1189 1148 1194 1151 1165 1336 1095 1369 1232 1214 1158 1285 1120 1105 1371 1227
250 1526 71 46 145 290 139 332 366 194 136 1506 45 165 1453 344 190 10 1524 1450
1134 1336 1095 1320 1156 1208 1374 1119 1160 1370 1159 1324 1180 1099 1144 1184 1194 1145 1191 1163
1177 1244 1207 1353 1324 1233 1262 1316 1247 1297 1204 1261 1199 1304 1291 1242 1359 1269 1118 1302
1413 1478 113 101 100 1401 1580 1436 1442 1539 1409 1428 1527 1567 1529 1524 1585 1418 217 1564
1577 1616 1547 11 1408 1535 1567 1448 1579 1549 38 1509 1482 14 1584 45 1563 1460 1396 1514
377 393 398 281 331 368 306 340 305 302 411 288 427 431 278 372 260 326 373 394
864 918 931 928 976 868 1021 1031 820 807 844 810 1024 933 1003 957 1000 897 921 830
89 1563 1591 77 1391 101 42 1471 2 1510 1406 1437 1523 207 247 1595 1558 99 117 1596
572 681 754 575 518 627 615 558 686 561 537 584 613 616 622 778 664 717 507 782
810 898 1010 815 1018 971 951 858 829 852 586 969 823 1042 944 982 876 967 975 861
1335 1382 1310 1579 1329 1405 1280 1195 1200 1396 1337 1269 1286 1565 1170 1331 1205 1136 1189 1309
1167 1352 1233 1367 1096 1112 1122 1405 1341 1216 1401 1193 1287 1275 1229 1281 1292 1224 1095 1257
859 907 943 930 872 1045 886 919 1034 813 887 818 982 971 837 925 1019 817 904 986
9 1526 16 118 103 1600 323 321 253 105 1 111 1556 1426 1452 136 267 79 84 10
1027 1054 884 1059 1085 1017 1073 1066 1114 1057 1037 1034 1106 880 994 1074 1030 862 890 850
606 635 627 611 645 685 747 593 638 759 681 572 709 615 561 617 694 692 764 580
831 1024 1050 863 1049 810 995 891 803 907 1019 879 1042 857 807 1028 994 827 822 1032
593 888 738 652 520 809 950 975 972 595 704 722 989 621 805 1032 551 580 1026 892
1247 1306 1294 1380 1195 1149 1192 1164 1397 1254 1378 1209 1251 1201 1245 1363 1174 1352 1313 1246
57 1540 66 1544 1445 16 30 68 86 73 34 82 23 98 1443 1467 134 1519 1458 1565
644 759 607 545 690 770 720 746 750 533 539 723 654 538 633 722 665 527 729 517
1421 1542 1437 1594 76 1476 1551 1482 1392 40 1431 1520 1441 106 1430 1465 1604 1403 1407 58
250 357 183 121 323 372 395 102 229 266 1509 304 392 279 139 338 231 1537 227 349
292 372 400 401 312 383 310 302 386 408 361 362 268 326 278 367 332 416 392 319
1450 1548 1593 1495 63 59 1599 1477 1448 80 1404 13 110 1451 78 1605 24 1505 11 1454
78 1516 1442 1439 50 10 24 1535 119 68 1450 19 1463 1457 317 1556 251 139 1478 1515
105 115 259 90 1458 313 184 212 262 312 1504 217 1455 196 143 224 81 232 135 320
49 1567 69 1436 76 1392 1406 1608 63 1607 72 61 1596 88 1537 1590 1421 1527 1444 56
1513 1543 22 41 1507 257 211 316 100 1526 33 133 19 29 254 92 1527 1568 96 6
509 600 531 478 612 692 497 656 498 718 565 630 550 605 461 628 633 627 593 464
843 853 1046 834 938 908 932 1062 882 826 887 909 901 913 884 912 981 1010 1037 937
162 354 387 152 251 303 397 150 136 375 148 143 311 338 282 142 286 300 153 132
1297 1371 1331 1216 1205 1374 1166 1265 1174 1326 1304 1238 1408 1335 1225 1161 1254 1271 1357 1190
295 365 325 280 327 385 143 357 339 154 287 400 382 258 255 286 337 247 139 359
648 724 572 720 677 702 518 580 671 762 550 653 586 556 773 764 596 592 694 593
1229 1258 1381 1360 1194 1373 1215 1163 1162 1172 1280 1380 1270 1205 1355 1225 1362 1275 1204 1182
1399 1408 1436 1336 1393 1310 1326 1569 1592 1369 1347 1328 1356 1605 1447 1557 1570 1560 1311 1362
674 723 549 636 601 703 620 632 758 530 733 535 633 701 634 749 672 655 738 568
1130 1319 1345 1163 1161 1155 1094 1383 1165 1375 1090 1206 1150 1075 1147 1176 1209 1166 1095 1171
288 339 216 255 160 311 179 360 126 132 293 368 260 191 159 154 328 153 270 140
1483 1519 99 1505 1425 9 28 215 184 1616 1481 1437 88 1560 1503 260 245 1611 1472 11
