135 963 979 898 100 640 679 843 656 123 676 159 27 5 954 98 610 864 15 607
44 121 107 918 92 859 853 617 35 4 5 68 72 80 130 946 844 851 18 71
102 559 554 547 562 553 857 878 638 908 863 89 600 636 536 594 126 98 873 80
132 866 646 160 655 52 144 146 641 659 114 603 24 855 560 952 17 106 1 642
646 854 110 146 5 142 876 24 112 125 151 636 11 682 148 633 843 57 855 43
94 115 542 931 49 958 913 61 15 528 81 113 37 972 626 598 904 939 120 13
126 141 46 612 130 162 626 160 61 841 29 946 657 954 638 14 877 873 44 658
88 578 46 549 69 57 594 624 566 627 945 564 33 49 915 577 866 588 927 922
564 578 927 602 106 882 75 600 910 575 111 544 612 584 74 608 603 940 920 102
1012 1032 998 1057 986 1034 65 1064 1069 50 990 967 978 1003 1054 969 987 984 961 1010
600 863 577 571 958 15 65 1 632 96 85 153 621 45 588 602 30 59 638 98
159 174 149 641 855 154 165 845 812 143 666 679 178 3 688 211 693 649 133 158
734 760 759 736 731 745 773 798 781 767 762 746 761 793 788 723 706 763 739 772
159 639 49 8 146 667 11 618 845 54 35 610 622 685 112 659 676 655 670 120
1163 1190 1180 1176 1168 1169 1189 1192 1147 1183 1157 1199 1194 1146 1150 1154 1164 1198 1145 1167
280 311 274 231 344 246 318 247 251 292 314 238 333 296 304 339 241 343 270 328
62 72 554 928 915 594 888 126 569 585 901 979 908 110 917 633 60 597 85 930
66 86 902 610 607 60 81 43 124 545 896 585 1033 628 899 971 29 938 575 616
107 909 7 128 29 557 902 916 609 868 24 858 955 894 618 551 78 888 547 131
41 642 676 86 975 124 919 64 843 942 923 856 668 652 613 640 901 97 608 595
162 825 853 812 842 137 139 820 826 813 692 173 170 134 686 803 645 846 140 138
46 647 32 65 620 177 619 183 98 840 16 928 138 129 89 11 14 837 91 629
101 908 872 583 26 580 556 21 23 959 53 940 888 11 38 34 874 69 612 94
54 936 866 40 38 624 104 132 865 902 599 103 992 65 971 575 603 900 856 569
92 548 570 47 79 941 77 46 549 56 96 966 32 869 527 533 557 523 65 528
39 74 14 601 651 849 860 566 629 944 582 568 953 618 102 951 856 974 78 894
42 920 561 647 644 598 135 948 132 636 581 932 574 975 874 949 921 28 889 145
75 891 120 113 599 907 952 107 42 862 51 41 589 942 58 909 106 39 559 914
29 608 906 28 558 649 94 844 660 604 149 607 964 63 146 34 98 633 944 603
1144 1155 1141 1174 1153 1169 1124 1113 1140 1138 1159 1135 1115 1137 1121 1157 1145 1126 1112 1128
58 896 612 580 23 596 127 893 634 942 867 852 562 1022 918 94 921 981 607 1030
429 446 414 409 421 398 458 462 418 474 463 408 475 445 437 404 423 399 467 441
113 960 82 627 88 4 591 112 925 886 31 863 141 605 1038 77 940 47 59 945
125 621 40 11 42 872 29 870 8 590 912 84 624 925 628 600 625 881 101 22
51 880 641 878 625 0 88 896 862 60 61 67 870 2 983 581 638 882 28 22
120 923 91 652 934 51 846 883 585 94 947 657 36 98 646 876 954 95 577 8
60 605 972 593 1036 589 618 978 966 915 853 94 898 956 35 28 576 73 889 622
326 345 347 351 361 316 287 379 368 280 282 299 338 307 348 270 365 334 302 328
200 703 682 668 705 168 244 672 246 670 731 725 233 229 197 692 717 711 676 232
478 494 459 507 522 488 455 498 447 480 521 475 516 446 505 451 469 457 514 449
565 589 610 566 528 930 539 582 83 585 53 97 44 50 98 874 548 540 908 629
26 964 957 143 144 114 870 905 898 665 847 655 59 955 614 41 62 86 91 1027
888 938 564 67 910 110 559 911 933 604 900 579 622 914 890 939 875 610 102 879
910 961 912 552 981 599 876 25 561 132 46 959 628 553 547 625 551 85 915 1036
630 926 914 854 570 54 42 104 953 931 894 915 144 637 887 4 920 554 5 9
623 950 851 569 73 115 626 5 6 26 592 572 947 31 142 34 122 15 144 873
61 894 576 913 606 953 976 630 959 1025 617 872 622 64 950 89 107 587 971 102
113 582 636 625 89 75 68 97 45 910 643 639 905 25 77 606 134 2 963 861
478 504 444 515 501 494 509 451 456 464 497 528 482 470 459 476 479 486 519 522
408 442 409 470 459 392 415 476 474 386 378 413 377 394 420 397 406 462 444 382
319 342 298 294 273 346 277 375 299 320 286 267 270 328 332 282 378 330 278 360
73 968 1017 110 108 103 882 583 83 577 99 596 914 898 71 889 560 120 956 49
59 624 15 107 51 577 964 29 561 614 53 132 124 1 35 863 106 948 1026 875
987 1029 62 964 65 1063 1035 977 967 1058 1045 1007 1011 1038 1006 1047 60 1010 998 1009
467 516 445 446 449 470 451 537 495 480 490 502 476 547 557 477 550 529 438 533
609 923 98 566 629 85 108 102 129 924 128 565 576 624 886 574 562 592 950 867
650 843 826 154 126 34 661 29 141 133 829 823 840 816 693 6 181 640 117 114
669 834 29 10 170 180 15 700 703 684 817 667 642 125 34 160 146 0 164 809
682 702 147 695 652 176 151 667 710 148 681 184 720 668 723 2 690 165 644 16
1164 1183 1191 1151 1196 1179 1147 1178 1143 1144 1180 1163 1140 1169 1160 1141 1158 1184 1167 1159
190 712 705 182 670 211 698 212 226 733 665 231 730 215 208 170 197 713 678 227
157 840 832 861 19 12 156 826 7 863 659 20 662 14 166 635 637 4 853 859
1028 1058 1024 990 982 1036 1016 1056 971 979 1075 1072 1071 1012 1088 65 1076 1074 57 1053
62 607 576 869 1024 878 128 94 75 575 77 929 920 561 44 112 59 559 104 87
557 928 119 934 621 865 40 561 78 111 76 922 950 80 113 35 102 607 599 36
419 427 386 390 411 458 441 440 432 403 409 410 406 400 405 451 455 391 448 453
69 586 106 64 926 950 621 546 901 899 65 576 952 33 866 954 85 920 620 881
11 617 673 38 105 924 882 126 931 934 936 878 839 920 664 967 950 101 553 899
57 980 941 132 36 1038 903 895 926 942 933 866 129 875 906 103 613 965 592 1032
126 858 964 24 137 6 125 614 961 144 948 638 939 60 130 862 620 129 46 39
82 931 622 34 554 121 572 113 110 91 78 534 43 878 927 893 618 625 942 952
1022 1036 1025 53 984 974 62 977 1021 1009 1041 1013 1035 995 1054 1056 964 993 1075 996
114 925 624 914 600 36 922 123 860 562 72 115 111 40 117 859 971 969 651 629
679 706 652 6 158 647 193 10 719 692 187 200 735 677 660 684 1 845 645 194
570 593 565 918 548 87 881 939 547 872 884 56 88 590 550 543 71 539 581 78
167 839 668 153 635 170 157 840 186 673 11 689 6 184 185 634 640 691 857 148
69 938 975 959 957 29 561 571 51 611 954 950 64 927 587 933 24 955 53 629
963 971 603 986 110 949 56 623 97 895 973 993 630 40 938 54 608 596 135 917
26 669 670 956 17 142 619 961 952 132 137 664 960 696 627 644 175 697 111 858
68 894 960 67 601 98 116 118 94 966 562 920 99 607 870 550 574 47 33 914
138 650 42 0 827 114 618 624 864 7 667 128 843 836 47 8 656 158 677 6
15 845 143 833 636 622 106 817 112 652 627 825 109 640 620 131 164 6 846 9
136 832 830 814 961 635 866 676 619 52 636 123 145 163 625 146 847 160 858 159
722 757 773 734 793 748 739 753 745 774 736 711 802 735 746 730 767 725 768 762
78 621 919 146 91 901 140 81 67 93 118 54 568 56 878 73 971 555 124 36
1163 1201 1190 1180 1144 1140 1150 1183 1167 1151 1165 1164 1194 1181 1182 1136 1172 1135 1177 1161
1076 1094 1091 1068 1097 1041 1102 1117 1116 1088 1051 1114 1046 1118 1106 1074 1096 1090 1080 1082
142 155 837 47 831 118 852 862 143 634 848 19 147 824 867 633 130 2 863 688
1091 1119 1059 1130 1075 1100 1137 1106 1120 1116 1117 1103 1151 1079 1123 1081 1083 1078 1087 1149
608 893 875 877 910 59 110 630 876 906 66 636 71 111 84 922 638 579 965 54
359 381 396 394 393 341 321 352 334 404 337 329 336 348 379 372 401 386 319 378
352 368 388 377 316 385 379 371 335 317 369 337 389 345 322 397 378 321 328 391
707 729 690 688 202 175 192 781 766 184 758 756 683 680 197 201 677 783 788 722
162 857 139 156 878 59 686 159 827 161 17 864 817 650 693 170 112 831 115 824
723 758 762 724 768 795 703 702 751 786 757 749 738 697 799 741 802 787 805 713
894 946 61 909 35 597 72 66 606 937 610 633 890 51 931 919 585 131 867 125
23 56 84 932 882 53 72 108 879 605 625 905 51 33 1025 19 31 623 148 924
1110 1123 1138 1084 1098 1074 1082 1094 1085 1071 1101 1072 1149 1153 1131 1092 1119 1132 1105 1096
1044 1076 1065 1038 995 1111 1050 975 976 1116 983 1088 1095 962 994 967 1059 1112 1045 1068
611 862 910 868 66 118 928 55 112 22 602 103 895 558 89 88 906 567 913 553
897 929 568 893 64 564 99 880 960 39 941 121 69 887 89 942 116 45 607 57
598 890 628 90 898 98 567 929 612 85 956 73 548 46 570 575 119 597 946 99
244 280 247 279 299 208 214 319 200 296 210 329 230 275 267 292 238 240 324 337
89 963 67 65 563 532 873 1030 73 115 573 631 590 951 924 1040 137 54 568 971
11 40 917 665 902 96 92 99 863 876 946 671 39 125 676 857 27 149 963 941
600 955 31 568 956 75 34 133 875 634 570 90 935 109 890 53 882 899 582 884
978 1041 983 962 1037 970 1072 1023 1024 71 977 959 1029 65 986 55 1053 1052 960 1074
103 948 914 864 900 862 895 561 562 887 33 115 958 921 611 971 78 35 596 5
187 686 199 162 190 653 160 671 194 159 173 179 203 652 662 209 666 219 168 649
1088 1102 1064 1109 1116 1080 1072 1130 1078 1104 1119 1112 1076 1070 1090 1097 1125 1113 1084 1083
607 965 935 562 123 1024 1052 86 97 31 600 20 551 586 557 1035 36 953 81 899
346 371 360 393 322 310 376 385 324 375 398 355 342 348 337 341 345 309 387 372
463 502 505 525 495 492 479 480 489 531 467 465 447 532 446 494 526 499 528 491
435 460 472 429 404 430 410 399 474 397 419 477 432 469 421 468 413 408 439 447
115 943 11 607 633 631 968 45 102 945 938 136 969 880 644 583 120 971 577 131
740 801 802 756 768 723 713 794 816 815 790 813 730 766 785 711 800 728 736 724
564 608 955 606 59 873 100 102 551 576 75 37 73 605 864 575 27 559 595 610
75 875 874 47 942 929 65 941 867 631 600 918 570 48 884 859 555 894 612 947
928 940 887 610 955 558 44 931 60 41 613 50 595 86 879 874 875 53 961 923
323 357 346 313 338 362 289 330 373 367 348 359 293 331 358 382 387 276 324 314
728 774 745 735 760 783 720 704 750 719 753 788 778 737 785 718 712 767 752 805
995 1024 979 1038 1058 57 1030 981 976 60 966 1017 1067 969 968 1007 1025 1052 1032 1036
826 841 15 142 644 166 647 643 820 172 18 175 816 167 173 137 22 677 821 653
116 852 841 633 40 53 949 644 908 71 881 832 160 600 629 912 839 869 954 648
603 912 628 586 946 110 932 65 584 617 881 80 573 963 64 85 116 38 125 918
646 683 29 150 619 189 1 187 846 644 190 144 706 33 629 124 119 9 175 859
420 441 422 434 439 393 400 458 403 402 416 454 408 435 404 475 399 473 395 396
516 526 488 484 518 479 481 540 531 508 465 519 476 90 490 527 491 507 548 475
63 929 574 914 594 590 919 595 630 556 620 978 88 124 37 50 113 576 586 561
6 672 197 133 49 666 32 1 36 854 110 630 159 687 151 160 11 695 628 144
283 327 309 317 255 303 285 339 331 306 348 333 321 295 247 318 275 330 328 344
112 920 917 52 138 66 642 571 10 130 928 9 590 911 620 930 960 909 134 937
282 317 308 309 337 353 318 263 333 352 262 240 273 284 330 321 286 266 268 305
59 947 913 77 928 117 583 108 992 32 967 37 569 611 924 595 1037 60 983 46
113 968 120 557 64 24 559 42 126 568 587 1020 991 594 593 993 870 637 124 970
146 858 616 869 109 683 42 144 824 33 120 53 876 660 868 150 122 115 819 866
1103 1124 1149 1123 1152 1153 1145 1140 1117 1108 1136 1134 1080 1069 1085 1144 1137 1083 1084 1082
661 683 675 642 7 702 128 841 177 677 706 125 643 688 164 13 123 685 680 855
43 846 24 650 923 80 670 824 86 885 855 914 913 877 821 629 898 667 831 823
110 943 579 863 567 865 891 47 17 593 553 5 613 577 608 1 571 555 119 136
60 923 586 58 67 116 938 71 101 1037 975 556 47 95 872 625 967 633 953 1036
979 1043 983 1049 981 992 986 985 973 1004 57 1013 1053 1065 961 980 1001 68 1003 1028
109 939 585 963 78 46 872 916 617 618 852 619 117 580 637 895 125 128 16 599
301 318 279 315 311 336 308 271 288 265 337 332 296 343 324 358 335 292 284 341
632 963 80 879 94 873 981 932 87 61 886 88 1032 924 643 8 639 603 47 31
27 126 611 133 132 21 652 139 130 869 98 672 871 618 942 617 946 860 944 963
104 555 520 955 970 52 636 569 584 951 98 592 930 548 26 583 105 593 38 635
474 486 465 473 522 514 454 507 443 470 460 463 455 497 512 515 511 442 489 501
54 960 966 36 1036 93 982 605 105 33 29 20 115 26 634 25 22 908 912 898
1132 1149 1111 1129 1125 1117 1133 1147 1167 1110 1150 1156 1122 1120 1127 1131 1162 1108 1136 1109
