285 366 187 329 243 397 253 407 209 193 249 373 350 262 399 254 344 217 270 405
222 395 237 346 198 422 227 236 387 349 339 234 229 235 280 417 331 410 213 175
286 378 204 376 392 393 341 352 329 359 369 384 381 388 360 193 178 229 176 355
224 399 195 294 380 284 174 370 371 384 401 198 225 270 328 326 339 338 214 395
65 112 143 3 111 72 114 104 30 64 130 746 41 153 0 68 54 91 159 137
588 597 579 557 586 604 540 625 620 558 568 572 598 610 618 607 587 556 546 528
697 742 66 4 82 728 747 44 11 667 748 1 81 67 674 38 680 709 54 716
109 159 115 189 202 150 155 92 85 63 111 181 69 156 151 188 198 208 80 149
692 748 43 718 72 67 54 737 697 683 753 743 61 701 22 712 654 700 685 24
493 557 498 581 585 496 516 506 464 605 480 548 477 465 531 598 439 452 596 429
231 385 243 359 240 348 318 214 239 412 272 370 197 337 179 186 297 225 210 209
265 371 345 304 211 272 280 391 384 376 340 279 341 238 325 262 313 344 392 174
390 418 322 250 353 360 243 387 275 285 544 255 364 301 400 444 248 321 209 314
558 583 435 480 425 490 522 543 612 608 481 526 457 507 550 539 427 444 485 453
698 749 708 722 701 667 670 703 730 60 685 723 67 52 58 687 18 26 42 736
43 752 738 696 50 755 60 731 9 59 45 34 39 93 683 20 19 96 751 36
284 358 278 180 194 332 322 359 190 367 402 215 277 228 168 379 193 266 272 369
504 549 506 509 456 552 540 510 486 487 566 562 499 500 585 560 517 539 559 438
380 394 274 250 369 196 403 349 261 334 397 237 227 194 298 246 364 305 222 206
694 731 16 38 688 753 20 0 707 25 27 691 659 738 717 725 702 689 32 2
274 350 384 408 386 323 368 307 223 312 215 387 306 255 404 393 343 281 248 398
642 669 699 651 664 631 668 688 686 637 639 611 658 650 648 627 680 679 698 674
295 401 308 183 411 228 252 389 314 278 201 341 247 388 420 340 428 217 253 335
3 719 35 47 31 714 738 70 703 734 75 20 731 66 41 728 707 65 730 38
311 385 243 198 252 392 208 237 253 254 415 192 287 397 308 188 388 236 197 319
9 64 111 28 81 737 718 66 743 722 107 735 113 85 71 22 732 19 96 11
544 591 608 537 423 616 606 499 610 582 574 615 421 561 515 503 543 432 510 545
22 710 752 46 96 12 751 4 704 7 45 750 32 745 705 716 35 729 17 97
12 88 115 124 52 54 21 44 16 138 725 722 50 72 38 129 105 66 119 740
187 311 232 159 185 391 165 144 392 304 183 161 302 211 329 314 398 335 226 149
269 315 239 322 235 237 256 250 375 406 355 394 302 366 286 372 391 193 232 337
425 442 465 562 417 422 519 487 552 531 446 518 474 534 427 415 516 501 540 558
562 602 474 564 445 581 598 446 447 576 480 619 592 463 594 628 430 561 513 630
98 115 95 151 21 137 149 29 113 64 20 103 165 92 107 57 38 119 102 126
441 485 514 508 496 565 569 454 570 447 483 432 452 510 443 506 423 556 421 503
451 552 475 551 491 479 568 510 556 522 512 427 472 553 507 452 559 577 461 513
250 314 280 192 241 227 386 178 181 290 372 204 344 249 254 324 189 365 353 359
181 347 322 408 220 158 283 223 310 332 390 315 161 249 405 327 411 254 130 221
4 36 729 17 81 77 713 57 14 44 58 59 84 103 39 73 9 741 22 102
433 561 520 439 590 488 580 469 454 551 546 450 550 484 588 573 470 472 464 424
277 296 218 353 248 209 242 390 306 247 224 170 254 219 278 194 246 386 197 175
124 142 201 164 176 183 80 167 109 190 180 141 98 78 181 85 168 105 110 82
305 387 325 262 409 347 280 256 258 181 399 190 299 327 247 404 336 390 410 261
192 343 387 204 170 144 212 225 320 270 345 263 167 238 259 335 211 359 157 339
730 747 10 46 743 68 53 80 735 37 738 45 25 691 752 9 694 6 18 736
221 388 316 382 183 264 234 375 226 306 368 240 298 242 398 345 383 315 390 314
279 306 298 352 303 170 256 347 231 356 322 357 392 189 233 242 307 225 295 200
258 276 244 274 173 339 236 291 306 219 315 272 285 261 263 191 325 387 233 390
213 307 372 257 299 199 282 351 244 367 225 339 354 163 254 186 177 245 303 155
619 646 637 675 634 654 668 643 678 674 661 608 597 664 656 651 606 676 626 602
630 652 676 643 648 679 674 624 603 655 614 660 647 670 627 605 667 664 661 656
429 535 409 518 512 590 557 538 508 578 586 515 548 527 454 524 505 445 424 438
258 293 397 324 371 175 192 262 181 288 247 305 332 348 199 365 211 225 356 171
57 73 23 16 74 742 48 30 68 100 750 21 45 745 54 69 49 83 5 60
216 261 183 179 308 262 353 404 177 209 283 347 394 329 298 364 401 165 319 392
185 234 257 372 380 404 183 240 356 355 245 346 331 226 239 223 361 162 304 307
194 257 397 147 183 375 149 281 243 378 402 162 168 393 161 181 316 277 231 268
75 119 59 114 32 107 752 93 92 11 131 89 94 29 749 61 130 67 12 122
439 488 453 417 570 495 551 563 445 418 411 459 516 430 547 508 502 540 514 433
427 509 516 530 442 561 412 456 402 405 522 398 514 432 444 505 553 500 568 417
201 364 158 382 264 365 155 240 256 169 191 242 189 371 193 300 198 207 370 274
186 288 262 247 256 308 360 192 254 184 380 349 291 188 154 211 165 389 388 315
156 174 218 151 241 286 256 121 177 183 127 193 260 130 169 154 116 233 230 172
232 317 353 408 269 260 287 303 274 370 377 367 283 270 179 380 321 315 359 221
110 124 125 176 77 169 112 102 106 94 73 170 118 152 75 98 127 91 162 128
646 662 652 649 696 624 631 698 634 687 679 620 681 680 641 677 697 654 621 692
236 361 406 241 391 405 275 201 309 308 214 264 296 412 175 285 182 265 197 276
391 406 264 221 248 230 325 292 206 249 220 334 255 210 380 363 382 246 401 287
146 208 102 169 235 134 207 162 148 129 291 112 237 185 329 156 106 157 362 290
140 185 264 234 248 94 103 323 176 96 129 202 167 122 287 226 303 227 319 171
456 563 426 473 427 592 564 481 505 542 440 593 518 455 598 461 450 559 447 438
50 743 697 76 744 63 64 92 16 20 700 33 71 4 38 30 14 704 707 698
210 383 213 393 411 202 321 156 400 148 224 351 184 415 299 259 181 180 189 278
538 584 539 439 564 527 431 517 573 597 555 604 553 595 427 590 586 419 592 509
28 84 25 735 80 749 0 52 8 82 728 135 44 87 95 22 14 64 35 38
694 711 734 732 687 5 684 14 7 20 672 752 665 22 0 8 750 690 664 27
515 564 525 522 424 429 542 434 498 604 560 578 451 534 502 568 490 482 470 499
16 726 21 8 728 19 711 17 63 738 14 68 4 89 709 708 78 29 13 735
436 516 528 494 460 426 475 538 530 443 520 473 456 500 519 411 493 430 479 415
621 641 601 640 651 662 645 615 610 604 647 639 638 594 642 628 671 614 625 627
442 462 565 492 485 568 433 561 552 441 419 551 555 547 543 493 548 465 466 420
676 746 663 699 79 66 59 645 28 659 666 719 48 702 743 733 730 697 737 61
190 292 318 364 313 165 153 340 396 301 298 241 199 162 229 376 367 205 295 264
562 588 549 427 441 497 525 565 550 434 605 602 530 590 522 573 521 580 451 456
220 357 265 270 283 272 355 256 242 215 271 317 219 222 301 315 177 296 310 331
25 703 712 681 748 101 680 89 31 8 34 724 71 54 2 27 75 11 9 730
153 202 352 226 184 233 204 253 236 200 278 206 331 317 254 391 325 294 179 297
277 349 207 376 323 360 383 233 366 177 175 335 365 412 399 220 269 397 249 172
434 482 407 468 513 432 511 555 435 552 496 531 489 506 524 501 542 418 547 483
107 155 153 125 122 175 32 177 187 182 132 196 212 113 190 144 170 137 86 73
53 83 101 59 105 755 125 17 92 12 127 747 27 64 116 48 89 67 121 73
240 318 340 255 209 204 389 386 218 263 330 351 359 404 225 230 365 248 260 344
149 185 321 110 263 256 281 335 225 283 340 202 114 270 191 146 157 274 271 309
180 269 218 174 202 400 135 381 224 393 345 318 264 332 278 170 271 401 203 394
386 403 421 408 385 401 322 278 289 425 398 387 404 338 209 249 213 351 217 314
137 175 220 103 246 88 231 147 114 189 306 225 303 288 240 233 105 116 86 294
29 39 105 44 70 84 71 107 17 28 106 78 69 54 42 727 77 737 713 5
695 711 33 687 667 669 23 678 725 709 705 671 657 733 723 24 746 660 752 689
273 357 362 221 374 193 272 405 299 173 295 285 313 164 206 363 166 167 176 300
266 279 189 297 399 287 258 380 383 288 371 333 385 363 248 233 174 219 300 263
655 687 729 684 733 639 625 702 708 641 666 703 668 750 752 691 635 676 673 633
441 512 454 554 527 473 469 448 427 548 524 475 549 547 456 529 569 523 455 451
51 66 18 753 33 102 2 743 20 119 93 118 35 38 24 91 96 54 4 42
409 421 412 549 406 395 417 266 418 548 296 556 338 533 518 410 263 365 321 442
266 331 362 259 311 246 327 237 234 351 390 286 334 281 199 232 338 287 280 342
177 274 267 140 120 245 204 295 206 146 321 255 137 253 397 347 128 236 174 377
244 368 371 287 407 262 382 390 224 234 204 233 269 395 285 270 387 209 240 236
394 414 329 280 356 304 332 392 286 223 396 355 222 422 216 349 238 264 255 352
531 577 535 555 575 540 578 518 546 557 429 532 584 571 576 515 521 587 562 436
419 537 436 400 402 440 569 409 411 508 557 584 586 390 578 579 566 550 564 389
18 65 96 111 716 61 721 701 38 744 22 64 98 732 711 55 44 86 85 52
152 200 296 145 337 228 184 134 383 336 335 302 386 392 127 282 352 291 327 193
249 319 338 404 296 304 226 206 309 381 190 218 321 305 270 222 340 174 181 203
400 428 307 321 423 441 277 242 543 501 288 374 540 453 295 527 236 226 562 418
430 551 425 553 514 436 506 561 404 527 504 589 546 412 491 586 542 441 513 453
438 505 441 444 508 488 551 493 556 453 432 499 564 543 462 511 495 563 526 498
19 58 746 703 726 70 22 86 83 752 734 82 80 67 26 725 46 73 99 715
233 374 349 388 305 381 335 231 212 180 251 343 370 284 303 235 356 245 179 382
212 288 332 233 179 200 395 364 150 195 238 331 273 283 349 310 302 182 388 309
188 239 376 159 193 371 244 140 167 353 329 369 345 348 145 212 372 271 339 294
475 565 604 496 570 589 434 592 563 607 588 455 480 598 493 473 575 445 525 474
446 496 478 472 445 439 492 494 482 567 491 426 469 568 424 457 470 555 565 550
346 391 212 405 416 226 251 357 183 344 188 330 310 227 352 267 380 406 301 259
689 705 7 40 692 703 714 26 720 748 722 726 33 687 702 658 694 665 744 670
511 527 543 439 436 422 424 529 589 536 433 531 564 568 576 524 580 508 549 533
98 126 179 20 125 177 113 176 101 24 75 35 59 66 160 116 18 60 79 166
428 440 567 508 464 427 398 559 516 504 466 415 553 414 551 401 558 469 515 489
406 420 358 431 334 245 306 374 421 309 330 381 395 243 351 233 523 302 552 398
61 740 51 746 752 726 699 49 45 682 725 708 57 744 700 729 710 751 99 681
30 699 27 745 711 105 35 676 724 101 725 6 96 29 37 100 12 28 55 33
717 747 72 693 73 11 713 739 697 12 32 30 19 65 62 692 13 677 21 63
27 727 720 49 56 706 98 737 14 3 79 39 47 43 733 84 87 4 22 104
429 461 408 400 420 418 500 501 559 449 531 553 556 532 514 526 547 560 419 457
265 296 331 220 250 186 341 187 391 196 342 364 179 192 219 243 380 191 325 335
272 341 299 271 356 219 260 210 360 273 385 354 261 238 404 319 383 328 217 214
435 530 489 497 512 541 583 431 492 573 411 537 481 542 432 500 551 498 486 534
425 519 513 553 554 452 524 509 542 429 393 560 533 550 573 403 527 562 535 523
60 740 723 57 22 728 677 49 10 754 100 67 715 102 30 709 94 11 56 92
183 306 349 213 233 268 274 273 353 396 155 227 160 145 143 147 242 151 240 141
240 274 353 184 402 398 297 290 324 211 273 177 360 230 287 242 212 339 217 356
685 707 676 656 712 658 32 2 727 678 37 692 744 674 1 16 12 655 701 673
245 376 398 232 377 194 229 337 310 317 221 388 203 385 349 355 346 370 350 407
119 164 206 152 213 104 168 141 203 89 131 132 129 196 86 162 114 195 127 182
203 375 300 239 384 326 309 406 232 403 291 209 308 260 253 410 397 286 314 145
6 69 50 15 20 78 1 77 738 722 752 724 739 42 712 702 721 71 43 716
79 751 708 122 695 746 683 72 698 733 692 32 1 5 744 59 713 710 109 44
442 456 447 558 486 568 478 445 513 556 557 416 443 546 446 461 454 543 421 512
648 678 615 620 651 654 636 624 692 666 706 669 622 696 690 670 741 623 743 750
716 745 14 744 0 64 708 736 34 714 702 33 25 755 76 45 79 723 719 693
175 304 179 150 277 149 279 123 234 288 152 226 200 184 260 306 121 191 187 125
