243 272 245 216 278 300 217 291 229 286 230 231 264 262 284 246 292 224 259 281
85 1348 1341 99 25 1352 1355 1344 1372 1342 1327 1345 1369 69 74 1359 1329 51 1338 89
1237 1258 1211 1255 1235 1253 1256 1275 1259 1257 1268 1271 1224 1245 1197 1228 1247 1202 1269 1252
1139 1144 1133 1122 1140 1150 1147 1148 1146 1125 1129 1121 1153 1155 1137 1156 1124 1145 1143 1151
237 263 274 215 214 292 279 262 230 246 286 216 252 210 278 256 290 273 218 225
329 346 305 332 394 379 322 307 325 303 353 369 397 311 321 328 334 333 327 380
114 1301 1302 128 112 57 1303 107 106 84 121 129 100 131 1316 120 1295 72 122 99
36 1316 1366 1311 1375 49 1318 1330 1339 1301 1377 1373 1343 102 1367 108 1314 62 1378 1300
450 471 436 479 457 448 464 441 467 474 440 459 472 429 465 431 458 478 435 453
118 134 159 119 113 100 108 126 136 105 133 111 120 102 142 121 101 124 128 125
99 105 1317 1372 1299 115 90 1301 1310 110 1311 98 92 113 1369 1332 1294 1305 1370 1304
1323 1362 17 40 1367 1327 95 1308 1324 1359 90 1345 1329 71 1309 1354 1299 104 57 87
1208 1230 319 1223 1222 1250 1253 1213 312 313 1192 1232 1248 1200 1239 1234 320 1212 308 1229
1339 1368 1327 1 12 27 77 23 9 2 1361 1344 1364 76 1352 98 1341 1319 79 1324
338 345 354 332 313 353 360 349 348 312 366 310 379 381 378 375 396 380 391 370
115 1302 72 123 60 91 124 70 99 1321 57 59 1318 53 102 114 77 95 1296 79
51 84 69 50 31 78 1332 1344 28 1329 58 37 75 1317 1336 1312 1301 1345 1367 70
1319 1369 44 25 107 41 1301 86 85 72 1297 19 1295 1377 108 33 83 10 23 1354
1195 1218 1230 1203 1199 1237 1219 1242 1207 1214 1221 1202 1200 1247 1208 1235 1240 1244 1188 1196
287 311 299 286 294 324 306 309 282 325 304 340 334 270 332 343 322 312 259 295
51 1314 1326 100 106 65 56 83 58 1363 107 1304 85 59 1321 1315 1368 72 104 1376
340 358 363 342 325 386 362 327 345 369 354 309 337 361 390 365 315 355 333 393
35 1338 78 1332 60 1326 52 12 21 11 1346 58 17 1310 79 1359 25 1309 1358 1327
1287 1294 1308 99 100 1282 1316 1271 1317 1285 1289 1299 1303 1270 1272 1305 1267 1277 1291 1319
1201 1210 1195 1233 1235 1230 1208 1187 1192 1227 1237 1190 1198 1203 1241 1226 1194 1223 1188 1220
348 372 401 351 397 396 377 367 395 349 341 318 352 394 322 345 399 317 337 404
301 318 289 349 314 350 344 319 331 277 308 330 283 306 348 282 309 317 307 297
50 1365 1362 92 1375 93 54 42 89 15 34 88 77 1351 44 1367 1346 1304 1345 96
63 77 94 1309 76 40 1366 1303 78 1377 1329 1356 72 34 1351 1343 55 1359 43 1367
428 434 425 422 417 440 461 448 459 470 424 438 423 443 441 439 471 466 469 420
283 311 302 290 281 310 314 293 289 260 273 270 299 280 256 341 332 1232 336 292
1214 1224 1213 1200 1198 1199 1235 1201 1246 1244 1248 1233 1220 1206 1228 1215 1250 1247 1218 1234
37 60 51 27 68 47 57 38 35 1362 1325 1357 43 67 1326 1365 1358 1301 1302 30
1286 1293 1270 1273 1310 1269 1277 1296 1292 1306 1271 1278 1298 1265 1318 1297 1284 1299 1305 1291
1200 1226 1245 1217 1249 1223 1250 1224 1235 1211 1221 1214 1244 1236 1243 1215 1251 1222 1198 1237
1203 1239 1253 1251 1261 1237 1226 1257 1195 1235 1259 1205 1260 1212 1213 1223 1243 1200 1198 1218
108 1304 50 51 46 1294 112 78 1324 1312 90 121 52 128 1306 68 127 93 104 67
59 1369 1304 57 1332 1315 40 1340 1301 1308 36 53 1338 1366 8 1355 1323 1357 1350 1331
45 58 1340 1330 67 47 1356 37 1373 1335 33 1308 38 43 1311 1355 30 1313 32 55
1283 1292 1269 1299 1297 1309 1273 1285 1296 1266 1310 1303 1294 1291 1315 1313 1274 1270 1316 1304
216 240 193 266 251 258 203 215 261 225 237 209 210 230 256 224 250 262 195 254
1222 1246 1202 1194 1238 1208 1247 1217 1223 1234 1248 1245 1205 1228 1253 1204 1230 1207 1259 1200
292 306 283 290 315 308 281 278 288 273 331 272 310 265 317 300 262 284 304 328
289 311 316 266 287 319 337 312 341 271 276 263 267 259 300 274 332 302 1232 264
1315 1334 109 1313 43 52 108 1317 1369 90 1353 33 21 74 1304 1351 1293 1297 18 80
322 332 335 371 370 337 361 356 362 304 340 330 359 308 349 305 351 299 307 345
39 70 36 1355 1342 44 1346 84 61 79 88 24 94 51 1378 1325 1343 1354 1341 1302
1317 1373 88 1328 73 1295 103 1294 98 53 86 67 95 42 63 38 1296 1304 62 1340
1162 1173 1181 1161 1174 1154 1164 1157 1150 1177 1156 1165 1176 1153 1175 1172 1159 1167 1155 1170
450 478 432 477 449 455 441 461 462 436 456 463 438 474 454 465 466 458 435 428
106 1307 126 53 1303 60 66 73 100 1328 1311 1298 1290 108 119 1330 1310 1322 40 1313
355 383 320 401 328 391 400 321 340 371 386 339 358 336 406 330 349 374 403 325
88 1306 84 74 1315 60 1365 72 1317 50 86 1346 1296 1336 44 1358 1374 1363 96 82
85 1337 7 63 1349 47 6 52 24 51 79 1319 90 1317 8 1378 61 98 25 95
8 1328 44 56 23 61 1361 1358 1349 1327 24 93 55 16 46 1360 1364 1365 1309 35
61 72 55 1372 1344 77 1338 1317 54 1333 36 59 1376 1337 1301 70 48 76 89 1312
104 123 1312 142 1325 1300 95 147 127 1315 128 97 112 1316 137 1310 138 1322 1297 140
132 139 133 143 120 125 149 142 147 150 145 119 156 129 136 148 121 144 161 116
353 380 338 345 385 393 368 346 381 360 373 347 403 354 395 341 355 378 326 408
381 399 414 356 375 338 398 383 402 364 351 347 349 392 361 391 390 408 337 363
1246 1255 1228 1231 1238 1269 1279 1242 1229 1260 1220 1227 1219 1226 1259 1234 1244 1249 1271 1258
197 204 170 209 190 171 194 195 198 169 212 230 220 177 165 193 168 186 221 207
309 340 376 292 290 338 334 369 362 339 368 291 329 352 333 319 1231 314 373 323
1210 1236 1226 1249 1244 1197 1193 1230 1225 1215 1246 1231 1208 1235 1239 1227 1204 1250 1192 1198
79 1346 1330 70 27 16 73 1350 1366 1371 48 46 1374 22 1300 50 45 1306 51 67
1143 1150 1135 1136 1131 1145 1133 1132 1140 1134 1152 1128 1157 1130 1162 1127 1129 1147 1141 1154
101 1319 27 1369 111 114 60 1324 1298 99 1322 39 1323 110 1333 59 48 102 20 23
23 1329 101 90 22 1372 55 32 1335 5 1362 24 1359 1377 0 65 64 42 38 26
97 1326 91 57 73 1376 1330 1302 1320 1331 1339 1307 33 1356 58 1369 1373 88 1305 1366
345 367 382 320 399 393 376 375 366 351 390 343 400 383 337 379 329 405 397 403
1221 1244 1228 1234 1255 1196 1214 1225 1219 1215 1259 1254 1246 1216 1248 1241 1229 1253 1205 1240
211 239 230 257 217 234 227 259 206 202 252 238 245 261 221 190 215 200 249 207
33 53 68 75 77 28 31 1340 1336 72 51 1359 50 1360 1305 35 86 41 1334 1339
1231 1253 1216 1246 1201 1207 1234 1241 1275 1235 1199 1277 310 1263 1212 1204 311 312 1261 1237
36 1341 1363 1313 1335 21 1332 37 1369 1358 1359 24 54 53 6 1356 8 1314 33 1320
1338 1373 1337 33 12 1370 40 1346 1356 32 34 57 16 95 50 38 41 6 1361 62
1157 1162 1172 1150 1169 1174 1164 1160 1152 1153 1148 1176 1146 1147 1158 1171 1161 1149 1178 1155
11 22 33 1374 25 31 1328 1370 1356 1347 16 34 1329 1354 7 38 27 1319 1318 1371
1211 1242 1225 1199 1194 1198 1197 1262 1256 1234 1210 1236 1233 1213 1192 1250 1205 1204 1207 1241
64 90 42 86 73 53 1360 1340 1357 101 68 1347 97 1346 1329 1303 32 1332 47 38
40 1367 92 71 44 1363 22 1339 58 1325 94 1320 1321 13 90 41 1373 1376 1370 14
26 31 1330 1373 1361 1340 21 1363 55 60 1360 43 1349 14 32 18 24 42 1316 1352
65 1302 89 1337 1357 45 46 1378 1316 32 1303 53 1376 93 49 1345 105 1375 63 75
91 95 1365 1326 105 1306 107 1298 1363 68 76 1359 1377 1338 1330 1345 1366 77 62 1375
136 146 164 157 128 121 120 142 141 119 167 172 162 145 139 160 138 127 126 170
324 365 312 339 380 342 399 396 402 307 297 351 315 300 360 381 357 393 354 341
284 305 299 322 271 324 295 328 283 269 290 292 268 272 260 255 332 313 309 285
1294 1319 100 1281 29 1329 50 1286 1303 1279 1285 54 1289 57 49 1376 1371 25 1297 1331
71 1297 1311 92 98 1348 1369 1299 88 39 1347 1362 67 1344 83 1339 1315 61 106 105
42 1320 19 98 1323 1302 52 96 51 1372 1319 38 70 1298 1322 43 66 1299 1340 75
201 214 225 182 174 221 208 202 196 181 198 200 227 194 235 192 211 188 195 236
218 236 232 224 246 235 258 213 206 225 247 261 196 262 197 200 256 252 216 255
222 240 269 241 249 259 218 250 229 268 256 223 257 219 199 239 251 216 236 224
230 237 252 239 207 247 229 219 214 228 209 208 223 225 213 256 226 204 244 217
29 1359 60 1317 51 1356 62 23 1318 13 1334 96 81 1320 93 9 24 0 1337 58
193 213 201 217 180 171 204 200 238 203 178 205 239 214 163 229 182 197 219 209
463 476 447 462 431 451 436 470 445 434 449 469 441 444 466 460 443 458 437 448
357 396 329 336 390 385 379 334 325 354 389 392 394 411 373 338 404 410 378 326
70 88 1342 73 1377 1349 1343 1305 1353 58 53 60 59 42 55 96 1331 91 61 82
49 1315 33 60 79 75 70 50 1365 80 26 1300 68 1324 1333 73 1362 1308 58 1331
29 1327 61 1372 46 58 98 1346 1318 2 1371 101 1310 54 1308 97 1355 1314 1329 1316
92 1360 26 1372 1361 88 1334 33 43 1304 31 38 35 84 103 1335 1378 1377 1324 71
260 274 275 247 290 254 242 295 284 272 277 281 255 262 280 250 300 240 245 273
1321 1360 12 96 1308 71 1301 105 1369 20 1306 89 17 48 106 1377 43 1297 97 1300
42 69 1328 28 1376 38 1332 73 1323 1311 31 1355 79 83 77 71 43 27 67 1318
70 1370 1360 14 1371 83 1358 1339 67 54 89 46 18 1354 1369 93 1341 40 1357 63
69 1341 1344 1333 1366 53 42 77 29 1325 1322 34 1324 1299 22 85 1373 73 17 18
1194 1202 1238 1242 1209 1206 1196 1188 1237 1199 1216 1232 1192 1245 1184 1215 1222 1239 1227 1207
211 235 221 226 206 199 239 194 188 202 247 260 191 196 217 252 187 237 223 197
321 355 294 377 378 328 391 333 372 349 347 380 297 390 332 381 337 296 342 370
1281 1294 1307 1268 99 1285 1314 1293 1288 1277 1300 1319 1269 1313 1308 1312 1276 1262 1289 1305
18 1325 1307 1335 1321 1344 38 44 1372 56 1350 28 95 1336 1310 21 1375 50 1355 1334
41 58 29 1337 84 27 23 1330 37 1371 1306 1362 1370 54 62 74 51 73 1343 64
1301 1309 65 55 1324 78 92 1314 66 1322 1321 42 1331 1328 76 81 1300 69 68 44
17 1361 9 88 24 1377 35 1332 89 1334 1353 70 1376 1357 57 78 46 56 28 1356
18 1357 1367 19 79 35 39 1327 77 3 1322 58 88 0 73 69 21 1338 1358 5
69 1351 38 96 1369 52 1338 1341 54 23 1370 1303 1356 73 1330 1331 43 1337 1363 29
431 464 454 419 455 434 452 441 477 451 447 421 424 433 437 475 449 442 460 438
172 197 157 186 166 146 176 205 195 177 201 198 206 217 185 158 156 182 147 161
1134 1138 1130 1123 1124 1144 1145 1133 1131 1141 1125 1132 1150 1142 1143 1121 1149 1146 1128 1127
27 1335 50 35 53 1314 46 1 1336 1326 1355 78 83 15 90 9 92 1353 1342 1361
59 82 1346 74 1363 1312 98 50 1334 1365 1303 1299 1378 71 1369 60 1371 87 1307 29
87 1299 1293 83 78 1287 111 1300 1352 103 1371 1365 1332 86 1317 1335 1313 98 1289 56
243 264 246 228 250 226 239 289 231 234 276 280 247 285 284 263 291 294 268 277
229 254 268 260 269 251 277 281 263 284 233 271 217 242 246 265 236 230 234 253
58 81 1339 1342 1308 90 39 63 1359 1315 1300 68 1344 47 41 45 83 76 52 37
106 1304 1294 105 125 1314 62 65 50 48 1317 1293 100 123 60 76 78 111 1316 45
1337 1374 0 33 1317 8 1369 93 15 12 54 51 1325 17 25 56 87 1378 30 18
75 1304 59 73 1300 78 1302 1378 1375 1372 1360 54 1295 1337 1373 58 1343 65 1308 67
30 44 79 1351 1339 1378 1308 67 65 72 1336 34 1371 1309 0 1343 1319 1374 42 1312
57 1376 1369 1301 82 70 21 1307 13 1328 44 1320 79 1310 1359 53 54 1314 73 1303
190 213 209 233 227 236 199 174 193 178 177 166 187 200 226 221 191 171 192 183
172 190 170 181 159 202 214 158 187 212 211 174 185 175 160 176 205 210 200 184
320 329 375 355 338 359 300 336 1230 306 301 341 349 315 331 371 348 328 372 351
253 260 271 230 249 252 275 285 247 234 248 291 266 274 245 246 251 269 287 267
1346 1359 40 60 76 75 88 80 34 1352 90 57 93 72 14 42 1364 48 50 1326
26 1332 73 4 30 1368 1313 14 24 55 1348 10 1318 75 23 90 1312 86 27 2
73 1339 1355 1302 21 1321 8 47 1324 1298 72 1371 1320 62 5 61 64 33 30 65
1339 1372 60 99 1375 1359 63 1362 26 10 1368 53 1325 57 1334 22 94 32 1363 5
57 83 1299 1343 56 1336 1309 1358 1330 35 1353 1373 79 1308 53 1321 1349 1374 50 1344
67 82 1338 1329 71 62 75 47 1353 1363 1299 1331 1330 1365 1305 48 59 41 36 84
106 118 100 109 1318 1317 102 1297 120 1308 1316 1296 124 123 122 1322 1323 104 127 137
373 393 387 360 335 348 409 403 343 370 334 405 395 383 399 332 338 340 345 392
368 382 409 353 345 407 378 336 373 325 366 364 385 372 393 327 341 351 333 392
63 1367 10 9 1341 79 1375 1348 1310 1329 72 1342 1350 30 1326 41 85 66 21 50
1237 1251 1218 1256 1246 1274 1219 1255 1222 1250 1207 1198 1210 1214 1243 1235 1225 1247 1212 1272
13 27 1348 1320 1357 50 1350 1364 11 1375 25 33 1359 2 54 1370 44 1336 40 19
292 301 279 306 263 300 282 311 293 269 295 291 328 285 323 302 319 286 268 297
1326 1364 48 1351 1331 69 32 39 70 93 44 63 1362 47 83 85 1324 1339 1370 1346
1157 1167 1171 1156 1166 1180 1148 1168 1152 1145 1170 1147 1179 1153 1151 1169 1160 1177 1163 1146
