939 1050 1132 316 6 335 1042 949 42 985 948 172 1163 1073 1095 1036 1033 145 1180 970
662 682 536 552 799 554 650 800 725 644 655 620 706 698 577 697 702 660 676 798
139 1149 972 1059 160 1007 1097 1090 1189 925 1168 136 108 303 16 238 1092 189 962 1170
342 946 964 393 71 910 1001 876 1033 328 14 166 13 1037 143 354 901 80 864 355
1085 1117 112 1036 1086 1043 97 49 92 124 1207 93 1132 1157 1069 1100 1033 1165 32 120
888 933 329 392 343 149 403 407 145 324 9 885 931 361 295 861 904 887 929 147
609 747 553 788 660 573 563 773 589 713 497 790 510 665 640 772 658 735 506 579
507 1002 518 1054 71 87 530 821 88 106 792 1131 533 50 480 822 163 467 782 639
519 616 976 518 760 537 493 991 970 999 551 478 748 620 792 684 1000 680 631 798
102 1041 36 1099 1206 98 1084 1191 152 39 1122 171 1033 11 1141 1196 1184 169 964 7
819 841 901 514 951 953 829 471 806 813 1004 894 845 991 468 794 521 511 510 840
27 99 169 35 1144 1019 1016 44 126 5 1146 1045 1152 956 1057 1143 66 74 1185 942
594 692 516 645 495 751 603 577 526 768 609 631 520 731 499 809 687 643 658 538
630 731 640 687 701 659 711 567 626 517 489 492 634 533 660 607 565 682 733 592
14 103 1118 947 1015 46 1144 1028 130 1140 973 1127 21 1054 1049 1153 18 1053 110 1090
591 673 668 584 746 785 675 530 609 719 782 634 771 573 694 553 789 605 660 608
558 572 721 630 655 534 487 575 673 652 555 507 665 699 726 488 751 723 638 577
559 572 725 799 805 512 679 484 607 700 490 672 784 674 599 579 628 551 601 660
522 639 479 805 819 502 605 619 723 635 572 809 747 797 808 641 549 595 993 474
499 787 731 1005 547 622 811 588 760 556 599 543 581 538 1004 490 999 821 762 561
1057 1190 146 160 1099 124 959 141 97 1077 1000 86 985 979 77 994 18 73 150 67
313 929 971 903 878 259 391 25 384 283 951 942 960 335 136 895 962 949 941 917
69 997 83 144 151 1112 514 1202 1015 148 39 1040 105 800 931 949 135 1101 813 824
368 917 169 315 849 904 284 365 160 921 274 278 936 390 279 908 340 847 850 852
208 275 906 157 129 248 239 293 926 928 142 295 205 168 185 132 225 316 909 176
20 991 56 802 169 1026 97 784 1137 1140 1208 1160 805 955 1130 1064 176 1060 1057 779
534 658 675 815 749 754 676 519 673 651 722 504 656 536 510 696 971 976 734 497
68 1013 1057 1065 1041 778 443 1004 1029 84 103 803 942 130 1133 1094 154 1070 1142 34
569 749 526 593 700 508 747 689 646 686 582 525 737 566 621 738 535 790 636 714
19 1085 167 1143 1170 126 1201 39 1109 31 1200 1130 1190 1097 1165 156 980 48 1011 1033
448 471 57 775 451 799 539 779 531 824 498 419 793 546 545 518 431 46 432 496
141 184 175 1011 35 123 157 204 276 1084 235 245 282 269 194 263 1202 270 219 999
1072 1203 1016 150 60 1025 102 956 1207 1193 31 42 1085 156 1052 114 1171 40 1046 78
98 160 976 1014 97 192 194 1175 12 1079 1122 219 1178 134 29 235 47 1198 67 215
333 383 344 299 280 942 912 375 282 316 308 349 345 340 934 952 926 904 949 955
567 748 809 563 554 792 583 494 692 539 547 711 705 979 771 660 532 525 568 737
513 641 726 528 479 675 571 1015 501 758 664 616 982 654 560 515 702 602 522 971
101 1108 1106 37 1092 946 1075 164 1017 1021 1035 150 1055 997 126 1128 1127 4 98 133
44 1081 1102 1044 113 3 1164 1042 959 1149 95 973 1036 122 1097 1093 68 958 999 1132
487 789 661 465 537 652 651 505 503 1016 724 722 748 561 1007 818 541 585 814 543
578 636 799 611 806 562 748 803 575 789 658 631 766 785 759 609 800 776 807 772
23 1190 1068 172 1185 89 60 92 1113 1200 3 1209 153 955 1138 80 1116 1084 1042 1187
1093 1141 1085 64 1004 104 67 1183 58 1061 1162 1104 151 1138 46 992 94 1080 1087 970
584 717 516 566 513 588 523 716 795 645 539 681 784 581 721 723 551 521 785 712
86 977 945 132 100 1145 777 1066 1106 69 970 968 966 1062 1178 1092 1018 987 42 959
124 1061 944 1185 1187 1023 940 1013 1009 1160 1047 1083 23 1055 1071 948 37 979 149 960
139 1004 242 140 508 171 1138 787 183 221 237 121 1084 251 213 1136 959 1160 122 55
136 257 279 70 1118 923 262 1093 1068 1136 1059 1178 108 250 177 1193 1139 41 1198 111
32 62 1078 1039 102 1008 1065 1161 110 1153 68 1164 89 982 1163 104 106 25 2 984
133 150 28 933 910 1131 201 149 289 1031 1033 256 1020 1060 927 45 1154 1050 948 229
500 626 483 794 631 777 667 810 497 718 661 550 614 700 695 688 825 468 459 692
89 1090 19 1061 1149 86 44 1180 1018 1133 1076 987 1017 1069 128 1147 967 1025 1083 1195
983 1072 957 1102 1008 965 1029 1036 1137 512 151 759 528 1067 1194 114 1101 1207 132 1191
476 528 823 530 756 656 817 792 484 529 786 432 446 972 776 495 658 481 775 968
510 736 602 725 643 723 707 695 722 741 495 765 770 756 710 494 792 825 797 793
321 945 877 956 74 87 41 1048 1008 939 50 981 391 930 904 301 974 78 933 992
489 607 736 797 609 581 790 658 639 575 708 747 748 617 746 783 614 514 670 660
794 820 566 789 636 543 485 475 487 497 626 1009 472 958 792 606 666 483 507 551
639 765 706 786 719 986 772 547 976 736 679 759 551 733 642 707 637 552 581 665
19 1196 130 1033 147 144 938 951 1064 1092 34 1055 111 86 161 162 134 993 1198 1103
632 683 551 516 624 639 676 518 776 765 586 549 730 532 772 494 558 704 634 685
132 939 1120 1193 268 117 1009 907 1140 269 1080 286 879 970 875 156 979 162 891 27
290 300 152 349 315 348 343 918 337 320 146 948 358 311 957 943 178 947 944 373
100 132 1046 1102 140 293 82 23 1033 26 86 1184 63 143 98 942 1127 1193 69 291
189 269 143 148 936 183 228 165 146 290 128 180 293 145 170 291 223 893 311 257
408 888 406 845 421 433 857 905 403 422 902 434 937 428 866 400 436 853 391 432
175 1156 1054 1024 221 1114 927 1092 1162 1192 1078 164 283 256 1166 276 23 1106 76 254
345 907 879 921 343 169 338 881 404 259 943 380 331 391 276 166 388 275 945 963
309 905 367 390 912 399 892 841 288 340 874 937 858 374 256 850 361 396 285 380
136 1026 1116 1039 1177 165 1193 292 170 1106 1003 132 120 1048 7 41 960 1001 1065 1036
22 54 974 85 33 1132 968 1129 39 24 948 1013 932 47 26 25 148 1079 1103 3
744 795 797 685 486 1002 633 671 535 569 463 757 477 799 1005 1012 817 721 645 809
946 966 814 333 956 309 999 52 1076 894 356 317 147 551 825 1071 982 848 1002 991
508 634 798 529 728 592 726 1001 739 704 543 696 780 803 515 767 495 510 579 996
1047 1074 1145 1175 62 1207 1181 947 1090 124 1184 1195 983 142 84 51 1051 115 989 1166
70 944 364 311 162 329 443 398 1143 1135 150 131 306 38 1098 983 173 878 135 18
990 1070 1202 169 66 1137 158 1029 952 1028 20 933 997 1084 1083 1037 1136 1080 153 1072
487 552 818 967 788 462 973 659 605 558 819 729 778 620 734 547 502 662 622 610
305 954 949 128 120 1025 135 153 405 41 926 1018 950 863 877 861 13 1057 297 268
566 753 706 781 626 738 554 730 640 644 693 729 699 701 505 486 658 689 970 703
43 1096 983 65 1095 123 1207 1171 1018 1137 85 132 1108 1162 92 1040 1006 1019 939 1068
590 785 986 720 498 582 535 743 1014 721 556 757 713 500 812 796 609 528 793 525
169 203 269 1207 225 4 144 276 948 1013 1042 1187 1202 266 196 1188 198 930 1176 201
509 614 726 483 649 775 772 999 1005 829 532 559 561 653 530 785 804 567 606 672
495 813 448 775 1005 531 611 764 806 497 500 444 491 542 810 463 1006 538 801 797
1038 1168 1048 1116 1083 1092 1070 0 12 1192 1052 1069 123 1021 1074 1072 1063 1132 1065 1166
578 608 637 516 691 582 649 808 773 767 573 700 604 621 555 713 682 761 760 673
1022 1066 1082 1044 1200 144 1095 88 1146 58 73 779 1084 116 1167 1164 48 67 140 94
8 31 1208 138 76 1087 1179 930 1185 949 1168 1141 954 1209 1123 181 1158 944 1084 26
1073 1119 27 1089 17 1151 1162 1124 1170 1108 131 990 1140 1060 1068 1009 1112 134 42 1098
26 1135 3 48 1059 1057 1136 122 120 950 1148 1049 142 1193 960 1168 1080 947 1166 39
157 201 27 161 114 230 190 1054 116 299 1034 972 1194 9 1 144 271 206 300 191
41 122 1103 165 942 1165 1106 1040 1008 1086 1037 103 1132 48 82 1070 1020 1139 94 1045
1014 1072 999 139 963 1195 1046 46 806 505 1153 71 125 114 953 1106 1053 975 1182 98
232 286 336 254 155 166 277 933 225 223 930 312 218 260 306 921 242 235 323 940
42 1150 1090 73 1132 1140 1134 169 445 1190 3 1206 1038 1091 34 968 1141 1008 1147 1126
76 1037 934 937 1091 58 966 944 110 1186 21 935 109 1130 965 1024 1019 970 102 993
21 1136 1007 1094 2 143 1175 97 1120 964 41 22 1044 1074 937 32 157 1157 159 931
40 1147 987 77 95 943 75 0 51 1008 143 1178 948 1188 1019 55 106 990 81 1046
109 1128 1024 1100 967 125 1002 162 1047 1121 138 951 159 1110 75 1008 139 1174 81 1068
168 977 1063 924 1043 1028 1120 1162 754 1053 95 1049 1198 1154 974 1070 1183 1190 906 920
27 1174 55 45 74 123 1153 105 149 1125 26 1101 170 1135 1141 1007 968 1071 86 101
1051 1101 1013 1205 1018 1073 87 1156 1022 46 1083 1159 94 971 968 1085 100 1196 942 1031
545 604 544 967 551 709 558 756 630 468 524 617 723 559 767 622 556 591 600 762
152 1033 1137 104 1055 131 138 71 983 121 948 102 1032 1103 1058 245 38 163 1037 207
496 816 991 780 627 828 482 628 773 831 472 456 623 1000 795 477 817 760 478 555
861 889 895 956 933 927 914 842 937 876 863 870 887 902 903 919 395 866 867 865
571 718 674 697 725 720 579 576 509 800 750 624 719 662 527 646 530 508 507 640
138 1175 69 289 1079 19 265 984 302 947 102 1151 25 246 1183 1077 4 81 120 238
90 1121 1013 49 62 71 139 988 1205 996 147 1180 7 1128 941 1179 1016 1164 939 1117
54 1056 1037 18 119 1023 3 1031 1182 76 91 133 1140 82 1166 1153 1173 957 144 59
50 946 91 168 165 1110 866 445 80 324 403 883 23 1073 335 105 1143 1075 117 51
13 942 360 1142 27 174 122 952 1131 1022 3 930 116 153 905 358 1191 932 1180 86
318 946 86 35 359 103 175 1009 896 1036 287 885 367 893 978 110 996 922 70 173
78 993 817 169 1103 989 111 988 939 515 981 959 5 1138 1168 525 22 110 66 20
1001 1098 43 0 964 65 797 1139 1178 814 1045 1203 775 825 801 940 163 1004 774 952
80 1037 1137 1004 158 1046 956 1076 1119 1167 978 110 1179 938 1197 1029 1039 959 1181 85
404 939 1006 956 72 1044 136 994 133 1040 355 900 413 991 1002 912 4 17 981 23
821 850 882 1002 881 900 469 893 798 800 495 961 884 822 946 866 995 841 835 907
579 764 616 689 543 726 798 626 555 609 567 586 628 623 988 637 607 727 979 720
556 793 502 552 797 569 992 823 584 803 503 580 613 578 581 808 729 675 1013 563
33 58 118 36 11 1113 940 1071 1190 1147 1102 55 23 978 1079 21 1012 1069 1054 65
83 946 308 327 11 899 1180 1033 1106 1080 143 995 312 1009 171 948 973 1125 1157 120
141 228 197 1126 990 253 132 230 127 1190 114 147 1157 212 1152 177 108 155 953 1164
153 223 7 303 1207 142 207 289 1010 238 145 212 27 296 1054 960 17 254 1201 976
1028 1067 1169 126 42 1140 127 145 119 953 1134 1183 1044 1088 1077 1142 1139 38 1138 954
500 822 511 823 600 460 764 636 782 499 469 768 476 592 539 604 595 842 494 837
629 719 752 487 560 648 688 632 692 585 621 559 792 553 484 521 768 731 725 544
21 1195 1039 1141 1116 121 18 1102 14 1111 1088 112 8 1074 172 1126 1025 1042 1027 928
1045 1084 73 43 956 1 1004 1192 939 1070 103 1115 77 981 1061 938 1036 992 1109 1116
486 818 615 561 502 623 611 841 808 823 448 518 550 522 848 802 559 616 538 1004
588 704 748 576 635 551 647 581 701 574 585 617 708 782 741 743 733 714 610 694
637 764 501 524 735 586 773 987 776 593 557 523 628 624 632 555 656 558 641 627
272 912 228 928 955 914 949 965 240 178 374 937 254 143 195 352 373 913 208 189
493 566 478 590 446 968 612 807 440 724 610 506 543 762 468 659 819 820 661 681
553 616 624 790 524 671 653 755 712 687 801 799 610 505 782 685 665 710 726 510
997 1113 1155 27 1006 789 1038 798 156 967 949 18 1169 67 128 1067 1144 149 6 94
162 217 1169 984 122 1028 1022 1032 194 249 932 242 994 976 1137 148 1027 1160 196 1196
58 963 1108 1070 1044 72 1096 26 1024 1022 1134 20 1020 54 68 1018 813 951 95 1063
984 1013 1143 1063 1152 1078 760 118 1107 1118 506 158 58 774 90 6 1146 1058 1067 138
1076 1199 1163 1052 1177 1106 1204 1067 103 83 1120 978 56 23 991 1192 1083 26 21 1161
116 1021 1123 1019 1182 1037 1061 1054 1048 1092 121 1205 1032 27 1159 49 1075 968 39 1058
593 628 565 551 482 774 536 738 778 494 630 543 517 677 775 534 660 724 747 523
973 1052 1065 547 63 54 47 55 511 14 170 505 1057 96 541 767 512 158 950 1111
327 342 291 924 950 313 949 938 378 317 930 397 326 284 305 912 946 295 324 359
688 740 666 756 714 569 630 708 782 725 623 601 710 735 592 550 503 686 638 661
153 963 950 152 258 817 942 1207 1170 178 923 62 275 189 927 271 957 182 142 77
954 1064 35 1060 923 128 1133 961 48 4 882 117 987 965 1109 969 339 1196 56 1160
55 1207 51 99 969 951 448 1101 151 1086 1109 1178 1203 130 150 22 10 28 1117 1003
73 1131 11 14 36 1128 1191 1129 2 1110 1015 1163 1069 1146 1185 144 966 1198 19 131
