87 1254 1391 1318 1050 132 1156 1265 1363 1271 1364 22 1148 96 40 1231 1340 1191 1324 1320
988 1191 1265 946 1336 1158 1156 1303 1366 1195 1261 932 1140 919 1080 894 1182 1042 901 949
962 1032 979 1132 1300 1143 928 967 1046 1165 1056 1178 980 990 1313 1159 1318 1070 1074 1169
237 302 219 204 301 285 172 171 441 367 456 384 390 267 396 203 239 349 170 298
898 916 957 1126 836 931 921 974 1125 861 1000 892 828 1014 858 806 943 1164 863 918
552 810 529 855 712 820 601 706 802 596 557 819 591 752 831 603 744 696 701 611
87 1259 1047 119 1186 2 124 68 1343 1362 1177 1298 1162 1176 6 1369 1388 1292 30 1199
761 835 876 778 564 892 554 905 893 551 786 547 814 533 763 550 821 581 584 706
104 1329 134 1401 1233 116 1053 1228 1239 1281 1265 1159 1059 1298 1270 43 1385 1187 1307 1276
313 460 425 413 502 237 232 581 264 420 508 290 247 235 384 285 528 503 304 498
378 418 350 280 451 438 276 620 304 443 294 431 449 628 357 455 614 420 440 625
762 878 868 779 531 747 888 541 590 731 560 899 564 819 583 818 754 891 863 862
418 500 403 582 580 445 469 410 361 367 647 689 690 601 618 344 534 462 492 389
608 653 535 579 485 576 450 566 529 666 639 717 625 492 631 735 607 572 615 557
564 873 731 720 523 730 728 683 870 631 674 531 864 872 742 721 582 620 627 725
577 617 438 509 508 417 863 571 587 798 462 776 484 654 724 522 777 517 622 466
913 947 960 1303 1164 970 1123 1041 1000 1141 951 1161 1153 982 1295 1050 1163 901 1166 1157
16 148 168 152 11 1249 1239 86 1251 181 1258 170 1262 1343 121 1231 186 92 160 1359
794 879 573 544 816 723 537 872 907 892 855 806 589 548 869 772 762 567 594 719
543 630 823 780 808 435 547 669 489 800 612 733 761 752 482 481 678 606 436 456
1145 1172 948 1221 1302 1198 956 1186 1203 1146 1296 1283 960 947 952 1149 970 1325 1328 1059
103 1244 1329 18 1226 1305 1162 155 1369 14 1043 1232 1229 97 1392 1378 1260 1327 110 1172
545 793 590 816 799 719 884 866 516 752 786 864 791 727 560 876 707 732 856 509
210 257 228 276 269 354 226 161 179 222 160 330 220 151 292 359 163 350 165 181
349 406 336 400 461 469 437 278 319 351 297 274 507 432 451 296 435 305 269 380
1179 1345 1219 1159 124 982 1371 976 1391 993 1198 1287 21 1316 1284 1000 1148 1247 962 125
486 620 420 547 703 524 348 491 371 368 657 586 467 540 730 432 601 346 714 611
1160 1226 77 1369 94 99 996 1316 1366 58 1215 969 92 953 1277 1200 1027 1154 934 1178
353 457 271 313 637 289 464 458 591 379 385 257 273 635 429 630 641 284 611 600
1171 1253 1390 1238 1132 989 969 1319 1018 971 1326 942 960 958 980 1051 1061 1387 1054 1142
450 582 395 399 638 557 802 403 706 597 770 533 767 405 315 387 519 678 611 451
116 131 176 1390 77 54 1401 62 81 1320 34 1365 3 37 1236 12 195 1394 150 35
7 61 54 1368 153 15 92 1246 35 1208 1259 33 4 42 138 18 67 159 1276 107
525 633 570 668 727 664 734 459 440 512 574 613 592 673 761 657 743 628 746 460
529 755 796 854 857 859 754 684 481 674 677 553 505 605 725 639 456 632 873 437
441 505 509 650 310 299 536 611 578 499 428 704 325 656 357 700 574 376 503 356
41 1389 14 59 111 1292 57 1253 18 39 8 1345 1288 1197 63 1206 56 4 1276 1299
548 717 716 831 681 713 733 484 521 563 528 760 617 624 635 564 637 697 550 803
496 591 659 522 417 600 657 342 409 446 447 606 502 531 547 363 564 410 713 724
44 1297 1160 110 106 83 1201 1289 948 1255 1044 87 2 1285 1220 1172 1205 1154 1259 36
482 634 466 719 636 517 417 334 697 698 447 542 567 581 725 409 312 406 351 515
754 854 745 732 758 867 876 836 721 873 549 768 591 828 712 856 747 904 548 827
957 972 1075 1080 1109 1001 933 912 1000 1179 985 1050 1126 1105 986 980 1051 1074 1046 1184
208 241 225 146 195 152 194 359 302 341 220 317 160 347 243 244 351 149 294 268
1216 1300 1191 64 66 1255 1187 1361 1295 1156 966 1044 1196 994 1265 992 1252 1201 1251 9
1028 1051 962 1152 959 1139 1297 1180 970 1286 1008 1290 994 1211 1133 1309 1316 1096 1238 953
364 411 390 375 391 257 272 420 473 381 302 359 333 271 329 299 482 249 361 312
594 804 842 699 531 777 635 500 863 541 504 578 702 534 860 503 808 581 760 461
542 631 746 699 795 861 436 821 450 434 443 526 606 501 700 705 618 799 722 608
518 531 456 622 548 463 462 496 756 794 431 532 603 788 506 786 665 631 647 705
116 176 134 132 57 1342 156 1345 56 37 1352 179 1232 235 150 10 1324 1340 159 24
80 1280 1197 100 30 1242 1050 8 88 102 33 1246 1308 49 1327 106 1158 1282 134 1210
1016 1055 1170 1128 1166 967 1327 1015 1049 1125 975 971 1078 1089 1070 1073 1200 1250 1068 1240
472 592 553 573 683 404 696 796 521 362 434 399 751 656 659 468 639 372 661 571
959 972 986 1087 1161 1000 1144 1136 1121 1077 1295 1045 1110 1127 890 1124 1103 1070 1085 1296
101 1345 50 1367 98 1236 1360 91 1355 1208 144 30 19 157 1371 138 1239 1245 1251 49
56 132 1343 1387 1330 13 60 1208 1396 57 1358 1277 10 207 1383 134 120 101 159 1222
256 338 248 225 281 253 360 352 458 477 384 408 278 329 319 293 432 457 268 337
358 464 380 491 641 342 474 460 389 581 433 631 616 645 409 325 675 302 255 674
560 628 751 521 544 616 515 679 856 532 622 583 744 719 769 723 531 625 557 810
1323 1367 35 1215 1058 1206 64 84 1298 1401 74 1332 83 1294 1341 1188 1054 37 1150 76
908 1146 1174 1124 1193 888 1127 1153 948 1245 1308 1319 1178 1316 919 966 1158 1324 839 1284
292 423 630 469 617 398 253 380 323 329 626 295 464 497 356 251 239 473 326 390
82 1281 1146 1236 1214 144 95 2 1379 91 126 1292 1315 136 106 1324 1184 1368 1188 1183
593 649 511 666 811 544 673 783 693 591 637 545 634 757 590 776 664 688 641 529
576 865 737 827 772 866 493 773 778 494 532 500 820 624 621 788 636 609 816 864
529 670 652 452 530 483 720 429 658 783 456 563 570 743 493 801 752 799 721 600
992 1048 1242 925 964 1279 1191 1013 1178 1049 1216 1253 1225 1315 1081 924 1301 914 1052 1157
190 239 359 130 341 205 287 242 288 361 260 138 160 123 316 122 228 291 202 328
959 1153 963 911 1250 935 1305 987 1154 1286 899 909 1019 1249 1240 923 1004 1309 1044 901
80 1388 1226 51 67 139 1370 1270 1343 1359 1364 1326 1362 1289 1335 1245 36 1361 9 1342
0 1381 1325 1306 1256 67 1204 1328 1339 1363 1355 3 1234 122 1379 1365 131 121 35 1280
584 771 793 531 666 470 883 485 451 469 501 694 432 614 541 820 535 713 774 676
767 814 539 586 740 565 840 545 846 595 583 554 816 701 831 559 890 589 871 887
613 710 803 547 640 742 789 512 659 570 764 763 765 465 446 544 629 428 487 557
379 419 396 315 386 421 351 376 270 285 478 390 356 435 469 407 310 436 484 428
1194 1279 1190 1327 992 1291 1299 1188 85 1343 1007 1346 41 1040 1365 45 1289 7 1360 1240
781 879 735 792 820 778 768 871 885 596 812 808 825 537 721 839 889 816 860 745
15 1392 1230 1235 1328 159 130 1366 77 1345 120 1251 1367 1257 1317 1386 49 1380 56 62
1052 1231 1225 99 1305 1261 1328 993 1308 1129 1120 1195 1366 1134 1008 1135 1347 1155 1242 14
104 1251 1280 142 1192 1203 64 1399 58 1321 128 9 1341 1198 1376 18 1201 1221 1259 1150
543 624 614 763 481 497 533 735 710 458 439 423 708 613 628 785 450 666 549 456
487 531 350 498 759 580 307 500 405 521 584 504 763 345 663 480 343 530 320 478
461 589 557 498 732 348 544 601 655 344 634 720 435 317 606 640 358 585 658 508
870 884 967 770 807 729 886 960 780 889 916 823 754 827 863 739 933 929 738 810
77 136 1355 159 1 168 193 104 1250 1357 1389 36 1374 185 1342 24 1285 1385 1220 181
1157 1264 1001 1195 1300 981 38 1290 1052 983 1192 938 953 1181 933 94 1163 29 1035 5
989 1074 1123 899 977 1128 1096 1160 986 999 1170 930 1007 1031 1080 1052 1019 1003 916 1011
1160 1247 111 1265 1387 40 1209 35 1067 72 1204 1053 1044 1020 1180 31 935 944 109 1301
1210 1312 1322 11 1236 51 1036 1225 0 1347 1140 99 1247 1273 1162 78 1259 1350 90 1342
1207 1304 1301 1209 34 1238 1196 1055 1173 1157 74 94 1338 72 1289 84 1151 33 1201 1254
1163 1317 1239 60 74 45 1161 1228 1335 1314 933 1203 1053 1278 1049 1170 915 927 1277 1350
93 129 1247 159 1296 2 158 126 1234 1375 3 8 1278 1310 37 12 199 26 99 163
909 1150 1168 965 924 1197 1320 1042 1266 1177 923 959 1287 1189 935 1128 837 979 1037 1005
5 114 46 1221 9 1280 178 1383 1399 1370 1237 1323 1363 1331 1316 107 1334 1220 47 15
1258 1387 1252 36 1161 1181 1293 1163 1195 1390 120 1159 1221 1233 1220 1298 43 48 1207 1379
562 683 625 833 735 864 544 595 702 503 586 682 609 566 854 792 471 498 560 564
75 117 1400 1335 1241 1318 107 92 1270 44 133 175 1330 1313 1245 1332 1321 68 1235 121
327 478 354 350 682 333 382 357 595 491 676 586 528 297 234 604 420 218 444 618
1262 1361 1198 1294 1229 1353 1392 50 1381 1203 15 127 1046 1258 55 1333 4 1253 1202 139
572 668 506 623 852 630 498 857 592 719 621 759 725 793 761 503 626 844 523 830
1 1314 1311 1162 82 119 154 1331 1037 1261 16 92 1300 158 1014 1144 103 94 1143 1240
95 1245 1387 20 1048 1341 16 1400 1167 1343 41 1176 149 150 1294 1232 1186 122 1154 1181
1160 1292 1008 1323 76 57 1329 1053 989 990 1216 1225 89 1210 1233 1280 1223 1291 1013 941
1055 1074 1185 1309 1107 1288 1002 1227 989 1037 1127 1315 1197 1240 1308 981 1027 967 1066 1133
624 640 547 544 443 668 582 696 415 501 606 462 505 596 572 535 435 587 662 433
731 759 585 645 501 533 620 752 560 706 768 760 619 571 612 606 688 510 682 817
444 523 322 559 377 610 762 539 666 457 720 368 727 511 486 473 761 715 367 719
128 1354 75 195 1194 190 72 105 1352 169 1207 1198 35 14 1358 1188 134 1204 182 64
566 866 552 887 794 689 620 864 784 822 844 760 599 623 516 759 851 616 893 594
202 218 179 327 226 198 131 194 181 246 137 217 228 329 132 244 234 140 328 251
520 671 477 598 631 522 750 435 437 544 541 501 584 697 497 665 694 434 593 667
712 752 612 682 545 491 864 723 587 465 618 764 464 488 445 881 506 485 541 716
1036 1205 1251 1058 1287 1367 1272 945 1125 1213 1152 1268 1190 48 1099 1371 1080 1312 1133 1166
756 878 917 703 590 781 856 554 910 779 587 787 728 582 551 879 846 532 739 544
363 389 409 352 398 436 460 375 424 416 440 410 496 441 317 405 358 451 282 269
1002 1166 1128 971 941 910 1279 1197 1100 1267 1295 1039 1234 1247 947 1071 967 946 1241 1228
105 1253 1329 110 1252 1387 1215 1336 1359 1328 1166 1176 1318 1203 163 1269 1189 57 1316 85
952 1048 947 1124 911 1229 1024 1039 999 907 1223 981 970 1005 1198 1255 1138 976 1227 1260
444 535 778 346 405 624 658 450 421 665 618 635 304 701 521 371 723 712 549 546
34 1399 154 103 1360 1242 1308 33 90 92 27 1312 60 1259 1368 1367 26 51 3 79
1053 1295 1025 1184 1319 1027 995 1078 1122 1020 1331 1044 1113 996 1022 1070 1171 1130 1099 1146
47 1211 1207 119 995 1339 1199 1344 1005 1009 1383 28 109 1051 1048 1047 1233 1170 1204 45
53 1363 1315 1251 1229 1272 1240 1379 1392 1215 59 133 1225 1226 90 1351 1230 12 1300 66
1044 1325 1310 93 103 1120 1286 63 1174 1159 1018 1269 1290 118 1079 1239 1339 79 1301 985
1129 1157 1062 901 1316 1045 973 1132 1243 1268 958 955 1307 1009 1221 1178 1141 1174 949 1005
72 1382 1244 1362 122 105 91 116 83 1237 1226 1324 1309 1 1371 1398 1378 1313 10 1335
2 142 126 1387 1279 1384 1243 184 1263 1355 98 182 1277 18 7 1327 60 1208 1260 1336
536 781 578 683 666 854 691 580 860 461 488 522 709 713 776 667 716 513 483 552
129 1356 41 176 154 1233 1385 84 76 126 1195 161 178 1190 190 1393 139 1359 1374 1363
1182 1319 1343 1138 993 89 1268 977 981 72 966 1208 86 87 1008 990 1227 1253 1277 7
810 861 845 587 703 834 844 871 804 562 754 734 579 709 584 820 757 832 760 728
340 433 337 374 295 225 421 475 431 487 589 364 530 253 325 636 473 478 293 511
239 272 209 394 391 312 244 190 350 364 307 204 359 320 326 300 207 275 260 327
951 1152 1148 1314 1071 1326 1240 1027 1263 1149 1185 1122 954 1016 957 922 907 1200 910 1043
1338 1388 87 1366 1219 1389 1325 149 132 120 41 62 1349 1356 1383 68 1198 1247 1355 1190
1153 1207 1329 1354 1135 1189 969 1125 1032 945 988 1019 1352 17 1132 1248 976 1348 53 1372
1139 1299 918 91 1231 1186 904 1097 1005 1073 895 1146 1024 949 1161 913 1226 1033 1202 925
611 689 669 439 734 542 466 696 520 497 659 564 586 728 578 512 725 493 510 440
254 266 248 387 351 314 289 359 238 237 253 243 380 329 240 326 252 342 269 223
518 675 700 544 697 454 701 733 472 658 490 494 482 562 717 617 463 511 649 523
941 1019 994 1098 914 1114 965 1068 903 1001 956 1084 1056 1160 991 911 1123 974 1072 1044
1231 1276 1205 1315 15 1248 12 1252 26 1354 1201 1190 1313 19 61 1047 1293 1174 1330 1237
32 149 34 101 159 47 136 1374 217 52 146 9 1386 1334 147 158 139 1205 1316 68
1164 1232 1287 1204 1315 116 1273 1264 87 950 905 1272 1036 1231 56 1279 60 936 923 24
490 635 628 357 625 407 617 403 541 507 486 351 397 412 358 498 683 646 406 467
783 855 557 831 582 572 543 781 834 526 761 785 721 549 869 832 574 552 708 716
946 1162 1153 944 1139 1270 894 909 1136 1125 1038 965 1243 1281 1258 932 1146 1156 1331 1193
130 1356 14 122 116 4 55 80 1201 100 42 197 1317 98 1340 1400 1211 154 8 1210
417 621 624 561 669 349 428 474 398 388 654 423 681 497 653 511 489 494 505 394
