34 77 27 590 123 13 625 9 92 0 609 624 98 88 109 599 75 63 45 52
121 641 149 586 673 160 655 148 622 43 66 141 155 77 88 85 686 50 665 178
812 832 802 868 799 797 861 816 807 825 852 815 822 830 810 829 817 849 819 856
104 638 28 38 141 641 158 668 24 74 161 43 65 675 575 586 637 608 640 53
635 663 620 689 146 150 126 679 584 22 671 624 683 588 585 638 190 608 678 664
577 601 137 102 619 131 42 80 561 55 563 558 570 613 575 31 33 598 562 106
102 569 675 671 623 676 568 80 608 10 87 626 48 58 64 89 56 82 599 129
39 619 94 592 570 64 50 76 622 647 131 582 48 125 28 564 629 128 56 40
103 672 652 22 125 117 634 646 667 698 618 145 653 157 122 141 146 16 692 674
18 590 584 87 612 582 51 37 113 586 135 32 606 610 84 82 597 41 120 562
379 480 527 429 401 415 512 363 423 339 362 525 416 411 477 424 517 430 516 504
28 635 0 103 599 617 656 107 646 74 123 606 579 601 615 53 76 580 607 153
476 513 520 379 403 525 489 516 552 431 482 549 551 406 546 539 429 518 478 383
104 584 26 616 100 654 80 78 647 655 115 638 572 59 13 634 28 586 644 583
258 282 205 249 260 237 234 248 269 270 212 235 279 200 250 299 302 223 213 225
652 663 155 682 156 613 671 632 185 619 128 673 636 129 131 622 178 144 95 94
83 113 597 106 664 26 618 608 568 141 639 117 613 51 159 87 116 49 610 67
130 201 94 632 162 680 174 589 667 241 259 677 683 625 104 235 579 168 230 689
183 655 118 228 106 223 635 669 177 244 660 160 224 94 141 162 612 143 240 142
116 690 144 640 594 587 713 162 634 109 167 598 138 604 87 609 160 605 127 90
100 616 62 135 637 1 662 599 14 647 119 150 147 48 666 604 593 133 581 86
69 621 599 139 132 27 619 43 99 111 652 61 85 598 586 31 119 142 156 581
148 199 654 621 649 262 200 123 209 177 166 227 138 137 239 638 641 676 244 197
61 618 639 128 581 7 99 597 121 14 616 571 134 16 579 614 35 598 140 656
105 586 67 126 583 641 46 679 25 561 129 571 30 11 667 127 35 83 588 621
83 615 570 607 125 575 592 636 633 584 114 58 649 90 658 143 653 84 616 70
822 842 864 810 828 858 877 818 861 873 868 880 856 849 829 848 837 860 857 876
168 694 112 683 199 218 198 219 645 695 706 137 215 147 661 699 680 162 651 187
262 279 273 249 266 235 240 255 250 299 245 270 280 263 271 201 286 285 230 259
825 857 871 805 815 840 854 841 878 866 855 859 845 814 813 887 827 872 829 869
350 377 334 375 381 418 397 420 324 365 481 385 355 329 364 367 349 362 331 371
386 431 413 490 461 492 338 372 421 351 352 488 465 430 377 474 395 469 388 401
152 621 35 177 148 113 43 175 50 151 639 598 121 590 167 682 6 678 705 97
397 435 484 498 422 383 407 458 461 453 493 444 420 471 438 350 354 448 403 369
385 435 372 353 498 454 410 486 484 398 356 388 474 383 465 366 393 436 478 367
147 194 668 183 175 707 246 112 701 212 630 201 650 215 200 247 645 711 226 654
395 429 467 475 382 345 387 483 402 406 390 394 385 364 409 480 363 417 430 397
581 589 128 31 113 606 619 89 86 625 64 631 63 561 635 566 596 19 48 621
84 598 649 89 588 24 97 639 623 622 47 71 580 632 106 2 95 101 604 134
666 682 127 104 161 188 126 678 136 690 635 675 680 108 647 178 649 145 103 101
469 493 476 539 474 439 435 385 400 426 524 528 456 470 522 478 503 532 387 485
134 665 186 704 606 655 208 617 693 692 620 159 643 143 204 187 710 206 618 167
122 671 126 578 701 185 665 608 684 711 675 141 87 167 575 144 110 130 79 710
230 273 241 173 175 238 186 281 181 249 247 203 171 220 227 279 297 194 184 255
37 633 125 126 122 591 65 50 637 16 666 35 9 582 18 128 640 23 594 664
120 145 67 76 606 670 626 659 631 94 573 203 665 616 603 83 102 210 635 686
624 652 41 82 167 74 667 676 688 623 8 99 143 639 588 627 116 163 16 651
573 582 114 126 0 100 46 635 77 590 585 120 83 11 84 27 9 121 52 33
132 618 606 93 709 164 670 86 619 636 707 652 585 639 697 74 657 167 97 30
116 573 70 28 649 145 676 105 131 50 580 600 699 120 62 147 625 631 690 69
577 585 613 43 125 27 562 563 30 58 130 629 61 574 109 107 67 4 78 636
554 559 530 515 520 514 536 572 512 577 568 513 571 537 575 535 539 573 531 532
390 473 488 477 369 518 432 353 491 343 513 404 434 415 469 474 410 527 427 388
89 119 613 684 52 570 668 586 112 66 149 68 699 702 59 31 691 39 164 16
67 568 580 608 91 32 43 63 555 596 124 60 110 39 59 557 94 12 115 558
140 163 201 135 704 131 119 671 637 618 204 707 630 612 660 183 122 167 698 669
223 254 199 231 276 172 238 212 237 186 279 283 229 241 258 270 244 251 205 182
169 224 217 172 223 696 262 126 651 690 145 677 193 139 267 264 647 654 211 260
419 479 515 396 434 496 518 428 525 517 417 410 391 383 444 477 435 469 494 468
392 419 365 425 432 475 362 358 381 415 385 379 353 364 368 436 361 350 448 396
30 75 11 47 597 108 568 579 24 112 114 588 647 570 38 62 637 122 634 587
679 695 176 104 651 700 125 151 670 668 160 707 677 715 166 657 672 184 648 155
122 697 195 117 630 86 583 642 569 568 180 679 79 702 176 111 616 170 714 77
104 610 127 86 125 617 627 103 107 112 51 10 74 642 656 676 25 30 625 639
23 634 619 588 41 140 111 613 570 644 82 599 631 102 59 154 123 73 3 42
293 303 297 323 277 266 311 322 331 310 268 316 276 325 279 330 306 304 315 327
43 106 573 630 57 61 643 90 85 590 132 656 62 121 32 666 142 623 119 594
377 410 393 342 397 337 411 436 401 385 354 478 416 484 392 324 389 374 467 470
807 816 792 829 796 832 839 801 808 789 804 815 783 835 791 798 820 831 787 823
49 613 634 57 104 136 636 50 618 89 81 114 71 21 43 600 122 8 128 584
16 609 36 99 599 24 102 22 651 564 130 622 38 87 574 58 37 88 604 652
726 734 776 709 750 742 710 781 767 714 761 738 762 771 765 707 715 739 749 782
32 91 120 631 573 22 97 50 613 124 645 99 9 33 654 593 118 80 35 7
72 93 610 65 112 620 643 609 95 42 49 59 597 103 18 58 600 79 23 64
317 335 300 336 362 346 320 324 306 358 381 344 315 316 383 301 341 373 369 299
101 131 126 181 635 200 196 654 671 90 579 197 618 145 623 566 617 629 105 125
272 278 259 267 302 294 238 280 243 215 217 233 252 286 222 236 296 284 245 292
145 656 644 628 645 681 181 588 209 151 714 144 166 646 153 180 131 121 155 211
108 140 655 85 196 150 614 190 172 668 710 712 42 78 588 54 127 601 691 577
723 751 778 746 796 713 779 701 790 716 700 734 780 705 726 762 763 787 727 703
690 715 725 128 654 708 179 722 702 186 679 167 732 157 110 664 716 712 689 668
192 224 244 225 202 183 237 191 124 203 140 266 157 199 153 265 247 272 188 658
401 474 497 448 417 416 450 385 527 461 428 354 523 374 500 454 370 472 505 408
75 644 681 660 622 673 173 163 112 25 43 76 105 107 100 39 169 13 628 71
495 513 479 457 532 518 538 491 488 439 522 545 517 436 514 459 542 516 526 490
211 252 271 214 175 250 191 165 200 244 184 283 238 277 281 181 246 278 160 157
58 639 609 24 625 610 65 75 29 575 675 46 104 121 653 20 576 127 672 60
179 683 231 699 107 658 674 156 248 220 677 249 135 651 215 715 167 691 169 707
267 286 219 258 299 284 289 292 226 217 278 275 257 239 283 240 268 229 211 295
59 590 139 112 625 109 108 70 13 88 12 80 647 125 132 123 589 17 25 66
672 689 127 118 99 647 110 175 116 703 144 716 191 143 153 651 180 172 135 146
63 96 35 102 38 659 653 625 633 562 129 632 20 563 95 17 116 654 645 646
424 442 430 409 429 467 478 462 388 441 415 460 390 435 412 472 454 473 447 403
106 635 29 592 593 622 97 121 128 47 80 13 32 574 79 14 631 3 662 602
393 413 405 451 361 457 387 432 352 462 358 459 447 378 412 431 420 411 381 456
194 255 218 236 126 280 253 229 134 225 149 138 667 133 249 161 247 196 224 199
387 408 384 411 477 399 468 481 432 429 367 418 430 406 487 409 483 348 382 416
89 647 593 595 678 615 133 566 628 17 69 582 84 60 637 56 24 642 111 2
399 478 500 439 413 511 477 391 433 396 373 388 525 406 411 480 466 461 501 425
163 215 640 119 264 125 239 683 693 228 690 673 230 198 171 250 202 216 711 646
375 390 476 346 347 482 416 491 397 379 399 383 392 404 425 385 488 412 330 370
582 613 95 6 13 45 652 52 628 564 602 76 121 636 115 73 120 138 612 643
26 85 43 28 576 51 78 92 59 88 125 100 599 60 631 32 569 82 647 579
759 771 793 749 775 785 754 739 802 800 731 798 791 787 751 783 742 773 756 725
726 761 716 757 753 776 719 708 714 773 721 730 709 786 763 731 734 785 728 781
568 582 17 610 121 605 59 572 57 48 563 54 594 570 11 621 61 3 26 38
41 635 131 8 38 588 146 25 140 62 49 650 129 87 111 652 135 649 636 44
279 305 229 263 330 223 281 245 220 222 270 315 264 238 323 231 232 306 255 304
105 120 638 88 565 177 43 661 52 54 75 125 59 627 703 609 115 39 622 646
80 617 656 591 29 65 622 98 50 93 657 618 2 651 57 119 69 138 34 144
45 62 612 585 644 566 643 577 578 639 105 46 635 33 82 106 590 93 603 40
12 636 602 85 582 93 96 621 130 132 37 634 662 591 663 152 599 73 95 652
188 212 193 178 248 221 227 230 150 168 190 131 135 255 217 222 140 211 169 149
326 373 339 377 387 347 385 414 416 406 314 380 331 887 391 349 351 382 355 368
188 253 288 165 198 244 218 145 282 287 222 280 285 142 215 269 279 144 167 140
418 477 423 439 402 505 372 506 443 524 460 452 435 395 421 495 413 444 500 493
129 204 592 681 662 643 594 635 200 168 654 622 644 689 182 221 142 237 96 140
44 598 88 624 638 115 576 45 134 43 70 39 577 644 89 619 30 65 6 612
387 402 345 474 460 489 403 440 347 483 420 473 421 463 478 356 429 367 379 372
141 164 163 210 614 136 607 629 639 674 668 608 615 162 205 621 671 690 681 194
360 403 345 431 418 376 445 398 336 465 342 389 362 357 474 417 392 388 481 435
586 598 16 11 561 618 612 127 600 79 43 14 141 78 134 15 132 647 66 18
141 689 633 137 664 112 109 146 666 114 644 205 613 621 183 648 702 159 640 586
165 687 683 714 691 707 710 643 156 167 702 209 185 187 647 110 170 180 122 705
765 780 792 806 797 748 760 761 779 783 754 771 755 804 764 805 746 794 766 744
92 566 587 58 564 43 561 32 80 26 10 600 573 555 6 56 571 24 107 83
26 90 613 100 81 33 52 634 28 574 655 594 622 117 40 92 569 578 21 9
748 795 726 780 751 805 775 722 737 764 773 813 774 728 810 779 761 788 818 723
61 595 101 80 611 73 17 63 85 125 134 27 53 55 4 135 93 29 596 629
693 721 747 660 134 147 696 732 114 160 125 659 139 698 149 181 720 663 728 676
30 601 582 49 18 591 79 100 64 594 113 648 588 65 32 99 23 13 96 130
758 789 782 807 793 749 763 794 750 771 800 813 743 753 786 768 778 781 791 732
146 651 689 657 106 167 197 609 206 115 125 151 701 715 157 606 196 204 619 73
97 646 41 684 685 665 137 163 10 120 627 134 39 30 71 94 106 92 633 661
309 323 289 343 355 315 338 352 311 347 346 297 307 319 333 362 342 324 288 294
31 580 619 608 53 574 42 58 578 117 95 638 66 77 586 9 612 103 118 629
110 611 90 689 58 606 121 603 630 638 586 670 594 14 19 23 10 131 648 675
813 826 812 841 807 795 821 787 846 788 805 794 817 811 840 793 823 829 847 835
78 576 30 95 40 59 127 617 107 61 624 11 99 84 109 86 5 572 580 25
78 122 660 63 81 136 158 662 653 626 628 611 159 36 192 86 614 698 679 197
98 563 43 50 15 619 569 635 62 661 615 126 634 611 590 633 5 74 79 36
65 115 96 581 689 94 139 665 129 137 662 7 681 673 125 153 160 167 637 676
63 618 5 603 65 621 18 610 147 53 33 121 635 604 132 129 134 608 62 76
628 644 619 112 597 115 130 56 590 90 18 59 624 680 598 640 605 73 615 101
170 646 632 151 670 179 64 604 153 647 594 116 221 624 188 684 88 666 615 109
342 380 482 362 424 352 310 409 370 314 423 407 347 356 395 480 431 417 374 345
10 606 565 142 610 98 607 582 639 645 18 589 11 613 593 104 9 96 83 124
22 593 106 591 46 92 102 589 595 99 119 615 101 133 115 625 578 567 562 93
317 355 318 353 292 384 325 885 307 378 385 886 379 387 399 336 334 374 389 398
587 614 94 28 58 627 69 60 90 14 66 600 95 617 54 595 20 657 602 638
