103 125 864 164 64 107 133 124 112 106 883 214 187 114 196 77 870 99 151 88
646 700 621 680 437 703 645 741 445 747 657 699 639 748 624 743 740 622 692 447
206 882 76 210 119 233 339 103 853 160 850 108 105 83 224 871 332 96 104 163
17 801 810 14 20 833 56 10 781 7 805 802 811 809 8 21 6 815 30 33
793 809 814 818 819 0 824 18 807 31 25 831 791 788 3 23 838 801 837 36
167 855 826 53 126 194 105 67 883 32 886 877 174 70 145 54 179 143 94 89
238 318 360 223 349 324 330 336 346 343 352 320 328 244 298 221 309 256 355 257
97 123 886 170 194 112 211 163 159 847 78 204 128 83 837 70 149 198 148 162
809 834 24 870 8 57 837 873 810 45 862 46 848 66 11 795 40 56 2 822
518 574 556 566 550 548 507 570 521 531 542 544 510 538 522 573 532 577 554 560
32 840 886 808 806 124 828 60 884 185 67 72 859 91 22 184 857 114 180 79
709 750 754 691 681 680 656 664 682 650 647 662 712 646 668 648 757 651 730 669
166 843 169 120 197 90 45 874 38 146 192 148 82 198 117 149 171 59 54 812
163 845 166 188 73 130 99 114 52 826 112 86 207 887 833 828 825 147 853 208
152 191 108 137 884 194 213 224 146 186 207 61 192 844 79 132 841 174 167 123
91 191 120 152 65 123 199 149 145 202 189 221 87 167 179 146 151 223 101 130
652 671 699 630 641 439 714 692 705 626 635 608 666 670 707 610 701 713 629 627
84 860 158 139 135 82 138 846 149 152 157 108 208 203 195 65 131 68 103 185
706 716 667 750 640 744 657 652 733 653 730 663 734 743 694 692 676 660 732 680
229 321 887 249 340 876 308 362 877 244 246 202 222 214 315 219 217 231 196 110
440 615 645 640 662 656 634 420 421 434 680 654 681 637 624 598 450 657 653 641
317 363 350 341 367 335 301 374 346 249 339 373 294 329 248 364 303 321 316 357
85 107 146 195 183 211 73 204 198 58 220 216 70 102 60 109 163 162 172 182
172 845 187 75 185 887 56 199 123 189 82 883 857 186 79 113 195 37 133 66
435 643 646 684 432 698 683 610 632 449 417 603 433 635 629 695 671 685 452 631
56 869 146 66 45 201 824 25 188 103 125 879 52 69 872 128 852 123 179 846
641 671 629 653 717 691 440 708 700 688 706 707 678 647 633 439 430 438 624 683
446 461 657 604 598 644 645 451 630 435 456 629 624 469 590 627 621 613 458 643
229 234 347 195 215 340 322 201 330 218 314 255 878 118 224 334 214 199 323 111
138 197 181 846 888 98 883 124 141 101 190 231 151 884 221 191 187 91 99 111
136 194 863 180 224 885 124 881 184 199 880 117 126 852 127 840 171 227 864 154
274 301 364 243 253 249 264 286 293 362 268 368 351 247 242 377 382 350 255 296
454 602 467 448 603 450 607 609 610 641 436 601 640 471 469 599 643 626 618 622
432 664 652 444 650 662 668 675 666 694 651 627 433 630 434 637 622 613 667 669
185 882 127 94 148 69 128 118 176 341 879 847 188 151 861 179 136 853 218 101
354 369 243 379 291 294 363 283 371 295 326 345 383 339 344 301 298 347 242 355
4 39 31 27 800 851 790 38 840 844 805 43 852 817 845 60 49 10 9 41
185 867 872 94 86 167 101 139 191 159 863 849 204 840 184 110 152 88 876 132
98 146 178 175 163 90 886 174 218 143 206 868 852 185 93 160 877 115 74 173
57 881 206 195 23 887 213 42 78 159 139 847 193 104 29 848 65 156 828 155
6 42 815 803 56 813 28 826 816 17 33 45 30 27 44 39 37 808 852 26
445 607 443 460 630 428 442 618 438 458 628 636 450 595 644 657 625 439 617 632
99 207 126 84 225 241 118 178 119 889 184 341 879 840 173 88 98 233 864 244
271 299 246 252 364 241 318 352 370 243 269 284 362 313 316 282 301 242 281 262
431 632 445 415 423 686 659 656 665 607 600 678 694 411 434 670 692 663 444 425
424 438 658 442 678 429 680 421 665 427 664 604 661 441 446 601 415 636 667 420
232 316 309 340 216 297 320 333 218 209 339 215 355 300 212 310 321 238 203 322
154 202 166 175 888 200 67 87 78 135 126 177 848 843 114 214 119 178 854 74
144 866 42 849 204 58 161 128 174 164 868 65 177 863 51 188 185 837 169 159
216 886 58 218 242 226 879 240 180 345 219 63 875 214 849 167 231 62 59 124
177 190 117 156 170 868 164 143 141 169 87 221 212 125 97 204 150 208 106 888
704 742 758 757 659 700 656 684 747 731 687 754 751 688 695 712 736 755 664 668
156 216 854 243 239 121 172 186 126 173 336 345 154 88 170 119 113 105 885 846
167 874 184 149 96 129 169 188 89 75 852 55 219 214 183 51 124 162 880 128
92 123 168 93 173 879 852 101 88 75 190 201 98 845 851 225 147 164 889 177
202 885 95 227 849 73 65 166 865 866 210 336 98 183 97 161 83 867 192 176
26 842 56 14 131 38 100 33 872 807 194 837 886 823 811 862 105 816 123 828
133 867 179 147 185 198 863 67 59 861 158 101 853 89 69 81 227 852 106 149
855 877 69 33 130 868 881 78 145 97 201 157 330 57 73 216 172 876 854 155
180 196 93 91 146 186 219 171 860 212 870 849 177 874 875 67 167 66 128 115
385 397 390 410 399 380 373 384 391 412 400 409 379 395 370 396 372 403 398 378
66 135 124 65 203 123 217 873 886 133 887 185 39 146 144 84 182 218 104 43
171 888 850 865 203 184 68 332 195 200 104 132 144 339 880 127 328 99 175 58
172 886 127 190 108 186 163 69 120 82 80 58 79 877 88 116 75 152 837 228
120 165 228 129 855 85 208 82 215 99 199 878 70 846 844 851 163 164 871 117
3 26 30 827 804 832 21 40 12 15 63 826 45 820 834 824 803 54 841 822
193 885 153 160 226 118 206 212 180 142 114 190 859 207 73 843 181 337 186 854
167 857 862 60 858 130 186 89 53 189 201 188 141 104 159 119 194 105 840 150
12 821 805 19 859 54 55 850 797 840 61 830 844 43 36 34 35 857 29 17
24 57 27 61 828 87 32 838 68 868 19 5 13 812 31 30 820 848 90 49
148 181 856 80 869 117 173 138 132 850 96 97 149 110 199 839 841 87 852 190
620 662 646 623 674 679 447 675 455 429 707 704 671 453 437 653 450 690 663 709
665 694 439 709 733 621 653 612 641 650 654 707 438 703 714 730 437 711 716 664
71 884 135 862 103 193 96 199 870 92 843 81 846 108 61 164 221 155 141 206
47 838 73 826 1 859 833 90 7 851 128 872 54 41 843 880 853 861 17 35
121 170 880 93 63 106 108 847 228 185 159 149 875 207 81 137 70 218 124 887
134 880 223 136 331 183 195 161 104 150 90 333 151 886 139 135 185 884 870 205
197 843 111 845 145 165 92 25 207 179 815 54 98 872 180 77 120 36 206 212
240 321 337 345 226 219 228 316 260 350 340 329 242 243 358 351 246 204 259 342
168 852 119 113 124 114 150 95 158 91 90 88 191 51 836 177 69 74 157 171
63 132 46 26 41 87 830 832 199 202 56 96 203 57 175 120 195 52 147 178
76 192 840 134 881 852 68 105 882 856 103 101 872 850 145 106 875 168 63 53
45 871 224 147 6 850 21 163 177 810 866 205 18 189 133 853 71 53 27 197
243 254 307 298 294 208 206 273 268 214 347 274 279 291 230 261 269 215 247 320
36 825 851 815 846 14 19 9 13 2 8 56 46 11 51 801 45 800 40 20
80 220 93 887 880 77 82 222 49 874 347 118 214 859 205 141 104 52 157 200
184 867 831 103 854 86 845 57 102 119 860 138 117 853 121 887 844 202 42 846
278 298 360 367 251 259 357 365 309 295 255 282 270 311 266 245 381 280 300 272
217 245 238 364 299 150 90 107 359 348 101 273 267 84 358 73 196 292 142 277
261 305 313 383 281 294 275 365 291 374 362 364 290 317 262 259 371 300 241 273
823 837 806 838 30 82 46 180 186 2 64 69 855 188 182 814 84 28 90 49
21 44 860 808 37 32 27 812 822 869 40 816 804 8 825 26 824 829 22 14
165 173 166 849 860 195 167 138 854 209 151 884 198 839 160 70 175 98 190 95
104 183 210 65 171 881 206 127 219 225 886 154 220 102 71 167 209 861 115 185
809 825 60 842 32 800 0 28 21 18 823 839 10 813 41 847 791 56 62 803
433 682 709 704 621 639 624 710 634 617 664 679 667 666 675 656 712 702 671 437
66 205 869 867 876 886 859 110 109 190 80 99 233 187 237 225 188 207 888 67
69 98 75 880 839 128 111 143 876 838 136 42 51 46 135 179 196 142 141 56
94 118 170 133 224 72 127 883 60 83 130 888 148 140 222 84 887 200 852 100
51 84 10 170 211 854 851 177 882 143 75 72 96 848 29 214 191 136 816 103
329 356 311 326 293 342 246 354 244 345 302 371 360 247 325 883 223 299 213 245
659 705 670 684 740 638 664 655 711 627 717 433 630 710 678 618 663 650 641 751
515 572 577 546 545 508 522 529 554 505 549 520 500 551 547 493 571 559 536 565
280 298 360 244 262 355 380 301 252 374 316 318 288 266 367 363 306 267 249 368
155 185 863 839 202 875 165 138 62 216 137 164 85 80 205 857 170 92 850 69
258 264 252 254 276 273 272 293 277 243 278 265 283 268 306 267 304 257 271 290
708 730 652 696 743 651 693 712 683 711 697 709 744 657 682 747 659 695 668 664
58 863 147 97 155 47 102 75 865 856 16 869 189 180 71 90 48 845 204 867
474 477 463 481 592 601 470 490 497 480 485 599 593 594 465 595 469 496 478 483
72 865 119 180 157 145 184 85 115 50 66 876 44 206 144 118 67 46 205 874
197 229 107 124 845 346 101 77 853 158 83 180 132 85 195 207 330 849 149 248
653 676 625 620 618 698 668 635 608 705 428 435 616 640 446 711 427 665 622 444
96 887 205 163 334 841 858 194 883 167 865 171 220 177 838 94 85 195 228 134
609 649 442 456 460 446 642 620 668 637 607 638 433 432 431 466 430 669 612 439
71 186 115 75 82 77 167 141 187 153 857 859 96 881 219 67 848 142 886 855
314 374 381 298 391 289 389 288 322 388 284 239 306 237 386 380 293 384 294 238
145 869 148 150 149 219 850 130 96 222 131 134 89 167 888 41 209 174 884 218
626 651 439 638 451 603 630 654 610 649 701 709 694 453 617 599 646 455 664 607
644 661 667 645 632 428 439 444 620 625 681 639 694 623 618 442 677 698 658 606
704 734 706 682 665 644 743 675 674 646 639 738 757 638 709 695 677 641 699 696
168 865 96 112 59 99 157 156 102 874 153 214 77 181 836 105 109 203 866 849
444 619 682 690 620 602 686 656 622 615 623 640 621 616 636 650 441 422 661 646
312 373 383 356 352 253 349 323 254 290 313 246 300 345 357 310 359 322 255 319
821 848 35 818 881 196 41 91 857 54 885 170 853 2 43 161 882 839 20 183
292 366 313 263 382 375 305 377 242 286 370 259 295 275 276 356 249 309 350 371
466 470 612 596 448 594 610 606 462 605 481 453 590 476 591 603 607 595 465 451
242 351 248 310 225 305 342 352 300 226 299 313 208 260 228 344 348 238 259 330
221 880 193 88 194 213 856 866 68 124 215 188 135 241 873 174 58 86 92 228
167 886 180 174 90 82 131 230 881 170 225 187 153 130 335 97 850 856 93 154
77 849 168 182 62 221 134 881 874 126 833 125 110 90 864 166 140 47 191 49
594 604 454 464 647 482 444 635 650 621 442 481 471 455 436 483 631 625 478 626
866 878 858 859 212 213 76 189 59 41 855 225 332 833 172 208 217 864 204 336
217 339 243 78 238 877 229 94 345 88 150 344 159 122 127 879 79 157 240 216
106 207 150 209 173 80 121 868 91 177 241 168 75 186 862 886 888 204 852 92
73 876 78 214 155 886 872 139 183 863 854 94 88 192 91 226 160 169 147 197
203 877 864 231 883 106 97 196 177 333 84 214 92 219 889 851 155 861 137 166
175 196 220 136 170 179 865 156 119 195 70 844 210 147 884 885 879 886 148 227
460 593 482 484 606 592 623 446 457 627 605 483 447 597 449 626 477 462 630 459
238 257 255 226 221 217 313 210 270 357 219 209 247 252 309 274 300 240 286 266
483 592 499 470 459 478 491 488 594 501 489 460 475 455 603 493 458 471 465 598
83 184 66 199 215 852 208 213 200 130 103 862 113 156 168 77 137 136 132 219
435 650 677 426 440 635 676 699 679 634 432 688 620 684 604 418 682 606 709 422
31 46 64 59 811 24 857 829 816 33 23 27 865 61 36 11 832 830 813 840
93 153 82 136 877 103 99 79 846 861 200 209 169 132 885 207 855 208 94 98
790 812 33 810 17 28 19 791 35 14 18 843 45 794 780 831 830 20 23 31
648 707 654 445 437 626 629 700 433 732 701 632 702 669 677 659 615 630 444 646
430 692 732 734 688 427 709 414 637 694 672 678 716 422 429 423 437 647 411 416
114 197 187 228 168 130 856 161 885 156 219 863 855 84 80 224 81 71 98 847
144 840 52 114 115 129 194 867 213 829 84 59 812 221 182 165 218 101 58 151
454 597 607 598 622 463 616 633 639 477 445 475 615 444 435 448 450 636 603 634
