388 2501 2488 717 2532 204 261 402 334 2507 237 307 288 241 373 443 2434 246 280 413
2953 2994 3000 3078 2936 2998 2821 2816 3069 3106 2971 3021 3008 2942 3044 2935 2963 2838 2837 3019
1498 1688 1509 1631 1592 1658 1698 1615 1467 1710 1507 1657 1569 1473 1714 1709 1695 1669 1444 1642
2197 2260 2281 879 920 839 2244 911 2252 2228 928 2168 2282 2287 2213 2212 2241 831 2185 916
655 2440 428 699 625 330 759 323 650 2372 402 855 313 456 430 2358 2477 649 2486 411
643 752 307 2475 2461 2479 654 638 2340 719 832 729 811 739 657 889 621 670 842 674
617 2376 920 248 725 2439 914 459 625 732 2373 257 2347 266 3498 456 2399 2295 2402 754
2842 3086 3116 3102 3063 2923 2918 2903 3085 3113 3068 2871 2789 2959 2788 3062 2890 2799 2795 2852
367 2490 419 754 328 296 221 368 361 383 2513 332 326 744 772 2429 233 373 438 242
23 1106 1207 1399 1137 1093 1089 1244 1394 1 1185 1140 1190 1082 1239 1226 1153 52 20 1084
11 1163 1125 15 39 1290 8 1095 1249 1201 1 1126 23 0 1262 1145 1268 1221 1260 6
306 2504 338 2570 748 292 2469 340 758 737 396 2394 764 211 358 749 429 245 2494 2395
672 2349 2402 740 824 2446 2292 3483 788 640 2290 915 2310 630 623 2335 2467 2399 2475 2321
2718 3300 3212 3286 3285 2696 2763 3337 2785 2779 2780 3216 2733 2698 3299 2705 3306 2697 2782 3310
2422 2474 2428 622 2488 855 462 387 215 2502 798 668 2396 822 450 2472 465 891 887 818
406 449 366 2433 709 429 351 428 321 2509 455 385 386 379 239 2414 341 2511 405 326
267 345 2371 301 2508 316 432 216 220 722 443 444 260 248 2485 697 236 355 2517 2431
2660 3176 3272 2653 2682 2623 3233 2618 2656 3128 2680 3281 3189 3263 2697 3266 3165 2649 3202 3212
476 560 721 456 484 512 499 3526 556 540 717 595 2424 3505 597 2416 2436 448 3503 2417
258 699 261 313 747 255 275 2475 797 668 622 326 2490 658 677 659 802 262 248 724
230 306 2379 2375 242 210 235 390 2526 411 343 2517 2490 696 2524 404 2386 2514 692 746
634 749 2465 792 852 284 778 710 777 287 699 874 2327 735 2334 726 668 307 740 697
808 849 791 2331 2349 640 2440 667 848 2322 2269 833 2265 787 738 764 638 2268 674 770
2494 2518 2566 2535 733 285 2417 235 726 260 2428 199 2539 772 364 777 305 245 2567 2509
1164 1208 1221 1176 1094 1242 1131 1107 1199 1194 31 1235 38 1146 1258 1229 1179 1119 1256 1252
29 1081 15 1084 1098 19 1164 1204 1385 1274 1394 1166 1279 1107 1262 1083 1054 13 1169 1056
694 2441 2485 809 317 291 787 331 2356 833 664 2364 319 754 306 801 349 666 821 740
2171 2183 2222 2213 2209 2226 2211 2253 2201 2192 2252 2217 2165 2181 2157 2221 2206 2162 2154 2212
2349 2395 2472 804 2288 2316 627 281 2410 276 2326 2323 791 623 2402 253 2445 303 278 2413
707 2380 273 805 653 2427 2352 2331 777 722 309 727 243 685 2382 731 789 769 797 630
817 2351 675 835 2470 2319 2355 619 779 621 612 2428 2325 873 2467 917 2310 869 743 2461
12 36 1114 34 1254 1228 1270 1211 38 1394 1117 1235 1229 1122 1223 1267 1086 1105 1178 1398
2899 2931 3086 2981 3072 2879 3082 2946 2830 3079 2851 2976 2957 3109 2845 2824 2950 2865 3105 2982
650 2337 646 2484 744 850 2286 2463 702 2354 740 734 2491 2372 2395 664 622 712 639 808
811 2446 901 744 438 260 717 890 2394 652 2412 703 847 677 810 804 739 707 638 2292
709 2378 2363 260 627 801 462 2416 791 654 311 2438 2289 2350 443 291 2494 2356 683 2401
3282 3317 2735 3344 3193 3276 2750 2733 3296 2680 2715 3347 3352 3313 3268 3346 2711 2692 2732 2662
627 859 3482 2326 2327 2446 2334 2264 654 2336 793 2411 636 3465 2418 631 755 714 2472 3477
2789 3083 2781 3071 2931 2585 3128 2834 3061 2934 2951 2831 2779 2709 2793 2696 3104 2694 3116 2808
2083 2096 2090 2100 2114 2076 2099 2071 2105 2110 2091 2066 2080 2075 2095 2102 2109 2111 2072 2103
1509 1675 1529 1678 1576 1702 1448 1499 1639 1720 1616 1629 1690 1516 1459 1609 1468 1595 1447 1503
3121 3135 2643 3115 2783 3118 2848 2626 3104 2605 2617 2858 3101 2602 2782 2644 3107 2604 3112 2787
2360 2416 2361 827 414 787 658 914 786 2344 2405 477 763 2395 725 3480 2432 357 781 229
173 195 218 2555 184 2538 2536 2548 2560 2563 180 2505 2552 176 2513 154 2528 2523 156 209
1215 1253 1197 1102 1232 1175 39 1273 1409 1146 1408 38 59 1115 1172 1212 1094 30 1286 1203
1008 3413 3404 967 2062 3408 3386 958 992 3428 3378 3417 1003 947 1037 966 951 1035 1022 1000
1659 1715 1731 1608 1591 1474 1615 1578 1602 1495 1647 1462 1514 1619 1456 1612 1685 1678 1575 1688
2937 2964 2824 2819 2850 2847 2818 3096 3090 2951 3097 2817 2887 2920 3098 2975 2905 2898 2835 2903
390 2484 453 640 2416 760 250 734 2497 675 393 774 245 710 738 2435 435 363 662 649
2984 2999 3018 2949 2921 3072 2959 3003 2980 3021 3080 3068 3033 2988 2973 2947 3042 3043 2945 3017
952 3375 3484 3411 964 938 988 1026 1016 1065 1010 1058 940 961 997 1054 1031 3443 3479 3380
453 466 2374 469 603 417 483 2419 606 2409 478 333 422 720 477 716 396 2420 2377 409
2933 2991 3051 3004 3005 2829 2843 2917 2904 3060 3054 3014 2832 2977 3071 3110 3111 2823 2988 2826
2652 2688 3285 2721 2661 2689 2673 3140 2804 3168 3289 2802 2692 3215 3205 3207 3141 3275 2634 2682
628 712 622 403 397 698 746 741 425 784 719 869 2378 634 811 340 334 657 320 858
649 853 672 842 869 646 683 2416 823 684 2436 862 2491 2340 2315 2347 827 744 675 2344
646 702 742 800 2399 896 645 712 841 252 753 748 2361 2493 850 639 635 795 822 663
295 685 712 702 793 2371 316 749 690 286 708 827 2373 2461 2496 792 700 805 804 830
2578 2807 2612 2529 3120 3090 3088 2696 2796 3123 2582 3124 3102 2915 2610 2846 2815 2690 2843 2563
2938 3058 2813 2834 2820 2958 2831 2819 3074 2977 2964 3109 3097 3078 2978 2910 2973 3082 2815 2957
555 3519 3510 509 527 545 508 519 571 3491 512 511 523 594 599 3492 537 589 567 3522
2953 2973 2940 2931 2837 2930 2817 3099 2979 3101 3086 2906 2949 3056 3076 2849 3083 3090 2992 2848
681 2363 2355 795 817 672 785 2291 635 915 2410 728 824 654 816 806 792 2351 918 2340
583 3499 560 3503 585 562 507 589 531 3468 594 595 548 496 514 566 3500 3507 488 574
3289 3331 2678 3344 2685 3353 2690 3310 3348 3204 2684 3220 2751 2719 2683 2728 3219 2679 3292 3300
1189 1268 1112 31 26 1265 1204 1143 5 1383 1413 1393 1217 1116 20 1156 1153 1154 1213 1258
792 826 672 799 656 2303 2346 865 2485 825 810 804 665 2343 2431 768 2465 2487 2437 642
2676 3287 2740 2722 2673 2621 3219 2709 2649 3208 2635 3191 2632 2689 2720 2644 3148 3222 2749 3180
267 292 341 255 318 2365 294 729 754 2501 768 704 335 763 204 2375 774 315 706 777
287 757 848 335 799 207 783 297 2485 2370 714 720 2435 2384 2463 2434 2385 764 721 2507
337 385 330 2441 726 2480 397 283 425 250 467 282 724 375 253 325 230 2524 420 428
1014 3390 3419 987 3399 1027 953 3415 3389 1004 3416 2057 3479 945 1058 1005 1009 956 981 3380
1759 1770 1802 1877 1869 1886 1791 1799 1733 1853 1880 1784 1769 1747 1864 1843 1896 1781 1850 1878
2285 2370 917 692 3464 302 2339 901 712 3484 2315 2322 2440 283 2476 3459 3487 2299 706 2354
1523 1531 1436 1687 1471 1530 1606 1686 1574 1638 1503 1642 1664 1637 1627 1511 1626 1649 1475 1580
289 751 261 2408 759 275 2490 669 2509 810 2368 291 808 761 757 241 329 850 2360 274
246 292 397 736 264 315 2516 340 362 349 755 286 234 439 2511 448 759 2371 769 400
377 2499 444 254 209 387 429 390 265 351 211 415 224 2486 213 407 243 2431 233 409
958 1040 3414 946 3403 3477 3470 972 3440 1083 1015 1068 979 937 931 932 3436 978 948 3408
1117 1388 1379 1076 1264 1199 1180 1376 1077 1421 1402 13 1162 1154 1218 1287 1280 1277 1415 1394
628 745 781 2463 2346 684 633 2472 658 856 787 274 649 855 791 726 2339 853 828 803
228 418 322 257 335 377 2485 2492 722 2493 250 256 368 2440 240 222 2490 2501 444 292
755 2352 2394 693 757 647 2365 791 849 650 2370 2356 729 756 2346 2400 2491 640 2282 739
2622 3205 2647 2641 2718 3196 3157 2673 3167 3123 3155 2630 2652 3188 2660 2643 2715 2625 2694 2604
664 829 913 2305 2265 910 764 2304 641 2267 868 651 917 637 814 860 816 2474 2414 2274
2708 3207 2622 2623 2768 2630 3306 2743 2791 2628 2704 2727 2646 3188 3291 2698 3279 2599 2700 3304
2712 3192 2644 2700 2676 3213 2641 3292 3293 3232 3275 2741 3206 3227 3214 3175 2785 2686 3260 2782
842 2333 769 790 916 2263 2419 637 886 2309 894 2347 779 2379 2434 2352 902 634 2307 2273
626 857 709 840 624 2274 921 853 754 629 805 642 677 2342 728 2302 818 634 3482 3468
300 697 2506 699 812 2359 303 248 656 764 778 2400 224 703 814 271 659 657 677 2392
673 784 297 2359 767 724 827 687 762 888 855 705 779 667 737 728 717 618 773 2348
2326 3478 854 965 919 945 818 879 3503 3445 1031 969 2300 3459 858 3456 3465 953 834 906
395 462 713 723 2484 606 423 719 2500 2521 429 2419 387 479 2486 2428 707 337 326 397
819 866 637 830 904 808 2435 2413 2481 800 851 737 2271 852 692 625 762 2266 888 779
2637 3229 2616 2690 3177 3245 2644 3210 3126 3280 2647 2610 2608 3138 2658 2605 2617 2615 3162 3159
1487 1522 1670 1689 1686 1591 1587 1506 1625 1679 1604 1580 1463 1694 1495 1537 1713 1645 1518 1688
1005 3394 1006 1064 1002 3430 3465 982 3436 3427 1057 3426 989 987 976 3408 3470 3458 981 3464
1178 1202 1244 1164 1134 1072 1162 25 1259 1068 1094 1086 13 1231 20 26 1212 8 1096 1234
1568 1649 1488 1486 1622 1612 1513 1469 1577 1591 1605 1667 1500 1650 1689 1685 1629 1566 1456 1626
50 1259 1218 1142 1293 1214 1386 1248 31 1171 1413 1277 1168 36 66 1124 1116 1378 1225 19
973 1039 3476 1004 3463 941 995 3370 1024 2058 3425 1085 996 998 1011 982 3480 969 1010 3440
907 2311 2375 941 881 2351 2256 2337 2342 3455 2406 944 2343 918 937 914 850 878 915 821
1323 1386 1269 1352 20 1357 2464 1306 18 1262 22 1363 1379 1389 1300 1331 1383 2559 1284 1372
1781 1853 1859 1794 1889 1894 1765 1769 1867 1872 1871 1834 1764 1836 1822 1777 1841 1828 1759 1851
283 703 677 2478 2361 330 637 2362 2441 663 805 629 319 2408 697 338 721 2487 804 2498
458 2405 902 397 607 351 439 403 2439 616 2423 384 2464 2436 317 2352 396 723 722 368
2663 2697 3281 2630 2682 3211 2784 2721 3150 2807 2607 3209 2625 2691 2797 2605 2617 2701 3268 2796
348 441 355 326 732 418 461 337 2465 717 341 247 425 362 234 2502 715 2501 730 2407
1148 1176 1216 1096 25 1204 1154 1209 1159 1267 1183 1108 1078 1234 1259 1100 1222 1260 1118 1089
796 855 3484 3476 2419 708 843 737 806 2338 820 2272 664 638 698 689 785 837 748 762
1018 3419 986 1000 959 3393 3372 1042 969 1064 937 988 3394 996 3422 3374 3424 3479 3467 978
2626 3189 2717 3173 2682 2615 3201 2619 2671 2635 3215 2700 2670 3190 2628 3188 3233 3168 2677 3178
702 2397 635 649 755 769 283 2338 758 2378 301 259 2380 720 905 2465 762 277 261 786
2231 2261 2200 887 844 884 2249 2208 2196 872 2281 842 2209 928 848 903 918 2271 2239 2189
1328 1368 2560 2461 1291 1371 2565 2562 1363 1337 2465 1292 1349 1341 1334 1302 1352 1303 1347 1366
743 2352 725 791 733 2460 2358 832 2360 2369 2397 2301 2281 268 2413 2356 2296 629 2387 296
2788 2829 2814 2841 2695 2613 2793 2935 3048 2585 2776 2739 2916 2888 2764 2937 3079 2576 2858 2856
740 762 690 272 303 781 780 2475 775 826 628 280 764 702 824 730 748 703 267 796
737 756 829 816 258 770 2368 801 795 294 792 307 647 749 701 793 788 730 639 769
529 569 541 604 498 507 564 566 3515 3508 502 3526 582 527 588 571 557 553 536 605
630 778 2462 894 774 642 738 662 2362 798 727 845 672 659 752 2460 822 815 670 808
960 1045 951 1058 3419 1011 3429 3438 3370 3373 3478 1070 1001 1069 983 1057 931 938 1064 3399
1015 3416 3375 1046 3473 3376 3390 1048 1005 1055 3426 1056 961 3409 942 990 3444 3440 965 2057
2638 2659 2619 3212 3144 3213 3216 2621 2615 3281 3227 2694 2686 2636 3274 3260 2683 3125 3191 2677
2796 2846 2905 2922 2918 2686 2784 2687 2824 2933 2620 3131 2878 2786 2832 2578 2780 2914 3078 2596
1039 3427 3385 1063 3466 991 1079 1006 3458 1015 3446 3472 2051 3403 3416 1001 3438 994 1030 1028
394 711 632 273 314 698 442 2367 231 724 764 311 272 435 457 648 319 625 2393 469
128 140 100 143 130 160 105 163 155 154 126 108 112 119 137 147 145 164 114 104
1006 3468 2293 3475 877 3472 3493 1021 2297 1046 2284 3418 3437 956 2356 3502 917 953 3444 860
460 611 3517 2405 350 456 3521 339 353 2376 2416 455 2379 376 720 345 3488 447 363 613
3443 3467 3492 1002 937 905 907 1005 3481 941 920 3471 956 996 1056 1006 936 3475 1031 934
769 2365 2473 627 706 671 710 273 2326 819 750 2425 726 830 775 905 637 2491 666 727
1008 1054 3456 3373 964 1080 2062 971 3474 966 982 3432 3436 1073 3375 1074 3394 1069 3372 1012
496 572 588 491 3519 3511 571 534 542 505 3500 598 487 480 599 3513 483 517 498 560
844 2307 769 803 2425 902 765 854 869 798 853 832 2303 766 2344 925 783 804 2341 893
3341 3365 3333 3344 929 3315 1053 3334 3373 3348 1062 3317 3357 3351 3313 1052 3374 1059 3382 3381
500 530 600 3525 565 528 553 593 579 527 3509 526 536 585 3517 551 3505 496 533 518
416 2414 2400 2361 428 323 225 359 2379 259 251 2517 2408 239 221 408 232 317 2353 857
1695 1725 1698 1519 1729 1528 1529 1601 1575 1508 1539 1639 1699 1483 1615 1490 1657 1671 1674 1582
626 2351 807 771 828 826 2321 2383 3485 2326 907 2395 2288 678 622 677 747 2310 614 798
2497 2512 733 2474 2428 2426 361 2422 278 349 417 287 2501 259 2544 2511 332 2477 2517 341
641 678 737 746 633 627 871 2348 810 712 631 2467 762 802 711 864 2330 739 664 897
1421 1435 1463 1572 1429 1388 1393 1400 1454 1420 1297 1522 1520 1459 1506 1391 1296 1571 1449 1574
673 2349 2475 2479 773 786 755 657 667 721 2348 2319 666 701 2478 762 2395 2315 681 3483
334 2505 213 203 305 300 232 274 287 453 448 712 2411 721 282 2484 384 235 327 445
617 666 783 768 2419 2347 466 2401 667 2344 3499 816 3500 2387 810 2489 608 772 717 793
877 2311 823 916 861 901 859 927 848 841 896 2261 3472 821 3483 819 3480 915 906 3491
2720 3279 2710 2750 2629 2610 2655 3232 2687 2701 2680 2764 2640 2677 3306 3198 2721 2784 3209 2682
1306 1348 1378 1308 1320 1328 1319 1371 1301 1291 1325 2562 1304 1388 1334 1309 1380 1408 1314 1322
730 2356 2426 472 709 270 470 2444 232 2390 2323 627 678 923 737 2338 265 447 776 2389
