1015 1026 1028 1093 987 995 1096 1017 1072 996 990 1008 1086 1007 1089 1080 1037 1082 989 1091
115 828 823 807 77 89 830 827 90 105 95 101 123 121 96 91 84 109 826 825
212 914 891 283 919 907 220 171 908 215 170 906 898 945 229 225 915 923 889 285
916 953 897 922 1130 921 927 212 929 948 225 924 282 287 226 943 1121 910 908 912
1203 1213 1198 1193 1210 1194 1200 1195 1217 1208 1214 1219 1196 1207 1202 1218 1209 1204 1201 1211
1279 1295 1275 1296 1289 1286 1274 1282 1276 1264 1265 1291 1270 1268 1292 1272 1263 1269 1294 1285
87 119 74 803 112 830 825 811 78 833 838 86 832 105 121 800 79 828 806 116
121 127 71 96 70 832 778 776 834 82 119 841 130 122 831 777 810 93 76 109
71 130 64 850 775 91 804 127 803 799 810 794 67 797 81 134 791 133 781 62
141 148 166 859 51 155 153 49 765 61 134 771 879 767 9 156 882 881 57 135
223 284 965 949 1124 287 288 953 958 922 294 229 938 1123 1125 1127 895 956 928 1107
82 108 786 98 117 104 109 97 88 797 796 822 821 103 806 77 64 837 120 835
946 1113 911 227 954 969 945 222 216 926 1104 968 966 1109 218 293 928 228 918 1125
1016 1034 1079 986 1080 1066 1043 1021 1082 1055 1026 1097 1005 1030 1070 1083 995 990 996 988
172 179 888 210 9 887 151 160 152 885 166 140 7 138 162 175 167 137 4 164
57 135 52 765 731 49 770 760 134 128 781 142 66 772 131 65 9 764 727 72
998 1015 1094 1077 1088 1021 1085 983 977 1095 1002 1035 1017 1022 1012 1027 1087 1081 1004 1078
1155 1265 1143 1128 1264 1291 1289 1139 1284 1290 1157 1146 1275 1160 1295 1267 1135 1122 1142 1266
1122 1155 1154 1138 943 923 1146 1168 1129 294 1135 953 1266 1141 1265 1149 276 1143 1134 1150
896 929 898 886 947 215 281 937 210 1119 939 229 167 285 949 221 223 161 284 894
44 739 732 722 43 13 757 4 28 875 38 55 25 26 21 742 743 741 737 57
631 685 694 642 655 672 667 692 651 1445 628 675 629 693 1441 687 1382 617 658 1442
637 1379 668 616 696 631 656 613 706 639 1361 1440 654 700 663 662 692 1368 1366 667
724 761 721 739 150 743 752 741 705 707 762 9 732 18 42 0 750 867 48 148
287 931 1109 1116 948 921 970 288 909 903 955 1114 891 210 278 1105 938 218 1112 1133
56 71 72 800 17 133 725 94 767 123 67 51 62 79 779 46 794 764 78 146
1164 1267 1263 1286 1150 1281 1174 1170 1284 1288 1290 1157 1261 1287 1154 1159 1289 1175 1295 1145
886 901 939 155 921 887 927 902 881 172 169 897 945 869 946 944 149 220 156 893
865 885 14 860 12 874 161 868 871 149 148 858 880 762 882 901 872 50 861 170
1024 1073 1039 1051 1037 1005 1041 1089 1082 996 1065 1047 1013 1078 1022 1095 1070 1062 1052 1086
65 782 1 807 136 83 76 79 57 784 5 815 129 53 777 841 814 75 768 775
276 943 911 969 961 279 942 910 1113 1130 1131 953 1128 290 1120 962 220 294 1117 955
1136 1148 1162 1116 1159 1128 1154 1153 1129 1118 1126 1165 1132 1125 1156 1127 1155 1134 1120 1164
1064 1073 1075 1063 1068 1022 1074 1085 1058 1081 1056 1031 1045 1021 1083 1078 1050 1057 1036 1038
711 735 52 650 17 712 724 49 1 729 737 1444 657 719 747 740 697 9 13 739
92 121 811 808 108 834 82 93 73 78 71 817 831 83 72 86 830 123 120 107
1199 1214 1219 1198 1215 1197 1207 1203 1213 1211 1224 1200 1201 1188 1226 1212 1190 1223 1208 1227
6 23 61 729 734 869 168 878 749 747 143 63 40 9 16 10 167 877 882 160
1263 1280 1292 1288 1286 1267 1265 1277 1168 1270 1282 1285 1284 1299 1281 1160 1274 1266 1269 1165
10 23 165 745 883 870 161 37 36 39 25 160 12 48 5 14 759 40 875 146
1260 1298 1296 1294 1277 1157 1297 1269 1278 1274 1272 1299 1284 1293 1158 1275 1268 1280 1276 1291
929 1116 1133 1106 275 1119 220 892 926 964 954 227 942 1123 221 904 897 956 229 944
706 1442 660 612 656 653 615 743 682 709 685 691 619 740 697 613 689 738 623 737
699 713 710 658 661 725 1443 723 656 728 662 746 707 651 629 38 724 717 638 1441
1077 1089 1098 994 1053 1051 1017 1050 1087 1092 1084 1047 1068 983 1031 1055 1029 1067 1034 1088
968 1114 923 1123 969 980 982 1099 933 981 1126 962 288 965 220 963 279 952 223 1117
986 1014 1088 975 1002 997 971 1085 1006 1090 979 1081 1010 974 1093 1012 1025 980 1027 1086
1003 1085 992 1093 1022 1017 1034 1027 1015 985 1101 991 1021 1092 1096 984 1014 993 1018 1042
911 951 905 907 904 897 292 893 940 937 967 942 1118 962 929 894 1130 1120 910 220
950 960 945 924 1121 216 975 940 947 926 978 938 951 976 1108 1104 225 933 293 963
621 687 690 1372 636 688 1363 1440 614 625 1367 661 613 677 671 702 1444 620 706 1381
142 146 860 52 17 147 773 859 12 765 871 59 134 866 49 149 50 861 18 853
917 939 944 892 932 284 1128 910 221 913 228 933 930 897 226 964 898 1121 928 955
809 834 810 104 83 816 102 788 825 113 778 78 802 75 120 801 74 800 114 824
1 62 51 780 55 736 68 0 65 81 53 787 771 130 16 767 788 6 728 23
724 741 7 761 750 764 748 713 0 52 869 18 706 47 45 716 5 754 14 20
932 1115 217 277 1134 943 1110 294 911 287 1103 935 291 929 908 961 904 212 939 951
157 172 889 884 888 879 890 753 741 749 20 876 146 36 166 886 757 25 878 152
1151 1158 1164 1172 1262 1123 1145 1143 1127 1267 1122 1124 1149 1167 1159 1121 1263 1137 1126 1141
942 1126 900 1117 956 937 1151 227 917 1157 898 1111 940 918 289 901 926 291 920 905
992 1082 996 1077 1003 983 1094 1002 1083 1035 1070 1098 986 1023 1104 1017 1008 1040 1079 1041
85 99 128 106 827 89 110 799 837 828 798 68 113 811 95 100 120 841 803 813
1391 1401 1421 1400 1408 1393 1404 1420 1429 1416 1418 1413 1417 1390 1412 1403 1425 1406 1386 1397
8 758 50 172 753 880 759 767 736 7 165 727 733 0 3 745 724 36 10 40
1177 1189 1173 1175 1185 1186 1201 1172 1171 1181 1174 1187 1190 1169 1176 1170 1160 1199 1165 1194
663 690 615 650 704 679 661 688 694 625 710 618 629 1443 698 665 701 637 633 687
1406 1425 1418 1408 1426 1413 1396 1428 1405 1402 1411 1400 1429 1394 1420 1395 1398 1409 1416 1391
218 935 1127 912 217 956 944 288 274 917 280 914 957 1133 273 210 893 955 918 286
284 1129 1157 1144 971 939 918 964 942 1156 1104 921 224 1143 934 1131 923 221 1125 270
638 684 704 625 665 656 637 663 698 660 659 695 612 700 634 706 664 616 690 652
147 150 169 754 49 43 858 867 758 879 173 157 870 18 887 878 877 142 176 873
81 836 131 792 831 67 826 118 128 806 106 93 830 101 800 90 778 99 790 841
706 1441 1384 723 696 657 1443 722 654 739 676 637 690 624 694 660 717 672 629 610
15 59 768 55 762 871 6 41 778 872 7 771 49 75 39 72 28 4 27 779
979 1095 968 1006 1104 1002 1089 995 973 1001 975 1016 977 962 970 274 1106 1094 1025 1007
62 73 783 127 0 5 130 94 138 70 6 65 790 804 774 10 794 771 64 786
31 47 754 150 877 753 61 731 757 40 766 746 13 747 868 10 58 710 749 21
643 1440 1383 663 1384 675 673 666 692 644 621 668 623 712 667 685 638 656 617 614
57 73 72 18 5 784 46 761 16 67 796 93 91 10 787 783 807 68 800 128
111 123 102 82 810 83 81 835 830 106 101 117 836 827 841 80 834 70 88 840
646 707 671 638 1443 627 653 626 690 674 666 651 633 703 695 728 642 722 713 704
962 975 228 274 978 948 1118 290 961 1115 1121 984 1113 279 280 222 958 954 956 973
715 735 707 48 737 748 13 657 656 716 729 750 10 706 51 3 17 651 752 18
219 923 228 285 962 278 218 893 911 287 227 225 1121 1115 931 1118 924 229 288 932
71 782 806 127 83 134 771 123 59 77 69 57 86 60 61 93 131 791 853 90
1218 1220 1209 1203 1227 1201 1223 1224 1214 1198 1222 1199 1225 1210 1202 1226 1215 1206 1216 1229
1285 1299 1265 1297 1283 1295 1270 1269 1279 1260 1296 1284 1286 1264 1268 1291 1273 1263 1280 1277
857 863 11 865 876 769 859 47 871 768 869 875 136 855 140 860 872 771 153 878
0 149 752 757 61 764 148 62 176 882 16 175 866 20 883 161 47 728 23 875
630 668 696 708 706 617 667 637 664 631 1379 626 1384 618 674 634 694 639 1374 692
1012 1077 998 1087 1019 1025 995 1014 990 1001 1062 1084 1048 1029 1089 1032 1054 1064 991 1097
121 130 95 800 86 838 91 793 831 79 84 64 137 823 68 772 101 89 841 103
49 768 12 755 14 62 864 861 132 784 854 44 733 853 765 57 751 715 865 141
1406 1423 1396 1413 1402 1417 1409 1427 1420 1418 1411 1399 1412 1392 1421 1403 1394 1397 1414 1398
930 945 291 919 912 901 965 927 955 223 907 916 1110 219 1126 948 962 227 1109 909
892 900 170 225 918 164 159 926 909 226 942 924 916 165 889 224 934 222 914 935
278 914 931 1130 935 294 917 286 1103 293 934 929 1123 1120 951 941 915 284 222 952
1260 1267 1160 1278 1158 1169 1164 1277 1262 1170 1271 1268 1156 1155 1161 1276 1292 1293 1269 1283
1007 1082 982 1037 992 1020 1035 1003 1076 1075 1038 1013 1083 998 1004 1069 1027 1094 1016 1078
1018 1038 1002 1058 993 1007 1095 1082 1055 1029 999 1090 1006 1063 992 1021 1065 1067 1046 1098
711 733 12 1440 652 728 663 50 54 753 745 756 643 729 710 703 45 1 714 696
1382 1386 1365 1389 610 1371 1385 621 627 628 1373 639 1441 631 1375 630 1379 619 629 1361
107 820 838 121 103 84 798 86 810 99 78 828 122 82 805 102 809 115 815 81
667 690 683 641 666 677 671 649 700 689 637 1442 705 656 612 636 674 632 679 678
633 679 661 638 652 1441 653 1365 687 691 649 1443 1378 612 637 1445 665 643 640 1373
1170 1261 1267 1281 1162 1187 1282 1288 1154 1297 1176 1181 1185 1156 1164 1284 1266 1280 1186 1161
629 1378 1382 666 1363 614 650 610 660 690 621 631 675 696 692 684 637 1377 632 683
695 701 1443 689 650 720 42 687 685 673 736 620 1442 677 652 651 654 686 636 693
632 688 642 684 650 1378 666 1368 698 633 674 630 682 1384 664 662 653 1370 610 1380
756 867 758 6 45 52 25 882 164 858 859 169 748 33 20 738 159 31 752 160
952 961 941 220 975 1118 916 914 923 926 969 1130 978 1105 974 921 972 1117 942 935
223 906 961 938 218 886 212 923 285 920 220 901 930 289 944 890 213 931 887 917
55 65 800 76 63 129 791 18 6 12 726 761 72 772 780 762 135 9 46 69
215 927 956 950 1120 890 282 942 933 891 954 211 218 919 1122 893 923 1121 906 922
815 828 805 829 111 798 821 809 810 795 122 82 88 785 837 813 832 102 822 85
935 956 901 953 942 1135 221 1120 922 905 1119 290 293 1115 282 962 936 921 914 292
967 987 960 1086 956 1102 280 972 226 995 957 286 1008 993 958 994 1013 997 988 279
1024 1074 1067 1011 1050 1084 1046 997 1042 1027 1019 1060 1029 1015 998 1080 1005 1009 1004 1041
777 809 850 832 797 72 118 103 110 135 791 766 772 113 116 119 66 61 770 781
686 694 632 647 646 620 710 696 648 705 639 699 683 643 657 676 663 636 709 1445
154 865 760 858 894 8 889 890 155 878 761 18 863 176 884 1 165 174 157 870
909 926 953 210 217 929 910 1119 898 957 896 220 893 225 951 906 1128 1126 1120 280
12 51 62 734 48 37 33 880 862 764 60 140 716 27 25 56 874 154 40 730
710 716 699 650 651 1441 727 721 657 724 695 759 50 700 649 703 706 694 642 732
56 771 69 55 775 801 1 723 145 63 793 50 49 46 784 728 15 762 19 0
766 777 56 788 130 767 2 723 69 794 3 797 803 62 853 773 771 805 731 758
792 810 838 797 775 783 82 68 103 779 801 69 94 840 115 804 72 798 827 773
118 811 841 113 788 800 94 778 817 127 84 809 826 829 832 828 798 827 83 101
623 1364 669 693 638 1365 690 671 1386 622 637 680 1366 1387 691 1369 663 1383 683 662
789 851 780 858 800 853 786 80 793 810 802 792 788 127 63 772 134 66 783 777
221 932 1110 274 227 928 954 944 945 1111 897 919 898 924 911 1112 923 947 917 951
912 935 1115 959 958 901 1119 942 283 292 1122 898 277 1131 1114 287 955 893 285 915
772 852 793 789 855 785 774 763 72 60 141 130 142 786 61 766 133 768 797 856
925 1113 222 1123 952 934 972 1102 935 218 936 1121 890 924 904 229 1108 964 217 279
67 768 49 0 801 850 856 859 51 765 77 54 65 789 772 780 53 799 857 770
674 697 683 706 634 712 620 662 703 693 696 688 659 715 656 647 642 704 623 665
619 681 705 691 662 627 623 1445 645 613 1363 628 680 637 696 661 697 695 699 689
9 59 23 168 33 735 869 758 66 740 133 159 131 63 755 52 154 31 76 729
703 738 687 647 741 748 45 737 9 678 749 743 725 758 17 16 24 642 14 2
632 1376 1373 662 696 617 1366 698 652 659 615 663 618 1375 1361 666 1441 1365 689 647
633 697 1383 638 611 1379 1380 620 682 37 629 627 657 711 715 701 1442 1367 630 621
649 1445 713 701 707 672 627 711 615 674 656 700 629 714 662 670 668 1441 706 681
5 729 60 713 143 762 40 145 59 9 41 718 28 44 54 63 45 152 756 139
695 700 661 641 648 664 631 705 738 737 674 740 687 718 636 645 639 640 712 709
705 727 734 718 739 658 685 682 1 737 719 1442 676 1445 53 733 762 2 639 664
221 1113 903 954 912 227 920 901 909 294 968 277 944 1111 960 949 970 287 1109 278
76 127 815 813 799 107 788 121 110 804 86 115 94 73 128 119 117 92 104 59
897 915 950 884 941 899 910 284 951 214 931 895 162 909 926 948 938 919 957 212
147 174 765 879 145 156 2 164 13 864 165 866 889 146 877 143 19 880 144 875
155 884 147 8 9 751 169 150 880 21 761 143 875 160 47 12 757 3 152 889
