746 793 708 1519 2370 780 1544 1528 2449 818 2371 2450 736 2459 786 1493 1525 2350 740 815
2256 2276 2269 2255 2286 1396 2278 2212 2235 1370 2273 2186 2197 1379 2173 1406 2294 1383 2234 2293
2230 2279 2273 2188 2235 2283 2287 2243 2183 2262 2252 2242 2304 2289 2213 2192 2229 2237 2305 2296
1230 1274 552 1283 461 420 611 585 433 1272 391 393 1296 429 576 1278 512 1342 538 524
1493 1537 721 731 665 800 1517 776 796 713 666 1601 1442 1532 1587 1448 672 676 1616 732
845 2441 839 1502 760 912 873 38 793 69 1486 2397 754 2409 910 74 825 2458 879 89
16 855 854 83 89 2473 68 0 2444 786 822 2468 2439 875 53 52 2427 2393 868 17
437 1247 396 562 550 441 447 1239 1303 479 578 1219 439 573 408 429 1257 579 481 411
575 1224 1371 488 1325 1326 499 555 1250 545 435 621 1364 554 1242 1309 530 603 1315 442
737 839 2477 32 3 2506 825 1495 803 2356 837 868 2362 823 2442 1494 20 30 7 2416
506 1317 582 1391 1333 500 502 613 522 536 1336 1369 1376 1355 481 1381 1401 512 1350 469
433 1233 446 1203 509 548 529 452 1219 515 373 511 1210 408 407 558 461 1228 465 383
727 2356 784 1557 823 741 776 717 1528 762 1490 2335 792 764 1526 722 704 782 719 2399
539 570 496 1237 1371 1248 1409 1390 1257 621 630 498 1361 1313 1280 1342 636 1401 534 473
1180 1209 1234 335 351 424 487 361 1151 458 1196 1157 1218 379 482 380 1184 438 480 391
59 869 2443 892 1629 2437 31 895 102 2433 2447 2466 2414 1623 18 2434 826 2405 45 1626
1957 1967 1943 1910 1909 1997 1988 1941 1931 1999 1949 1971 1946 1935 1950 1953 1969 1992 2001 2004
1885 1917 1916 1920 1933 1898 1826 1837 1932 1936 1891 1949 1941 1947 1849 1906 1842 1897 1883 1919
910 2468 79 2487 2399 127 867 68 22 2521 780 899 888 112 2481 836 799 787 822 2429
486 1219 460 1337 1200 423 476 1314 1341 521 462 1216 472 548 1199 1252 1240 406 514 1290
110 2518 97 738 124 81 2468 2460 152 2493 63 2477 128 2413 2481 2499 874 139 1513 2470
455 559 454 399 620 1305 494 483 1400 462 614 1302 429 600 1331 506 493 605 1260 577
453 483 468 1312 1310 432 434 471 1348 397 549 1293 476 414 437 1239 1228 1264 1342 1326
220 970 955 1029 252 210 1000 979 176 291 949 940 162 1026 161 954 154 1017 1021 197
357 1149 355 1134 362 314 1196 1211 1124 1167 322 1197 1179 395 299 1212 401 1118 371 329
670 1438 716 711 723 627 590 684 1461 1467 1361 639 1478 608 1427 1422 1433 1453 648 679
614 1339 1296 517 701 1290 1430 1346 1315 512 1294 1406 1388 578 1287 585 573 1385 589 530
128 918 158 89 2496 2494 122 2485 2498 129 2476 2517 94 2508 915 903 2492 95 91 2435
1315 1348 1345 539 1415 605 1365 1351 597 509 1285 517 1298 500 1360 534 1376 547 1337 557
1436 1485 650 1380 1386 1435 672 1560 1400 702 611 816 735 674 627 837 1523 1344 1390 836
573 620 489 495 1245 1254 666 1437 1324 550 1427 526 557 474 563 614 583 703 541 579
344 1136 1197 395 350 345 1202 397 313 1110 1117 376 340 329 362 1178 1139 302 1148 1190
687 1364 504 1455 1443 540 500 492 536 1306 1343 641 1296 1429 579 1462 671 709 2241 2238
520 534 1304 506 1353 504 1312 1385 593 1395 551 475 488 459 1402 1229 516 590 1232 558
1016 1065 1062 1010 1029 1002 1005 1001 983 965 1012 1017 1085 1087 1028 986 1070 1038 1014 973
772 1477 747 1471 1535 2410 2399 2406 677 706 723 1410 810 787 750 1447 705 1420 1430 798
848 1503 2478 793 2468 23 46 805 791 1534 34 811 1 832 81 1457 842 1506 2480 1527
1323 1360 1311 568 1391 1294 536 579 480 539 1276 1362 1437 1376 1432 526 1255 648 646 1387
2031 2063 2051 1998 2058 1986 1983 2014 1992 1990 2016 2044 2088 2095 2073 1996 2035 2093 2047 2039
472 1318 1222 1319 1283 1207 468 520 497 484 1312 1381 1357 1349 1291 458 1379 1235 629 603
1379 1413 2257 1428 537 519 544 533 556 1359 1353 602 1342 705 644 527 581 1382 1356 586
664 706 1404 1504 1358 587 637 1419 694 735 719 1361 589 1418 663 1487 1510 1505 1495 602
1688 1760 1693 1643 1738 1621 1624 1705 1650 1731 1764 1744 1704 1661 1658 1774 1782 1712 1641 1653
2217 2245 2271 1388 2168 2215 2167 2195 2194 2253 2265 2218 2224 1385 2156 2162 1386 2153 1389 2225
742 1424 786 625 1520 1493 2361 697 617 1481 1414 678 1362 2393 1420 1354 1525 2428 2249 800
712 1507 1435 1550 1513 748 642 1553 689 1566 839 750 1549 2513 1519 816 1407 854 1438 1501
1332 1377 619 641 1339 466 1344 562 650 552 501 530 2261 1249 556 571 1352 473 1399 595
771 1465 1551 648 773 675 2406 2391 1391 1463 834 686 698 646 1432 797 1497 752 636 2379
90 861 884 8 871 2503 845 858 2397 88 32 2500 62 55 826 2465 2504 64 2434 2495
968 998 967 1008 973 223 985 950 224 230 1021 999 208 982 1031 969 988 1015 1026 232
837 1479 61 2477 2416 1519 1432 740 2420 2451 2471 855 26 663 2439 1502 2 2505 46 64
1288 1344 498 1433 495 1296 1338 1278 1326 1237 547 1369 1380 537 499 1409 560 454 536 1305
905 2496 58 2416 1496 91 928 109 100 125 2520 86 1504 122 2415 108 896 2501 2471 910
542 1349 538 608 618 572 567 1318 570 469 1248 472 611 560 504 519 1395 1413 1386 462
377 411 1234 380 1210 1251 441 1192 375 1209 322 1245 1194 416 357 1190 1217 1186 1200 455
679 1461 604 1391 1399 1511 795 1469 2376 2386 797 1394 1490 603 1535 821 710 1487 1509 707
627 1308 1419 685 477 1424 473 1261 1334 459 637 469 1450 1309 696 1287 1305 619 461 485
1438 1468 643 626 1459 1495 1547 629 803 1527 1453 741 2397 1370 1433 767 618 1359 1339 617
1321 1381 562 1258 658 1359 1397 663 2244 1371 591 478 1361 1320 511 588 1398 654 683 1301
1320 1337 612 599 571 478 1407 1423 1341 501 1257 1392 597 1403 1420 1389 487 1372 588 1424
1560 1586 1564 1516 1467 1658 1668 1552 1466 1650 1496 1660 1554 1570 1549 1537 1686 1607 1508 1667
766 1474 2392 846 781 1514 709 800 1528 799 2442 2366 845 1409 1473 1557 1450 812 1449 2378
600 1400 596 670 646 1260 1291 623 673 1351 1390 592 692 660 704 1382 2239 1287 1297 1343
630 1385 598 638 694 602 615 614 2239 642 632 674 526 2247 660 523 2259 536 1334 675
1241 1307 528 566 1401 1263 583 1378 596 598 565 1284 478 1278 1279 579 427 1261 609 1398
764 825 2461 2454 37 767 54 814 2381 1474 2403 34 65 2449 1533 860 1477 821 844 4
872 2469 2396 2505 2451 2470 19 2420 874 2460 2462 808 2484 2415 776 873 81 881 909 1625
663 2333 1395 2313 2319 591 1425 697 664 677 1383 1394 648 599 702 1458 662 1411 657 643
1684 1750 1681 1707 1773 1585 1743 1640 1651 1718 1770 1674 1629 1616 1626 1672 1781 1702 1698 1685
253 292 311 313 319 274 318 227 341 316 278 309 295 345 232 291 241 248 220 303
472 580 555 634 1306 464 1353 1253 446 606 459 1376 435 1385 612 548 1243 1287 468 445
734 1499 1557 2522 1442 719 2408 2523 692 815 2483 2397 828 811 793 2372 2432 2518 1436 805
84 2456 858 31 68 38 900 40 2486 118 63 2458 2398 855 2425 2436 887 2505 27 49
247 280 244 253 281 205 315 288 203 251 300 255 231 321 230 327 208 304 276 217
1546 1617 1554 1664 732 754 828 1513 741 775 1678 1502 1595 792 831 1552 1561 1679 1460 1456
448 1282 449 1284 412 1249 447 410 1301 401 1224 427 1223 498 609 1320 444 593 1308 407
350 366 1125 375 1148 331 1157 362 379 427 416 1144 1182 353 1201 1138 1159 332 421 426
434 1198 1257 460 474 430 369 1213 1200 437 341 1180 1189 386 1226 451 355 470 447 376
612 1288 1319 495 1429 1321 1453 697 1391 607 587 1423 1450 534 463 581 457 456 681 459
461 1222 543 452 1202 581 501 1199 370 1236 476 434 575 1224 561 1297 1196 466 535 393
848 1519 91 2442 811 843 1534 2403 841 799 767 2456 14 2520 781 103 2489 1496 867 62
716 1534 824 832 1561 1592 1500 667 800 1554 1494 1549 815 1516 1538 2350 1604 1503 1558 1491
562 1399 1382 1439 1428 1334 1361 1388 674 458 608 504 1297 492 2249 464 1292 1246 506 2242
586 681 475 1433 1487 519 480 1251 679 601 590 1279 1401 1310 633 536 1450 599 495 625
77 876 56 2422 2454 58 2463 1628 2468 34 24 3 103 101 2494 2400 42 2394 2506 91
498 1217 1269 530 447 459 409 1216 1229 410 437 550 1277 508 370 1273 518 1316 477 526
707 1459 652 1402 1454 1460 2383 1388 1528 1427 682 757 622 640 751 805 648 667 1493 1547
1503 1541 1623 759 1564 739 724 852 798 1605 2484 1476 714 1625 1533 1618 2515 2504 780 1621
901 2511 95 740 2492 2481 108 910 742 2484 2417 2449 731 923 2496 1510 72 59 1514 2472
721 2346 1439 1457 2383 769 2366 713 744 1470 2347 1445 759 705 736 1425 1442 1552 778 2374
1284 1345 1282 1322 1416 1374 1271 1275 558 1312 1260 503 554 495 1351 539 455 511 523 1276
652 1410 1401 709 1441 671 1396 705 622 2239 641 738 626 620 623 1371 1349 2243 2245 1440
499 595 1249 1424 1382 520 1360 460 573 1370 1362 632 463 1221 1227 1357 696 1374 532 1353
1346 1386 511 544 496 1441 1450 1455 516 484 1336 656 1351 571 519 492 1333 478 573 607
960 1003 1028 1048 997 1013 1000 982 959 974 963 984 1044 1052 948 1009 981 951 992 1024
623 1296 1405 702 681 1455 693 684 1415 1265 1258 1286 471 1275 1316 469 1380 479 609 1434
1126 1146 302 327 1130 1135 337 321 1181 1121 1158 361 340 299 343 1115 334 322 1134 1168
357 389 1202 339 448 1200 442 1153 1134 312 1181 1161 317 415 1158 1190 318 451 1146 323
328 1135 375 1149 286 301 373 338 1147 316 319 361 327 1133 1164 1191 297 343 331 1167
213 270 230 220 981 231 292 183 164 973 243 272 137 227 182 217 972 170 150 269
515 1326 1261 1218 1338 572 569 1221 547 1373 518 1404 1386 1302 601 501 514 563 500 476
1388 1459 1381 704 725 537 1523 1483 1386 587 689 1428 1450 2260 586 557 1514 1539 529 648
742 2516 769 2390 1409 818 2488 2418 2414 913 736 2457 2454 2340 1478 915 1460 2442 1420 96
1825 1873 1851 1818 1810 1878 1885 1856 1836 1862 1880 1839 1890 1858 1820 1894 1821 1853 1809 1808
1352 1419 2253 671 1337 713 1490 520 518 637 1463 1338 1331 1470 1323 712 1473 1305 577 1285
600 691 1327 1382 1446 582 658 1429 1452 1288 1293 1480 1440 643 577 2332 1346 556 1348 700
890 2441 66 794 2392 2444 921 2400 881 812 860 2401 887 82 89 0 2461 38 2499 784
51 2412 2396 84 2463 906 782 2517 788 785 2375 775 760 2432 861 912 792 748 2470 2499
1469 1549 1582 705 725 831 1602 676 1601 1502 1408 1626 1462 1630 840 1586 1478 764 1607 1468
355 1150 401 1144 1178 404 381 398 305 302 406 413 352 383 405 326 348 344 1161 1169
489 1228 405 505 1274 457 1349 572 517 485 1365 1230 493 1289 1346 1351 1335 436 392 1256
1259 1325 538 433 1355 1272 472 1252 1228 1291 470 1371 461 621 450 458 1219 542 1313 501
1589 1678 1723 1743 1559 1655 1584 1536 1704 1670 1666 1747 1661 1629 1658 1745 1665 1700 1753 1712
2189 2237 2233 2272 2249 2258 1387 1409 2280 2162 2200 2194 2145 2204 2235 2239 2136 2134 2205 2140
461 1305 486 443 474 1250 1395 1302 589 516 413 543 545 619 493 510 1345 1300 409 608
575 605 662 1288 1330 582 1287 682 567 623 624 1267 1388 650 684 1415 568 686 545 577
683 1492 2336 666 727 1450 1456 2498 835 1417 1392 748 681 1484 735 1538 1414 674 1529 1433
2403 2506 87 72 2424 39 1506 908 858 2422 2475 62 745 767 905 2383 2515 889 37 40
1334 1407 1311 1459 1281 520 668 488 1327 1300 2247 2258 1251 1343 1306 586 1375 715 1319 650
851 1506 2416 750 0 839 2406 1519 4 95 2395 2514 2428 25 28 2503 699 809 104 1503
599 1382 585 1445 534 1296 1311 1254 2245 2265 2256 1325 629 577 1323 1257 2243 536 616 2258
1452 1502 1449 2490 1378 1478 720 1374 701 841 1364 1373 1367 2503 1443 2515 1530 1513 821 675
1548 1570 806 1488 726 1458 1486 797 723 718 1521 712 816 1563 1536 808 843 1615 1475 1569
1676 1747 1696 1769 1656 1749 1743 1645 1634 1704 1618 1693 1753 1581 1629 1587 1673 1782 1781 1640
64 842 1531 2411 748 2461 2428 799 82 864 2439 1495 740 1516 2468 2430 1556 881 1510 851
755 2374 2422 717 1479 2387 724 2380 815 1520 822 720 819 1541 846 2341 793 2412 738 1543
99 2517 1519 2503 25 860 27 1486 2412 738 1494 2456 862 906 2484 909 113 2472 1511 2428
1689 1709 1590 1752 1730 1675 1652 1766 1776 1759 1632 1726 1712 1749 1753 1629 1662 1680 1708 1633
758 798 1459 717 839 1538 1542 1464 799 2406 2454 729 749 2477 751 2360 2433 820 765 2420
971 980 1021 968 1036 214 962 1012 1023 209 953 1016 990 205 965 946 212 229 213 964
715 1459 646 606 675 1374 2344 684 729 1408 1382 1500 2336 734 1498 1457 793 657 798 717
609 1461 1403 560 545 525 1495 1544 657 1533 735 1353 1551 1314 805 1366 686 1455 684 625
2172 2225 2146 2150 2207 2171 2157 2174 2134 2198 2126 2292 2234 2235 2128 2169 2148 2231 2263 2222
520 1270 1282 458 505 564 1294 605 461 576 554 573 1312 445 553 1252 443 558 1283 1237
754 1520 1456 720 819 2382 2367 1563 2387 1546 708 1486 1524 2398 1499 774 2417 723 721 797
364 376 425 1217 1195 357 1131 298 346 1209 381 1139 1141 328 353 1201 397 1199 372 1194
2101 2138 2182 2149 2142 2070 2082 2110 2078 2098 2145 2104 2190 2130 2139 2174 2154 2134 2083 2076
723 784 2394 778 1523 1517 2401 749 713 1432 1516 2443 2472 2400 2356 722 773 835 708 2347
825 847 86 7 1547 873 40 842 1506 764 67 2445 831 97 1531 2441 2397 779 835 777
513 1367 628 1461 656 1222 663 1233 1427 631 510 587 1231 467 553 560 500 506 2247 459
728 821 797 749 1421 711 2427 1526 1407 2430 746 732 2385 2355 50 2446 726 818 2398 2396
783 2464 38 845 788 2390 718 876 2446 29 2378 856 1469 815 911 2485 737 901 2386 1480
491 1347 1236 1369 504 548 531 1382 598 1353 1260 593 1282 1323 613 618 578 1219 1384 1371
137 923 195 99 176 103 951 206 117 2488 944 116 912 114 151 916 126 2516 928 213
744 1538 2485 1556 1498 1612 2514 2383 798 1536 777 746 2493 1483 2412 713 1551 844 1563 2496
717 1474 1451 1477 1512 839 1541 2359 2387 2386 1545 709 657 742 2349 686 1549 801 773 1496
1912 1947 1942 1905 1890 1889 1933 1974 1952 1900 1964 1910 1969 1896 1960 1955 1940 1927 1903 1887
600 615 556 655 1373 1273 684 1299 1410 1260 534 1338 1392 1258 1413 1363 686 1347 664 589
37 863 866 2398 836 70 865 867 2418 98 2455 78 2407 824 29 0 101 825 43 2463
606 1404 628 646 1470 574 1463 590 657 700 1304 2259 1295 1371 531 711 1273 523 1465 1305
