29 63 46 41 34 35 62 114 92 105 26 66 7 70 96 27 45 91 21 102
369 1167 1027 1033 1237 1192 1200 411 1207 350 1036 1053 1209 1024 424 370 1161 375 1138 1233
402 1166 1026 497 1013 354 471 1170 364 1175 1146 347 389 344 428 1029 387 1209 384 356
720 749 790 704 646 744 785 700 734 724 647 658 643 727 763 746 748 657 638 642
421 457 1211 374 1270 1292 496 1195 1312 1308 1230 402 405 1199 480 450 1224 1185 474 417
352 1140 321 338 328 364 1125 1126 371 380 1052 319 1149 332 1065 383 1048 369 1171 1032
80 105 43 93 31 29 103 106 84 39 134 30 109 72 56 44 1 60 87 13
198 223 259 809 253 194 150 818 240 188 153 168 176 251 795 274 238 197 191 954
151 162 152 119 110 124 185 144 187 198 132 199 169 183 128 164 182 200 184 173
549 1193 397 1179 566 361 1037 367 1165 1230 531 506 1033 563 1224 486 1174 1145 512 1222
286 312 261 269 1028 1037 1007 308 1025 289 257 255 325 331 1022 315 335 272 268 1017
757 775 1434 727 763 802 756 1459 714 766 738 736 1443 810 806 723 816 656 788 817
544 1218 422 412 522 1201 462 510 1219 367 1258 376 556 1188 475 511 545 1152 403 423
413 451 1274 395 1209 488 456 1179 492 1226 373 469 1196 404 480 1211 1203 375 476 1176
645 729 1433 767 1425 784 696 731 682 683 727 724 1461 772 675 1440 785 634 693 1436
343 1043 306 1112 323 1187 377 1044 1122 1171 1042 364 381 1069 1149 1063 1068 1095 1065 1145
1379 1410 1425 1302 1338 1359 1356 1411 1429 1351 1375 1413 1316 1422 1416 1350 1294 1431 1326 1335
1189 1253 443 346 1034 503 1243 469 1313 494 417 484 440 541 1202 1205 1229 1029 420 1244
399 1235 1183 1283 1265 1156 466 390 1277 1174 534 506 1178 1188 1221 473 437 480 526 1287
385 425 1246 373 389 408 449 409 1176 1198 341 371 392 440 475 420 1035 1259 346 487
638 1459 1432 1461 739 652 1442 757 732 718 762 1453 1428 725 1464 640 1452 648 1439 1450
351 1163 1033 310 1195 1146 397 1181 1179 323 1024 396 1223 381 1177 1191 1215 1207 1063 328
383 415 1243 1254 1261 493 489 1135 1192 1250 373 461 390 400 354 376 1022 1248 341 1157
167 202 193 821 241 178 213 811 816 800 232 239 148 813 817 136 132 805 144 247
261 299 288 1014 271 231 1034 243 314 255 282 208 235 988 311 335 294 260 278 323
386 410 1037 475 1193 455 1030 1137 1018 1181 404 1228 443 1138 474 439 1159 1216 1220 1208
945 985 975 944 243 968 252 926 964 916 993 981 947 246 992 249 960 1006 914 973
1286 1322 1315 436 1331 1362 463 1303 1356 1354 1405 1295 1377 1306 1378 1274 1290 1360 1340 1305
458 1248 1194 1227 541 516 478 526 485 1173 1188 384 1273 459 399 413 1255 514 1267 502
1237 1263 466 465 468 1226 1164 427 483 388 1322 467 1301 1293 449 547 1262 1179 1272 405
389 1251 1309 383 401 1288 1196 530 518 1266 1223 1235 388 417 409 1283 519 1238 430 1157
102 112 12 91 109 118 10 67 117 154 155 110 93 132 123 23 126 5 157 138
434 1263 1251 456 1274 1277 482 1301 1362 1250 1280 1289 1221 403 387 492 1261 424 1310 419
480 512 1300 441 1297 402 451 411 398 447 1193 524 494 483 478 518 1251 545 497 387
1025 1155 287 400 399 1043 283 325 382 317 1004 296 1195 1036 372 374 364 1172 339 1158
1054 1137 1067 377 1032 1127 313 1057 1042 1122 359 1063 1050 346 1161 1091 319 1069 1027 366
125 156 100 191 143 108 140 179 155 95 93 139 151 159 119 158 110 174 89 171
1387 1397 1373 1325 1413 1411 1365 1342 1360 1347 1301 1404 1366 1331 1367 1406 1384 1356 1311 1316
1045 1137 327 328 332 358 1135 1104 1155 1117 312 1132 1049 1109 1134 380 1183 1115 1159 1044
288 1003 1004 1009 1000 1031 1013 254 299 308 304 1027 293 270 1015 1005 294 985 322 252
478 1223 372 361 451 537 375 426 535 527 440 1148 1271 1272 387 1168 367 503 438 1222
348 1042 1167 1177 1087 383 1086 1156 1110 1073 1081 343 1050 1147 1103 1047 1184 1142 349 1031
132 196 220 109 191 215 152 142 791 141 248 239 799 117 186 119 181 243 223 205
374 1186 1025 492 1135 408 1039 1160 1171 1047 1180 432 1183 348 1167 1197 1208 1195 1159 1214
136 177 147 138 121 146 201 212 143 165 118 157 181 200 153 115 140 133 209 189
1211 1238 1173 510 1199 1272 354 377 1248 1212 1264 516 361 398 372 1256 414 373 451 488
538 1218 1204 482 1253 483 527 1191 491 484 390 521 411 540 364 372 498 358 1180 1165
365 1049 1227 376 1033 343 1071 1187 1110 381 1027 1111 1208 1131 1173 1089 1037 1115 1209 386
395 1162 1236 484 388 1153 421 1234 438 1209 1246 1142 1150 1034 1133 501 1020 440 441 1214
768 785 766 1458 769 780 751 784 758 738 711 727 735 1447 1463 829 712 732 743 716
559 1225 1259 1173 1221 529 412 1172 522 579 1222 377 1217 1165 1262 380 499 418 431 1196
631 643 709 1443 728 747 740 663 1463 629 612 753 1431 717 729 1456 1459 1448 628 614
195 802 186 121 218 804 772 201 146 161 240 799 163 242 769 159 831 213 836 202
730 748 653 765 772 1425 733 652 756 665 788 751 1432 778 773 782 787 752 659 746
427 1293 481 1374 1271 471 1301 387 1197 1278 1269 443 402 1223 1191 503 1307 1277 1288 1287
433 1260 1284 398 382 1291 1252 479 420 1239 487 1240 383 1274 409 418 1248 406 478 1253
56 70 23 82 118 15 42 30 108 80 20 16 39 14 6 99 9 49 26 102
304 1018 1034 275 292 1146 1000 318 289 273 310 342 272 1027 1154 340 1177 1022 1175 370
332 1132 1146 1108 1147 1150 363 1137 1064 331 1112 1134 1114 327 1093 1044 1040 1141 1164 306
146 191 221 213 199 223 145 170 179 184 174 234 239 214 132 218 152 113 114 805
1048 1092 363 330 1093 1045 373 1044 1043 327 1057 370 1051 1136 1039 1128 1069 1147 348 368
94 114 17 159 139 129 60 69 161 88 18 9 144 111 71 10 106 116 145 86
141 158 167 149 168 174 201 145 155 116 197 135 156 150 144 130 204 192 166 106
1135 1153 377 357 1224 371 326 384 1166 1029 400 1022 1140 1139 1227 1173 339 1138 375 1187
64 104 13 116 23 43 30 9 62 28 10 76 41 111 80 88 89 68 113 125
382 1151 1175 402 1132 438 421 1219 1159 1229 1242 1156 1031 1032 377 433 389 1149 1144 422
449 1245 1204 1163 1227 1288 1170 1252 411 386 459 480 1283 1188 514 1183 1171 533 1308 1178
450 1273 1286 423 488 385 1272 448 1304 437 449 440 462 1289 388 1229 463 465 422 1235
1057 1094 1087 329 362 1091 1103 342 1098 1120 343 1043 363 1143 1113 1036 350 1072 1101 1097
373 1221 1256 520 1139 381 533 1211 451 1044 1173 1050 1036 453 1219 1169 536 549 446 1206
223 261 231 300 824 961 178 968 216 195 187 193 990 185 286 973 814 204 804 203
317 340 1076 1037 1116 1124 1023 1064 331 1042 379 377 382 283 1177 1038 1122 277 1155 363
1294 1382 1277 1246 1412 1336 1407 1354 1230 1329 1405 1344 1317 1244 1305 1371 466 478 1360 471
389 440 1287 1022 350 1272 406 1151 1179 1247 377 421 1150 1257 479 1184 1303 433 1210 1149
729 775 1461 636 711 1432 817 703 713 1462 1463 1458 1440 1451 646 788 812 1447 802 744
301 333 323 1094 1021 1089 269 1111 1070 285 1065 277 1055 1018 1109 1107 1034 1019 1077 354
1394 1406 1426 1407 1382 1355 1341 1331 1357 1305 1420 1342 1380 1429 1375 1333 1417 1361 1337 1348
1035 1152 1018 1011 1189 361 290 1197 1188 1057 328 1161 333 1196 374 1226 1179 1128 1045 1224
1065 1130 311 1102 1038 1086 331 1159 1124 366 371 1161 318 1157 1125 1089 346 1143 1105 357
1040 1120 316 1106 1036 1176 1160 318 1055 1170 1141 310 1092 1096 369 1099 1137 1077 327 1056
321 1060 1083 1127 295 1080 325 345 1073 330 300 1136 1044 1072 1030 1020 332 1124 1024 1088
339 1136 347 1081 1086 384 1123 376 345 1120 355 1070 344 1031 1162 1026 1155 353 380 1087
720 783 784 732 711 1466 644 807 655 821 661 1438 810 773 770 707 1461 823 719 747
841 879 815 845 887 812 832 843 876 883 897 836 885 867 896 811 894 801 899 842
1362 1395 1264 1278 1404 1334 1343 1290 1319 1414 1299 1380 1329 1335 1383 1373 1417 1419 1355 1369
405 483 399 1177 1300 1215 424 1234 458 472 1185 1242 1255 1252 413 434 379 390 499 1208
198 795 831 150 799 169 176 223 823 213 760 784 145 199 783 818 814 755 191 794
655 699 700 649 1464 663 693 743 687 643 1458 754 691 704 651 702 728 721 757 712
342 1168 1189 1213 1238 1228 1127 1147 1013 1226 1239 1039 1190 1067 1155 1072 304 1126 365 1123
351 368 1201 1182 1059 328 1163 1154 1162 1022 1125 1151 323 1062 409 1029 1200 339 429 320
375 1223 1171 531 543 1210 1262 1191 556 1031 1180 432 449 337 1042 1045 365 410 414 1168
425 1218 387 1153 505 364 1161 496 1192 474 1237 541 506 513 497 1159 1228 1196 501 463
393 1030 1208 288 440 1225 1191 303 1255 426 1142 444 462 1187 1039 503 1247 1167 481 1231
179 208 149 212 130 153 812 246 120 197 243 183 244 207 808 230 123 803 817 169
524 550 1247 486 1226 525 502 1188 1220 512 499 503 523 544 547 1237 495 485 557 1210
1302 1387 455 1251 1319 443 438 1260 436 1295 1412 441 1380 1417 467 1344 446 1409 437 454
1280 1321 1402 1391 1307 1278 1243 456 1256 445 1374 448 1376 1367 1362 1369 1258 1248 1373 449
1170 1196 490 559 1169 1215 1176 1203 505 1158 540 1192 378 382 1184 1194 1201 423 1031 1253
477 1261 1297 394 404 1361 437 1327 486 444 462 1266 424 1244 1316 506 1293 441 434 410
167 198 221 206 253 226 239 164 218 127 112 150 228 120 110 148 191 178 157 199
723 1445 638 713 766 769 737 651 741 715 719 1422 1444 720 645 1453 748 763 1449 1463
249 280 276 1021 224 312 301 221 243 256 988 996 208 1001 1003 289 228 191 275 990
505 1244 1285 1229 447 1314 1175 405 1257 1256 426 1181 380 1215 388 409 397 444 1186 1241
1054 1117 1136 1083 1131 326 1106 1124 1143 338 1048 330 365 1090 1057 1127 1121 1094 1059 332
417 462 1244 1267 456 397 494 1182 1247 378 1297 464 1273 1187 1268 469 387 476 358 439
1327 1385 1319 1292 1352 1374 1281 1334 1350 1383 1342 1304 1293 1345 1401 1368 1262 1283 1321 1360
640 1453 1445 642 1457 667 761 1460 660 646 753 702 662 725 768 635 1442 756 647 1444
438 491 1297 408 477 1238 504 489 526 1243 383 1203 1299 463 453 1287 1244 1295 484 487
645 666 713 681 744 662 716 747 753 702 684 750 691 739 715 1433 1452 643 656 636
1232 1268 1302 474 431 1215 1280 513 536 1200 1183 1235 385 528 551 497 1278 486 1214 1308
317 1037 1043 361 1192 1193 330 303 1154 1170 1125 1014 349 1161 1176 358 332 1063 338 1018
15 108 149 10 89 137 95 167 74 146 154 123 111 62 65 121 148 73 160 93
487 1246 1169 486 490 430 428 442 449 1271 1257 497 1189 1262 1175 1248 503 424 507 1269
34 66 73 7 6 40 31 27 61 28 84 32 23 91 58 69 45 111 95 119
323 342 1161 1128 1179 382 1043 310 1183 322 352 1035 381 1044 1174 1171 1054 1123 356 1060
461 1287 1308 1218 1235 1227 393 1246 473 1341 1314 1295 442 431 1234 429 1328 455 408 1241
841 878 867 822 837 903 909 884 827 864 896 899 905 812 805 890 892 906 883 823
344 1144 1149 1034 1193 373 1059 1056 326 1145 1047 1136 1195 1133 1054 1135 394 327 318 351
523 1237 1242 433 443 421 1196 526 1276 551 1265 1194 1185 1284 1216 1299 537 1208 390 505
410 1200 442 1230 552 1149 484 1147 394 411 1033 452 1231 482 456 417 453 1196 443 1260
1153 1187 1151 357 1175 384 370 532 497 490 1237 341 1192 1034 424 365 1171 398 1239 1251
405 1185 468 371 1181 388 1172 473 1031 433 1257 412 1238 377 397 487 1164 1149 1263 1145
813 836 221 200 871 225 236 832 847 812 838 804 800 784 824 856 839 798 807 864
399 1192 376 450 1185 1153 513 436 1182 1034 428 384 494 1033 443 472 344 1193 1239 1165
1038 1137 303 1057 359 1042 1153 367 1062 1173 1159 1041 1033 1144 1165 335 1030 1179 381 1155
1048 1126 1091 1059 1043 1113 332 355 320 343 317 1057 1114 1051 342 1104 1138 1144 1049 327
379 395 380 1223 485 1174 1205 371 1201 393 1153 498 1158 1188 438 347 1135 1032 1249 373
225 240 287 955 183 800 282 803 965 284 269 205 192 209 261 221 244 810 275 258
708 731 721 701 1461 698 1444 686 761 1467 697 774 1430 1466 784 1448 710 1450 1457 705
457 1221 1174 1227 1191 1297 1150 482 1246 428 374 552 510 1305 515 514 1261 1156 442 1195
1157 1194 393 1133 1017 1200 355 1021 548 411 1244 532 1028 1025 1215 359 1208 1181 342 482
312 329 276 350 1106 347 1066 1102 277 268 1007 358 1133 1088 271 327 297 349 1077 322
1033 1175 307 1141 1032 1045 1210 1138 363 338 348 398 412 413 1212 386 314 1176 1217 308
327 1075 297 1128 1073 1137 1050 313 1116 1026 1082 298 300 1121 1120 1034 1125 357 1055 312
348 1020 1033 1042 1034 280 1011 382 338 383 301 1161 1146 1019 1035 279 1179 1194 385 375
713 761 731 765 660 758 775 796 656 723 708 1446 658 749 781 743 1457 792 799 750
316 1040 1146 372 334 317 1047 314 1021 1048 1056 299 1132 1039 1010 369 1118 1038 1120 1042
1054 1104 1109 1039 1105 342 1051 336 1093 1095 1034 1144 328 1077 1136 1102 324 1084 1134 1066
726 754 746 1465 659 715 757 743 779 771 751 780 759 782 648 1458 758 1428 1449 1459
733 1444 746 742 1441 763 1454 1426 1447 1458 645 646 717 644 780 758 761 1423 770 1427
254 992 997 284 1012 955 282 1003 209 223 959 205 260 297 280 963 262 211 960 951
157 184 107 231 154 209 163 131 174 169 218 195 111 215 234 230 110 193 151 182
1295 1314 456 1376 1324 1255 453 468 473 471 462 1373 477 1322 1365 1333 1353 1363 1315 1244
475 1194 1254 425 365 378 1291 445 481 1222 403 1176 440 1300 1147 554 436 346 1249 423
262 284 1027 237 295 233 252 271 988 245 987 306 997 304 290 215 1029 301 280 228
501 1255 1247 1234 1322 522 402 514 1303 492 1283 486 480 495 1292 519 1245 1218 415 528
171 193 812 156 792 154 122 227 186 174 138 113 141 230 796 120 215 114 148 253
485 1190 508 1142 531 1159 501 371 1266 1233 364 510 419 1179 428 344 361 1158 400 1234
427 1188 1272 1247 391 492 1181 1254 400 347 1165 1205 476 382 1207 1261 1262 519 1245 1274
371 424 1197 1220 1258 1206 1040 1254 355 339 1272 415 1212 1192 1215 1163 1253 1134 492 1211
