44 421 50 101 40 14 411 0 23 31 427 12 80 122 84 468 37 413 424 429
309 344 314 270 371 302 304 372 320 301 368 378 305 379 362 306 311 327 316 286
167 173 198 223 172 171 181 229 146 217 180 178 182 209 211 185 225 174 203 164
3 408 24 77 388 448 113 93 37 73 432 406 424 143 421 415 114 62 146 81
285 323 292 276 363 345 326 284 267 293 316 312 381 368 351 298 305 370 302 356
150 162 235 127 173 136 125 229 179 155 178 247 138 167 207 245 240 153 250 137
15 456 402 41 2 48 52 55 19 54 439 446 454 448 65 59 4 474 449 13
167 235 251 154 165 228 168 233 248 237 176 223 182 152 256 173 156 257 133 175
64 81 77 109 55 446 66 467 457 20 38 447 34 475 12 0 402 29 445 71
168 178 221 217 215 225 170 179 173 204 186 489 208 212 185 188 509 229 152 238
2 428 407 442 40 415 420 52 451 62 32 430 419 35 63 19 14 43 402 399
288 321 268 353 359 335 315 375 302 367 278 345 376 281 343 290 332 356 378 365
345 379 324 353 355 278 290 364 368 369 279 348 272 283 274 294 267 384 295 323
70 442 25 440 481 432 103 6 431 445 425 49 56 21 32 1 18 31 459 69
430 443 16 19 39 448 13 34 37 47 30 51 11 58 452 57 427 17 417 457
14 431 448 45 70 21 463 65 69 453 7 426 49 403 74 429 443 89 454 87
189 485 490 180 207 28 205 213 48 182 515 493 56 67 196 500 488 504 185 24
433 448 445 459 12 47 69 3 66 464 453 465 62 23 6 435 454 450 460 33
454 459 21 40 448 473 447 7 449 20 453 435 41 49 8 6 46 4 56 5
313 375 318 302 397 333 310 281 299 369 289 283 305 384 352 317 395 272 390 292
267 357 263 310 392 336 383 265 274 308 307 389 283 246 273 269 335 324 250 346
120 134 407 107 220 243 398 394 401 112 389 400 122 230 86 249 137 257 399 255
275 380 331 262 283 391 340 263 313 353 343 358 345 397 306 375 280 396 265 321
0 457 405 406 465 26 469 41 37 449 42 470 464 24 32 80 436 79 55 59
257 267 353 142 244 272 259 254 357 125 346 317 275 238 256 129 355 349 312 281
251 259 124 225 116 146 272 243 150 160 125 241 143 139 131 152 159 142 129 154
284 373 300 321 350 310 334 330 339 355 378 400 396 390 307 337 395 311 283 328
147 244 117 126 409 410 242 265 413 269 149 151 136 233 144 263 396 121 139 259
286 328 380 308 330 295 364 372 355 307 373 268 271 289 348 350 305 279 366 292
314 360 278 348 303 268 316 296 369 311 337 355 262 367 291 349 294 284 380 326
374 391 322 330 275 327 409 101 367 403 103 127 274 124 398 359 406 387 405 137
194 213 480 504 150 177 164 475 206 472 182 146 162 495 202 185 196 192 167 157
29 454 463 42 24 474 77 417 83 473 30 462 82 71 412 452 438 8 26 2
128 250 97 246 236 90 148 251 221 394 159 89 409 224 241 397 418 160 99 93
272 327 293 367 376 368 343 271 370 377 378 351 261 267 379 330 339 371 362 300
22 458 21 447 18 477 406 72 17 35 405 64 428 55 80 437 66 38 438 45
206 492 200 56 180 488 539 201 503 520 221 526 52 196 505 209 479 521 66 169
205 493 502 479 516 519 212 521 204 191 57 164 209 68 56 477 210 53 474 219
225 230 178 168 208 169 261 246 239 245 253 137 164 397 119 241 214 233 250 414
135 417 395 215 90 97 409 82 251 7 78 398 227 129 241 247 143 404 218 102
315 369 273 375 381 295 339 357 391 366 330 348 374 277 272 379 384 282 362 323
255 268 239 224 123 324 226 323 253 150 264 281 121 341 285 350 148 128 329 291
505 521 500 486 183 192 204 520 525 494 536 211 179 523 541 544 503 518 507 538
198 210 188 508 212 160 169 180 500 162 216 495 474 505 502 178 171 184 208 507
278 369 295 318 352 347 293 297 343 354 329 272 325 335 351 262 324 367 288 323
294 323 333 291 271 330 335 384 273 310 387 284 320 290 344 297 342 315 336 347
24 483 447 461 417 491 62 43 45 470 508 7 408 439 463 28 474 482 412 497
152 158 126 132 149 128 208 150 239 127 145 210 144 169 137 231 159 236 140 222
153 251 131 216 241 152 257 259 161 135 236 140 166 151 147 138 235 263 128 122
383 389 371 320 380 393 117 347 125 402 392 352 337 343 301 329 334 307 279 381
165 181 194 238 509 205 485 511 228 206 232 179 176 201 215 170 167 226 233 173
49 431 75 51 407 43 61 60 54 33 436 445 451 432 474 34 485 427 462 37
55 492 198 437 534 71 446 468 541 439 421 15 39 49 30 186 16 528 207 54
123 231 248 143 413 226 215 150 140 117 392 242 157 246 238 171 401 263 110 166
507 529 493 498 486 504 188 205 190 499 53 201 502 178 191 510 209 492 501 543
201 210 221 217 477 480 482 162 204 180 484 157 155 168 184 497 175 177 167 161
50 411 94 2 101 145 87 107 141 423 487 484 80 473 410 56 403 393 481 439
337 385 357 307 381 393 352 294 317 388 372 391 280 297 292 350 377 309 383 343
343 365 278 360 401 273 277 397 292 274 357 270 383 355 382 362 395 303 337 345
45 418 91 67 72 120 64 65 131 473 400 29 470 105 406 101 6 93 416 52
55 503 41 24 4 469 75 464 425 430 477 12 17 15 83 14 450 446 510 459
292 325 375 277 290 378 310 339 285 355 386 315 372 333 342 272 281 331 370 345
12 21 426 404 451 53 38 459 72 430 48 71 408 435 483 50 445 440 78 92
76 451 463 439 90 29 75 41 43 70 65 61 409 433 71 438 14 89 111 413
194 209 179 221 190 167 508 161 172 158 499 223 472 204 507 214 478 488 491 164
0 430 442 418 412 14 8 17 420 413 72 450 29 77 36 48 66 431 28 444
128 215 103 156 253 116 163 105 256 247 393 131 185 234 132 154 399 148 199 189
25 480 56 439 35 490 419 17 63 207 202 444 66 413 47 0 37 79 404 49
3 77 62 41 420 424 6 416 447 16 37 34 423 410 422 11 97 397 430 437
150 164 234 156 140 141 233 250 171 172 132 241 228 162 159 152 249 168 214 129
484 495 471 19 540 203 18 470 541 190 512 212 183 62 513 486 527 475 509 483
165 217 222 416 129 235 413 140 179 227 220 135 157 181 136 169 144 224 127 137
493 507 200 60 201 527 483 513 205 477 521 525 515 199 522 485 54 492 536 502
1 445 67 443 74 414 44 426 397 465 416 412 35 12 16 29 395 82 24 22
304 315 375 317 272 330 274 322 368 379 370 271 318 279 319 332 316 333 299 367
209 479 478 29 63 180 30 214 190 502 39 201 500 65 52 16 160 17 73 193
393 417 140 361 10 82 85 111 79 350 103 51 127 99 106 80 81 95 91 94
63 461 463 25 488 14 456 2 477 466 430 490 436 497 87 40 474 3 495 39
181 488 482 175 212 60 176 191 481 497 63 186 196 66 489 179 502 515 479 473
333 348 379 336 315 340 346 311 266 350 351 373 326 288 376 272 291 309 328 384
274 376 339 281 386 313 291 388 259 330 261 314 358 370 258 379 267 285 359 357
158 235 148 166 155 157 258 170 123 244 263 262 142 221 165 253 141 257 135 222
169 176 207 196 213 150 191 234 186 188 198 220 148 160 177 173 236 227 156 187
208 488 56 168 165 212 176 528 479 185 190 62 474 475 504 188 72 211 51 169
121 413 60 53 127 137 93 409 421 250 399 78 232 230 225 96 396 218 431 8
311 330 302 362 390 304 385 334 278 282 382 350 283 338 372 285 378 270 349 314
74 103 71 81 414 50 80 416 86 425 94 100 124 404 423 43 13 119 20 6
195 501 491 212 543 527 523 214 489 530 524 55 526 498 178 483 196 203 497 525
145 254 122 271 218 241 266 164 401 263 256 408 166 125 399 151 406 160 255 409
225 409 210 102 44 235 222 133 417 244 416 145 430 24 169 48 81 128 42 101
389 406 5 33 425 89 34 116 118 340 4 384 402 82 320 83 413 416 317 123
302 331 327 305 328 278 342 382 377 381 322 374 340 293 352 362 294 318 290 385
15 404 455 430 102 44 139 26 412 80 17 222 86 475 442 64 8 387 409 385
189 506 490 497 184 178 203 541 199 542 516 504 518 212 493 536 483 509 499 523
175 230 225 143 249 168 115 208 128 248 227 183 200 169 233 211 209 122 238 232
44 420 6 36 417 464 75 107 473 32 406 58 422 408 449 11 69 52 450 61
301 358 322 266 274 276 388 369 346 374 321 329 340 350 305 343 272 281 323 308
345 354 263 376 312 265 280 310 391 279 332 356 281 360 373 297 382 359 261 374
126 409 93 127 143 153 405 413 216 228 246 106 0 147 244 410 150 245 253 21
0 11 452 18 427 461 409 16 14 45 462 13 445 398 12 429 414 89 437 30
69 435 423 41 457 15 493 464 57 26 483 36 443 7 29 10 81 20 99 487
177 186 193 216 171 165 162 495 178 507 217 492 491 511 227 160 164 167 179 505
23 41 446 452 463 451 453 407 428 5 1 71 12 15 63 19 419 11 436 25
392 416 130 407 369 32 41 371 424 399 30 223 49 393 14 362 411 81 384 353
131 148 93 118 404 143 103 110 167 120 419 212 112 407 415 395 125 142 416 249
131 411 38 230 244 249 125 422 96 59 150 245 90 99 388 119 412 104 25 408
4 77 27 406 410 454 45 431 452 69 427 48 41 439 117 59 449 106 407 116
289 340 366 349 343 367 321 385 325 383 311 298 302 312 306 384 371 360 278 339
165 224 133 176 115 206 394 227 114 166 214 136 254 167 150 412 157 234 144 159
86 120 142 90 220 73 128 81 216 100 217 418 254 229 402 145 109 76 136 124
129 157 92 171 131 247 112 232 114 106 400 224 138 167 238 126 166 417 111 159
116 218 108 98 79 231 182 143 211 133 146 166 415 206 84 78 228 162 137 170
165 238 153 239 264 154 181 249 217 260 167 126 252 230 163 231 241 166 171 209
140 158 234 235 138 210 141 122 393 209 114 391 252 129 176 175 403 146 396 416
19 477 3 18 443 189 454 408 65 435 193 202 409 61 192 475 422 498 201 75
24 446 16 443 70 4 31 447 480 82 444 462 479 430 21 5 54 485 418 46
132 248 251 399 110 258 415 117 142 145 157 409 105 101 388 411 148 405 265 270
31 461 58 482 22 476 432 11 418 419 49 45 74 481 79 438 60 85 450 26
290 337 310 275 315 377 342 365 380 277 361 311 312 296 327 276 378 321 297 284
431 448 423 20 67 55 461 437 68 79 29 421 436 33 414 64 442 23 19 454
16 61 452 39 38 461 491 441 27 412 470 476 473 487 464 411 81 29 443 467
14 102 113 434 114 414 65 16 461 411 403 438 87 86 57 44 42 54 424 433
272 283 264 296 365 290 318 324 319 304 343 293 314 256 335 325 309 378 301 291
389 410 402 380 326 117 364 332 18 430 127 323 17 405 419 347 1 146 124 362
275 329 367 297 294 360 326 387 318 323 308 338 262 305 343 302 292 321 263 377
8 412 41 430 95 37 219 401 74 55 145 453 18 391 444 128 44 75 461 111
62 476 74 199 55 449 440 54 473 188 35 70 458 76 2 205 21 37 191 30
529 536 542 500 495 534 492 497 487 538 525 507 496 543 505 491 504 511 503 508
307 334 300 342 384 372 362 281 365 371 363 295 352 336 377 314 287 308 290 344
492 542 69 534 522 490 505 52 523 506 54 208 527 189 209 544 178 184 473 60
77 104 14 414 30 2 57 78 32 445 115 84 11 88 16 106 47 128 126 52
7 446 428 434 56 454 66 400 55 458 453 440 433 416 447 11 452 409 431 461
106 426 135 61 444 28 78 86 436 29 124 398 54 438 2 448 105 127 8 103
296 330 374 338 350 376 389 383 368 300 272 336 292 371 363 276 333 287 380 375
144 156 141 250 152 165 230 415 411 173 237 166 114 413 121 214 209 160 247 216
300 373 315 339 323 305 306 377 398 390 347 334 269 283 313 391 372 311 376 279
317 328 266 275 308 332 367 379 333 365 349 294 383 304 355 362 330 371 306 264
25 479 82 19 444 498 454 39 49 204 494 468 197 480 43 490 461 74 77 60
132 139 123 411 129 127 239 230 104 415 162 103 215 414 388 410 119 416 152 140
121 224 254 253 165 89 100 181 410 409 140 85 222 393 388 173 225 143 91 147
312 385 374 302 345 393 365 323 403 283 362 298 275 271 352 378 331 384 322 333
277 335 382 370 307 328 332 326 324 361 312 341 360 337 334 276 373 368 270 266
320 345 371 379 318 380 304 374 347 367 382 338 378 372 359 334 298 365 267 340
49 412 470 486 216 415 398 226 478 107 459 221 438 137 94 11 125 405 483 480
275 346 373 302 280 359 270 370 381 277 368 375 284 344 278 390 371 266 364 306
219 415 11 402 104 97 124 392 403 393 170 407 176 206 155 135 398 205 145 24
4 404 9 103 434 395 435 68 104 59 63 27 391 16 7 90 28 0 55 42
72 451 483 83 430 31 472 76 7 50 90 18 432 442 42 25 460 435 67 48
14 404 122 452 125 140 19 38 30 25 121 21 127 143 99 81 221 47 397 36
8 60 51 451 9 467 417 444 498 465 432 458 85 7 482 25 27 10 404 24
