1466 1486 1502 1478 1439 1510 1485 1469 1445 1504 1506 1473 1470 1496 1455 1508 1468 1465 1449 1450
926 998 983 1026 980 969 986 946 912 919 922 965 908 883 1006 948 1019 951 1017 943
689 720 669 722 715 659 736 743 678 682 664 665 672 702 690 740 691 657 666 674
1367 1395 1376 1368 1339 1346 1379 1426 1387 1354 1347 1389 1358 1406 1343 1352 1384 1374 1365 1397
1250 1288 1318 1219 1268 1278 1325 1286 1273 1292 1213 1317 1312 1320 1316 1327 1249 1225 1313 1221
273 1624 1601 1658 1619 1653 1611 1689 879 248 1701 241 1642 1717 1589 1652 1709 1707 255 1590
27 834 842 146 8 829 921 96 17 849 43 857 868 852 162 131 181 913 192 878
178 844 841 1570 29 795 70 74 1532 835 219 1074 1559 806 39 1442 1518 218 166 804
27 867 263 78 845 814 900 884 905 846 885 38 7 55 22 251 898 821 75 912
668 695 679 703 709 727 641 735 671 697 659 707 672 670 717 650 664 663 739 688
798 815 831 792 769 224 185 152 174 210 112 187 793 830 845 204 123 790 125 44
13 45 887 876 845 933 9 849 0 863 947 44 26 885 902 852 830 860 1 21
197 816 872 182 801 1554 1073 240 51 82 222 41 1083 119 802 37 103 248 1563 223
114 1422 151 189 1444 142 1408 176 1437 173 94 159 135 162 812 1407 112 188 805 1435
707 717 665 679 727 687 685 693 690 695 718 719 671 677 702 740 692 675 673 734
1142 1196 1192 1141 1100 1129 334 1167 1096 1206 1207 1138 1174 1179 1108 1173 1123 1199 1211 1188
569 597 613 568 534 516 557 589 476 526 458 532 503 628 457 582 523 570 509 519
218 1533 222 208 1529 1512 181 1586 1572 1614 197 239 813 1585 219 817 1615 1083 180 164
160 172 838 1514 1541 1562 190 1517 131 848 849 841 1422 803 143 221 181 833 134 1528
87 115 798 834 110 1436 59 817 97 1423 89 853 69 95 117 94 82 846 1420 153
222 1534 1583 236 170 169 1609 1574 1517 207 252 1510 1506 1592 213 1514 1594 813 1497 230
55 891 874 888 801 817 803 26 62 47 892 861 964 940 862 845 841 7 960 36
276 875 1697 246 894 925 827 309 905 256 1702 911 909 853 828 1076 845 307 278 857
1150 1175 1136 1203 347 1181 1111 334 1130 1149 1120 1170 1116 1135 1172 1168 1127 1152 1165 1113
113 1432 1451 1522 186 147 804 130 1497 1450 159 1430 799 819 1427 187 141 109 1412 183
976 996 911 1004 940 947 916 995 952 912 919 991 901 910 927 939 1017 938 961 988
261 278 1606 245 838 1560 1630 1556 1700 1578 231 1603 306 875 265 1627 1091 1558 288 1548
62 872 846 6 788 785 790 909 257 77 84 78 865 50 256 932 929 881 839 57
1595 1643 197 1626 239 236 1692 1557 1620 1654 1603 226 1627 1572 1566 1582 202 1680 247 1606
218 1599 813 193 1548 246 1529 177 164 1617 175 1551 200 1535 215 1572 1576 1627 191 1571
99 802 855 178 777 803 841 856 79 1431 72 135 833 155 778 117 189 145 168 185
942 1018 978 930 922 19 928 908 968 974 10 884 923 916 895 920 1000 943 988 992
452 511 528 576 427 477 481 472 538 571 488 457 497 435 487 551 591 589 499 522
1447 1481 1461 1467 1501 1453 1499 1455 1451 1428 1506 1464 1434 1522 1480 1503 1495 1527 1475 1525
302 1096 1131 1074 313 1128 1120 293 1070 1160 1234 277 282 1076 1229 271 1115 1085 1086 261
3 834 179 38 145 951 190 873 838 202 129 149 165 171 868 154 925 894 905 906
180 1561 810 807 201 241 854 1520 827 160 155 844 192 1424 1441 823 260 132 818 808
109 138 92 149 113 815 801 799 812 1427 829 1429 800 114 110 1436 87 154 810 180
946 1010 983 11 982 879 1009 940 910 1005 916 984 887 909 956 919 899 981 883 9
266 1086 251 874 1101 283 1703 1707 1702 1614 1075 881 1608 241 230 1711 1616 236 883 286
202 220 169 168 250 1551 1576 1547 810 1085 813 216 1604 844 835 215 1583 159 1582 247
665 715 636 643 688 695 693 677 721 673 640 675 731 672 633 698 736 653 692 697
1679 1705 275 1712 265 1717 1621 266 269 1699 283 1707 1680 1620 1675 1681 1626 1708 1701 287
1250 1321 1278 1319 1275 1311 1291 1243 1233 1263 1269 1339 1294 1295 1287 1264 1251 1261 1257 1341
1165 1202 1200 1182 1128 1219 1226 1171 1132 1102 1105 1121 1158 1135 1232 1159 1117 1173 1099 1190
196 844 867 1090 202 829 174 1599 874 1575 1549 189 5 213 43 885 44 801 244 228
268 1572 175 1613 1071 290 300 1587 211 1698 180 1070 242 870 255 285 1625 1088 252 1081
322 339 338 323 1120 1119 1145 315 355 297 353 299 292 1113 360 321 296 1140 311 325
1172 1205 1158 1230 1223 1189 1214 1220 1136 1106 1135 1144 1196 1137 1103 1228 1104 1150 1194 1148
234 1598 232 189 1559 261 1560 1593 267 1578 199 202 1091 1642 1562 237 1541 1588 1628 1083
534 586 606 574 454 533 522 598 532 498 612 459 557 496 503 464 468 465 551 460
274 1092 1577 880 275 1067 1073 1705 1133 241 1554 1077 277 1102 1056 260 289 1131 1696 1109
216 1566 254 1613 1540 260 246 234 172 242 1575 1584 811 805 1565 201 1564 1541 1617 1618
88 125 811 68 847 157 98 110 1416 824 142 133 131 92 843 115 182 821 815 75
684 700 660 681 715 667 708 662 725 698 711 674 701 710 654 666 663 726 702 687
1470 1484 1451 1488 1444 1441 1460 1471 1455 1447 1440 1486 1485 1448 1469 1492 1504 1474 1452 1468
575 591 472 468 497 456 618 475 564 481 559 482 538 457 603 519 514 580 450 473
493 548 561 464 483 532 489 591 550 586 452 482 535 543 481 505 599 556 437 476
1432 1500 175 1435 1534 132 1415 100 159 155 1446 1528 1515 1407 146 161 105 127 112 1479
157 829 98 78 863 818 109 214 1516 793 1427 791 864 1440 117 97 175 835 251 144
831 870 860 255 69 927 872 17 844 815 804 916 829 150 921 863 246 261 78 120
243 1585 193 1092 272 1076 269 1079 265 262 280 202 868 223 222 1569 244 1642 284 182
825 869 906 861 123 78 886 141 814 131 23 8 859 61 856 275 881 143 175 63
876 925 44 1000 50 990 30 20 8 956 909 906 53 41 61 19 18 1021 1007 917
44 67 60 27 837 840 886 93 893 70 47 864 809 80 805 3 31 803 857 867
1351 1364 1353 1373 1375 1330 1328 1332 1352 1325 1370 1327 1390 1371 1349 1380 1337 1387 1397 1376
226 1556 1530 276 1554 222 210 191 1546 1583 255 249 1595 1621 1540 1082 1557 1523 186 1567
538 596 508 442 509 600 457 564 593 471 549 541 447 620 532 587 484 483 505 586
8 869 254 42 810 272 878 271 7 818 915 856 824 873 15 811 246 900 896 893
1435 1506 173 163 1446 182 1491 1519 141 177 1406 1443 1412 104 1516 1521 176 116 1539 1448
233 1595 227 247 1543 235 249 196 1075 1089 259 1627 1088 1603 1569 234 1084 258 1539 1594
257 1606 1634 1081 254 1620 1627 230 1582 1633 263 1073 281 1569 283 245 259 1639 1550 211
355 381 388 338 415 384 406 345 369 340 392 371 376 391 339 407 352 347 378 335
1125 1195 1170 1135 1124 1219 1116 1140 1141 1190 1148 1203 1115 1166 1110 1197 1101 1194 1093 1155
239 1633 1583 1079 1616 226 1653 1628 1688 1591 1546 1562 1624 1565 1601 1598 1637 1632 1555 1554
160 818 865 802 819 116 176 813 834 853 1407 214 126 177 227 875 224 193 36 826
520 586 540 575 532 553 619 610 491 620 492 571 580 534 445 584 595 522 618 481
1044 1051 1040 1034 1020 288 1053 1064 1043 1091 1021 1037 1052 1069 1025 1018 294 1039 1087 1055
1483 1496 1475 1488 1494 1454 1484 1512 1440 1490 1507 1498 1467 1531 1469 1504 1433 1486 1465 1480
918 1027 859 16 974 9 1044 964 986 912 890 1013 878 968 12 949 1033 1019 26 965
1689 1704 1690 1666 1639 1665 1653 1699 261 1627 1709 1718 265 1673 282 1620 1655 1636 1668 1683
462 571 495 558 591 553 511 536 490 446 572 570 564 442 539 491 561 434 501 497
527 578 484 567 471 521 575 540 492 461 513 448 579 466 522 504 609 494 465 559
158 207 1080 842 1582 833 209 163 1599 226 846 193 804 168 184 176 823 820 1518 1533
631 661 732 607 684 671 686 618 608 688 639 603 739 659 660 690 736 662 646 735
166 1430 1403 1439 194 1427 829 206 157 211 818 825 852 165 1509 108 843 92 215 1408
688 715 733 665 728 696 726 693 709 683 684 725 700 692 675 672 668 698 694 697
501 548 468 480 470 584 562 495 608 610 453 545 498 563 577 583 457 465 560 456
397 449 494 529 421 563 572 537 411 560 418 387 375 500 576 550 577 532 509 485
980 1012 965 933 943 931 938 900 1031 969 983 963 998 1009 923 1030 903 1023 945 935
1428 1443 133 1467 159 129 149 95 120 1437 190 1456 1457 186 141 1419 134 1425 1461 1444
86 800 777 52 97 834 818 60 140 803 106 121 133 126 770 53 782 842 102 81
59 785 761 76 47 30 756 43 764 762 81 39 803 878 814 885 874 90 820 863
186 230 236 258 160 1550 1539 1570 1607 1542 813 169 1610 833 1546 1601 1541 193 1428 1429
752 774 738 756 749 741 783 798 799 766 770 804 784 806 765 782 796 764 761 790
276 1711 1098 293 300 262 1686 305 1078 1679 248 287 1090 275 257 1704 302 1560 870 1584
281 1087 256 1057 311 1100 1073 1070 198 1077 880 1103 1096 191 1097 1716 290 264 1080 201
508 559 566 505 445 586 552 563 596 493 601 544 515 520 606 592 502 607 537 459
24 889 876 872 855 51 925 935 278 951 862 23 1 924 41 858 945 826 49 839
1270 1330 1281 1304 1329 1219 1268 1283 1340 1306 1244 1221 1230 1346 1347 1307 1345 1339 1248 1258
1680 1693 1621 1659 1636 1644 1630 1661 1717 1702 1624 1656 1638 1682 1617 273 1718 1666 1716 1671
145 848 126 89 885 188 812 1426 133 148 118 99 2 804 833 1436 1423 873 182 816
874 936 987 889 872 1008 861 55 821 37 54 259 977 985 42 840 272 940 850 978
186 857 1547 70 894 1441 226 816 1529 32 200 839 1420 1570 1542 1541 218 874 194 61
92 141 1434 96 109 1423 785 816 77 806 187 1440 823 150 105 130 844 84 804 1422
607 631 660 619 585 614 657 577 588 596 640 627 599 564 561 618 543 654 574 524
656 675 695 730 703 632 724 685 720 736 687 644 630 718 741 657 631 645 654 667
26 852 866 913 822 840 931 169 868 27 885 23 32 805 884 47 17 30 898 853
273 1049 1089 1689 286 243 1621 1034 886 1715 1694 1557 1572 1027 1566 1561 1693 1038 887 297
193 813 48 37 230 241 211 234 862 235 105 160 784 847 853 228 1537 829 1594 44
889 935 920 927 17 955 998 898 883 953 845 13 997 885 950 40 969 954 53 881
188 857 838 1529 1541 142 1419 1415 828 893 1400 155 894 1084 812 889 887 79 81 1554
920 940 892 996 968 4 987 938 879 23 1015 883 7 948 880 993 19 947 939 1027
1446 1527 1535 219 1461 1505 1542 173 178 1439 171 1545 212 1424 158 1500 217 160 177 1506
466 580 493 481 450 592 562 518 615 499 458 484 528 443 557 552 600 575 603 498
355 369 381 363 335 393 390 347 373 344 370 336 388 387 332 395 366 358 341 361
1245 1286 1261 1219 1294 1270 1266 1254 1263 1222 1269 1273 1267 1244 1291 1262 1240 1316 1299 1328
145 836 814 1436 137 187 71 822 40 110 1 1412 176 193 860 182 92 869 1411 107
535 590 589 603 457 604 613 445 612 475 441 466 571 547 595 578 528 532 542 505
1110 1191 1211 1114 1105 1143 319 1188 1089 1149 1101 1164 1172 1215 1197 1209 1148 316 1173 1199
1435 1500 1451 1502 1410 126 1492 125 140 1432 1415 174 1531 1460 178 1418 144 1487 1437 1478
806 823 88 184 818 70 869 251 133 30 140 63 826 207 153 858 109 170 89 111
224 1572 1529 1566 204 260 1597 244 191 1078 235 1547 1614 1562 1610 251 177 1564 1574 220
30 923 49 856 1010 877 888 1030 926 1021 897 23 43 820 829 1005 881 8 971 993
1238 1277 1252 1324 1285 1271 1272 1217 1302 1248 1221 1246 1318 1266 1317 1268 1319 1273 1243 1216
243 1073 1081 208 1609 228 1065 1542 218 226 190 217 271 192 1584 1072 203 212 229 1554
947 958 957 887 896 898 961 4 981 897 955 1000 932 893 976 895 1016 913 929 924
24 47 62 1 802 907 927 855 39 51 912 6 879 820 45 71 40 860 902 840
1335 1363 1359 1390 1328 1360 1350 1377 1396 1389 1314 1399 1322 1344 1374 1321 1326 1364 1362 1324
483 596 575 592 450 522 523 445 546 610 576 452 504 512 626 457 614 587 451 619
873 915 916 1005 912 866 821 1026 253 880 899 818 56 26 993 1007 851 820 266 906
941 1011 887 1007 993 999 9 0 1023 936 946 955 886 935 1020 882 928 944 937 896
160 1527 1507 145 175 813 112 137 135 1520 156 806 1495 161 167 833 133 1421 841 186
940 991 905 976 999 943 974 1006 884 5 19 965 925 1002 950 954 984 886 918 952
81 91 833 853 860 108 93 80 119 145 795 835 824 103 803 785 855 102 159 839
1285 1323 1329 1263 1312 1243 1321 1226 1256 1262 1331 1300 1280 1333 1348 1304 1222 1278 1327 1325
1117 1162 1167 324 1091 1207 1136 1215 1104 334 315 1143 1138 1157 1168 1198 319 1126 1161 323
83 793 71 816 91 842 829 128 854 813 782 849 764 815 96 836 756 863 791 63
886 944 895 919 976 899 3 1006 30 991 854 966 927 837 850 47 842 59 839 835
38 57 54 910 908 49 871 872 875 78 46 83 42 797 802 879 860 796 1082 888
54 810 152 204 194 826 19 73 886 215 64 862 827 805 68 26 855 856 57 815
1091 1096 1128 1121 256 267 1076 285 1158 236 268 1101 1140 296 233 272 283 1161 239 1062
325 1139 320 1182 1210 296 1140 1200 1193 315 1168 334 339 1173 1159 309 1213 1177 306 310
196 1074 193 186 1547 198 175 172 832 1106 242 288 1592 159 1077 1554 154 171 258 1073
1331 1350 1318 1322 1379 1369 1340 1258 1261 1324 1326 1255 1314 1352 1371 1366 1321 1320 1347 1384
223 816 178 1570 1566 1084 176 801 1621 204 1612 158 839 790 815 91 853 207 778 779
1250 1294 1290 1301 1260 1300 1256 1265 1222 1304 1307 1223 1310 1282 1242 1218 1264 1313 1272 1280
1245 1319 1308 1293 1251 1322 1316 1286 1274 1211 1299 1326 1309 1275 1219 1345 1216 1267 1278 1243
312 1114 1142 1198 1113 1185 1094 1180 1109 1204 1154 1222 1095 333 1093 309 326 313 289 1187
1117 1204 1094 1151 1132 322 317 327 1131 1141 1193 312 1227 320 1100 321 1223 1212 1225 324
