208 400 386 1183 437 418 387 63 1219 89 202 117 78 191 1213 79 425 394 198 69
323 359 1363 360 346 1360 332 371 364 312 372 354 334 338 375 1376 336 325 1354 329
453 1216 1214 209 1230 3 462 1255 464 207 1354 1229 13 386 0 377 1231 47 367 1374
1208 1229 51 226 1375 425 16 71 228 1278 374 1207 206 385 1196 390 13 1222 1239 391
1 1260 1364 70 476 240 29 1227 1264 1373 1233 1236 259 1351 258 438 436 1245 451 1272
417 1166 106 82 420 399 406 100 429 415 87 131 118 1179 1157 117 136 1188 179 85
140 178 166 163 108 1148 1105 111 119 1171 114 1090 1165 1026 1162 170 137 144 97 128
142 158 123 152 178 160 1101 182 134 174 126 154 165 1150 1157 112 1140 99 1163 1166
232 1362 228 1373 1204 245 463 20 12 1250 42 1217 1368 223 55 453 1363 64 1252 52
87 419 92 1170 427 1186 138 172 140 1093 418 1094 1198 421 116 106 403 430 1192 185
191 1176 82 185 88 1181 207 95 100 1095 115 197 1082 1198 1175 126 428 1171 1192 200
111 1174 397 414 1173 398 101 1155 186 393 148 1188 120 391 408 98 402 406 87 181
264 294 302 489 476 254 518 490 516 36 295 1254 492 300 922 272 266 482 472 533
557 569 536 950 959 542 965 573 945 967 538 549 562 541 564 942 934 554 956 544
3 1216 452 74 1243 17 370 65 1268 373 1207 8 46 9 13 379 1360 218 439 1226
372 449 386 375 1206 63 1245 219 1356 1293 361 1359 15 436 446 460 1251 433 1249 1268
2 1371 63 62 1295 50 368 3 232 235 1223 16 1228 1212 1288 29 1299 58 1235 455
840 864 870 315 878 828 871 875 873 833 869 876 880 841 865 830 314 312 834 867
1219 1240 0 222 430 47 213 1215 1 250 1204 1251 1357 209 1276 462 229 56 1245 1264
104 411 120 86 1189 112 114 129 1102 103 424 1028 164 88 397 1183 189 1157 99 184
476 1260 3 39 25 13 458 50 10 1266 499 256 455 1377 498 21 1374 487 471 465
1054 1090 1040 1085 1075 181 1082 192 1102 1069 182 1050 1063 195 179 1068 1083 1031 1035 1044
740 757 820 799 821 767 803 750 781 728 732 729 786 749 801 755 730 718 797 746
118 1184 1175 402 1180 407 182 431 427 393 195 170 178 76 116 429 137 400 399 1203
1259 1367 49 1260 369 450 1258 20 21 27 380 29 1356 1366 24 223 364 57 1289 469
609 732 1014 595 749 740 603 1016 591 973 794 750 994 718 739 599 752 596 723 710
1268 1274 1263 1292 461 1359 55 238 61 374 460 1269 1244 5 1247 447 464 1254 237 4
596 995 587 718 1009 617 614 579 583 969 593 1005 1013 598 1000 997 1010 984 1003 998
744 822 787 757 774 764 801 782 824 788 806 760 793 799 738 785 736 794 758 826
776 809 744 798 820 763 800 734 791 746 748 784 810 802 830 833 815 816 766 787
257 496 45 502 465 35 295 27 33 19 494 462 258 478 265 290 275 1268 270 18
394 1216 72 1193 1194 1235 1200 445 377 443 1168 428 60 389 449 369 1211 8 399 1379
79 116 402 217 88 1195 1193 120 1177 140 218 208 177 122 136 117 105 60 124 1220
918 932 920 929 285 902 507 919 910 503 925 282 526 530 904 284 921 942 923 527
256 266 471 1255 282 268 39 1259 292 458 300 469 24 296 1371 1245 470 1262 21 36
175 1160 411 109 137 1163 1152 142 1030 116 160 405 1104 1099 186 178 162 86 126 98
562 580 578 955 551 974 962 948 947 574 953 587 571 592 577 590 960 959 546 951
79 1191 442 1168 198 408 84 204 385 123 414 420 1194 1198 409 119 185 223 435 413
225 1202 1198 1368 207 78 430 217 1186 446 1192 235 65 1234 1277 382 73 392 458 81
27 247 458 3 1373 14 1272 41 262 28 5 273 1379 448 451 453 1261 37 245 1363
742 793 726 811 761 752 827 731 790 805 814 722 782 779 829 774 740 762 751 765
114 169 408 1154 168 130 407 183 427 182 102 137 1161 1099 1176 104 91 111 109 180
142 1104 109 154 135 173 124 103 1105 1096 104 1019 105 114 93 115 146 1148 1024 1098
288 479 497 284 531 281 512 928 910 916 252 256 912 505 29 289 514 496 920 298
233 1221 434 391 1215 1264 1202 392 1235 1262 1195 450 249 1243 1245 13 213 225 446 22
47 1263 472 1243 45 1261 1361 31 1272 18 1245 453 26 1269 467 254 261 34 1277 473
564 956 948 567 960 577 570 974 559 558 581 944 955 557 574 562 585 556 968 573
130 142 171 154 1161 1160 124 82 1167 422 105 1095 403 126 188 155 115 168 79 1178
789 828 845 820 852 802 814 744 771 833 801 823 774 764 844 851 856 749 813 840
315 331 322 320 354 352 324 319 349 343 337 341 346 306 355 328 318 323 312 307
96 1171 133 1190 84 408 422 98 147 1155 79 102 1166 1159 89 105 171 188 182 1161
388 423 227 68 1217 58 126 1172 394 415 1166 1220 448 128 1222 120 107 222 1205 1207
842 873 846 879 858 835 833 830 828 837 851 840 838 843 856 876 874 861 870 864
316 353 365 341 367 318 312 323 1355 368 351 363 1354 310 356 369 322 354 332 374
1043 1096 1164 121 136 1103 1033 1086 1075 1097 96 191 196 1066 97 104 1083 1041 126 115
9 1228 1289 449 34 11 215 1273 23 238 1217 8 1284 465 1373 33 434 1213 1264 74
259 281 1253 909 458 38 31 498 1262 906 273 517 49 1267 46 37 922 305 509 276
1246 1270 1247 367 1281 1234 1371 245 54 258 449 236 1275 51 16 20 1225 1245 0 1362
210 1195 204 76 434 122 222 202 205 74 435 65 1182 413 215 1194 1223 424 213 203
51 470 43 1367 239 478 1378 1249 1226 458 446 260 231 49 35 19 1250 1273 1274 241
904 913 902 299 278 270 287 919 507 288 504 298 286 294 306 289 515 905 516 300
1231 1286 1374 368 57 1296 441 56 435 1360 375 434 1353 1271 438 1206 454 1375 61 390
25 32 272 1263 459 1366 238 259 1371 461 463 1267 7 301 483 239 1260 494 52 1266
392 1182 225 1204 1198 84 70 424 117 126 69 90 76 80 215 1177 73 187 1178 1220
379 1290 1376 1355 1307 1233 1360 1207 1281 1288 1 433 447 1308 5 1313 1218 1235 219 1358
110 1152 1102 187 101 405 1173 1179 421 1183 1159 121 1095 1155 409 163 143 118 147 1180
527 933 949 923 290 945 557 298 544 932 922 927 517 295 542 509 292 505 508 934
13 27 378 1360 1222 1355 271 28 247 65 2 1234 1357 1281 441 235 1252 1242 267 1372
334 347 339 326 364 353 319 313 363 323 354 315 327 329 351 312 324 333 356 320
1100 1164 397 123 93 172 1094 1031 1160 399 1095 1102 1025 143 413 83 1167 120 405 409
476 505 42 274 909 268 912 1255 903 27 30 513 302 255 1252 510 923 470 465 273
72 228 1221 238 1266 1190 218 215 61 448 1269 442 198 1368 423 1184 1183 453 458 1234
397 417 412 1199 415 110 82 214 1185 127 118 72 437 414 1200 410 75 113 80 103
454 1363 466 364 467 231 46 13 6 1231 448 447 230 19 12 366 1235 1298 54 1224
42 1259 1254 0 1365 470 462 22 49 245 37 19 16 54 240 34 266 475 1266 1269
290 497 272 270 514 265 275 485 298 532 280 284 915 256 916 513 264 295 288 267
768 848 753 837 868 821 765 825 873 744 741 852 783 748 854 836 743 822 767 874
1200 1223 1180 396 390 85 219 1279 216 447 0 1199 1281 1275 370 51 1353 1273 225 1198
1162 1170 411 1100 80 398 423 192 403 1165 401 1157 425 1155 124 176 85 1152 1105 127
587 965 972 997 605 596 582 985 956 714 970 717 570 600 585 720 989 986 984 606
1215 1223 68 1204 1361 382 443 387 432 1350 1197 1272 1286 369 1212 14 1213 1282 1241 394
783 808 817 763 752 778 792 761 830 771 762 735 747 785 777 810 755 740 788 795
452 1256 227 1376 1372 379 7 269 444 1224 1214 458 385 1281 21 14 1243 378 15 249
941 960 581 964 956 959 932 577 957 518 571 955 950 524 961 935 557 948 519 566
59 1371 438 1207 74 450 389 367 247 39 1260 1297 76 1221 1366 1358 1246 68 1257 1
77 1190 213 408 422 89 387 85 207 430 191 1211 1179 1178 1184 66 124 127 445 1218
1229 1286 1274 1366 1367 431 1285 62 1369 372 59 60 1293 1220 239 1239 228 435 389 1204
112 403 1184 91 188 156 171 153 179 392 81 1201 117 1170 97 408 1200 413 435 398
268 494 906 469 262 251 498 508 510 38 29 473 1256 252 255 291 478 293 258 481
1262 1375 438 60 368 1361 29 229 1259 54 1232 1272 1365 51 457 42 1219 49 1299 23
959 970 597 605 957 569 579 555 976 561 944 573 941 599 560 601 602 943 992 955
445 1375 1287 1240 2 53 1365 59 245 15 1235 1247 1261 48 1354 1258 386 458 70 1267
67 1199 57 1200 1241 423 421 1225 60 1359 396 443 1353 1230 62 82 450 446 207 444
77 438 394 121 7 58 1219 72 191 1197 52 1224 407 76 368 367 453 218 217 1189
1239 1271 47 63 1255 221 1262 371 374 363 51 387 376 224 457 1278 1370 435 26 23
91 414 1099 192 1095 85 393 407 1166 94 110 400 100 172 128 181 1186 142 117 410
84 1205 440 78 212 1176 1165 412 215 1198 383 121 195 1180 1181 74 56 184 129 386
427 1211 1236 2 63 1226 220 419 1223 1202 59 62 403 67 125 1171 406 1227 89 1215
377 1373 385 366 253 238 1220 8 1239 378 1245 438 364 380 226 1368 358 1253 443 453
395 409 405 88 121 426 209 415 75 1191 1213 402 389 102 403 1205 1156 110 432 1171
389 1181 224 1204 1215 1167 1235 1212 210 66 112 1210 1234 1176 427 1196 1230 229 429 1209
1281 1355 1283 52 1275 1271 379 223 1236 1 1224 363 53 357 55 1374 61 3 1292 1350
460 1360 1363 5 1287 232 47 9 455 20 1305 48 58 225 1256 1297 1213 1232 1251 1285
361 380 1355 1350 62 221 58 1287 224 435 1217 65 57 1235 228 218 1238 453 1228 1241
382 1276 368 1283 460 1362 245 1230 218 60 2 1237 54 388 1286 248 1265 69 1215 4
713 973 989 983 735 986 715 591 613 717 990 722 972 727 981 725 714 594 609 584
218 225 459 1367 1245 208 1232 1229 1350 60 422 391 210 1277 1215 11 203 1362 56 75
94 155 426 420 148 405 1098 138 1142 188 83 1152 414 104 1146 407 88 1183 137 1097
835 842 825 873 861 850 762 862 833 877 845 834 766 768 826 839 867 853 879 855
439 1377 77 239 1283 49 366 42 43 238 29 1249 221 1192 1359 217 251 390 211 1350
448 1262 1215 50 1254 221 28 429 392 46 438 42 1256 453 1363 1351 388 264 231 16
229 437 1221 47 209 1263 370 1351 222 1372 423 461 1267 70 1235 447 1270 426 387 438
382 1360 1250 242 1245 388 1373 1204 445 444 1289 62 15 213 59 225 359 1307 7 227
41 246 252 475 1244 1269 1251 49 1239 28 1247 1238 1367 448 267 8 19 1365 457 23
729 974 986 615 717 975 716 997 967 612 595 581 723 586 582 718 730 724 609 978
31 1373 253 1245 452 1369 1216 459 1222 13 241 1231 1241 1295 237 1232 1352 40 369 261
444 1201 1230 376 210 239 1278 457 1373 1365 1226 69 223 394 424 235 1270 1272 1191 389
292 908 266 513 914 911 523 511 505 527 271 489 298 515 285 508 482 925 288 289
444 1222 437 213 459 1376 367 15 243 385 67 75 1355 1247 1360 221 76 1267 232 236
277 497 917 469 256 509 514 280 477 491 903 505 37 300 294 34 920 476 302 291
511 518 529 911 282 513 280 272 908 294 300 906 904 526 501 920 291 903 499 302
372 1233 1360 1363 1354 17 217 1351 379 367 5 1224 446 1230 12 1375 1372 1202 235 1208
743 750 791 819 789 784 754 829 730 823 756 739 827 766 780 765 726 733 769 771
715 982 604 972 733 1002 968 979 1008 735 593 600 599 609 583 617 717 970 969 722
475 1251 486 40 467 282 495 501 234 499 483 489 464 466 5 250 1377 17 276 6
508 916 913 276 928 526 496 912 903 527 278 521 529 518 285 494 510 293 298 919
123 412 1181 402 173 1180 1092 1090 96 139 406 428 192 104 407 86 128 1196 200 98
551 944 966 527 547 532 536 931 529 543 954 553 528 964 561 567 519 548 968 566
955 975 717 974 589 565 727 985 954 968 567 572 586 556 943 992 591 988 960 981
1192 1211 65 123 449 121 404 228 447 1363 1353 87 394 1173 215 405 1364 79 227 417
35 250 16 262 1365 1273 1268 43 473 499 458 242 1261 487 474 269 490 13 1370 1376
14 1270 1362 1255 234 1259 48 33 1280 369 1266 32 465 1377 1248 57 1258 2 1217 1256
230 236 1273 15 53 1282 1218 234 1203 443 438 216 67 10 1222 458 1265 1226 60 1358
368 439 451 1356 1290 233 1360 208 376 1235 0 442 443 1241 433 1366 392 369 1292 1233
1049 1094 1057 1074 1025 109 121 1087 135 1075 1082 113 176 127 175 1091 180 111 1089 1065
406 430 230 205 431 1225 1195 215 58 1197 61 1166 1183 112 1217 84 63 124 1216 120
386 1231 2 392 372 1353 1234 230 1235 239 13 1276 66 1215 1218 444 448 1236 62 373
1035 1094 115 181 105 112 1090 1087 109 1037 180 124 1022 111 192 1102 1042 125 187 134
609 982 970 996 608 969 1003 723 581 587 611 718 971 596 1008 607 736 730 973 994
15 449 25 1251 1255 1225 1 1360 387 1243 1350 214 1271 1203 255 1262 51 240 249 219
19 1244 456 446 453 7 1274 9 1247 461 1369 1237 48 18 1234 264 376 49 258 1224
285 916 519 272 512 495 287 506 908 500 526 527 926 266 491 910 920 914 524 486
447 1379 1221 57 237 1271 56 55 1351 1249 30 1289 1202 49 1364 376 1243 1252 1247 223
79 125 76 189 416 198 214 420 1185 138 1198 175 129 224 223 1094 99 1170 421 173
32 246 1265 1275 48 27 15 270 1248 1377 1375 1263 1262 1243 269 497 258 474 5 54
231 1373 40 1230 448 1363 379 28 1204 1372 1353 1289 1279 0 252 26 1368 444 253 362
747 789 734 801 825 822 778 796 808 743 775 729 791 767 797 766 740 800 786 803
136 185 1102 1025 116 201 1030 1036 94 138 80 148 117 93 1041 177 1088 134 1183 161
737 753 721 752 791 779 614 776 766 830 765 825 711 772 761 745 739 719 790 615
83 191 98 1094 420 93 106 1184 126 193 134 407 1084 88 66 81 1193 69 190 104
