591 625 205 196 178 202 184 170 593 631 197 176 588 600 605 602 163 594 589 157
3 299 316 371 335 345 103 84 342 1 297 20 79 341 94 349 104 100 334 308
136 548 153 241 221 111 128 146 115 220 151 214 235 243 231 234 551 121 238 567
589 628 162 186 582 195 620 198 585 202 594 183 631 611 169 597 617 157 201 595
103 348 119 9 291 1 535 101 88 355 293 310 363 292 300 7 347 539 85 96
102 306 319 119 529 534 340 115 516 359 321 303 517 356 118 338 527 297 88 523
236 252 217 262 138 230 245 255 136 271 570 246 120 558 160 128 150 572 567 134
446 470 44 28 43 481 26 495 439 39 47 38 382 457 45 450 32 482 449 448
234 565 562 228 137 217 569 123 226 216 553 121 579 224 130 244 166 125 564 252
3 14 484 383 372 13 34 38 27 107 302 40 298 367 35 478 21 7 19 33
56 385 20 370 493 32 60 399 480 387 498 477 396 489 379 36 484 68 43 31
160 177 645 240 241 596 629 157 171 230 233 625 174 145 639 192 147 589 608 148
378 493 516 471 509 46 67 20 385 71 364 30 384 43 513 33 474 10 473 40
315 361 86 340 321 295 79 536 344 524 334 105 320 293 348 111 297 312 2 308
311 366 302 82 505 379 101 309 320 2 523 528 360 325 95 504 0 375 363 358
548 556 558 545 551 128 232 541 141 111 555 127 542 233 147 544 565 119 115 571
53 395 387 59 42 377 376 412 418 69 44 43 391 48 389 37 58 72 384 40
181 194 604 185 597 592 163 641 162 616 165 579 168 631 175 618 196 173 161 577
0 379 114 482 42 502 34 476 58 91 473 31 310 472 46 38 495 368 84 478
0 365 370 316 507 297 22 521 86 13 368 379 357 300 89 531 307 117 358 84
316 337 300 321 342 106 326 289 83 335 301 347 366 105 363 312 329 294 296 341
102 537 320 290 113 303 361 550 96 83 310 297 330 551 298 112 302 343 111 528
79 316 339 346 329 296 356 88 65 306 102 358 341 108 298 80 331 324 82 338
167 622 236 189 594 201 616 185 625 582 617 154 624 241 601 203 635 175 195 151
150 242 223 558 219 143 246 244 582 136 573 228 568 214 248 253 226 574 231 164
249 268 161 238 271 259 255 258 260 269 150 155 248 264 273 236 158 284 230 237
287 294 108 102 317 300 295 355 97 76 289 278 96 304 104 339 328 301 105 89
307 349 115 331 338 295 80 337 299 532 103 1 298 523 85 113 347 525 310 531
43 378 377 400 504 54 506 46 53 74 9 372 36 57 14 468 472 401 40 44
286 299 113 357 336 296 93 274 318 327 331 295 276 292 77 360 343 335 347 326
142 218 141 209 123 119 121 148 567 150 239 207 243 235 245 574 193 151 195 140
185 584 627 637 155 645 186 575 164 175 625 180 159 583 571 605 643 210 593 630
206 643 204 218 225 193 173 640 178 641 215 224 171 637 624 627 179 174 196 177
582 630 604 200 159 581 151 612 168 195 190 154 614 167 207 165 629 187 186 598
0 100 334 352 114 342 14 92 349 79 374 306 90 91 8 339 351 290 379 103
376 469 0 367 40 368 42 366 455 72 371 443 18 57 496 60 392 20 59 39
312 520 290 324 1 355 326 364 322 303 93 346 83 104 105 88 502 113 341 94
40 377 27 14 479 25 6 475 12 470 498 504 31 370 494 46 75 26 11 505
45 480 62 60 486 376 41 493 61 16 58 381 17 502 490 491 44 396 465 379
177 645 623 617 599 610 165 180 207 624 592 204 187 172 606 576 641 163 577 199
138 213 146 562 133 200 245 199 123 203 239 191 153 117 205 130 147 216 556 223
117 137 130 146 107 235 239 148 142 140 538 240 0 125 212 145 134 111 112 151
193 606 603 617 600 610 186 587 625 594 222 210 637 633 618 621 215 162 585 172
299 328 330 306 304 338 100 362 341 349 355 311 360 324 4 114 289 325 91 87
589 624 199 166 621 584 184 585 620 193 610 598 603 618 606 627 628 582 178 204
180 609 179 590 184 168 171 193 584 186 167 187 603 635 177 162 587 183 597 576
165 241 233 257 189 579 598 156 619 133 575 242 567 148 179 565 186 231 604 164
301 362 316 299 324 372 373 82 328 101 0 89 113 5 369 338 95 318 80 364
121 136 152 241 551 117 154 217 574 552 569 153 107 139 138 112 216 224 110 148
93 307 522 309 0 293 89 526 336 344 323 311 368 86 521 107 327 91 332 329
162 584 603 611 159 613 580 578 571 148 606 188 243 244 161 149 187 621 183 626
606 613 628 632 583 620 189 172 191 600 644 181 174 589 175 171 625 623 581 169
75 93 335 367 296 348 92 55 387 364 113 330 100 66 381 1 112 376 310 73
186 615 624 206 215 633 638 619 216 167 178 618 189 184 177 629 163 580 194 185
600 625 192 177 602 630 199 589 593 620 614 628 169 580 193 581 586 591 161 615
20 383 11 488 374 7 493 468 66 480 4 27 6 400 33 397 3 38 398 28
120 233 231 151 214 244 579 156 137 116 574 551 122 246 103 145 236 154 165 144
92 108 1 101 317 9 533 350 86 112 90 318 103 292 311 342 355 109 4 80
362 367 530 316 523 356 511 373 504 342 379 535 320 4 5 515 488 87 375 101
499 516 534 312 487 382 311 532 490 306 358 533 518 519 471 367 365 512 309 479
395 403 72 415 70 397 63 393 416 71 44 43 48 41 69 47 424 402 386 414
148 157 564 250 162 159 216 133 222 247 568 219 217 151 230 141 566 142 213 145
313 345 83 3 321 324 87 104 350 99 101 341 306 367 95 334 522 300 355 295
353 367 513 309 302 315 85 370 325 87 91 308 96 366 493 532 352 364 86 320
92 326 355 336 301 323 315 331 102 299 362 306 352 100 300 86 367 88 368 343
174 640 577 160 180 592 187 610 606 162 628 199 165 631 196 175 151 608 627 630
204 632 175 198 171 178 170 220 195 633 619 604 193 643 597 603 205 596 616 628
112 126 143 3 231 95 551 538 131 301 560 105 5 132 554 124 102 303 294 140
383 496 500 390 72 468 52 511 391 388 45 495 367 494 473 513 55 30 374 377
1 87 303 305 25 111 96 327 14 358 331 355 112 114 293 348 357 364 80 311
296 356 321 523 532 304 334 288 345 369 322 342 310 89 301 287 314 333 326 353
374 384 65 500 31 61 72 47 385 42 367 51 37 481 373 53 46 58 68 361
613 628 589 168 205 620 163 621 585 198 170 583 176 630 603 206 619 604 581 197
33 480 35 378 56 12 29 34 48 505 380 14 466 459 460 377 481 504 467 501
9 97 17 78 357 313 374 25 86 295 31 116 358 312 98 16 91 520 360 373
205 223 207 135 626 157 190 119 184 575 145 633 185 572 200 571 147 565 151 197
182 624 188 642 600 601 644 201 582 614 181 643 592 596 598 577 584 166 171 203
388 479 396 374 398 378 395 67 16 387 467 21 38 29 14 18 478 65 506 57
107 543 532 545 298 90 108 295 305 320 296 323 300 122 550 542 317 288 549 526
152 174 158 574 572 611 576 642 167 143 186 608 620 639 614 217 638 227 623 228
22 383 54 3 368 377 398 393 372 25 390 71 384 75 487 61 382 471 385 12
335 347 90 317 296 88 357 297 353 92 362 79 326 336 324 94 327 93 103 99
147 159 245 590 151 154 588 169 596 556 143 161 576 577 232 221 175 217 213 241
119 556 234 124 118 106 134 139 554 557 146 113 547 539 231 126 141 140 99 148
133 138 223 113 238 127 145 120 240 115 553 141 560 556 121 573 117 147 218 561
111 306 119 334 331 329 10 96 118 6 303 93 358 9 367 115 7 343 297 516
92 332 301 321 103 89 294 347 323 75 359 95 303 291 334 71 335 285 326 83
25 470 456 39 36 476 48 13 493 21 380 32 484 479 459 460 23 489 378 379
45 376 19 2 398 468 394 46 379 367 397 477 467 370 485 389 54 498 36 395
173 593 640 619 191 194 607 615 598 168 591 624 150 159 163 189 184 166 190 158
266 283 268 246 282 287 263 288 294 271 265 264 295 272 270 269 267 256 292 248
50 480 403 487 70 474 31 370 508 500 460 373 8 495 371 381 398 37 491 493
215 222 223 213 190 239 151 196 228 202 565 148 226 562 153 230 204 241 235 145
125 559 137 565 557 223 549 139 132 215 572 111 226 567 147 130 222 554 219 236
482 498 472 494 508 500 47 48 499 15 380 479 489 21 29 492 40 13 41 383
121 553 552 133 568 120 125 118 144 127 557 104 227 142 123 219 218 233 111 539
82 327 287 333 65 332 67 355 89 345 94 72 320 103 288 360 323 352 70 344
49 375 383 506 34 67 503 370 483 33 374 10 46 26 380 73 385 64 31 390
302 516 306 537 348 85 340 343 77 368 486 336 359 489 519 490 287 332 369 530
104 350 98 356 337 315 353 113 317 95 316 366 103 7 1 346 335 3 99 302
358 518 337 323 505 344 310 302 362 506 90 93 99 524 318 508 529 493 368 372
68 391 32 373 63 382 387 388 372 396 407 53 88 78 57 83 64 378 393 406
56 69 51 76 397 62 387 378 89 64 58 34 386 31 73 85 90 370 401 32
84 103 93 288 295 104 338 65 74 293 0 343 348 327 319 314 72 303 102 331
288 292 352 112 304 324 358 332 326 79 96 321 337 294 308 94 348 301 92 357
15 474 459 37 482 18 7 49 380 43 452 475 476 485 456 44 500 0 454 22
444 462 37 29 28 450 431 466 39 30 464 472 454 33 31 35 445 470 474 463
240 254 220 159 150 243 250 153 268 232 166 249 275 229 140 571 242 566 221 255
223 575 166 208 574 580 159 562 213 221 121 218 211 192 564 242 189 224 148 150
165 580 586 172 606 190 572 614 148 163 605 181 234 577 240 180 576 177 153 230
174 184 580 167 194 632 180 576 610 172 158 631 601 645 162 198 192 596 179 171
62 78 69 95 392 77 401 388 83 395 70 82 299 93 313 334 87 389 64 47
31 42 393 55 50 17 386 381 383 40 13 22 15 475 60 8 399 390 384 33
11 28 484 7 481 379 464 40 34 2 3 18 460 376 23 384 381 387 45 375
260 271 259 268 281 248 254 263 255 256 279 249 244 246 283 285 257 275 272 269
45 53 71 397 24 31 59 21 385 57 466 67 18 403 34 25 73 70 27 72
206 212 217 227 145 230 143 224 136 627 142 214 228 189 188 192 202 644 141 220
95 337 328 339 110 312 311 90 2 338 318 100 346 366 341 106 91 76 7 98
8 89 15 380 76 105 78 90 289 314 371 338 377 81 376 321 106 348 331 359
43 377 14 374 1 10 62 495 379 391 475 463 366 6 501 21 35 399 376 60
45 475 33 398 481 14 478 493 470 463 387 31 381 389 401 380 35 391 32 494
209 642 617 623 190 220 226 217 193 225 192 621 615 609 620 613 228 200 191 173
193 629 210 642 616 181 214 203 223 620 174 215 170 625 183 599 208 610 618 582
103 355 88 313 336 299 111 7 288 358 525 540 537 520 350 80 5 104 354 523
111 550 118 560 3 1 96 130 567 302 103 2 310 562 137 120 122 306 125 129
387 400 477 419 55 404 56 377 398 53 371 402 476 472 413 67 483 417 26 379
297 360 365 288 304 339 298 97 518 317 322 369 306 100 1 308 101 370 539 337
127 136 109 560 230 147 235 120 114 237 558 217 222 544 221 141 212 552 243 122
61 387 72 29 81 474 372 63 395 26 46 381 377 80 75 373 62 473 55 51
151 229 250 153 553 157 221 165 568 573 117 556 581 585 159 249 240 567 225 175
124 132 229 546 564 140 542 148 226 215 565 107 122 112 239 211 241 235 571 560
94 317 344 79 325 76 74 338 290 100 8 111 359 310 80 319 303 354 295 342
108 115 2 540 117 6 94 543 552 116 92 89 101 7 541 232 98 292 296 139
156 594 249 179 591 626 587 230 222 233 174 610 229 619 191 224 241 583 170 239
308 332 328 524 84 92 515 516 361 323 104 330 336 365 303 294 347 325 327 8
82 343 102 92 318 294 338 308 349 65 348 289 357 335 71 334 98 302 306 320
330 355 312 365 371 363 361 88 516 326 94 81 101 311 308 328 97 347 293 531
596 614 616 166 635 185 161 595 183 608 633 624 625 638 579 158 600 605 192 634
185 192 615 587 218 222 603 191 187 589 593 635 577 180 607 165 203 609 197 588
290 311 357 109 335 532 528 319 522 523 108 535 359 94 82 365 323 351 334 98
140 560 222 547 116 551 563 243 246 117 550 223 562 144 216 147 557 566 214 571
364 369 384 88 90 521 315 97 372 494 503 533 362 86 500 527 509 352 358 87
303 355 7 79 328 337 370 516 312 321 304 94 348 345 93 113 329 323 104 112
20 40 481 52 475 16 393 464 39 44 11 31 471 50 461 45 24 380 33 472
612 633 585 172 205 201 170 608 602 622 634 197 193 596 644 606 640 194 199 629
510 527 523 519 489 543 530 503 372 544 484 309 311 501 365 511 491 490 518 541
103 326 339 115 535 328 302 319 1 110 0 312 117 322 90 96 313 351 314 81
167 185 634 576 201 590 593 191 238 596 240 581 624 623 193 582 599 627 174 630
313 516 489 498 354 107 490 495 329 109 83 111 86 517 330 534 2 360 94 488
307 353 325 340 526 96 528 305 336 522 309 326 368 328 9 519 116 106 319 81
