337 377 414 1227 1237 1305 319 1216 382 391 1277 379 1202 1275 1223 307 1233 400 417 370
111 1031 75 101 77 229 72 127 171 156 1107 235 60 233 159 65 995 993 142 981
1350 1436 1330 417 604 401 1297 1384 365 1316 565 428 621 587 562 443 1385 425 378 569
169 237 219 1130 1037 1128 245 1126 1148 1004 122 110 1066 1049 1103 143 153 1112 273 1090
207 1144 1074 1067 278 1059 1027 89 80 167 147 1141 297 1079 185 1155 1101 175 1088 249
901 940 882 833 958 983 966 76 1017 870 935 832 988 954 922 955 846 992 945 1006
289 315 281 313 1195 307 1140 279 1229 265 1236 305 1172 1202 1225 1136 277 272 1241 1201
980 1014 1061 48 210 1006 911 212 74 166 153 188 72 209 873 156 43 1085 182 1060
1251 1362 346 1318 1271 1371 552 1297 1379 1244 524 1288 508 1389 454 344 558 1335 384 1283
525 1312 471 1329 487 1408 1259 1436 381 1339 1256 1287 448 369 1284 367 1306 1279 455 495
434 1291 442 1264 415 365 480 522 410 405 500 532 1378 1369 1310 1417 556 535 406 550
462 485 1227 1429 419 1321 1271 1438 1225 1265 1180 467 1184 1301 559 538 442 1201 481 1205
83 1130 1103 102 1061 158 995 978 290 150 957 78 991 1023 998 268 1007 1070 81 161
61 838 1038 822 1019 1029 827 1020 823 1009 45 66 910 843 999 845 853 932 915 872
1270 1330 356 524 1291 1317 561 1299 1243 438 529 568 392 1421 357 1267 1279 1428 517 436
252 1084 245 278 1086 1148 1116 203 1061 259 255 1014 1017 159 1046 183 1051 267 1067 190
16 941 9 853 792 986 74 70 970 958 14 15 1014 862 790 786 894 17 911 935
437 560 444 1387 1261 562 1352 1431 1297 533 1294 598 546 1365 403 499 549 558 1305 490
1147 1177 326 1059 1038 1057 478 1192 251 207 81 365 143 1040 87 1213 325 1154 496 1046
1072 1110 1047 75 1031 182 221 258 1053 151 1013 1105 1062 116 185 229 1039 80 210 88
1005 1046 994 1137 1061 61 952 1058 951 1006 954 138 941 1012 150 1123 221 1031 56 48
881 913 54 1000 918 892 915 897 875 963 873 845 954 871 922 916 949 856 834 906
425 563 1292 1342 513 1385 1309 592 588 428 1338 554 526 515 567 492 523 589 375 1414
754 791 799 841 781 733 798 810 739 35 836 814 835 743 37 34 753 830 750 10
522 1343 1234 429 1231 1399 1306 1409 412 563 548 1332 1272 1265 1394 1353 1262 373 1257 562
163 1154 114 1168 278 1174 302 1169 1047 94 1181 225 87 186 275 975 238 985 1022 1055
1401 1417 428 497 1358 490 1234 1293 586 425 403 1277 1312 416 1402 466 596 1354 1233 1296
1269 1415 356 445 1396 371 1429 1270 422 1401 432 1242 505 415 1328 433 345 389 410 1376
365 395 1279 1233 388 1215 1199 1230 1242 350 1354 344 433 1276 1317 1254 372 370 402 392
1305 1363 1376 1354 383 394 430 1372 1236 1238 448 1286 1306 409 1403 407 511 523 429 1423
392 1213 309 1262 1349 1331 1325 399 1320 1222 476 402 1316 1258 1306 336 332 337 366 1270
251 1134 217 188 141 190 1106 1168 1087 119 150 132 1135 220 1090 1060 1151 105 1144 1034
1297 1420 438 1322 384 1358 343 1343 390 1253 520 510 1418 492 1281 371 484 515 441 536
98 1097 1116 1091 156 186 178 1022 118 1129 1045 1025 1057 163 1072 90 218 164 1139 74
162 237 989 255 224 266 1024 1158 193 254 214 270 222 1026 1010 158 205 1091 119 1008
157 1045 64 63 215 1096 229 131 1135 173 1000 1048 167 212 240 99 187 75 1056 57
26 981 219 79 50 891 1025 904 931 925 200 863 97 943 162 182 80 1006 150 52
964 1033 975 1082 983 73 239 1147 1045 229 860 158 879 20 1131 15 1025 912 84 938
1022 1080 196 215 986 200 1042 1044 69 1078 103 992 181 175 106 1031 242 149 217 955
344 1206 476 270 473 388 1353 269 1277 495 1399 492 356 500 1198 383 1247 1349 1261 1283
152 226 199 202 1121 189 1159 977 1010 1100 270 159 98 1109 1035 991 229 125 981 982
362 1346 387 1187 1349 1208 555 1217 569 1239 532 1218 1251 1426 1410 1284 378 1201 1230 1215
970 1023 1053 105 78 1029 1107 966 1140 1019 226 88 1112 908 143 868 1092 235 187 1054
894 965 978 902 1023 66 899 27 31 1045 7 820 819 1033 853 906 1042 34 21 889
676 704 670 636 627 690 634 686 713 635 682 709 705 730 677 723 681 727 621 645
564 1318 1321 582 412 1405 1376 1336 524 1296 1378 514 1387 480 396 556 452 1371 1339 523
584 1413 1380 1293 1325 1394 1258 487 1364 1247 564 553 1292 555 1383 1436 1427 1248 1358 586
1401 1425 1431 1279 337 1324 576 1360 1262 467 419 1379 1342 626 421 1291 1411 1316 408 1413
387 1223 1314 1174 1256 341 421 1171 424 356 327 1346 478 287 316 416 307 299 1224 476
418 1350 1420 376 1340 1235 559 1291 1370 1327 567 1296 1382 1349 1339 1259 1434 372 1304 511
162 1014 126 1108 1141 1006 994 122 218 1120 179 1044 225 999 945 95 1081 1079 1100 139
1009 1144 289 169 100 141 118 1053 1030 183 94 237 975 1024 1076 57 276 240 264 50
1146 1174 203 324 137 101 219 498 490 1026 1170 1124 1117 478 287 231 328 1166 265 1055
1061 1094 243 271 1036 246 1018 270 1136 100 180 1092 235 176 1062 1004 167 213 241 77
184 1039 143 1138 1077 1059 1104 175 74 987 139 158 1037 1164 163 1062 1086 70 1058 229
78 975 958 42 193 154 19 988 93 964 914 177 967 97 82 903 1123 1102 915 1034
745 776 738 812 827 726 750 822 811 793 818 779 782 746 795 729 768 815 786 788
315 338 346 1246 372 342 1189 1249 336 1376 292 1170 1393 1225 1261 1213 1384 332 378 285
424 520 1259 1399 1400 1407 508 454 369 498 1317 522 413 1348 504 1249 1329 1421 1380 1395
587 594 1406 584 1432 1418 556 546 600 549 613 593 564 1419 598 574 1414 1411 624 558
695 725 712 660 629 696 698 624 659 664 679 669 682 621 657 680 745 739 707 665
243 1108 237 98 1148 1039 249 161 1085 175 1152 1087 258 187 216 1081 1117 182 1167 219
66 951 833 13 908 847 909 927 829 834 46 1004 22 1032 1017 79 855 938 1064 849
623 646 622 675 1435 642 1425 681 690 682 634 660 703 610 1430 1437 618 651 698 667
887 946 825 827 954 6 9 851 900 985 70 949 996 58 905 945 927 882 969 975
1259 1279 1380 416 1325 1280 507 369 496 1346 1377 1368 1412 1257 415 1310 385 1273 403 1308
60 68 1016 83 1035 938 92 804 1038 918 878 810 932 821 950 944 1075 1008 1072 1002
295 1154 258 291 323 191 1117 1184 316 1124 237 217 1213 1227 1130 1155 287 1218 1174 1207
387 1344 434 1351 556 423 1247 1221 1184 401 1276 1421 399 1381 1268 382 433 544 436 1417
738 749 753 734 756 798 725 806 735 800 721 781 723 766 768 788 737 729 740 771
151 1088 203 1095 123 120 1003 170 1112 1010 131 238 130 1002 97 1062 132 142 1090 233
393 429 486 378 537 554 1192 1252 1362 1297 527 512 415 1294 497 1420 568 358 349 1275
1297 1328 546 1253 564 1353 393 411 438 441 528 495 1320 1360 434 1358 1381 390 442 1412
524 1381 495 1244 1330 1325 1296 1419 501 556 1239 1251 1274 1250 1336 410 1415 1352 1265 330
300 331 1373 332 307 1244 305 1397 1158 339 1175 284 350 366 1212 271 1194 1206 1173 1229
94 994 64 59 145 951 1071 1055 218 945 164 1128 1101 120 1082 62 950 995 947 918
394 1189 418 1264 1193 284 1325 288 1322 473 1331 1159 1181 291 1205 364 1271 358 365 278
1275 1368 464 530 426 375 1344 1383 1330 1319 1373 428 527 432 371 575 1301 415 1378 356
1254 1396 1404 557 1239 566 552 411 591 469 1366 1293 327 362 579 569 427 476 446 417
148 1108 112 228 1130 1079 1005 1122 1110 1054 1135 220 260 1038 104 1070 79 258 1092 207
949 976 217 36 992 967 1055 877 869 914 933 38 874 1059 83 847 993 76 856 163
243 1091 1110 1131 168 77 217 216 1162 1107 92 1115 162 1056 263 257 244 104 1095 184
583 612 557 1422 637 597 603 1398 598 556 558 1400 550 601 1434 1433 600 545 570 619
185 1069 1120 153 1087 265 208 1036 1146 1162 88 65 170 1072 239 266 93 151 87 66
287 299 275 260 1225 1201 1210 1161 1205 330 1172 277 1140 1194 310 317 1231 1198 1149 1228
741 751 800 787 780 764 720 792 788 789 805 771 722 742 807 786 809 779 747 755
354 1273 376 1279 1258 343 1402 384 1379 1254 1265 1419 1303 1363 1344 1380 1368 1267 1259 1182
134 210 97 137 184 258 92 999 1058 1105 1091 197 170 1136 195 1106 1093 1026 1099 1023
905 965 991 1054 884 1045 992 4 931 949 66 1020 913 1022 1007 1011 65 939 849 60
103 1089 169 989 76 1023 1131 1087 240 1134 92 1103 1008 1007 1075 111 265 1036 261 1072
860 955 1035 814 1001 0 810 951 17 891 896 817 54 930 867 1002 838 1024 1047 913
498 1171 1135 515 1188 500 1157 1196 1305 1304 1139 1426 1312 427 1251 455 308 494 315 343
65 1014 1129 958 83 77 1000 999 859 885 160 88 173 1047 882 1086 150 145 969 938
99 219 1027 228 155 199 159 1019 146 1157 1106 980 120 222 1162 1008 1051 263 227 1134
910 969 87 903 7 58 977 62 24 894 970 926 30 827 950 937 874 939 850 913
76 1039 231 922 1111 972 1093 949 148 936 921 1102 1000 235 965 89 201 958 1144 1114
7 952 954 781 870 905 859 868 46 1000 933 1037 994 12 889 782 910 787 82 947
313 1379 289 1235 1355 1205 1318 1189 1323 1294 1173 336 277 1266 540 1183 1298 513 523 279
420 461 1436 446 528 1349 529 441 1312 396 1416 444 472 1300 1421 1292 486 449 495 387
52 887 864 1013 909 893 991 898 70 1000 1009 838 866 74 815 825 915 963 27 956
417 1267 1239 1417 1351 350 1311 364 1322 1256 1401 481 449 1340 413 1268 1421 1370 1342 1357
873 976 1010 865 160 22 959 927 822 45 835 96 37 947 876 183 62 34 166 984
1328 1400 1278 1331 517 1339 401 352 1348 473 601 522 1257 466 563 1414 1306 1429 349 1310
173 974 989 887 152 259 1121 953 1037 1057 1135 245 943 958 863 1130 986 1079 203 155
1317 1397 593 563 1231 1384 1322 1268 337 1329 1291 1338 1260 1308 548 539 412 1240 580 564
358 1305 409 1190 404 387 339 1405 454 1182 442 1410 508 525 433 1422 1195 1174 430 1236
794 843 765 834 64 26 776 774 892 43 771 2 885 0 922 29 745 802 813 854
1234 1366 1427 1242 1326 1290 437 1411 1399 1198 1310 1393 1390 492 1397 520 553 1373 537 1305
1104 1127 1059 1115 1069 1169 1120 1157 215 1154 159 108 1082 249 144 233 218 177 135 1160
494 1423 1365 1239 478 1179 1396 1265 1221 1213 486 618 1208 1228 1183 414 1175 507 1277 1435
486 1421 1414 1401 472 1431 1222 408 582 455 1282 1383 482 1397 451 1173 1274 1329 629 1351
393 1271 439 1336 339 1345 1364 1328 1325 1247 1401 435 424 1183 419 1239 363 477 1289 354
1260 1402 495 1378 1289 1354 1275 607 1276 1389 1391 440 1373 1321 1293 1307 370 355 1239 569
24 36 800 786 2 974 957 17 807 58 795 976 1 55 989 63 3 22 792 4
162 1130 87 1109 1034 1165 237 1119 1129 991 90 1017 85 273 1100 1147 1050 1014 1068 259
552 1378 1282 1322 1335 1337 1341 1291 336 412 339 1232 544 1308 1296 417 551 1381 342 1301
354 374 338 1295 402 1245 1336 1210 1226 319 1276 372 1185 1266 385 1288 1204 342 388 416
819 868 971 891 823 962 905 873 870 927 956 774 901 69 968 775 921 780 826 52
381 1234 283 1376 370 355 311 1373 1309 345 294 1367 500 421 475 485 486 1298 312 338
43 811 862 789 57 796 864 791 54 765 67 840 53 860 22 757 802 982 870 10
376 423 1367 522 1293 1420 1381 419 508 555 1204 453 512 1227 404 1433 460 1287 1340 431
89 157 1141 215 963 241 1075 1149 148 198 1067 162 219 1034 193 104 147 1151 124 1010
65 910 964 77 1032 1033 977 1045 955 950 1021 938 881 842 58 1017 823 83 921 863
1020 1046 1143 174 71 956 65 145 1010 1108 944 1022 105 1055 111 1007 209 1069 982 192
374 1286 1396 1227 1261 394 1207 1370 421 391 1309 1228 1321 459 1290 1218 428 1222 1294 1365
111 153 991 992 158 1126 188 85 239 1086 137 1109 1120 122 169 105 1093 1132 1137 183
376 1215 473 494 1218 340 350 480 312 1248 393 1285 1311 476 1270 497 1185 336 1191 382
564 599 543 545 594 1428 1389 1362 1416 1388 626 448 580 1372 579 1327 1395 1324 559 526
159 1115 178 1152 241 1121 972 89 1016 139 1006 128 1047 1130 183 256 1154 1019 142 252
197 1002 226 1104 965 1009 111 1136 163 181 120 211 1160 79 134 198 213 133 70 1038
11 24 951 785 7 979 947 937 936 796 25 56 973 6 788 959 46 930 14 1
145 1103 271 224 1044 99 127 119 1097 181 1147 1025 1018 128 1137 982 149 239 1027 197
61 912 1029 1055 814 846 1061 965 835 869 887 1047 67 30 1001 65 1018 989 1028 957
456 1438 1257 635 511 613 1338 633 577 1269 1323 477 1358 612 515 564 600 543 536 1298
751 763 749 808 771 735 737 797 788 779 791 729 785 794 766 806 801 790 747 775
1236 1341 1200 433 406 488 379 321 1422 1409 334 1401 1288 495 333 384 551 1225 1178 1421
20 35 951 50 795 936 30 954 41 49 796 982 788 13 947 37 799 1 9 806
90 156 107 243 1130 129 214 982 133 1042 1005 242 1029 182 1152 1092 87 187 215 144
56 832 1042 30 821 47 920 876 69 795 1015 1008 50 1017 67 1035 817 798 37 792
433 448 1431 412 1380 1265 1252 1438 1362 541 484 1250 1403 562 487 1435 1261 1386 554 511
404 441 506 372 510 1430 1337 429 1404 1357 411 1290 1349 388 379 384 1330 1256 383 1436
1188 1218 340 502 341 1208 299 1226 1184 286 1250 1202 1160 342 1165 353 501 1201 1230 351
541 1378 1328 1344 1390 1413 1302 1245 1369 1324 1368 421 1359 447 1419 1304 557 1244 425 1375
529 1391 331 1319 1404 1357 1371 1336 541 1338 1349 1407 1420 1246 501 477 1359 1258 1372 463
176 1162 306 1045 254 153 1051 1103 325 1021 144 1152 91 990 1148 1017 200 303 1026 219
93 213 203 1034 1098 1054 111 1144 1088 993 997 260 1125 227 118 242 1083 1132 81 1038
368 1220 1191 1254 1355 1183 358 277 410 1211 275 1287 1234 1229 288 1304 1209 378 348 1196
1160 1193 221 183 318 179 1227 1146 295 242 305 498 189 1124 187 482 1125 204 301 176
451 1278 1290 565 1330 497 459 1327 457 417 1294 1259 496 351 1413 1363 1430 1427 1265 1324
385 1222 1296 1228 369 1227 349 392 1305 1263 326 368 492 1165 316 353 398 1243 1217 1206
