1793 3396 470 3453 395 360 1509 2367 450 1506 2313 341 3381 675 2322 3390 686 706 2433 2404
363 3414 251 3397 2964 2430 1727 401 3385 241 1798 701 2719 1745 737 693 2977 3436 2318 2979
1481 2937 2914 2427 354 1496 1751 3032 3053 715 1051 2410 325 306 1721 1055 2948 1737 269 2980
52 176 180 1443 254 203 1199 1037 1076 62 1066 1476 167 199 1482 12 1198 1453 27 181
1207 3263 3295 1204 3244 1197 977 1041 1438 3280 3112 3134 1395 3260 1417 1387 3270 1407 1228 1237
18 2422 1810 1428 30 2311 1017 416 179 370 24 375 1452 1783 1061 1469 327 5 236 1054
777 2202 611 1892 898 2199 843 3509 779 800 2301 2190 874 2229 2272 3501 2192 1888 836 595
2482 2526 2548 2454 2536 2554 2528 2448 2459 2522 2533 2472 2535 2442 2537 2461 2444 2438 2488 2451
660 3436 2300 496 384 493 1552 654 537 542 1596 3437 525 577 1574 457 3467 3450 1661 669
487 2698 2763 1553 1649 2650 2666 646 1547 1574 1641 2632 2705 2681 1610 2713 488 527 2676 1617
810 3209 3548 823 1395 2185 2195 1915 832 3211 3234 816 784 1881 1909 807 3253 770 900 825
1783 2387 707 2407 1653 320 2290 2310 3396 1815 393 1539 643 2360 449 2420 1464 418 2248 2959
493 2651 2669 665 2758 1654 526 1605 1575 2655 652 480 478 1683 1610 2686 468 2671 2757 2703
1470 2384 1051 1504 2261 346 233 2313 2424 245 2556 207 1758 1059 3042 676 1641 167 1647 711
448 2278 677 1867 2216 1830 2243 1861 638 633 651 2303 2781 1807 2707 674 2309 1661 3450 1595
2289 2320 778 2331 1878 658 1551 655 1482 2347 2255 696 600 569 768 2299 2442 2282 559 438
1501 1522 654 480 3439 1492 660 428 379 1662 3028 1811 3406 2324 410 3448 710 2422 2939 680
1777 2288 680 2754 2956 3385 2739 2939 2323 1583 1804 3434 1788 3404 1663 1549 2402 2936 1557 1524
491 1549 454 472 2863 1545 1575 466 1668 475 1604 1680 481 1675 1572 667 2867 1619 447 1589
1101 1145 1074 1133 1128 3342 154 1139 1121 3357 1092 1096 125 1170 149 101 1171 127 107 78
1770 2933 429 255 1774 3425 3009 1476 248 1729 259 3398 2746 2988 708 257 1501 2976 363 2730
17 1045 1054 1420 23 1441 229 2323 227 192 3122 1052 3110 3286 55 56 3086 6 1429 230
1601 2380 409 2381 1632 1737 533 2234 387 1806 2254 2331 2423 1776 661 1734 2383 454 1532 464
1038 1214 1030 981 989 1437 967 3098 3151 1004 1015 1215 1213 1441 1407 1052 3141 1202 1469 1472
64 3323 157 1086 137 142 1108 1143 49 1132 1060 1141 1092 1193 1144 1123 70 1068 126 1102
1538 2403 1737 1518 433 1611 2343 1588 673 1782 712 1534 1556 394 1524 710 2269 2417 485 493
451 1810 476 1553 434 563 2558 735 710 645 720 3439 2252 3472 2410 1838 2234 2284 1849 1660
1018 1041 980 194 3279 35 42 3120 3118 1030 3300 3155 1029 1022 1194 1026 3085 1015 1196 998
738 2269 2345 2231 2266 777 556 557 2260 1624 2227 584 1826 555 2264 737 1818 2253 636 587
464 2934 1634 1550 2987 342 349 2947 1740 678 1618 550 1711 2285 2940 1576 2932 2284 2941 1810
645 2280 756 1778 2370 708 1578 2358 2412 1548 682 780 2355 1533 689 2427 3485 437 720 2353
3226 3234 1251 952 3183 3255 3207 1234 1379 2194 876 841 846 1887 789 2188 3578 3239 884 964
198 1038 3284 1007 2348 31 10 1050 1045 2330 1417 3131 175 984 3128 39 1436 977 200 1445
2318 2387 1769 1538 705 397 2328 1490 2273 623 377 677 405 389 460 1614 2263 2402 362 2371
1029 1419 1443 3157 200 1002 3102 26 972 3257 3276 6 3114 21 41 3280 1025 3099 3074 3150
3230 3551 1399 901 3219 1397 3180 832 3173 3178 1395 3546 902 3550 3229 1879 1381 3220 3205 1895
2285 2416 1473 379 1552 250 685 2405 1610 2409 1812 2397 658 1859 634 2359 1791 241 1733 188
542 1831 1546 559 596 653 728 2354 424 2238 2272 602 1613 1532 1514 1810 601 1663 1597 743
453 539 1584 448 2787 1651 3438 521 1626 1668 2659 1640 489 2649 463 2278 699 2642 2317 1592
392 1518 1485 443 3432 1519 2259 2275 2401 2369 2278 1515 2930 2709 2270 1798 711 731 2413 1493
3226 3515 3521 836 3220 3509 3224 3196 792 3559 845 902 3510 3235 828 2197 3177 3574 2194 814
2290 2326 1840 2385 659 1465 550 2439 1766 1594 1462 1744 437 2268 1488 2288 542 2440 2363 2398
2196 3527 821 809 1898 3218 3544 3233 3550 2194 3524 1384 853 1905 3241 891 3234 904 831 3563
1467 3056 3031 2377 173 1065 2375 2317 2418 2383 236 2359 1063 3022 1068 1032 2321 2342 247 3035
1619 2281 755 566 504 571 1628 401 1525 2272 650 724 418 2340 553 1573 2416 2386 1518 2415
1649 2703 1588 2774 2393 475 536 2660 1592 1599 500 1567 666 531 2306 2647 452 2391 1511 2668
1464 2398 189 334 2288 706 2401 1613 565 1620 1648 1806 1808 344 3058 1520 244 1655 3038 424
1520 2283 559 2222 728 1517 1656 2284 3418 3021 1633 688 1606 1831 704 1680 645 414 2367 1880
691 1818 461 550 2382 2408 2265 385 560 730 429 2410 2336 1498 2421 2351 712 1476 711 2566
1809 2405 1536 2291 2344 2258 586 390 1736 1613 419 2314 244 1821 223 2358 350 232 2316 570
1776 2358 425 415 2380 2958 564 241 1772 347 386 2755 3380 413 409 2954 1816 1779 2257 1790
173 1734 192 2935 352 158 3367 252 2750 2354 337 38 319 2932 10 360 339 1191 310 2370
2474 2514 2505 2468 2513 2459 2480 2463 2462 2532 2448 2496 2487 2489 2470 2502 2545 2516 2449 2501
1863 2234 2371 783 2301 715 1808 1821 2381 640 3477 2316 714 2333 1870 3492 780 767 2252 628
427 2302 2315 451 3393 443 735 3424 2421 1858 3437 1837 3419 2259 1596 1509 396 1838 446 409
575 591 598 1871 2349 3496 1825 1828 548 2329 1804 643 3490 550 2216 562 589 626 3461 2331
404 2359 416 2258 740 1444 2234 1734 324 369 1625 1495 339 3393 686 2331 2279 578 2428 1621
1635 2317 2339 1608 1834 658 346 2269 2350 1466 389 2378 423 1845 2247 2327 1669 1812 1765 1638
594 3494 573 1818 779 1856 2205 614 3453 1815 738 593 632 1855 3479 3485 1824 3478 765 3482
1878 2305 448 1869 3198 338 3497 1524 3571 2250 2389 3557 554 614 430 3521 1512 713 1630 2414
431 650 1803 493 464 454 2340 719 750 410 468 2362 1671 2309 1587 1558 2319 390 1812 1562
2932 2971 1744 1694 1741 1526 1706 1472 1521 2915 3024 1778 1499 3009 315 2810 2988 352 1769 1496
1087 3344 1182 65 1110 1132 1128 1174 1154 56 3314 1123 124 1094 1101 1082 141 3346 1099 1104
872 3522 3517 820 3232 3167 1894 3508 1889 3185 1887 2195 907 1908 2172 3195 3502 3176 3505 3158
1796 3415 1524 2974 1805 1797 2359 568 694 1498 672 2272 2335 3006 2380 2250 1491 3434 414 2318
1767 1778 2305 2569 1479 3397 3394 2364 2570 3429 695 2331 1744 1822 2345 2730 1527 389 2722 1797
905 924 2164 1333 1334 1366 1282 956 1249 1263 1256 920 1329 1323 3234 1381 1300 1321 1266 1293
1467 2411 2383 56 388 1031 3042 320 1444 1766 2352 253 434 1808 353 324 2362 1749 375 1806
1474 3023 229 378 3050 2723 2379 715 244 694 2353 258 1486 32 707 316 2371 224 3042 333
3509 3564 1894 613 850 3175 774 872 3557 3504 849 1890 609 859 3574 3195 783 3572 3193 3182
1611 1656 1624 515 568 2381 462 461 453 2707 2775 2396 1625 1562 2360 432 2310 1803 2380 2712
680 1622 1798 2405 1560 735 1652 514 562 2303 1813 2327 725 633 400 536 454 555 568 1772
235 248 35 242 711 25 1722 2943 2409 1730 2368 2392 179 319 10 374 2562 2381 2922 256
1609 1823 550 3487 696 638 468 425 2395 646 2402 482 1646 1820 3455 444 1657 1597 2280 2284
1510 1532 3440 1785 1638 481 541 2351 431 2713 2767 2398 3391 2338 325 1633 2952 444 2406 2775
2234 2386 2335 564 2300 1868 238 322 423 395 696 1762 781 1827 1527 1469 704 2256 2221 1850
959 1396 965 3135 987 3244 1940 3197 3173 3178 3276 3180 1223 3196 3147 3184 3266 3220 1218 978
1610 1662 1622 2294 558 2295 1635 2297 439 1591 1684 1573 494 674 1548 2705 1658 514 435 1816
224 1055 2371 212 3090 186 3307 1736 2367 1442 2379 2361 1452 2332 2319 3299 203 3097 62 213
1763 2730 2572 3020 1753 3418 2942 2767 2726 2772 694 361 2928 375 2916 2404 2770 690 2388 2329
205 1030 24 1063 1423 195 179 1000 1021 2404 3121 3 3290 1466 1430 978 37 3145 1458 198
724 2232 401 2287 2277 570 386 413 1861 1832 2320 752 2312 1893 1805 744 1830 777 1854 1502
241 1459 1738 2353 245 3072 332 2407 3080 2374 228 2344 704 1457 367 1193 1730 1471 1042 2377
427 2382 3443 2310 3435 1776 2280 3398 2411 451 1636 735 2327 3425 1797 1820 1749 2239 1495 1752
1795 2339 375 1845 704 2257 452 1816 1824 22 26 3417 244 693 338 2329 471 2317 477 2404
404 1537 1771 1492 3444 2287 1678 2351 3417 1590 491 3466 1498 3464 2413 2321 2928 3469 2775 1674
5 1464 191 1033 1031 244 14 372 1457 170 1026 1072 1742 1461 216 2395 323 41 2409 1748
392 2426 2394 2411 329 1764 743 2548 2330 676 30 21 3449 2549 2307 383 2397 331 2383 414
13 2415 2358 2437 176 422 2320 403 2424 1033 720 1064 246 239 1505 2443 1520 687 59 231
477 1515 469 2749 1551 2356 1514 493 680 2298 408 3433 1525 428 2692 2727 2260 2751 384 391
1529 2329 377 2357 1513 1446 1679 2260 373 1452 2940 3439 247 752 216 320 2776 2713 248 1791
3238 3555 802 1407 877 786 893 3185 3209 1901 1386 1251 1936 862 3552 959 883 849 3208 3534
203 2332 2261 1796 1505 2331 2424 1836 688 1440 708 743 694 317 591 2278 1734 2235 1476 381
23 42 230 1470 1040 2337 55 1444 26 1037 18 185 236 1056 166 1462 1472 2425 2349 238
559 1820 1607 2294 577 1808 3457 410 1595 2233 1610 617 1623 731 564 1614 396 593 1516 2288
1527 1773 1514 359 1613 369 1546 2959 1772 1631 1610 688 2412 476 3414 1617 3403 373 2309 2421
3144 3168 1931 1007 1230 1235 3156 827 3576 1914 1422 3225 1414 991 1221 821 870 3178 869 856
1600 2771 671 667 2803 499 2398 1664 2748 1603 1597 501 431 2715 531 2711 504 648 506 525
689 3438 3442 553 3459 436 727 1807 3455 3474 418 461 3437 3396 378 3450 1825 2315 1808 2394
411 431 2414 2375 2326 2313 3402 2433 2306 1788 438 705 1664 459 1848 672 471 1837 1620 1540
2737 2774 2799 1640 2757 457 2768 1599 1526 1605 370 1771 2787 1598 2630 1674 2722 533 2769 1600
448 558 547 3432 1580 2296 2391 1590 644 1601 1851 1507 590 1609 2297 2234 2281 455 1856 406
693 1483 2300 709 3039 176 253 2307 1789 1810 735 2938 1516 1747 1801 2366 3396 736 3053 234
437 1567 1558 2704 430 1644 2383 474 655 2250 2759 1547 2766 405 1839 2369 395 1639 1541 695
1880 3491 3523 835 875 765 636 3184 803 3525 2295 845 771 2223 566 2226 2206 3465 3569 3448
690 3398 1764 2422 1510 565 1815 411 1490 1504 367 435 2286 3391 3405 1798 3430 689 568 1762
2214 2249 1796 2238 1881 1808 1856 2205 2396 856 572 2383 2401 820 597 777 1841 2231 805 857
3503 3567 853 793 1874 3225 3560 827 800 621 3528 3238 3477 821 774 806 1873 601 882 833
836 3245 3176 1407 1235 1239 1381 858 837 1899 974 838 1928 3578 3523 843 1224 3206 2191 849
1450 3114 1065 2348 1409 225 2350 1218 3108 56 3112 3139 1048 2344 1030 3079 1417 1198 2327 176
69 161 1719 3364 271 1463 89 1090 1176 1083 172 301 44 1085 3299 285 184 3310 3311 95
789 2196 3522 1917 2229 2233 791 2235 3521 772 837 2272 761 788 1872 3190 2241 774 3511 3537
697 2306 2286 554 3423 428 1772 693 2349 3413 694 2431 1483 1622 728 2392 776 1819 406 345
335 1496 3388 3031 390 3048 3405 1530 1459 430 1741 2428 239 1738 2753 1796 3025 3030 720 2410
386 1797 3437 384 688 2432 2269 3409 3434 1474 401 1770 1825 369 3432 2246 3441 3447 2239 567
1899 2220 1884 2322 581 737 566 2225 3525 3571 3183 2229 833 2317 3544 2318 1882 3200 2223 741
1917 2212 2241 1892 1856 3145 602 2227 2266 1903 2246 3147 1891 614 806 3168 2228 2192 625 1873
1992 2003 2021 2002 1962 2024 1987 2025 2030 1266 1967 2017 1984 2040 2005 1965 2037 2004 2163 1979
1750 2366 1775 2432 1844 1838 3024 2438 2369 2748 439 1764 261 2286 327 1540 3031 2935 2712 2270
1591 2312 1654 2350 2247 427 757 1675 2690 2300 468 542 755 1657 719 707 1616 478 502 1878
93 3329 1086 1077 101 151 3343 87 3317 145 86 124 107 66 157 1089 3322 138 161 3318
1048 1186 1191 0 1447 3119 194 187 3305 1185 1438 1434 1463 185 3323 3089 3076 36 1073 3275
436 1666 2358 445 3448 1529 1599 1502 2360 1822 1613 2354 2362 2696 1546 635 3421 2700 1610 477
61 1459 1740 167 2335 185 2366 1205 3088 182 3070 1092 1464 1055 2421 1057 0 49 175 2343
329 2319 1781 227 1768 2341 626 437 1792 708 603 2418 1647 2314 447 613 2370 1802 2385 2375
403 3396 2423 2261 1479 357 3413 3425 413 408 655 1841 405 682 3469 342 2418 1503 361 2322
564 1804 374 2408 2350 551 1805 1532 1802 722 663 2302 690 1853 438 1861 602 3392 1782 390
2276 2375 2221 406 1748 1466 2238 784 409 1745 649 373 322 652 1475 1536 430 3481 453 421
1541 2398 2422 1602 496 1495 442 648 2390 1476 1615 493 2323 2299 1629 355 1778 2417 2409 412
624 750 432 2233 435 404 1861 3456 2314 3503 638 567 625 1878 2227 1885 1829 393 3459 688
1376 3251 869 953 3555 1924 3163 1936 3542 956 905 1928 1226 3262 1370 3189 906 3260 2176 3546
499 2692 1599 1684 1552 521 1540 1580 1574 540 1628 1558 1671 460 1604 2684 1660 1641 522 2696
742 2256 2254 2374 755 715 2378 696 636 1524 1834 3447 406 398 626 387 600 2315 2350 2273
446 2290 395 1555 1646 2360 1513 2779 656 366 2408 2229 2257 459 1565 474 782 338 1531 1540
2450 2477 2502 2552 2545 2451 2492 2505 2533 229 2454 711 2462 2429 2498 231 2470 2431 2511 2426
479 2772 460 673 477 1532 2727 483 2923 471 1690 1511 1568 482 1674 1631 1595 1645 671 513
954 1245 1941 890 964 3250 943 3246 3260 1230 1247 1373 957 1368 1409 1369 1934 1931 3248 901
2706 2739 1568 2771 1627 2732 1675 1662 2768 2653 459 657 2755 1651 1656 663 2701 1526 1668 665
665 1664 1598 1512 635 1634 555 693 1544 1816 438 412 654 409 483 550 694 444 634 1822
559 1597 534 3478 526 742 1830 1802 611 2763 579 1851 2257 522 2275 2280 530 546 3477 752
1139 3324 3334 102 1097 1176 1150 1143 1175 1088 1129 1172 3347 164 126 1153 73 3307 1136 71
1230 1416 3102 1402 990 1439 3156 1001 1202 3159 987 3230 3255 1205 3118 3232 1237 3260 1397 3151
358 3412 1525 3417 1735 2433 3434 1807 1518 1476 681 2422 713 2378 241 721 1523 2326 1504 1771
545 2287 3485 2225 648 726 703 2216 2387 637 1623 1522 579 1627 452 642 711 2305 2259 2266
2253 2305 1845 1508 2268 2405 678 633 2425 1531 2231 335 395 718 719 2443 727 1867 548 791
2783 2815 2967 473 463 2781 533 2982 452 2765 458 2749 2980 2831 482 472 2828 2983 448 2974
2200 3220 3198 811 1872 3170 3513 1392 774 3218 1918 3575 3225 3168 3163 791 1387 899 3545 793
927 2162 1276 2150 2004 2033 920 2027 1350 2138 2015 2159 1268 2034 1377 947 2018 1261 2139 900
478 2746 2781 1493 1568 2765 2918 510 663 1797 472 368 364 505 441 2929 1633 2763 1625 656
807 2187 1894 1914 2203 830 2190 3560 3183 2193 3579 3201 1907 3192 3242 911 3195 3182 3189 895
