240 1003 839 269 276 371 275 235 796 579 218 780 723 984 693 603 867 730 740 772
1613 1631 1641 1623 1585 1580 1594 1629 1619 1650 1660 1634 1648 1662 1664 1658 1468 1603 1651 1655
1532 1581 1566 1472 1523 1609 1500 1579 1455 1585 1583 1557 1531 1616 1591 1481 1601 1603 1569 1529
385 395 624 1012 413 964 354 974 358 361 1077 417 383 1010 1076 418 397 364 424 421
81 124 66 119 64 137 53 76 132 136 80 44 68 125 100 57 85 72 123 50
1222 1403 1436 1245 1379 1345 1205 1381 1711 1216 1691 1367 1664 1722 1223 1694 1220 1394 1343 1412
2019 2040 1990 2002 2027 2038 1973 2031 1964 1979 2041 1954 1982 1962 2048 1958 2042 1961 2006 2024
1019 1037 216 1051 586 604 208 772 621 1021 647 1001 643 791 588 752 1040 684 1062 683
882 934 913 907 865 944 867 911 858 931 925 953 936 915 839 892 857 849 981 1135
1369 1397 1244 1738 1653 1754 1383 1656 1445 1225 1350 1221 1388 1338 1410 1228 1439 1721 1735 1664
1602 1621 1466 1581 1468 1579 1583 1465 1606 1474 1598 1634 1627 1462 1580 1586 1566 1618 1464 1467
329 431 373 316 361 1112 993 1102 338 425 372 302 362 133 315 414 428 447 448 1080
1715 1747 1640 1410 1714 1737 1342 1448 1746 1239 1450 1438 1233 1255 1433 1216 1392 1660 1750 1673
1213 1437 1215 1667 1677 1730 1400 1430 1680 1368 1382 1740 1678 1645 1176 1359 1331 1371 1695 1707
275 1002 769 979 784 783 972 690 626 570 852 744 975 1009 630 209 627 242 1081 855
1218 1415 1211 1661 1724 1444 1705 1227 1685 1703 1194 1710 1199 1664 1691 1445 1370 1217 1343 1676
336 454 461 131 547 992 426 349 144 143 1082 299 361 329 165 142 1087 158 301 356
1253 1344 1356 1687 1740 1371 1694 1240 1369 1738 1755 1436 1336 1444 1330 1255 1736 1238 1708 1376
1232 1408 1390 1243 1343 1434 1329 1374 1234 1392 1327 1734 1367 1328 1222 1371 1703 1409 1410 1246
769 1069 1031 858 788 752 719 771 1054 842 736 733 805 1047 843 864 1002 827 754 1051
159 174 209 547 554 172 132 196 567 529 145 324 312 342 205 569 153 185 171 344
766 816 1024 1067 743 759 1011 1003 728 1015 850 819 723 777 779 833 769 1008 1026 798
457 515 576 475 194 176 463 336 136 498 491 163 517 467 171 435 508 556 312 529
1499 1586 1588 1474 1456 1600 1570 1587 1616 1516 1480 1477 1578 1509 1538 1576 1501 1530 1571 1491
1697 1725 1447 1245 1394 1677 1250 1397 1328 1231 1446 1760 1338 1399 1449 1758 1389 1331 1749 1387
593 1032 1070 834 592 1001 693 238 579 770 636 803 798 275 195 219 260 655 1019 198
166 189 561 572 182 498 178 508 497 154 564 502 493 475 552 193 507 191 472 165
1212 1380 1233 1336 1741 1382 1446 1738 1358 1236 1231 1205 1656 1723 1647 1724 1359 1184 1227 1402
1036 1075 1088 1069 1091 682 778 380 1064 1052 362 1025 412 651 367 571 646 1046 355 369
1853 1902 1830 1892 1894 1905 1922 1887 1849 1910 1919 1911 1854 1931 1941 1875 1851 1925 1890 1852
1368 1401 1666 1250 1246 1726 1740 1712 1336 1679 1440 1437 1352 1384 1335 1724 1686 1405 1333 1373
2286 2321 2278 2280 2279 2313 2262 2315 2265 2312 2273 2274 2293 2296 2289 2290 2257 2269 2266 2307
167 516 143 561 555 200 478 214 220 210 459 218 568 537 455 541 548 477 511 544
1352 1669 1231 1361 1410 1704 1738 1331 1413 1213 1242 1393 1709 1343 1715 1747 1458 1692 1356 1232
723 790 734 727 1045 1015 859 799 780 792 721 1047 711 828 706 1027 1049 1063 829 787
154 447 316 1104 530 170 480 549 497 1105 321 496 428 1110 429 203 345 486 539 495
1972 2016 2034 1962 1991 2021 1987 1994 2039 1982 1953 1983 1956 1971 1957 1975 2007 1981 1999 1969
1332 1722 1360 1669 1415 1243 1351 1752 1435 1406 1671 1739 1667 1757 1329 1214 1231 1742 1221 1422
1103 1122 427 1165 366 1100 339 319 344 1086 368 440 333 93 1096 1120 1101 332 1098 335
1262 1273 1317 1296 1727 1730 1231 1743 1326 1762 1275 1337 1294 1703 1292 1354 1722 1299 1248 1243
418 1097 1149 1113 1156 425 1111 338 1117 303 412 295 371 451 428 318 349 1128 1107 1119
1356 1444 1336 1657 1436 1372 1480 1384 1373 1431 1345 1340 1412 1418 1370 1422 1685 1680 1698 1416
1233 1728 1406 1408 1336 1641 1386 1338 1241 1230 1226 1399 1433 1264 1716 1421 1216 1331 1244 1667
16 2087 51 2057 2126 2135 17 37 2174 35 2116 2095 5 2054 2107 2156 2 2133 2124 2173
131 156 120 110 471 194 542 455 135 138 460 132 140 104 72 339 531 200 315 95
1954 2013 1986 1992 1929 1970 1977 1958 1932 2026 1907 2021 1982 1959 1931 1966 1947 1957 1974 1976
397 962 886 654 355 393 970 918 950 644 974 903 894 979 293 285 424 1012 905 629
1248 1340 1313 1740 1374 1431 1716 1743 1358 1660 1310 1750 1412 1675 1424 1674 1655 1434 1419 1756
173 518 512 479 514 571 543 577 145 190 181 171 570 563 550 468 544 557 203 541
2175 2192 2083 2171 2095 2143 2077 2211 2075 2097 2205 2207 2076 2182 2199 2092 2165 2210 2177 2066
9 2149 2159 2144 2127 2123 2078 2106 2170 2168 51 12 2115 2175 2063 2101 2088 2050 27 2109
426 1110 412 307 351 381 1136 1164 1081 297 421 1098 99 334 365 413 439 993 407 443
207 586 483 219 1011 560 261 485 605 1031 193 662 523 173 1002 629 541 641 513 216
417 1103 301 1106 1095 979 1151 1078 425 402 420 1076 441 1117 1089 1156 386 372 311 346
864 979 370 975 237 849 682 274 620 642 943 977 624 278 994 691 925 654 657 373
458 495 190 204 154 157 502 528 205 449 457 485 527 557 435 460 553 327 307 447
1354 1666 1223 1358 1350 1261 1255 1245 1363 1754 1330 1631 1454 1687 1734 1761 1416 1449 1729 1328
9 2064 2144 2146 2090 1 5 2120 2048 12 2145 1835 2072 2142 23 52 2067 2140 2115 39
2074 2147 2128 2183 2157 2099 22 2141 38 25 39 2052 2151 2069 2129 28 2096 2136 2155 2168
397 657 690 411 367 403 587 691 423 962 961 262 594 1017 253 977 415 417 1031 368
1402 1434 1420 1469 1730 1655 1200 1241 1415 1245 1706 1374 1371 1337 1727 1710 1740 1329 1201 1217
691 753 1008 662 591 706 268 1009 676 769 714 835 606 677 985 1023 839 680 984 776
2143 2153 2178 2132 22 2087 2127 2075 2140 2093 2091 2110 2077 2183 2168 17 2105 2177 2120 18
2168 2179 2083 2146 2162 2160 2075 2164 2150 2148 2068 2095 2091 2097 2155 2157 2078 2144 2151 2170
224 479 489 488 988 568 634 188 455 509 566 618 576 548 184 562 525 167 175 556
2101 2129 18 2147 2069 5 2117 2146 2075 2138 2088 10 2173 2098 2084 2096 2136 2104 27 26
566 1031 531 1052 636 174 799 1075 177 600 507 1033 601 483 778 198 482 550 216 807
1451 1466 1455 1544 1598 1706 1549 1619 1707 1603 1675 1485 1674 1642 1454 1716 1545 1465 1516 1524
42 80 2053 2054 47 45 89 77 2052 61 7 2055 87 60 70 120 2058 8 127 85
1368 1421 1260 1751 1223 1381 1394 1372 1677 1359 1439 1673 1209 1248 1355 1219 1683 1656 1671 1330
1335 1732 1747 1378 1740 1683 1339 1231 1371 1409 1340 1388 1751 1220 1439 1209 1651 1241 1328 1357
151 491 479 128 318 316 142 560 534 210 527 456 508 146 143 564 455 558 179 559
1826 1833 1894 1809 1812 1911 1850 1858 1837 1869 1860 2 1825 8 1876 1884 1838 1854 1857 1897
811 1022 1063 595 816 661 687 813 1028 680 763 607 569 839 1073 829 1033 831 258 617
352 973 657 876 294 958 964 320 279 1088 1117 278 400 627 237 897 689 438 970 644
1246 1331 1375 1672 1240 1668 1363 1336 1660 1730 1758 1765 1260 1683 1350 1712 1357 1255 1673 1248
1888 1934 1845 1865 1958 1901 1880 1890 1913 1956 1842 1943 1839 1837 1864 1900 1840 1844 1858 1867
810 1018 709 842 638 576 723 771 698 849 239 833 579 705 1028 749 1019 701 993 703
1213 1409 1394 1220 1707 1224 1389 1375 1418 1744 1385 1387 1430 1703 1738 1373 1435 1340 1449 1663
196 470 492 139 592 456 527 588 460 226 145 202 530 161 219 511 208 171 549 557
297 1101 348 1082 343 973 1109 438 272 1098 360 334 1114 1086 339 365 301 318 325 371
191 510 211 500 524 156 579 221 535 580 198 487 209 508 178 530 185 168 171 159
25 2151 3 41 43 2184 2098 2078 2132 22 2127 23 2100 2049 2105 2092 2149 1 2170 2109
728 761 787 730 1004 777 1020 745 847 767 743 800 697 1077 1008 845 774 827 739 832
659 702 648 759 1030 641 241 722 664 975 253 591 1022 995 1023 1033 236 983 741 693
160 494 204 337 483 139 546 197 566 515 213 212 482 514 562 465 223 454 466 222
168 558 517 579 194 461 597 537 533 545 162 214 478 169 153 185 553 209 542 150
1028 1052 673 664 666 1064 831 642 1066 691 603 636 572 624 598 620 776 575 611 667
1242 1756 1673 1702 1381 1364 1401 1759 1352 1763 1716 1329 1748 1422 1696 1269 1745 1400 1773 1311
702 1006 574 788 759 700 786 796 283 708 987 409 755 211 580 417 367 856 797 576
660 700 722 750 705 749 732 235 1023 264 249 680 645 638 989 741 229 602 725 650
1674 1735 1368 1230 1738 1651 1328 1760 1660 1647 1443 1213 1222 1414 1366 1679 1406 1398 1718 1369
471 486 469 317 161 147 347 587 177 540 555 561 533 455 495 219 210 322 320 547
445 1098 305 425 310 1109 411 1152 353 455 419 1078 320 1156 319 1131 368 144 361 461
1368 1685 1707 1447 1341 1709 1683 1653 1230 1695 1232 1451 1363 1220 1425 1328 1221 1364 1384 1443
743 775 1006 720 829 1019 765 816 798 1005 818 1063 761 783 712 786 723 697 831 699
1260 1721 1271 1339 1700 1331 1302 1309 1259 1317 1341 1673 1230 1761 1648 1749 1373 1638 1355 1319
265 993 991 287 992 616 693 433 591 979 268 267 299 572 246 639 985 569 209 597
1836 1902 1929 1875 1857 1912 1940 1925 1831 1847 1897 1895 1850 1879 20 1881 1941 2 1923 1856
1794 1822 1833 1787 1845 1842 1843 1802 1820 1805 1818 1776 1835 1777 1782 1797 1819 1772 1800 1780
509 574 473 517 458 611 998 992 467 528 565 222 1007 589 532 475 195 469 995 487
124 139 331 56 460 134 457 465 74 300 317 302 168 86 76 348 156 88 492 103
1411 1433 1357 1330 1676 1432 1344 1410 1213 1352 1653 1380 1392 1339 1442 1643 1381 1385 1233 1737
176 548 179 531 152 217 199 146 488 189 501 572 494 175 558 212 156 170 165 579
595 697 712 592 1030 627 585 253 274 710 991 1024 567 263 976 239 578 675 985 615
276 1003 709 759 1087 588 726 594 732 830 721 226 229 363 200 205 836 622 350 855
721 775 1022 834 708 1001 824 861 705 698 789 1018 816 1062 755 999 813 1024 826 1003
1239 1704 1693 1425 1670 1655 1436 1403 1415 1721 1323 1229 1435 1332 1651 1732 1668 1260 1748 1443
207 537 200 230 1012 205 456 258 487 617 505 474 174 553 260 513 184 576 461 1025
2067 2100 2150 9 14 25 2143 2073 2096 2139 2079 17 2146 2154 2075 2092 12 2045 16 2170
762 1005 1021 782 994 852 590 415 199 274 809 835 228 786 770 1001 205 270 252 255
160 545 580 181 544 133 338 553 581 147 145 474 198 519 542 318 491 566 560 486
2091 2125 2129 16 2106 19 2058 2112 2088 2083 2176 2107 2170 2062 2136 2080 2164 11 2146 2061
1464 1509 1489 1599 1605 1449 1436 1475 1556 1573 1608 1507 1455 1461 1617 1547 1433 1518 1466 1565
200 552 514 179 488 459 212 186 1000 571 208 155 516 207 589 537 494 472 525 553
1413 1738 1752 1418 1434 1243 1411 1215 1766 1725 1427 1708 1764 1348 1401 1745 1408 1438 1349 1339
604 981 691 219 202 206 220 696 999 1000 283 1032 688 404 577 997 1021 969 638 267
2369 2383 2377 2364 2381 2394 2371 2370 2358 2361 2390 2388 2372 2378 2389 2360 2363 2359 2391 2375
422 1106 377 306 1083 448 1110 414 444 429 441 419 976 404 347 432 387 394 1175 425
87 1112 440 341 108 56 97 298 412 443 408 1145 90 67 1131 138 1114 324 1159 348
798 1007 733 1037 1021 264 804 623 602 709 221 384 1006 807 847 1019 1059 361 719 689
282 600 570 214 647 999 221 705 1032 612 657 698 202 279 267 242 268 1027 995 233
580 629 473 398 533 678 581 648 530 706 217 597 263 491 247 694 185 1031 707 980
1328 1715 1250 1643 1756 1381 1704 1438 1688 1420 1361 1648 1257 1707 1667 1719 1249 1655 1423 1251
587 662 266 203 697 217 563 638 1001 984 980 554 225 482 208 1010 686 672 262 704
10 2076 2147 1835 2098 2096 2127 2148 2056 2149 2088 2051 2048 2075 2110 39 22 1836 2055 7
1333 1760 1362 1222 1343 1356 1707 1759 1754 1265 1684 1726 1374 1744 1742 1708 1429 1375 1740 1695
199 225 252 519 604 172 200 163 486 613 271 622 221 476 533 695 995 506 500 148
347 426 364 316 461 1106 377 148 1103 156 1086 1000 380 297 338 306 424 1131 371 462
1874 1899 1847 1889 1887 1880 1929 1942 1852 1933 1855 1868 1832 1886 1900 1937 1930 1835 1919 1838
2072 2181 2155 2196 10 2104 2186 2062 34 32 2095 2 2198 2184 2145 39 2154 2115 2129 2120
614 628 661 572 589 592 241 630 627 598 1021 974 398 1024 635 242 640 639 605 1026
1257 1341 1249 1697 1423 1662 1676 1258 1214 1657 1244 1306 1245 1747 1725 1378 1233 1266 1698 1716
5 2055 2083 2081 1836 2074 15 41 2150 28 2070 2053 2038 10 0 42 2050 54 31 2101
2260 2320 2292 2248 2280 2333 2332 2243 2301 2240 2288 2266 2293 2287 2325 2300 2306 2323 2245 2250
2202 2209 2229 2185 2197 2221 2198 2187 2207 2195 2226 2196 2200 2184 2190 2192 2214 2191 2188 2217
609 709 1020 611 756 576 986 603 262 1013 1003 227 226 685 242 700 754 1019 636 1029
2068 2138 31 2178 19 2104 2115 2149 2143 2110 2055 2107 2123 2120 2121 2141 2043 3 15 27
11 52 2081 8 118 13 111 2074 2088 2108 21 2058 2044 109 2099 124 2098 2069 2060 54
410 1098 319 1081 1076 354 972 1137 1149 1110 320 1097 356 977 1159 421 1078 303 1086 1160
878 918 968 892 963 900 886 940 870 935 952 960 951 884 966 908 868 843 907 979
292 985 312 1100 957 665 232 1014 244 277 706 672 416 702 590 1096 591 283 687 418
1362 1377 1741 1254 1412 1651 1407 1399 1329 1342 1740 1763 1397 1692 1697 1668 1652 1234 1212 1378
469 554 452 325 489 523 593 149 472 1079 577 184 320 555 544 206 473 513 163 327
28 2048 34 2081 2064 2056 2066 2090 2092 2078 2024 2089 2057 2074 55 2051 2045 2071 2061 2122
420 975 1106 672 344 912 332 881 698 887 1126 971 883 1121 666 238 372 690 1090 1080
1466 1597 1616 1452 1529 1596 1599 1513 1594 1540 1449 1482 1638 1615 1536 1585 1567 1548 1642 1507
659 699 700 669 996 685 732 665 624 638 1008 640 1032 654 710 1022 989 677 641 999
2369 2383 2365 2361 2385 2372 2360 2366 2376 2389 2382 2377 2363 2364 2362 2379 2378 2381 2391 2367
193 502 460 538 210 523 196 498 477 551 572 575 484 198 199 486 205 517 586 182
