1811 1848 1807 1804 1833 1844 1794 1845 1919 1841 1784 1884 1857 1853 1867 1868 1910 1880 1931 1766
638 663 703 800 573 1252 960 773 710 841 877 785 775 615 707 660 1266 795 635 1258
1492 1577 1361 1454 1757 1512 1622 1640 1420 1366 1375 1544 1430 1770 1550 1790 1612 1568 1475 1553
247 1999 2596 1954 100 2613 71 138 40 52 1967 2130 2599 2585 1959 49 2184 286 251 2070
2327 2407 202 2351 2417 2358 2434 2324 2447 2268 2377 2291 2350 2364 2419 2378 2453 2451 2383 2338
993 1001 1263 1233 1029 943 957 1002 1242 1221 1234 870 934 939 1261 1228 956 984 1265 1018
1220 1303 1126 1105 1013 1193 1320 1218 1206 1093 1080 1201 873 994 1312 1258 1216 985 1238 1022
2489 2516 2348 2520 2548 2237 108 87 118 2470 2248 2465 2528 2463 243 2196 2204 2534 2226 2246
130 166 1980 187 250 2194 1953 2206 104 2244 188 2246 1994 60 2258 2208 2149 2203 259 2499
510 728 519 690 827 625 587 477 696 654 747 753 652 695 475 464 748 755 1261 538
673 747 826 774 497 664 820 686 729 949 626 750 654 1259 733 762 787 788 684 785
591 626 498 608 610 459 773 809 549 603 518 597 819 457 644 667 779 489 462 1261
78 1983 2144 148 4 2599 2137 168 266 2032 1966 1953 139 2036 2133 109 2076 2004 57 2180
1537 1569 1543 1789 1553 1393 1508 1749 1638 1407 1357 1364 1497 1602 1605 1790 1665 1583 1345 1400
1562 1609 1776 1795 1556 1582 1506 1736 1773 1598 1731 1566 1796 1743 1792 1723 1521 1610 1615 1695
113 259 2254 2620 2256 70 2146 143 136 170 2607 2214 2218 2012 2220 156 2194 2483 2198 2191
1565 1705 1632 1723 1499 1782 1603 1558 1541 1627 1626 1708 1786 1577 1484 1608 1713 1563 1492 1742
1025 1336 1002 1362 1095 1089 1427 1334 1354 1405 1389 1340 1429 1069 1027 1407 1016 1297 1042 1527
2209 2225 2482 2187 2526 2228 2522 153 100 2263 2248 149 2531 26 151 102 2216 2595 2500 2496
1873 1903 1884 1856 1857 1889 1882 1948 1798 1868 2096 1942 2119 2092 5 1970 1987 1977 1829 1971
1985 2137 68 89 1902 1906 2050 1944 59 2053 269 1949 2120 2131 1959 104 5 258 2146 171
252 2113 1957 138 2086 2200 2163 1883 2517 2103 288 17 69 42 259 151 242 2150 148 1996
568 730 670 532 707 614 668 803 504 816 759 801 592 513 772 610 674 690 512 519
2554 2577 212 86 55 2531 2187 62 19 4 2189 302 200 2562 2457 83 191 2525 292 13
2295 2474 2237 2327 2259 144 2337 133 2517 2233 2249 2473 179 2318 2230 2349 2462 2227 2221 2522
1647 1752 1635 1640 1804 1709 1739 1582 1610 1770 1692 1780 1560 1737 1570 1727 1597 1571 1732 1652
1814 1853 1928 1862 1887 1926 1869 1888 1765 1850 1893 1800 1809 1871 1889 1874 1904 1805 1903 1819
653 777 872 626 749 943 709 788 854 1234 825 747 593 757 945 736 453 434 679 1241
2351 2382 2264 2270 2352 2317 2364 2431 2375 2482 2377 2336 2288 2415 2416 2477 2423 2297 2242 2392
539 802 653 767 622 752 763 861 685 833 535 1239 485 565 1243 855 573 694 624 690
148 164 88 1996 2256 2497 116 2191 2130 2472 245 107 2466 137 2231 87 2205 174 2538 72
1843 1895 1888 1947 1866 1828 1821 1877 1943 1806 2092 1790 1938 1920 1826 1807 1789 1898 1904 1778
502 731 494 477 709 607 696 596 606 812 1242 590 461 743 540 499 561 683 594 574
102 1908 2479 1942 1959 2115 83 1996 2089 165 164 270 2230 2476 2108 154 159 174 1821 131
628 638 692 505 724 809 491 703 639 685 944 777 472 659 619 830 819 783 501 565
475 549 610 471 719 772 765 592 501 609 598 801 763 537 779 481 617 469 552 785
2385 2423 2320 2383 2373 2347 2330 2374 2435 2348 2352 2279 2340 2418 2465 2460 2394 2339 2446 2372
464 584 609 615 470 624 433 744 508 548 592 710 617 737 635 447 814 452 485 591
688 814 676 845 647 580 1234 641 711 618 801 961 578 723 751 1241 819 1270 651 1242
35 2586 89 2190 2176 228 250 81 2198 2549 225 2608 1 2610 2594 2192 213 0 243 2179
198 2439 2208 2552 2310 179 2324 175 207 5 2197 2195 2563 6 2459 2399 180 2537 2438 224
692 1246 789 1271 1227 624 946 1262 1252 884 697 996 1245 992 744 1228 901 768 849 665
240 269 209 283 2605 2543 2588 2160 15 286 268 2547 2027 118 275 2563 2012 2209 2188 299
380 397 408 419 437 428 392 349 406 324 378 332 443 394 385 395 424 409 336 319
1872 1902 1798 1993 1837 1856 1826 1906 2090 1929 1890 1780 1976 1819 1986 1913 1891 1827 1953 1925
497 604 611 786 615 617 637 740 627 648 597 793 527 777 552 584 713 601 765 749
707 758 621 665 834 464 650 658 779 811 789 731 1259 741 467 625 754 575 450 710
1472 1567 1622 1758 1767 1380 1680 1783 1355 1786 1607 1565 1357 1371 1551 1444 1699 1619 1372 1432
1756 1814 1638 1729 1658 1713 1644 1684 1737 1884 1716 1843 1657 1839 1834 1890 1596 1784 1734 1767
31 2537 194 2578 2196 188 109 2544 67 299 2176 2577 184 106 2539 293 113 119 5 2536
2362 2411 2364 2359 2394 2314 2419 2447 2379 2328 2441 2395 2292 2422 2451 2446 2241 2269 2249 2471
1442 1471 1427 1363 1508 1412 1413 1437 1681 1341 1374 1562 1473 1344 1660 1569 1417 1672 1506 1501
4 191 25 2167 223 231 2130 241 109 184 1981 2165 61 2451 2543 200 2472 2146 2588 117
998 1007 1317 1240 1294 982 1015 1283 1267 1262 1217 937 1029 1034 1233 1014 1047 965 976 948
1581 1629 1552 1722 1542 1513 1612 1491 1702 1761 1781 1616 1485 1547 1658 1740 1704 1597 1795 1754
213 2450 14 2401 239 2334 0 2564 2580 210 211 235 2563 2465 2171 181 196 168 2208 2403
1098 1170 1207 1320 1212 1205 1327 1351 1211 1215 1294 1346 1188 1358 1032 1238 1198 1152 1364 1153
1837 1893 1831 1885 1906 1804 1794 1811 1820 1803 1805 1901 2094 1792 1829 1799 1814 1902 1825 1924
694 1243 695 659 669 897 963 742 853 1242 674 1204 998 814 875 632 1231 1225 1200 661
808 1260 602 1236 977 969 894 786 541 845 707 646 898 983 1269 1266 882 941 574 1275
2074 2108 2024 97 87 2118 1917 1910 2032 142 343 1975 1995 2034 1955 2041 2119 1999 1973 1994
492 526 501 489 763 626 573 532 737 812 765 802 611 528 794 438 480 617 458 620
54 72 2099 1999 2623 124 1985 2544 2620 1998 2569 2197 286 2129 306 2024 2545 2523 169 167
1109 1120 1211 1073 1153 1305 1198 1335 1190 1083 1174 1189 1217 1092 1284 1105 1089 1193 1137 1045
1095 1163 1280 1364 1027 1226 1344 1296 1281 1187 1102 1330 1198 1079 1294 1207 1048 1273 1099 1283
1822 1878 1827 1896 1806 1914 2100 1922 1942 1940 1876 2097 1808 2108 1871 1784 1863 1855 1840 1869
145 1958 106 1991 1990 2023 2182 2204 2183 2074 1939 2176 2256 177 2490 258 169 163 2025 88
2291 2340 2252 2265 2431 2286 2394 2267 2337 2380 2390 2345 2342 2396 2377 2381 2329 2378 2237 2362
1047 1085 1073 1122 1010 1317 1121 1019 1354 1409 1117 1378 1221 1361 1217 1414 1273 1309 1131 1415
455 516 572 428 597 590 525 793 439 599 437 555 432 587 576 797 807 481 623 754
1333 1407 1516 1287 1530 1476 1675 1304 1511 1438 1110 1349 1117 1486 1053 1097 1316 1436 1395 1358
1970 2071 2028 2019 2078 1919 1965 99 122 2046 2017 2083 2080 167 2009 2072 1905 1966 2013 2085
1686 1724 1371 1599 1632 1673 1564 1641 1634 1429 1482 1460 1705 1674 1586 1612 1472 1693 1703 1365
120 151 259 1958 111 2137 2521 2496 2196 2153 2228 2265 8 89 2510 154 2264 2468 2296 2503
1092 1140 1290 1106 1348 1143 1080 1217 1231 1058 1340 1369 1111 1124 1218 1343 1135 1329 1357 1057
1146 1193 1230 1204 1068 1186 1277 1294 1217 1178 1281 1079 1171 1286 1234 1222 1077 1189 1212 1168
1616 1733 1794 1736 1758 1598 1703 1787 1765 1647 1571 1652 1729 1565 1673 1682 1654 1708 1748 1671
1842 1860 1828 1809 1865 1859 1788 1804 1797 1900 1841 1874 1879 1812 1848 1795 1895 1863 1868 1823
1074 1340 1314 1162 1028 1212 1519 1411 1056 1092 1046 1315 1348 1063 1224 1125 1530 1128 1665 1088
1893 1922 2108 1968 2117 2030 1963 1945 2028 1989 1811 2002 1921 1992 1828 1878 2035 1864 1978 2034
167 2233 2550 67 171 1979 151 162 2157 2259 2294 2533 2246 2247 2472 2224 2237 2214 1975 254
536 605 518 524 520 548 488 578 493 630 570 791 802 577 450 734 566 814 462 779
653 848 710 750 678 1256 763 615 862 756 650 1212 1269 629 812 1239 876 966 908 968
466 588 576 593 735 468 708 551 534 447 611 550 520 624 760 578 491 610 568 559
328 2026 2042 335 68 1913 1959 2106 339 379 1912 2108 378 1906 358 1915 1933 2127 1937 342
881 1217 1239 1230 1255 1198 1196 1232 1038 940 976 1212 1234 854 880 975 912 944 1035 1180
96 2603 168 150 71 2109 2590 1954 2245 62 178 2525 122 2485 287 2003 10 138 2490 93
1547 1579 1617 1587 1729 1676 1686 1571 1756 1673 1710 1588 1599 1369 1662 1791 1518 1474 1693 1631
480 532 617 725 591 550 576 557 722 774 603 452 724 738 597 622 607 558 509 568
1074 1276 969 850 1210 994 937 1007 1299 1291 824 840 1267 964 982 1304 1121 989 1266 1025
2224 2497 171 2516 2200 2194 2488 128 2473 2522 2523 2207 119 154 136 2486 146 152 254 164
368 432 338 391 404 380 397 396 369 378 439 463 779 339 460 420 332 765 437 429
839 889 722 969 1273 671 1274 905 853 1214 907 890 915 896 954 1237 903 831 1260 1252
629 725 648 682 608 474 551 568 635 710 796 703 835 504 528 1249 536 782 771 798
336 2601 2014 269 364 347 255 2606 2623 5 87 270 233 2633 2609 2585 75 2620 2049 265
123 2251 2115 2364 237 2303 2128 2234 2346 1966 179 2122 127 2250 2352 166 124 261 2228 2366
293 2576 21 306 2182 60 17 2521 55 270 5 2609 35 209 212 228 2628 2620 308 2563
1777 1819 1888 1577 1759 1770 1927 1908 1877 1940 1898 1941 1929 1847 1582 1938 1754 1555 1619 1768
2601 2627 2630 2532 236 2599 2525 245 2597 2648 331 2531 2535 89 2637 2626 2527 265 327 264
2377 2400 2335 2316 2436 2372 2439 2322 2357 2364 2309 2294 2302 2389 2336 2333 2387 2267 2443 2470
51 319 76 2522 2142 2147 2177 61 38 35 2201 2590 2561 323 2597 68 335 2641 0 2567
1892 1914 102 1936 78 95 5 7 1827 2039 1851 2090 67 1927 1978 65 2083 2131 97 1858
79 2100 2043 1909 9 1990 2592 1883 1893 2104 67 2121 2034 2178 171 109 2066 2080 2069 115
142 1995 2528 2247 2124 1972 1957 2190 2057 2134 101 2497 173 1996 2066 88 2496 272 1919 102
1970 2075 2030 335 1933 1999 1943 2047 2090 78 1949 145 82 1948 1961 1953 130 2033 2085 127
1672 1695 1357 1498 1666 1333 1731 1694 1515 1764 1674 1693 1373 1755 1654 1757 1725 1660 1647 1467
847 1221 921 1212 911 879 1103 962 802 1259 1234 1160 1081 1191 1167 1319 1223 1218 1095 1091
2249 2493 2339 180 2500 2267 94 114 110 2483 2300 2293 2268 2228 165 2307 164 177 2360 2309
650 859 954 755 828 880 616 1224 921 648 668 987 685 832 684 660 1229 907 799 876
1059 1415 1024 1118 1482 1412 1364 1215 1526 1288 1322 1073 1433 1503 1406 1403 1051 1671 1437 1218
1466 1689 1726 1745 1714 1705 1673 1621 1576 1737 1418 1652 1648 1711 1744 1718 1373 1634 1636 1725
1809 1934 1764 1953 1870 2030 2089 1851 2049 1928 1892 1826 1993 1859 1882 2005 1803 1990 1781 1915
1224 1320 1025 998 836 939 1202 1230 1029 1250 1316 1205 1080 1038 1223 1300 1106 1005 1207 1312
1043 1280 1092 877 873 1016 1298 1211 1236 1106 1035 838 1390 986 855 1396 1029 1414 880 1324
1208 1260 995 956 807 1271 706 754 623 897 1098 1183 634 651 934 1125 710 663 845 711
870 1283 964 1299 677 668 1165 1067 925 1012 974 941 676 1116 1206 1253 1022 932 826 927
203 2196 134 2551 258 11 147 171 22 49 2158 133 2518 2185 50 2513 2459 2442 209 283
295 2181 29 2154 275 293 19 32 2179 37 2583 157 2517 2158 322 2568 2605 49 124 323
1556 1800 1760 1398 1575 1507 1585 1597 1819 1545 1887 1789 1776 1889 1504 1796 1821 1779 1786 1858
717 826 745 626 545 671 930 565 901 819 829 1274 632 618 932 1238 925 560 561 728
463 800 615 1241 796 744 1249 559 708 511 607 490 692 713 669 638 803 448 433 722
13 2567 266 2597 213 17 2527 88 36 2197 23 2141 2540 2196 251 215 90 196 16 2568
1370 1393 1414 1082 1050 1541 1558 1368 1328 1044 1435 1060 1448 1364 1095 1688 1496 1396 1540 1333
681 1247 739 753 805 680 642 890 759 1230 794 977 1289 974 793 725 892 1211 1268 1231
78 2095 156 2052 1879 106 2611 2009 1950 1936 2056 1910 2581 275 2595 118 166 1972 2094 2089
1597 1621 1616 1777 1775 1548 1607 1663 1767 1735 1732 1704 1709 1731 1560 1644 1563 1576 1742 1802
967 1264 863 954 657 1211 1266 1295 633 686 875 815 705 843 1006 856 932 879 1235 670
486 760 740 724 581 743 539 550 683 786 773 811 477 795 497 1255 485 770 673 556
441 773 760 469 764 440 484 593 364 442 411 774 721 679 779 596 673 367 664 737
733 831 466 946 469 965 779 495 592 730 852 617 639 943 630 866 849 625 632 528
2257 2304 141 2323 2235 2472 2473 2278 2265 2514 107 150 111 2239 2322 2350 2376 175 2506 2381
1565 1758 1633 1783 1738 1815 1642 1639 1560 1540 1585 1724 1587 1597 1605 1593 1490 1557 1640 1821
1059 1117 1145 1365 1180 1222 1066 1119 1113 1040 1312 1351 1196 1138 1296 1300 1195 1214 1132 1414
607 797 848 601 802 529 578 676 694 1265 634 456 816 452 477 614 556 715 468 501
236 2606 165 303 123 345 215 2638 244 99 28 100 2576 290 276 8 185 2585 2131 95
1376 1661 1606 1459 1756 1582 1441 1089 1595 1640 1664 1660 1046 1428 1431 1363 1632 1034 1536 1629
853 920 643 1277 986 690 830 914 949 925 942 977 689 930 1210 1285 1227 967 858 849
2529 2599 2569 2523 227 2600 2197 159 248 2550 2220 2498 275 63 213 292 2624 222 67 2584
853 943 845 829 675 812 1281 642 809 878 841 699 960 869 914 868 1237 890 673 1268
2433 2454 2380 2329 2317 2390 2424 192 2414 2423 184 2379 2426 2420 2336 2453 186 2403 185 181
225 2520 200 32 10 2513 93 54 2600 52 127 105 107 83 2511 121 2206 153 41 2173
677 810 1255 864 960 505 484 761 747 744 935 836 858 499 867 675 601 605 692 582
1903 1989 2051 2133 2103 1813 55 135 2114 1871 1893 1924 1882 2100 1936 1875 1910 1990 1982 96
1348 1535 1450 1368 1047 1380 1415 1103 1551 1327 1564 1319 1318 1505 1670 1520 1510 1111 1309 1402
243 2586 2552 68 2206 2584 2563 2566 289 2186 23 2172 2540 2634 112 2618 88 2574 2557 2579
103 2541 15 1971 1947 2229 170 2121 55 234 2232 2519 13 105 129 1 2221 75 2123 2490
660 856 632 1210 834 928 655 635 936 989 1241 654 952 679 1216 990 770 813 905 837
1625 1733 1624 1654 1616 1726 1674 1676 1766 1656 1572 1750 1596 1636 1690 1672 1657 1635 1597 1649
1098 1353 1426 1096 1414 1352 1214 1389 1127 1158 1432 1518 1067 1677 1089 1160 1398 1143 1659 1032
189 2156 263 268 2318 2444 55 2544 261 146 2445 225 141 27 147 2133 248 2181 269 2575
