37 628 10 82 617 8 51 43 601 122 639 56 42 21 612 6 116 99 76 104
77 114 106 612 140 607 634 17 623 23 55 25 631 90 149 621 97 609 152 610
48 100 55 106 604 64 45 74 51 148 17 88 92 143 120 105 9 125 97 1
255 366 473 229 459 350 386 298 239 469 344 358 465 395 464 455 436 248 308 297
247 282 220 436 307 484 347 487 297 345 267 354 276 284 378 446 492 390 456 443
13 51 33 610 117 60 107 632 3 106 25 86 23 580 96 597 635 55 30 15
103 635 155 143 74 66 109 148 122 153 614 65 92 123 125 22 628 634 131 110
41 617 31 0 603 16 99 104 118 49 45 112 612 596 602 598 26 9 72 627
524 550 548 531 565 307 544 587 519 294 522 535 327 509 337 526 340 304 569 500
468 496 460 435 311 475 562 438 552 337 529 322 564 563 361 319 285 513 289 507
268 354 373 244 259 308 379 464 478 479 443 295 245 298 454 444 369 331 346 326
328 525 553 533 508 516 512 496 340 283 345 498 515 557 490 563 489 544 562 570
473 496 443 356 491 546 552 446 476 521 543 287 341 310 456 316 444 328 534 555
226 253 269 446 249 447 381 396 451 359 289 198 203 208 433 445 255 197 371 187
134 163 168 191 173 88 133 636 101 121 165 201 103 150 128 142 195 166 118 638
264 368 347 286 363 380 345 287 456 355 427 460 386 440 235 369 374 378 350 297
414 432 458 404 472 449 452 418 426 447 395 425 252 455 475 377 460 463 440 260
146 181 131 171 210 168 94 129 184 196 109 207 164 93 222 108 123 130 179 99
168 200 212 190 189 228 216 162 229 132 222 151 214 206 143 169 125 227 182 165
123 145 189 94 636 143 176 141 88 51 157 125 84 144 627 67 163 180 112 101
304 479 517 528 269 523 537 466 488 530 513 275 323 281 494 295 507 438 534 516
19 44 64 618 588 639 7 1 40 69 0 48 22 606 96 629 637 591 45 32
59 607 591 630 624 568 9 53 125 565 92 29 17 77 38 4 96 581 57 107
249 381 442 413 414 286 256 438 405 447 233 276 376 412 449 383 255 214 262 236
435 462 290 358 381 392 453 261 376 450 275 295 415 288 356 439 413 465 307 372
17 34 19 615 621 589 89 31 599 33 58 629 55 97 1 605 104 579 64 15
456 484 346 444 432 298 359 457 460 364 268 380 509 330 430 264 341 450 309 507
35 603 582 57 611 612 624 91 569 607 0 14 616 85 94 103 568 98 34 575
304 490 494 260 277 457 506 366 332 272 299 343 543 278 311 511 544 547 464 333
237 262 450 432 231 200 451 378 279 207 367 363 232 284 241 251 266 276 437 291
363 391 383 273 440 387 291 428 256 401 350 239 404 289 438 392 257 448 265 480
62 624 69 11 619 43 594 63 12 89 53 613 114 25 605 64 97 606 108 48
187 209 154 134 153 161 243 170 179 186 211 144 196 160 148 132 167 150 235 191
307 474 334 272 512 319 432 537 263 535 468 437 431 332 477 344 530 523 497 340
198 233 264 379 227 170 263 220 234 261 259 172 395 232 223 228 179 164 200 376
388 443 382 463 358 472 277 263 417 470 419 477 372 230 366 447 242 433 247 237
84 131 182 186 162 130 115 4 167 87 169 124 118 28 613 22 103 617 630 0
530 545 300 536 532 319 562 571 504 511 310 325 317 318 555 496 307 554 309 312
408 436 271 465 248 434 283 362 410 281 449 274 461 456 256 361 388 415 458 430
369 447 419 270 481 459 283 489 463 416 252 380 388 275 247 345 282 433 351 399
472 493 350 501 437 339 543 435 315 451 458 286 344 296 272 514 292 532 525 524
36 86 635 630 120 119 108 37 4 599 607 627 95 636 34 619 94 132 40 123
141 152 94 128 161 162 163 117 192 134 99 112 140 103 121 189 127 183 110 195
72 635 13 84 64 115 96 1 124 50 49 58 15 47 93 102 110 607 606 73
22 582 11 12 627 568 591 598 96 86 587 90 623 611 617 546 58 633 87 60
121 133 175 183 66 62 165 112 55 70 151 158 113 72 122 148 102 43 83 166
124 173 171 141 71 101 80 184 67 91 59 146 65 53 152 180 57 150 142 161
494 522 348 334 303 468 336 464 574 546 499 293 352 291 309 455 520 547 570 330
286 308 500 517 448 304 540 333 491 484 280 279 505 271 266 250 516 449 472 460
401 419 394 235 234 414 370 238 236 443 368 391 257 408 425 396 409 237 384 451
172 201 238 221 217 168 170 226 189 147 223 225 145 184 148 206 130 157 146 212
598 626 91 30 627 595 11 75 629 78 10 102 581 608 96 21 4 99 8 51
9 633 81 109 635 29 37 602 67 82 64 112 125 108 126 94 626 21 85 130
73 93 613 129 41 103 57 79 27 35 58 105 17 146 620 612 617 90 121 66
55 92 634 115 19 144 114 145 12 4 122 108 5 111 79 58 129 75 45 132
270 359 379 323 314 307 357 345 274 250 456 281 445 466 297 352 467 450 388 312
305 472 440 332 364 447 507 341 513 503 261 456 263 337 298 319 317 352 266 508
73 104 65 35 114 622 31 23 51 50 16 90 84 58 130 82 128 18 133 604
320 495 481 304 535 508 311 472 536 344 290 558 323 335 505 273 314 456 271 282
450 470 253 507 402 512 442 479 295 252 510 315 274 279 371 451 397 444 260 359
215 244 229 388 387 397 280 202 265 392 210 231 220 258 375 395 180 240 204 247
475 486 514 438 467 298 521 316 493 548 511 347 500 287 342 353 473 531 489 271
25 607 591 41 26 603 88 564 24 594 6 99 38 587 93 570 66 17 97 70
280 456 484 433 368 357 440 310 471 437 340 260 279 479 273 447 319 486 250 487
368 383 286 412 379 288 261 461 401 280 422 366 357 231 448 425 281 418 433 358
345 514 288 475 292 561 545 478 543 536 566 357 493 507 510 300 571 286 295 486
266 304 255 476 505 452 522 302 434 272 279 451 381 389 386 531 274 342 484 376
235 380 373 414 434 256 412 372 273 241 440 393 364 433 254 381 355 413 222 386
544 569 499 330 607 593 498 519 512 596 494 522 598 558 516 520 602 328 550 505
136 178 111 162 89 134 105 174 138 179 142 104 202 160 155 122 213 192 176 120
627 638 604 89 67 114 625 623 29 24 17 48 609 60 20 37 602 133 94 11
434 449 364 268 273 399 355 397 304 288 463 390 420 429 400 353 466 380 369 483
87 112 91 131 147 45 6 101 74 25 20 23 133 115 614 100 106 158 130 31
594 624 636 608 549 557 89 93 59 553 6 582 25 42 581 85 571 1 90 598
302 365 387 502 538 367 252 453 273 263 449 489 297 512 265 262 267 487 319 448
268 382 305 430 281 279 296 451 366 231 413 375 403 443 309 316 230 414 372 432
275 374 479 313 407 468 385 310 361 341 460 419 366 421 296 355 322 328 425 332
238 258 431 281 366 357 236 251 448 285 382 439 441 265 246 452 435 356 296 359
258 400 295 282 383 291 284 435 259 250 364 281 297 300 370 459 296 269 286 399
78 624 111 609 611 623 610 634 17 82 26 614 600 30 617 56 46 34 112 7
45 114 627 53 11 120 634 140 639 13 39 73 47 27 77 25 99 631 147 69
474 498 452 299 527 483 281 481 555 327 272 342 289 484 467 468 457 568 432 449
75 95 60 28 125 88 118 6 115 8 48 637 80 108 616 92 141 39 123 146
343 485 314 514 534 505 492 348 333 350 360 304 473 516 367 520 358 273 440 359
251 271 454 287 400 298 265 230 337 293 364 365 460 311 258 438 346 236 468 376
86 104 31 38 76 58 33 23 616 85 132 66 97 82 36 47 0 13 109 102
120 637 58 38 131 36 633 45 148 103 91 122 40 119 97 137 82 117 96 632
278 446 317 427 450 245 379 311 397 438 269 403 447 405 268 365 428 364 264 471
523 570 592 508 550 534 551 515 575 490 554 329 313 512 486 483 303 343 324 308
77 111 615 142 144 64 630 93 107 632 151 23 154 608 605 132 612 7 624 115
34 598 616 576 638 624 90 588 633 3 587 7 73 15 572 98 12 554 102 631
203 221 246 219 231 229 176 179 233 225 191 213 197 205 248 202 227 228 247 208
271 456 306 484 488 292 385 259 437 287 441 298 248 270 419 374 460 376 317 261
422 457 458 446 302 270 355 372 448 476 411 418 429 472 489 361 394 298 426 456
241 396 255 372 389 249 238 442 400 373 228 213 223 424 276 205 244 378 450 230
172 183 157 140 208 199 202 124 196 223 210 123 147 121 194 167 173 144 212 164
52 118 74 131 139 626 102 95 99 620 25 4 625 107 614 622 619 103 96 100
60 616 594 59 626 100 639 15 56 40 77 116 14 602 66 23 78 114 109 69
469 508 470 505 300 480 440 545 525 451 312 306 487 322 339 282 540 333 331 270
215 238 196 182 233 388 260 193 214 375 249 373 221 227 178 199 245 391 393 190
210 227 236 197 258 235 184 230 185 225 239 193 238 188 249 259 246 200 189 182
423 442 252 355 281 402 429 276 375 486 406 264 266 292 457 400 389 253 399 415
531 554 568 535 596 493 587 333 506 321 565 323 544 580 582 534 497 317 505 303
72 93 136 131 121 629 612 39 67 132 82 62 106 126 15 130 54 109 114 119
439 472 495 286 489 265 415 482 295 486 345 257 362 478 445 251 355 505 260 449
6 633 15 49 582 607 119 596 615 630 611 129 13 621 59 592 62 606 90 35
318 524 535 356 281 531 485 297 496 558 279 516 499 554 305 357 525 475 568 361
487 519 283 350 459 278 451 476 449 335 504 563 513 346 484 294 287 304 570 471
580 608 22 562 623 577 526 15 59 616 579 522 531 622 1 29 624 521 541 19
286 495 521 348 316 500 267 451 541 491 469 371 257 296 297 532 441 314 331 489
336 487 334 504 503 452 292 551 496 519 324 346 272 514 340 526 354 476 304 500
286 486 357 287 484 281 473 495 253 248 319 516 262 266 467 304 502 261 344 334
3 619 70 579 4 62 35 37 616 49 43 68 633 628 84 631 613 0 61 620
75 117 144 151 134 614 48 636 43 612 64 9 156 624 19 637 66 140 634 633
452 482 397 272 305 517 382 464 353 415 454 313 473 503 523 257 514 524 264 381
405 449 275 436 447 268 476 393 443 391 437 350 283 261 429 445 431 471 358 295
80 618 68 614 609 69 610 40 628 61 2 608 126 8 74 100 114 596 592 52
103 148 101 135 64 170 129 156 139 185 176 150 79 628 147 169 152 633 153 137
143 165 123 112 179 170 195 200 178 180 93 182 167 152 108 184 172 125 100 197
285 312 530 540 319 475 461 276 541 466 460 248 538 491 310 336 323 506 520 266
324 530 505 559 567 489 541 486 292 568 550 498 573 509 535 342 564 572 309 519
294 490 537 465 523 534 268 464 538 556 502 456 339 480 300 368 455 363 302 337
497 562 484 535 563 508 463 533 467 502 556 297 545 350 325 518 604 318 470 322
268 345 459 369 445 265 349 253 512 383 347 336 498 348 378 292 509 287 293 515
3 56 103 118 101 580 41 113 100 631 31 634 81 49 82 84 15 593 578 8
296 359 367 388 484 502 510 509 454 464 258 274 435 466 327 521 375 365 381 346
320 508 554 323 501 359 539 316 541 335 543 497 278 342 522 484 573 341 358 293
300 454 468 281 461 520 452 269 513 438 298 435 394 285 392 282 472 254 478 293
260 303 509 399 242 375 287 335 484 466 526 381 519 449 346 336 241 536 284 243
86 107 48 611 54 122 4 61 60 17 43 149 625 151 104 138 120 27 39 140
3 604 626 29 608 41 635 625 30 16 9 52 48 580 597 89 34 632 620 582
73 93 617 610 108 67 62 52 77 82 625 56 635 118 27 12 84 628 59 30
336 359 386 255 292 507 473 333 455 382 272 479 324 546 472 274 474 352 486 380
41 604 595 26 607 60 39 598 105 627 571 68 602 631 592 34 558 564 578 89
26 59 6 49 101 54 96 15 24 104 603 51 97 84 18 23 22 113 3 117
495 530 299 562 458 573 456 579 548 454 353 547 506 319 568 297 483 541 287 282
130 187 99 116 203 137 210 166 163 172 222 158 634 638 213 635 98 151 162 133
155 187 147 166 154 180 146 104 142 107 224 225 173 172 198 186 192 156 207 118
393 422 235 251 438 375 389 433 242 417 254 249 365 238 421 462 398 459 451 437
493 515 530 302 570 460 529 351 556 481 508 507 281 492 525 332 318 349 313 510
87 626 604 102 90 132 21 630 3 612 616 117 621 78 16 93 105 633 11 89
367 376 242 248 382 277 304 460 467 352 424 391 410 256 366 455 259 448 380 236
28 608 573 639 25 42 572 569 629 56 47 2 65 43 4 30 74 69 70 577
264 362 368 265 314 282 366 381 479 457 359 250 375 458 246 309 308 374 387 377
174 212 176 135 236 150 131 213 133 188 240 202 138 136 123 122 197 152 242 161
242 270 341 454 238 339 396 251 398 249 439 263 390 446 234 220 403 208 254 286
363 377 480 472 238 392 358 371 279 291 294 252 311 455 303 435 288 313 383 355
398 446 413 248 263 481 447 479 463 362 488 369 424 427 271 288 305 276 395 352
273 312 379 336 474 539 443 289 505 335 491 258 481 354 349 436 365 521 315 519
323 512 306 328 350 508 509 481 293 551 484 324 567 529 532 538 296 494 573 561
