257 743 117 16 735 165 4 124 1636 139 179 1516 203 237 144 207 1597 1624 157 694
650 1387 704 1365 1364 694 1379 285 296 1410 670 638 660 1371 1354 625 658 661 1370 648
640 659 264 302 647 680 279 1383 689 658 1358 657 270 704 709 303 308 1355 1385 614
303 1358 606 665 683 292 620 663 695 650 637 264 614 644 641 1378 713 310 259 646
1126 1199 1168 1286 1285 1250 1200 1124 1257 1119 1157 1272 1135 1163 1223 1153 1282 1120 1165 1284
803 821 233 846 840 775 196 1520 926 225 1514 772 798 819 818 800 792 923 176 180
18 144 1573 1608 710 1479 251 195 102 240 739 255 7 14 694 1480 1537 706 199 219
790 1545 71 83 16 1555 22 836 269 46 178 839 55 123 827 774 226 1595 1543 242
731 1513 780 85 22 1631 772 1521 82 5 96 725 1490 1534 24 151 746 183 1582 0
849 893 863 890 897 822 929 1022 877 1034 930 1046 800 860 937 933 826 926 912 1015
761 1553 1582 704 69 795 1590 117 252 159 251 807 275 207 735 708 258 228 746 211
786 1537 1528 257 51 71 745 1574 21 147 80 250 150 733 1579 251 833 1512 715 36
615 625 294 306 598 591 1342 324 610 1386 575 638 318 639 627 1344 315 647 328 1387
145 269 1366 1512 773 1577 16 1608 756 253 748 768 251 710 742 1567 193 119 296 171
67 1526 80 1519 163 103 124 57 201 1472 17 790 793 102 1533 51 85 1562 762 1481
40 69 83 1534 1551 1523 754 1470 1487 1544 1518 8 102 21 221 1547 131 88 260 19
139 743 694 173 1582 1521 1635 1592 774 194 277 1632 699 762 271 215 170 1622 1508 1528
56 115 1497 258 43 24 70 1484 89 1520 93 52 66 78 8 252 1511 1499 35 1480
333 570 1390 539 346 557 368 318 629 1369 549 583 592 576 337 589 572 332 609 1371
873 1056 858 481 477 930 1078 907 490 1070 1076 491 431 1016 1023 480 479 1046 911 1043
647 671 1370 1635 693 323 631 665 1371 293 262 1592 275 1367 1596 695 327 319 1564 258
529 580 342 544 534 335 517 331 595 350 562 559 327 601 538 531 520 549 610 499
26 1485 1537 243 79 218 1522 228 97 25 73 222 78 129 1487 131 1501 1475 260 20
447 1060 1030 1046 474 423 1100 1066 1074 461 1081 486 421 495 420 1026 1041 491 1016 490
20 1482 1476 1460 3 1506 1490 61 267 1531 1551 1537 68 1535 1560 111 231 242 74 245
110 119 225 86 1516 60 91 261 1499 143 68 250 75 1469 72 759 1486 127 1535 22
54 206 1549 247 10 826 32 52 1548 801 237 1477 26 161 219 1497 87 1501 205 827
901 980 859 965 888 861 1009 1006 869 890 899 970 973 856 950 942 948 915 1003 958
1183 1241 1199 1237 1266 1203 1166 1180 1235 1276 1121 1120 1164 1220 1193 1196 1149 1150 1116 1172
688 1643 1374 289 1554 1655 1550 655 1354 1553 1625 667 1597 660 701 251 1362 653 1360 1676
458 1089 1092 430 1086 500 481 448 520 1063 1080 522 1079 1105 1034 451 456 1025 1081 447
273 722 698 1657 667 1350 718 1532 269 675 739 743 1588 683 734 1366 289 1565 1541 267
134 154 1497 275 770 1602 194 746 1520 260 777 10 722 148 126 734 1509 248 2 1539
1156 1276 1206 1303 1178 1309 1242 1174 1321 1166 1264 1152 1229 1204 1114 1109 1290 1138 1179 1233
140 162 156 746 1507 147 267 25 155 273 728 763 1506 36 726 180 792 693 1528 695
262 1558 181 1532 1587 675 671 756 1592 247 638 1576 157 11 3 778 266 708 683 654
1155 1251 1183 1223 1133 1178 1226 1281 1130 1194 1157 1113 1195 1162 1112 1198 1235 1191 1158 1175
201 1545 1514 707 768 68 710 270 24 170 128 696 249 1500 67 785 13 1546 1579 1501
139 255 719 1592 159 50 271 31 778 242 1603 1577 47 721 194 197 743 112 692 121
203 830 856 213 794 1501 207 787 857 1558 1560 158 204 1499 145 742 159 151 747 848
710 1626 1648 1652 144 678 1653 1639 664 1537 1365 697 736 1358 717 674 1593 1644 1621 1596
955 995 897 965 879 931 883 960 921 884 911 980 901 929 992 915 977 923 1018 979
260 1515 96 1510 1563 648 1495 1553 163 762 10 1599 1530 286 152 794 704 798 734 18
795 813 1525 850 807 870 814 748 185 226 842 871 1545 1504 809 232 1535 1515 1514 822
1366 1383 1399 1363 1386 310 1350 336 1343 689 1402 1367 264 1406 1368 640 273 638 345 1359
259 1591 4 7 710 693 1560 42 1599 664 166 36 289 261 669 1642 679 682 1587 1578
1032 1064 485 1017 1028 469 426 422 470 503 496 886 1062 417 1000 1081 1039 1052 1036 1011
1006 1025 438 1027 915 923 1038 1031 419 901 1029 928 449 884 469 1000 425 931 1084 1022
790 814 227 1549 237 859 815 208 864 819 775 789 186 863 1513 761 1520 71 752 1548
660 1602 1641 1656 1651 1663 658 1629 703 706 670 290 749 1613 681 286 714 1624 688 663
1058 1088 433 498 1116 1063 513 471 1013 1076 1103 473 882 1109 458 1064 496 1045 446 436
1448 1478 1489 234 77 80 1425 68 1502 1423 1493 1486 246 93 33 54 235 8 122 1453
152 178 180 761 193 182 196 1575 1535 789 177 804 1518 775 145 710 776 213 1591 1571
1544 1566 1577 2 220 53 109 125 184 1595 1524 254 136 139 285 683 1543 795 693 1583
430 1106 410 1130 1141 1093 408 1135 1150 1053 450 1124 1126 1103 1057 1085 1120 461 1095 1104
1513 1521 793 798 746 134 167 147 725 85 1525 249 84 87 108 804 222 808 36 261
1618 1638 1584 740 744 1652 1656 708 1639 1578 1662 1596 1597 688 1592 738 717 686 671 735
651 662 696 647 1374 284 271 1595 669 301 1597 314 639 717 1384 697 283 631 263 318
128 748 169 715 235 36 755 1602 207 122 759 1559 763 39 144 191 274 1599 775 254
188 1552 178 202 206 201 244 1574 751 761 1583 1535 190 784 1549 144 764 1509 153 1568
8 125 97 169 202 271 695 732 779 718 56 1563 178 34 1550 200 1557 28 39 181
305 627 1380 672 272 1354 650 667 339 311 289 314 1341 1383 654 623 271 1360 299 673
1206 1226 1185 1164 1249 1159 1255 1225 1289 1232 1269 1230 1138 1278 1152 1268 1223 1192 1139 1188
194 1515 736 1530 44 1534 155 757 90 770 1507 1559 1493 210 825 6 756 82 242 156
16 122 759 1478 259 111 136 106 124 1475 771 52 768 780 779 161 1494 1527 210 211
509 1092 428 503 1096 432 1116 1118 422 521 430 427 506 1119 448 423 1121 494 1089 511
1181 1213 1205 1201 1220 1175 1180 1289 1293 1257 1222 1110 1240 1237 1171 1143 1292 1142 1144 1126
23 1528 237 1537 82 1512 1554 257 32 95 54 17 22 117 798 801 730 1502 1482 1549
722 1519 702 1500 700 691 1539 261 1583 787 1624 234 149 144 151 167 71 72 160 738
265 721 1627 1653 296 285 1649 697 289 127 272 1642 755 1586 1545 749 658 294 1657 1592
211 1490 34 26 230 2 208 15 1516 67 209 747 25 127 243 80 819 1495 68 168
821 923 985 782 964 899 918 790 977 892 896 950 943 891 200 232 832 789 814 783
324 1369 688 273 312 677 347 341 625 363 1391 639 674 358 335 629 330 297 622 264
437 448 449 1084 428 452 416 1025 453 433 1104 454 481 1065 476 1064 1059 480 1075 1083
40 75 116 1474 772 1520 1547 0 219 20 124 50 56 1 1506 260 13 91 762 32
664 1596 1571 139 632 732 1566 682 667 742 670 256 1627 1381 250 1553 153 1639 272 663
667 1551 11 688 1378 112 1592 650 269 717 1611 767 708 704 291 1370 1373 241 254 1363
54 1531 50 72 729 773 245 225 223 70 232 713 794 88 220 1476 787 246 1529 117
532 552 361 359 536 556 356 569 548 539 335 567 597 546 347 568 502 579 550 571
482 513 472 1084 489 535 463 483 1090 503 540 1058 1036 446 1077 1072 462 444 460 1076
460 1022 994 905 459 499 1059 490 1038 1041 1070 1027 1009 1065 1003 481 1002 1007 483 476
664 1358 255 689 260 289 295 323 721 261 290 286 298 256 327 277 723 662 1356 1555
432 1046 1078 408 1020 1030 437 1043 1109 453 1086 1013 1048 477 1074 1047 415 406 466 1022
1226 1253 1181 1243 1265 1160 1277 1168 1189 1258 1183 1144 1273 1187 1166 1199 1294 1264 1184 1217
113 1493 1512 82 1467 1511 132 215 1486 228 98 1539 38 17 1487 213 1550 256 22 1507
1083 1101 1047 1071 1097 1056 1051 449 1127 1130 1050 1105 517 1111 1038 1124 510 1027 1114 461
705 1643 717 728 1621 251 667 1357 1625 1543 703 267 145 1612 256 1653 660 651 691 693
846 924 830 870 228 219 879 225 949 920 926 804 998 932 875 939 991 876 826 958
225 782 826 198 816 108 69 170 765 934 83 932 226 209 841 35 1 89 822 51
284 667 670 143 693 681 719 1589 711 639 661 1553 285 690 1380 650 1345 646 692 141
155 204 720 123 197 719 1504 715 1549 753 1599 173 748 1589 222 214 773 1579 1533 57
913 976 1001 895 933 880 869 1024 1021 1026 877 918 1022 862 1002 888 998 967 995 1008
788 1515 745 125 147 1494 89 1507 47 256 1554 758 152 165 733 120 170 75 1510 38
370 401 411 368 353 340 373 344 386 392 377 358 414 412 426 327 359 376 338 336
429 446 411 1100 1095 1058 1082 461 439 406 1090 1047 408 1065 1019 409 466 1040 1102 452
69 1535 771 45 89 255 712 1570 1516 5 103 12 791 63 1508 734 4 59 223 11
707 1585 1557 1623 720 1562 267 281 767 1565 175 1555 755 279 1676 716 1619 1609 1587 1574
336 355 1381 580 377 387 1394 312 390 394 320 306 590 618 1391 362 1377 1374 568 301
753 1570 1594 1510 1551 245 778 39 796 257 1557 189 713 211 187 118 158 33 221 1600
1118 1203 1260 1123 1268 1228 1270 1180 1096 1248 1195 1229 1273 1130 1140 1269 1157 1103 1251 1126
13 1475 29 1461 100 255 140 264 116 90 225 17 111 124 1517 1540 123 10 80 229
1209 1257 1208 1155 1163 1251 1161 1303 1158 1275 1281 1135 1269 1284 1182 1301 1228 1184 1211 1183
1138 1182 1112 1102 1225 1148 1235 1153 1209 1126 1278 1248 1231 1184 1156 1287 1109 1124 1264 1259
1204 1286 1323 1175 1118 1234 1201 1327 1331 1159 1176 1278 1131 1263 1212 1147 1301 1160 1275 1277
475 1066 487 486 1053 499 1032 1090 455 457 1057 468 1052 482 456 465 466 424 1041 505
536 1312 588 1338 1311 545 537 1314 1271 516 539 562 590 1288 524 1313 517 1321 519 508
15 68 1561 1492 47 1485 234 45 212 1525 43 53 1489 39 103 144 764 33 1529 130
714 741 1516 698 677 779 1547 1354 199 1642 1557 1624 745 1517 757 1542 1659 185 676 668
1526 1538 1577 203 714 211 61 134 774 1540 169 54 215 241 0 252 64 807 253 1555
1246 1297 1200 1268 1265 1226 1319 1184 1317 1163 1170 1291 1274 1252 1205 1166 1179 1193 1332 1296
49 1494 1514 1533 0 94 13 1545 241 768 1506 765 756 21 93 220 755 26 766 1504
710 1635 277 1359 282 672 125 265 152 1629 699 254 140 670 1533 143 665 124 134 248
858 896 859 1012 974 992 987 1040 1005 863 833 872 943 1007 932 1039 1006 812 899 1049
1173 1226 1221 1197 1246 1146 1195 1133 1174 1290 1239 1196 1169 1224 1138 1190 1258 1250 1198 1233
202 1504 798 818 227 144 189 58 743 68 70 813 30 765 37 36 805 792 784 32
775 1552 206 182 1544 75 183 54 1577 134 283 38 1512 79 1550 1569 280 165 778 288
57 1474 243 111 1536 63 34 782 56 48 61 125 33 205 218 1497 1521 110 68 778
12 1506 738 1547 1534 24 739 26 1478 266 185 198 201 1500 106 100 51 1502 207 752
1175 1190 1155 1113 1270 1283 1275 1149 1191 1272 1241 1152 1139 1132 1174 1265 1223 1258 1161 1171
340 375 584 602 1379 1395 391 312 412 574 385 607 353 1393 309 1372 592 591 348 418
113 1521 732 1528 37 66 148 102 222 162 1547 218 731 745 720 1527 776 1515 1484 82
467 504 472 1091 479 1070 449 522 1081 1033 529 1082 1098 478 502 1076 503 487 533 436
135 176 207 278 743 750 48 1568 717 774 6 790 159 204 1575 138 143 724 727 792
11 63 698 209 56 1504 1503 46 1477 58 1512 1479 83 234 60 117 1538 791 105 767
1559 1584 198 1551 765 151 155 286 8 1624 178 20 751 122 154 741 749 1636 199 1578
447 1066 1075 422 424 473 441 1068 427 1042 443 479 1091 472 498 1100 494 1047 476 1033
221 834 1489 921 2 757 780 754 28 928 836 17 211 853 70 859 797 206 43 1484
173 202 146 215 171 750 65 739 1542 73 784 193 785 69 214 195 729 183 249 123
230 794 761 177 828 833 222 4 843 44 1481 824 929 1482 1547 1535 15 773 1490 183
1549 1596 1633 770 206 695 1538 1521 703 1662 1627 122 128 739 26 1536 1575 682 1624 46
146 755 1563 269 1579 250 169 21 719 739 1604 223 271 45 2 135 773 173 198 170
610 1369 312 625 281 305 571 616 1363 1357 278 1383 637 589 299 602 303 268 611 341
5 43 1486 1552 1489 132 1532 111 1505 251 45 1516 769 702 223 24 146 1540 98 256
745 1561 1563 170 175 773 1601 783 1567 684 128 278 758 1606 1615 784 712 259 768 790
753 773 740 166 1546 784 1559 40 1558 47 224 1592 1560 716 50 238 1561 733 792 781
632 1389 1376 284 325 274 285 335 611 656 1400 617 1385 336 1380 623 338 1402 1379 271
22 1538 1529 1573 235 1554 1490 41 225 1527 788 16 211 7 256 731 1481 213 1492 8
888 1014 1025 926 895 1026 1022 1015 882 853 870 925 857 997 1056 920 867 1063 990 877
964 1002 963 913 968 1024 959 881 1034 1003 993 903 918 933 935 943 929 979 974 985
139 183 208 1553 3 236 1585 1523 803 743 1600 1597 760 727 781 788 116 741 172 153
608 627 555 576 632 335 1360 597 630 575 631 648 1346 620 305 579 308 1365 1345 332
218 228 231 776 933 215 36 221 232 1531 63 130 40 245 242 809 77 96 212 799
135 196 746 256 247 813 801 253 804 1563 757 1591 767 112 784 806 237 264 1562 703
1105 1146 1150 1148 1115 1110 433 1183 1149 1078 434 1175 1112 1272 1133 1173 1083 1198 1104 1182
61 218 41 220 107 198 751 80 51 809 771 753 1530 90 752 789 1486 820 1534 1471
466 1021 897 1061 888 1042 986 896 484 1085 1022 493 440 1038 428 1066 482 991 1057 481
1576 1610 1579 1560 1624 733 664 128 1587 745 1644 1561 175 134 1599 1642 1614 1573 1552 181
67 1535 786 124 73 64 203 1527 61 156 42 69 1567 803 771 218 159 1504 1561 781
656 684 292 250 1626 311 696 1565 1631 661 1579 1641 1348 1355 1376 625 1575 652 710 699
83 789 49 198 746 181 763 1538 1472 246 815 106 82 1552 188 184 801 1515 230 831
