560 669 649 637 255 594 231 218 521 180 181 211 663 666 536 239 672 187 617 632
245 682 688 593 659 598 567 563 538 661 569 677 553 515 536 172 239 230 233 670
407 448 48 397 109 81 435 479 477 367 7 76 313 398 49 392 325 43 90 456
364 417 425 376 346 348 78 438 96 368 375 394 349 431 432 21 3 341 77 363
259 490 502 715 134 284 182 167 459 627 452 133 464 157 617 258 267 147 526 480
79 319 14 396 470 465 381 442 450 383 74 344 95 25 400 422 49 392 417 287
99 421 448 322 467 120 470 351 124 429 56 117 485 487 457 123 357 79 10 97
369 454 391 379 39 171 362 56 480 63 405 166 40 154 3 24 336 0 52 133
250 712 600 599 523 656 519 716 578 562 717 174 570 268 514 231 647 267 627 177
236 609 224 591 561 530 541 209 215 585 665 663 199 568 237 632 253 232 187 537
403 451 361 408 383 320 23 375 481 466 425 136 329 50 1 353 406 66 423 470
101 282 485 309 431 303 120 81 147 84 474 83 299 69 444 432 146 261 461 422
245 672 514 646 266 595 250 703 227 580 629 492 628 253 257 622 630 671 680 241
225 244 257 644 712 658 533 222 643 630 682 653 661 715 204 499 506 513 200 509
522 621 499 717 271 222 656 233 571 701 623 651 635 710 544 261 683 590 626 542
209 246 620 494 627 669 230 635 228 632 199 700 210 217 222 226 717 670 531 496
624 701 191 677 571 231 184 619 623 540 234 536 183 667 226 252 534 655 512 593
170 702 239 602 546 528 525 173 665 488 519 571 111 535 149 129 543 704 245 699
593 684 574 173 674 585 588 687 700 587 518 625 665 581 255 654 646 628 711 215
217 243 632 638 706 255 621 191 190 210 655 657 690 649 523 688 506 656 223 642
21 63 315 66 46 298 418 360 44 415 313 406 60 97 337 89 96 8 411 410
74 396 364 438 70 461 45 61 455 88 314 48 370 328 51 105 458 38 409 102
384 451 33 449 34 47 447 428 414 125 404 151 390 114 39 167 68 470 329 424
686 715 187 183 589 667 593 633 175 516 694 652 218 630 658 641 573 707 703 211
537 568 671 586 543 517 648 582 695 510 638 688 584 683 554 667 675 670 608 698
312 447 131 471 359 477 16 365 38 395 146 428 289 20 21 389 142 55 35 327
246 266 267 685 665 629 250 258 696 226 238 255 490 478 245 514 493 210 717 632
8 386 331 288 310 416 57 454 20 287 83 15 434 292 402 307 372 300 412 18
267 514 529 258 530 487 507 532 539 508 499 489 249 521 501 625 287 518 541 540
509 529 520 533 536 551 555 255 629 524 264 248 566 497 279 564 229 249 239 696
324 360 402 65 427 96 398 36 381 442 71 13 438 411 1 334 418 34 439 81
543 568 536 615 651 691 680 637 643 632 521 526 575 666 646 565 535 574 661 617
495 520 681 276 496 267 628 530 273 622 620 523 627 623 130 268 531 639 124 497
544 654 213 564 693 646 664 569 539 659 549 684 533 525 699 690 625 246 629 603
541 609 580 640 679 585 569 617 613 630 676 524 648 555 578 579 246 664 620 627
266 491 113 161 467 137 147 182 127 481 517 513 123 262 278 132 140 718 183 288
586 653 699 211 669 538 661 608 546 557 534 554 559 668 684 698 578 632 249 577
115 166 99 81 173 152 160 114 111 468 175 193 178 451 291 168 464 155 187 483
23 307 322 7 297 407 49 314 313 11 312 345 346 0 66 375 402 387 420 42
544 613 698 654 225 709 592 593 690 579 647 559 635 664 520 689 543 573 533 555
5 292 366 112 424 281 396 293 16 426 328 58 79 280 329 357 70 116 455 374
665 682 655 171 623 614 517 637 609 552 540 572 178 553 561 615 604 668 657 251
244 658 634 685 632 613 208 509 684 537 192 261 528 648 493 656 553 567 593 574
59 360 333 315 327 359 442 39 424 363 394 419 101 318 1 35 332 389 5 80
383 431 68 329 73 473 80 467 91 430 324 32 67 126 27 413 8 378 371 440
310 320 48 433 339 10 291 299 41 19 327 98 88 56 297 333 21 450 24 65
335 436 439 380 298 384 315 365 133 400 93 440 421 346 467 51 442 78 407 459
135 179 431 662 114 496 708 665 667 666 165 637 95 162 113 91 634 450 486 678
67 303 290 328 424 360 401 325 365 308 36 5 322 2 11 100 406 367 381 37
550 656 620 630 244 645 234 616 661 650 672 214 684 704 699 248 667 591 528 624
384 446 324 339 151 21 363 14 453 122 329 15 30 54 410 29 370 487 11 419
663 677 220 259 584 717 177 185 229 661 662 611 173 598 583 705 647 529 223 174
599 686 237 181 699 604 545 575 677 589 211 645 623 646 606 169 253 697 673 680
43 285 78 478 18 266 65 437 312 83 88 303 272 414 57 379 416 377 484 64
199 227 677 232 637 695 648 675 681 667 690 177 654 244 689 662 241 190 195 228
255 682 616 500 706 486 271 482 664 560 573 697 492 507 233 675 647 479 487 278
273 285 515 462 103 251 477 471 72 71 51 467 514 80 70 104 259 114 73 294
606 701 673 629 530 628 231 646 699 262 651 566 562 558 596 542 170 574 184 609
498 519 685 636 688 258 259 614 277 550 274 534 278 511 503 234 232 183 504 263
141 486 106 113 456 93 509 187 448 275 131 466 440 443 246 179 437 460 180 446
12 391 418 438 356 346 48 357 430 74 401 386 287 296 51 439 454 382 3 25
547 640 227 702 572 245 643 655 681 242 191 228 199 553 713 639 706 622 662 184
64 103 152 138 453 359 10 354 403 150 61 488 84 79 443 122 322 63 408 372
544 559 539 659 575 595 626 642 617 567 616 545 532 601 576 689 682 675 549 679
88 341 304 75 452 56 397 413 422 349 371 469 460 444 482 348 33 111 404 83
650 694 581 547 623 637 543 668 182 601 579 696 243 524 225 233 704 252 246 533
69 350 284 440 99 304 18 32 400 283 381 71 399 338 407 72 394 377 89 432
698 716 526 567 631 584 614 601 690 626 174 258 183 252 628 175 535 556 670 642
217 696 521 610 700 236 220 210 589 170 189 679 617 228 710 664 238 204 247 711
55 401 321 98 57 404 386 100 422 453 361 345 22 459 397 442 452 366 284 426
359 370 72 444 404 69 320 439 361 316 16 325 380 412 341 427 391 442 334 423
175 637 490 569 192 705 581 191 256 606 718 635 653 667 658 232 130 715 711 576
268 474 509 450 288 169 172 163 152 266 517 81 481 520 506 475 508 89 166 525
15 311 66 80 394 426 23 36 28 64 38 421 286 45 328 397 296 284 44 383
63 360 404 379 28 400 380 367 445 368 457 290 393 295 20 421 327 335 374 411
576 694 254 697 629 655 663 673 678 685 570 662 175 229 717 660 557 592 523 679
590 611 601 616 617 638 527 551 552 701 630 559 545 549 566 717 716 687 239 250
569 698 655 670 601 621 230 545 635 714 576 616 530 685 529 597 706 225 546 669
193 626 709 681 583 188 229 715 573 564 522 169 714 673 675 694 708 710 657 256
13 78 449 458 437 314 312 357 54 6 316 39 395 326 59 318 337 372 101 348
212 678 618 565 644 701 698 248 205 594 561 663 202 235 191 683 537 634 615 607
8 287 403 266 129 389 11 44 375 0 316 489 486 458 478 411 302 108 378 359
552 595 693 543 604 525 636 712 626 526 663 618 708 554 561 556 522 646 687 568
145 169 435 470 714 694 489 491 689 120 460 166 487 165 707 716 158 693 184 465
47 284 431 438 462 378 394 27 54 306 55 400 296 86 80 65 60 287 466 360
21 329 428 406 393 38 308 291 391 306 366 51 60 55 9 426 383 12 18 341
488 509 108 276 270 499 272 100 261 507 134 469 471 517 109 452 503 491 280 186
94 459 346 426 178 67 401 55 321 141 116 347 436 468 417 466 127 275 129 420
350 408 338 23 373 6 12 452 325 20 372 73 25 339 316 32 26 441 438 95
651 675 624 657 588 549 184 708 672 608 590 707 668 170 545 175 255 682 228 533
68 345 39 453 411 30 320 62 319 295 84 414 60 47 367 4 75 355 43 439
255 690 571 234 645 607 554 501 718 170 172 619 698 634 496 516 181 508 182 494
145 170 137 181 104 173 186 133 433 129 442 162 150 694 89 441 144 164 158 444
95 309 77 303 478 2 142 408 466 439 298 432 426 24 291 70 310 152 284 339
658 682 535 625 254 717 662 676 673 547 651 624 679 638 565 240 647 542 582 708
128 440 103 97 452 318 105 396 464 473 58 331 475 78 378 461 131 101 467 52
654 701 677 651 686 247 679 551 174 576 180 528 542 218 610 522 668 544 669 249
307 338 378 28 308 297 430 68 303 312 374 335 11 281 46 320 54 103 87 343
232 528 562 608 659 652 516 699 504 239 560 636 697 660 621 628 694 507 708 195
455 481 399 473 255 254 384 292 416 168 54 393 179 119 504 491 163 186 381 176
166 195 466 480 487 129 217 488 167 453 219 665 225 172 637 449 234 148 206 224
230 657 616 534 194 594 548 188 677 526 641 203 553 652 590 557 629 561 528 535
42 361 352 299 82 301 8 349 66 327 1 373 378 427 67 97 23 73 291 348
283 303 316 279 454 302 320 282 104 118 285 119 90 2 485 265 77 476 20 335
121 453 365 416 101 128 154 492 439 403 469 478 88 151 362 139 138 70 164 475
592 713 682 604 661 582 708 667 714 578 710 584 253 718 693 554 626 670 591 614
22 380 366 416 48 44 451 5 308 299 367 11 344 318 21 369 301 39 338 40
44 435 364 57 471 351 95 475 6 45 338 426 132 312 377 341 478 400 299 336
331 350 338 435 27 25 358 389 437 403 83 73 39 434 414 371 363 416 9 382
147 491 174 119 143 89 125 457 104 133 172 439 503 118 452 441 280 490 97 510
70 398 450 286 426 66 342 436 85 12 78 32 86 451 371 36 284 302 339 345
544 660 676 631 190 669 548 543 223 185 204 616 598 692 255 705 552 228 551 235
140 172 630 466 86 706 153 714 703 194 127 469 687 707 134 699 199 98 142 675
262 518 541 493 634 623 620 632 283 284 516 674 536 495 684 499 639 524 504 644
52 61 1 48 28 360 389 68 314 78 423 373 336 294 17 354 0 5 385 309
235 255 612 198 187 662 665 195 208 528 607 631 477 509 648 641 686 488 717 476
267 284 455 457 510 465 79 81 310 105 313 285 273 107 101 283 305 63 462 266
189 216 179 207 202 658 233 250 672 659 212 645 683 241 682 637 245 197 211 186
539 659 230 617 682 640 195 512 219 239 563 566 612 193 581 520 575 649 536 530
208 245 511 608 522 216 260 671 210 717 705 652 530 184 626 536 702 253 677 698
89 104 118 309 136 292 163 285 151 416 441 485 119 85 52 474 103 111 125 157
47 378 344 46 304 81 433 57 376 26 14 89 411 372 341 60 40 406 310 55
64 459 168 303 283 85 474 491 27 393 452 56 421 15 450 48 371 489 161 153
138 442 379 79 144 174 400 351 140 485 133 437 65 487 166 426 159 139 46 412
482 495 463 453 459 504 506 272 96 438 162 470 460 238 131 147 135 92 89 251
84 364 442 78 375 299 57 311 6 318 374 385 388 379 402 65 308 35 363 382
260 481 133 695 149 504 632 116 111 507 97 99 639 488 617 624 144 638 717 274
29 367 418 45 406 70 434 75 443 326 83 437 427 347 47 407 41 413 316 395
115 292 149 160 71 478 119 169 312 7 53 76 444 302 447 450 45 293 12 86
48 366 72 354 407 58 55 4 344 36 415 438 60 328 373 284 20 313 288 25
439 483 376 131 102 471 116 281 272 81 135 453 415 335 269 390 402 61 280 505
550 678 252 245 638 235 225 545 712 696 553 584 557 622 645 681 665 218 548 232
151 442 71 92 478 90 474 460 62 347 488 348 84 392 375 113 98 143 329 321
204 241 627 253 222 671 257 509 188 718 650 636 233 514 604 515 501 179 614 611
33 64 325 83 324 303 344 365 385 347 89 1 36 367 23 16 10 301 401 307
178 203 230 494 467 638 490 159 152 131 161 199 137 696 706 679 628 697 190 676
633 709 645 543 654 576 590 518 254 578 704 539 594 697 621 659 185 579 647 581
82 419 310 379 53 76 403 49 92 28 473 378 81 26 66 125 467 17 84 284
254 623 655 185 263 237 562 542 264 559 589 670 255 522 256 521 532 580 495 653
88 320 3 356 282 330 126 353 127 90 453 45 484 80 1 334 48 431 379 435
58 320 81 0 337 30 373 11 452 462 399 405 332 74 333 427 21 310 418 400
188 200 638 627 639 665 191 178 687 154 217 672 686 660 205 634 628 623 626 177
335 442 74 98 454 470 484 399 76 400 389 30 404 70 304 424 364 133 320 419
685 702 613 587 552 673 638 566 241 181 218 185 179 627 173 612 214 686 177 664
70 405 51 338 47 452 366 287 432 358 446 286 32 375 383 427 316 65 101 67
306 321 302 362 14 58 87 337 282 39 47 438 19 8 349 89 353 18 51 17
666 685 539 640 180 518 632 564 674 196 710 545 699 206 715 227 234 688 242 687
341 374 0 337 22 11 436 48 12 36 351 450 93 308 359 432 303 84 79 442
11 296 311 410 323 432 25 436 387 356 38 85 331 83 62 42 12 27 367 51
17 322 9 388 369 332 327 334 86 338 384 362 22 314 318 389 386 367 0 10
