1869 2031 1998 1932 2048 1924 1901 1963 1787 1958 1904 1897 1954 1878 1934 1818 2005 1931 1830 2069
1580 1606 2086 1727 1587 1600 1581 1641 1560 1574 1543 2088 1757 1550 1746 1508 1656 1653 1514 1561
2252 2269 2254 2228 2259 2604 2593 2654 2290 2596 2246 2265 2647 2238 2637 2632 2245 2614 2255 2631
1909 1941 1985 2069 1788 1911 1860 1963 1923 1972 1875 1822 2021 1943 1958 1971 1978 1856 1863 2071
349 369 438 446 422 337 352 295 351 291 455 468 316 462 229 460 400 240 406 341
137 3038 74 2978 3076 3003 2831 3071 203 2967 14 321 3059 155 3125 430 166 2835 273 431
1569 1639 1581 1757 2158 1617 1613 1632 1679 1676 1702 1688 1559 1527 1615 1728 1701 1667 1643 1564
2808 2852 245 205 2803 288 2850 2907 157 2784 175 178 2839 2780 142 2771 159 2910 39 2779
2982 2991 2807 124 296 266 251 2792 139 43 2957 33 2994 232 6 157 3038 322 111 288
1725 2085 1683 1709 1589 2128 1831 1747 1713 1817 1526 1749 1797 2140 1560 1538 1795 1558 1805 1586
195 2823 2794 87 287 2836 162 240 159 241 2961 270 146 2812 2899 2796 2841 52 3017 2759
101 2878 3000 2922 2989 2864 3131 49 175 3022 184 2778 242 138 253 156 23 263 128 16
2333 2349 2413 2369 2348 2308 2491 2539 2568 2586 2488 2541 2540 2326 2315 2416 2561 2545 2427 2409
1340 1439 1505 1379 1359 1221 1367 1276 1344 1368 1493 1303 1306 1489 1457 1298 1249 1343 1430 1354
2372 2395 2364 2319 2330 2379 2400 2567 2410 2450 2571 2566 2404 2491 2543 2427 2317 2529 2335 2515
1269 1395 1499 1404 1422 1232 1281 1494 1224 1492 1241 1351 1427 1399 1502 1425 1222 1253 1297 1415
426 3026 2817 271 83 2818 2969 2987 391 77 530 322 439 320 356 384 297 2831 385 3049
2380 2416 2335 2420 2326 2573 2505 2448 2440 2323 2327 2509 2557 2533 2332 2480 2504 2559 2461 2553
2871 2986 101 177 2990 2798 2889 332 87 2860 13 289 140 123 2903 26 246 230 200 86
1357 1427 1335 1434 1401 1362 1471 1405 1255 1423 1509 1381 1271 1485 1380 1456 1462 1421 1441 1334
2584 2597 2571 2601 2559 2528 2378 2265 2287 2301 2296 2530 2300 2320 2349 2281 2335 2557 2650 2369
265 2981 2982 248 152 451 44 141 447 47 2970 73 2923 308 2935 317 86 343 89 363
557 621 510 677 539 535 473 639 503 560 590 589 563 660 491 680 508 628 547 532
456 493 541 678 638 513 253 435 671 670 446 431 286 517 617 483 419 489 418 2959
117 2826 187 40 22 3120 165 2969 2757 3038 2963 2911 2982 66 73 2843 2983 2763 204 119
310 3055 127 349 386 2840 3074 429 3013 3084 2927 132 348 223 342 2842 385 446 100 2997
1892 2065 1940 1797 1780 1987 2083 1783 1641 1855 1815 1988 1965 1919 2025 2067 1916 1845 1850 2040
2985 3020 124 190 2808 263 27 3053 3029 266 3048 2846 113 289 224 32 2875 2991 320 2893
678 700 482 680 665 684 664 470 638 666 722 479 562 618 473 695 531 708 761 687
2618 2633 2566 2263 2564 2634 2604 2648 2658 2653 2638 2272 2581 2612 2608 2617 2579 2281 2591 2273
2881 2922 300 20 2973 156 2933 296 2854 3007 408 59 2815 2822 2807 2890 2806 192 2796 208
1886 1902 1914 1906 1907 2031 1847 2059 1845 1883 2015 1872 2075 1850 1909 1900 1846 1817 1946 1867
410 2983 407 136 221 96 180 2889 254 2900 2960 2856 307 63 3014 87 2969 438 340 2963
2897 2975 2824 296 38 2896 2983 2950 2 261 389 69 2864 213 5 256 2826 2819 229 2939
191 3031 310 2810 2821 2813 286 44 3096 3079 158 291 225 313 3078 2830 3098 209 141 220
28 2996 2909 63 318 2845 2911 3113 113 2864 240 156 2876 3003 2825 275 2883 2775 138 3074
1511 1563 1626 1527 1433 1625 1613 1742 1744 1760 1644 1574 1616 1615 1591 1441 1261 1475 1493 1739
1651 1690 1665 1598 1596 2070 1720 1606 1847 1705 2169 1841 2066 1823 2160 2134 2074 1712 2050 1724
1287 1446 1289 1469 1338 1239 1361 1503 1378 1355 1219 1251 1351 1396 1397 1399 1372 1328 1233 1307
1804 2065 1643 1991 1869 2041 1652 2038 2062 1759 2031 1742 2086 1972 1823 1916 1910 1775 1761 1798
2817 2979 119 2783 199 50 96 149 3025 62 3029 425 120 179 160 71 2977 2811 242 130
2549 2583 2346 2345 2278 2324 2414 2385 2456 2331 2433 2565 2425 2472 2453 2546 2571 2540 2404 2556
1648 2152 1819 1839 1721 1596 1593 1849 2162 1608 1644 1674 1716 2066 2070 1566 2130 2161 1539 1575
218 2865 3072 3054 2969 2901 1 2937 411 2834 74 3055 3001 2907 0 282 3056 2903 3060 199
1816 1901 1810 1854 1811 1952 1935 1717 2104 1653 1959 1855 1861 1859 1886 2032 1716 1830 1891 1903
2647 2674 2254 2687 2624 2627 2621 2588 2244 2708 2712 2681 2729 2694 2609 2710 2607 2670 2252 2619
2672 2700 2673 2715 2653 2701 2659 2725 2691 2721 2655 2651 2711 2666 2641 2652 2729 2736 2704 2697
1176 1196 1103 1223 1089 1129 1112 1120 1131 1138 1100 1198 1124 1095 1076 1092 1091 1205 1151 1233
1227 1482 1389 1380 1288 1512 1365 1452 1200 1263 1198 1519 1390 1353 1444 1454 1502 1487 1516 1196
2813 2886 3015 2992 2803 2760 2794 242 8 272 166 2756 292 97 23 2830 2749 2904 156 67
1524 1585 1563 1551 1533 1546 1646 1596 1744 1613 1617 1738 1504 1757 1743 1597 1536 1518 1635 1759
699 735 756 692 746 602 452 768 721 693 594 674 781 555 723 453 729 771 687 544
2267 2282 2260 2610 2581 2602 2371 2579 2578 2616 2369 2629 2626 2235 2368 2364 2257 2313 2590 2240
853 956 996 1008 978 946 885 796 899 919 816 947 799 942 781 893 993 868 876 783
1258 1499 1527 1488 1429 1512 1394 1531 1459 1239 1263 1285 1432 1418 1288 1496 1251 1513 1286 1520
208 2980 2945 2917 295 2842 270 2882 245 2914 282 2970 154 164 21 183 2959 2892 3015 394
162 3038 3056 3115 279 207 2866 3118 2883 245 24 109 2850 229 285 191 3122 316 147 214
445 524 415 438 465 2953 2925 291 430 572 579 357 590 283 655 609 664 693 297 639
222 266 61 2870 2893 425 2980 154 331 146 304 406 3050 443 263 2985 461 97 432 211
768 835 777 807 819 839 904 892 825 803 752 901 756 790 876 716 872 841 724 733
1802 1848 1736 1761 2055 1770 1643 1641 1650 1797 2100 1918 1673 2107 2084 1746 1937 1917 1832 1873
209 3058 2873 303 305 2867 2953 425 435 92 130 3027 2855 3009 102 2945 2965 420 28 2952
1737 1804 1637 2082 2105 1781 1782 1977 1976 1591 1805 1808 1745 1598 1852 1537 1621 2072 1958 1525
2299 2318 2381 2301 2409 2415 2559 2286 2348 2384 2317 2287 2285 2323 2274 2341 2554 2302 2293 2582
157 2880 2835 200 278 176 2888 312 2879 12 36 3047 95 289 215 2915 3021 2864 110 98
467 497 670 318 327 353 2954 669 621 688 673 457 537 690 529 519 624 496 653 547
90 3085 81 216 2993 2969 3017 56 88 141 73 2976 3073 2869 20 3067 3136 3094 161 3121
1103 1181 1203 1217 1227 1231 1128 1125 1100 1131 1229 1139 1075 1070 1042 1207 1172 1201 1058 1069
1359 1393 1396 1466 1402 1374 1498 1435 1458 1344 1333 1429 1478 1431 1299 1336 1373 1301 1360 1280
1022 1042 1009 1075 1105 1106 1091 988 1048 1016 1097 922 910 931 914 982 989 1046 1109 1002
461 2955 468 244 2919 492 654 413 442 745 2921 522 242 235 501 666 658 462 408 2983
953 1010 938 865 937 974 1048 1057 1035 952 948 992 1036 943 898 911 872 908 993 1042
3107 3120 3071 3059 107 171 3097 85 3077 3096 162 10 58 13 3117 113 4 69 125 2
2810 2836 2787 3057 2847 157 147 236 19 221 2994 6 3037 2800 2872 158 266 3000 1 272
1282 1457 1210 1268 1509 1404 1387 1280 1501 1364 1440 1299 1249 1376 1447 1415 1413 1290 1469 1468
2728 2752 2817 2677 2708 2796 2689 2716 2722 2813 2811 2667 2679 2782 2785 2731 2732 2820 2740 2773
248 373 410 210 3052 2986 3006 365 357 419 3071 229 2932 270 3018 2886 213 2877 2957 236
1336 1453 1421 1377 1292 1388 1381 1467 1479 1327 1245 1475 1497 1277 1295 1294 1387 1431 1299 1367
0 3072 2989 75 220 3058 283 174 2982 202 3012 3047 2850 2993 250 2817 221 99 3085 2822
2885 2923 2833 171 32 431 238 173 117 216 96 3002 9 2956 204 210 2790 2783 2826 2776
76 2833 2808 3034 3056 173 50 2780 2798 167 279 3008 2964 97 3105 2877 93 2755 3011 187
185 3097 3013 3059 2976 2868 2980 138 30 207 85 111 130 6 3055 2993 118 152 2871 242
209 2828 2860 2839 2997 267 3084 65 3018 2988 3075 68 2843 3009 426 14 35 64 27 205
1889 2049 1926 1842 1656 2006 1838 1841 1961 2013 1825 1947 2036 2052 1882 2009 1654 1898 1887 2007
1520 1610 1755 1590 1527 1710 1754 1536 1575 1533 1555 1732 1486 1659 1605 1643 1636 1577 1504 1609
2968 2992 247 114 176 396 171 15 2816 2979 278 295 306 393 2804 246 220 259 2901 402
1671 2109 1843 2148 1668 1714 1626 1622 2182 1647 1713 2128 1697 2112 2169 1863 2062 1715 1800 1806
1100 1177 1157 1228 1071 1132 1196 1229 1043 1175 1160 1209 1161 1126 1207 1194 1148 1223 1124 1080
324 2948 411 35 399 238 440 307 2910 332 2971 290 48 277 328 294 444 401 314 2969
538 613 593 703 652 589 535 640 476 662 606 614 673 459 558 448 513 521 491 567
2283 2343 2619 2580 2542 2372 2288 2323 2404 2359 2272 2557 2390 2351 2600 2322 2635 2569 2555 2268
2273 2292 2643 2330 2556 2269 2616 2555 2334 2317 2328 2374 2341 2642 2631 2366 2281 2376 2587 2588
2818 2912 69 125 2840 2944 129 2766 2748 2882 58 2802 51 80 56 3020 2765 89 2754 2858
2291 2319 2343 2372 2555 2298 2612 2330 2277 2314 2399 2551 2360 2571 2391 2405 2297 2279 2550 2580
2246 2273 2588 2261 2583 2613 2290 2635 2247 2634 2580 2598 2599 2628 2647 2263 2577 2645 2285 2590
2828 2976 313 3009 176 2838 2895 2973 2815 447 67 2809 424 2821 332 158 212 237 3001 89
1582 1629 2111 1626 1692 1602 1562 1719 1708 1625 1535 2166 1753 2175 1740 1656 1600 1616 1670 1613
1728 2131 2099 1550 1531 1693 2183 1620 2188 1653 2130 2109 1737 2144 2141 1695 1602 2162 2185 1624
2323 2402 2540 2431 2488 2334 2423 2414 2494 2326 2452 2325 2281 2435 2482 2319 2483 2493 2505 2518
38 191 9 2951 3024 159 2888 2869 132 2839 183 144 2871 3015 2974 2837 60 2865 2856 2957
587 730 604 644 567 626 528 619 666 584 592 656 593 568 628 685 733 719 612 581
468 494 605 339 601 349 562 538 646 485 534 2966 337 471 438 533 348 738 420 497
228 2845 431 3050 3060 413 178 2875 3019 3036 2939 2954 2779 2852 146 239 2883 387 404 8
2438 2535 2538 2428 2345 2574 2427 2409 2518 2552 2430 2342 2495 2562 2468 2469 2445 2461 2400 2474
853 892 847 785 978 943 997 923 1007 872 895 903 824 913 977 802 823 937 882 791
1914 2004 1979 2023 2029 1960 1927 1843 2060 1926 1978 1841 1862 2068 1855 1830 2065 1859 1878 1973
208 432 359 738 5 2988 321 2961 67 265 2858 65 133 3036 361 3034 152 3027 263 2894
16 2871 2963 3108 35 2795 2800 202 2994 59 126 2969 2962 3098 3037 223 237 2835 2883 2886
806 852 883 938 896 913 923 807 943 873 778 821 782 762 755 907 893 811 862 861
1643 2086 2129 1809 1796 1660 1668 1641 2056 1681 1561 1644 1639 1544 1551 1564 1690 1836 1605 1663
2485 2546 2531 2526 2380 2369 2390 2507 2404 2372 2349 2482 2459 2476 2406 2451 2605 2366 2582 2332
2809 2856 102 127 2997 146 227 3020 185 2791 106 137 207 43 3002 2985 3033 2875 2759 155
1023 1049 987 993 1009 1086 1089 976 913 1103 1111 1035 1117 1100 1133 1048 997 984 1015 1063
189 273 86 2994 2879 186 2836 3005 319 148 164 2979 436 36 79 2887 226 324 448 2971
2346 2580 2348 2384 2367 2440 2531 2345 2377 2424 2391 2319 2341 2524 2606 2642 2285 2554 2629 2628
592 608 733 722 682 620 683 533 483 706 627 530 577 567 546 659 486 664 614 645
1663 2153 1713 1840 1860 1619 1628 1699 1849 2138 1833 1679 1825 1650 1839 2181 2092 2201 2143 2180
1537 1729 1633 1599 2169 1585 1752 2145 2172 1499 1718 1578 1532 1759 1661 1763 1581 1592 2084 1503
694 734 474 527 772 575 766 580 705 451 777 687 758 605 779 696 749 449 468 448
125 174 3030 3037 2864 2967 80 3091 2853 3127 2873 2996 152 3129 2841 194 2882 2989 2917 130
304 2960 2900 431 391 310 217 2875 296 526 37 2942 460 2953 79 373 3010 506 21 311
2718 2743 2733 2717 2723 2765 2690 2696 2692 2727 2705 2720 2747 2703 2778 2748 2688 2803 2700 2781
101 2994 2823 2984 2995 78 70 3032 2996 3039 2974 3022 3063 239 2998 120 140 2866 2897 236
2043 2062 1865 2004 2077 1927 1975 1926 1646 1668 2000 1821 1788 1776 1937 1948 1981 2078 2035 1824
105 159 3034 4 3099 3019 2888 2883 157 2864 114 238 3017 52 27 141 57 9 5 2975
67 2907 3082 114 184 2911 241 2991 26 182 2807 2926 110 2872 233 95 108 3104 2905 2816
45 108 29 2825 2906 2821 16 3042 149 32 2894 189 2884 207 187 3093 122 182 118 2931
227 2846 239 2946 3065 62 2811 2812 2924 2800 249 2866 215 413 380 2874 2789 409 3010 166
2005 2029 2049 1962 2044 1912 1937 1915 1971 1899 2031 1871 1879 1889 2050 1934 1952 1974 2036 1983
2419 2522 2429 2385 2466 2476 2450 2339 2489 2524 2566 2453 2322 2553 2576 2506 2575 2505 2446 2451
321 433 310 531 401 2918 2986 2927 2950 2880 2874 2968 2949 2945 353 337 376 2967 309 2966
455 490 2956 659 275 546 2969 617 639 261 2965 471 658 249 446 482 242 444 390 2962
2296 2616 2260 2584 2318 2632 2284 2607 2340 2264 2273 2637 2564 2648 2567 2286 2331 2611 2588 2579
1 78 3088 2960 2969 99 81 3 2840 3085 3034 2896 41 2878 2845 104 3036 2876 165 187
375 421 2961 373 297 278 279 2973 2959 389 252 469 293 324 243 365 2943 218 281 215
2332 2388 2328 2526 2324 2353 2423 2527 2427 2561 2316 2311 2584 2358 2357 2329 2432 2419 2533 2443
2846 2892 2808 252 78 20 198 2989 87 2955 2786 2981 269 226 155 107 2872 264 2939 315
894 998 951 1027 1012 946 875 836 963 1028 841 999 848 885 880 1054 854 970 1031 1020
2577 2592 2427 2536 2273 2564 2425 2284 2441 2563 2321 2278 2276 2522 2326 2380 2616 2428 2602 2520
232 290 2973 3038 24 268 108 149 126 3035 6 410 3025 211 215 242 374 3042 105 2862
617 639 607 648 502 688 559 646 671 520 498 514 545 686 625 572 508 549 566 685
301 2863 303 3046 228 48 425 133 3034 384 19 112 391 3031 2810 2939 164 156 2940 452
1650 2080 1635 2054 1943 1792 2141 2096 1591 2089 1947 1622 2060 1692 2073 1632 1678 1599 1670 2052
2313 2396 2397 2549 2585 2558 2337 2583 2457 2381 2546 2424 2348 2485 2327 2380 2456 2493 2413 2300
2026 2074 1712 2008 1803 1916 1802 2040 1877 1883 1956 2087 1910 2044 1780 1669 1875 1645 1856 1943
1614 1724 2079 2109 2167 1687 1668 2177 1596 2121 1743 2171 1674 2103 1582 2145 1622 1603 2165 1562
1797 1944 1956 1733 2111 1978 1775 1772 1838 1771 1917 1756 1913 2009 1893 1747 1807 1805 1958 2043
477 562 644 592 665 606 641 642 687 681 540 531 528 536 441 670 508 582 450 447
1787 2102 2092 2032 1922 1781 1839 1761 1740 1721 1796 1920 1666 1676 1683 1803 1804 1756 2136 1961
52 2895 2934 2983 2933 2875 2929 3069 274 2930 3073 2861 2835 2917 250 19 217 102 312 218
