2668 2737 2487 2446 2354 2767 2766 2416 2413 2661 2453 2418 2410 2521 2657 2386 2686 2692 2438 2761
1494 1510 1417 1477 1517 1438 1422 1518 1509 1429 1476 1539 1416 1501 1526 1441 1512 1498 1423 1439
157 3417 107 213 3406 3414 3380 199 174 65 3447 3431 170 89 3409 75 3438 190 31 221
5 3475 192 3415 3398 3401 93 3335 3331 74 69 31 3458 3416 3407 3338 3347 207 3412 58
2180 2205 2192 2083 2155 2243 2054 2195 2237 2220 2058 2160 2200 2076 2238 2068 2194 2222 2153 2186
2539 2593 2589 2500 2551 2574 2658 2526 2546 2530 2532 2493 2496 2581 2612 2503 2756 2576 2565 2511
59 3315 47 188 3383 200 3442 3374 108 3448 3297 53 172 8 3366 3379 3439 17 3360 3456
81 187 169 3443 206 227 3407 21 3362 237 248 3333 3410 178 46 158 3358 3420 3457 3455
610 622 647 663 623 724 660 625 571 633 561 546 598 656 632 595 606 638 550 544
2965 3025 3037 2822 2987 3024 2931 2960 2815 2816 3018 2943 3010 3063 3001 2971 2964 3015 3051 3006
1823 1845 1842 1758 1807 1859 1803 1763 1813 1783 1756 1826 1814 1793 1817 1833 1882 1777 1856 1824
1961 2003 1998 1950 2024 1934 2041 1993 1939 2044 1935 1937 2028 1996 2049 1946 2029 1986 2018 1966
1336 1391 1340 1204 1321 1319 1347 1404 1361 1205 1305 1416 1380 1197 1379 1408 1389 1377 1232 1217
617 659 605 613 731 655 572 641 675 666 696 562 644 701 637 670 750 662 831 752
3071 3128 3103 3074 3089 3119 3179 3036 3175 3087 3096 3047 3052 3073 3117 3034 3152 3131 3032 3046
1332 1390 1297 1392 1414 1417 1352 1335 1426 1341 1307 1359 1399 1402 1353 1425 1432 1309 1327 1376
3045 3133 3018 3171 3077 3074 3041 3137 3087 3130 3003 3070 3080 3187 3185 3150 3094 3085 3145 3155
2577 2653 2516 2597 2486 2505 2638 2591 2373 2507 2609 2405 2383 2539 2693 2608 2561 2374 2551 2351
1703 1724 899 998 1668 1661 967 973 854 842 1005 1740 1755 970 886 914 958 1713 1727 1754
337 345 347 361 331 360 336 353 369 346 394 357 367 317 355 339 375 395 316 350
1341 1406 1420 1334 1188 1422 1222 1434 1425 1310 1322 1216 1424 1398 1193 1198 1325 1218 1344 1320
815 836 710 826 1737 874 728 790 692 890 866 1717 901 816 674 808 740 719 844 1733
2329 2359 2433 2289 2446 2284 2398 2417 2645 2423 2351 2428 2672 2320 2381 2393 2278 2375 2323 2309
83 151 3410 3355 3367 3394 3316 61 145 3395 112 32 114 3322 3388 63 3376 26 152 80
2402 2450 2749 2644 2488 2680 2637 2700 2387 2438 2445 2505 2753 2683 2461 2474 2439 2395 2736 2430
1081 1132 975 1154 1116 961 916 1143 958 937 1102 1073 960 1090 918 949 1077 974 1183 1179
1220 1339 1393 1346 1378 1224 1209 1237 1174 1282 1406 1243 1193 1250 1386 1304 1177 1286 1194 1214
2531 2764 2430 2529 2786 2578 2753 2481 2547 2667 2642 2741 2797 2450 2489 2674 2568 2476 2542 2479
1240 1311 1283 1203 1393 1352 1364 1265 1229 1280 1297 1319 1236 1382 1223 1417 1210 1298 1362 1213
2379 2454 2347 2387 2453 2763 2742 2688 2479 2405 2489 2741 2345 2690 2480 2756 2333 2501 2321 2478
2315 2361 2423 2395 2687 2403 2670 2677 2638 2434 2461 2351 2676 2314 2347 2650 2321 2416 2422 2391
417 440 479 474 400 465 481 441 445 489 444 434 473 454 421 450 412 429 461 475
76 3315 3339 3454 178 3453 3462 3479 214 118 222 43 112 160 174 20 129 180 3461 121
2612 2656 2682 2552 2652 2613 2549 2736 2509 2409 2528 2346 2655 2747 2631 2540 2567 2515 2535 2618
635 655 739 820 729 608 737 612 720 659 710 666 631 722 723 817 705 740 734 716
1563 1585 1580 1581 1562 1557 1579 1559 1587 1561 1542 1582 1586 1560 1546 1588 1571 1567 1568 1589
220 3423 141 226 271 28 3323 3352 3348 19 3337 3386 3465 221 3362 3456 3315 3305 3 3311
1575 1582 1589 1583 1584 1574 1588 1568 1548 1559 1562 1560 1571 1555 1576 1565 1549 1587 1572 1557
91 3413 190 109 113 140 217 182 99 3440 187 139 3298 168 214 3448 2 3297 3456 3381
449 487 481 482 416 517 519 471 535 483 438 501 435 510 485 508 408 410 411 436
2690 2752 2372 2466 2362 2638 2684 2739 2680 2538 2528 2446 2367 2530 2402 2469 2460 2487 2370 2656
2095 2133 2111 2127 2086 2158 2135 2118 2114 2115 2126 2081 2147 2080 2124 2096 2146 2119 2092 2104
2398 2684 2407 2653 2414 2378 2382 2455 2490 2715 2689 2750 2406 2473 2465 2512 2745 2464 2366 2399
2841 2907 2876 2793 2867 2934 2865 2788 2797 2873 2899 2766 2853 2809 2778 2871 2781 2949 2768 2772
3279 3294 75 80 3275 3280 27 24 91 3256 3277 89 37 3248 90 21 3323 3278 3303 3247
620 635 681 672 677 576 601 552 656 687 717 619 548 585 618 707 708 580 658 603
2410 2635 2744 2558 2644 2532 2663 2435 2654 2573 2448 2356 2609 2583 2611 2586 2509 2452 2550 2393
983 1740 1039 873 1082 956 1026 1699 959 1048 1099 1792 909 955 904 1762 1750 1730 1022 1092
0 3314 219 210 68 11 4 3312 81 3465 174 36 75 3450 19 3297 172 3300 66 3311
2091 2174 2133 2046 2127 2069 2106 2166 2044 2162 2090 2138 2185 2063 2085 2064 2115 2130 2143 2142
3224 3259 3176 3186 3179 3178 3201 3262 3182 3172 3183 3247 3292 3174 3290 3207 3197 3173 3193 3252
194 3479 3341 246 3377 3475 3338 72 20 3332 45 3396 3445 3478 174 170 262 182 78 3430
1202 1227 1327 1355 1368 1345 1353 1162 1275 1223 1245 1218 1259 1151 1374 1241 1333 1342 1238 1204
887 986 1093 1110 889 1655 1026 960 1701 910 901 928 1082 850 886 878 1043 859 950 1052
145 3430 105 3374 148 3459 62 206 28 3394 154 53 163 3383 171 3377 3407 150 211 29
3425 3465 216 163 44 77 65 199 218 72 64 205 22 47 88 63 27 18 3479 37
2782 2830 2760 2892 2854 2904 2825 2638 2762 2901 2818 2930 2802 2841 2807 2848 2652 2754 2903 2803
239 3376 3340 218 3391 185 180 154 53 228 3404 179 164 3420 234 3386 258 3388 3390 235
2806 2959 2946 3021 3027 2997 2782 2990 3014 2835 2803 2919 2830 3015 2936 2773 2785 2913 2991 3019
3380 3430 188 85 168 158 3352 3348 47 27 3460 93 112 26 170 174 3479 78 202 3367
3147 3162 3131 3198 3132 3181 3114 3192 3120 3182 3191 3148 3137 3128 3123 3190 3124 3186 3193 3119
2412 2750 2733 2693 2470 2762 2671 2682 2489 2409 2774 2472 2731 2655 2742 2504 2398 2537 2437 2674
96 3296 3400 3305 3399 148 30 11 14 166 3316 3383 3402 138 3284 3376 53 45 77 219
719 833 668 663 721 882 673 741 644 763 685 1702 739 672 796 669 675 1735 826 737
2971 3029 3040 3063 3044 3009 3064 2931 3043 2959 3034 3010 3051 2962 2994 3003 3011 2999 3013 2968
2181 2198 2059 2200 2167 2216 2175 2064 2219 2215 2053 2180 2203 2065 2233 2217 2178 2083 2179 2074
145 3429 159 190 3394 205 180 3383 229 193 3426 133 55 103 83 3389 3464 157 99 18
2352 2677 2748 2729 2456 2741 2447 2636 2413 2444 2522 2662 2641 2333 2443 2345 2411 2523 2647 2755
221 3311 3444 183 3390 3285 3325 3406 3317 3297 250 42 3443 3303 3479 3388 3288 3441 268 211
2553 2589 2523 2631 2611 2628 2538 2548 2551 2531 2543 2513 2540 2641 2648 2544 2604 2603 2584 2630
146 3393 3451 3408 231 179 148 3396 94 222 233 104 207 3404 3438 189 150 3463 3424 3456
1292 1311 1239 1245 1415 1258 1269 1242 1378 1220 1286 1193 1279 1198 1271 1284 1250 1412 1327 1238
102 3377 3344 3363 3372 125 159 130 3342 46 44 3403 63 93 3407 127 50 45 196 208
85 3404 3304 145 3286 3298 240 10 234 201 3357 165 3402 87 21 3410 3301 208 7 3328
2846 2865 2833 2904 2838 2773 2853 2881 2930 2878 2869 2888 2782 2837 2807 2894 2836 2922 2926 2828
2424 2457 2756 2401 2495 2355 2391 2732 2376 2357 2504 2366 2374 2459 2463 2499 2700 2398 2358 2762
1218 1328 1180 1311 1431 1321 1385 1432 1229 1282 1336 1171 1372 1395 1433 1247 1283 1339 1198 1384
1398 1435 1501 1463 1368 1428 1403 1350 1451 1401 1402 1212 1302 1213 1343 1496 1400 1474 1479 1476
2416 2467 2412 2462 2751 2367 2395 2388 2354 2404 2392 2408 2381 2748 2523 2755 2745 2631 2374 2373
38 3350 3364 3373 3344 3294 15 216 100 192 3306 3302 3345 3469 178 3340 99 29 54 3304
2002 2027 1992 1989 1993 2053 2000 2025 2001 1980 2024 2044 1964 2004 1954 1986 2031 2042 2035 1982
46 3313 152 3307 3316 96 13 3456 175 3453 0 170 235 3457 47 204 3345 3355 3289 3337
1983 2042 2006 2004 2063 1975 2038 2017 2158 1985 2053 1984 2023 1978 2172 2068 2019 2046 2008 2021
2437 2736 2368 2673 2655 2444 2676 2388 2443 2713 2420 2483 2679 2654 2479 2746 2690 2752 2711 2730
1302 1407 1216 1403 1344 1362 1408 1217 1289 1419 1374 1279 1424 1437 1415 1366 1271 1363 1398 1214
1222 1381 1188 1177 1307 1261 1379 1357 1311 1367 1414 1416 1207 1399 1238 1398 1213 1358 1391 1270
1122 1152 1133 1186 1051 1146 1173 1022 1091 1103 1027 1126 1030 1198 1058 1109 1176 1092 1123 1048
3323 3351 183 3346 3380 66 214 3297 77 3355 229 232 202 3354 52 86 3336 59 78 63
874 991 1000 1656 1695 1033 1102 835 876 934 830 892 1729 946 977 971 910 859 930 1687
1202 1216 1354 1311 1170 1200 1385 1164 1235 1302 1297 1383 1210 1239 1192 1382 1334 1337 1197 1213
959 1039 1020 867 1687 916 929 919 1028 1698 1094 1720 1108 1091 935 942 1693 1045 1114 966
81 3403 47 173 3457 167 235 3399 87 56 3299 187 3322 190 3282 132 3367 29 224 219
2656 2775 2798 2618 2573 2678 2518 2585 2755 2624 2350 2548 2365 2791 2345 2521 2669 2590 2361 2501
1781 1813 1762 1775 1831 1739 1745 1780 1821 1763 1830 1771 1776 1827 1747 1829 1754 1777 1740 1755
975 1693 1672 834 1725 1742 1099 1721 1025 911 873 1662 1727 998 1095 1680 993 1752 1696 1081
968 1701 1016 1098 1745 1094 1664 934 916 1063 900 1707 1719 1750 1045 1100 1721 1015 1746 850
2823 2927 2838 2849 2831 2773 2944 2846 2799 2803 2843 2955 2934 2941 2845 2818 2789 2765 2957 2793
2289 2341 2658 2306 2410 2322 2650 2285 2263 2409 2387 2414 2401 2268 2655 2670 2279 2344 2274 2356
2484 2529 2661 2474 2755 2658 2663 2556 2431 2628 2426 2642 2446 2420 2646 2635 2757 2626 2621 2555
890 1020 1060 950 1033 944 1007 892 1044 1705 1005 919 856 1112 1675 1744 988 1700 1097 836
1244 1283 1221 1222 1302 1272 1279 1224 1276 1268 1237 1220 1326 1231 1235 1253 1299 1304 1257 1251
1496 1504 1515 1479 1483 1490 1514 1532 1417 1438 1524 1493 1534 1530 1433 1495 1434 1484 1426 1507
2483 2774 2897 2832 2652 2488 2842 2436 2470 2662 2471 2741 2465 2484 2654 2657 2481 2749 2519 2904
994 1076 1737 938 879 1717 1098 1066 1739 945 1726 900 909 1047 1741 1050 1132 1724 1100 890
189 205 233 3308 68 3333 3354 180 3391 3432 22 13 3422 171 164 17 3375 3353 3459 3458
1848 1872 1849 1608 1902 1840 1925 1857 1834 1825 1908 1864 1884 1891 1858 1861 1845 1830 1889 1921
2713 2734 2747 2678 2726 2667 2476 2442 2741 2722 2424 2665 2452 2738 2752 2469 2445 2758 2457 2705
626 692 714 675 696 816 608 554 600 560 550 631 655 695 598 573 716 852 701 814
934 1087 940 1005 1022 1040 927 928 903 1021 1102 909 931 874 1135 1114 955 1082 1108 1127
2502 2545 2561 2662 2489 2666 2668 2756 2569 2740 2580 2475 2441 2510 2435 2517 2498 2607 2591 2592
834 1726 1751 1752 688 1664 894 1007 918 808 981 1690 860 958 823 1665 846 982 712 1662
920 1033 1044 945 947 1113 954 1135 1126 1031 1116 1029 985 1045 1091 863 925 1100 1103 1028
2948 2989 2816 2980 2804 3026 2904 2967 3005 2944 2812 3017 2794 2807 3034 2916 2978 2910 2799 2911
2474 2750 2521 2417 2452 2660 2409 2650 2729 2491 2698 2663 2737 2758 2437 2723 2446 2471 2665 2515
2195 2217 2189 2212 2245 2259 2254 2267 2231 2236 2201 2249 2261 2269 2263 2256 2253 2238 2211 2252
358 368 332 393 335 356 369 379 350 385 340 377 386 380 395 327 359 381 378 349
550 562 606 616 602 518 548 586 601 498 618 614 528 534 580 508 542 635 501 564
1329 1368 1405 1303 1325 1235 1379 1394 1360 1326 1213 1290 1231 1357 1418 1399 1214 1387 1429 1397
199 253 188 276 3337 251 250 37 195 249 290 3395 3384 241 3389 3373 66 32 268 3468
1217 1231 1305 1368 1207 1224 1297 1348 1336 1412 1370 1190 1329 1233 1172 1317 1201 1277 1181 1236
929 974 1015 1681 1063 861 886 970 1672 1056 902 932 1041 1025 1688 910 1715 921 1662 860
903 954 1016 1698 1075 904 1718 937 1694 952 981 900 1734 1661 864 841 845 1728 1744 948
799 835 683 720 823 703 1725 701 707 716 665 882 1721 763 824 746 819 1699 1705 801
964 1090 1112 1083 1057 1139 1003 951 900 976 935 1071 1131 1031 1081 1140 1024 1052 1096 958
993 1104 1072 1003 1688 1149 1658 1737 881 1735 1140 1723 1064 890 1103 975 1083 1739 934 1711
889 1075 882 929 1104 1738 998 937 1717 976 1112 1129 1127 848 1029 1708 1067 879 829 964
2392 2656 2412 2339 2691 2353 2633 2437 2337 2740 2683 2652 2679 2745 2522 2584 2559 2345 2361 2491
17 3459 3462 3456 204 209 23 184 211 3472 12 216 77 58 166 3420 3442 3339 59 224
1199 1360 1149 1377 1175 1202 1166 1393 1373 1163 1189 1402 1366 1411 1151 1218 1324 1214 1182 1333
1327 1421 1459 1356 1442 1344 1353 1335 1439 1288 1220 1352 1324 1393 1386 1412 1436 1455 1454 1365
2785 2897 2778 2935 2900 2878 2885 2824 2636 2850 2801 2764 2910 2820 2852 2917 2802 2913 2902 2790
332 394 348 337 380 395 355 319 354 385 308 336 370 358 302 392 351 343 345 326
439 483 511 458 515 442 479 485 535 497 445 424 409 416 477 418 500 460 429 421
278 291 272 264 303 269 248 311 233 299 258 268 267 259 289 320 234 312 293 315
2290 2346 2302 2307 2456 2311 2310 2328 2390 2412 2301 2398 2647 2377 2308 2407 2684 2277 2452 2671
77 3457 136 3474 46 123 172 57 3323 3456 25 3451 3404 3380 145 3350 3426 19 3376 3367
139 179 28 141 3379 4 3 32 148 199 3394 109 3383 162 3413 101 91 215 8 170
201 239 34 204 3410 185 179 3386 3430 38 14 3470 37 3475 3322 3353 3341 177 43 3350
1966 1988 2046 2050 1970 2004 1986 2001 1974 1952 1963 1943 1962 1971 2013 1990 1949 1989 1977 2047
79 191 18 129 3389 3449 3298 204 3454 136 95 3320 3357 144 72 3466 118 3340 261 158
2053 2178 2081 2072 2083 2161 2163 2030 2186 2060 1972 2085 2039 2024 2078 2192 2096 2191 2157 2035
886 1068 1017 1695 921 866 1088 1715 874 905 1675 974 830 863 1674 895 952 833 911 1091
1110 1165 1071 1094 1020 1068 1183 1131 1027 1140 1141 1149 1116 1121 1117 1018 1133 1167 1115 1177
1399 1428 1401 1457 1351 1484 1411 1308 1338 1305 1488 1435 1372 1349 1489 1455 1499 1221 1385 1344
2531 2541 2669 2612 2475 2503 2581 2486 2499 2555 2582 2665 2774 2770 2527 2485 2496 2766 2603 2626
1233 1261 1269 1302 1226 1329 1258 1253 1314 1270 1228 1208 1304 1311 1305 1239 1310 1264 1229 1227
2783 2835 2891 2884 2906 2855 2756 2932 2768 2853 2647 2885 2904 2764 2889 2909 2896 2784 2646 2919
2255 2275 2215 2305 2259 2279 2307 2264 2271 2241 2316 2311 2321 2229 2262 2248 2272 2240 2244 2219
309 334 339 365 402 382 304 401 283 316 299 370 277 325 348 295 313 273 369 394
3399 3411 3391 3414 98 3371 167 3465 3476 3435 185 3438 3434 183 92 3389 179 3454 213 3421
