50 1619 246 1621 88 16 529 474 17 249 199 101 58 1640 692 122 501 191 129 132
110 1615 230 1613 1580 196 123 184 30 263 133 49 53 143 1636 267 543 192 156 1625
192 447 1551 1521 207 248 1548 278 23 1589 204 505 442 200 138 205 123 1638 73 239
709 1629 766 47 677 761 752 52 164 474 684 157 1580 180 1612 78 165 522 187 759
268 1657 587 259 272 1638 543 243 577 399 1637 659 660 174 474 266 288 448 435 576
737 754 683 714 732 674 689 705 690 695 717 712 660 764 693 782 801 802 797 789
1579 1642 573 262 271 478 108 1559 513 75 424 28 527 1563 516 1522 161 652 1630 54
1268 1424 1415 1502 1466 1481 1258 1290 1223 1395 1505 1322 1420 1407 1447 1475 1491 1517 1251 1488
1437 1515 1509 1549 1239 234 1401 470 475 1532 1232 1369 201 1483 1438 1365 1380 477 213 1264
1298 1361 1275 1293 1294 1430 1262 1400 1369 1404 1346 1340 1332 1324 1325 1338 1362 1305 1286 1438
136 465 661 191 506 671 29 554 1651 21 52 560 148 459 187 128 675 660 192 1616
42 231 1620 527 137 1556 189 256 444 149 443 455 37 484 452 426 1606 467 170 1515
236 1611 470 215 1560 56 1593 526 210 480 213 146 104 1610 80 211 115 1 186 62
425 480 1599 44 28 516 523 1544 68 20 497 237 147 12 438 133 244 39 188 449
548 1636 1608 538 1572 515 667 124 1645 531 492 145 132 1616 501 665 447 1657 270 34
147 285 180 317 51 184 85 164 150 585 1655 426 196 286 239 430 422 156 240 556
1257 1346 1074 1259 1228 1241 1217 1345 1272 1375 1285 1280 1441 1264 1419 1254 1218 1324 1316 1310
60 138 676 530 121 1610 111 28 142 152 214 459 1602 141 113 501 221 686 466 169
29 63 211 76 505 250 492 74 206 170 179 17 253 525 467 242 457 520 229 1583
1528 1565 413 269 1417 1534 433 465 441 255 263 182 173 110 1555 1496 206 1506 243 207
210 1493 172 1588 1390 450 1601 481 70 1508 111 103 1507 448 466 1512 469 175 1520 157
529 1637 34 1586 501 1632 1621 44 129 1667 507 168 91 67 60 163 188 99 699 136
572 655 1659 534 649 731 707 687 286 666 580 281 693 1646 696 672 1676 614 270 651
62 527 467 67 1634 691 161 484 1590 233 221 669 73 694 551 664 19 42 1636 59
1448 1470 1400 1528 1210 1434 208 1495 1228 1519 1525 1527 1541 1547 217 1469 1530 1241 1412 1471
569 1639 31 1641 278 640 629 1578 1581 552 724 1605 621 494 647 130 195 1666 143 447
972 1067 1137 1056 910 967 1022 1256 1198 1088 1121 1246 1020 1168 1189 1230 996 955 1250 991
225 472 1554 253 1598 259 1543 1525 22 40 1483 1622 1445 532 421 489 419 172 443 1566
1255 1403 1273 1239 1386 1380 1218 1510 1424 1398 1458 1387 1484 1426 1065 1274 1406 1475 1304 1064
970 1045 973 1141 1108 946 891 1098 916 960 1156 1166 977 901 1155 884 1070 1246 991 1135
186 437 122 1573 1588 204 109 26 404 1595 271 1557 415 6 1577 223 1636 543 137 173
28 61 173 139 110 147 254 528 461 1615 103 128 536 119 131 2 179 4 515 529
681 1626 33 117 744 1615 557 6 77 1624 1584 119 739 152 229 558 1575 703 159 200
1235 1276 1233 1484 1453 1447 1371 1380 1205 1406 1308 1395 1192 1382 1416 1334 1476 1309 1189 1315
663 728 719 682 1649 117 567 129 1634 1663 648 565 732 148 1643 538 532 712 688 132
1299 1331 1260 1348 1288 1368 1386 1387 1396 1257 1373 1365 1306 1272 1296 1404 1378 1376 1243 1238
985 1124 1054 1014 952 1093 1099 936 1040 918 1152 1112 1087 1142 1050 1094 1058 1073 919 908
698 741 716 791 13 659 115 1645 652 545 750 1636 796 713 677 122 543 668 753 688
1179 1201 1153 1209 1183 1229 1246 1035 1029 1058 1069 1245 1218 1247 1224 1170 1061 1017 1049 1242
938 1030 934 1134 859 1057 888 1025 847 893 817 1127 889 1183 816 1008 1090 1016 849 894
1353 1401 1448 1415 1402 1363 1333 1478 1294 1458 1310 1477 1327 1242 1238 1440 1439 1305 1323 1314
54 1585 94 1524 129 185 1644 25 512 1567 1617 431 1541 1633 437 1538 1638 502 1531 148
99 154 226 428 1576 108 37 198 47 251 227 1652 116 275 424 203 111 467 532 525
81 1574 413 2 131 1512 511 193 62 1634 96 249 523 75 1605 113 1562 219 59 1503
9 37 514 527 95 23 538 1564 206 531 86 517 268 172 40 537 99 547 485 255
1580 1624 111 1513 271 16 53 501 521 1585 436 1540 693 86 1534 107 244 128 684 30
19 236 1632 499 78 497 1531 100 4 106 1552 8 269 1589 500 457 1609 1546 1508 175
1058 1177 1178 1137 971 1237 1159 936 1118 960 1071 1208 1169 1009 1235 1019 1000 1214 1228 1097
232 1559 96 1535 137 169 1623 51 14 1615 1549 481 1573 1551 63 115 1616 44 1612 56
204 442 262 521 1539 1577 101 243 13 1600 93 1598 1576 106 1534 1524 490 1558 211 1543
552 1636 648 12 646 470 187 697 173 267 666 455 152 162 564 133 191 166 96 167
252 515 148 1591 143 12 285 1593 124 1582 489 153 1629 418 1536 210 533 163 1545 188
644 1659 292 1672 650 647 164 601 1664 1667 301 414 633 621 1635 1662 653 616 281 136
99 159 517 257 149 38 496 1577 230 560 434 1571 172 11 551 161 430 135 1606 1645
696 756 684 693 651 1641 115 530 531 697 554 124 529 802 1627 130 692 770 1638 766
230 1542 66 166 110 521 104 1454 511 1590 15 421 1428 497 468 82 1592 201 473 488
152 1625 1654 676 74 509 209 189 72 120 674 232 521 1585 185 1602 52 149 135 514
1458 1509 1482 1549 1468 1391 1529 230 1546 1532 1592 206 1373 1379 1578 1442 1568 1569 1521 1531
1428 1477 1378 1380 1424 1235 1373 1397 1383 1470 1503 1533 1467 1364 1237 1471 1226 1229 1433 217
1069 1130 1147 1128 1042 945 1061 1091 1152 1178 1185 1233 1133 1255 1066 938 977 1145 1227 1192
493 1640 1639 120 1578 29 158 1633 180 244 240 105 486 1571 1533 34 439 1577 668 474
7 226 211 231 277 703 222 543 1486 1456 672 5 434 497 51 1447 213 1452 1574 56
209 484 6 225 1451 454 251 1525 91 460 481 179 498 1636 5 1535 435 222 445 533
4 235 464 441 188 476 147 674 693 478 1511 1599 1645 150 1604 1552 83 542 509 1509
439 1640 239 549 252 1619 247 223 530 552 645 3 243 698 413 457 667 125 704 418
269 447 169 484 248 22 246 423 261 435 1523 251 398 121 1566 470 9 260 1556 1520
11 96 21 506 30 1570 1566 1630 672 209 237 500 517 103 467 535 520 79 2 263
1231 1266 1225 1205 1379 1317 1463 1389 1274 1405 1455 1470 1244 1185 1260 1270 1239 1472 1271 1487
1361 1415 1407 1402 1446 1339 1423 1465 1381 1426 1322 1330 1231 1406 1307 1335 1524 1476 1258 1464
683 763 701 751 709 722 669 128 671 120 662 739 1640 687 1648 3 770 807 516 1627
766 779 803 699 827 861 755 823 821 685 840 785 780 711 830 728 744 782 687 717
405 436 472 404 1559 159 199 367 211 229 207 424 176 208 476 459 173 1647 276 239
415 1544 478 164 193 1519 1441 1502 1447 237 199 1449 305 212 261 486 1446 226 250 1509
1355 1411 1257 1509 1326 1366 1407 1380 1383 1246 1390 1334 1483 1436 1446 1237 1415 1245 1304 1422
1081 1138 1096 979 973 921 950 1141 1041 1059 933 1089 1188 1103 937 1150 929 953 927 924
214 465 1534 1583 1580 452 1572 1621 130 1622 1445 267 67 229 502 219 189 125 47 1523
659 682 137 6 692 705 1623 749 514 647 122 576 766 687 9 537 715 709 1670 572
60 1616 213 196 251 460 89 1618 511 498 461 1613 25 48 10 1611 127 165 1639 52
77 1483 518 1231 111 7 1607 107 156 1582 121 1507 1524 1517 467 110 16 1615 1630 1236
68 1570 412 216 112 98 525 150 1561 144 1628 1574 1558 1563 162 1572 1516 1573 411 146
789 861 821 926 819 792 782 820 893 783 833 787 876 891 795 749 839 852 863 786
684 735 696 548 678 782 754 1649 1631 516 706 724 528 716 1621 672 135 1628 753 727
1070 1082 1177 1169 1009 1084 1231 978 999 956 934 996 1068 1158 1201 964 1147 1002 955 1162
742 763 733 795 804 678 730 761 776 726 749 767 699 796 710 779 743 802 721 672
195 420 257 118 277 441 242 253 101 59 474 1610 114 273 533 228 54 254 270 1560
99 514 98 552 116 128 14 678 1581 682 223 73 54 459 545 100 669 687 696 503
272 573 436 1578 555 562 449 131 16 1649 593 427 1573 1657 13 602 1564 279 595 114
276 552 631 587 432 649 118 692 670 242 191 551 305 537 139 153 410 152 558 268
77 119 685 60 237 435 516 1571 558 543 1617 121 518 158 706 556 1635 678 137 1592
1258 1444 1489 1279 1469 1432 1456 1478 1390 1241 1227 1384 1464 1242 1233 1244 1442 1509 1346 1317
115 1580 234 1616 65 90 430 553 696 50 44 38 557 1641 1629 676 216 670 81 524
232 485 23 17 215 242 147 1528 510 1608 1496 88 1537 59 134 1580 462 511 55 1624
485 1559 284 153 100 224 1529 481 1516 72 135 1583 242 121 223 516 143 43 255 1521
125 267 1632 1596 209 197 1652 1574 1589 503 1570 467 522 1659 475 186 68 151 262 412
101 1574 174 453 1584 1618 33 1513 226 461 138 1642 172 422 130 1552 435 258 1517 34
944 1048 1192 1015 1019 916 1143 1178 1060 955 1183 1146 1169 987 1073 1114 1014 965 1186 1009
99 1616 233 184 257 57 143 483 1582 139 79 1633 152 479 136 48 91 1579 123 192
1042 1172 1129 1213 939 920 991 1021 1168 1107 1085 1237 1016 944 1176 1121 1249 967 994 1132
1255 1419 1514 1475 1388 1287 1250 1518 1399 1509 1461 1537 1246 1364 1520 1530 1385 1072 1502 1405
959 1113 1042 1034 975 944 1110 999 1041 1036 1033 991 1053 1050 1124 892 992 921 972 1107
1034 1082 1006 947 1044 963 1063 1191 942 1028 920 1164 910 1026 1068 1147 918 986 1093 998
8 529 510 503 230 530 1566 1579 242 466 179 271 470 490 161 1614 487 488 1649 107
58 118 18 534 169 106 469 688 1641 40 682 144 703 1617 253 526 530 702 218 460
548 695 586 697 153 659 180 272 734 675 685 1639 119 113 733 528 706 1654 657 183
218 1610 111 224 1526 1540 1566 107 61 1543 1600 531 1562 1486 23 39 1554 1612 20 509
1495 1545 1474 1393 1524 194 1406 488 205 1398 1516 421 1541 256 415 233 435 1478 185 1445
949 1029 929 863 936 961 1177 984 853 1049 1052 1002 971 869 884 1039 1037 942 1023 1145
202 497 235 1510 88 1597 516 518 1551 57 133 461 1500 480 1614 435 1497 129 190 197
1269 1416 1402 1339 1420 1450 1487 1485 1392 1512 1265 1278 1477 1319 1244 1233 1263 1510 1312 1228
2 706 1578 24 494 190 234 763 742 71 255 179 129 203 719 768 521 46 458 148
856 915 939 842 1045 911 1135 1126 972 1002 1004 863 868 783 837 937 830 938 802 807
151 238 489 201 202 462 230 136 139 246 19 164 0 222 9 1613 150 505 261 1572
562 588 288 150 557 286 276 683 682 597 264 616 534 596 587 680 635 277 1672 537
167 1626 686 489 136 1640 533 669 27 148 412 174 692 505 162 1639 536 38 72 1549
1244 1407 1269 1181 1268 1468 1354 1253 1436 1226 1210 1299 1204 1439 1237 1249 1404 1066 1397 1222
25 257 1650 1659 505 147 243 1575 1558 295 92 470 1619 1563 467 239 255 155 40 259
92 135 163 511 1571 42 87 1618 1607 686 270 111 9 144 210 446 444 106 1619 454
64 528 1572 555 194 115 93 139 502 494 708 665 552 705 241 1624 11 21 100 503
42 76 105 41 195 143 1488 20 132 157 15 136 1572 504 524 202 87 496 27 201
134 271 1585 22 245 507 442 1592 97 1556 129 1552 281 1677 685 463 1648 569 1623 71
1201 1236 1407 1474 1257 1171 1445 1406 1061 1396 1264 1421 1453 1073 1291 1292 1188 1218 1398 1438
963 1119 919 1076 950 1064 1060 1007 915 1039 1102 1044 1000 968 1010 1082 888 1148 1142 908
881 935 1019 821 916 870 925 927 1107 946 1131 1115 803 965 959 989 879 876 791 811
1283 1405 1261 1296 1410 1257 1342 1290 1304 1398 1227 1241 1440 1305 1320 1518 1495 1436 1408 1431
442 490 1570 192 233 1534 1627 257 2 270 406 55 1549 1524 211 205 451 127 461 418
105 1614 500 61 106 55 205 99 524 247 490 176 499 231 70 208 197 498 152 1597
1647 1669 518 687 1620 537 262 569 155 123 288 283 534 607 164 1636 269 1659 426 304
949 1032 1115 1178 995 1164 1108 893 1163 958 1029 954 1047 930 1044 1058 1079 900 975 994
160 227 455 161 85 490 203 430 1483 1591 131 25 1641 84 7 416 1520 529 281 1592
124 698 535 165 203 279 205 485 129 719 72 3 228 515 504 1581 670 1618 197 653
278 579 455 302 313 660 447 247 411 190 424 308 305 136 180 1569 1565 1654 652 155
75 205 1589 182 1 167 145 74 41 236 108 1532 466 1485 109 230 1621 1614 1559 517
263 436 424 415 1649 22 233 449 20 201 428 207 1588 451 407 172 1540 438 271 576
957 1055 1152 974 1121 1242 887 924 1081 1035 1173 1061 1254 917 964 1172 1153 934 900 948
564 596 666 622 1664 540 528 306 587 290 1675 621 273 131 1651 257 1656 675 1644 138
32 160 497 171 1629 1 1624 218 531 1595 1646 530 96 244 65 246 270 1548 49 421
8 540 479 14 48 153 722 545 226 518 28 509 570 444 94 142 241 698 1655 547
1116 1142 1109 1096 1085 1010 1087 1185 905 1124 987 956 1046 1111 1186 1000 988 1107 1175 1152
1439 1524 1483 435 1232 1551 1543 197 1515 439 1573 1426 1532 1414 1568 1469 487 500 465 433
131 1604 241 88 110 116 228 98 237 33 485 679 1597 480 453 160 431 555 26 93
141 468 488 1532 1587 201 272 1661 189 546 7 1620 465 555 442 1610 562 123 41 497
115 1580 159 18 688 516 212 77 1616 34 241 1554 265 197 167 103 137 671 147 428
1353 1392 1219 1265 1383 1486 1337 1460 1228 1436 1405 1311 1230 1468 1223 1393 1280 1381 1314 1377
158 511 430 268 1610 44 1642 102 40 240 239 115 274 57 292 25 140 424 1623 1558
996 1022 921 982 917 1020 901 1117 1159 975 1157 1086 924 1097 1140 1080 939 969 952 994
783 842 857 779 740 798 743 866 761 878 784 851 782 775 942 847 765 788 920 886
1151 1196 1117 1034 990 1000 1127 940 1170 1012 1081 1049 1182 980 972 1045 1068 1129 1158 1229
167 415 1651 1599 549 181 116 299 213 1569 19 459 3 291 417 402 310 553 464 235
704 747 745 1644 679 675 667 658 1620 753 701 672 709 796 1648 787 650 542 1633 731
156 1651 229 580 1568 71 259 4 494 632 63 670 1646 268 587 426 446 72 489 100
