219 269 270 258 220 212 169 190 208 211 201 257 228 187 238 275 247 214 192 206
379 420 140 323 347 355 411 369 556 482 555 339 143 338 390 391 539 513 550 410
639 680 648 593 752 686 644 663 700 754 599 636 777 612 756 611 604 631 794 553
87 885 79 2 844 10 129 111 113 144 826 832 102 93 101 57 6 847 140 42
91 124 883 104 322 337 115 325 886 137 338 125 149 163 143 145 327 123 68 70
525 573 569 493 608 630 466 499 560 607 453 627 492 601 423 424 480 411 524 599
538 605 681 608 604 593 585 555 598 550 520 567 499 454 603 579 519 457 682 615
138 322 135 305 145 73 393 293 89 101 96 93 356 187 363 160 385 182 191 308
343 387 448 415 400 165 376 117 390 424 484 433 130 445 313 481 441 389 114 496
31 868 797 878 848 811 821 880 835 804 861 825 79 17 798 0 872 863 809 882
706 809 796 722 699 11 680 689 842 47 19 835 1 741 721 664 739 638 765 712
72 121 126 140 168 877 884 46 53 97 96 15 119 846 138 891 20 851 345 162
598 650 698 739 571 697 758 625 725 738 685 749 531 623 595 643 649 707 597 628
519 584 601 539 401 582 449 471 418 425 457 618 529 560 458 600 493 552 412 609
345 455 460 506 368 402 125 515 132 413 126 474 317 436 318 520 331 492 430 359
520 563 607 569 444 484 430 447 428 603 470 437 542 614 441 632 633 625 464 617
159 335 340 438 120 410 379 165 202 129 173 294 393 365 153 369 328 115 395 138
341 477 162 475 445 487 457 462 470 141 128 114 325 488 146 384 420 139 484 347
701 787 742 791 638 744 3 2 794 641 811 745 5 664 659 694 733 665 824 627
739 814 774 845 782 812 758 844 44 661 746 0 15 32 680 9 52 856 715 28
39 823 20 855 856 27 58 786 807 14 45 84 868 86 71 889 861 853 859 44
531 596 525 620 586 507 443 518 463 407 549 639 584 498 540 500 643 485 459 633
825 856 798 69 757 13 44 833 43 55 770 25 885 758 783 30 45 873 22 60
312 361 155 340 302 140 404 152 439 294 327 406 162 144 142 335 440 308 371 367
46 802 75 817 804 81 11 749 33 760 758 855 84 710 38 839 21 707 789 750
168 192 160 258 283 227 163 195 304 270 235 231 189 214 251 291 169 216 174 335
56 871 815 877 873 58 825 27 88 63 68 864 66 28 889 866 844 78 42 816
178 323 335 403 338 381 229 342 207 114 382 152 237 208 151 142 236 293 148 408
521 590 543 464 551 541 469 532 630 499 574 412 634 529 418 575 534 650 545 443
712 798 722 662 784 0 791 796 801 28 725 685 819 775 629 733 645 757 815 720
32 840 811 855 5 58 869 67 888 15 828 81 43 850 863 883 818 833 61 881
376 403 310 354 336 490 455 504 308 481 430 346 417 311 517 436 323 470 150 513
786 811 793 25 718 805 781 766 809 713 714 784 711 751 825 27 816 837 795 695
108 154 153 305 296 144 106 87 135 196 115 85 102 380 73 91 114 111 80 365
181 327 121 113 296 239 414 170 126 349 299 373 152 342 289 400 225 176 316 302
774 814 842 684 10 808 828 793 53 48 732 42 733 807 5 785 697 35 711 55
590 641 594 589 523 576 571 682 666 608 603 613 644 577 637 635 645 547 521 624
313 360 158 196 202 464 462 145 405 476 365 431 321 410 319 347 137 123 392 458
699 755 763 794 688 816 772 630 758 649 653 814 791 754 803 790 624 638 808 681
194 304 166 315 323 266 246 324 337 167 165 268 274 253 309 307 254 311 331 202
80 131 23 21 55 108 318 133 146 128 124 45 102 24 95 16 881 75 156 32
772 810 794 2 785 816 763 747 828 652 752 742 12 681 750 21 725 769 745 801
454 492 543 425 391 445 509 419 421 544 354 365 351 357 548 546 479 399 498 513
537 561 635 557 608 486 455 509 529 541 603 464 449 470 572 476 469 430 588 478
694 780 635 719 825 9 726 785 804 748 749 761 701 762 630 784 732 698 720 25
628 690 590 551 787 585 629 703 793 618 778 751 615 684 721 578 664 649 607 685
235 286 300 256 200 290 292 191 186 194 213 303 182 236 245 192 202 280 276 226
174 234 191 205 224 180 218 198 204 214 296 312 232 209 263 227 235 152 187 320
245 272 211 185 192 210 271 228 242 216 284 212 205 218 188 244 277 184 197 292
337 417 535 152 308 412 117 314 504 489 113 482 505 441 521 406 499 446 339 388
814 848 858 56 714 57 24 722 41 787 4 837 790 767 45 798 735 830 14 75
416 488 349 548 469 542 396 487 441 410 524 459 360 551 373 389 421 430 447 400
544 623 572 578 577 439 658 502 527 648 492 460 617 475 420 474 457 462 600 548
692 757 650 724 687 811 722 696 635 738 774 682 642 746 762 680 730 616 785 700
317 370 487 341 393 338 351 175 138 337 362 467 391 375 329 361 176 365 344 448
439 467 521 518 432 403 366 476 435 370 507 464 483 438 337 341 385 530 523 395
149 374 136 159 113 102 439 361 310 78 437 456 415 137 452 112 180 481 91 337
592 619 594 560 638 685 694 585 667 609 523 586 539 669 528 643 557 567 635 644
669 725 746 617 654 618 816 627 785 796 687 663 783 702 761 719 791 764 693 628
160 173 384 376 299 221 161 339 298 133 120 204 334 114 313 146 184 150 292 98
142 339 476 372 397 311 124 395 108 157 413 90 471 320 481 121 326 473 73 325
50 851 820 84 873 828 45 14 12 817 830 63 871 815 879 870 35 47 58 73
50 885 842 11 68 37 835 801 66 846 39 44 829 20 90 806 78 854 875 803
360 442 525 416 419 386 537 362 477 469 527 345 315 313 130 414 503 154 474 489
662 772 617 681 642 627 725 747 802 639 788 782 660 626 613 738 817 728 815 4
193 310 237 225 224 254 151 296 293 223 144 328 240 163 339 147 170 361 386 368
773 804 781 659 785 802 693 764 782 795 828 46 784 760 778 754 668 682 2 665
73 92 845 868 143 874 93 116 44 2 137 15 876 100 127 848 860 71 863 52
174 204 190 331 313 330 264 306 326 192 305 282 296 266 164 294 301 276 235 267
848 885 15 831 65 1 74 13 82 37 59 822 78 44 836 89 11 828 838 51
122 330 399 154 110 394 131 323 88 179 123 363 407 173 178 366 124 389 355 310
491 510 431 548 538 547 400 413 384 535 477 559 449 426 380 489 356 457 511 415
653 746 722 770 615 761 824 632 620 798 736 665 720 763 628 790 797 754 699 745
332 395 331 474 501 392 462 508 105 173 132 399 482 170 313 299 441 368 499 128
317 366 173 375 477 498 426 454 408 449 165 319 493 472 373 399 197 402 409 341
115 335 305 77 378 407 371 93 426 132 412 416 415 126 373 87 321 391 329 384
83 127 49 317 93 17 366 80 122 354 132 71 136 95 341 33 348 101 362 68
422 557 624 435 523 517 369 505 452 437 528 465 341 386 607 330 466 397 617 445
265 277 194 278 284 210 211 206 243 213 215 187 257 245 236 195 249 258 209 282
688 739 712 628 738 715 626 642 693 637 814 657 643 787 762 803 763 633 650 771
618 690 723 763 610 586 749 623 793 533 744 716 796 782 553 597 630 563 739 665
757 824 30 14 48 688 812 52 61 57 46 744 860 68 34 702 51 64 70 65
196 319 164 352 110 136 336 246 135 137 302 189 121 259 385 219 152 344 229 291
720 797 767 706 14 744 684 721 771 33 12 0 830 748 650 654 725 639 682 827
493 538 503 465 592 462 619 506 359 487 498 385 604 608 568 515 438 382 413 439
30 866 812 88 62 857 13 868 852 796 44 877 77 22 802 817 858 38 26 791
430 463 531 529 491 437 416 481 415 537 444 406 420 362 396 534 468 367 427 489
463 497 350 418 416 460 521 357 412 442 496 438 356 423 455 537 539 514 390 453
72 881 91 819 145 98 116 50 123 134 6 32 110 883 136 65 861 49 93 44
776 801 668 757 656 780 834 663 799 804 48 737 816 775 659 718 2 713 35 16
310 377 150 151 180 312 465 200 427 139 201 191 421 208 198 497 153 416 341 154
361 403 462 464 427 419 310 456 497 134 154 477 165 407 457 131 366 307 445 158
550 612 447 531 519 648 565 421 554 602 553 449 663 622 424 627 529 545 556 504
402 510 522 519 507 342 411 369 501 478 500 415 468 426 358 329 366 333 532 330
369 464 370 405 497 483 155 130 439 333 527 160 514 522 375 349 524 315 529 144
564 597 576 614 613 640 626 608 653 529 602 612 548 643 601 527 540 546 518 641
422 445 334 506 360 442 546 410 480 518 547 364 355 429 331 332 500 499 528 502
774 820 804 888 5 815 35 728 29 806 719 659 50 667 724 877 63 9 739 757
5 53 792 814 878 798 783 57 843 820 779 873 832 40 864 889 63 836 845 22
642 652 756 621 771 658 719 665 735 710 695 620 744 746 750 741 767 740 717 694
211 302 212 172 313 323 194 233 148 291 155 157 264 162 274 181 186 283 205 153
668 700 715 707 812 712 602 666 665 734 790 716 720 793 698 607 605 766 713 606
396 468 401 540 480 400 486 331 320 533 333 450 448 471 449 416 546 415 434 526
7 807 810 880 29 799 746 0 764 759 721 792 834 16 812 42 73 851 890 741
143 344 489 488 111 313 101 170 424 150 365 107 78 377 497 147 401 123 367 476
835 878 50 65 804 8 841 62 57 0 31 833 875 11 26 20 32 5 858 865
314 374 120 327 147 399 130 468 418 154 331 348 375 431 367 184 489 412 339 441
56 837 821 875 860 74 861 871 71 41 14 886 833 53 48 47 863 46 93 856
178 291 302 180 160 167 279 188 201 219 287 172 312 224 227 148 292 153 208 275
629 689 728 751 623 748 644 764 584 552 642 772 742 794 743 568 620 774 606 778
517 560 467 478 425 455 435 628 610 414 518 535 510 636 514 442 624 615 608 492
367 430 448 327 382 415 331 311 459 499 552 326 391 408 505 410 479 543 463 537
567 599 579 656 528 595 653 568 602 532 542 533 654 651 650 538 535 627 608 637
662 782 617 761 623 713 813 731 26 605 609 686 608 740 682 784 14 6 716 775
223 277 215 226 266 249 236 257 267 232 298 288 205 278 229 176 274 256 261 284
649 714 787 633 723 605 682 737 760 639 806 699 765 778 795 593 622 722 614 731
313 330 418 426 176 188 369 139 181 115 298 367 304 109 138 314 337 437 105 334
187 229 321 255 297 249 313 235 298 253 274 252 194 262 273 169 219 232 286 251
52 69 841 832 850 30 38 40 871 93 891 99 867 19 78 44 48 881 49 74
171 313 199 361 200 123 338 325 384 143 145 203 301 192 372 320 284 350 224 211
56 862 50 854 9 853 860 10 87 824 819 92 889 888 57 832 884 58 6 43
416 490 337 545 389 442 369 398 529 329 538 552 542 499 415 551 393 387 514 533
616 655 541 639 571 546 692 689 652 667 687 658 686 682 629 564 774 762 600 695
115 164 349 145 341 125 369 344 132 372 122 121 73 93 190 375 213 99 95 373
361 486 532 134 130 427 440 333 426 384 367 512 464 350 543 516 363 401 376 413
73 137 313 884 71 368 20 59 881 111 329 168 371 52 97 87 101 114 85 863
378 482 455 422 524 525 501 499 406 398 155 530 540 402 418 338 326 333 380 528
408 521 435 585 580 345 506 565 560 475 592 452 458 326 412 467 515 500 444 401
514 536 437 488 607 537 560 501 497 556 548 454 396 407 614 543 570 406 573 422
166 324 405 126 394 354 293 170 104 330 377 207 298 216 144 109 151 141 409 190
495 526 362 559 547 561 387 481 512 594 527 456 394 361 577 417 453 572 407 393
730 782 662 687 22 813 827 669 724 685 5 20 23 9 655 649 817 14 12 15
122 344 106 416 325 329 400 319 442 391 333 420 141 133 115 486 112 423 121 153
183 323 141 384 385 374 342 310 229 403 375 331 189 227 370 211 321 396 156 335
441 469 464 468 534 375 484 403 337 540 413 428 400 382 373 408 346 339 348 357
4 779 704 813 786 30 795 800 726 15 695 717 728 32 63 687 754 857 668 867
189 282 248 288 150 187 259 264 289 274 316 217 253 230 200 212 222 191 296 269
449 538 404 521 524 483 440 621 347 373 587 545 399 578 433 489 529 562 582 513
88 103 81 49 165 69 115 80 164 21 107 75 77 126 59 138 151 65 883 117
818 843 64 782 73 4 808 54 16 732 57 14 753 739 780 22 12 764 725 885
438 527 334 399 510 431 332 471 443 589 446 333 586 588 362 575 517 426 613 587
450 475 504 350 429 493 409 537 363 384 414 512 342 422 416 497 371 499 527 514
379 460 530 144 525 441 539 378 513 407 413 534 428 521 455 357 375 520 426 351
703 776 667 12 630 18 772 803 771 722 787 15 710 777 701 769 790 774 724 820
194 267 217 224 215 287 272 209 173 165 205 301 171 243 312 204 290 175 177 199
404 483 492 488 544 457 546 326 534 473 442 420 398 528 519 501 337 365 385 340
507 544 439 475 492 456 619 521 434 494 538 564 429 398 535 527 532 513 588 447
73 120 118 115 866 339 134 142 117 107 848 858 76 162 4 891 888 22 348 167
439 465 525 483 381 345 524 518 510 487 546 375 428 407 387 359 377 527 393 340
448 538 367 480 572 395 616 619 381 443 509 369 372 434 482 421 411 620 593 597
