206 1992 1961 397 2056 2707 373 2786 21 2773 2824 332 312 85 1986 2714 108 32 2775 2819
681 703 844 656 925 650 572 745 759 798 642 797 841 611 835 799 775 824 898 756
206 217 30 407 1963 1961 156 155 453 1979 187 381 2139 420 55 414 71 2111 2151 2028
785 830 958 876 711 824 954 599 699 600 842 781 545 884 801 816 590 687 859 780
719 812 872 983 973 871 784 828 703 836 849 717 860 700 772 838 614 705 810 863
602 794 486 820 522 492 829 550 631 805 604 853 506 601 716 785 687 848 494 694
2022 2104 249 244 360 34 1979 312 194 280 2193 1963 183 323 2013 268 357 14 22 2140
867 900 917 814 910 881 656 843 930 663 655 699 804 815 922 660 939 847 677 672
1919 1936 1838 1765 2777 1761 2763 2746 2741 1863 1882 1779 2740 2760 1777 2700 2730 1960 2774 2725
1802 2173 2142 1941 2175 1979 2771 2014 2794 2217 2699 1923 1893 1930 2113 1876 2151 2011 2122 1773
438 477 173 67 135 47 380 605 44 397 194 594 21 20 231 73 454 131 458 568
111 2039 2005 2070 404 2799 321 2734 2030 28 14 36 2108 2807 159 395 161 27 2011 2077
219 2785 186 255 83 246 2721 2009 2186 2203 399 383 392 2027 2176 247 2740 65 2057 2745
23 191 109 238 204 357 2061 213 418 262 2032 126 2124 50 2111 141 316 223 27 2033
2385 2444 2489 2531 2407 2357 2451 2440 2342 2433 2459 2538 2450 2394 2500 2353 2346 2535 2340 2331
1082 1116 1054 1012 992 1140 1157 982 1169 1020 1146 1122 1145 1142 1064 1151 1084 991 1036 1120
1682 1690 1678 1562 1747 1550 1729 1528 1602 1537 1573 1610 1554 1513 1638 1719 1640 1641 1530 1548
1892 2686 1925 2774 2783 2237 1728 2193 2652 1733 2227 1976 2595 1704 1719 1756 1964 2654 1941 1853
222 277 2043 84 362 456 374 503 251 255 2156 1984 2097 185 2123 2015 2770 2774 2776 58
282 488 2123 345 2733 498 442 1977 256 588 2143 607 2816 206 2817 352 468 2109 2120 446
98 343 252 490 2826 73 265 2043 274 14 87 509 463 2068 206 2010 162 21 183 320
1181 1230 1253 1204 1285 1139 1259 1171 1215 1136 1177 1257 1256 1190 1142 1152 1246 1167 1289 1183
1906 2705 1914 1756 2669 1879 2782 1795 2760 1929 2150 1802 2792 2778 1980 2145 2768 2746 1800 2194
2167 2226 2726 2721 2001 1922 2191 2788 233 2806 2227 2271 2277 2758 239 1983 2244 2820 2128 1781
25 244 38 93 147 163 488 1963 501 500 91 185 303 2755 2096 2054 1997 2738 418 273
1269 1354 1218 1358 1177 1239 1303 1352 1385 1288 1173 1197 1273 1204 1246 1271 1225 1212 1207 1356
216 2001 2141 18 1980 180 2076 2017 91 2134 2767 166 1999 250 44 6 369 400 2004 350
29 2109 313 452 311 2077 2182 186 2802 1959 312 2821 2165 218 145 2727 310 340 2157 98
467 558 349 2824 254 482 417 352 471 376 577 472 528 572 465 509 553 291 539 638
1471 1518 1617 1664 1716 1503 1551 1698 1645 1669 1489 1710 1547 1545 1717 1521 1509 1439 1679 1483
1718 1773 2233 2246 1925 1713 1806 2671 1735 1807 1733 2713 2756 2241 2647 1676 1645 1448 1832 1932
1418 1436 1448 1662 1396 1461 1485 1386 1663 1460 1411 1456 1522 1472 1447 1451 1525 1523 1495 1496
500 574 441 324 457 481 596 472 295 332 317 328 550 445 615 364 504 528 566 357
3 294 108 156 330 332 403 355 208 1987 87 428 34 2071 2123 2124 2811 341 517 1982
978 1100 994 1147 1046 948 797 823 1142 991 1106 981 829 1085 846 1064 955 806 1049 1068
1422 1436 1484 1521 1523 1518 1678 1470 1385 1388 1471 1479 1413 1415 1490 1460 1407 1455 1494 1496
50 2126 361 53 299 337 2829 2040 63 393 2007 2042 2036 226 199 2155 2044 213 253 2764
2023 2190 259 2819 364 2203 2194 2193 24 2682 2723 2755 251 202 2124 313 278 6 284 72
2298 2321 2303 2327 2288 2364 2300 2297 2222 2250 2265 2251 2273 2319 2467 2361 2260 2287 2314 2481
1901 2712 2689 2680 1954 2661 1834 2734 2581 1917 2131 2241 2566 1790 1877 1702 1902 2244 2763 2728
2386 2471 2324 2354 2551 2410 2337 2359 2331 2563 2488 2394 2468 2545 2395 2402 2478 2496 2553 2515
108 307 2034 2800 324 2825 513 37 387 227 335 36 2006 275 435 415 82 2112 440 2111
212 2013 237 2215 306 372 187 179 2156 2184 48 202 2165 153 2779 284 379 217 265 1989
1831 1908 2696 1894 2234 2173 1815 2718 2256 2176 2735 1785 1933 2165 1809 1796 2169 1899 1810 2746
2207 2772 2804 2007 2203 1975 1930 2720 2771 2761 2163 1917 2149 1775 2744 237 2121 249 2831 1767
23 425 153 2113 451 202 261 353 62 418 22 368 13 18 117 2025 2034 180 175 69
2099 2734 2026 2241 333 340 1787 259 292 281 1890 1810 288 1909 2829 2703 142 310 291 1919
1972 2803 366 16 2221 2014 364 1950 2088 2150 2140 2744 32 302 33 338 2035 349 2729 473
2714 2763 222 2009 1913 1831 2688 291 2176 1994 2022 1818 2557 2513 2715 225 205 2162 1952 1911
333 439 2119 131 2798 473 226 136 2040 317 2036 209 2829 2018 486 441 353 427 182 2015
1638 1650 1498 1667 1491 1701 1549 1440 1685 1703 1641 1680 1482 1629 1426 1529 1459 1704 1637 1668
1988 2027 2112 2043 2754 2133 2138 300 88 74 245 347 2789 73 2131 2210 279 96 292 2034
2118 2178 39 2778 310 2030 1821 307 2792 2094 1832 16 2223 2205 2228 1846 2726 71 2116 2733
1818 2766 2671 279 2772 292 1995 220 2209 2261 1789 2673 2214 209 218 2170 2807 1960 2020 289
873 920 692 911 953 915 685 893 682 938 949 835 646 849 670 957 681 842 925 854
298 461 64 1991 3 338 290 2794 2024 2118 2106 236 2822 375 87 62 364 483 355 423
2373 2385 2479 2403 2447 2437 2322 2456 2320 2508 2397 2433 2364 2370 2396 2499 2469 2419 2429 2319
51 240 268 2155 210 2086 483 267 384 2106 347 5 328 116 2758 322 3 456 291 366
1978 2801 320 260 1839 2819 2214 2210 377 2208 76 2177 2727 1955 368 2150 2222 2734 2724 2737
2238 2336 2341 1788 2179 1819 1812 2308 2261 1779 2752 2206 2693 2182 2358 2737 2240 2273 2463 1795
1512 1663 1445 1438 1422 1679 1436 1462 1586 1726 1707 1521 1681 1535 1501 1523 1605 1661 1600 1429
2651 2704 1780 2762 2674 2778 1732 1967 2717 2225 1839 2592 1895 2215 2226 2179 1725 2633 2205 2720
1500 1665 1524 1438 1517 1607 1635 1634 1655 1696 1724 1731 1466 1704 1592 1649 1396 1579 1653 1422
607 803 513 714 975 729 593 955 799 798 969 528 509 962 779 529 575 775 721 554
110 301 1985 35 132 2815 47 2113 197 2825 267 128 249 406 2086 56 107 374 143 79
94 299 72 242 109 348 2034 355 8 147 2000 7 2067 43 466 510 2033 2826 448 138
1930 2763 2791 1857 2220 2792 2747 1826 1902 2781 1862 1748 2171 285 2117 1924 2013 1801 206 1893
337 478 78 99 334 316 304 234 599 259 520 254 2795 522 564 273 435 2019 2024 386
1942 2715 2165 2698 2725 2178 1842 2729 2727 2251 1945 1754 1804 2008 2006 1899 1732 228 1931 244
290 1983 314 2778 475 2168 194 222 2129 2731 2736 1999 28 1971 2746 51 2709 2783 2787 2030
1874 1908 1950 1893 1909 1911 1868 2687 1898 1906 1792 1888 2765 2692 2755 2730 2733 2707 1818 1833
2167 2205 1844 2206 2714 1802 2225 2802 1821 1955 2717 2758 2128 2694 2154 2113 2736 2778 2695 2700
183 2069 2064 100 171 106 132 75 2825 22 210 2129 98 221 428 133 343 202 85 154
1962 2813 1887 263 2121 2808 2719 64 224 42 186 316 2748 1911 2012 290 1792 95 2132 2027
770 827 767 596 742 955 822 684 687 726 849 771 723 800 586 873 611 949 750 797
211 2065 449 2128 245 166 286 2090 2121 309 343 232 2750 372 8 181 2808 76 2053 9
1447 1544 1417 1645 1425 1644 1560 1600 1416 1411 1480 1639 1410 1391 1572 1396 1583 1473 1484 1545
1793 2315 2691 2245 2324 2236 1868 2243 2298 2272 2645 2233 2363 2259 2713 2326 2339 2770 1891 2654
2509 2586 2380 2548 2676 2401 2628 2555 2408 2461 2566 2458 2578 2530 2641 2670 2704 2603 2550 2411
1731 1780 2225 2654 1685 2767 2694 1693 2771 1960 2664 1673 2260 2268 2684 1656 1697 2667 2232 1692
1913 1969 1986 2207 1852 2680 2791 2725 2104 239 2786 1861 2156 2160 1811 1914 2752 238 2806 1985
2016 2172 1818 2251 2221 2183 2769 2046 1840 2176 2684 2800 41 2693 2793 1833 2184 2773 2720 2789
223 463 47 1961 475 2147 2137 1994 2722 85 491 2009 536 170 171 0 2828 2727 586 572
995 1137 1126 1111 1182 1105 1123 1125 1158 1095 1108 1031 1127 979 1009 1038 951 1167 1030 1103
222 399 285 501 271 367 2132 298 264 423 216 2049 2155 2752 432 332 401 290 2159 2767
2121 2748 2764 2101 191 259 2711 39 2687 25 15 1795 2745 1932 53 1808 2214 2157 1990 1948
1988 2176 2802 1835 288 2690 316 2737 272 2197 264 310 2023 2812 216 2719 2146 2831 1827 2706
2334 2371 2345 2269 2389 2235 2404 2446 2397 2430 2416 2362 2398 2370 2395 2267 2329 2319 2450 2376
2192 2823 83 120 1994 2824 2818 2721 2820 2814 2143 2701 1989 2717 35 2791 2000 2092 2691 357
2752 2793 1863 2017 2209 1884 1759 1928 50 2208 2137 1912 254 2816 2706 1993 300 355 5 2027
725 836 871 979 915 972 843 837 929 777 748 901 896 800 683 829 598 803 717 831
206 297 1994 242 150 2036 1991 384 2053 2743 295 93 19 2824 364 44 222 2735 275 18
179 215 1995 200 372 411 221 2085 118 2740 462 2064 66 71 452 345 2030 26 2813 165
237 465 301 406 512 561 475 511 353 1978 508 1980 474 223 297 514 2780 14 1975 233
262 2738 464 71 1894 2200 1914 2134 1957 1947 1982 367 28 2693 246 259 273 1815 249 365
221 368 2802 2137 20 293 176 222 291 2735 2095 2151 2146 2748 1989 1971 95 1994 418 211
1738 1752 1763 2688 1790 2681 2699 1706 1697 1751 2647 1750 2757 1687 1776 1760 2682 1817 1683 2710
1757 2769 1936 2238 224 1727 1773 1836 1898 1848 2028 2674 1765 1791 1732 2019 1983 253 2790 1887
9 441 22 171 14 443 502 200 496 2087 450 444 78 431 2095 142 64 365 86 2101
310 2015 452 2153 1996 86 1979 2004 251 13 476 508 2160 47 2813 372 23 457 483 2747
1559 1675 1444 1419 1690 1481 1592 1679 1424 1522 1541 1538 1465 1702 1623 1635 1603 1627 1688 1447
1551 1605 1673 1617 1683 1627 1651 1621 1491 1592 1565 1517 1594 1608 1557 1534 1684 1560 1669 1511
2399 2481 2375 2498 2349 2571 2459 2410 2444 2550 2520 2569 2340 2445 2552 2440 2530 2515 2521 2317
332 441 466 42 2112 2093 305 276 23 2092 361 488 47 289 92 283 298 2000 2820 255
1603 1629 1633 1577 1672 1576 1632 1685 1638 1602 1694 1474 1580 1671 1528 1585 1497 1539 1649 1654
1892 1912 1879 2765 1799 1784 1794 1796 1964 1973 1956 1831 1883 1903 1961 2692 2697 1855 2752 2679
222 2091 2003 159 275 2828 260 2106 2015 2799 2159 72 370 2081 349 65 1986 2138 1997 109
446 495 21 118 497 51 191 491 402 2825 101 180 420 590 275 604 274 2827 388 216
288 358 2100 31 220 363 234 1987 517 375 236 347 369 248 2015 233 450 21 265 2033
1590 1640 1464 1699 1608 1669 1698 1537 1605 1665 1552 1674 1596 1502 1651 1467 1557 1624 1631 1664
196 252 162 2015 421 307 2130 105 289 1980 477 471 334 2108 258 21 2034 323 2798 357
163 330 78 325 2027 68 2089 2004 27 461 109 505 2019 264 266 52 259 2804 267 2796
1201 1285 1155 1207 1288 1216 1370 1222 1211 1304 1365 1280 1175 1173 1377 1341 1391 1260 1274 1192
294 373 564 173 2804 2099 201 526 265 74 454 421 21 230 198 97 269 2789 89 426
1721 2684 2600 2174 1657 2228 1760 2773 1869 1668 2593 1648 1696 1787 1758 2784 2756 1798 2581 1711
1142 1188 1066 1271 1152 1052 1075 1150 1249 1267 1159 1247 1103 1054 1165 1035 1162 1033 1255 1106
1811 2682 2270 2700 2724 2713 1853 1704 2247 2221 2602 1752 1841 2248 1821 1829 2649 2684 1959 1830
2334 2386 2396 2490 2259 2478 2337 2257 2423 2239 2333 2424 2448 2492 2483 2446 2254 2414 2470 2357
73 356 201 311 298 300 453 508 205 90 69 172 185 169 468 2067 443 2028 409 223
1206 1305 1260 1399 1193 1265 1165 1201 1378 1244 1266 1283 1364 1219 1349 1226 1170 1275 1380 1195
224 2039 264 68 2747 336 118 389 479 2037 2052 2151 2054 77 458 2059 133 343 280 340
1188 1223 1274 1225 1178 1267 1281 1161 1250 1150 1170 1265 1195 1277 1304 1260 1203 1164 1153 1140
3 299 2122 407 185 438 1988 2796 2817 119 153 351 184 2010 2009 2012 281 2826 445 452
105 324 376 31 117 273 513 2798 37 315 340 159 1994 267 356 282 253 2089 7 322
2453 2494 2585 2468 2506 2482 2573 2484 2438 2537 2376 2361 2373 2517 2475 2356 2528 2525 2462 2446
2228 2791 318 353 316 2250 2268 2754 2094 1790 62 63 2162 1823 2690 358 1975 328 2748 2728
1922 1953 2716 1834 1855 1936 2718 1778 1927 2755 2698 1800 2740 2727 1898 1836 2705 1921 2685 1871
2189 2250 2826 2353 2141 2217 2304 2817 2285 2275 2116 2708 2348 2709 2764 2333 1978 2147 2257 1820
24 284 64 2 2827 2781 160 441 116 150 36 245 140 1979 155 298 304 2829 107 2054
491 606 407 314 516 439 561 453 598 362 609 400 707 244 337 403 335 532 454 575
81 294 317 2830 186 223 2059 208 501 386 10 2111 117 34 2033 418 39 2808 497 2105
656 691 854 638 912 910 697 955 624 648 939 707 654 846 651 613 875 631 942 808
1520 1547 1563 1588 1600 1449 1711 1510 1715 1555 1512 1625 1661 1669 1556 1519 1577 1453 1489 1671
2715 2751 1988 2031 250 2795 2535 1951 1931 2696 2595 205 238 2768 1752 2735 2827 217 2026 2224
1118 1164 1111 1069 1059 1041 988 1006 1028 1071 1217 1020 1017 1062 1004 1199 1194 980 1008 983
650 706 718 579 661 628 599 614 626 717 832 792 760 662 880 798 865 694 728 767
1522 1541 1576 1426 1615 1434 1717 1608 1581 1625 1480 1698 1535 1715 1673 1681 1549 1646 1568 1573
2619 2642 2664 2575 1780 2671 2626 2658 2579 2688 1749 1754 2648 1785 2609 1792 1744 2622 1784 2686
230 329 44 479 503 2137 477 248 2736 184 2735 2716 72 1987 2007 2029 2806 58 2014 2084
119 306 2829 445 411 375 2030 189 2123 443 2089 36 172 237 407 156 464 205 43 105
1433 1667 1400 1497 1624 1422 1526 1534 1631 1700 1461 1413 1686 1511 1404 1450 1454 1593 1426 1578
1638 1706 1732 1444 2701 1678 1467 1531 1778 1698 1508 1680 1761 1576 1571 1749 1729 1770 1652 1535
332 2119 182 287 41 52 450 2780 205 234 2756 12 2763 1969 339 2020 2205 2084 2182 2127
1561 1583 1665 1604 1506 1573 1656 1563 1671 1639 1678 1642 1663 1507 1655 1676 1690 1526 1553 1637
206 2801 371 34 1981 2782 2167 2723 2140 400 80 2221 2185 109 2119 267 37 413 2031 2157
245 2111 1971 308 2785 75 2034 2094 2217 2192 1976 2157 2007 2140 2741 81 371 2027 38 455
181 2821 128 201 311 2091 336 2830 2815 2175 2053 2004 284 289 72 84 115 2171 2769 318
1683 1702 1675 1721 2709 1687 1504 1696 1732 1491 2704 1777 1546 1567 1596 1779 1748 1648 1446 1501
1895 1904 1796 1952 2765 1976 2230 2775 2695 1803 1966 1940 1923 2700 2714 1953 1821 1827 1868 2729
890 943 843 881 873 856 930 866 915 907 925 981 851 879 875 861 864 648 928 659
