593 647 734 643 626 735 12 569 17 65 664 71 606 644 591 80 67 663 594 602
100 710 89 628 703 112 98 6 760 635 658 74 117 655 691 623 711 79 677 729
407 1078 422 406 451 1084 1077 1018 1067 1088 1085 444 1063 467 1051 425 466 449 453 1081
1040 1048 1085 1070 421 425 432 1074 1071 1081 456 444 427 406 1053 1018 419 436 1015 435
1062 1069 431 434 406 1075 1073 464 1045 440 1052 460 442 1042 1076 1078 439 401 444 410
658 703 622 594 83 701 122 130 746 712 733 750 16 606 108 643 595 111 749 673
757 762 676 755 693 110 116 678 91 673 132 705 101 127 119 107 100 702 90 769
118 746 75 692 97 80 682 657 759 99 733 101 611 71 629 744 605 672 656 762
958 1031 1034 967 1029 1030 431 427 959 408 941 1039 1025 402 405 942 1041 415 1043 969
97 681 124 613 682 615 769 128 716 735 111 671 84 741 104 87 663 704 78 662
567 614 692 573 606 529 538 554 578 604 685 117 559 546 667 627 620 613 500 116
500 539 1138 535 1106 1109 575 555 530 511 552 524 1126 567 1107 1122 573 526 1135 1131
435 1053 1071 443 400 427 1072 475 426 458 1043 436 403 1051 419 409 418 406 451 1086
971 1007 942 1011 966 992 946 998 970 962 964 1013 940 1016 1022 952 1005 995 1017 1000
495 565 479 478 557 1103 620 610 599 555 530 561 1106 593 570 531 1119 1113 504 595
661 666 742 711 119 129 594 696 699 633 105 629 704 2 126 758 619 127 641 79
453 1064 1052 466 401 462 433 1079 439 1056 1062 1049 469 1059 461 444 449 1080 450 1076
72 709 755 93 97 64 73 678 80 66 16 740 663 700 739 95 698 714 8 107
90 110 754 680 665 618 608 719 750 663 747 691 95 124 734 737 701 702 131 609
404 432 469 411 476 1040 1065 1047 406 1067 437 427 403 417 1018 1075 446 1073 1037 1022
594 654 720 738 14 87 85 640 540 614 629 563 708 576 601 0 82 733 16 627
75 102 746 109 719 698 723 14 62 18 727 639 623 696 85 688 734 745 633 95
669 714 720 17 94 708 75 81 738 751 630 85 606 767 736 106 750 727 3 701
81 114 124 705 640 750 735 117 684 93 121 605 645 64 67 12 721 1 100 68
131 744 116 752 705 87 766 119 91 729 656 716 720 674 740 132 701 706 708 730
418 1089 1030 1035 426 434 408 1087 1102 1049 472 405 1081 1027 1037 1095 1099 1082 496 486
963 970 1004 942 950 977 978 1027 954 1024 981 962 969 1003 1029 1010 946 974 1026 1006
514 1132 516 538 511 499 510 526 1118 1116 1124 1114 1123 1139 534 1119 509 1127 523 530
401 438 1079 1073 1084 1078 1034 1043 402 428 1013 1035 440 1039 1075 1083 1048 450 1020 400
77 747 121 759 648 68 703 687 668 91 736 659 72 731 704 676 116 717 642 111
641 721 742 84 737 657 659 731 655 724 75 77 740 66 67 656 13 725 24 712
612 693 607 128 593 101 764 678 762 671 703 628 711 127 613 107 558 664 572 754
1018 1036 422 432 1004 976 416 1010 429 405 961 1020 1011 1019 1029 970 428 1037 944 969
645 663 80 599 88 739 18 607 677 20 604 732 603 623 695 747 724 596 110 83
629 701 691 754 93 590 766 570 567 620 704 111 566 655 593 97 759 712 740 90
107 662 758 75 595 106 616 10 98 87 676 756 768 702 103 672 607 643 129 117
103 742 679 761 769 663 659 104 735 69 622 701 91 723 106 626 619 98 767 734
481 505 474 506 1135 498 542 1111 1128 1118 537 1131 1116 1134 484 1133 479 527 487 427
126 750 632 757 118 716 108 674 92 743 719 633 768 131 767 690 718 748 107 693
606 696 620 761 115 558 711 548 605 127 101 540 767 129 590 616 592 703 110 614
418 434 476 404 1060 472 1042 1094 1052 465 1028 462 1038 1065 407 468 1053 431 440 1077
491 1096 414 483 1083 546 416 497 1086 500 549 496 475 1090 487 551 1110 477 503 413
618 663 754 106 14 605 101 3 560 8 714 704 636 76 716 559 599 637 550 669
14 65 5 661 655 727 629 643 712 21 737 84 733 658 71 61 59 13 83 60
14 642 711 0 662 12 716 626 627 634 720 592 652 1 20 732 735 637 633 74
117 714 737 614 598 597 669 744 617 679 667 748 767 755 753 680 606 723 126 759
670 711 688 130 620 651 613 725 679 65 129 621 17 70 617 107 734 89 618 18
941 954 966 946 1023 953 943 965 1028 957 968 955 947 1022 969 1031 974 940 1021 973
10 712 20 642 593 657 24 5 19 742 719 23 83 717 65 61 652 699 76 68
478 1110 482 538 466 1100 505 1117 431 1112 1082 430 491 537 1116 481 1143 509 464 487
694 704 667 117 118 74 696 72 659 675 693 127 657 131 754 709 751 736 111 70
535 542 499 561 1144 555 541 603 558 539 616 494 574 573 528 1121 480 598 1118 496
993 1000 1013 989 1007 1017 1012 985 1010 980 976 974 987 1005 986 1002 973 991 1001 995
16 639 578 24 735 3 579 729 728 662 9 6 71 23 66 20 592 590 634 718
703 765 763 622 682 756 106 746 105 124 97 710 104 679 112 77 75 680 131 611
72 736 642 726 93 96 740 708 116 731 750 747 97 634 127 656 62 645 650 80
471 1119 470 491 1123 494 477 1108 509 537 455 480 485 461 1086 436 448 506 472 1090
125 712 82 678 85 83 754 691 76 0 694 104 80 6 97 123 637 650 94 92
449 461 1067 472 1055 460 1061 1079 446 1048 437 1060 464 435 467 466 463 1059 474 450
660 699 741 118 108 575 693 598 745 126 83 664 109 610 86 768 747 98 733 614
71 724 84 735 654 663 19 9 0 18 83 63 13 646 662 4 729 629 16 131
78 728 632 755 88 100 712 636 653 6 67 1 669 21 711 639 63 132 117 717
579 607 592 569 626 629 531 542 553 565 649 675 539 537 643 650 636 599 701 702
111 674 122 680 115 692 697 747 612 633 702 121 766 626 681 748 685 757 762 677
81 107 687 129 110 674 734 722 761 673 694 748 697 704 109 693 669 121 702 707
1118 1133 509 525 1143 513 497 510 508 1130 500 1107 471 1137 539 535 482 1138 496 1144
466 1081 449 1083 1080 1073 506 499 407 1050 420 424 465 427 401 503 444 1094 437 1043
494 507 1098 477 1105 1127 1110 564 560 481 496 518 561 533 516 466 537 482 556 1140
492 548 608 475 1091 1098 597 1094 497 571 1112 1106 1089 1092 538 1096 482 1107 543 507
89 129 735 654 710 739 663 99 706 677 762 116 675 91 65 699 753 720 666 707
117 625 664 667 631 634 98 83 678 694 750 579 614 107 119 607 657 679 755 566
633 715 13 744 575 630 92 701 735 594 742 65 740 9 661 592 739 657 590 59
501 1112 523 482 489 502 1137 476 464 499 1125 1103 1127 504 468 473 530 510 540 1128
1113 1124 517 478 1130 507 1105 1143 1133 514 488 1112 511 1094 519 1101 492 1111 533 524
603 669 607 569 119 563 674 744 606 548 99 110 661 594 595 561 570 751 755 550
474 1078 411 450 1092 494 1095 1098 460 1068 531 1072 455 1051 409 465 1093 1043 1090 1120
71 728 747 726 82 113 65 725 703 731 80 706 123 84 13 59 650 655 661 67
960 1024 1015 940 952 1010 1035 416 1029 400 424 1020 403 401 959 418 1041 958 430 1042
615 691 675 678 617 695 596 113 697 761 112 559 545 682 108 547 548 96 558 752
694 707 741 623 659 124 79 627 713 743 718 11 723 90 70 674 663 660 760 607
9 719 740 12 650 663 731 128 7 651 4 60 94 721 59 639 627 713 643 646
957 968 980 979 974 1035 940 944 966 953 1019 1011 945 1022 959 1013 954 1026 1020 1016
120 661 745 124 69 748 749 82 618 760 625 686 768 92 757 679 613 98 658 14
562 608 666 665 698 675 546 630 112 541 533 565 111 676 591 623 110 699 594 627
97 679 125 660 90 116 766 756 609 671 698 624 759 705 740 86 709 712 667 751
617 686 677 553 674 97 697 568 709 604 689 675 565 679 614 607 752 747 756 616
9 650 76 73 709 26 74 593 87 662 708 5 69 640 16 626 718 82 735 729
625 655 619 16 732 656 654 697 603 709 672 570 703 720 673 643 125 657 615 71
487 1088 562 1145 423 439 498 1111 1091 554 553 505 469 1076 557 542 408 1110 432 405
402 1022 1087 439 1016 1029 1006 415 1015 433 1074 1049 1071 1020 1066 1043 951 1007 434 1033
426 1087 1052 476 473 1029 406 413 1047 1037 436 415 1021 434 1027 1098 416 410 1096 1090
529 541 489 599 610 553 606 496 485 545 568 534 479 597 1127 484 1130 562 558 1136
417 1043 440 430 1022 1026 443 1047 419 420 1014 1078 1098 1081 1023 1067 1071 1095 429 1042
654 712 639 71 131 2 645 599 118 4 128 600 741 699 591 82 719 646 626 66
712 732 83 745 659 669 91 656 743 731 67 729 115 95 79 636 128 75 697 59
78 130 629 123 86 670 702 696 92 15 631 764 751 639 719 705 120 747 650 81
506 530 470 481 542 484 1119 1143 501 1138 491 487 568 464 466 537 510 1115 1133 536
718 739 662 7 642 709 714 752 4 745 121 727 720 663 645 87 99 12 76 736
712 722 97 0 100 666 6 61 648 96 697 87 720 16 121 80 714 737 733 653
113 757 685 745 689 91 654 109 684 698 664 624 674 626 706 630 659 676 111 688
77 627 597 95 661 129 112 728 712 573 604 666 118 590 730 119 664 725 741 73
592 597 567 566 546 11 650 548 538 563 668 615 663 637 604 602 601 543 666 655
674 748 627 659 79 676 700 72 616 126 684 683 713 735 698 664 106 111 618 69
75 643 112 743 709 668 669 667 21 63 754 100 742 722 102 129 66 19 579 80
706 755 768 738 700 747 681 713 692 707 87 112 116 118 696 103 743 80 703 662
116 704 708 77 606 85 759 71 105 764 745 608 128 636 705 619 688 121 738 96
948 966 1015 1004 1026 1013 961 974 1016 949 953 959 1024 964 1008 1011 973 956 979 972
551 613 496 629 494 606 568 557 625 668 116 540 607 1145 701 612 550 119 617 112
103 658 91 602 18 675 82 623 684 672 606 743 725 113 118 605 644 108 768 92
667 757 109 709 105 624 126 604 706 702 84 699 612 686 752 108 676 762 608 711
556 611 486 685 120 691 548 113 571 550 561 536 554 678 489 681 618 609 673 112
67 740 80 725 123 104 741 77 754 650 726 714 90 700 3 79 97 70 638 103
553 611 680 112 674 617 535 113 482 687 703 694 489 696 669 688 496 571 499 1145
122 716 702 74 765 731 679 92 1 13 759 701 665 14 125 750 739 715 687 699
714 740 639 701 7 638 667 665 644 753 104 60 68 90 746 728 663 630 8 664
68 656 651 69 713 13 71 64 66 125 72 11 592 645 132 714 640 14 127 578
96 663 759 628 606 660 693 737 766 668 748 694 674 683 610 634 639 615 627 740
969 981 957 991 944 1012 987 977 963 990 1003 986 1011 1024 985 1009 976 949 1018 975
460 1068 1079 1062 459 450 1078 474 1076 1048 1077 438 1058 1047 434 1080 443 440 456 1072
405 420 1068 1046 1091 1094 1072 1083 1099 1039 1051 1032 1034 415 1036 1085 1078 424 1069 1059
656 728 77 706 92 716 639 579 590 61 79 638 622 662 577 708 132 717 81 16
91 767 102 745 698 737 682 82 96 664 121 677 95 670 111 718 717 673 700 117
85 716 86 99 663 13 642 646 17 128 711 755 96 750 637 728 122 665 2 655
27 59 639 14 25 729 7 723 1 17 5 650 717 62 642 13 716 725 70 9
121 694 703 621 72 95 660 599 658 111 679 80 110 752 712 92 668 707 711 608
112 663 592 768 671 616 12 705 610 609 1 754 111 651 7 695 81 602 665 68
616 664 558 700 561 717 564 103 637 687 115 657 603 656 609 746 129 649 108 548
13 721 723 732 656 636 84 734 716 662 709 24 19 649 79 14 635 728 78 22
1028 1041 1020 1045 425 956 1085 1022 1011 422 405 1049 408 400 963 419 1027 953 1040 413
991 1004 984 997 1007 1008 983 1021 979 998 1020 980 965 1012 978 971 967 977 969 1010
1049 1061 423 435 1010 1041 417 447 444 455 409 1040 1051 1048 1045 1013 448 1014 430 403
504 536 494 1132 530 470 482 554 529 546 522 567 527 476 509 463 465 562 559 541
969 973 961 945 964 974 1018 1022 940 984 993 1005 1004 954 1001 994 962 967 1008 968
16 633 113 660 652 127 708 75 605 70 667 12 26 112 735 81 126 58 649 15
89 728 61 130 714 90 20 752 731 727 721 644 23 70 742 659 711 746 69 747
673 679 668 601 752 109 626 711 101 669 671 688 116 746 115 709 99 105 764 701
541 556 595 555 543 492 506 621 1138 483 504 574 549 548 499 598 533 579 564 531
693 761 702 763 619 98 754 611 624 699 752 119 109 758 609 623 768 122 120 748
480 487 550 465 555 506 1105 475 474 1086 1083 503 1085 478 1102 507 493 1084 1108 552
124 628 622 125 716 3 701 739 603 665 736 574 566 609 103 104 112 110 738 666
82 749 107 699 769 132 689 655 637 693 125 713 93 764 638 635 698 703 681 724
1048 1076 452 1009 445 413 1040 1063 1083 462 1046 419 412 422 1065 426 440 1064 472 446
971 979 999 988 1011 949 967 984 962 1010 953 946 941 975 948 986 955 987 957 959
408 1090 424 495 1020 472 420 436 437 476 422 423 1069 1100 1027 1099 474 1050 1091 1034
531 545 623 510 543 618 1139 533 1117 1123 617 493 492 1138 622 600 1140 507 1135 505
0 639 645 642 732 719 728 81 11 723 641 656 715 579 720 718 630 626 10 647
66 715 9 75 749 20 92 86 84 729 2 664 726 63 708 633 0 131 638 76
576 645 16 728 632 717 76 60 657 527 70 543 636 529 534 569 73 537 714 63
507 541 482 548 493 523 488 537 468 546 576 577 1144 561 473 540 1128 494 480 475
409 429 442 1034 432 1032 480 419 1025 478 1075 1083 418 430 423 1068 1053 1096 1031 476
