348 667 41 714 106 50 40 80 675 51 5 698 684 20 324 696 703 647 652 340
262 707 722 84 278 5 659 120 293 17 128 229 159 721 699 272 14 735 150 72
981 1012 1051 1061 1060 1016 993 1021 967 945 1011 1033 969 994 943 1020 1038 1023 999 1041
693 708 141 104 174 664 27 93 740 711 13 257 245 670 170 68 663 262 665 660
176 736 879 198 748 216 697 267 220 257 738 244 873 729 699 265 178 730 241 246
394 584 377 439 580 429 623 579 555 625 573 605 576 565 613 590 416 391 378 424
146 729 706 212 763 759 726 124 702 171 228 90 276 715 142 275 251 348 4 352
1028 1096 1082 1043 1105 1029 1095 1134 1090 1127 1054 1092 998 1014 993 1086 1117 1077 1033 1055
582 611 590 411 636 649 400 587 638 550 645 570 557 591 559 631 629 634 599 625
1000 1037 1018 1038 975 1036 1032 1090 1034 981 983 1042 1107 1070 976 1097 962 1105 1022 967
518 550 568 558 465 571 530 559 582 549 497 529 541 484 566 463 522 470 462 474
312 334 58 301 664 278 287 362 673 121 74 64 332 689 288 344 7 81 297 360
738 763 707 147 804 884 709 797 255 783 213 796 185 217 172 785 179 193 784 156
793 819 796 772 824 794 769 841 774 762 851 827 802 789 837 834 773 801 755 758
223 739 252 933 147 932 210 769 941 745 922 894 750 963 697 960 243 704 148 213
457 492 440 551 455 459 410 552 447 408 532 435 419 563 508 417 475 443 514 502
753 878 761 736 159 187 775 750 160 918 914 215 905 724 166 211 916 198 170 749
396 574 392 582 437 553 433 360 420 414 386 567 616 366 431 370 448 439 429 611
444 490 513 525 427 554 594 477 522 403 589 407 523 568 420 467 455 421 445 573
459 470 429 568 419 447 505 455 552 516 479 565 507 473 446 493 443 423 441 433
12 85 310 122 53 638 99 653 146 75 694 113 84 647 60 126 32 112 641 643
3 79 140 12 299 652 48 332 668 58 110 127 137 22 90 684 106 687 145 36
903 938 927 908 978 228 216 919 910 205 220 967 865 955 874 951 859 217 939 917
641 683 87 114 647 673 111 117 125 609 135 116 100 163 30 369 103 313 625 17
944 965 925 222 936 937 934 995 929 938 987 971 1007 889 205 953 762 769 760 207
762 963 187 780 876 758 943 742 170 775 191 997 882 982 211 994 886 219 759 226
147 736 716 164 217 717 123 249 191 712 760 121 99 170 669 102 355 178 658 216
362 664 67 104 334 644 677 146 632 10 364 384 366 684 11 84 337 34 156 368
379 393 600 598 594 568 383 368 597 422 421 426 555 394 595 364 388 610 620 389
433 582 399 427 468 614 417 560 575 431 569 606 603 590 549 379 604 605 567 595
456 469 514 411 488 410 414 570 551 435 563 482 449 491 442 541 478 490 502 511
179 756 772 728 876 766 875 742 172 218 738 222 743 732 769 157 792 224 694 176
22 676 357 62 113 146 92 667 87 106 655 65 59 143 6 70 111 147 26 693
409 575 400 392 420 588 608 548 454 428 541 446 458 631 620 613 440 378 551 624
812 856 830 839 778 838 878 848 766 835 867 782 788 772 767 837 874 873 771 882
446 490 501 522 569 554 557 573 482 465 544 504 539 471 491 476 530 570 403 567
174 697 705 278 660 743 696 114 154 285 134 724 751 151 711 293 765 714 704 299
160 758 211 738 168 752 749 742 751 789 693 124 745 704 669 887 772 784 776 189
391 566 569 450 366 550 364 529 421 374 447 406 460 396 549 620 409 548 390 588
213 970 206 183 933 927 981 1003 950 757 740 223 218 996 195 767 743 952 179 928
317 671 697 13 642 27 641 277 7 122 96 24 103 117 636 99 335 359 290 116
66 99 149 134 130 692 331 42 673 698 145 92 707 12 658 294 298 55 688 704
117 347 90 135 703 302 119 351 294 30 140 725 116 142 286 711 346 345 669 281
1171 1205 1152 1155 1194 1162 1170 1200 1180 1164 1168 1187 1172 1176 1149 1174 1163 1144 1206 1161
255 704 123 302 689 227 108 279 183 107 234 666 111 667 269 167 87 14 265 285
3 59 667 308 316 129 44 34 71 107 11 715 89 633 713 647 83 675 122 92
412 461 608 453 590 583 585 415 611 578 396 598 574 434 433 393 580 401 439 421
831 865 825 847 826 860 912 835 854 841 788 769 772 905 762 813 868 819 856 851
173 732 184 259 154 219 760 766 195 883 249 215 198 165 254 705 228 153 725 771
1031 1078 1036 1056 999 1122 1016 1098 1040 1049 1117 1109 1010 996 1108 1058 1067 1051 1005 1107
324 346 366 312 364 115 302 319 355 329 357 678 323 664 313 112 103 347 78 351
113 701 347 70 173 78 98 165 154 679 123 725 297 318 264 728 299 147 730 699
140 719 90 62 346 694 287 74 295 93 699 105 88 366 757 333 205 728 208 122
1044 1098 1001 1075 1113 1102 1109 1128 1032 1085 1124 1048 1099 1066 1081 1067 1054 1026 1125 1076
753 876 794 903 176 856 906 175 224 197 880 731 754 936 208 889 757 755 162 735
119 721 743 89 335 718 121 196 30 42 334 157 750 328 253 270 51 133 125 304
60 305 659 38 135 695 272 97 83 95 668 336 289 141 288 690 59 329 654 707
42 675 69 664 155 17 634 23 65 349 663 309 636 360 6 47 713 691 111 666
1025 1068 1002 1031 1108 1074 1056 990 998 1078 1055 1013 1071 1001 1034 1020 992 987 1072 1095
469 553 486 436 562 423 453 557 393 497 584 408 488 586 573 516 509 444 409 532
595 614 643 590 401 608 392 588 610 437 648 433 652 601 599 611 576 410 564 416
987 1024 982 1035 1012 1039 999 1009 988 1098 983 1102 964 1049 1094 959 1037 1047 1089 1074
889 931 949 210 965 932 953 857 759 870 219 748 885 954 217 928 764 867 760 744
876 892 870 864 938 921 943 770 925 875 743 879 769 850 902 901 906 854 746 172
888 941 982 863 949 929 749 965 207 232 858 865 759 903 905 215 751 923 861 210
483 548 480 550 473 485 533 491 520 449 487 537 583 564 525 541 532 442 437 488
493 552 530 576 455 570 489 574 504 581 494 464 467 497 527 573 492 471 541 479
215 947 736 246 200 954 940 936 957 753 766 748 961 742 184 980 949 178 197 724
1052 1102 1093 1013 1099 1098 1100 1006 1059 1124 1049 1092 1090 1119 1056 1034 1108 1126 1084 1105
109 692 20 78 299 307 670 150 28 74 327 77 296 726 251 167 108 319 731 136
400 630 592 407 625 611 564 633 438 584 594 410 619 617 557 409 671 616 387 631
54 71 135 681 318 80 308 9 122 108 107 669 686 105 114 110 305 81 668 92
300 327 119 679 692 92 284 110 678 305 274 84 95 663 144 701 316 134 138 691
119 719 211 115 703 93 663 151 320 52 45 161 660 206 744 233 739 41 754 43
152 744 683 151 778 203 131 695 692 889 768 685 701 761 252 666 207 211 723 220
86 659 36 94 99 636 346 23 322 60 698 67 680 657 638 315 683 109 130 294
411 577 439 444 426 599 395 425 386 419 552 414 464 604 451 420 584 566 379 393
244 261 281 239 726 729 711 737 744 713 245 246 292 268 271 740 692 722 731 232
220 957 993 251 953 975 764 946 189 773 247 986 225 226 250 200 253 233 254 961
25 657 687 142 685 659 58 130 697 634 338 653 144 694 662 24 647 13 62 674
423 568 547 611 413 571 600 383 617 605 540 575 560 445 466 545 424 557 392 587
499 529 474 493 486 470 537 554 484 512 567 524 532 498 479 535 550 506 489 473
5 68 50 658 16 117 127 46 312 107 703 22 644 65 673 662 91 125 143 308
282 310 316 114 687 101 58 275 343 106 714 277 135 30 37 103 304 65 40 716
713 729 254 109 134 750 117 292 696 230 283 16 196 168 694 678 104 142 662 734
173 203 732 757 881 944 238 740 943 222 233 759 234 937 966 752 938 708 728 212
114 669 56 124 33 698 677 104 82 676 149 107 358 341 81 656 351 285 325 635
432 473 508 475 468 500 436 599 413 446 582 463 571 415 567 584 583 441 433 581
247 693 281 13 702 236 248 135 264 11 100 273 667 259 155 290 653 153 17 647
150 739 106 721 134 891 741 733 686 662 703 157 102 670 171 90 199 751 694 738
141 670 294 17 311 106 727 337 682 24 148 281 662 1 0 687 686 353 335 310
108 697 137 97 742 153 687 290 735 676 24 324 73 240 246 280 270 700 710 713
224 746 889 944 152 763 151 211 757 191 239 945 253 206 748 736 160 190 237 920
228 769 801 867 952 239 733 868 746 796 919 750 219 719 926 168 712 721 882 715
237 928 891 700 263 727 884 207 236 741 266 918 268 204 913 749 959 259 880 754
804 837 801 850 870 840 779 800 811 799 857 821 797 851 796 865 825 763 783 847
228 754 930 249 890 265 953 176 952 885 948 251 941 212 232 939 217 205 191 794
46 82 131 15 7 667 14 23 696 697 332 73 708 654 128 6 101 133 92 127
934 950 968 911 883 223 971 947 880 753 987 209 922 897 980 975 928 972 206 202
93 307 721 46 302 30 328 148 276 711 309 137 672 16 40 34 132 719 87 121
873 893 869 741 743 919 903 746 877 846 831 895 843 937 175 899 847 769 181 755
409 601 589 644 579 566 441 619 597 430 442 414 407 555 424 600 398 458 381 447
231 724 151 277 734 147 267 936 261 714 111 214 135 239 728 940 735 745 930 213
211 249 723 275 260 741 759 947 709 171 949 246 258 271 185 228 742 737 270 178
429 595 619 470 640 565 575 562 421 440 578 434 417 416 458 475 471 464 445 616
324 679 92 20 148 292 314 23 281 43 638 294 712 132 150 288 70 344 287 695
301 341 363 297 698 307 686 362 713 688 89 125 350 345 144 80 664 128 123 292
31 679 17 696 726 106 128 65 641 143 9 324 695 133 709 15 666 104 639 672
125 140 355 686 56 336 61 287 334 312 108 166 36 282 170 10 111 63 23 172
659 673 61 22 717 695 707 654 19 694 647 688 311 68 681 14 83 93 73 700
604 647 637 639 388 417 584 25 390 348 571 688 669 692 675 392 14 593 420 651
41 664 17 350 648 667 11 340 360 38 137 111 85 310 64 103 4 32 157 649
622 634 615 397 612 617 601 605 666 419 638 636 405 595 364 619 369 608 611 667
763 869 743 845 787 873 728 197 729 848 851 898 764 843 201 179 208 857 793 876
139 355 278 299 119 310 41 36 357 718 32 692 101 26 323 709 661 141 672 359
335 658 344 62 79 638 298 33 8 40 18 631 137 682 636 345 85 29 699 71
1057 1108 1113 1138 1031 1118 1123 1049 1141 1095 1008 1025 1122 1134 1009 1098 1070 1145 1058 1042
175 214 210 248 726 155 206 233 237 161 240 181 138 723 883 768 748 151 760 212
131 361 660 360 163 716 631 101 345 39 338 358 674 282 33 288 708 384 148 146
52 115 686 724 39 93 725 695 144 114 13 338 23 655 335 653 662 70 89 660
874 889 914 875 932 918 915 870 902 859 943 836 904 773 871 182 917 900 912 945
665 697 282 295 288 131 68 259 268 253 364 255 624 710 51 75 97 25 677 141
1029 1065 990 1102 1066 1032 1030 997 1031 1038 1086 1081 1043 1054 1059 1071 1068 1018 1107 1104
786 838 847 793 827 874 798 764 865 806 758 868 814 771 794 782 791 813 819 772
421 452 579 604 488 560 591 393 475 554 621 446 428 443 460 430 478 407 450 434
47 130 106 290 56 331 143 59 7 348 352 664 330 31 671 76 167 280 158 154
587 603 649 385 573 436 601 616 609 604 640 630 558 570 444 419 395 399 596 582
347 650 667 323 696 674 325 338 632 115 104 56 350 109 11 70 630 134 86 103
899 928 875 889 215 862 909 208 880 871 945 235 891 233 234 915 882 947 954 232
182 773 229 198 714 201 819 147 743 806 715 748 855 186 209 719 704 771 161 746
72 128 315 341 79 44 350 54 336 692 101 146 120 653 140 155 100 138 160 320
349 679 104 637 72 123 129 659 323 39 75 133 368 135 136 693 673 145 643 141
215 939 896 978 231 917 716 189 971 895 767 732 905 219 217 773 203 731 963 722
183 882 897 929 173 215 150 142 155 874 861 876 214 144 176 914 169 732 925 213
33 656 659 46 686 81 66 7 35 683 688 358 93 634 708 631 641 51 34 669
62 316 117 658 11 101 344 76 19 684 113 96 109 143 272 59 68 340 311 682
180 748 723 868 888 711 779 703 151 716 759 149 773 758 226 233 739 238 743 219
561 572 594 420 388 403 543 597 571 443 520 448 381 544 467 393 517 509 447 412
116 343 144 360 32 342 108 332 141 103 721 57 704 340 158 156 150 680 75 61
0 76 700 658 698 666 130 6 328 95 67 709 324 127 316 643 638 642 85 27
1134 1157 1181 1192 1205 1193 1105 1136 1143 1164 1099 1125 1095 1154 1206 1184 1169 1163 1188 1100
102 686 301 89 7 294 715 14 672 46 90 123 62 170 706 292 661 151 126 150
268 725 722 170 243 265 713 308 188 116 252 257 683 113 112 238 128 245 130 171
197 731 163 200 761 185 232 719 236 189 216 222 212 690 705 747 169 723 771 135
1171 1203 1144 1153 1136 1201 1150 1165 1156 1143 1182 1184 1167 1187 1177 1172 1170 1194 1146 1183
2 677 312 98 13 75 659 70 52 31 639 60 358 331 325 658 311 316 321 3
216 773 869 761 929 179 822 812 810 880 818 756 749 956 966 725 716 752 881 785
163 754 783 688 139 775 132 770 716 141 784 133 676 168 693 701 786 181 883 777
1168 1202 1196 1169 1179 1161 1139 1177 1176 1164 1160 1167 1148 1199 1143 1146 1188 1205 1190 1166
400 409 594 382 385 630 571 555 566 366 615 370 367 591 423 585 431 416 425 631
