1315 1358 1258 1417 1389 2244 2214 1394 2157 1296 2254 2194 2250 2357 1434 1284 1427 2251 1307 2134
538 2142 1295 499 1306 492 1231 2146 1319 1287 2219 1309 2148 1334 2145 462 596 2127 1237 1328
28 48 900 791 849 935 56 34 866 823 858 5 853 861 915 921 817 49 813 807
1274 1395 2166 1371 2163 1349 1409 1323 2197 2149 1363 1433 2147 1343 2189 2363 1376 1273 2247 1299
1542 1680 1600 1650 1642 1515 1651 1571 1528 1601 1683 1602 1661 1556 1516 1546 1505 1499 1657 1616
2205 2256 2229 1431 1275 559 2218 531 525 547 471 563 1301 1262 2208 2224 2200 464 2275 1244
1032 1055 262 316 1061 405 276 360 1016 1024 1046 1010 375 377 1077 404 352 1043 282 389
366 394 457 1046 1054 306 466 1019 372 419 1060 361 308 392 1052 364 323 405 1047 343
293 1029 1058 266 1005 993 1008 312 339 374 341 1061 286 365 1032 355 1033 369 278 380
703 721 662 2025 1954 725 774 2029 777 1937 728 2011 1929 726 708 2016 1927 2037 1998 690
1124 1162 1127 1150 2363 1179 1098 1165 1190 1159 1184 1095 1202 1173 1144 1147 1100 1187 1125 1108
618 637 2098 1916 2111 1952 1938 1903 1950 1935 2113 649 1948 1965 622 644 607 1971 2093 646
767 1916 1959 710 628 757 1993 719 1983 1956 825 1915 716 739 1934 770 1942 1902 2025 1908
1753 1838 1814 1723 1827 1756 1822 1808 1736 1765 1825 1703 1820 1757 1737 1709 1755 1791 1721 1762
761 769 1958 1959 1912 1960 746 779 718 740 787 1971 1928 1973 778 1919 696 2023 687 698
1474 1588 1445 1626 1680 1482 1676 1666 1526 1629 1613 1515 1453 1437 1466 1427 1548 1655 1660 1456
1486 1506 1545 1462 1465 1682 1507 1673 1684 1649 1681 1519 1554 1581 1653 1447 1441 1490 1477 1572
451 505 555 416 584 433 2198 2202 506 2208 425 575 504 424 529 429 418 393 2153 483
1964 1971 680 733 731 2004 653 777 1960 720 2008 685 640 1979 1972 1955 745 689 772 1957
660 705 2030 657 1947 1988 673 648 737 635 762 1956 1979 665 2028 743 768 645 731 692
351 1072 1078 1037 364 314 342 394 1051 1073 329 1038 396 1010 1086 1033 393 1077 1087 318
2105 2120 1411 602 547 1274 2147 2093 501 610 1276 515 2127 594 439 451 2107 591 1296 461
2109 2123 470 579 464 1287 539 2114 1417 565 441 589 523 640 2139 1410 544 555 501 1286
1233 2190 1283 2208 1210 2172 2246 1414 2200 1289 1203 2144 2163 1218 1215 1382 452 445 554 2204
1255 2248 1425 1352 1225 1262 2253 1246 2243 2140 2280 2138 1233 2141 2136 1428 1274 1431 2218 1279
433 2175 2221 1349 573 478 1325 440 1275 2161 1301 490 2118 1216 407 2136 1400 1236 2144 397
1471 1646 1644 1511 1485 1529 1648 1497 1446 1620 1484 1516 1655 1437 1597 1427 1491 1689 1531 1444
1523 1552 1582 1668 1540 1619 1479 1503 1476 1570 1625 1485 1567 1483 1603 1578 1480 1618 1507 1613
2337 2359 1324 1277 2339 1303 1294 1321 1223 2362 1314 1326 2182 1273 2345 1261 1230 1297 1247 1301
678 1958 2023 1938 2024 1968 1962 702 2013 2039 2036 786 637 791 1999 797 756 2010 2021 785
490 559 493 451 426 538 2109 2125 2147 495 596 562 470 517 459 445 2138 520 602 449
743 785 793 2004 1909 2011 1976 1914 696 1899 805 707 790 759 692 672 691 1953 1967 676
464 2119 2107 1310 498 2175 520 546 595 501 487 465 395 585 443 2142 564 393 610 554
844 1993 822 910 670 847 1966 878 21 797 753 853 671 913 880 849 881 748 768 680
762 2015 2018 1986 771 733 781 740 705 1922 1948 685 752 732 820 664 673 2035 819 1926
468 2200 534 523 2127 1406 398 2147 1375 1241 1224 447 2239 1398 2240 1292 553 1388 2111 2124
568 2171 2207 2120 462 2182 2168 2167 1319 493 1307 1305 1317 507 546 1342 419 1337 601 2115
2101 2111 485 572 611 2088 633 2094 476 2130 561 600 562 574 502 2099 508 2112 621 571
1525 1694 1515 1659 1605 1684 1709 1547 1636 1639 1472 1573 1606 1691 1692 1521 1658 1682 1621 1474
1320 1391 2201 1324 2209 2192 2249 1296 2216 2185 2155 1364 2208 2188 2123 1260 1376 1409 2160 1358
1573 1689 1677 1623 1709 1550 1612 1463 1685 1519 1477 1609 1589 1624 1662 1492 1558 1493 1467 1684
1216 2214 1289 1321 516 2168 1195 1354 553 1426 1420 2219 2165 2356 2354 2247 1396 2361 1309 1302
70 877 849 68 112 842 90 1 93 137 862 91 130 858 844 59 131 866 141 881
561 2113 2130 2159 2195 624 623 501 615 479 2133 487 2103 629 2122 628 635 497 504 509
1725 1825 1817 1720 1713 1777 1736 1823 1703 1822 1770 1785 1833 1730 1710 1810 1701 1839 1790 1723
1316 2156 542 440 488 469 2141 564 1271 1405 1367 2238 2152 2359 2207 529 2131 2168 1228 475
328 1006 239 1066 1045 332 1069 216 1016 1004 280 1070 244 352 993 314 385 303 227 345
781 1967 2024 733 789 796 631 659 768 757 1941 2012 686 705 771 1944 1902 697 695 630
1735 1780 1783 1770 1821 1733 1845 1795 1757 1718 1728 1736 1807 1834 1816 1717 1772 1768 1731 1823
58 83 32 879 134 52 64 884 26 871 29 151 84 126 105 909 22 37 125 49
1296 2170 2160 573 428 2205 1397 593 1278 1372 446 447 1412 2183 1260 1282 1297 2156 1240 2176
1709 1725 1758 1728 1801 1700 1707 1795 1774 1731 1804 1723 1746 1833 1714 1749 1777 1790 1760 1802
564 2183 530 2182 2130 1226 558 517 576 546 1424 1336 2194 2169 495 1239 2198 1363 570 2201
1522 1588 1680 1494 1630 1480 1611 1467 1492 1620 1530 1543 1499 1603 1695 1692 1531 1557 1585 1549
1197 1215 1168 1166 2183 1203 1213 1136 1227 2188 1149 1179 2213 1241 2195 1182 2358 2198 1134 2166
1480 1650 1590 1465 1623 1493 1646 1518 1532 1528 1585 1627 1458 1511 1655 1454 1596 1638 1688 1448
1063 1071 341 1034 1047 336 372 1057 357 400 311 361 356 310 1094 1029 344 342 1037 383
556 2133 1298 1255 499 483 2191 2150 2108 1322 1324 597 486 469 2119 1254 433 1315 429 2110
1048 1067 377 334 1023 328 1064 393 345 357 1025 1074 1073 1070 290 324 395 373 1059 358
1241 1254 1229 2192 2200 2138 1226 1233 1296 1213 1287 2244 1285 1268 2233 2245 1266 2172 2145 1252
1137 1202 1110 1155 1218 1226 1211 1197 1220 1177 1151 1162 1215 1212 1203 1171 1191 1221 1176 1100
1158 1175 1126 1157 1197 1131 1165 1204 1207 1137 1180 1149 1177 1133 1114 1162 1143 1120 1202 1116
736 1920 2016 1985 664 669 668 797 808 791 615 1900 679 638 1906 2028 1903 1899 1966 618
441 2128 1325 436 2197 417 1239 2178 552 435 1280 2175 442 1351 1396 1299 495 2146 1250 454
213 250 1007 942 973 1013 1023 209 238 972 174 230 210 239 961 216 204 235 256 245
1110 1117 1165 1121 1094 2364 1126 1155 1132 1130 1090 1152 1162 1102 1114 1135 1138 1134 1143 1127
1402 2198 518 1330 474 2250 519 468 2194 1321 1244 1365 1288 1396 2185 1277 449 2243 1356 447
701 1990 1982 786 2027 2035 849 1981 761 734 753 822 2019 809 797 776 1970 2001 675 2028
1290 1340 2198 2215 2148 1264 2184 1419 1262 2161 1356 2358 2152 1257 1302 2136 2134 1349 1389 1284
191 229 980 210 279 245 265 249 236 173 156 216 998 262 194 952 232 956 275 274
77 102 139 129 902 84 80 8 15 123 76 10 94 60 877 5 135 55 101 79
1507 1666 1503 1583 1485 1533 1456 1696 1660 1544 1499 1460 1506 1542 1559 1575 1681 1585 1557 1469
1511 1563 1558 1686 1575 1624 1580 1682 1625 1623 1560 1504 1534 1498 1520 1486 1579 1677 1689 1701
554 2154 2110 2190 1292 2170 1239 506 2192 514 597 1281 460 1227 571 1331 2167 539 553 488
1078 1099 1124 1049 1096 361 1065 1055 390 379 1105 1066 1136 348 380 345 1106 384 1127 344
787 1915 2021 749 754 637 1976 730 36 1895 1977 2020 632 760 752 640 1953 824 810 740
167 952 251 957 148 202 227 963 954 944 209 183 947 230 185 967 216 943 228 975
1940 1947 1972 787 1948 705 791 1916 773 656 732 800 1967 734 826 649 715 745 731 1939
1414 2239 1309 1293 1366 1269 2195 1307 1336 2282 2221 1272 1295 1430 2180 1341 2176 1355 1390 2274
1487 1692 1497 1703 1572 1529 1482 1687 1686 1679 1689 1594 1598 1576 1511 1465 1637 1688 1461 1605
238 956 277 221 274 154 989 182 261 957 964 159 969 206 937 246 212 982 184 275
2237 2275 2241 2264 1288 1347 2203 1232 2307 2208 2250 1246 1425 1404 2194 1239 1292 2316 2249 1305
1073 1079 339 1055 1046 1081 391 374 355 334 1057 363 366 344 1084 362 359 1090 396 353
610 2121 461 615 434 621 432 558 2131 2156 494 589 521 1409 440 1299 2103 571 1272 527
516 2197 510 1227 581 1397 2116 2204 1225 515 468 2183 1411 1332 1344 1236 1379 1228 558 583
762 1963 1939 727 634 650 646 1953 764 1941 710 705 1946 768 751 709 1915 2014 2027 734
228 1001 186 247 280 264 314 326 293 253 191 246 1003 975 310 206 945 223 189 1018
332 1069 1029 314 1084 366 1003 327 302 331 290 367 1016 328 317 319 1065 382 380 392
1423 2236 2209 2283 1339 1416 1457 1363 1318 1427 1279 2272 1231 2220 1274 1224 1246 1306 1359 1223
180 216 1001 267 952 966 175 201 171 991 232 205 972 234 226 227 993 1011 967 971
517 2159 444 1280 547 483 1224 1238 2131 463 2172 1215 2141 529 587 522 2139 1231 2191 458
311 356 343 349 1009 410 1074 1016 1064 294 1083 1033 1025 330 260 392 411 394 359 375
913 929 902 870 944 866 919 51 868 905 917 29 169 916 869 3 55 25 28 5
308 1016 283 1002 293 258 314 1022 1018 345 340 303 347 312 298 277 222 1028 348 266
856 888 863 68 902 69 48 15 20 914 76 75 5 879 1997 904 833 81 19 850
751 777 1937 729 1920 1919 739 1983 1936 704 1969 744 701 684 691 798 1916 700 2022 1927
1371 2175 2226 1373 1323 1232 2200 449 574 1285 1385 578 1416 1225 566 1430 2162 1403 482 1363
2167 2195 1327 555 1214 2199 478 457 594 1254 579 2237 1390 2255 1222 524 2247 466 1393 509
1047 1077 357 374 369 1045 375 387 372 366 1038 1097 305 363 348 392 322 284 1049 283
2121 2140 625 2162 580 2158 2137 613 2145 534 469 465 540 581 496 525 1296 1228 1323 567
1220 2357 1223 1192 1215 2341 1309 2183 1260 1310 2216 2344 1281 1200 1303 2207 2198 2157 1286 1225
523 566 414 2212 2160 503 450 2173 2120 472 521 429 561 529 522 458 421 2148 519 453
595 2113 553 537 629 514 607 500 2120 522 464 564 630 604 540 2169 503 589 566 628
1539 1619 1481 1467 1623 1584 1526 1655 1565 1587 1703 1700 1518 1641 1558 1465 1647 1485 1646 1594
12 42 65 816 26 905 859 4 801 36 922 911 795 912 933 811 22 33 5 58
493 2191 471 1377 568 430 2187 526 2154 431 2215 582 434 452 413 435 2254 2212 2251 1218
1268 2151 1401 444 1274 468 1351 1378 2123 472 1229 587 519 465 553 2258 569 479 2250 1242
360 1010 1062 285 326 378 373 405 346 1001 1076 1031 212 286 313 231 1019 311 408 314
1323 1359 2361 1358 1269 1262 1419 1405 2141 1338 1324 1272 2233 1330 1393 1384 2185 2359 2228 1435
230 1015 190 291 316 235 318 346 301 1034 1008 1032 295 313 357 1013 276 269 185 364
697 2019 2028 1981 1956 2005 1961 651 690 701 773 675 2004 739 778 2016 751 767 1960 738
595 2170 1382 1408 1420 1310 1396 1315 485 491 474 1361 2155 612 1362 2181 1370 1248 1419 2126
1739 1836 1785 1720 1722 1822 1757 1786 1841 1714 1815 1797 1793 1845 1712 1759 1789 1721 1735 1791
2337 2352 2355 1292 2332 2331 1233 2341 1215 2343 1245 1252 1297 2340 1229 1277 1246 1287 1302 2358
2286 2313 2302 2263 2307 2289 2293 2288 2284 2291 2277 2308 2299 2266 2278 2259 2267 2275 2280 2316
1102 1124 1164 1109 1132 1162 1140 1094 1081 1129 1155 1153 1110 1101 1144 1139 1113 1146 1107 1096
449 2116 392 528 477 391 2111 1417 401 478 415 507 552 2141 627 2124 2184 438 483 433
401 1068 1030 436 1052 344 397 325 390 375 462 367 1054 1087 353 392 338 445 322 1034
1204 1234 2231 1142 1159 2135 1227 1219 1173 2361 1264 1224 1176 2161 1170 1233 2216 1221 1137 2171
1423 1440 2172 1339 1392 1443 1340 2252 1457 2196 1342 2186 2180 2220 2187 2188 2212 1377 1473 1441
374 1035 293 401 342 361 1010 398 297 330 287 1029 305 289 339 1047 1059 275 267 1032
360 371 341 414 1058 1067 1022 1011 1061 332 355 1018 401 1088 1074 330 1071 1015 402 1020
297 338 1010 991 1023 1065 1012 301 329 375 393 386 368 285 359 992 1057 1032 277 323
1485 1659 1534 1506 1538 1621 1460 1649 1585 1553 1558 1497 1566 1569 1486 1462 1470 1670 1586 1527
210 1007 1032 333 194 986 261 957 287 345 951 1018 292 943 159 992 170 944 1027 288
1492 1575 1647 1538 1559 1466 1474 1693 1461 1477 1682 1630 1564 1680 1487 1631 1464 1615 1659 1473
1745 1826 1775 1832 1753 1712 1777 1737 1744 1789 1735 1714 1798 1849 1787 1808 1844 1809 1731 1710
83 893 906 892 851 859 65 902 887 103 854 865 63 899 122 863 0 47 69 860
672 1986 660 2030 710 790 695 647 700 663 843 770 727 645 1974 673 2024 675 1956 1997
277 313 235 319 324 350 246 281 308 364 1020 363 1060 1030 340 222 296 305 309 269
14 861 908 928 15 76 867 877 884 0 49 919 38 28 927 929 880 931 6 909
409 444 405 512 422 492 511 2136 509 445 2188 2192 365 2182 417 446 2189 415 472 362
707 1925 729 2001 1927 1975 619 1995 766 2018 654 712 780 1978 668 612 1903 781 782 671
412 2193 2228 528 370 369 1231 2198 1392 2235 475 1422 1297 1310 568 493 1345 474 1421 1237
1531 1679 1460 1533 1573 1475 1482 1603 1585 1529 1708 1548 1641 1672 1596 1669 1560 1610 1492 1525
1739 1796 1755 1774 1738 1770 1848 1724 1741 1713 1843 1842 1757 1766 1733 1748 1793 1716 1836 1715
2249 2266 1231 2241 1269 1286 2236 2204 2227 2287 2211 1415 1324 2267 1246 2272 1331 2189 2187 2207
1543 1686 1610 1593 1491 1584 1520 1563 1713 1495 1493 1674 1652 1547 1709 1673 1523 1597 1511 1564
1515 1580 1484 1537 1559 1555 1534 1509 1680 1582 1493 1510 1538 1657 1528 1684 1549 1461 1697 1695
57 78 59 9 28 142 87 137 110 76 150 93 3 874 83 15 44 901 106 20
1434 2220 1429 1373 2193 1472 1282 2223 1334 1233 1316 1287 539 2264 2218 2243 2230 2209 1477 2219
162 966 195 978 227 183 220 987 153 238 262 177 144 260 189 181 237 248 211 983
1269 1380 2186 1397 2247 1349 2199 1386 1393 1318 2201 1341 2211 2143 2214 1362 1360 2362 2178 2198
1488 1576 1682 1480 1500 1501 1619 1478 1599 1448 1581 1680 1626 1470 1476 1566 1468 1523 1502 1681
514 533 468 419 470 2119 435 2141 2143 2144 429 440 453 528 571 455 584 505 517 522
507 2142 551 2166 475 450 469 1229 1305 598 417 1307 574 1231 2193 1321 2147 496 1294 426
1454 1466 1480 1640 1613 1491 1488 1474 1499 1473 1693 1481 1684 1600 1509 1448 1513 1630 1497 1446
413 2180 414 478 409 2215 584 1415 1404 564 433 501 2213 394 1356 392 382 557 2187 1412
328 1073 384 1027 1010 362 1067 1097 404 1032 1031 1018 285 315 994 389 1071 1079 990 1074
668 2021 658 787 1950 1985 727 697 667 745 705 730 2003 1967 2038 689 2037 783 2014 728
