27 42 829 912 857 7 935 1521 1510 38 845 43 919 4 908 41 40 899 69 863
1255 1278 1274 352 1241 304 306 1208 1200 1320 425 1237 305 345 322 350 1283 320 444 1204
328 1296 437 1231 1221 375 1324 333 438 1160 1207 345 1312 1314 347 376 1141 1191 1286 1150
732 1584 1571 704 706 700 817 806 1562 709 736 1572 799 823 741 746 1575 745 1550 1606
113 1009 137 990 132 225 105 985 1034 1023 7 1527 957 1538 1002 1035 227 1496 1517 991
330 345 1160 384 324 365 1088 381 1298 1083 1076 1159 332 303 1244 1285 314 374 1269 1185
157 933 944 191 88 175 902 158 187 923 74 921 180 150 919 44 941 151 62 184
493 1375 1419 1429 446 1420 426 1433 504 1379 1407 1360 1351 413 1425 1365 510 468 462 1367
1057 1170 230 1186 1030 313 1158 1077 1080 200 292 1171 280 1055 1082 1181 1091 1198 1160 277
858 1615 1547 840 1527 1585 28 95 862 890 1514 781 813 32 875 775 1603 842 780 839
1405 1416 1371 478 510 1401 446 1376 482 1383 1429 514 458 1375 1370 451 470 1390 1419 489
287 1102 184 1208 1106 300 1115 1117 295 265 1097 1085 1236 1067 1084 262 1116 1157 259 1113
311 1063 1155 326 1163 275 1276 1265 316 1175 250 336 1222 348 238 242 1278 244 277 199
522 533 1465 509 549 1463 1428 562 500 1410 506 580 595 1429 1409 1458 1415 517 1443 550
471 1344 421 445 383 412 1390 1327 447 1323 501 472 486 1350 1301 1317 1388 398 409 498
771 1493 1 1530 1532 783 5 800 775 772 19 1474 686 123 975 1603 745 966 749 1464
315 1185 1290 337 1074 1247 1254 1215 1050 385 1156 1223 1069 1219 386 298 1191 380 1070 326
723 1555 716 745 710 730 798 719 1512 1573 667 736 1570 708 1597 662 799 731 703 653
765 1469 763 748 785 1607 1479 1478 555 691 557 544 1474 1503 572 678 581 690 1462 1604
356 1289 445 390 1256 1184 1262 1167 352 344 1169 320 1207 1278 1245 376 348 1216 1280 1170
1458 1495 972 1517 673 101 1492 1434 1481 797 973 1433 106 764 1513 1522 748 594 1491 983
121 215 128 112 135 141 129 951 102 146 219 1014 245 89 119 1010 195 201 216 996
101 1524 808 136 994 879 8 133 757 975 794 1511 1558 7 865 988 119 10 1527 1492
457 486 1302 433 1343 427 1391 487 499 1326 509 440 1378 436 1313 1404 483 1342 1380 1421
377 1318 1157 372 1263 1187 463 339 378 1304 1351 365 456 1282 1235 1358 465 353 1180 344
445 1381 1330 479 520 1368 1308 467 432 1357 473 1360 1384 438 441 1286 1321 1403 1402 415
1497 1515 20 113 112 1533 684 1521 865 1463 1507 0 121 1551 996 19 957 1539 581 27
1256 1310 355 1216 1301 1224 313 1234 344 1290 442 336 1212 382 448 430 460 359 1282 1235
314 1165 298 274 1246 323 1137 347 362 1161 1064 1054 363 1144 1177 254 1213 1221 374 361
486 519 1353 1359 1428 1328 1404 514 466 1357 1336 1374 1448 557 450 546 485 1373 1416 1354
488 1377 483 481 1343 1422 499 1421 1364 1352 428 1357 1342 519 1371 1379 1331 479 475 496
215 1004 130 205 981 213 207 1031 206 1011 217 1055 210 232 223 112 119 973 209 1034
617 649 606 657 634 619 611 641 644 642 603 614 622 630 647 656 610 625 643 633
136 162 161 73 98 949 97 76 966 179 945 939 931 993 71 122 937 180 954 935
272 1138 1108 1059 1072 349 301 1070 1091 255 1160 351 1129 357 259 251 263 1081 267 356
1204 1245 395 1199 1302 1203 340 338 296 1158 1159 314 1218 1209 1219 316 1295 1173 406 1308
376 405 1199 1243 1321 1186 341 1335 417 1352 1242 1360 1225 411 1171 426 1224 333 1153 1206
1000 1026 1003 228 1017 227 134 1023 235 234 240 975 207 974 1040 1006 979 211 1045 1014
875 887 847 1521 1517 848 64 57 68 1606 110 939 916 877 910 17 107 1534 1599 862
662 697 1578 700 692 699 1581 648 663 691 1551 665 685 1573 681 1543 650 1541 689 1568
801 1584 1527 796 723 788 805 1600 782 711 1507 855 1591 773 859 1610 1577 748 1533 1491
530 586 596 584 1454 561 1476 1418 542 520 592 499 591 501 594 1453 1441 1423 1492 1493
375 394 1342 1166 390 1180 1314 405 438 370 1330 408 351 320 355 1243 1200 1302 323 344
780 1471 784 1622 744 1578 1516 594 670 1479 603 1488 1616 1461 579 1570 802 778 786 1617
322 1181 1051 1239 1066 1207 1261 1149 1153 244 1192 1276 1267 1050 1078 240 354 294 1056 248
1423 1429 499 491 1414 543 519 1403 522 478 544 1448 1390 1385 1392 547 1440 1393 1432 1453
447 1286 1407 1376 356 424 1305 1377 314 345 1302 1246 1201 1337 1253 1260 308 1311 462 1195
1087 1148 1139 1171 1135 274 1070 346 289 1137 1076 302 246 368 1175 1231 1068 1225 1119 1146
149 937 189 953 168 177 925 178 138 41 82 173 79 146 897 192 39 887 187 161
325 1214 1159 351 1301 1253 381 1197 1079 1083 1071 1149 276 1066 1148 411 1074 401 1248 359
732 1553 1561 729 1555 806 1590 714 1514 969 1510 741 658 976 8 727 802 761 1540 731
9 1501 1628 749 1626 108 1615 687 870 786 31 1483 100 23 30 886 878 1517 87 21
445 1383 415 1359 1346 1318 456 1349 460 438 1287 432 1278 1419 1386 1254 409 1269 1275 412
1222 1256 332 1143 1236 1203 1258 380 449 416 309 1308 441 1157 297 1249 1264 1266 1147 311
71 895 856 950 843 930 61 881 919 39 891 906 846 925 838 929 167 49 880 910
463 478 442 1330 490 518 1422 502 1400 1342 1376 1374 482 1353 445 1377 1336 1333 1419 1382
405 1344 443 1388 442 1236 473 487 494 1384 1389 1331 1214 1354 428 1201 1239 1328 495 1306
493 1358 410 1365 1413 1422 463 1343 1406 1316 462 1323 1399 455 1359 440 1376 1320 1381 1382
1453 1465 790 518 1494 525 551 1450 689 1448 542 1446 513 583 677 603 601 548 1471 595
745 772 1461 1584 1599 1563 1562 1551 1524 775 1580 1517 1458 1534 1591 801 1519 1464 1541 1570
804 1577 1585 858 1508 27 1563 28 742 31 832 1576 842 831 1603 803 1616 743 1529 1567
399 415 444 1199 424 1235 425 434 1194 1193 375 1183 1360 1222 1317 1359 1377 361 1188 1257
1389 1407 464 1431 1373 460 1399 451 1376 507 447 475 439 1397 473 432 466 1358 504 1362
1056 1166 1213 358 221 386 352 1064 1194 1158 219 1039 361 1187 1061 1167 1079 1077 360 209
145 172 85 157 938 1112 132 181 153 91 179 84 946 96 103 101 191 169 140 196
533 581 551 1420 1481 544 576 1457 1423 566 505 1453 1441 560 1472 1492 541 1490 507 538
357 1306 322 1240 366 1185 1277 1318 1348 1322 380 453 1283 376 1176 1195 1342 1191 438 1270
279 1148 1117 307 254 295 375 349 1111 1171 340 329 362 1218 326 1089 312 1138 1161 1064
1232 1260 376 1159 1265 356 1196 334 407 1312 351 406 345 324 1238 1152 321 311 383 291
756 1508 1530 1555 112 977 1516 741 869 1466 669 796 1482 873 978 1541 16 801 793 1553
284 1176 1054 1112 1084 244 381 1129 340 383 1059 289 1103 286 291 333 1225 1058 252 1196
767 1488 679 1528 1600 774 758 19 686 762 1466 593 1475 116 691 772 13 1510 959 761
778 1604 1590 1494 1596 836 757 772 1579 1487 791 1580 1574 841 875 869 16 1622 1468 765
468 1332 1349 1377 438 415 389 1336 391 1411 470 1350 399 1322 1335 457 451 486 1392 1386
788 1521 803 99 690 699 961 97 1518 807 757 856 753 1516 1487 867 1625 745 1613 1554
756 1531 1 1483 975 111 94 740 1527 1467 809 1460 785 688 798 1508 810 862 1454 768
391 405 1215 1203 1333 1240 1364 1201 1225 389 1319 358 1313 1234 1337 363 403 1342 1323 434
516 1384 550 1360 1428 1446 497 520 474 548 1368 558 485 494 433 1374 488 1361 448 1365
389 1315 1325 1273 1212 1336 1327 1324 430 1312 1355 1265 1299 402 363 367 1213 1326 431 1219
777 789 826 1485 1534 742 1537 1580 823 766 765 758 767 1602 1505 1499 759 1617 1483 1628
423 1360 434 1357 1261 1245 1326 459 1260 431 1205 472 386 1327 1217 450 1254 1269 1215 1337
818 1585 740 1591 803 1586 737 1535 729 1564 728 731 1568 734 749 1539 711 1542 790 1595
355 1287 1166 376 1205 1224 1204 348 1232 444 1259 334 1283 442 1168 1317 322 1151 349 1161
336 1274 1255 1156 296 1217 352 426 1084 1143 1262 1149 1228 439 1264 384 1302 1319 1296 1301
511 1386 523 1380 1364 1365 542 1348 1373 484 1416 1383 540 1368 1439 1343 551 518 1357 487
11 1508 771 669 1471 784 1474 115 881 17 7 687 1532 948 966 1551 8 984 851 868
1420 1443 598 522 513 1417 574 479 1464 1386 1453 1457 517 511 551 1415 1391 553 1407 515
357 1310 1179 451 444 1349 314 454 370 1143 1324 1170 1330 329 364 362 438 310 1264 1168
348 1299 1074 373 1294 1198 1349 1342 385 1175 1082 1300 366 1252 1277 360 1194 1174 336 328
116 125 1013 9 1510 135 211 1017 1495 949 963 110 209 1503 213 982 215 205 139 1494
100 145 936 189 938 1534 972 953 1522 14 1497 190 984 8 939 869 95 993 22 165
318 1279 1272 293 1282 302 440 377 372 1166 1291 1198 311 1234 357 350 1083 1298 1300 449
3 83 93 30 1545 1539 933 1528 1622 964 974 889 114 119 890 1514 1531 1513 37 1530
868 1601 102 22 1602 839 761 836 1488 964 851 1582 1603 888 850 777 98 1544 109 969
224 1027 998 222 1050 1033 1055 993 242 200 199 229 196 1045 996 1060 1017 1026 231 215
59 77 917 91 173 930 165 878 141 908 853 915 39 895 898 148 62 45 37 172
263 1106 1098 1068 1089 1105 275 1170 1160 1092 242 1178 277 1173 1121 187 1140 266 295 194
332 1285 445 1211 355 343 302 1228 1270 436 1241 1227 1081 299 364 1261 314 1155 1247 448
1299 1318 1207 1304 456 386 439 1348 323 334 1359 1255 1308 374 1291 1243 446 435 1242 1282
294 1169 1142 1223 343 1175 297 367 1074 259 1134 1170 260 1083 277 360 252 325 303 1211
999 1024 1002 964 980 983 1049 965 106 1014 1054 114 231 985 975 211 995 1052 963 201
113 1501 1507 676 1488 980 1016 15 997 674 87 990 1525 747 124 7 769 994 969 1461
400 410 372 1239 1357 1246 1331 1231 1340 1345 414 380 1216 1362 1364 439 1366 1367 1319 389
981 1537 1577 1553 1500 986 8 979 28 97 1506 970 1504 1513 1551 989 701 876 955 1497
448 1386 1415 483 1290 457 447 1368 432 420 1418 441 413 1282 518 1385 1315 1343 1384 1274
1079 1162 310 1165 293 1103 356 1187 1101 1142 1067 191 320 1191 1078 1167 1181 1189 345 1148
559 1460 1440 685 752 603 574 1471 1472 782 557 1443 783 1470 751 595 1495 1448 1497 763
1306 1315 372 1356 1249 1308 1263 1243 1276 387 375 357 1334 356 381 399 1255 1314 369 1247
752 1531 1569 753 882 22 1577 962 99 1578 1496 734 736 878 1543 787 1480 745 96 1535
893 945 54 41 914 875 145 156 37 35 858 77 851 71 856 159 80 835 160 99
532 1424 500 588 474 1449 554 491 501 1390 511 1422 1401 558 1458 473 1411 1466 494 1467
350 1070 1254 1057 346 1246 1203 376 295 1265 1279 279 1173 384 1059 252 1087 1287 309 1044
536 587 598 1466 1457 562 1455 1460 1497 1429 1424 1442 574 544 1439 1432 593 567 1482 504
261 1170 246 354 1104 1053 1065 1080 370 1166 324 1149 1210 1106 1164 264 188 1167 391 1061
332 1158 1175 1170 1082 380 1065 1283 341 1176 1095 269 1110 301 368 1100 1186 1289 1181 1297
304 1217 1152 1066 1269 1093 1253 411 394 413 1184 1083 326 359 1151 339 1230 1214 1175 1091
465 1353 1413 1418 1309 1343 416 395 1385 423 451 1342 1388 472 1384 1398 1358 481 408 452
495 526 1345 1437 1354 512 1348 505 1400 1423 559 514 1360 1408 546 520 1460 551 469 576
811 849 18 1547 846 42 873 893 872 858 1535 779 1541 1611 841 812 855 56 35 833
312 1249 340 297 1262 1285 329 1244 1237 358 371 1235 1222 325 347 1163 1266 289 1303 1268
399 1234 311 1214 1217 1347 319 1297 411 1201 334 1203 371 330 370 397 1274 316 396 1191
1088 1106 265 1065 266 183 1082 340 1146 345 192 280 338 1121 1079 306 1103 191 1087 1091
70 894 924 161 920 950 33 835 58 838 157 68 81 164 38 899 904 160 892 55
966 1484 1473 135 984 17 1522 786 1455 87 779 690 677 0 670 123 9 88 669 785
364 1312 1262 461 1255 399 1072 375 1189 1356 308 344 1186 1260 384 1253 339 1326 376 1293
60 943 926 100 97 888 882 70 173 948 175 93 918 77 897 27 164 147 140 48
473 497 492 533 457 486 505 1430 470 1389 1397 512 1342 475 1346 1371 484 1368 1423 1410
464 502 544 1320 506 1390 519 510 550 493 438 528 1371 453 1411 1367 445 1387 1401 471
1517 1557 723 651 767 809 743 1588 957 14 113 680 970 112 1530 1531 687 1513 975 655
19 1506 1533 1527 961 871 891 755 1484 1490 767 1494 880 766 24 848 1548 686 40 688
277 1108 282 175 297 267 1165 172 264 1134 1150 1075 1077 288 180 1117 1069 1107 1213 190
398 1197 1073 1208 1203 1169 1353 408 380 1315 1224 366 1350 1352 1220 1168 1194 310 1071 1190
1323 1354 1392 488 431 429 1320 484 438 483 1371 1369 383 430 404 415 414 1352 1309 1284
322 1253 304 1247 1156 1191 298 1063 1152 1242 346 438 1082 446 1311 1190 1296 1243 1267 1150
791 862 1558 789 847 1617 1521 887 1557 1543 760 1574 1538 821 17 886 743 1580 84 803
1219 1258 319 318 328 1148 1223 1157 408 337 1294 283 1298 1317 308 1150 1212 353 315 296
810 832 1529 856 833 1536 807 802 787 782 1616 1615 1545 1590 1601 1535 1593 790 1623 1539
495 503 1357 455 1389 1435 1417 462 466 483 1385 1369 460 467 1443 480 1335 532 523 1408
516 1446 560 1443 1388 489 1408 1383 579 596 552 583 505 475 549 514 1422 548 1392 509
1165 1196 1100 1216 385 1067 393 1211 1289 381 1150 1134 1148 1261 1068 1199 319 1181 336 1151
301 1247 1275 1268 291 1203 1244 428 1169 322 1231 424 270 1272 1090 268 1177 1237 1201 1282
454 1362 449 495 1316 498 405 1381 1296 1303 1274 500 1409 1371 438 1372 1322 412 428 456
13 1627 24 97 93 121 885 790 962 868 1493 1626 870 953 1606 1613 1597 968 110 813
10 979 951 1011 1509 884 1479 123 978 97 971 973 101 852 1625 24 975 880 995 883
1243 1293 439 1301 452 1289 309 1294 1257 1230 433 337 313 358 321 1334 1326 1290 1210 401
818 1600 1539 782 849 847 855 797 23 1612 796 809 1594 1536 804 824 787 808 1584 19
1254 1312 1343 424 389 315 1316 1225 1325 343 1292 339 328 334 1308 432 1252 1218 360 1344
98 987 20 14 87 1521 877 112 106 133 142 965 1539 1012 1537 7 961 1494 1538 864
417 1200 1361 329 1263 1286 387 341 1230 406 1351 1069 1228 381 1276 346 1206 347 350 339
1197 1282 321 1322 441 1185 421 436 1175 393 301 1292 1220 1202 1255 1211 293 1163 340 1267
