263 336 915 947 328 301 361 967 368 930 882 959 902 227 247 939 965 279 357 944
63 95 58 737 746 699 770 84 753 771 14 666 98 9 47 131 742 43 75 56
129 703 73 125 187 137 728 132 25 680 665 136 704 18 743 733 747 172 679 33
123 773 178 786 732 155 161 146 805 137 724 121 799 124 199 134 673 92 186 669
358 923 324 386 287 295 880 350 299 336 251 393 297 372 305 320 328 956 274 262
686 738 152 692 150 163 649 702 180 126 630 704 70 122 754 166 735 148 154 160
172 683 742 27 122 778 631 72 763 161 226 21 721 113 195 759 57 765 793 52
698 727 49 743 142 53 20 686 668 99 692 726 767 705 769 657 695 58 192 763
119 159 712 162 707 721 128 732 673 140 703 184 113 668 84 765 105 137 127 742
150 778 231 802 697 112 205 179 145 252 742 722 220 241 163 766 768 741 773 234
899 939 257 931 309 965 313 945 273 905 301 274 352 282 975 290 961 873 305 303
164 195 140 757 193 117 679 199 129 102 109 194 752 805 721 763 125 141 694 237
76 743 111 651 732 78 166 121 115 82 682 100 744 724 718 763 57 191 88 75
318 807 348 265 893 361 896 940 806 266 365 293 184 320 785 877 214 332 870 813
278 947 962 257 967 913 341 903 296 816 914 268 921 356 355 838 803 254 269 325
435 465 504 419 433 423 414 486 405 408 483 464 457 410 416 479 533 511 430 537
266 338 895 878 323 804 782 812 840 370 218 287 967 907 230 296 277 798 937 373
371 959 856 360 345 892 822 827 850 864 337 883 313 260 367 817 278 272 350 858
149 696 132 48 670 663 733 789 116 28 41 741 65 80 774 752 732 14 750 59
263 937 294 788 893 297 833 815 214 821 942 298 295 958 934 322 953 889 327 270
701 756 674 180 128 51 160 690 147 2 191 102 28 90 132 165 106 105 150 681
456 500 502 480 514 413 477 431 463 504 429 462 403 537 497 437 408 444 531 406
51 621 99 688 97 31 732 736 38 713 597 678 651 724 592 683 32 17 90 67
242 775 716 214 259 751 97 235 798 130 108 122 228 134 825 298 699 800 742 691
77 759 98 37 174 12 688 726 217 57 58 90 43 787 756 671 92 748 3 739
228 248 803 193 284 762 294 290 246 313 252 317 816 287 970 303 222 244 256 768
2 698 27 636 148 619 167 768 671 640 739 632 743 130 56 727 672 141 607 661
425 453 407 395 525 484 510 504 387 505 535 418 537 456 444 491 512 447 523 508
76 117 133 132 733 655 742 698 127 116 662 738 43 737 130 744 122 700 693 726
92 763 195 116 785 724 231 703 744 230 112 739 69 89 90 183 652 732 99 83
460 505 400 416 498 510 446 529 500 496 489 504 450 424 449 472 421 401 493 535
673 736 127 32 663 162 772 171 174 165 648 720 192 697 633 642 729 13 60 56
265 792 278 904 227 307 945 172 281 795 776 324 165 253 277 868 940 934 355 782
43 640 612 1 608 56 668 30 61 637 87 682 26 626 623 654 86 71 659 614
279 862 247 824 324 359 830 878 973 277 839 346 950 237 912 829 844 333 894 869
886 947 880 929 276 939 315 849 844 308 258 942 299 891 856 909 884 288 260 291
311 812 921 189 845 938 880 909 288 303 868 954 195 317 262 801 827 290 200 191
133 701 158 164 702 20 750 167 664 670 719 132 110 748 51 105 96 779 107 56
873 949 280 269 340 911 932 267 350 953 839 904 829 933 855 908 937 974 968 278
384 406 378 380 396 423 370 398 403 438 446 386 350 480 471 475 472 360 355 415
55 713 619 725 780 737 651 182 40 773 692 701 52 718 60 138 170 677 709 640
79 719 682 41 20 101 662 152 45 89 681 155 189 708 139 62 87 6 159 723
859 964 888 320 854 840 258 830 967 348 307 313 897 818 843 973 824 291 898 959
314 872 328 826 906 350 332 789 804 377 248 276 948 366 279 258 957 919 836 902
27 617 47 597 44 710 645 639 26 632 634 631 704 690 610 686 22 24 681 20
609 619 11 46 32 662 620 13 641 672 22 659 26 666 627 55 16 43 3 590
871 900 329 861 268 920 914 296 823 875 940 837 848 265 949 836 902 295 865 954
196 232 280 173 804 756 775 748 807 193 281 172 778 744 187 786 169 250 161 768
612 647 598 675 2 59 689 32 628 18 652 645 691 58 39 50 672 7 30 683
26 609 627 617 685 610 51 52 618 707 628 606 668 631 699 590 45 643 7 700
382 394 346 448 365 439 397 431 359 363 377 446 352 403 424 348 351 438 411 400
73 730 778 164 84 180 183 708 115 175 18 745 752 82 782 673 48 143 59 119
257 288 819 332 221 259 899 245 965 951 321 287 282 357 877 208 289 238 349 832
340 936 892 353 368 271 872 862 818 963 286 330 953 376 325 331 907 893 309 938
266 937 935 950 356 879 230 337 941 352 931 277 338 899 925 807 906 307 213 922
219 252 777 817 319 239 907 824 912 932 327 767 791 787 272 324 814 236 758 237
261 941 222 785 954 888 813 783 301 314 306 962 344 236 227 969 903 964 282 240
314 895 346 293 305 869 921 313 951 950 900 899 794 849 330 908 818 807 911 269
81 767 764 668 209 680 665 730 88 45 50 800 193 121 722 671 735 182 695 108
3 52 43 5 665 103 9 94 643 627 77 31 80 733 676 707 68 731 653 41
302 321 304 318 797 864 830 959 930 935 799 370 839 850 363 949 848 239 858 890
242 252 835 806 960 352 974 972 896 326 305 333 283 263 790 930 351 793 823 195
827 849 327 819 304 840 858 881 856 848 291 250 810 322 971 892 306 274 336 804
292 819 893 931 233 857 820 245 951 818 349 880 367 949 344 236 354 272 932 303
8 710 667 776 756 606 14 644 10 675 736 84 690 13 632 738 136 147 150 170
270 907 956 940 937 955 278 264 966 249 317 263 266 269 939 794 921 787 232 214
257 315 944 306 969 830 804 920 289 212 971 305 953 359 218 915 819 351 241 329
461 492 525 444 478 511 426 412 510 414 452 520 512 435 488 503 446 453 448 477
877 945 931 292 301 821 261 933 309 873 884 270 918 839 351 891 321 828 929 328
246 306 828 331 286 918 941 309 891 198 362 212 788 234 961 367 354 841 838 948
374 958 303 850 847 266 409 278 383 292 915 357 916 319 822 356 283 400 344 307
194 810 748 247 752 174 262 161 836 185 970 272 325 315 244 852 279 218 312 233
218 812 206 843 794 342 885 237 275 759 825 878 779 968 964 262 238 286 180 782
71 670 630 1 15 32 69 77 659 73 712 679 695 743 704 750 752 689 127 111
263 820 334 354 270 266 213 239 839 322 294 868 790 245 283 310 234 360 261 936
251 288 341 785 362 325 966 262 797 792 947 941 881 960 806 353 241 918 311 931
436 527 388 483 519 528 476 446 562 536 510 494 475 470 487 419 397 495 452 509
72 668 633 56 664 653 728 737 686 67 122 5 701 102 681 78 621 92 45 623
194 240 781 161 749 204 172 764 220 231 253 814 290 280 211 782 308 270 255 294
299 800 818 358 236 334 961 851 912 181 261 845 192 864 768 880 840 952 317 293
69 694 114 762 64 59 178 149 52 670 655 152 707 737 45 86 56 100 736 734
108 160 90 102 122 684 686 755 727 723 730 73 131 134 720 688 159 129 781 173
260 942 339 334 344 220 270 905 347 221 866 931 306 948 937 786 791 277 335 326
48 62 38 708 630 624 50 28 113 16 740 51 69 0 93 67 701 23 625 4
218 783 728 273 154 168 786 249 167 139 780 752 751 264 778 176 160 229 811 790
603 644 46 41 616 3 666 563 627 626 6 608 610 635 5 638 636 0 618 668
276 933 253 951 888 790 309 289 336 271 332 299 262 340 896 967 317 866 884 827
698 750 167 681 766 85 63 179 712 705 93 721 782 703 68 79 124 735 86 47
4 634 686 670 0 704 679 604 703 647 607 58 656 23 43 710 597 624 61 689
899 934 967 251 258 352 973 891 302 866 901 356 347 928 296 305 283 314 965 360
782 812 215 894 834 287 258 233 324 840 738 866 811 271 171 277 146 213 823 254
265 873 932 923 229 312 346 803 801 798 870 844 892 305 950 292 354 910 967 784
42 88 120 114 706 112 712 620 737 108 676 689 767 625 629 717 720 704 105 80
21 632 645 3 707 709 63 655 701 61 683 40 624 37 649 661 651 608 20 64
167 745 768 696 144 690 673 132 72 113 714 109 199 204 202 676 722 741 207 120
299 352 915 950 840 904 331 907 807 859 279 973 939 332 345 953 306 311 821 930
167 678 698 14 69 86 163 140 60 745 701 15 743 187 640 73 72 652 80 7
115 753 694 186 709 711 58 167 116 203 677 208 686 763 161 132 187 692 194 676
827 969 898 813 351 873 263 909 247 965 339 320 895 808 364 874 973 857 850 812
248 264 825 283 803 821 955 970 914 227 267 836 957 795 892 805 344 911 877 948
254 328 829 267 901 954 264 346 816 907 222 858 823 318 801 304 266 205 961 252
290 867 270 329 828 881 849 923 960 805 322 309 924 369 912 830 904 870 969 864
259 820 803 936 307 825 902 348 318 959 226 290 813 295 217 885 247 245 278 222
680 693 81 120 701 161 139 726 156 676 31 651 46 704 131 638 108 160 3 751
34 626 14 639 58 710 668 649 53 700 613 631 687 656 35 635 28 30 601 712
53 653 682 55 668 44 94 607 748 707 687 606 667 613 624 45 660 675 26 47
292 369 313 395 299 326 950 410 816 251 233 303 883 291 412 936 919 368 943 340
316 891 802 957 820 367 290 955 342 888 836 958 847 918 354 843 309 315 801 870
699 716 85 750 772 776 714 15 763 128 70 159 731 685 40 126 153 30 688 190
339 361 948 261 806 830 958 323 337 318 379 281 905 825 364 363 919 329 951 280
124 703 756 780 731 75 99 29 676 697 111 765 127 695 34 138 773 35 734 128
373 960 865 856 973 362 890 402 884 352 374 410 829 279 965 303 409 356 314 274
815 879 273 275 791 258 336 234 956 306 927 839 908 933 235 307 808 270 797 312
168 734 176 105 739 191 774 740 699 721 197 796 727 735 60 125 723 128 676 48
880 921 898 914 892 281 848 290 327 331 857 975 304 970 973 937 354 872 871 285
881 918 343 339 912 839 835 937 953 882 286 938 310 276 861 817 289 285 833 356
99 162 780 139 729 688 165 48 67 179 71 702 102 161 110 64 683 671 741 775
445 533 524 485 425 483 482 562 449 504 510 413 495 392 491 423 461 511 407 565
134 681 657 102 714 153 12 658 707 4 713 635 7 87 718 645 679 184 668 124
119 772 775 664 192 774 668 190 198 105 686 168 796 135 232 715 138 227 131 91
279 933 796 288 879 302 332 874 894 262 335 942 308 958 809 312 245 280 337 303
302 818 913 307 883 902 947 894 315 848 806 876 888 787 331 921 322 925 796 821
315 822 855 364 939 805 857 834 899 308 801 258 287 830 323 260 338 865 792 950
438 532 481 427 560 534 525 467 495 400 460 465 414 503 513 512 515 445 403 425
257 823 844 320 312 318 854 285 947 227 239 917 278 934 224 237 353 902 796 336
848 866 901 945 319 279 963 331 955 854 925 258 829 842 272 844 896 973 259 933
219 781 770 748 718 217 193 195 214 149 235 127 798 239 176 786 169 257 730 767
250 797 903 258 168 181 970 257 344 816 904 923 825 789 274 802 807 974 242 336
207 761 81 118 801 753 87 226 803 189 84 237 799 685 221 690 223 752 245 792
330 925 819 318 837 287 864 372 879 342 854 949 339 319 952 833 943 817 799 371
487 519 476 550 532 524 434 454 517 513 497 469 444 450 414 422 484 459 525 477
819 957 292 821 293 809 865 969 288 336 274 318 872 877 829 319 298 959 856 832
119 777 250 224 163 195 238 71 688 731 734 706 773 718 695 103 759 203 149 243
29 672 671 13 82 79 654 103 730 723 725 639 633 32 5 716 660 9 7 696
86 114 737 167 713 714 733 156 692 722 79 55 109 711 769 652 721 70 754 113
894 934 319 352 914 900 332 312 926 340 350 930 265 952 296 272 931 829 870 890
864 963 860 953 852 809 945 929 872 968 353 967 827 279 853 961 887 838 263 327
51 59 651 733 57 24 32 716 647 654 63 752 9 75 705 26 109 71 2 751
319 880 278 375 841 897 286 817 915 958 369 366 262 317 276 891 905 895 254 937
297 949 942 952 885 840 930 871 344 361 956 242 360 359 280 849 822 829 974 802
255 933 256 832 862 951 867 898 877 785 299 812 349 916 899 238 786 968 814 927
337 943 262 338 871 259 277 912 301 353 950 294 939 906 273 829 837 364 315 360
312 945 812 949 279 371 887 319 358 905 902 864 304 966 929 943 273 370 823 831
78 98 680 664 6 675 105 768 165 104 39 0 50 673 705 97 95 719 678 714
318 798 820 759 374 954 204 309 916 920 186 273 256 290 198 929 891 824 860 298
778 795 270 155 169 741 205 112 303 772 289 738 711 774 108 123 168 182 276 143
271 350 947 892 256 885 946 303 377 336 782 338 247 347 228 302 290 962 225 903
7 708 161 645 15 80 710 31 606 631 605 665 610 162 124 687 172 608 629 680
34 77 620 613 7 61 755 743 12 640 736 714 40 683 738 625 700 701 92 119
628 651 627 654 5 678 66 62 685 663 672 675 77 612 682 669 28 605 51 659
