1954 3176 3141 1951 882 884 838 1886 1919 836 840 1896 1888 819 859 3187 3150 3228 3216 1922
946 2086 2011 2109 2051 1860 976 3268 971 2097 1108 1852 1085 2033 2080 3147 958 2082 940 2057
210 3044 504 131 2995 1726 3069 1727 3056 3018 221 200 2991 204 146 528 232 1713 523 127
1740 1777 115 1784 2979 482 494 1760 2959 170 107 3069 2974 3102 3060 3104 100 184 3039 93
1706 2978 190 12 1716 452 1703 1760 8 3069 196 3028 2994 191 3024 469 1742 3012 231 475
1082 2027 1053 1101 886 3143 2096 2071 2023 1005 2005 1087 902 964 2115 2002 2160 2084 3263 2093
998 2097 2041 1014 2048 1074 1097 1091 996 2008 2025 2072 2056 1081 1096 2091 1128 1088 2057 2005
725 2718 2851 2749 2747 1569 356 310 2842 2814 1494 750 2759 2597 1627 1417 1410 1359 741 2586
691 1426 2576 2577 703 2613 724 725 2606 1401 1400 2646 1417 1461 1430 655 668 1431 2420 648
1031 1062 1005 2077 3137 2119 1010 2012 1987 1022 1052 1821 1979 1985 2059 2082 1053 2060 2025 2079
32 72 2913 1674 441 1681 398 100 301 291 446 1652 24 44 1572 296 2904 390 2897 99
2173 2182 2211 1081 1079 2151 1107 2215 2142 1101 1124 1128 2143 2219 1090 2124 2189 2144 1137 2162
867 1925 3256 1961 1946 1950 845 3166 820 1978 1894 1836 3179 1913 570 1827 873 624 1869 1887
1653 2849 351 2803 364 26 1532 1655 1610 2839 712 413 336 1531 1618 2870 1627 1538 2907 350
1914 3163 854 833 1985 1960 1964 3178 3137 1908 1968 884 613 557 2025 610 3189 3223 1930 3140
713 2688 1429 652 1385 669 2721 2683 2740 2792 2728 2702 1469 1586 2852 1340 2654 2634 2609 679
713 2851 328 2865 2843 2642 721 2900 413 1572 2830 671 2602 2871 2601 1437 2603 2897 2582 692
1427 2636 1325 2630 1311 2679 1435 730 2650 1382 1329 1470 708 2633 2681 2668 2768 2711 2640 2643
898 3156 839 618 1990 1972 1888 2041 1925 1853 906 868 550 1916 3175 551 852 1858 2024 874
1957 1965 1989 1971 1944 1979 1934 1940 1980 1950 3171 3163 1995 3155 1924 3178 1920 1931 864 3136
2060 2074 1088 1119 938 2089 998 2048 2062 1001 1009 1072 1130 1015 2110 1124 2058 1112 1075 2100
406 1548 41 708 2934 1592 1550 1515 1600 2696 2708 694 1632 698 71 380 1531 2880 2877 707
727 1356 745 2710 1529 1324 1514 2784 2799 712 1553 1425 302 2635 2685 1348 1311 316 2773 309
1589 2880 2719 1566 1621 312 322 1547 2855 334 39 1598 26 2725 47 1681 415 2853 384 326
95 1747 3048 475 447 90 126 450 1748 124 102 3090 3087 3063 2954 1792 481 1737 2959 1723
843 852 3254 3185 842 1919 1862 1842 622 1926 3221 1931 3248 1843 612 3162 1859 880 1935 824
367 1383 2814 2749 343 355 1432 352 1322 1651 2637 2611 2600 2642 736 1404 2589 321 722 2644
478 1777 1728 2975 502 3112 3068 3050 3113 493 2988 84 1738 475 3046 2955 3105 503 1754 486
11 45 2892 2861 2913 2880 2877 30 1613 68 288 1666 1604 1697 273 1599 382 1664 1615 1699
1430 2681 1336 2630 1442 2646 1460 2760 2693 653 2640 1385 1432 2698 1476 1455 693 718 1374 2593
1640 2812 2789 690 1539 1508 327 715 1558 1568 312 2733 2884 1507 767 294 708 1493 316 1636
1916 3214 1943 1913 3213 854 860 3225 842 1944 853 1895 3203 3182 1893 641 3232 846 3191 3209
1097 2150 2178 2130 1146 2053 2062 2088 1065 2056 2174 2123 2124 1136 1117 2069 2146 2181 2139 1115
92 494 3084 3049 66 1758 3077 3085 1786 106 497 1770 3072 121 2951 94 460 103 480 1778
646 2699 350 1913 739 1425 3194 2653 2722 699 2711 1423 1545 1472 1586 723 337 1406 737 1399
875 1821 1872 1981 554 1823 596 3177 3264 3173 3250 998 556 3268 1012 868 1856 1849 1881 581
213 2970 236 466 2950 470 188 2954 3024 83 241 125 455 80 1708 223 450 1718 1726 129
1561 2898 279 248 2860 308 2919 256 1522 49 720 261 1583 405 27 2926 2889 1641 1612 2715
689 2816 2587 1430 2688 735 2636 2824 710 2648 2620 400 1445 2821 1452 1551 294 361 2830 1435
565 891 860 2022 598 570 2001 3161 2031 3152 560 3144 906 896 541 3256 863 925 530 1827
1574 2714 1605 2869 2725 665 2698 1473 394 702 2717 1547 710 2728 2695 1618 1560 339 405 1472
379 2916 393 2832 1629 1362 360 1583 1634 2913 2892 1536 371 407 2818 440 36 403 1338 2942
1545 1577 275 2717 724 717 1524 400 2742 2813 1618 2873 1645 1590 2814 280 2719 2852 1587 268
1543 1568 387 1633 1626 2852 35 34 372 1634 1610 380 2711 1577 714 271 397 723 286 713
1206 1221 1231 1184 1186 1222 1219 1185 1232 1248 1189 1210 2485 1243 1172 1177 2483 1240 1241 1175
383 1632 1670 1613 1590 2888 395 2905 1580 381 1610 2734 399 1314 37 421 1600 1616 2805 2924
280 1604 1569 377 2915 2838 2897 2928 380 2813 1562 1576 306 1532 1531 67 388 2926 332 317
280 1601 2818 2852 1644 2905 311 1617 42 403 29 391 2825 27 380 265 1559 1535 343 33
2625 2678 742 1348 1458 2696 2688 1414 712 2411 1464 1366 2654 1437 2608 1420 702 1461 2605 1312
1699 2970 2999 1741 479 1723 113 1774 1709 463 175 1751 1691 125 4 2985 3000 178 2992 3067
123 486 3025 140 3103 3106 3030 178 3048 1792 3085 127 3005 1794 124 3001 3022 488 3067 3050
266 2918 427 275 425 38 1561 40 1564 1665 292 386 36 434 436 1669 2941 1668 2928 402
2138 2179 2113 2177 2132 1101 2119 2221 2152 1091 1107 2144 2146 1102 1097 2217 2140 2105 1079 1083
2018 3123 992 3157 1059 905 2028 900 989 941 893 1793 1106 1998 568 543 1121 546 1122 949
456 1733 3060 490 2971 1743 3030 137 1761 1710 2989 3061 79 2965 510 86 1764 233 431 221
752 784 794 1484 2781 2765 731 1522 2788 774 1500 1514 732 2748 765 766 804 734 806 1491
2231 2267 2193 2186 2286 2218 2224 2217 2242 2191 2192 2208 2253 2235 2258 2285 2216 2280 2268 2290
998 2113 1107 989 2050 1113 1111 2011 2112 2082 2081 972 1061 2016 2158 2044 2084 3140 2117 2051
968 3135 588 2048 991 1959 1021 1993 1850 2104 2069 1833 1974 3123 2080 1006 1998 938 2064 950
68 277 84 43 2854 276 258 81 2890 2844 375 21 2883 2857 59 2906 1562 1555 1537 20
1352 2709 328 723 383 2595 1307 327 1331 1365 1337 2583 2681 1425 1350 1558 1396 1580 1357 2749
1795 1812 917 941 546 932 483 1827 3098 3105 929 3065 493 1784 1761 509 942 3133 502 1777
222 2991 224 1709 3001 481 172 1707 1750 3030 3027 225 503 1740 118 211 1699 3051 1760 3046
1856 3258 631 3266 621 3143 602 2024 878 949 943 593 1862 544 890 877 945 3148 1999 891
43 374 1315 1650 1349 261 340 424 2863 1668 2890 1673 1638 2876 2864 20 1371 321 1377 293
726 2707 2572 710 1353 2631 1461 705 1553 2739 2816 744 1428 2675 2766 671 1336 1462 1589 1504
308 1334 376 319 391 2689 707 385 1364 2805 2888 2579 1349 305 318 709 354 1314 336 696
1179 1188 1208 1198 1214 1177 1228 1202 1207 1212 1189 1163 1171 1219 1169 1159 1204 1175 1223 1211
1232 2448 2473 2475 2481 1266 2422 2450 1261 1295 1242 1277 2458 1301 1249 1221 1202 2472 2459 2418
709 1461 2779 2725 2653 1573 790 666 658 1458 1326 2598 811 799 1319 2617 2608 2817 725 2833
27 1610 1622 1577 1605 257 1702 1689 1658 1682 1592 1620 1589 277 2881 1551 1638 314 60 253
340 2858 1541 301 352 1406 363 1359 1611 1375 1367 2863 259 51 284 1543 24 318 2722 1620
3055 3073 3026 161 490 3049 1787 146 174 168 158 178 1813 462 495 1741 1770 3045 519 201
726 2728 2766 2845 671 1473 742 2725 2782 2779 692 2789 1381 647 1640 1636 1452 1574 644 2751
2041 3120 3151 1793 1000 1792 941 1107 1796 1809 2016 3268 959 1797 967 2067 1104 961 3128 996
2170 2201 2135 2238 1118 2126 2124 2227 2213 2249 2219 1075 2234 2199 2235 2254 2253 2184 2168 1082
728 2826 1645 2811 1536 1401 2867 288 401 1531 2704 2745 1423 1547 2750 1444 762 2690 1490 2678
2190 2258 2257 2171 2252 2284 2153 1111 1096 2229 2219 1110 2227 2176 2209 2234 2210 2280 2175 1115
710 2582 1595 2682 701 1317 2838 1337 2808 1326 1423 2814 2839 2688 1579 2810 743 1561 733 1311
663 2688 2644 709 1353 731 2754 1470 1420 1415 2685 1363 686 719 716 1437 2612 674 2600 655
2963 2988 464 3046 1747 504 220 3025 3040 108 126 228 217 1767 211 230 2969 1722 3060 2978
1922 1932 811 3147 860 1954 1916 840 3217 1944 861 3181 3157 3168 3164 1898 3202 3194 3212 3174
704 1338 698 2844 1388 2801 2832 1586 2675 385 2847 699 1566 1329 1412 2742 2635 319 2821 1519
715 1432 2852 2571 2837 1346 2819 1327 1403 2835 2840 657 2744 1416 2662 682 1580 1526 694 1425
905 2040 1873 3260 1115 3142 1844 559 1107 972 1864 1888 3132 3125 2050 1851 1079 960 1076 1075
88 435 405 115 2944 2919 485 38 47 33 2980 459 415 2941 36 70 411 2913 21 24
1241 1260 2587 2456 2427 2440 1271 1218 2445 2448 1236 1216 1238 1306 1242 1267 1295 1262 2474 1283
3101 3116 533 3062 1777 1819 1789 495 3126 521 1785 3080 1775 487 3076 3104 510 536 1784 3065
578 3247 3266 538 580 607 3152 3251 916 875 886 1827 3135 546 3267 921 888 1833 555 1875
835 1909 628 1945 1896 1930 3194 848 1938 641 1920 3175 842 821 863 3177 825 859 1876 3169
572 3135 2071 3265 998 2000 855 955 567 946 898 917 1965 1843 2053 1873 3155 1883 885 611
214 3048 3029 1749 496 227 1757 487 3006 3089 171 3070 181 482 233 168 111 178 3056 176
866 892 876 1817 896 1895 616 3238 3264 1888 3251 1998 2018 1936 592 1878 3254 577 1891 3140
363 1514 1534 1490 1654 1529 311 2816 1327 1345 2720 2789 1515 2824 1309 332 2818 1657 1500 2711
1593 2718 1510 2693 643 26 2818 1564 344 1466 407 279 358 2877 747 1376 2730 349 2753 2712
1792 3084 1734 468 1739 486 3090 3100 1804 126 3107 113 1810 131 3072 1775 3091 1811 3052 3097
2597 2640 1386 1438 1495 1513 1404 2579 1394 1273 656 1359 696 1373 2585 2426 1437 2672 693 2418
646 1416 3199 1423 670 1900 2696 1417 2748 636 2684 677 1451 1909 1405 725 656 3197 1391 2726
2153 2162 1126 2178 1089 2183 2112 1125 1083 1090 2115 1141 1129 2174 2195 1112 1117 1106 2154 2192
409 2887 396 347 2905 334 267 2933 259 51 2861 294 32 1642 53 2950 2942 1662 64 435
1606 2725 1635 1369 2878 1617 2882 665 39 2706 655 1596 2753 419 1629 1519 1344 363 257 2819
364 2894 335 1646 295 2911 362 299 1329 2871 2728 1387 1536 1309 2903 1637 333 2727 1602 1556
1240 2465 1265 2471 1227 1230 1270 1217 2464 2444 1252 1228 1258 1245 1249 1261 1273 2452 1280 1269
346 1526 1535 1634 1310 1381 1350 1363 2787 1317 2709 2698 365 2730 2742 749 1368 2813 714 2780
1896 3182 854 3160 1914 843 615 1916 874 3203 3167 636 845 1893 1923 3209 857 1855 1866 645
1578 1612 2888 2734 1607 2856 385 343 1636 349 2800 1547 1641 718 2890 420 39 398 264 44
18 66 421 67 1665 428 269 449 30 34 89 414 1664 2881 411 2889 1666 441 2949 68
271 2888 2842 323 2938 1681 2840 371 361 2939 1587 300 315 1567 261 334 341 284 1667 1675
1505 1534 2695 309 1500 2701 359 2732 335 300 360 706 353 748 1606 781 387 753 1479 1558
1072 1106 1083 2100 2035 1137 2050 2151 1098 2155 2144 2044 2120 2058 2152 1007 2066 1107 1003 2140
1468 2669 719 2720 2650 680 2671 793 2723 794 661 1383 1412 1333 2625 1429 672 1431 1445 2693
1415 2690 2738 1334 1395 2617 1370 2705 2753 2765 1427 1375 1392 666 1404 2699 1444 1425 1465 2626
1815 3138 2045 574 1825 1822 1970 2015 1056 1803 538 544 961 1958 564 948 2036 1976 987 565
817 3186 1894 3207 3193 3172 3210 831 1928 1887 1891 841 814 833 839 3232 823 1462 3168 848
119 473 3054 453 1734 2967 1762 110 516 2995 88 509 3092 1727 2964 3046 106 1749 1777 1718
190 1738 1760 3059 221 2954 181 2971 140 3071 233 218 492 111 1745 2998 2988 123 1721 1717
1690 1719 20 2961 177 433 211 142 2996 163 199 157 1683 148 1698 1709 2957 432 2989 228
227 2978 517 2973 1694 1706 212 204 2997 1728 466 486 3038 496 503 209 189 106 2982 3059
380 1389 329 1451 1315 670 1431 378 321 2815 1378 361 376 1436 1330 1377 1347 1640 33 661
1457 2637 2621 697 1376 1312 2722 1422 1370 1463 2409 1451 1427 1460 712 2675 2643 1435 2771 647
507 1787 2986 179 1767 177 467 1736 3114 2975 523 3080 115 3056 3075 127 3048 108 3068 1807
1185 1213 1174 1170 1220 1200 1171 1236 2502 1218 1235 1192 2498 1214 1211 1197 1226 1217 1167 1201
1182 1197 1170 1211 1163 1230 1219 1167 1207 1201 1164 1208 1192 1184 1212 1227 1168 1195 1172 1206
1074 2023 937 2028 1002 2117 2158 1083 942 3162 1134 2044 3132 2134 2096 917 906 2068 967 2167
49 297 431 1642 439 2915 1653 2906 64 382 1340 1350 265 1632 14 277 1579 1639 274 253
739 2599 2576 2684 2797 1488 1528 1368 1312 1359 2813 1516 2741 1473 1450 1409 746 765 2701 784
755 1502 2788 779 2807 2749 716 721 791 2763 2598 1478 2809 765 790 748 2764 736 789 2789
405 1666 1679 2942 272 280 2888 300 46 368 415 45 271 1646 49 1545 1568 2825 296 1586
2378 2396 2401 2422 2353 2348 2395 2419 2376 2412 2602 2399 2365 2360 2345 2423 2411 2618 2389 2355
1092 2077 1010 1003 2064 2031 1058 2059 1147 2054 1139 2146 968 1087 2129 1137 970 2050 2032 996
1862 3228 589 3151 1896 542 618 576 842 631 625 916 1859 3176 591 3220 603 872 3145 928
328 1369 1534 2812 1533 2699 2688 2810 2817 1350 1309 2733 337 313 2737 1537 2869 1553 1558 1391
1844 1881 1902 3203 1855 3219 3225 3164 1831 951 605 3168 3143 3244 1864 901 617 642 3245 571
2318 2338 2340 2339 2290 2359 2302 2345 2349 2374 2291 2330 2295 2362 2334 2294 2332 2327 2324 2309
848 3177 818 1920 1850 3249 3241 883 1840 3247 1935 625 1931 3185 1835 3154 813 612 1842 847
277 1609 1593 2803 2846 1650 320 403 68 2859 1641 382 59 303 1566 2910 2836 415 332 1585
1836 3138 938 936 1058 2043 1815 1827 3265 1986 624 1844 3244 2057 561 577 1005 3126 2000 987
2385 2416 2371 1308 2617 2378 2377 2366 2352 2442 2354 2451 657 679 2381 2429 2383 2396 2611 2355
2374 2408 2391 2348 2351 2444 2634 1312 2637 2383 2633 2361 2617 2394 2378 2629 2621 2620 2341 2393
46 2932 2862 26 2927 2922 2941 2877 2926 289 2867 2921 397 264 25 1607 391 420 2917 2861
1523 2732 361 1619 347 1380 699 1621 2835 2750 749 1471 643 704 1586 350 2728 2711 1470 662
1766 2986 140 3057 139 1771 3007 130 480 1802 169 201 3051 1758 521 3098 3019 483 228 192
649 3203 1447 3179 2713 2649 1900 3237 1921 3171 857 3175 2644 2687 847 2694 1392 1404 666 1914
1352 2735 1306 665 677 2693 1454 370 1474 1561 680 2729 1645 322 2726 1334 384 1531 2707 1365
3173 3209 3156 620 3211 3227 817 1936 3163 3221 838 631 1916 1917 814 3224 1878 3202 813 3176
1469 2708 2642 1438 327 1541 2605 2723 341 668 2646 2801 2776 800 2775 319 2654 2715 815 1550
392 1554 2807 706 1677 2699 705 292 395 2812 2820 730 2860 1579 404 376 254 2895 2697 1676
842 3179 3181 3215 1944 1933 3192 3235 3199 3152 1894 814 1964 639 3244 841 1962 3209 1875 3233
202 1749 169 1726 508 2993 1771 3000 1778 3094 1709 88 455 3010 3027 181 3026 2958 450 3068
1355 2694 641 1574 347 336 1579 732 2664 2745 646 2591 2738 316 674 686 2708 635 2726 307
