2030 2914 2085 1937 2142 1988 2214 1881 2866 2041 2196 2026 2083 2667 2007 2052 2060 2107 2096 2153
470 3706 3758 4212 176 4218 138 5 290 515 195 194 408 185 56 322 199 211 300 448
3750 4092 4067 3865 4070 351 207 3723 3667 3717 3786 3732 3866 318 303 404 403 353 3737 3835
87 4202 5 3820 4170 376 3765 3689 73 84 8 399 3743 394 3756 117 4163 4200 4218 3800
1614 1712 1366 1380 1589 1509 1700 1513 1347 1768 1298 1791 1456 1317 1587 1251 1373 1570 1502 1761
4 4083 165 4127 3678 3716 4095 4109 4067 157 3725 4105 4190 154 3737 4129 4148 191 3836 4233
1198 1258 1432 1348 1390 1382 3511 1041 1090 1454 1546 809 1468 1331 1462 847 973 1320 805 1172
3793 4176 4151 4199 4118 4180 3777 4092 3818 451 3864 3789 4077 4078 472 26 18 4125 39 177
3786 4219 203 197 3 4100 4186 368 333 229 416 151 212 33 140 163 370 3747 467 4133
3858 4111 3796 3680 3902 45 3917 4155 3804 3673 3678 3752 3672 4159 3750 3811 3830 3860 3900 3880
700 1153 971 975 885 643 1040 1098 1218 613 3503 1080 1001 1515 1514 1528 1177 1132 635 893
2652 2945 2993 2923 2601 2763 2996 2693 2974 2610 2711 2704 2984 2963 2757 2707 2615 2932 2928 2634
3917 3945 3963 3894 3929 3859 3871 3909 3979 3860 3975 3984 3868 3900 3864 3925 3878 3893 3960 3957
2200 2919 2185 2228 2850 2860 2901 2863 2653 2908 2022 2678 2665 1948 2135 2237 2208 2353 2005 2211
1358 1648 1366 1641 1425 1467 1685 1668 1234 1692 1716 1542 1710 1636 1283 1720 1500 1371 1614 1404
2702 2745 2715 2599 2975 2632 2712 2748 2991 2598 2589 2759 2590 2978 2765 2954 2699 2605 2751 2999
2219 2329 2837 2205 2190 2306 2675 2297 2867 2462 2158 2362 2241 2225 2173 2326 2458 2209 2849 2061
2215 2682 2347 2627 2154 2069 2121 2696 2285 2853 2208 2237 2247 2066 2226 2344 2321 2265 2277 2047
1106 3488 1144 936 1494 763 3486 1490 1433 1443 1313 680 798 1176 1307 1179 862 824 750 1020
3874 4167 28 3868 4100 3942 11 4119 3960 3819 3944 3885 4072 44 4096 3886 4137 4150 3930 4141
28 3747 4167 112 311 3753 512 441 429 3724 506 4071 102 4162 3772 3674 141 36 346 401
1365 1536 1011 966 1252 1517 1009 1613 1186 1639 1395 1369 3493 1665 1191 1429 1249 1414 1182 3490
329 449 3764 500 490 3740 299 368 3692 455 337 372 3683 3787 3778 523 149 508 477 370
354 3782 38 197 4222 18 448 3714 338 447 161 4087 310 2 4076 69 298 3741 388 70
3003 3046 3015 3201 3091 3001 2951 3074 3100 3095 2751 3033 3206 3048 3187 2974 2754 3103 2947 3189
743 1124 782 659 1512 819 1168 1143 777 3499 1060 842 1101 759 931 641 3512 1100 788 997
3324 3355 3245 3289 3328 3385 3363 3380 3319 3402 3285 3284 3334 3274 3304 3369 3280 3390 3381 3271
1063 1098 1205 1062 1188 947 3463 1084 948 1044 3488 3519 958 1090 1524 1089 1097 1002 1025 1024
209 502 184 3736 288 408 3691 3737 382 245 3712 297 143 4224 3747 4217 520 201 398 192
2326 2380 2352 2411 2200 2341 2364 2236 2499 2356 2325 2440 2359 2459 2481 2223 2461 2412 2451 2416
2069 2885 2904 2022 2074 2149 1977 2157 2078 2141 2837 2250 2865 1975 2882 1954 2170 2124 2199 2236
1017 3470 985 903 749 1251 3507 857 852 1035 1479 1302 824 3488 1483 1149 659 770 841 1029
1946 2909 2918 2108 2136 2170 2044 2165 2036 1919 2012 1881 2016 1885 2917 2915 2120 2070 1999 2013
382 409 66 4099 144 445 481 3713 363 3719 3669 190 484 3742 3702 4096 208 86 497 515
614 696 691 697 873 905 1513 676 678 3500 749 740 635 747 551 613 626 574 699 608
761 1132 793 998 863 1101 1112 1084 1032 937 1181 874 827 1509 1009 736 611 1179 750 665
3917 3964 3977 3871 3951 4002 3931 3891 3868 3932 3947 3924 3877 3892 3950 3966 3937 3990 3909 3989
3818 4074 3747 3771 3749 3858 174 4072 4064 4190 4199 184 3867 3792 3857 3881 4079 27 3830 3809
2054 2073 2000 2032 2912 2911 2128 2156 2087 2191 2113 2099 2187 2090 2917 2190 2017 2089 2860 2015
2373 2477 2553 2500 2241 2309 2363 2504 2286 2543 2315 2274 2574 2329 2400 2381 2501 2246 2584 2597
1737 1796 1654 1777 1871 1637 1833 1678 1635 1713 1774 1761 1676 1644 1746 1694 1711 1910 1856 1866
1472 3470 3467 869 1511 3483 1329 965 917 1080 1115 730 1128 1015 1464 1176 1201 1353 1220 743
1303 3495 829 1494 1356 906 1365 978 1661 1570 727 1345 907 1259 1163 1068 1513 1005 3473 1033
1474 3484 1627 1671 728 1676 1236 982 829 1293 1382 787 1254 1387 857 1155 1633 3483 1072 1259
1657 1716 1752 1658 1625 1353 1366 1503 1656 1610 1696 1358 1790 1784 1313 1494 1489 1487 1472 1669
1312 1436 1484 1259 1315 1498 1570 1549 1407 1537 1366 1492 1626 1631 1683 1667 1675 1254 1509 1238
918 1518 839 981 1245 906 1088 1209 1195 904 1667 1228 1322 1527 716 714 1520 1232 1176 3478
979 1007 1151 991 987 1211 998 3506 1130 1201 1198 1171 1089 3471 955 1163 974 950 980 1069
818 885 718 1110 1522 790 698 881 3498 915 1160 3509 3497 708 941 3475 1155 729 741 850
2686 2726 2761 2634 2629 2960 2964 2249 2633 2749 2618 2661 2858 3000 2694 2755 2619 2659 2599 2636
146 481 316 3769 212 308 503 303 4234 497 4098 19 171 84 446 110 206 537 3725 123
1962 2006 2111 2876 2112 2846 2132 2866 2036 1959 2019 2885 1970 1991 2031 2110 1988 2906 2884 2887
3328 3380 3269 3280 3244 3292 3382 3356 3320 3259 3250 3295 3417 3317 3331 3354 3389 3308 3293 3362
123 193 256 19 457 82 338 210 4209 505 311 4236 136 369 3745 3784 3785 230 317 359
3655 4031 4030 4044 4078 4063 49 3359 3983 4071 3988 4034 4067 3995 4000 3629 4012 3633 3630 3991
1485 1653 1595 1506 1769 1763 1352 1671 1522 1256 1393 1396 1390 1669 1492 1749 1533 1270 1627 1316
1082 1517 1247 1565 1068 1433 1117 1397 1618 1415 1057 1116 1248 997 1260 1051 1688 845 1320 1204
1050 1201 3481 945 1559 1137 3500 1106 3497 1189 3464 1185 969 1222 1525 1254 1108 1514 1220 1204
1874 1903 1851 1824 1813 1863 1866 1846 1772 1919 1819 1833 1865 1892 1936 1876 1835 1869 1857 1864
2022 2127 2086 2143 2197 2922 2904 2185 2163 2192 2046 2068 1996 2917 2034 2168 2833 2113 1959 2205
1316 3492 924 1233 929 943 1616 1370 1455 1618 839 1010 1555 1537 1460 1513 1512 923 1247 1025
3987 4047 3630 3651 3996 3654 4016 4066 3646 3627 4052 3965 3949 3656 3944 4042 3966 4033 3953 3962
1049 1149 1092 1072 901 982 1018 1165 882 730 674 3502 673 3505 668 909 1220 896 867 1124
650 1148 1160 881 1133 1055 699 872 687 1197 3478 905 621 1011 666 955 655 623 1065 852
2068 2876 2095 2900 2071 2053 2843 2856 2050 2176 2114 2122 2866 2031 2875 2056 1997 2060 2251 2216
298 364 470 3792 506 465 70 365 252 377 370 158 388 156 183 3762 502 94 4225 340
1054 3518 1109 3503 1018 990 1538 927 1033 930 1204 1092 3530 3534 3475 1098 1137 1140 3506 1024
1026 1079 1147 955 1167 1085 1066 976 1185 1058 974 1013 1550 3490 1179 1529 1553 3495 3497 1230
2055 2857 2145 2015 2012 2817 2254 1999 2229 2163 2241 2675 2011 2221 2023 2105 2076 2036 2085 2003
2502 2536 2473 2408 2593 2508 2631 2598 2624 2455 2466 2422 2409 2492 2419 2427 2523 2608 2432 2456
514 3714 414 454 433 264 182 359 7 441 3733 452 86 204 3678 22 484 3680 105 343
2143 2676 2649 2686 2889 2722 2663 2945 2135 2206 2170 2834 2941 2223 2058 2196 2186 2699 2121 2855
1437 1628 1501 1306 1644 1280 1488 1493 1511 1643 1448 1323 1250 1504 1283 1308 1428 1564 1508 1382
3059 3109 3084 3139 3155 3083 3040 3094 3025 3020 3072 3019 3062 3089 3031 3150 3106 3030 3070 3131
3626 3650 3624 4007 4049 4042 4019 4069 4081 3589 3599 4076 3998 4055 3658 4002 4074 4068 3651 3997
1704 1716 1461 1771 1451 1416 1724 1673 1687 1609 1675 1454 1432 1423 1807 1652 1431 1695 1792 1659
1509 1613 1554 1476 1669 1332 1395 858 1235 759 1717 1141 1174 959 1385 1537 1164 1192 1624 1413
1474 3491 1361 1512 1233 1471 793 738 1666 689 860 1509 832 904 1131 1017 1012 1114 1226 1008
1385 3468 1682 1251 774 1340 1426 1531 1046 1313 1642 3520 1568 1308 1489 1428 1244 1338 1307 1282
1271 1299 1393 1289 1259 1473 1363 1285 1465 3499 1302 3465 1254 1480 1516 1325 1347 1534 1478 3481
1118 1156 992 3474 734 1014 1139 1214 729 760 3497 927 1137 3486 774 865 1196 748 908 1141
318 3729 349 35 453 260 3765 288 3687 548 254 261 3778 302 534 255 280 398 63 242
2044 2197 2880 2332 2208 2154 2188 2056 2031 2319 2049 2321 2250 2908 2884 2644 2210 2166 2078 2062
95 3691 3763 478 4203 113 219 87 50 9 456 477 3711 3780 232 29 459 497 195 3700
2166 2227 2222 2880 2878 2265 2360 2174 2824 2294 2057 2662 2289 2291 2055 2887 2261 2285 2186 2311
2268 2359 2244 2831 2335 2289 2249 2864 2348 2320 2810 2816 2462 2298 2258 2254 2471 2241 2220 2378
371 4225 3742 451 412 3713 3797 4089 193 68 56 39 158 98 74 3750 4197 3801 453 3785
2181 2252 2337 2882 2819 2842 2199 2159 2211 2325 2668 2683 2152 2045 2852 2905 2132 2864 2200 2859
2992 3200 3037 2719 2744 2761 2718 2970 2628 2706 3034 3205 3285 3012 3023 3219 3158 2701 3182 2933
4153 4177 4213 3889 31 4122 17 4151 3839 4196 3802 4200 36 63 4114 4172 4136 3841 3865 3858
221 259 130 206 3678 270 3674 312 4235 288 3692 290 75 181 71 264 144 203 3751 4217
1047 3493 1115 731 1041 1114 717 1111 1462 1215 1359 1073 761 1088 1068 1396 3501 1389 985 3517
2509 2520 2483 2581 2458 2402 2502 2425 2488 2574 2452 2606 2506 2504 2559 2550 2543 2393 2531 2580
193 375 3790 4189 3782 3760 351 4195 417 143 367 3728 21 444 4092 115 400 135 163 468
2965 3001 2592 2983 2728 2989 2685 2716 2602 2686 2708 2610 2962 2974 2785 2663 3047 3050 2746 2709
3772 4237 314 3764 331 20 484 4114 238 4107 11 310 48 427 139 510 116 127 52 511
3151 3560 3108 3150 3402 3570 3257 3103 3542 3554 3603 3583 3262 3601 3398 3175 3534 3132 3157 3114
3204 3218 3294 3295 3287 3283 3240 3281 3270 3172 3188 3205 3282 3292 3197 2730 3305 3273 3161 3192
1236 1256 1554 3491 1577 1248 1221 1276 1339 1306 1196 1455 1327 1637 1320 1614 1530 1193 1580 1574
2006 2127 2196 2181 2036 2155 1997 2113 2064 2192 2144 1943 2034 2879 2152 2072 2161 2835 2864 2146
62 186 471 4208 4197 374 3789 82 378 3713 108 500 463 382 4170 3736 153 209 497 3683
412 4093 365 3871 3791 397 529 4210 4101 4121 531 4207 3842 527 4077 36 11 528 4215 43
1090 3460 1142 958 1554 1068 1241 1006 1548 1113 1178 1016 1223 1019 1089 3495 1528 991 1521 1027
402 3711 4096 484 345 3732 4213 165 386 3676 155 4205 3791 3725 335 3706 4098 3723 492 136
2348 2362 2214 2478 2321 2229 2300 2303 2269 2340 2325 2469 2279 2265 2190 2365 2256 2322 2332 2459
1394 1501 1506 888 1676 1639 1318 1299 1524 1157 1338 1547 923 1416 1434 1242 1521 874 999 1459
1797 1829 1883 1880 1775 1784 1870 1833 1714 1707 1766 1842 1855 1811 1790 1844 1822 1777 1741 1704
989 1022 1535 1067 1205 998 1157 1533 3461 3504 922 1158 1112 1152 1015 3483 1161 3489 972 962
449 3780 122 3690 301 4080 453 480 4189 3781 3801 207 4088 4228 188 444 3811 3774 4101 3806
1815 1865 1734 1762 1810 1887 1757 1834 1917 1878 1905 1750 1840 1832 1782 1733 1818 1866 1807 1883
1021 1061 1027 1034 1134 1104 3472 1031 1187 3468 3488 999 1222 1207 1526 1147 1097 982 1047 996
1349 3472 656 1240 1192 900 979 1040 851 827 971 709 3488 3480 3498 984 1043 1383 1184 3483
935 3494 1089 1304 1083 1108 930 737 3477 866 3489 1486 813 861 795 1328 788 3462 3475 1129
1223 1324 3474 1498 1036 1302 1328 3499 3498 1647 1238 1394 1079 981 1299 1533 1619 983 974 1610
404 3706 402 447 457 188 386 375 142 59 307 200 543 79 370 359 62 4211 3670 138
3798 4161 180 3892 4208 4119 62 3760 3864 417 4195 3862 7 4131 4114 185 3834 4159 67 4130
1145 1174 645 993 1508 3479 1104 1235 1031 1006 1173 1531 636 728 1110 631 1021 1142 703 840
1313 1519 844 1240 1124 3490 1135 1078 1673 750 1051 963 1339 1508 1555 1010 900 1536 1670 1168
3867 4107 4089 3795 4182 176 3745 4135 72 2 3746 3917 3866 3783 3774 4174 3854 4140 3816 3665
845 852 921 1124 1158 1528 1156 1134 1516 817 3487 704 735 775 1189 795 1117 3512 3497 3510
2045 2839 2225 2247 2265 2006 2231 2655 2252 2699 2693 2906 2000 2221 2196 2048 2804 2858 2909 2836
1592 1615 1483 1657 1485 1642 1685 1613 1523 1497 1257 1528 1509 1628 1639 1638 1529 1422 1314 1437
1453 1622 1323 1395 1572 1605 1501 1575 1565 1628 1387 1263 1534 1448 1685 1261 1649 1337 1371 1491
1320 1559 1445 1493 1427 1278 1515 1461 1641 1362 1243 1547 1307 3495 3503 1526 1634 3479 1291 1573
1494 1694 1419 1515 3482 1138 1485 1140 1307 1751 1744 891 977 1743 1461 1250 1503 1122 1535 1785
2261 2363 2298 2680 2839 2264 2291 2868 2259 2360 2340 2347 2820 2289 2332 2825 2668 2275 2290 2282
1248 1271 3506 1416 1657 1273 1497 1621 1187 1500 1170 1462 1658 1659 1346 3495 1349 1570 1277 1643
1007 1059 1022 995 1119 1061 1110 1063 1021 1026 1195 1003 1153 1131 1219 1020 960 3510 996 1514
1251 1497 1615 3462 1190 1453 1196 1511 1167 1195 1557 1415 1320 959 1340 1403 1632 1233 1216 1509
443 4217 111 3667 464 113 468 4200 414 135 218 130 409 123 184 4235 225 3728 202 3771
2446 2566 2599 2458 2559 2572 2392 2406 2578 2429 2609 2499 2447 2587 2483 2557 2630 2405 2504 2506
782 822 916 935 3470 3476 921 750 1180 1171 1504 732 772 3482 736 731 770 849 748 738
1506 1659 1002 1713 1159 1451 939 1770 1206 1118 1259 1519 945 1723 876 1635 980 1307 972 1550
1448 3503 851 1109 729 1195 1089 1047 1324 1696 3493 929 1106 1601 652 1513 3500 1676 688 633
1551 3473 1580 1362 831 649 3468 1081 1187 931 730 975 1211 1646 1289 1235 1046 1439 1453 943
2246 2266 2857 2224 2361 2826 2265 2238 2221 2375 2874 2815 2357 2212 2219 2677 2222 2290 2248 2642
1022 1518 3499 1314 1072 1523 1158 763 702 3476 868 1629 994 3485 1415 1519 3504 3461 1111 1540
1160 3484 3498 954 681 1087 1072 1038 1363 1134 3515 928 871 1507 1488 1392 1113 1388 1176 734
960 1123 1539 695 930 1036 1049 1515 911 1058 953 897 1138 1211 1193 768 686 1096 1121 972
1049 1088 3474 1197 1059 960 3510 1091 1012 1144 1013 1108 1023 1127 1156 3506 1134 1192 1505 968
1492 1667 1763 1626 1251 1724 1612 1771 1501 1476 1287 1544 1729 1485 1643 1311 1396 985 3503 3497
1791 1901 1907 1695 1765 1716 1696 1823 1730 1799 1782 1919 1890 1728 1808 1793 1927 1761 1863 1753
1166 1251 1481 1353 1233 3486 1130 841 1552 1021 1556 1390 1515 1046 945 867 1613 1644 3484 706
1515 1635 956 988 915 767 1062 1521 1368 1165 1252 1359 1483 1514 874 886 1226 689 1699 3501
3984 4041 3634 4058 3939 3635 4044 4014 4018 4025 4055 3951 3645 3971 4032 3988 4008 4066 3995 4049
2592 2640 2641 2469 2696 2954 2626 2941 2208 2457 2737 2472 2214 2217 2499 2967 2672 2253 2658 2694
2079 2854 2135 2213 2240 2056 2041 2035 2239 2115 2021 2826 2673 2008 2114 2080 2681 2884 2861 2166
201 4220 23 3784 449 377 384 493 383 91 30 4202 16 223 269 175 474 100 518 186
2222 2859 2287 2052 2349 2863 2299 2124 2138 2323 2357 2030 2266 2158 2682 2162 2254 2049 2185 2050
1380 3490 1457 1570 946 1483 1360 1014 1416 1515 1019 1097 1458 1398 3483 1626 932 1508 1444 772
