125 605 120 128 606 126 602 626 142 598 133 130 615 135 631 593 104 102 610 622
92 549 106 582 579 77 531 550 101 566 83 93 80 573 91 105 542 561 529 73
186 216 193 204 187 215 241 227 161 163 190 155 212 197 203 206 162 198 167 195
362 376 355 359 381 341 371 383 340 345 370 351 338 399 364 349 405 346 368 333
11 20 493 427 479 27 426 496 415 34 442 458 387 25 3 401 435 436 423 459
55 73 555 527 64 532 82 50 90 549 60 52 530 83 85 552 533 63 51 84
402 421 422 459 382 378 419 385 445 375 39 432 32 20 426 381 400 25 398 30
87 580 549 91 586 66 569 593 587 78 79 557 566 574 108 540 102 589 94 552
739 755 766 754 764 758 774 731 701 729 737 712 765 721 725 782 705 743 745 780
449 472 407 515 490 28 520 471 16 408 476 412 530 411 14 23 426 502 442 534
113 140 116 157 601 139 112 96 126 597 162 115 97 130 586 98 602 155 114 606
443 488 453 24 419 40 440 483 536 468 475 455 490 537 403 421 470 35 16 465
858 870 883 831 867 884 835 887 852 846 832 874 889 845 888 859 886 839 842 834
688 701 711 736 689 669 715 703 706 708 682 693 738 675 686 698 672 732 709 668
470 527 83 556 516 530 509 562 476 423 521 12 532 448 478 497 444 73 422 504
86 552 545 90 95 82 550 533 567 569 92 564 97 66 104 538 554 576 87 63
425 438 498 455 387 487 391 42 511 398 494 474 497 479 409 15 7 414 441 26
29 430 399 438 389 425 426 36 471 446 497 0 437 507 448 480 461 16 509 4
385 421 414 404 32 367 442 3 441 425 439 448 413 392 19 37 427 2 453 374
1 17 414 474 418 388 454 449 389 431 40 467 426 22 437 28 440 5 391 419
729 741 694 698 770 715 762 728 706 758 709 738 686 730 718 739 754 693 695 751
370 382 383 421 350 403 352 397 354 398 367 378 372 425 392 420 404 410 406 411
166 202 223 173 203 165 177 179 150 164 181 169 190 186 227 148 225 218 143 140
729 746 684 734 748 755 711 762 751 757 769 731 708 699 768 743 726 760 718 695
251 666 684 226 227 243 230 278 647 263 259 665 282 283 672 274 268 284 224 646
235 243 247 249 227 217 219 224 271 264 252 268 215 221 232 225 230 223 229 226
824 838 845 826 857 844 812 805 832 811 831 821 819 799 835 842 828 815 797 864
446 521 23 406 523 527 13 30 424 478 20 471 437 34 529 429 498 464 489 6
880 890 867 873 898 900 881 899 882 864 853 876 908 904 893 875 897 856 858 879
772 784 810 753 750 780 806 789 766 762 792 765 797 783 764 802 793 803 768 782
182 216 159 237 232 235 207 202 162 152 163 197 224 170 211 201 184 212 234 205
242 265 215 283 253 227 672 222 290 660 239 235 271 226 234 221 245 277 243 292
27 397 441 409 391 430 15 30 399 23 385 17 384 433 414 9 2 376 10 403
58 70 534 83 75 546 552 80 528 87 69 39 43 85 46 529 88 68 553 533
897 913 942 900 880 899 892 877 903 912 889 898 923 936 918 882 881 904 915 890
423 440 478 513 452 505 394 416 418 445 29 449 501 23 13 35 470 415 24 443
7 507 44 422 433 31 446 427 424 8 523 452 449 404 420 469 480 532 405 419
763 780 739 782 772 749 736 762 756 798 797 778 790 755 748 758 765 750 766 741
397 418 396 445 460 398 402 15 395 12 449 373 1 41 30 389 382 426 376 461
416 452 415 492 474 456 2 389 434 381 382 524 399 472 509 449 393 16 29 460
19 407 1 39 41 435 431 376 432 383 437 375 6 417 395 43 406 420 4 439
266 276 253 263 288 239 279 267 278 294 672 261 238 246 277 295 257 241 264 242
437 516 455 448 527 35 38 390 514 525 9 477 447 421 442 501 494 18 472 487
716 746 776 679 762 690 712 765 721 732 697 766 734 743 777 707 768 708 749 742
94 556 111 550 580 581 559 90 75 99 532 571 82 83 548 554 543 95 542 557
121 135 144 136 148 156 142 606 157 105 593 161 119 102 608 137 123 590 599 597
639 648 627 613 650 636 623 655 656 614 659 652 660 654 626 621 640 633 630 666
532 563 530 506 85 465 542 544 65 486 501 88 86 516 470 518 551 481 74 545
111 600 606 135 140 95 130 119 614 611 596 590 595 105 103 587 107 593 133 104
446 467 523 510 519 436 451 479 14 480 495 23 15 2 438 27 4 440 427 511
241 251 215 219 228 664 262 237 235 269 660 226 279 248 214 666 281 273 234 216
34 400 398 41 418 413 401 395 403 0 421 436 378 7 437 14 431 18 397 51
256 282 255 280 263 238 250 257 271 272 243 275 291 264 233 296 278 286 270 251
109 599 142 609 104 102 141 105 578 616 132 613 99 121 140 597 591 126 577 138
66 539 71 54 523 67 561 555 543 75 556 542 564 76 61 522 554 552 550 533
381 406 449 436 389 422 34 0 430 411 5 386 433 437 446 427 23 36 421 434
706 731 741 758 732 693 698 748 730 680 751 678 708 679 749 733 721 685 711 682
676 711 697 661 709 706 708 735 684 688 674 694 725 731 699 726 660 695 736 722
312 335 323 353 363 314 355 325 358 346 321 316 298 361 302 313 296 330 307 351
32 404 428 29 380 24 421 440 33 43 383 399 426 15 12 44 402 378 430 443
163 194 171 221 193 179 214 183 209 164 148 201 213 140 218 151 166 190 146 220
609 625 120 133 595 620 135 614 601 605 627 127 136 642 619 643 645 597 651 611
623 637 646 619 629 610 648 657 621 638 625 633 660 604 601 617 606 607 651 655
406 425 33 0 35 474 469 27 394 402 25 470 441 404 379 459 464 4 376 385
133 609 595 619 130 125 630 121 590 108 148 146 135 623 634 152 110 132 601 593
890 903 907 874 884 936 923 876 910 893 911 881 869 925 891 914 926 915 906 892
674 697 658 715 721 659 702 676 723 729 657 738 685 689 714 675 732 678 655 654
422 467 398 424 18 11 446 524 531 459 5 383 23 434 523 404 457 390 401 517
98 585 584 573 112 94 564 587 111 589 110 576 559 101 591 89 109 597 586 117
99 566 565 104 590 83 555 534 582 533 544 543 581 541 90 94 85 100 556 87
295 312 293 282 290 336 321 296 335 327 284 280 331 320 297 323 294 301 288 324
147 168 128 186 154 192 200 180 164 183 182 127 191 159 137 197 205 173 139 179
685 727 730 743 714 717 742 752 747 696 728 671 718 736 675 678 731 689 719 737
627 652 649 636 623 651 605 613 650 638 624 608 602 616 664 658 612 615 631 647
14 397 32 372 394 402 393 413 458 35 432 43 430 10 28 435 37 450 438 38
783 792 806 815 788 764 800 804 770 791 802 820 766 819 807 811 789 814 774 796
468 528 59 550 480 455 448 432 502 506 67 484 3 523 531 556 0 452 541 481
183 197 172 180 176 194 212 205 199 216 208 163 168 170 200 178 223 162 219 220
210 233 187 185 200 176 221 230 220 234 226 231 212 244 180 178 258 253 228 246
547 565 89 73 544 560 524 575 572 573 95 555 563 543 574 93 532 551 580 86
561 576 103 90 592 530 545 586 590 105 98 86 568 542 585 563 85 591 540 587
65 544 543 90 54 87 79 86 525 567 45 49 562 545 539 61 74 71 569 552
102 582 119 113 95 103 91 592 568 581 579 109 129 577 86 588 574 106 110 118
99 118 110 131 94 137 139 140 102 581 114 586 573 133 568 90 595 112 596 126
63 74 541 81 58 49 79 92 553 555 549 43 61 526 78 552 537 89 59 539
762 781 770 804 786 736 738 747 792 782 744 790 794 787 801 749 735 760 771 768
415 430 507 13 464 35 405 29 467 458 27 391 28 8 475 461 452 23 466 6
14 422 451 392 9 24 40 449 441 423 475 34 15 461 29 389 467 440 438 412
821 828 838 832 849 847 820 805 815 794 852 841 808 807 803 819 813 854 792 830
352 363 331 382 366 354 367 343 379 326 342 353 347 373 346 335 325 377 378 349
417 461 524 39 502 519 387 12 513 450 432 510 421 402 445 4 10 529 442 436
444 482 462 473 36 25 26 33 502 466 430 514 29 491 452 18 421 475 459 517
7 456 494 520 451 526 426 28 434 436 10 35 479 527 497 516 423 18 448 431
51 61 83 64 528 545 75 69 72 29 531 542 59 81 40 529 34 49 68 74
287 302 325 291 264 276 326 313 280 270 292 310 260 316 315 308 258 303 311 277
65 77 557 544 536 62 44 527 66 56 539 68 82 69 558 541 64 560 53 84
485 530 548 554 469 71 501 437 456 454 514 487 558 82 546 516 482 478 537 67
661 679 701 651 240 712 710 718 650 677 241 690 645 638 649 689 695 684 696 653
476 519 436 540 537 13 536 447 4 432 426 445 461 428 530 464 520 440 470 534
77 558 539 531 51 55 543 48 68 57 76 550 86 50 560 75 89 571 88 562
807 818 783 796 821 799 837 785 797 833 810 829 795 827 823 824 815 786 831 788
792 815 802 798 775 822 806 835 830 821 800 834 796 836 801 803 808 779 799 794
884 905 904 866 926 898 941 909 925 945 924 865 897 874 937 887 881 934 944 943
106 584 574 100 110 124 88 569 96 599 576 93 598 587 136 565 564 117 115 109
705 743 678 696 704 738 745 719 685 753 740 724 674 732 762 744 693 723 703 686
529 544 73 69 76 510 558 458 468 84 82 477 65 480 546 511 71 521 553 520
0 427 30 422 472 401 424 471 423 466 403 13 411 27 408 407 16 392 415 432
707 735 749 688 757 752 674 710 737 703 725 685 760 682 699 746 693 739 740 716
709 743 752 773 720 696 769 683 767 732 721 744 710 726 772 739 722 734 727 676
135 156 176 128 145 613 169 122 137 125 146 160 595 148 140 165 601 133 108 607
106 115 589 122 128 123 574 135 582 99 125 594 573 592 89 113 110 134 93 97
805 828 842 789 841 845 787 853 785 835 838 783 827 816 791 810 850 854 849 819
221 233 200 247 258 217 243 209 191 215 244 202 257 192 198 249 208 216 240 213
321 337 327 322 315 332 317 350 341 333 347 319 354 361 316 320 305 363 309 366
438 451 422 507 390 524 40 474 27 414 433 517 18 466 501 523 464 403 447 492
298 317 333 302 320 331 337 330 303 315 291 284 305 325 319 335 324 329 296 280
608 618 132 118 647 624 129 623 131 119 633 116 117 124 611 594 597 640 603 622
244 270 248 662 251 282 280 243 242 219 283 276 274 281 216 254 293 241 272 290
541 556 82 83 90 92 64 552 87 531 80 567 97 527 74 554 573 544 539 85
62 544 545 65 525 523 553 49 70 540 42 542 559 86 87 82 53 538 522 537
120 133 592 152 595 113 135 159 597 128 155 117 153 141 121 106 123 139 136 140
261 283 252 270 668 290 669 298 237 249 268 288 255 276 267 247 281 264 258 278
461 491 496 20 428 484 419 422 482 536 508 7 9 497 480 486 420 481 504 423
232 250 274 248 268 252 269 239 227 230 251 667 229 254 241 244 277 217 262 226
405 425 466 427 12 438 375 380 441 432 16 452 450 406 378 15 403 25 387 433
21 417 34 18 11 459 408 395 426 455 35 385 423 22 23 416 448 447 429 10
30 45 12 51 414 24 42 31 59 36 5 55 426 422 408 8 56 397 43 435
335 364 371 324 381 375 370 374 350 358 352 325 380 311 312 341 346 383 338 355
15 402 408 412 4 17 7 13 24 22 28 23 16 404 461 377 442 400 415 396
496 531 450 9 555 465 63 480 67 544 481 562 491 492 70 557 60 468 549 503
385 410 431 449 7 15 389 417 378 35 370 5 37 367 402 400 440 416 8 448
345 363 347 358 350 330 346 371 324 357 377 328 335 349 369 380 338 382 339 344
118 594 130 103 99 127 586 134 121 602 106 111 117 587 110 102 605 132 599 600
666 675 651 673 683 258 676 687 711 650 662 647 665 644 248 646 653 705 251 259
457 491 484 415 9 519 423 490 506 447 492 434 424 516 535 449 528 450 454 530
33 394 28 381 375 445 419 420 47 41 413 411 51 383 393 26 397 30 417 22
118 606 117 120 109 114 588 609 113 104 633 617 133 107 603 103 597 632 593 119
388 436 6 380 484 0 17 426 35 371 28 517 483 462 476 396 504 498 13 423
106 585 115 117 129 567 112 594 592 596 103 108 132 92 136 572 130 595 93 100
917 939 909 935 938 916 896 931 912 942 932 941 911 906 927 944 901 918 900 928
587 590 586 98 103 120 97 574 106 597 105 132 108 585 569 582 99 604 119 96
552 574 107 525 72 559 541 582 77 543 572 542 97 560 553 71 98 549 575 558
83 557 533 526 575 572 87 574 93 527 558 576 58 554 80 538 59 62 98 66
653 672 633 262 685 674 664 657 629 627 631 646 699 628 662 673 669 644 660 630
172 197 199 218 206 144 211 186 176 158 191 183 167 189 157 145 151 202 200 192
793 810 817 815 825 831 799 805 795 781 806 832 828 818 807 791 775 823 819 801
116 588 602 571 587 137 101 99 129 607 584 572 580 608 95 124 574 107 100 105
70 83 68 90 558 555 85 62 530 60 64 97 562 554 540 539 65 550 80 549
198 216 169 203 199 217 212 182 221 244 161 177 205 188 237 171 181 223 227 213
877 885 906 878 853 858 864 859 899 896 869 903 863 910 854 886 865 902 887 875
