72 578 570 59 63 607 546 614 556 69 615 83 92 557 591 544 76 73 94 87
12 537 48 55 9 538 56 14 40 57 572 575 519 36 28 25 43 10 11 504
589 613 594 637 601 83 560 555 587 609 568 86 588 597 625 545 84 623 81 551
824 832 801 833 854 820 850 822 827 848 811 803 849 821 816 843 800 837 847 851
59 78 95 561 84 579 572 65 560 47 574 576 562 40 92 52 539 86 37 36
9 510 3 525 43 544 541 0 49 494 499 492 529 37 45 542 506 41 540 47
947 980 955 995 937 994 962 494 970 987 945 983 997 972 948 936 992 982 933 985
832 850 824 845 794 836 865 812 797 882 867 791 799 819 804 798 835 825 803 864
995 1015 996 1000 1004 1014 1031 1029 980 1027 1017 993 1010 1028 1007 1033 1002 990 979 987
92 102 106 84 86 87 74 78 72 79 109 85 81 90 69 76 105 77 80 82
72 568 552 90 588 561 604 88 76 570 600 93 580 86 615 50 563 542 549 61
948 962 958 943 947 961 952 976 937 953 957 983 495 984 942 959 946 980 490 974
554 588 568 540 535 625 63 589 562 612 40 614 578 582 609 85 534 45 523 529
947 978 944 937 495 989 955 984 942 948 960 494 979 951 957 995 940 959 996 497
707 718 689 710 705 711 719 727 731 735 732 697 724 734 700 699 692 690 708 696
835 844 847 873 792 845 871 860 876 826 842 846 800 832 863 834 862 840 812 811
1015 1033 1035 1009 1056 1050 1037 1052 1040 1003 1042 1028 1034 1055 1010 1022 1014 1039 1013 1002
504 525 520 535 553 22 45 544 513 542 519 522 534 48 38 19 18 550 539 40
868 885 856 857 870 881 871 841 864 859 847 862 877 878 900 879 873 894 898 844
77 84 56 551 582 106 73 100 568 87 104 93 581 69 565 585 108 588 586 63
14 541 19 49 547 2 34 61 517 528 518 523 56 24 57 54 66 38 530 18
593 614 598 595 634 560 638 574 608 577 559 579 610 615 545 607 632 554 561 553
701 714 726 727 690 711 719 702 718 717 709 692 725 716 723 686 703 720 722 689
1033 1041 1019 1028 1013 1034 1050 1012 1047 1017 1005 1016 1006 1026 1036 1045 1059 1018 1035 1048
51 546 49 21 590 529 587 61 598 36 530 69 25 30 72 23 574 521 54 14
936 979 959 976 933 984 983 496 491 950 492 988 955 947 942 957 962 940 996 963
1000 1006 1011 1024 1014 1025 1007 989 1019 1012 995 1029 1021 1032 1017 993 1018 985 1028 1005
71 568 553 591 72 50 596 552 57 93 580 602 598 621 68 564 594 600 89 611
787 811 790 808 786 777 800 795 799 829 835 831 804 784 803 809 776 825 778 774
16 527 14 516 29 50 551 31 530 549 531 40 537 24 28 35 22 525 521 30
584 621 559 623 70 76 642 579 539 80 585 607 567 580 641 624 552 639 637 628
899 909 933 886 900 884 921 904 911 926 888 885 883 882 913 916 887 896 891 910
75 553 32 542 82 26 48 34 71 74 579 608 564 41 531 66 97 30 46 64
724 733 739 749 750 734 732 747 754 717 752 751 742 740 712 708 753 715 745 713
737 764 779 773 787 748 729 772 782 722 731 725 724 783 728 758 761 746 760 721
56 551 38 571 76 597 585 589 569 48 50 534 28 543 49 588 59 599 26 548
535 556 582 525 593 558 49 589 564 6 71 32 552 2 533 529 509 613 541 534
783 799 820 816 766 814 792 797 756 831 801 807 785 774 818 823 802 798 815 810
2 41 58 51 556 544 45 536 44 60 509 3 557 5 24 10 42 543 520 547
551 575 583 539 540 541 590 582 622 592 552 70 35 76 588 65 537 29 609 616
742 764 734 740 723 777 756 730 744 749 733 772 750 773 767 787 784 735 747 786
77 558 591 64 526 78 571 45 564 570 93 572 552 40 55 59 580 565 104 561
872 892 860 885 849 846 842 874 856 890 871 851 845 888 886 859 844 902 883 878
9 523 549 498 517 522 507 6 48 515 539 497 49 533 16 44 17 532 518 502
804 834 776 787 849 848 833 825 815 850 788 794 819 813 835 779 792 841 803 828
72 92 93 52 62 569 90 63 582 549 553 555 95 73 78 50 552 567 57 548
927 937 944 971 946 956 982 949 945 975 915 947 932 935 983 929 940 920 934 495
17 546 20 47 18 54 15 45 581 44 570 74 542 58 589 2 526 580 545 26
517 526 534 537 541 496 548 551 28 40 515 52 531 514 493 30 47 45 37 511
854 879 877 844 838 874 873 868 835 892 884 843 861 887 876 881 870 857 888 834
865 889 849 897 839 841 895 896 862 846 881 866 871 869 845 851 886 874 852 876
663 682 681 658 684 645 690 632 687 659 653 637 685 669 648 697 649 696 644 672
610 629 621 575 603 660 643 581 559 572 556 569 618 650 655 605 659 596 555 554
935 944 956 957 970 498 961 964 494 966 947 924 985 954 507 922 502 933 967 914
12 524 48 29 16 11 35 52 43 53 497 520 40 521 551 19 10 523 39 516
749 755 734 757 763 735 773 781 732 777 746 736 737 760 759 771 745 744 731 778
547 568 541 60 39 22 602 33 577 567 565 533 46 598 590 613 529 524 603 17
23 544 546 584 547 67 540 512 18 571 30 8 587 548 53 34 580 63 13 68
65 549 527 538 555 82 543 29 534 598 604 60 583 524 550 42 57 580 541 547
548 603 65 76 44 77 45 40 557 529 587 47 49 537 600 58 52 571 74 616
800 823 814 816 776 771 784 785 807 781 813 821 798 778 829 797 799 817 801 805
745 776 807 800 729 728 784 746 786 744 770 747 726 755 803 748 787 781 767 798
955 976 985 942 994 973 981 949 933 975 493 986 957 960 940 982 952 984 941 965
596 615 605 545 614 624 603 564 574 637 622 559 629 585 558 608 548 584 565 567
795 827 783 769 794 784 800 840 812 836 811 793 801 778 834 768 796 837 803 841
956 965 954 978 963 938 976 944 493 941 966 943 951 985 947 980 964 945 977 968
1009 1023 1020 994 1022 1019 1003 1002 1041 1030 988 1010 1014 1035 990 1007 1025 1040 1008 1021
499 512 492 496 498 497 510 539 17 542 22 513 1 490 516 15 23 0 2 495
4 33 47 538 535 1 522 19 501 553 45 9 43 502 545 531 536 3 507 524
940 977 941 994 993 925 971 978 956 931 505 965 954 944 502 980 981 959 985 983
617 636 560 578 595 609 649 574 599 591 575 613 664 626 577 624 627 608 600 607
778 808 793 801 758 751 831 836 803 760 776 795 769 822 824 817 767 816 749 780
30 549 575 20 530 531 528 583 596 601 36 48 17 39 49 4 577 568 574 19
519 545 520 521 62 8 23 13 548 524 27 18 505 511 45 587 530 598 48 527
1010 1022 1036 1034 1019 991 1011 1029 992 1040 1028 1043 1009 1013 1042 998 1031 990 1008 993
1042 1051 1018 1038 1025 1022 1059 1021 1034 1039 1040 1044 1055 1052 1037 1019 1023 1036 1057 1028
891 896 897 902 869 874 883 888 909 906 900 878 877 868 903 871 907 872 873 885
6 503 50 943 496 516 508 491 32 29 34 49 521 23 499 38 42 51 1 530
554 585 601 615 576 50 581 608 623 583 557 555 535 542 46 34 537 523 528 593
508 540 62 39 0 491 562 526 493 55 28 10 509 523 19 568 548 494 569 27
0 24 497 511 536 45 2 520 548 58 32 40 515 512 22 57 33 524 34 60
42 54 28 556 22 11 525 33 27 9 10 21 63 6 47 14 547 538 69 34
76 568 85 622 590 611 576 585 589 95 98 592 597 80 90 608 62 577 560 619
936 977 982 494 492 988 991 957 950 914 940 980 932 927 913 496 943 970 974 989
868 891 877 870 848 847 842 871 853 851 888 845 905 852 872 899 878 881 896 902
732 739 751 744 764 749 756 762 715 747 716 761 759 770 754 738 723 733 768 741
852 865 879 844 880 868 867 885 850 837 871 840 849 842 886 866 839 838 876 878
627 654 653 636 659 617 592 615 634 672 656 632 629 664 590 612 638 667 619 665
766 774 778 739 802 806 798 779 759 741 772 768 764 789 748 742 800 795 799 803
50 68 19 41 537 529 8 32 533 29 47 547 34 530 30 65 545 43 528 6
712 727 696 700 710 728 721 747 701 745 706 698 744 694 725 740 723 718 715 697
2 503 523 517 524 3 42 23 518 509 540 521 536 50 6 493 525 535 944 545
562 598 558 630 548 573 553 572 559 587 575 617 65 609 567 579 627 60 596 606
32 521 538 507 535 38 498 495 505 26 491 550 555 499 493 12 525 53 510 518
960 977 988 946 947 987 949 994 985 965 986 944 940 990 992 963 941 955 972 962
73 560 83 53 575 68 581 76 615 69 81 589 543 608 551 584 101 549 594 583
632 644 669 663 602 605 599 613 603 641 648 609 604 621 665 633 616 655 635 601
922 934 909 924 495 907 491 951 933 939 936 941 982 977 921 497 493 976 946 494
6 519 530 8 509 500 535 490 524 547 497 48 5 23 518 528 36 502 514 532
1028 1033 1016 1011 1038 1053 1001 1044 1015 1005 1026 1018 1009 1055 1034 1056 1050 1000 1037 1046
53 68 18 540 547 51 555 80 50 537 70 91 52 536 35 21 62 567 9 84
908 924 921 905 927 930 916 919 899 907 914 493 925 901 935 915 931 917 913 897
658 675 629 672 668 689 677 655 686 639 656 682 662 693 685 659 648 691 678 676
719 736 731 733 704 701 714 760 711 712 718 727 703 702 720 713 724 750 728 706
80 566 91 616 593 89 70 577 579 534 93 64 87 71 607 595 606 591 582 94
782 803 753 790 770 761 822 807 795 830 808 764 765 775 781 826 762 806 755 800
1014 1030 1039 1026 1045 1052 1042 1031 1037 995 997 993 1011 1012 1038 1006 1022 1002 1050 1048
937 959 925 496 493 967 492 985 969 933 976 979 971 929 926 968 953 930 931 950
78 577 594 543 103 81 571 556 85 616 68 615 592 567 79 84 98 574 619 568
548 570 538 531 573 535 580 554 582 77 592 71 556 603 66 46 604 587 575 608
67 548 538 46 535 16 71 86 573 521 45 23 82 35 566 61 560 544 523 22
643 654 635 678 623 669 663 640 674 673 634 620 659 626 664 655 671 666 639 657
761 779 738 767 763 792 801 806 768 799 784 739 737 744 802 750 762 786 751 791
564 589 600 74 548 535 80 598 59 550 73 540 625 533 569 76 567 546 62 557
835 859 857 843 886 834 809 885 849 806 862 812 793 816 841 876 877 879 808 840
692 707 718 678 695 697 705 713 723 687 674 686 721 677 720 691 722 699 704 717
646 667 675 669 670 637 684 668 629 642 654 648 659 681 624 643 676 644 653 627
948 983 498 951 997 989 939 972 996 967 944 969 968 946 984 994 978 982 956 965
556 594 68 605 568 560 544 592 36 72 530 542 569 588 78 625 552 75 572 565
83 93 73 585 91 68 102 69 95 589 591 96 100 62 97 581 101 92 75 84
839 852 870 861 840 876 859 862 837 851 864 836 827 832 869 841 856 882 865 873
1023 1035 1030 1022 1027 1058 1053 1033 1056 1002 1017 1003 1028 1011 1050 1052 1014 1009 1047 1024
538 579 49 562 575 76 548 623 36 77 19 608 612 550 516 61 8 557 69 547
44 67 568 86 48 18 46 74 534 569 12 552 40 81 530 66 87 29 1 62
6 45 56 19 548 530 8 60 526 25 67 508 39 502 1 46 20 51 52 527
905 928 914 898 907 919 490 897 935 937 894 936 899 916 940 918 929 909 942 922
950 980 975 490 973 939 944 984 978 943 946 991 947 937 497 962 994 983 965 988
754 780 802 736 776 775 805 781 731 791 748 739 766 762 784 753 738 804 809 792
700 713 707 708 689 695 706 721 720 716 684 696 688 704 724 715 730 727 726 729
75 579 570 77 577 86 100 541 606 89 602 537 103 605 609 92 568 584 592 572
674 682 669 653 685 697 681 668 646 645 656 652 695 664 644 696 675 659 666 684
665 681 678 685 653 677 651 690 648 696 644 657 640 683 673 674 645 631 691 638
919 935 939 947 918 494 932 493 981 983 946 911 975 920 495 974 492 977 926 910
63 83 49 65 76 80 84 99 553 98 40 62 552 585 547 558 29 565 573 546
12 523 547 514 36 31 512 23 38 19 48 501 6 543 534 531 22 550 50 504
629 657 613 603 618 638 601 620 605 679 611 599 615 656 648 619 652 651 596 666
569 600 60 591 613 603 586 538 543 63 535 550 597 567 577 631 72 548 590 573
731 748 719 753 780 779 726 776 766 716 730 762 739 759 772 755 720 771 763 757
56 537 46 20 536 523 27 552 53 528 75 19 41 59 6 518 548 524 9 73
749 758 778 733 775 768 756 761 766 748 773 764 744 743 734 769 759 780 742 765
523 539 568 581 494 49 545 561 47 38 502 31 505 66 16 516 512 492 540 558
3 536 35 540 570 57 525 571 535 33 566 524 534 32 56 34 49 25 514 55
491 918 921 940 516 515 909 945 916 900 955 932 507 919 941 505 947 517 908 521
569 620 596 539 72 606 70 544 591 598 628 60 564 585 637 74 533 634 639 538
492 503 515 502 950 12 0 506 949 943 947 934 534 923 516 530 956 1 511 11
746 755 758 742 762 753 726 748 759 756 778 757 774 767 752 749 743 781 768 754
78 88 568 86 583 92 59 586 100 587 585 559 103 577 570 571 588 63 61 90
597 631 582 605 613 550 556 610 638 614 639 559 623 655 580 627 616 545 598 563
533 556 609 611 526 563 536 527 541 500 605 57 522 610 56 39 64 603 42 55
876 889 862 879 847 865 887 860 868 856 872 882 900 896 888 864 883 858 897 848
