1735 1747 373 1779 1775 1746 1739 1723 517 398 437 381 558 569 444 526 566 446 1702 530
742 1432 922 1577 1552 752 812 809 104 979 973 918 648 732 816 908 923 1578 143 81
1030 1049 1072 1060 1056 1276 1805 1064 1018 1063 1054 1012 1764 1048 1800 1020 1075 1061 1077 1065
66 828 943 81 30 842 627 742 88 744 752 684 950 854 1605 907 1638 756 840 685
682 821 920 1440 1543 900 816 1430 746 921 1500 678 867 671 792 661 830 723 918 713
1714 1722 577 582 426 581 1738 405 542 1704 555 571 548 1691 558 1736 1744 424 412 541
313 421 1176 546 1722 1719 1794 324 305 1804 1763 1805 531 533 1718 1753 540 517 270 356
96 787 45 129 101 26 896 710 681 812 83 2 902 80 891 630 642 796 109 834
1109 1804 1089 1296 1113 1119 1148 1151 1054 273 1087 1133 1293 1130 267 1069 308 1777 1145 1780
744 903 1615 1588 752 1655 885 83 928 909 755 144 730 781 774 659 891 967 1650 896
720 963 1432 705 666 191 1446 726 907 1418 946 655 164 103 192 964 105 1423 956 90
75 763 1577 122 885 1437 28 1547 1616 876 38 712 660 754 749 916 1622 102 815 1438
274 1772 1315 473 1243 278 429 393 318 321 445 1311 1268 1314 1293 1101 454 1059 312 385
739 896 699 583 67 48 816 57 634 698 819 796 1435 809 1647 970 932 1582 756 793
675 1622 682 931 1591 21 753 6 1651 18 584 955 603 1624 934 1585 723 659 53 719
696 941 678 895 75 1600 957 1573 734 140 44 812 825 805 938 159 49 874 67 1609
618 1680 859 841 1496 4 1697 622 606 561 888 767 875 1653 1518 62 909 47 792 865
142 719 1578 799 117 751 770 702 126 1556 88 644 178 691 737 993 78 1447 671 650
970 980 193 987 1418 1423 151 1409 1420 1396 170 1432 178 699 188 716 1426 1438 120 174
0 32 855 1604 790 603 606 679 921 56 671 11 597 765 75 658 806 677 46 594
337 420 273 1729 314 306 401 1756 349 280 518 435 1722 274 416 264 322 268 408 509
21 823 675 702 23 635 896 40 1539 597 1642 1649 815 3 1613 1545 650 705 827 53
68 753 878 1546 743 48 804 763 636 765 125 748 656 677 903 958 867 785 650 39
22 631 880 682 588 604 584 825 859 1500 799 672 851 703 788 6 930 639 37 840
636 1593 19 1518 761 883 862 752 1552 1493 653 1626 671 634 774 1582 46 934 759 704
636 1613 900 753 1513 64 849 1605 880 804 825 734 907 817 766 19 14 686 1502 749
767 793 712 648 604 768 916 1563 1508 1566 1602 1423 807 52 897 862 847 684 817 1575
749 800 656 1544 43 753 871 1562 1503 73 1493 677 1518 828 944 47 1521 708 616 671
646 810 1524 99 1628 924 900 673 704 37 1492 1642 10 57 840 769 1574 672 794 934
260 1780 1804 543 1100 278 292 1328 1793 1264 266 1119 499 487 1054 1073 256 235 1231 1266
92 793 1591 751 7 734 655 809 786 53 664 601 762 652 1562 930 867 90 740 95
661 921 946 864 877 741 10 689 842 1 1486 772 628 718 1484 605 891 699 1617 71
34 1489 797 860 11 62 594 900 636 595 898 874 23 51 871 763 776 634 14 1498
1321 1328 1334 1251 1339 1317 1303 1340 1300 235 1342 1299 1297 1343 248 229 1344 259 230 262
39 697 1489 760 1603 133 714 1423 22 963 807 797 1558 13 827 892 637 934 920 698
568 1511 1544 1738 545 581 840 896 1693 591 631 810 585 1694 1675 1517 798 1703 847 821
863 1487 29 727 653 648 606 616 753 585 896 626 5 1532 622 1521 1544 772 889 2
649 1594 1439 648 732 1645 62 765 1604 796 762 837 910 920 1435 52 795 780 772 625
256 501 513 291 1341 1256 305 456 268 484 1791 340 1784 299 424 1236 247 1298 1296 1347
682 705 825 821 86 141 952 953 707 830 755 1568 1454 94 679 891 779 771 56 1455
783 881 865 1555 751 795 887 761 1498 1432 1618 885 1516 120 77 89 922 767 627 652
129 725 1551 910 691 924 861 720 1424 165 668 984 1565 714 1574 865 675 763 94 1556
296 313 351 427 369 495 1171 258 1168 1770 452 273 1153 286 368 1170 487 491 502 356
1059 1775 1039 1094 310 1291 1073 283 1040 517 1301 1091 433 1036 1068 1767 1288 1318 1783 1090
211 1360 1375 995 981 1389 171 989 1362 232 1007 1278 1377 231 980 208 172 982 200 234
198 216 983 236 171 1363 205 172 1000 1341 162 203 968 179 210 1393 1402 240 1265 168
726 1587 964 702 930 1424 644 663 752 1604 122 1556 809 788 1571 803 1428 1446 968 140
885 1516 773 793 599 874 555 618 925 836 35 701 1497 640 671 705 867 650 115 73
376 413 1779 423 1788 1769 554 1720 1742 1759 324 361 528 1739 1773 419 357 1747 1743 1778
530 1778 434 383 267 1094 527 394 345 374 384 1786 361 1290 1102 363 450 1780 289 264
303 345 479 264 291 422 496 320 367 377 495 499 274 465 483 478 389 253 505 1783
953 968 694 676 111 696 1558 1445 664 667 158 1452 1409 751 194 724 124 166 927 951
721 794 64 57 1424 1548 967 813 1496 976 129 946 724 747 1601 699 948 815 1494 889
275 510 292 483 1310 351 274 307 445 525 537 340 463 1264 1300 529 341 298 458 415
599 1617 801 912 578 615 667 9 762 1609 1658 631 575 927 18 681 663 1686 875 796
1055 1794 1303 1785 1289 269 284 1084 1298 384 382 391 1030 1060 1771 1052 1035 1301 1302 1095
721 807 6 609 847 1454 1577 711 1565 951 138 801 743 20 608 688 90 707 827 798
695 921 654 873 821 952 640 919 129 923 870 925 698 910 804 1563 34 646 1585 902
760 1576 1426 650 696 892 860 679 1569 140 921 703 801 1552 825 1561 943 1437 1549 113
685 937 1564 713 828 959 915 620 1451 10 778 1594 868 1616 1630 632 1622 83 8 712
686 734 901 816 138 778 796 62 827 758 694 713 902 877 773 956 1409 38 833 1598
928 1643 1656 729 621 1610 608 676 757 794 657 793 60 792 722 1666 641 904 1621 664
808 1492 623 649 40 858 1484 813 1553 871 787 875 810 73 830 19 743 1539 796 798
635 794 78 887 871 111 86 846 1640 674 900 793 1561 586 907 1621 608 617 755 1663
767 833 938 46 1488 1489 85 567 681 17 1500 776 921 1514 18 768 1594 674 689 793
370 1736 1751 330 1731 1705 444 1750 568 403 1726 401 376 332 1761 331 549 410 402 369
669 880 1650 673 13 829 1494 1427 614 849 618 22 803 908 869 824 16 934 766 1437
671 856 814 581 1606 111 592 56 1512 790 738 98 1522 609 114 829 28 1531 1579 599
1089 1793 1121 304 314 284 1114 383 1306 302 277 1294 268 1069 287 1106 387 310 269 315
776 838 944 821 953 927 70 81 1554 948 695 781 920 1516 807 842 1563 44 124 1569
669 863 1592 1623 894 623 944 1590 86 1437 1643 664 1499 5 938 66 1425 709 601 1596
653 1626 41 1643 710 652 1583 618 792 758 636 683 687 1581 17 673 689 682 0 67
406 1710 1702 578 574 1734 1711 418 534 1787 362 552 354 550 1746 554 539 525 524 417
797 1563 739 99 798 928 637 718 1605 1600 848 0 91 50 1503 69 730 1593 834 926
907 1644 123 72 16 1636 758 20 629 86 772 601 679 729 656 608 695 1665 6 97
103 1441 964 107 942 682 71 953 145 660 98 726 671 913 679 777 669 950 775 132
99 695 123 43 1437 51 752 1431 875 768 660 923 658 1439 58 777 1594 833 626 68
681 1562 49 90 698 724 799 780 847 907 61 1588 932 1424 1444 818 636 950 1561 79
192 973 1373 1400 1398 970 1431 162 993 1428 713 201 209 703 1394 956 1413 137 191 1437
31 73 661 678 70 1615 624 740 1656 847 607 786 882 848 892 837 1618 122 849 833
312 353 504 1155 1166 373 326 425 370 1806 269 1776 497 1775 1800 1167 380 352 272 1804
1315 1324 1774 1782 1776 1303 233 1773 247 271 1343 1313 267 248 1252 240 1328 244 261 1307
651 860 614 1581 875 689 22 1657 870 680 925 861 114 900 1 669 1647 95 801 675
609 1611 868 1630 1642 919 833 1481 1641 940 1645 1593 761 1650 1608 27 1614 4 70 776
1086 1767 433 394 436 1774 1130 271 1783 1785 259 542 270 434 1778 1126 1095 395 531 1791
1087 1123 1768 1778 1101 1058 1063 1075 1792 1103 1109 1795 1098 1126 1789 1113 1797 1088 1773 1779
700 857 764 3 933 906 867 890 903 1569 1494 835 60 1432 912 898 765 114 42 49
200 1353 186 1399 160 249 1019 175 1013 1378 1373 215 975 978 1394 250 1017 164 241 184
35 777 764 50 84 1619 105 829 872 72 59 893 1653 24 95 937 100 881 1568 647
748 794 725 1601 1421 642 63 1559 14 1415 731 23 842 22 838 1508 793 1593 655 1616
0 773 934 64 874 68 1565 112 900 1583 616 1439 726 828 931 770 1640 766 832 27
774 1430 1577 904 1416 151 677 914 773 858 685 158 727 978 56 974 844 134 1625 1576
758 799 954 1563 1526 922 777 897 36 1507 944 692 881 887 102 1531 753 12 1613 74
1022 1771 441 1768 550 1097 539 1024 432 544 419 520 1798 514 1738 540 307 1301 1299 1098
335 400 356 1160 519 406 525 528 1151 1735 340 1148 532 427 550 399 332 512 411 430
624 1508 36 905 1483 824 832 620 570 1513 1678 1642 643 576 60 1522 633 904 1482 847
1282 1305 1775 222 1328 264 246 270 226 1251 1303 276 1323 1045 245 1324 229 1763 225 261
257 449 423 1802 1269 1279 1288 1331 1769 501 1806 1223 247 1785 429 249 455 293 503 436
314 1799 1295 1079 1061 344 1132 1794 516 1100 1153 1084 339 428 436 490 304 1168 1802 1066
292 1788 462 489 245 443 1077 284 1066 1119 342 324 285 357 416 256 1123 1315 1116 1053
1583 1598 910 743 28 1548 731 642 1625 752 597 628 677 1613 55 785 686 1622 650 1560
637 822 661 597 707 779 846 568 71 1621 608 1662 924 36 864 808 821 642 708 620
54 889 883 671 807 86 922 924 683 887 694 885 35 854 686 119 657 895 912 647
716 1410 720 132 1579 1439 1441 788 780 168 988 159 709 189 103 1574 152 653 981 677
779 1428 38 1616 1424 1439 602 825 885 680 673 1409 662 614 973 933 951 1418 37 39
425 1758 1040 529 383 1039 553 1794 1044 1780 1038 443 405 1043 449 1734 375 305 307 373
688 932 824 1442 685 58 675 869 1571 876 111 1586 127 57 807 99 92 865 815 1628
773 880 584 854 116 1570 933 725 848 1562 660 808 845 784 918 836 693 783 892 603
34 657 635 715 79 885 788 950 819 870 928 1435 19 698 108 74 654 80 114 897
569 852 876 1707 92 882 112 1702 66 103 48 787 1682 54 668 9 42 1730 806 898
717 1573 104 712 1430 799 121 1423 1440 1422 967 669 793 790 1426 110 672 767 782 1453
261 1313 427 473 1262 1255 431 279 257 464 296 250 236 478 223 1234 230 1337 1302 424
806 1588 882 35 689 1571 1506 1512 23 855 687 1605 859 1541 12 111 755 897 59 1515
592 608 655 1685 642 671 1522 770 799 921 37 861 1607 869 46 648 22 644 55 826
43 1658 632 1684 1650 860 21 62 889 1601 857 753 839 644 600 932 84 571 1489 907
112 806 960 127 940 129 710 1438 107 785 693 61 1435 1551 735 713 797 719 755 625
761 872 949 710 652 69 907 70 663 830 1555 1569 121 35 717 916 782 1558 889 816
245 500 301 1321 1253 261 1283 520 1256 515 1322 293 258 1264 222 1331 1284 307 1325 1285
552 1513 637 1758 570 857 887 1535 617 792 1742 609 534 1519 836 612 1716 873 834 833
54 656 801 899 1616 692 933 56 1572 82 665 924 654 629 12 615 610 771 624 1655
87 900 1627 671 713 918 720 838 118 1489 676 608 1428 852 85 1427 663 1480 74 854
1499 1523 1532 806 811 621 43 1536 581 889 625 812 865 794 644 853 1484 856 1525 866
737 937 801 695 1411 692 67 961 642 702 872 906 917 914 690 78 1598 1 905 37
644 1586 1660 662 626 712 1587 888 1556 1654 1549 657 738 16 736 1648 1568 594 90 782
339 405 1695 438 290 316 1764 1781 431 433 1161 343 351 312 315 527 424 305 358 1746
594 1647 1644 1604 903 883 1625 599 924 918 1684 18 59 652 562 868 1653 605 1640 1679
436 1735 1769 370 467 391 555 383 269 228 1739 1698 446 369 235 1713 392 1723 536 377
1338 1369 1323 254 235 233 1360 1353 255 1327 1370 1361 1335 1322 206 227 1329 1325 1343 1342
269 1313 270 1777 314 504 1779 418 486 1292 516 295 1296 1245 1768 479 463 287 1780 1300
494 502 529 311 467 241 321 251 492 324 301 329 476 516 285 468 252 520 493 521
1680 1698 1733 1658 1722 602 618 403 616 408 1719 1661 608 1729 1727 582 412 619 1685 599
202 1365 1381 187 165 1386 983 978 1261 174 1004 1000 1333 1342 241 999 993 1373 1345 182
635 828 880 1494 628 1652 797 617 654 1545 614 857 851 584 869 622 923 664 697 561
268 1267 1796 230 1264 1223 425 289 1781 1252 526 216 1761 278 284 1304 1238 478 222 220
300 349 441 367 253 287 303 248 415 401 527 339 250 1768 480 468 516 1781 325 438
1306 1317 1338 257 1289 1267 1272 1302 1782 1283 1331 1784 1769 1245 1770 1766 248 1767 237 1274
132 704 687 1430 1567 81 981 1410 923 896 911 90 786 669 1577 706 49 1571 792 676
361 516 391 338 326 525 373 266 1786 309 518 350 275 335 536 297 494 362 521 270
380 1763 395 360 544 1030 392 280 324 407 1059 411 1061 1806 1704 279 347 1740 1714 363
239 1248 1283 268 278 1292 1371 492 1350 1342 468 1307 222 1281 1312 257 1256 1250 1358 255
591 607 834 1626 1692 902 45 821 20 778 47 911 1689 572 566 1654 801 832 893 648
111 780 1548 616 48 674 792 1447 744 720 636 99 842 1597 891 1617 850 731 625 817
756 865 875 74 714 1543 1586 596 680 1539 817 107 1578 137 802 618 1521 941 3 1505
665 1589 898 1600 716 110 31 836 662 777 606 914 828 940 804 689 830 619 70 76
123 658 147 36 122 1625 77 755 8 1595 878 42 21 959 1590 1610 701 1438 962 758
636 827 673 656 17 556 620 732 32 780 1530 585 71 55 612 1666 934 908 1640 902
712 949 750 1451 911 714 1561 119 790 686 937 1418 1443 727 907 1414 927 690 900 699
611 839 870 1633 653 597 1616 757 759 920 1610 89 1534 110 1491 1668 1624 92 1503 803
894 1660 611 807 907 613 29 920 31 44 855 871 57 1527 664 887 818 51 854 671
808 857 21 1498 580 1538 1508 78 839 1503 871 680 1536 748 814 630 710 61 116 757
