1475 1516 1337 1380 1432 1551 1464 1666 1555 1436 1434 1481 1421 1669 1425 1544 1532 1375 1556 1542
596 727 1084 664 674 671 769 574 718 751 685 614 605 640 645 585 1061 620 759 1080
2289 2306 2311 2580 2328 2323 2330 2288 2247 2604 2265 2302 2296 2620 2315 2661 2298 2241 1767 2655
218 1237 221 369 2754 343 125 1208 215 156 2888 256 2879 163 364 2742 2744 145 1210 231
1395 1568 1607 1452 1410 1668 1457 1579 1546 1582 1550 1631 1398 1642 1637 1624 1565 1446 1482 1352
129 1178 1122 1244 2897 1242 1119 2898 2800 2883 1113 1198 1236 44 2850 205 2893 239 189 2882
47 185 0 298 2824 20 1169 1181 41 2890 2807 2882 1107 127 251 1100 204 2778 6 261
1057 1099 1111 1112 822 733 2859 2884 747 1097 867 1087 2622 907 843 688 758 746 146 2856
1792 2375 2337 2360 2217 2244 1772 1800 2207 1812 2397 1799 2179 2226 2580 2327 2189 1768 2584 1830
2327 2332 2353 2354 2355 2588 2367 2606 2349 2363 2319 2310 2385 2587 2604 2577 2586 2361 2245 2382
42 2792 1179 1129 1104 167 214 222 4 2818 1219 136 85 1146 1185 145 2838 1198 2852 1178
942 990 821 827 980 1053 922 905 786 869 665 606 618 1025 989 800 670 792 897 772
290 2691 2718 318 2700 173 379 2868 2857 370 365 174 323 363 398 281 2652 242 1261 210
793 1058 712 806 755 666 1102 797 1027 1094 1030 862 1010 835 788 617 649 903 746 1065
2286 2650 2612 2606 2677 2629 2298 2281 2275 2301 2292 2282 2620 2277 2581 2249 2306 2634 2259 2665
2170 2181 2112 1883 1802 1846 2152 2405 2188 2128 2397 2151 2166 1771 1790 2223 1806 1763 2206 2233
725 751 1049 842 785 863 633 1081 814 644 603 1003 850 628 786 813 820 1005 852 632
860 1026 1030 857 991 1099 899 809 1080 921 794 1010 822 1090 1079 761 988 773 1017 1049
799 1033 772 769 667 657 625 849 778 1016 734 1019 999 1096 796 1082 801 616 1023 1065
1429 1516 1335 1462 1387 1507 1378 1556 1473 1558 1541 1406 1662 1441 1554 1376 1514 1461 1439 1405
1802 2185 1869 1773 2373 1801 1836 2231 1843 2379 2187 2174 2173 2206 1800 2411 1867 2388 2407 2375
791 1027 653 907 800 841 654 870 634 948 647 1097 676 767 1024 1038 663 864 773 1067
686 760 744 633 1049 1061 797 768 658 709 1090 586 783 808 612 604 968 669 608 646
366 422 1199 365 371 1210 436 1246 258 1247 1278 290 1181 2740 435 293 1250 412 478 404
66 1119 122 2813 1086 2868 1128 206 127 50 8 19 209 1105 2819 2862 28 24 173 118
2608 2652 2655 2629 2293 2695 2305 2278 2284 2646 2253 2289 2635 2320 2626 2577 2271 2630 2633 2624
65 1120 1153 2868 2813 2799 77 182 87 180 188 1116 2878 1106 1097 2891 1147 2887 2839 3
32 81 210 8 77 2855 137 144 2794 2901 109 112 3 82 2852 44 33 204 26 183
168 2795 136 2899 244 1150 214 1155 2760 264 1110 2776 209 1216 203 233 153 64 296 1231
793 1032 999 786 730 640 1114 1057 1112 856 1063 800 796 842 883 1047 775 950 1003 1025
2116 2478 2451 2480 2475 2119 2406 2441 2072 2126 2497 2430 2095 2169 2516 2147 2559 2139 2454 2489
333 430 1280 1197 230 393 2706 2743 215 276 428 2720 407 421 2735 2734 422 376 224 1199
363 2736 249 364 2753 1214 362 1184 241 268 220 1207 327 2700 300 1199 2691 299 1222 2727
298 2711 385 2848 2710 247 2717 257 2867 322 175 2667 2677 379 305 1206 173 344 172 2730
1356 1655 1459 1605 1486 1674 1682 1450 1663 1561 1448 1641 1374 1490 1571 1584 1504 1363 1677 1498
55 174 251 125 2901 2885 280 219 2852 169 9 92 52 1211 107 208 117 2755 69 149
200 226 2805 369 362 37 298 337 2795 54 2898 2892 1231 2779 1219 34 329 361 1169 41
216 2666 258 142 1238 2750 2616 355 217 321 2651 2674 248 1177 41 2711 1209 313 270 2691
2152 2188 2169 2229 2395 2102 1882 2133 2431 2219 1807 2108 2230 1798 1772 2139 1851 2183 2562 2159
1454 1567 1609 1485 1476 1669 1399 1403 1586 1451 1453 1513 1587 1634 1505 1406 1578 1611 1441 1433
753 767 911 835 941 801 968 612 824 725 892 639 988 928 747 693 738 828 906 739
883 936 854 996 939 968 890 891 627 783 954 645 906 929 916 632 656 881 937 770
1640 1653 1564 1576 1655 1364 1631 1381 1365 1630 1380 1627 1544 1682 1582 1602 1674 1402 1557 1395
2873 2890 1226 1094 1102 19 2850 1225 1110 1231 2879 2882 1092 202 13 1121 217 281 75 246
174 1147 2881 2807 2841 225 48 2825 271 255 146 2 179 1112 285 241 1203 5 1130 2767
2156 2188 2210 1854 2155 2136 2119 1888 2436 2199 1762 1769 2572 1827 2220 2559 1889 2129 2420 1871
762 1039 702 652 807 605 732 880 703 1088 642 681 787 785 1012 1114 1116 844 765 997
1555 1654 1677 1632 1368 1692 1396 1542 1399 1411 1651 1554 1371 1618 1405 1394 1662 1690 1608 1356
39 176 2851 197 1227 13 2756 271 200 2814 154 2858 169 1153 1141 2777 2829 2809 81 44
1408 1591 1588 1456 1595 1546 1664 1590 1406 1432 1442 1646 1663 1385 1375 1607 1550 1585 1565 1391
2152 2422 2561 2121 2132 2164 2165 2419 2079 2089 2436 2103 2572 2462 2446 2441 2568 2125 2399 2418
786 1079 838 1097 718 1104 823 1031 926 657 1052 782 1012 890 853 747 817 728 2623 768
58 2845 20 90 312 2819 115 2820 1161 2802 2868 1123 15 300 1098 49 214 95 1168 2815
713 1054 677 720 900 1074 777 585 757 745 858 695 1073 758 1080 1102 726 796 1044 784
72 157 175 124 2821 1201 2795 28 22 2793 2785 1168 2873 218 60 1185 2850 205 119 2892
644 735 941 722 580 765 660 772 624 672 585 1091 743 853 654 737 803 665 697 1084
193 232 2765 54 2699 145 2880 1170 2885 2797 151 1222 178 42 1231 2676 283 269 241 343
1315 1327 1292 1340 1504 1296 1351 1318 1306 1285 1289 1342 1347 1343 1325 1283 1330 1500 1505 1293
1063 1087 1021 1115 800 700 1074 2870 787 986 821 833 1050 805 838 1032 982 1033 844 1040
765 813 693 721 1087 856 821 840 1029 907 853 1079 751 981 1072 731 1009 679 785 931
1441 1500 1487 1515 1530 1540 1552 1328 1455 1419 1445 1339 1451 1404 1394 1406 1521 1364 1478 1463
77 2892 212 1160 15 223 2878 58 1195 2844 210 98 95 1179 1196 206 116 181 115 184
710 1087 713 2621 765 716 1004 1054 723 706 612 1044 749 722 34 588 1022 665 2854 2627
639 689 960 659 622 721 596 801 931 1080 760 745 1063 748 1053 616 618 600 790 678
208 2641 2300 129 321 1220 1235 240 61 2781 73 54 2795 2613 2802 2678 126 2881 1197 2266
1120 2901 2867 2 201 93 1133 166 164 35 192 1144 39 1104 2857 62 108 2871 2879 202
161 1194 1196 2809 63 255 193 313 1240 2869 1128 1138 2750 176 94 1185 1261 79 2893 2896
296 2682 1243 248 278 175 1212 2708 232 210 171 295 409 2649 1205 179 350 2711 222 402
781 1073 825 1061 863 770 804 1081 879 855 700 858 1008 636 783 1002 743 929 1085 883
1584 1655 1619 1656 1411 1617 1602 1576 1540 1565 1686 1417 1575 1391 1541 1373 1557 1625 1561 1413
754 795 1040 782 1001 673 1065 860 1057 871 613 778 706 1063 1013 994 961 748 629 755
673 734 1034 1072 585 844 623 1063 610 679 935 1076 748 584 698 628 612 717 988 1069
718 1080 1082 683 749 619 727 694 613 789 1058 1103 1117 757 641 644 752 1043 650 1070
1036 1087 710 37 810 755 849 983 749 848 1013 744 803 713 770 872 794 722 1104 1003
851 1027 1063 1015 741 733 840 846 761 985 822 882 920 801 964 1005 1049 1060 1104 1043
776 935 1052 796 938 895 915 681 916 662 985 688 1068 635 805 740 923 1024 683 749
773 1082 1019 637 915 819 616 635 920 872 836 650 651 744 997 919 805 1029 1096 748
1762 1799 1790 1753 2183 1848 1816 1748 2242 2381 1805 2228 1765 1840 1741 2220 1838 1770 2214 1810
154 1095 2821 76 231 219 157 2844 2877 228 1078 2783 2629 237 1018 214 241 1065 227 747
36 1108 173 1021 1144 9 1053 158 7 23 16 213 72 96 1066 2845 1179 2846 218 1166
1863 2186 2386 2397 2403 2145 1763 1858 1842 1841 2214 2147 2112 2159 1795 1840 1850 1778 1762 1792
674 773 641 591 639 1042 933 1008 797 900 795 964 924 830 763 925 895 635 965 854
2230 2368 2216 2213 1815 1774 2578 2323 1765 2173 2229 2202 1780 1800 2254 2218 2363 1834 2317 1766
1905 1959 1917 1899 1913 1947 1892 1890 2006 2009 1900 1927 1879 1948 1878 2021 1920 1888 1977 1887
8 1155 2790 2793 2854 61 1121 29 116 150 41 91 102 2876 1189 80 65 72 1118 2820
1120 1129 2836 1104 116 55 2865 1091 2848 1105 157 0 68 156 2840 2882 2842 99 1117 74
983 1049 1074 999 849 1093 656 1037 877 957 1032 722 847 694 1016 982 643 631 946 767
670 709 745 674 739 754 1059 989 954 586 936 729 1049 987 634 637 595 1045 611 660
393 1287 1297 1313 476 335 1301 298 270 1225 277 458 463 1272 446 1282 1274 472 478 1289
1390 1472 1659 1357 1564 1467 1447 1411 1561 1568 1578 1592 1501 1360 1435 1654 1358 1460 1577 1377
630 945 593 924 545 741 680 923 715 732 726 921 854 808 960 904 641 782 684 906
2080 2117 2177 2041 2126 2158 2561 2558 2137 2127 2451 2417 2062 2183 2553 2118 2110 2444 2156 2554
190 287 366 1164 1180 194 197 2855 317 127 2678 37 238 229 331 70 2853 1214 1258 2749
5 2879 109 142 119 2885 27 1092 141 1217 2878 1204 1221 2843 167 77 2847 185 54 1228
1876 1908 2191 1957 2221 2208 1847 1997 1932 1945 1887 1967 1918 1833 1936 1912 1939 2004 1996 1911
180 2795 2831 269 2841 68 1163 154 250 274 234 166 1194 2798 1204 2776 2813 152 1170 235
629 722 1078 704 680 593 1049 621 597 1068 596 943 984 642 641 779 594 690 1094 752
591 604 568 617 765 943 557 756 707 965 678 571 709 753 658 538 736 618 675 606
2206 2389 2160 2401 1760 2152 2359 2197 2237 2200 1870 1779 2204 1770 2166 2211 2562 2199 1876 2226
275 2844 47 2702 2863 28 1229 57 2716 219 344 160 360 1103 246 63 2733 86 2742 1098
850 1015 756 826 797 1007 952 742 849 852 888 749 788 1060 1100 962 753 832 829 1004
756 1018 619 760 1095 846 608 666 661 1034 793 682 651 747 767 1019 798 692 1013 722
2039 2068 2085 2063 1981 2008 2026 2090 1986 2065 2071 2075 2080 2084 1997 2438 2437 2033 2059 2423
837 1058 750 731 732 1092 998 864 807 803 712 1078 901 1021 908 792 738 1064 856 865
422 1258 1284 359 1247 424 482 423 438 475 379 389 483 368 1231 1225 1216 397 270 289
1855 2188 2191 2179 1828 1866 1769 1812 2215 1820 1838 2176 1863 1888 1885 2172 1891 1768 1868 2217
20 2849 1118 177 125 2868 85 183 2864 101 276 1166 55 2886 1223 61 60 212 1131 2833
759 840 749 841 807 988 608 685 808 1082 1048 604 631 866 880 1057 839 789 663 939
1904 1999 1915 1950 1942 1903 1886 1931 1874 1876 1923 1889 1905 1998 2045 2020 1918 1898 1977 1945
205 1243 1184 215 246 2767 276 123 279 306 2797 2782 290 258 1198 211 2757 192 1240 304
314 1238 2725 261 228 2858 2709 1174 1184 2715 339 226 1274 1194 2742 2752 1228 1275 2738 361
66 2884 74 2796 78 1169 1227 86 2822 141 2890 1123 2806 2868 2813 7 52 1226 10 197
2663 2717 234 279 2685 2619 265 2618 230 219 317 207 2627 211 2701 323 344 295 308 2632
2297 2630 2659 1081 2610 2646 2303 2641 1759 2317 2263 2257 2267 1755 2310 2262 2284 2620 2633 2259
375 1226 2873 212 1174 367 379 218 2864 1261 1190 188 269 2877 2789 2679 2792 2860 1238 434
1169 2836 2780 1151 72 2796 2859 1186 99 2888 202 200 2889 2845 212 1128 2896 1096 0 184
750 842 1056 1053 797 682 732 825 874 1033 601 759 849 633 1003 868 1023 968 782 841
225 1248 243 283 348 138 208 238 394 232 2778 358 297 373 129 29 239 2879 151 2756
210 281 143 355 363 1193 380 1171 65 1198 2878 2748 2792 56 198 186 2734 136 2858 191
652 939 967 680 666 604 605 696 965 645 716 653 669 591 720 681 725 854 729 704
2120 2555 2483 2108 2441 2408 2142 2178 2470 2066 2055 2149 2439 2157 2445 2466 2146 2153 2418 2447
643 980 1061 802 1063 690 831 639 1044 691 697 854 1034 1030 943 689 654 1035 933 726
120 1145 50 107 2820 68 2824 140 162 63 75 61 1117 12 2855 2 15 2899 2878 1112
1815 1876 2191 2223 2216 1802 1887 1817 1774 1858 1831 2194 1885 2198 1782 1833 2214 1776 1785 2227
188 239 277 172 264 2675 2817 1187 2681 71 20 1180 1168 330 2815 341 73 2798 234 2821
592 715 675 1062 710 1092 1090 598 774 704 1071 614 1091 580 688 667 547 765 773 548
1860 2171 2395 1812 1859 1804 1885 1848 1816 1874 2221 1810 2095 1846 2229 1766 1764 1806 2563 2144
2143 2453 2469 2170 2149 2166 2122 2091 2559 2558 2133 2487 2113 2099 2107 2150 2552 2178 2439 2556
860 925 773 1019 961 854 801 1020 916 920 952 997 883 918 802 1036 954 894 785 923
478 488 1302 458 489 507 516 475 468 392 517 384 419 433 424 485 490 431 472 387
359 1264 430 1186 311 284 368 261 2741 232 2731 248 339 289 1196 256 275 2742 2725 279
406 1253 382 255 455 1232 440 1202 403 1257 1210 429 1224 1250 1185 402 381 290 240 454
2155 2436 2567 2422 2574 2439 2564 2098 2076 2571 2493 2192 2552 2424 2185 2130 2570 2473 2109 2189
649 724 780 1051 782 557 969 775 743 707 733 748 591 689 705 585 742 801 1054 783
1516 1536 1494 1358 1533 1510 1439 1339 1670 1429 1707 1657 1546 1557 1499 1519 1522 1362 1511 1477
2120 2453 2482 2440 2413 2437 2098 2107 2174 2151 2415 2168 2130 2490 2145 2109 2144 2175 2125 2085
1218 2753 2766 276 214 403 2767 190 309 1178 2793 378 2715 2683 358 245 2781 206 1243 236
603 705 1066 643 659 698 947 675 678 595 1070 768 588 576 676 609 628 679 1088 545
199 2890 1101 263 1111 250 1124 146 142 1117 69 2888 1136 96 2880 60 221 2786 2778 183
254 274 169 2732 405 2870 2682 343 2736 339 1237 313 216 196 2847 204 2758 1187 290 2640
205 2793 1244 2886 135 2796 282 1232 122 2753 1189 1217 28 18 241 302 146 1197 1239 2826
359 467 290 1226 298 355 257 498 413 1212 1288 423 248 1223 1206 400 2716 451 496 1277
84 1120 1093 2855 118 80 49 119 161 17 1100 96 1109 1095 2854 19 82 71 2869 148
1892 1915 1956 1954 1947 1990 1933 1928 1874 1851 1890 1917 2011 1991 1918 1993 2191 1876 1859 1951
1 149 150 160 2880 144 21 1182 1109 88 1116 198 35 63 78 148 193 1129 1190 33
1142 2831 178 1192 1167 67 1104 1131 2887 2897 2892 2863 2793 1137 2894 1173 1120 2805 2795 1197
1777 1828 1810 1789 1788 1829 1803 2184 1834 1817 2247 1854 1867 1874 1811 1819 1845 1764 1797 2242
51 223 357 343 2877 278 2855 175 2798 340 2646 273 2835 109 129 270 351 2866 2817 329
2041 2073 2039 2421 2024 2103 2016 2020 2015 2437 2109 2061 2088 2439 1985 2074 2014 2119 2064 2013
180 2754 1213 1182 2707 2822 1216 54 74 2781 1158 2755 358 245 25 2895 2747 2722 218 299
