228 249 213 218 1385 230 255 1376 1381 1394 1363 232 1373 1388 1382 238 251 1391 242 239
1468 1481 1250 1487 1539 1496 1480 1236 1149 652 1536 1497 83 1506 1252 101 97 70 567 1482
657 1320 1311 1439 674 1464 664 643 1415 634 638 719 1217 1243 712 696 1233 1232 1460 1244
163 655 680 1240 129 650 1431 1261 1317 1230 1206 642 1432 1428 1460 1265 1465 164 120 678
144 659 1470 1237 653 1426 163 1274 154 1271 1243 651 678 1273 618 155 1324 1321 1253 168
245 1396 790 224 783 211 1418 1367 257 246 229 1413 731 259 786 1357 1390 807 1379 1372
646 1211 1258 1201 1488 1257 1454 640 105 1275 111 1438 600 1271 598 1232 1192 593 1469 1225
197 1339 1348 702 701 692 223 740 741 207 195 669 1347 724 708 188 676 694 755 1354
289 304 317 303 288 300 268 338 302 292 306 312 263 261 343 346 323 277 294 308
713 1362 1359 782 726 1342 749 1427 794 683 240 1332 271 1375 1341 736 800 1428 723 1434
636 1181 1510 1154 1254 1503 49 1136 1514 1255 1524 543 36 1278 46 100 1513 616 1442 120
1006 1036 1051 457 463 1058 469 1046 1000 474 1035 1057 1042 1003 471 1027 1052 494 982 491
470 957 974 1030 997 1082 978 463 988 1025 490 405 1017 1074 484 940 1019 466 402 981
1155 1501 1483 108 73 107 96 605 1535 1472 1138 74 583 102 1479 1513 18 38 1144 588
242 1366 1383 203 779 778 1375 797 219 1410 799 1380 806 1371 260 247 1362 715 1389 1403
607 1450 1144 1242 167 1502 665 1285 1286 1147 1494 84 1269 113 1167 1278 124 121 1157 94
465 991 487 493 432 446 479 974 1017 471 437 429 1010 496 972 978 492 962 1008 456
286 298 306 320 339 318 265 317 304 315 305 328 303 813 277 338 282 331 296 321
549 1144 584 570 30 1499 62 1104 1147 563 532 1111 1534 1478 66 1494 1495 1500 1131 1506
608 1485 1222 1204 1495 1513 574 126 1183 11 1137 93 116 1264 575 1200 630 119 1501 635
219 1407 1406 1368 746 797 703 261 209 198 1365 1377 218 1388 1398 244 1341 249 248 229
579 1197 650 621 5 603 31 1250 1498 1450 1238 16 1514 4 1211 1193 1485 551 644 1228
868 880 896 837 888 348 849 897 869 842 349 841 875 887 874 864 863 853 867 854
820 829 834 833 832 812 850 813 830 819 804 801 853 811 849 841 809 798 831 845
91 103 1176 1129 1533 75 22 1228 1205 55 1245 1462 1145 1540 140 1507 544 1237 1501 1488
813 841 851 804 803 865 1392 800 806 868 833 870 788 840 812 794 286 828 834 801
764 1410 1414 701 1390 741 1398 1418 1366 196 1334 251 232 1402 217 793 1324 740 1367 200
17 1488 1475 1197 528 36 1494 77 1160 12 39 1537 555 586 1139 1133 113 1525 1207 527
613 1150 1206 535 1157 146 534 550 597 1162 645 1203 1496 1154 118 34 1530 1259 1487 1201
283 304 291 812 276 352 258 271 350 261 312 349 290 294 262 320 348 331 289 254
1361 1380 728 800 214 226 1379 1343 1411 1412 745 271 709 224 1341 255 778 1420 717 803
21 528 585 1109 582 1508 1172 58 551 1155 1505 1504 64 1488 1179 506 1152 574 1486 1147
1309 1434 1326 657 1295 161 704 150 1430 1280 654 720 644 180 1323 1276 151 1296 1447 171
729 768 802 1370 770 800 787 1419 1345 740 1391 1383 720 731 707 1343 744 1371 1376 1380
1132 1526 83 23 52 1515 614 1124 35 0 1171 563 1541 542 1178 1186 1520 30 583 1119
668 695 720 164 1448 710 1421 1263 712 1322 1269 708 689 659 667 1449 1280 683 1417 1422
126 644 1482 1207 137 107 141 1276 1481 610 1241 647 625 1291 130 1242 1255 95 1235 1268
670 692 1447 1305 1322 1328 1339 708 1445 1439 1436 150 1330 1327 1441 1335 1314 1446 185 172
152 1458 611 158 107 1464 1282 608 1228 1246 1277 100 664 1211 1262 665 1179 618 1274 645
605 1126 98 521 526 73 1480 1213 1131 1163 1219 627 1243 615 1172 1128 1470 1145 16 55
147 1438 180 1269 1459 632 1257 1216 659 1273 663 1207 128 162 184 1215 707 1229 1230 1208
17 43 531 570 1193 1188 537 551 578 1152 555 1527 1541 528 54 601 50 561 1156 1117
10 558 50 548 559 1482 1119 578 523 527 577 97 560 588 61 42 597 1537 1188 1190
89 102 19 1169 1487 18 122 1453 142 1139 1208 1207 91 80 1157 15 567 573 97 46
535 1112 512 525 558 24 544 522 1095 552 23 541 51 1127 15 1113 1152 1101 506 3
586 1171 39 1196 1204 1523 38 1460 620 1216 551 555 1473 1165 1 1539 1193 21 1512 24
484 1003 1056 1060 481 1000 1031 1058 982 506 976 980 1070 459 1032 1015 498 486 1047 457
571 1128 614 521 53 563 1474 523 1 16 1142 1541 99 1531 87 535 595 49 612 43
606 1223 99 625 1153 556 601 1127 1188 1242 1504 641 593 607 1138 1222 618 624 1177 551
94 1147 1136 102 81 1205 1119 571 1230 544 107 27 1534 1469 601 1186 1540 1513 595 1471
140 607 1287 1441 1166 555 1149 608 1290 1229 1276 1223 1483 153 560 1240 92 650 1146 1179
607 1259 1468 1214 1176 1464 1278 1173 657 1190 1495 1469 587 1489 1220 93 1124 131 637 1151
547 1176 524 1496 1139 618 1249 1133 1523 612 82 545 1238 1490 1224 594 539 558 32 1125
668 1277 642 681 1269 119 122 156 1291 693 1242 700 144 1320 1463 1253 1232 1229 1252 1276
452 940 913 389 1003 943 929 468 479 950 1008 1000 1012 982 465 918 988 987 470 971
1260 1436 1486 108 130 1291 165 1478 1332 119 612 1268 1449 1264 660 1225 145 616 625 1289
518 1101 531 1065 1109 1119 512 1096 1124 527 538 1092 1100 500 510 1073 1122 1110 1120 544
927 953 394 368 936 443 393 428 374 916 413 903 913 977 403 446 966 971 363 978
548 1116 588 575 95 554 558 1114 582 601 1522 40 577 576 1106 74 505 54 605 94
659 1233 1235 1427 120 107 636 693 1220 1194 152 1453 1305 1203 1191 1309 605 1193 655 620
1147 1473 1179 1132 597 81 577 573 549 529 544 23 1488 19 1189 1217 1128 1498 92 1254
550 1169 15 1128 54 1498 93 612 599 85 1193 611 546 1112 1480 603 564 577 24 1463
1265 1448 1442 1439 154 1230 1250 1460 617 104 158 1287 1432 1297 1467 645 656 133 1444 1200
11 1537 1134 538 1541 579 1157 604 572 1122 1118 546 596 597 584 1154 82 1179 1501 69
29 68 1137 1179 1157 1182 1144 565 1489 1162 583 1189 1541 1152 12 587 1148 1155 578 30
812 828 796 1393 283 797 1390 1398 286 810 840 1392 790 1396 829 1383 1384 822 820 1385
224 246 201 257 202 221 1399 273 1388 1361 1383 212 1355 1359 237 252 209 1395 256 241
187 702 1348 1340 1311 1329 710 1423 197 1408 1344 1354 679 172 1320 699 203 1427 1343 715
1190 1465 124 605 1485 69 1207 1249 602 77 1271 1476 609 1240 1453 1255 107 1230 552 1231
139 1259 143 117 660 1271 102 1190 1248 622 1445 1210 121 1214 1291 133 1471 1485 1470 1187
84 1464 1164 47 1158 1138 1183 1141 64 1274 1450 1455 590 1127 1154 1265 136 1510 90 91
388 418 415 357 448 403 942 437 404 344 911 351 955 910 426 449 452 951 900 913
507 516 520 1087 1079 492 490 1070 483 539 1076 1082 537 1102 1059 1062 1074 504 1086 1069
131 1247 138 1278 1275 158 1234 1210 119 624 628 659 1451 664 99 1239 134 110 1220 1469
592 1500 1185 1538 1197 1461 567 89 596 1518 1522 594 0 1205 552 30 1212 115 18 1204
405 418 961 403 407 959 422 390 432 374 920 431 379 447 414 392 421 915 910 925
1179 1501 1181 27 1249 556 106 60 0 1493 1528 37 584 631 1173 1241 1505 38 124 53
690 1333 709 163 195 678 693 719 715 1413 177 680 1449 1320 1419 192 179 164 676 1344
1154 1529 1521 50 1173 99 1133 1509 576 1188 1150 616 1485 548 1148 607 584 1490 1475 89
263 292 1367 324 254 1362 317 1391 1397 1385 224 232 321 316 1393 288 312 1401 308 237
722 733 1432 1405 1314 743 1430 1370 720 762 750 772 738 1326 740 765 777 719 728 718
12 1513 1129 1490 61 544 1516 35 1525 63 1122 1175 1149 593 1501 95 602 1515 1496 36
1151 1186 1179 97 601 1454 619 1452 1135 1219 1506 632 602 1170 1458 1133 1232 1137 35 1483
0 26 539 54 87 1165 1506 90 537 95 1487 1142 535 588 599 578 1541 1497 563 590
491 1061 1079 1087 1093 492 983 1070 505 466 494 482 485 1048 493 1075 467 476 499 1069
1144 1537 68 1478 104 1540 1485 1120 96 1541 588 23 1513 88 1147 27 57 568 98 100
1215 1257 1277 1210 1276 109 1466 654 659 105 610 157 1477 1436 1249 1254 1256 1179 1200 155
575 1144 1124 56 562 1479 1515 607 1159 62 1184 5 1508 1538 1527 1473 601 1533 1528 557
250 281 227 1363 306 234 1398 1393 1374 214 1406 1350 1394 266 1389 211 313 280 277 222
363 381 347 371 350 348 390 912 889 359 890 898 896 886 387 920 939 413 338 913
555 595 538 1511 576 1535 74 1526 1523 1515 588 1153 45 1150 1495 614 1221 1173 1477 1478
1479 1520 96 1129 1149 1151 26 1261 1183 1219 1211 640 1225 1186 1498 78 1220 584 102 552
801 1372 249 247 773 1396 782 243 730 235 250 783 224 793 1405 1409 1414 225 1391 820
683 1441 1312 1316 1237 1442 1224 136 1216 709 685 1213 697 659 113 167 1277 678 1339 693
455 973 432 984 958 997 1014 1017 487 426 462 475 480 952 949 461 1012 417 429 1003
361 918 331 383 917 412 421 916 891 384 934 399 339 422 328 375 374 945 420 391
1134 1162 1535 1117 616 1496 521 1468 1184 1194 84 1152 1175 553 1114 598 1538 1137 1122 96
95 1182 612 1527 1152 1159 64 558 40 61 29 1508 1259 103 544 1233 1194 1136 1510 114
1194 1520 643 580 65 1184 1222 135 40 587 603 12 1192 43 1190 1262 1223 11 1230 608
1316 1330 1334 188 187 190 691 695 686 694 1323 710 1328 1314 655 735 1329 671 1307 733
717 741 1399 1346 1419 1392 727 699 1344 703 1387 730 1362 701 736 1404 1358 734 1427 708
89 1188 1492 1511 1458 1204 625 1190 1493 608 13 1132 1503 1185 1259 1232 549 1238 119 564
695 714 713 687 1403 744 681 1427 702 1330 727 733 1435 1344 1340 1317 184 1448 1309 1357
128 1481 105 640 1212 1129 15 26 573 1131 1488 1189 1264 137 1455 1468 33 1523 29 578
1150 1171 69 98 1489 80 1185 617 1170 1537 561 624 1500 536 1513 555 631 17 86 1159
131 627 639 637 152 150 1463 617 1188 594 644 625 146 120 159 1493 137 1249 657 1280
612 1252 1203 601 120 654 1150 1439 1162 1167 1128 1453 1151 596 1157 1487 1256 1278 1286 1193
185 691 1418 706 1434 663 659 1330 708 692 700 1338 207 681 1438 1426 167 194 1441 1314
454 1001 466 1026 1011 1035 976 1032 1002 991 979 472 455 1008 449 953 962 1024 978 476
737 1379 236 742 263 250 1370 710 1343 1392 216 1350 767 1407 253 747 203 739 207 728
53 1136 598 1477 563 1517 1165 1516 1479 532 32 22 1534 1476 90 1468 592 610 1149 1138
873 891 353 347 911 886 884 362 329 367 343 887 345 865 874 334 860 876 360 340
192 1342 1411 1320 215 1432 780 677 1360 782 710 1365 709 708 172 756 715 739 733 1400
447 961 948 974 443 960 440 409 430 449 415 958 436 412 993 938 962 935 977 453
116 648 612 1440 1274 1267 1282 624 111 1209 1463 133 1441 606 131 1462 1285 1187 642 1227
146 614 91 1480 1433 606 1251 639 632 1149 1211 1198 145 1146 1139 637 147 647 654 167
587 1155 1535 65 1124 1158 1491 618 1188 71 607 1474 21 68 1467 1492 563 6 28 52
89 1520 581 1190 608 1191 1213 1189 1207 616 1534 617 98 48 51 79 541 1508 105 1195
615 1448 641 1133 681 595 126 123 1284 131 1493 103 1235 143 1461 613 685 1207 141 1197
88 603 29 559 86 76 1141 1142 1223 1201 1475 1191 575 85 75 1526 79 1504 1200 1137
523 1104 500 10 1098 1144 1146 1138 1090 1108 1102 1107 1135 1114 1106 545 1126 4 1091 1143
1004 1035 1009 1053 1000 493 1033 1008 1017 480 489 485 1056 488 1054 1057 1039 1049 487 995
87 580 1152 1130 1202 1540 1127 1475 1198 104 548 102 577 1157 111 566 570 1511 0 107
206 1361 1351 268 249 261 1386 1410 245 1355 809 1383 1364 231 727 725 803 1407 216 1418
732 1369 774 225 793 1365 716 1338 760 1394 790 737 1335 224 1361 800 709 1351 233 780
1345 1394 205 735 706 772 766 767 1428 265 758 234 256 710 683 754 1327 722 738 1410
1492 1531 1215 90 609 28 1177 1196 70 550 114 113 111 1482 29 96 1478 1180 604 1493
377 920 905 411 896 423 359 908 405 936 352 333 392 400 922 410 390 386 948 947
143 161 670 186 1206 1227 1205 1244 1202 1216 1291 1309 122 137 617 127 1203 1464 632 1306
722 1369 235 222 786 1332 1321 803 697 252 706 743 1320 714 1401 1337 1318 229 785 1427
30 580 98 1152 1170 1192 600 4 1516 73 21 1492 586 1145 1144 97 1514 37 577 9
538 1159 1515 563 556 1149 1135 108 547 15 608 58 625 1102 48 1469 8 1495 609 1475
1402 1420 750 690 809 1342 229 1313 1320 797 182 796 734 704 1340 756 697 748 687 245
50 600 13 1461 575 1207 1494 43 556 607 1138 1248 1150 1509 1126 1508 29 594 1123 3
255 281 808 1405 1351 227 235 1408 317 297 312 267 1374 1363 295 321 298 284 1358 231
540 1160 1531 1501 1190 18 1198 1515 65 68 70 19 1530 79 603 516 1158 1112 1152 556
601 1458 63 1460 103 1446 27 64 1244 1527 87 1257 159 577 31 1454 1228 590 1214 22
1153 1182 1162 1226 39 618 1202 559 1181 1478 557 1206 538 1224 69 1199 633 126 634 1485
703 1354 1442 1420 722 1429 247 1379 185 1331 1380 1443 219 260 1392 1348 204 1396 766 763
459 972 429 417 1003 472 433 970 1025 1018 450 410 993 425 944 438 1012 480 463 973
407 924 919 433 390 380 372 902 931 371 943 374 431 918 402 940 964 396 383 967
41 74 579 32 79 65 20 86 100 1129 587 7 595 27 583 1176 554 1472 1180 575
706 1403 227 1333 218 225 681 204 264 249 722 1337 711 749 672 1377 243 1432 677 251
108 1201 634 1474 1500 1228 1487 616 1464 1243 631 1214 1248 607 1218 1220 1466 1468 124 1491
33 600 630 1474 1488 1487 1258 616 552 1478 1498 17 93 1167 71 110 1493 48 542 574
146 1212 599 1431 603 1460 130 1210 1204 1464 609 616 654 120 169 155 1213 1279 163 1189
1161 1534 85 91 1475 1182 538 70 549 1467 542 61 1141 1485 587 51 66 544 13 555
412 934 926 402 435 927 395 424 915 957 379 440 939 434 959 911 922 961 425 971
469 966 939 1039 960 974 953 1084 991 988 464 1000 1066 474 952 1001 945 458 1085 949
431 939 428 429 467 913 454 951 928 453 395 924 450 455 918 955 976 926 961 411
