907 922 941 895 741 747 728 852 740 836 811 897 894 888 971 970 961 748 730 926
11 1295 87 1263 1376 55 1315 93 1262 1383 1331 171 161 1362 1368 73 98 100 1337 1386
401 452 466 463 365 381 375 464 427 392 373 434 454 415 421 425 371 376 482 357
712 814 808 752 798 759 816 793 851 863 692 815 842 743 681 847 668 788 651 927
1070 1152 1011 1115 1015 1147 1109 978 971 1021 1092 969 997 1073 1082 1128 968 972 956 1166
55 1260 1228 84 176 1253 10 85 1293 51 1176 130 166 103 91 1291 120 100 158 1272
979 1022 954 1012 1011 946 1068 994 1038 1052 1083 1112 1061 1090 985 1033 1070 950 1041 991
1086 1126 1093 1076 1057 1058 961 1121 1133 1082 963 999 1180 1026 1104 1060 1124 1023 985 1089
109 1209 92 140 80 1203 42 1256 1202 1224 36 103 128 68 1242 99 1230 1235 1180 26
5 56 18 98 1167 1263 1267 1258 1257 1277 90 1282 1170 26 1286 1177 116 1285 125 1253
1292 1357 1310 1388 1314 56 1275 1375 146 1368 1260 1272 62 13 164 1255 1331 1340 1346 1347
556 638 617 705 534 515 606 482 492 631 684 640 634 581 535 542 545 683 494 615
739 821 841 951 709 935 727 885 805 810 684 742 826 837 686 715 944 900 832 713
128 1239 44 18 176 131 134 150 96 65 1168 76 95 82 28 164 1193 1216 47 1197
96 144 130 154 1277 1180 5 125 1219 1275 145 123 186 148 99 1178 1173 100 180 1272
819 869 888 814 710 910 758 731 916 924 804 877 733 891 808 946 919 928 742 884
170 1292 123 1365 1329 1354 145 1271 184 1312 1169 1205 150 49 1375 1384 1196 1161 1262 1350
846 935 834 918 868 740 953 855 829 818 832 939 931 762 875 854 747 841 857 833
135 1222 186 1188 145 1224 1252 66 1161 1279 1172 136 94 161 184 148 37 1186 34 1247
95 1217 1188 56 1180 1220 1277 1279 104 55 1174 61 175 58 1243 1166 108 1223 37 80
558 637 500 478 566 513 572 653 611 621 670 576 531 539 633 518 571 615 655 594
340 358 259 379 325 273 346 223 323 241 301 341 242 299 387 272 371 235 382 372
138 1272 1261 155 67 7 1173 42 1224 1241 71 1164 86 0 156 1163 113 163 69 159
687 725 639 930 860 938 795 917 637 736 786 715 840 816 657 896 770 789 925 876
1295 1337 1274 1351 57 1326 172 1371 1356 1332 1381 153 1348 1265 60 1268 1383 1344 1373 154
579 632 619 655 485 598 599 571 618 633 481 526 665 661 682 542 538 675 486 658
730 775 829 950 808 886 849 695 834 751 689 680 949 691 668 873 832 942 816 740
523 553 565 532 511 639 547 578 520 493 554 581 510 580 476 601 619 561 610 617
727 786 773 700 852 702 828 868 758 843 875 757 795 754 774 877 782 794 916 802
86 122 1228 53 1227 39 91 104 1240 134 59 153 151 1188 1246 154 68 1204 1165 1238
1319 1373 1294 1274 1391 1326 1403 1292 1350 1384 1320 157 1377 1342 1372 1376 1323 1318 1296 1284
544 634 581 598 490 560 616 541 668 684 606 647 577 550 631 495 535 578 602 526
822 898 815 768 920 921 767 875 849 765 702 770 873 708 868 837 896 797 928 738
885 913 818 737 728 884 926 936 942 822 930 954 812 944 820 929 935 756 712 931
512 611 622 644 536 616 563 519 623 557 510 495 499 585 483 572 628 591 581 493
115 1248 1193 51 70 25 146 181 144 1287 37 22 111 1190 180 1245 57 1254 68 119
654 713 764 612 639 820 630 724 715 780 804 651 791 705 621 672 686 610 574 598
29 1207 115 1257 122 1211 1189 114 1218 1199 103 1253 84 35 1249 181 167 1252 112 171
71 119 124 17 1279 51 1249 88 1251 1257 152 1218 41 160 128 1266 115 40 99 1198
245 352 321 230 370 395 219 354 264 329 237 244 227 312 256 228 249 224 201 294
525 560 591 621 502 479 535 569 553 628 536 508 534 574 663 651 514 554 493 594
413 445 398 367 411 471 393 438 370 392 448 409 418 435 384 466 377 378 453 383
54 1167 173 6 1269 22 1277 1259 157 1160 23 74 1300 1295 105 104 94 1294 101 1184
1184 1192 1224 72 1193 99 51 60 134 10 180 127 1185 1243 1229 129 1230 83 1209 1221
933 970 832 816 838 734 1050 1039 907 1070 828 882 1030 900 1099 1005 733 1017 990 719
112 1170 1117 9 1136 108 43 117 26 13 1275 139 1169 17 37 1174 1237 74 1243 1208
20 1177 1189 1273 128 125 146 144 147 89 1276 1152 37 1238 1205 1178 1144 1223 22 1141
1190 1229 1248 1193 108 106 1210 1264 58 1202 1200 1179 51 1197 131 1199 1187 1167 127 135
392 415 440 399 407 360 427 443 426 436 387 429 353 414 377 401 408 381 423 345
50 1184 1188 1261 89 1162 1274 1219 142 32 1208 47 1256 1238 58 1171 1160 51 28 71
701 790 875 878 720 834 705 698 746 709 693 656 830 794 640 700 784 729 798 813
257 365 289 396 223 301 430 420 377 213 361 363 261 314 246 427 274 270 353 414
1369 1404 1397 1323 1336 1353 1326 1385 1290 1386 1407 1402 1342 1350 1299 161 1359 1396 1365 1318
137 158 77 111 1228 1197 166 1170 169 1260 101 141 1223 1191 118 1167 1185 1180 1367 1187
720 810 874 718 878 791 937 685 760 763 692 787 699 717 888 695 665 708 749 823
55 77 1191 136 1198 78 1210 1265 1220 1250 1300 88 41 39 132 1237 126 76 1 24
594 630 660 661 653 655 554 493 484 641 673 528 654 500 550 549 675 514 492 494
70 1254 127 134 1180 1221 1170 10 7 1264 1168 1233 86 1193 129 1198 170 1237 167 56
1293 1385 1357 49 2 1356 1353 1326 171 1401 1321 164 59 172 1373 174 1252 1396 1295 1344
118 1230 1244 48 1245 1256 174 1226 123 22 43 169 1279 1278 24 1232 1187 85 1222 1253
190 218 178 249 316 251 323 1200 1247 265 305 311 138 258 1242 284 291 1205 202 209
414 442 362 381 435 422 398 450 434 394 390 387 425 402 423 470 395 479 475 391
91 1197 8 41 1161 1195 159 1262 120 1186 103 1205 44 100 39 29 38 1232 6 4
2 1198 1168 1219 51 1300 168 172 1232 29 38 47 90 1271 1161 27 99 1173 87 1278
535 573 496 614 651 596 563 521 523 656 636 494 626 603 606 616 481 520 547 541
136 1163 1174 1261 1147 71 66 146 1143 1156 1151 93 106 113 1275 164 55 69 72 150
1011 1071 1047 1027 1042 1000 1052 1105 1081 1054 1021 1058 958 1046 1072 1049 1115 1109 1069 987
80 1268 1244 127 1219 1223 1298 158 1258 159 169 0 67 137 133 123 1218 100 31 79
723 866 890 738 904 887 719 920 680 697 950 722 792 874 763 906 790 740 671 749
1001 1082 1076 981 1094 1038 958 1138 987 968 1040 956 992 1124 1119 1062 1053 1010 1035 1008
1081 1119 953 995 1111 959 1078 967 999 1137 1136 1095 1153 992 1130 1165 1009 1014 1085 1171
63 1289 1292 116 163 117 80 166 1356 1179 172 1261 1267 9 1229 25 6 1 1372 1260
214 281 355 370 278 257 350 223 299 263 287 254 348 375 248 286 190 225 199 371
163 1300 185 1344 1 1163 135 161 1335 1343 143 4 1312 1293 1321 1159 1311 1286 1310 57
1229 1247 1255 1191 1232 136 1210 43 16 24 20 1243 1184 1194 49 108 78 71 150 1258
604 664 607 579 665 631 564 642 708 567 486 535 608 588 524 718 720 599 493 677
828 909 700 865 756 740 868 893 945 774 695 789 830 822 930 716 937 797 732 906
159 1287 1301 55 140 5 49 1319 131 150 1304 1339 1274 56 168 1159 63 1314 70 1253
1189 1212 63 157 132 128 1236 1160 20 171 111 124 1166 98 49 1262 139 40 59 56
98 1278 1264 1326 23 1240 1298 1325 140 1271 27 1216 1225 52 1263 1320 76 103 85 21
693 763 766 768 752 814 734 831 647 669 811 735 769 728 643 797 687 760 864 844
22 1283 150 64 1202 4 1246 1267 1236 179 43 1185 178 1287 10 1172 81 51 1307 1222
1292 1331 1269 1276 10 1352 59 1267 4 1293 1353 1283 1270 1282 1255 54 1374 168 1321 1284
661 685 749 668 707 754 726 604 619 761 786 573 670 613 577 688 644 789 562 689
102 135 44 134 53 1165 128 1240 66 163 116 1187 145 1256 1258 1229 1210 113 64 153
58 1293 10 102 1184 1369 1260 87 167 1325 75 89 171 1272 1351 7 135 154 1256 1302
687 776 823 767 712 658 637 779 765 683 702 670 671 760 693 678 743 792 719 735
595 644 565 544 549 501 532 490 511 623 589 594 673 580 509 516 632 486 663 597
1331 1358 1305 1313 1295 1357 1346 1350 1294 1371 1378 1322 1311 1326 1286 1344 1374 1297 1309 1320
255 333 343 219 233 335 357 351 337 354 325 220 327 367 361 243 326 347 228 221
1188 1236 38 1199 75 1202 97 143 1170 1200 66 1258 1160 1180 1269 1206 63 183 133 1273
496 630 657 662 470 501 551 659 570 533 528 558 536 534 609 523 543 504 635 563
8 1195 1278 1182 66 1267 1274 58 56 1239 1288 91 27 1264 49 71 28 1276 1207 186
736 937 896 962 818 729 741 806 920 895 856 799 825 878 873 833 861 812 859 721
662 678 734 587 613 713 722 738 691 685 620 594 641 562 686 658 727 707 601 574
148 1285 172 123 59 1319 151 1279 18 186 55 67 122 1273 1196 56 117 5 24 12
23 1273 1263 1227 1195 63 1300 113 24 56 8 1295 159 1307 1229 54 93 1313 151 0
1179 1203 1116 65 1216 1187 1132 93 1196 145 45 1141 1184 1227 144 1167 66 187 0 1
182 1223 1205 49 1234 1242 1180 40 189 111 25 1170 1194 1251 48 112 1247 97 1254 130
1200 1211 21 168 94 165 87 124 1233 88 14 1240 10 1223 109 127 1192 1234 1257 24
12 79 1259 1214 1 95 1278 4 132 1289 1266 131 96 1186 85 1227 1232 24 1189 1229
104 1201 92 1226 1270 1246 1181 63 137 177 1166 1239 181 1254 1227 1218 1258 1248 1280 134
978 1105 1089 1005 1114 1163 990 1149 1003 1122 1012 1081 1048 1126 1083 1117 1061 959 941 961
607 636 485 614 502 681 525 562 616 643 569 574 605 513 537 519 639 667 657 654
732 868 960 935 861 954 714 809 790 916 909 865 828 893 817 869 698 908 883 946
327 352 330 381 242 307 384 398 302 220 385 350 397 332 266 226 296 225 388 362
859 937 950 729 883 939 945 801 889 856 861 741 821 830 927 924 726 751 873 954
51 1225 1185 1180 40 62 90 1178 1222 1221 184 1284 105 1183 1204 111 96 1170 1285 1189
722 845 683 786 935 898 764 844 842 672 865 785 950 800 841 941 792 743 904 711
173 1197 159 181 38 1243 81 67 1215 137 161 1255 96 1176 1226 169 174 31 29 45
550 651 640 652 534 562 610 698 571 629 620 511 555 684 546 689 573 509 506 682
403 427 408 372 373 458 418 382 455 368 460 409 439 374 413 424 412 392 390 387
740 842 910 942 812 890 917 739 950 699 771 889 886 828 832 704 830 835 906 794
749 829 691 807 679 959 906 704 870 740 722 755 795 954 700 935 900 933 864 797
247 354 276 368 355 397 367 220 253 382 399 346 301 387 362 226 297 248 390 296
702 725 774 852 708 914 656 692 650 683 809 855 876 834 755 918 790 822 912 926
112 1187 31 141 73 87 35 39 1178 118 1264 6 65 1179 1175 26 1240 58 1261 1215
1117 1153 1095 1065 1136 1125 1090 1166 1178 1085 1180 1060 1061 1133 1183 1084 1070 1080 1167 1165
64 130 136 1181 1177 62 1267 1234 1 1211 82 10 1236 1229 1280 69 1162 1221 86 1262
160 177 134 166 1193 1278 120 1304 1255 1291 1290 125 1260 1382 1374 135 1377 181 185 1182
217 267 192 345 357 263 321 221 256 233 215 302 262 239 193 225 306 272 273 355
1293 1316 1283 1300 1328 156 1267 149 1326 1383 1331 1329 13 1268 60 1271 1321 1341 1322 1292
1112 1167 19 167 129 1056 1187 156 1144 142 95 1098 1113 137 993 175 1061 75 1209 1075
375 393 299 411 360 283 306 365 402 346 274 331 348 332 420 311 369 361 364 403
802 814 764 759 935 888 706 879 912 756 840 920 714 761 904 733 716 842 882 877
53 1298 127 1376 1316 25 1 129 105 1196 123 1294 30 1369 36 1285 1368 11 83 0
243 345 253 249 307 329 256 278 299 208 312 217 358 340 274 218 260 289 229 298
668 709 752 746 782 610 607 778 597 677 653 733 724 755 732 725 716 598 814 614
991 1108 999 1018 1056 1034 1130 1052 1021 960 1117 1076 1058 958 993 1032 967 973 1070 1121
521 621 665 500 512 575 573 485 656 555 607 642 532 596 492 484 520 502 480 486
1318 1355 1334 1313 1277 1354 1349 1306 1314 1350 1339 1382 1360 1364 1341 1307 1331 1280 1329 1365
533 555 564 600 618 614 537 512 521 514 508 476 483 487 612 545 610 586 627 506
999 1073 1118 1101 1134 994 967 1005 971 1025 965 1142 1032 1039 978 1097 972 1141 1102 1091
71 1212 1223 10 1254 1244 1175 9 1255 40 1283 1256 115 137 1241 102 1246 116 1258 1272
114 1193 132 4 66 88 1234 153 28 1205 1267 120 30 1202 79 83 1237 98 3 55
2 42 1192 26 1197 13 77 3 1248 1232 24 20 1276 78 1191 30 67 43 1202 100
622 655 485 651 645 514 656 695 550 675 648 679 624 625 685 598 638 596 529 523
1144 1166 1164 84 92 102 1088 1095 150 62 1146 1154 132 78 1188 1194 56 1151 1193 1070
141 1228 1230 1193 1240 118 1238 98 1183 1206 17 1282 173 1265 175 1258 154 1204 1266 97
989 1100 1083 1161 1087 1060 953 968 1071 955 973 1007 1129 960 1122 1103 1146 972 977 1127
166 1204 132 1295 1286 1164 178 1251 182 1273 1167 149 1233 99 1279 51 1253 121 1254 40
678 725 703 688 902 633 684 856 701 912 652 858 786 718 845 757 826 653 666 651
1204 1248 88 21 1269 96 121 1266 113 1181 87 23 39 69 176 1178 43 1285 8 1202
977 1099 1051 1037 984 966 952 1113 947 1132 1056 1021 1039 958 1064 1017 1029 1163 1028 1121
722 764 741 746 684 903 826 737 762 868 913 794 788 766 937 878 916 790 781 879
493 514 521 601 541 515 599 525 490 482 540 549 478 470 519 590 564 571 544 616
140 159 1278 115 1260 1164 1384 81 99 78 65 98 1295 77 1286 111 1288 121 1308 1167
241 311 335 204 349 383 367 242 331 327 245 299 221 290 328 342 374 317 359 298
82 1218 41 1247 1238 1232 31 1231 1201 1203 116 135 1206 1234 1266 47 1241 1209 1256 1239
16 1203 1222 187 47 86 185 1193 1236 20 178 1289 1252 1281 1242 72 23 61 8 1287
