395 424 1741 476 1189 1597 355 1679 452 1600 1711 1626 1696 1671 1668 461 1193 2699 1616 451
1865 2261 2274 1802 1975 2042 2240 1850 2018 2197 1836 2268 1868 2198 2029 1842 1937 1891 1824 1848
381 2323 1577 1261 1734 1760 1218 1851 2352 1117 1272 332 1762 2313 1771 335 454 1796 1219 1701
628 2693 2682 1639 1231 431 642 1207 667 672 1646 1644 1642 1222 575 648 1237 591 675 2688
1761 1790 1735 2348 1833 1861 1712 381 1746 2288 2334 1842 1614 1778 1770 1667 2326 1579 1784 1681
59 2401 56 125 242 26 2392 207 151 25 223 896 74 2424 2413 241 248 268 2374 86
1632 1737 1630 1731 2698 420 1674 1743 1598 1602 1745 1724 1755 2339 1618 457 1683 2346 1679 1744
870 891 70 876 42 855 51 917 931 238 241 924 857 903 100 885 853 47 842 898
1430 1508 1478 2380 1376 280 1446 1365 1395 1375 1384 1385 2383 316 1511 1352 1484 1492 284 1533
1611 1650 1730 1592 409 1685 425 452 470 463 1631 447 1585 430 1651 1709 2699 1757 2693 1660
1428 1514 1501 1394 284 1486 2353 1519 1444 1361 2372 292 290 1478 1483 314 303 1467 1434 1474
2516 2544 2496 2560 2504 766 2570 779 762 2580 2587 782 2519 759 784 2518 744 753 2597 2521
1920 2288 1980 1794 2270 2272 1859 1968 2279 2269 1845 1906 2233 2242 1916 2247 2003 1888 2238 1835
90 852 111 222 129 904 55 127 882 854 195 158 199 239 52 888 813 893 827 210
277 1428 1425 281 1355 1378 1327 311 1379 1466 312 1441 305 241 1491 1366 2352 1458 1400 1489
358 2342 1658 1215 2335 1318 2333 2340 1671 1659 1661 399 1267 1686 2313 1731 1562 1321 2331 2352
469 1237 365 449 1213 1619 1200 339 505 446 1223 407 1258 401 347 337 340 1221 1224 1187
116 204 876 786 137 843 856 2475 165 2409 2455 2415 734 178 184 895 59 891 2500 179
1312 1360 1330 379 1318 338 2367 1406 2362 1280 333 1278 1409 1295 1305 1355 1315 310 1485 2361
2063 2251 2185 1966 2160 2277 1936 2171 1897 2205 1998 2210 2048 2059 2022 1902 1888 1891 2047 2079
1512 1541 1386 1436 1531 1529 1439 310 1552 323 311 1555 1488 316 1519 1485 1484 1402 1409 1553
1840 2283 1901 1879 1858 1968 1795 2306 1848 1775 1953 1930 1772 2284 2318 2281 1947 1841 1869 1881
1269 1315 293 1360 1355 1231 1378 455 1244 351 375 424 1313 453 300 1251 1306 1304 364 1240
1447 1475 284 1377 1432 296 1434 1507 1378 1426 1372 1360 1499 1443 1516 1404 1370 1524 1439 1402
719 2431 2408 121 697 681 742 2424 2449 2435 769 730 748 2453 146 687 700 2410 670 2441
1381 1484 2372 1521 1453 1516 1472 1374 1514 2381 330 1428 300 1452 1360 1348 2376 1357 1502 328
767 776 748 119 2496 156 165 91 2471 2527 168 2511 785 729 177 2525 2459 752 2479 739
106 830 866 77 780 66 768 897 826 751 109 761 103 757 808 205 845 822 849 136
780 2468 123 116 91 809 718 737 767 122 95 190 196 821 796 820 775 2452 2460 195
1259 1279 326 1288 1243 1212 413 331 444 1320 372 314 1261 327 312 1321 344 1229 1227 366
1891 1921 2276 2300 1973 2292 1860 1859 1815 1916 1868 1961 1978 1964 1853 2261 1820 2246 1949 2012
453 1227 1237 1669 1590 1255 366 358 418 466 1712 345 417 1629 479 1273 1639 1653 374 410
421 458 420 1647 492 1255 1644 426 1586 1241 1706 1695 1587 1676 1243 1614 1217 468 1202 1219
204 821 836 847 181 134 63 67 780 174 84 102 121 159 167 173 163 141 209 884
437 1201 1607 1676 1694 1633 441 1698 1237 464 1193 1216 584 1679 443 417 1206 470 1253 1640
2282 2300 2261 1832 1975 1821 1794 1814 1883 2319 1842 1793 1895 1824 1795 1783 1968 1776 1815 2293
2491 2504 2526 2493 758 2457 768 723 2480 146 2518 752 749 769 119 2452 784 737 2471 148
1689 2343 1687 341 417 1734 1663 1667 2320 2331 1684 1691 1767 2340 1723 1653 1794 1610 1693 366
324 1285 1395 1250 1353 2348 1266 1328 1237 1300 1509 297 331 1259 1329 309 1315 1387 1397 288
742 2463 2418 107 2468 2486 156 113 2438 118 716 2501 773 125 2432 2498 2482 2515 2471 132
571 615 1207 2701 2669 591 2698 575 2700 552 595 2646 2702 551 1205 651 644 633 1217 2649
1519 1547 1434 1550 1472 1531 1470 1521 1435 1525 1515 1504 1485 318 1533 1459 1479 1456 1522 313
358 1321 291 385 360 327 1559 1293 297 1286 1686 294 279 1364 363 305 281 407 1669 1357
424 1272 1285 1305 1204 1292 1686 1254 448 1247 1264 395 1253 1200 1690 481 400 1701 1624 475
132 2477 112 146 94 2494 787 141 2437 129 100 2455 114 2500 827 103 136 180 2430 2416
566 2693 554 429 2674 2692 2679 1230 1652 598 1218 1225 439 1640 1205 1188 2687 2684 549 2699
87 167 812 769 79 816 794 92 201 757 69 122 94 2469 233 836 874 135 865 2458
1396 1430 1414 1419 1333 1391 2357 1338 2377 316 1455 296 1465 2350 2388 1372 1507 1330 1511 1483
7 2417 2434 2398 264 750 6 2380 121 8 2442 2396 2453 2448 129 2461 2455 2441 130 132
713 770 2514 697 696 136 815 2498 179 756 2465 2642 2656 825 132 172 2481 817 659 753
2012 2239 2265 1932 2272 2181 2015 2249 2022 2169 1966 2204 1983 1982 1948 2268 1890 2241 2253 1937
784 2507 199 105 187 737 749 2471 734 179 143 104 775 168 2526 2491 136 765 728 2451
79 843 168 160 896 815 870 63 102 822 244 811 187 864 178 112 918 95 229 915
439 1627 1744 1196 2682 434 460 1674 1681 1227 1652 1218 1714 2704 1743 1637 1741 1262 1689 1738
108 196 2473 784 66 56 224 90 810 766 749 179 92 2483 2455 822 96 89 818 797
763 2509 101 113 2422 710 139 122 762 2485 96 805 2445 2484 2418 2467 758 2471 2433 148
770 2499 164 768 769 2432 2450 92 2488 723 99 752 2435 2456 820 813 2516 728 2449 165
107 134 199 105 770 2422 2430 822 180 2411 148 784 77 2408 2428 826 800 832 2418 2487
1901 1953 1922 2263 2278 1890 2294 1986 1964 2266 2297 1860 2276 1937 2271 1987 1950 1965 2248 1838
1606 1677 455 1679 456 1608 1696 1725 1598 1654 1748 1672 403 1578 1624 412 1712 1645 1740 1660
2070 2182 2099 2100 2194 2187 2188 2247 2173 2142 2193 2165 2087 2209 2181 2092 2132 2261 2061 2136
482 505 523 1582 1600 414 1136 1567 1615 475 507 1571 1595 522 1153 508 520 455 400 525
576 2670 616 599 1224 2694 2702 590 631 2679 643 550 642 613 609 646 633 565 1191 603
2104 2182 2036 2048 2112 2060 2141 2197 2030 2239 2181 2092 2149 2126 2230 2028 2213 2219 2043 2040
1832 2282 1961 1880 1854 1798 1838 1916 1884 1885 1819 1855 1898 1828 2302 1851 2272 1812 1848 1871
2494 2519 2551 2500 134 781 2456 2516 776 2471 2498 748 764 775 2531 2452 2499 2468 739 774
1265 1282 1271 1320 317 337 301 1242 1273 416 340 1243 293 446 1224 1226 1223 406 338 1214
625 2662 599 578 2658 2678 619 706 649 2645 567 707 2701 590 566 576 2634 581 702 2665
329 2345 1385 1336 1697 1281 304 2350 1275 1694 1783 1341 1282 1356 306 357 2320 364 1373 2352
2437 2461 773 757 151 124 149 754 2420 2443 715 161 119 749 793 2483 2452 2475 726 708
1554 1580 1695 1597 366 1571 474 1537 481 1693 1796 357 1596 1538 459 359 1691 1536 389 475
31 51 223 873 884 2373 96 862 870 2393 252 877 264 211 2409 867 83 249 52 857
1849 2279 1787 1917 1932 1892 2247 2284 1839 2295 1919 1872 2281 1906 1834 1813 1865 1809 1958 1823
296 1353 1387 1378 283 1035 336 1333 1277 288 1402 342 305 2362 1307 1363 1359 290 1300 1427
124 166 2416 72 733 133 2449 2414 163 852 2473 66 212 2462 123 845 772 2498 114 191
2648 2684 586 2659 2658 2650 626 637 1644 1184 2695 439 2696 1629 617 1196 597 2668 712 1194
207 873 804 897 182 910 185 818 63 816 880 209 97 248 81 166 222 919 196 791
398 1576 1211 1621 1734 414 1625 1575 1733 1231 1667 352 1702 479 1762 407 1668 1209 428 1564
1205 2686 403 2699 1209 399 2698 1189 636 444 1254 2689 1232 1207 414 2654 610 1193 433 569
1608 1707 1625 463 1660 385 1657 1596 1746 382 1687 428 363 2346 429 1756 1613 1658 481 1758
1721 1744 2323 2330 1628 1626 1602 1622 1681 1782 2351 2347 1700 1679 1607 1623 1630 1778 2339 1591
316 1472 1288 1374 1283 337 1289 1395 1369 1476 1442 1484 1370 326 1510 1458 352 328 1512 314
149 820 122 104 145 157 2436 106 803 780 893 123 897 209 888 222 2443 2429 775 166
382 464 460 338 1247 2344 1687 394 465 340 1621 1659 1673 453 1672 472 2350 489 1558 434
127 760 716 783 105 757 2508 185 738 800 2406 791 2466 2482 2505 806 74 2424 2423 759
63 209 172 32 176 852 214 886 870 862 21 185 50 873 173 52 68 71 903 6
1050 1080 1027 1112 1042 1061 1029 1069 1115 1093 1023 1068 1051 1044 1049 1118 1074 1028 1022 1052
319 1516 1504 292 1290 1433 316 1367 1457 1531 1420 2357 1297 1486 339 1307 1431 1380 1454 1304
1545 1563 1519 1552 393 366 1573 1577 378 353 1556 1532 1525 396 1565 381 352 1590 1542 1564
2542 2569 2519 2580 2516 2518 2547 2546 2539 2592 2568 2565 2533 2594 2531 2567 2593 2517 2601 2562
140 2410 136 114 2506 108 40 812 2439 2446 38 2424 772 2432 746 2425 137 183 2402 25
1185 1232 432 586 1262 413 1228 408 453 460 421 1270 392 1263 468 581 451 475 2672 584
1574 1608 1600 1610 434 471 1790 1632 1653 1750 1662 442 420 1757 1699 1693 379 1789 1584 1585
645 667 689 665 670 604 617 682 673 2676 621 690 2685 696 609 685 687 2681 2703 2690
403 1660 466 1146 407 353 1122 1143 1225 1229 357 468 1680 1207 1149 1209 471 451 455 1141
832 911 794 245 952 67 76 907 119 230 845 225 198 152 971 165 902 88 927 126
486 1155 1151 510 522 1118 1135 530 461 1129 1602 398 406 1595 1596 500 1584 415 532 404
1789 1868 1801 2281 1832 1916 1585 1765 1728 1742 1823 1855 1896 1930 1694 1700 1937 1578 2258 2321
335 369 312 321 392 1335 413 409 1668 1692 1220 1282 389 1274 1248 1565 1683 1587 1589 391
417 1686 1654 1208 483 380 1627 1245 1253 1236 425 1635 1214 474 1653 1755 1667 1731 1269 2338
150 209 728 897 238 163 889 60 811 217 785 106 165 750 2423 239 57 223 148 902
673 689 650 660 730 671 640 651 698 638 702 664 715 669 645 733 707 713 731 694
201 796 61 193 226 831 60 197 181 799 846 787 2463 234 783 816 110 162 180 795
1697 1737 1612 1604 1750 1666 403 367 1798 439 1665 1776 1689 1800 1646 1609 2353 1593 1623 377
598 2668 2666 1198 585 1200 610 2698 558 2673 601 2646 2693 569 2684 2642 636 2671 583 2685
338 1323 297 352 2336 1267 365 367 380 2342 1282 2329 1379 2339 298 1349 361 345 1252 1329
53 2383 245 1413 883 219 1444 38 2388 2370 50 2409 832 252 0 43 100 30 87 1414
342 379 1302 1125 1604 1665 1288 1616 1246 1689 390 1348 311 1673 339 1107 1251 326 1564 1255
2042 2199 2002 2012 2164 2067 2121 2257 2001 2084 2055 2051 2015 2162 2027 2258 2195 2261 2063 2172
452 1677 432 1220 2341 403 1694 2695 464 1772 1710 2337 372 1214 424 1588 2342 1207 1671 1755
1383 1442 1464 2378 1435 2365 308 294 1321 1352 1512 1440 1390 1498 1431 1449 1382 1337 1503 1365
2314 2321 1824 1805 1813 1858 1812 1734 1826 1783 1832 1728 1834 1766 1831 1745 1840 1866 1778 1768
1688 1765 2314 358 1581 1623 1596 392 374 2347 1592 448 1800 1647 1643 389 1712 1784 1720 2313
32 258 2402 2395 245 2372 242 869 293 2369 58 1 257 2403 254 863 17 266 69 290
317 1520 296 1507 1277 1439 1465 1452 1448 1536 347 328 1489 1398 1531 1516 1404 1529 1485 286
540 561 624 505 582 574 635 509 2697 622 508 2666 598 570 515 620 626 517 640 2691
566 589 575 2667 619 548 2676 2691 568 1188 638 626 542 2701 601 635 1215 584 1186 2677
1687 1730 2334 2314 1581 386 1683 1595 2338 395 467 1685 1677 1763 1701 1619 2349 1658 373 2330
642 698 593 2664 2687 596 615 713 580 2659 613 646 575 591 2660 595 674 678 2669 2656
1866 1899 2290 1878 2272 1968 1919 1859 2274 2247 1880 1945 2286 1794 2229 1963 1869 1913 2267 1960
2537 2550 2519 2590 2516 2594 2596 2583 2551 2564 2597 2569 2532 2565 2584 2533 2566 2559 2535 2591
392 1739 448 1723 1637 359 1604 1781 2333 1667 1271 1616 1234 1774 1794 421 1129 1657 1725 1662
640 2661 683 2640 2673 2695 598 590 634 655 698 709 614 558 2690 562 2655 635 654 701
389 1127 468 1587 486 479 357 1102 381 1296 485 1261 1596 390 475 1577 1761 1789 1137 451
572 2658 1214 581 570 582 2686 590 627 2685 578 586 2655 594 584 549 640 710 657 1203
1867 2265 1920 2194 1921 2219 2000 2254 2209 2248 2012 2291 2062 1886 1902 2250 1824 2031 2286 2205
1283 1314 1347 383 1368 1311 302 344 314 1339 307 1303 1350 1356 1323 295 345 1276 1321 337
243 2387 915 73 263 1396 44 1380 861 1413 909 216 4 66 32 17 875 1427 42 1384
773 2521 161 171 2512 133 735 715 727 95 2443 808 2504 135 778 762 2560 2580 2556 2506
433 459 1234 1588 1263 453 1274 402 1261 1657 1696 1653 1218 1241 1222 1681 1646 1266 1604 1217
959 1013 984 979 938 964 962 985 940 942 1014 967 939 956 973 918 1037 993 1044 927
202 857 856 56 40 115 64 47 908 181 55 817 787 41 810 69 832 203 848 160
2256 2273 2245 1829 1960 2294 1844 1862 2225 2080 1891 1995 1957 2250 1860 2049 1883 2086 1988 1843
1728 2315 2331 1603 1611 1751 1827 1607 1621 1731 1819 1701 2295 2340 1816 1801 1859 1826 1657 1613
94 213 87 137 901 209 889 798 852 177 895 205 168 146 56 92 191 842 135 52
1764 2355 2365 2331 1682 2313 1692 1424 1385 2368 2356 1394 2327 1711 1697 2357 2334 1389 1805 1755
1992 2233 1906 1953 2166 1976 2106 2063 2263 2109 2220 1951 2056 2219 2250 1902 1896 2180 2247 1950
783 810 790 834 82 2502 765 838 155 111 776 213 173 2457 196 150 148 837 770 804
1871 1897 1907 2309 1941 1844 1856 1882 1880 1971 1916 1823 2291 1890 1938 1840 1911 2251 1881 1896
2290 2303 1912 1776 2264 1773 1775 2282 1838 1893 1801 1962 1921 1802 1819 2309 1798 1914 2316 1886
420 1600 423 471 1193 476 1263 1747 1593 1738 1606 1568 1663 1636 1585 1670 361 1688 1248 1652
296 1313 334 321 1499 1345 1418 1341 1428 268 1325 1413 270 271 289 1491 1346 377 1386 1271
1765 2351 1392 1812 331 386 1763 2328 1343 2362 1775 313 1777 372 1366 1376 1353 1415 1360 1351
617 2659 612 551 648 646 659 586 641 2674 2636 552 550 639 559 2672 2673 710 2675 2685
2413 2440 731 2429 136 122 2430 130 1 147 141 22 725 157 714 738 2482 745 6 2464
1197 2686 423 618 573 2667 591 561 421 2703 1213 2646 570 1626 2685 434 583 641 1650 628
483 1147 502 1107 453 420 1146 1609 1116 503 1113 1587 1612 507 1578 497 1129 1120 394 1574
384 1236 1300 1260 2334 451 389 392 1610 1588 397 1304 1245 1608 2342 2701 460 358 1233 464
2264 2279 2048 1859 1891 1879 2250 2008 2193 1841 2274 2022 2002 1866 2237 2223 2281 2267 1943 2034
1841 2291 2301 1767 2323 1855 2315 2283 1819 1811 1888 2286 1915 2266 1939 1821 1828 1936 1913 1779
