1055 1069 356 144 1065 454 407 1058 1026 1045 425 1032 1077 174 175 402 395 420 445 452
619 1025 1012 562 453 468 633 585 593 1032 588 481 634 575 480 643 446 635 448 1046
821 923 880 887 783 847 790 862 814 937 963 974 823 959 844 791 797 910 811 973
397 1059 172 1070 577 179 185 223 1087 122 453 462 162 205 1048 350 436 413 466 392
794 909 869 917 863 876 975 780 839 806 816 878 901 855 931 969 904 980 769 786
158 1059 162 360 387 142 468 1049 1086 469 1056 372 1087 163 1047 600 203 1061 575 192
687 709 658 704 686 706 656 691 670 685 665 688 673 690 650 697 716 707 649 693
840 921 788 952 825 965 964 950 947 785 793 882 958 894 930 962 844 806 800 874
911 969 970 962 912 852 806 924 861 800 829 792 891 981 873 844 919 988 813 979
956 985 987 887 617 891 966 807 955 864 632 607 599 932 888 793 791 953 596 847
472 579 437 1048 576 1035 461 397 479 1067 441 1010 1064 1068 1008 483 466 583 1014 997
611 1022 1050 995 483 471 986 472 477 985 1007 1041 988 1021 479 1045 599 627 1039 592
208 1052 1058 595 563 357 375 360 164 1021 564 590 182 567 468 1049 472 1017 230 211
391 1045 492 497 1049 213 484 404 1010 443 1017 1016 572 1039 438 595 1029 455 613 594
235 1089 252 247 1065 374 124 230 384 376 146 446 121 1068 1050 1111 153 254 386 1081
254 345 359 350 266 260 269 326 353 234 232 325 245 261 252 264 333 354 336 1050
214 1104 378 182 1062 1074 224 370 1067 183 1055 174 185 199 204 155 1081 1057 1066 152
278 291 292 326 315 286 302 314 274 338 263 308 306 311 321 331 341 279 323 260
658 700 663 680 655 670 651 647 675 665 699 689 694 686 669 664 679 695 650 691
740 767 785 751 741 780 782 772 788 773 795 776 738 797 779 798 777 774 775 755
262 352 341 370 1052 356 354 1067 336 1062 1051 355 1068 275 372 363 1059 340 367 254
370 1048 486 450 391 1026 454 1058 442 176 363 597 418 1073 608 403 373 606 440 419
502 545 549 522 481 486 555 554 539 527 529 534 524 514 493 482 544 558 552 517
919 986 882 799 922 1009 794 995 613 788 904 902 786 600 976 842 812 814 821 982
350 1064 469 216 386 250 1098 382 432 184 427 337 215 1079 462 111 261 222 353 373
153 1099 1079 1090 1072 218 219 126 1098 1087 1057 197 1110 134 185 120 174 1095 377 217
741 780 866 760 896 855 907 834 778 747 825 879 917 892 853 911 757 776 886 852
475 480 448 416 570 498 450 447 1024 1056 395 1032 449 390 432 425 1026 499 1018 1068
430 482 1034 498 1046 444 1020 426 1052 1024 388 1029 401 418 1045 395 504 432 1028 415
22 34 50 81 56 5 40 2 19 54 41 82 90 33 85 36 21 51 1 89
462 584 440 1014 475 439 577 574 998 616 1010 437 1062 994 596 463 562 460 1053 565
34 89 26 77 29 82 35 56 96 23 98 41 104 17 37 92 11 51 48 6
920 969 984 860 913 927 994 827 862 974 820 864 830 914 871 797 836 940 878 793
1032 1043 364 371 560 633 1070 604 372 1005 572 454 587 387 395 606 438 1067 1007 624
816 974 786 931 914 843 805 792 826 861 976 784 815 847 838 844 817 906 970 825
937 961 990 884 983 939 867 833 996 949 911 861 849 885 895 831 850 964 832 986
125 1069 1110 166 377 1102 359 233 142 113 1090 123 1068 469 141 1054 1100 478 157 416
570 606 601 562 576 991 1005 626 613 476 631 597 479 987 1024 554 590 610 1040 602
421 1067 396 1101 434 364 148 1085 492 1066 1098 146 463 1095 136 371 370 473 474 1061
416 1076 1094 1067 1095 1038 367 1074 148 434 1084 157 142 1050 1040 1047 1103 458 111 121
809 872 965 853 936 860 930 863 830 988 904 938 919 792 957 797 783 823 846 900
808 940 975 848 879 777 799 773 872 844 813 819 900 847 786 948 972 856 779 875
965 989 923 926 951 1006 942 827 792 850 829 997 841 867 802 978 918 1015 875 869
275 289 313 281 329 331 299 311 279 258 272 261 330 317 298 306 321 255 273 308
228 1073 397 444 366 419 251 379 246 244 130 129 135 418 105 1059 144 1074 353 154
264 329 343 339 355 246 244 345 332 290 348 253 268 351 273 279 319 337 350 356
220 1064 120 1075 1039 437 110 1098 1080 106 351 431 428 483 438 210 1084 401 370 1076
905 918 895 947 818 973 944 976 988 805 800 921 833 891 894 956 844 835 984 858
455 591 589 1088 617 1044 1029 611 1024 616 1068 993 1037 614 575 1009 600 1032 432 582
259 360 1071 265 1045 377 383 1069 361 394 1080 246 266 233 1068 1067 372 397 1050 232
665 709 703 655 717 683 643 675 677 678 668 699 662 653 676 660 681 644 689 663
567 581 583 611 1051 613 1056 1054 998 1001 479 436 1060 469 453 467 1062 616 609 1048
141 200 170 213 1049 1077 149 1061 1085 124 1064 168 131 184 179 171 127 176 1042 158
559 1008 1041 545 992 587 996 1036 595 989 1017 1046 570 576 597 637 606 567 1029 1043
393 1062 470 1040 459 432 433 137 1069 204 460 1066 368 190 359 394 423 149 1055 209
185 1043 452 596 591 167 143 169 1006 165 587 133 186 619 431 409 498 560 430 489
465 1027 381 467 421 446 1048 1003 455 563 439 577 1006 613 479 432 1072 1044 458 449
125 130 154 1085 165 150 1058 1077 116 122 112 1055 1101 148 1104 135 1093 1073 110 149
815 859 921 801 957 966 855 945 934 960 981 922 821 937 890 927 887 980 796 920
1004 1016 558 559 621 976 578 1002 1051 997 1029 641 991 565 573 618 1021 564 995 1012
333 340 268 266 279 339 320 264 342 273 285 260 343 316 347 263 329 280 261 282
796 846 924 905 777 918 952 977 911 870 764 815 893 768 770 946 789 765 955 894
996 1024 467 589 449 1052 626 960 582 606 1032 605 963 448 630 969 1029 456 964 459
389 1071 132 424 144 387 462 177 137 429 431 458 121 1065 479 170 428 472 356 447
1085 1108 1088 372 1102 1072 1101 1076 1104 223 1064 366 1097 382 384 1086 1089 150 218 214
190 1063 1070 185 151 399 360 102 472 115 377 156 127 128 172 126 109 482 1090 210
814 913 994 869 975 886 870 987 919 883 844 960 834 854 925 874 860 969 905 822
623 1034 1037 645 412 471 556 425 594 1020 1010 1024 590 440 983 551 581 988 979 1040
973 985 863 1011 874 916 966 798 829 848 793 838 832 841 797 598 851 1001 964 823
210 1063 178 1059 141 477 197 1049 441 386 184 416 595 399 186 390 185 466 1061 402
871 945 926 927 990 831 780 908 800 973 971 987 887 975 877 882 888 829 847 954
142 186 150 217 160 1062 176 124 214 207 1052 1071 1055 1075 216 129 209 1083 137 197
609 1005 1010 640 563 603 618 1019 1040 982 638 595 1017 1037 983 632 1026 570 616 593
841 907 953 951 940 902 922 781 778 900 965 943 805 975 960 796 837 926 821 899
834 960 906 900 860 895 959 879 948 920 887 842 822 837 902 869 970 793 788 944
120 1081 168 464 1058 1096 386 227 382 155 458 236 1066 107 216 402 130 467 103 228
266 328 286 353 274 296 270 290 317 275 258 343 330 249 256 348 301 302 243 307
853 982 938 916 981 901 864 952 871 823 965 888 780 985 788 904 954 628 927 804
500 530 512 540 514 549 492 508 524 513 516 533 1035 504 543 483 528 545 509 481
121 1059 1108 591 228 469 430 211 1051 447 122 1049 351 372 147 141 149 485 359 146
438 580 437 1003 587 588 616 615 433 564 1073 442 446 1056 611 1072 435 626 467 1075
379 388 1050 434 420 465 412 1064 1067 416 426 1073 228 410 1047 222 1090 1106 415 1079
448 591 1031 466 988 1082 571 992 1007 1051 1063 1027 575 1078 1025 1005 1028 618 568 1000
114 133 1105 1099 1103 118 106 134 1064 116 146 105 101 94 170 1095 145 1106 1085 1087
61 76 53 56 46 85 77 70 65 57 87 36 42 69 63 51 38 82 74 54
1068 1110 357 388 480 131 213 180 456 415 412 416 208 115 1049 174 385 1079 161 374
866 898 794 959 921 897 847 971 953 974 814 829 887 845 886 853 977 924 800 965
593 1036 398 560 991 1026 434 467 634 1004 414 594 431 600 492 549 498 1051 597 461
511 534 532 512 504 522 525 540 506 515 497 490 549 485 537 510 501 493 538 530
880 933 992 796 937 800 904 921 969 792 912 868 944 928 903 873 811 985 919 884
846 954 918 964 834 824 914 889 813 974 879 880 992 855 950 838 946 899 835 940
153 1093 135 375 213 379 1083 1061 1080 1102 145 448 192 144 196 137 177 1107 129 126
963 989 844 872 927 950 948 606 797 995 813 953 965 984 990 932 951 591 947 849
948 970 926 904 847 832 878 823 853 981 817 788 809 787 789 998 892 867 821 830
795 839 955 798 865 928 843 950 770 936 903 846 812 931 763 930 852 869 906 947
159 1054 596 593 354 1037 222 587 158 1053 179 188 1031 486 1040 1071 210 441 572 400
818 925 797 808 884 830 965 853 794 779 861 821 828 901 834 838 988 880 826 943
183 1056 204 209 396 594 122 377 480 441 440 1083 133 200 429 402 473 413 490 565
6 28 13 1 42 47 49 34 50 53 106 5 18 88 12 30 40 19 0 8
808 939 896 877 876 866 988 964 851 883 957 889 905 867 891 865 862 815 885 983
237 1076 147 421 252 143 216 423 114 458 168 117 162 366 431 249 142 111 464 439
801 924 896 786 808 800 852 839 949 797 867 990 965 929 845 917 823 946 996 796
456 1069 411 448 458 219 367 234 469 208 587 596 354 221 213 396 405 359 475 173
558 644 673 1029 546 1015 631 1040 633 1023 660 1004 649 1046 639 661 577 1020 657 547
14 42 72 103 84 34 31 22 33 4 24 88 70 20 41 57 0 19 62 40
264 330 310 245 329 254 291 243 303 248 353 247 339 313 333 343 344 297 306 324
816 850 794 957 896 852 938 898 907 903 841 799 932 945 955 917 891 918 962 970
34 88 0 95 79 20 7 82 104 36 4 3 5 91 29 97 33 6 23 26
861 905 797 803 965 964 919 792 945 816 799 986 795 880 902 842 836 841 926 971
105 1070 390 357 137 132 231 471 464 91 102 1087 1064 211 126 130 373 210 461 355
570 636 642 1048 1059 612 555 992 600 990 584 645 994 617 565 568 1058 473 608 626
888 911 913 856 838 787 825 866 956 925 833 865 798 818 861 859 808 822 951 953
848 950 872 880 799 878 994 807 886 960 955 850 940 934 900 926 846 818 931 979
812 863 947 949 892 821 994 862 888 929 851 805 791 959 776 798 952 904 873 799
976 1004 866 827 831 947 920 867 588 579 644 936 873 937 586 931 798 944 925 940
387 1047 596 1030 1088 1058 1065 618 597 382 488 460 1035 1037 440 392 1090 474 589 402
220 379 1088 1090 440 221 441 1061 235 390 388 1094 367 187 362 1052 234 233 1101 358
385 401 1067 1064 481 371 357 408 380 406 423 1037 1058 368 470 414 1088 1076 398 395
926 985 826 984 872 605 940 805 831 624 879 789 1008 947 954 930 841 976 1012 933
396 430 425 1031 1058 389 408 1070 470 1080 392 1079 419 1064 1028 1067 1023 1052 438 414
416 1075 1057 461 1099 460 476 1033 227 477 138 390 375 354 462 109 130 232 436 475
820 896 924 784 817 909 822 877 851 902 968 962 883 950 790 929 780 979 795 854
855 879 785 983 856 787 892 835 878 828 816 930 956 858 831 794 830 969 931 981
457 1062 163 218 235 383 149 1043 372 590 472 229 123 362 219 596 181 1032 210 580
815 986 632 948 810 888 813 839 615 862 894 960 779 887 823 900 1004 890 999 801
623 1035 1052 473 597 558 626 573 427 1016 637 418 618 596 601 987 443 585 446 1045
993 1012 561 567 1010 1030 974 1039 816 631 617 981 971 570 579 932 929 619 571 621
280 318 339 336 320 329 273 327 267 285 311 265 337 342 319 284 271 312 321 316
826 962 979 945 875 790 777 867 887 812 852 914 801 835 832 859 930 954 821 909
248 260 349 361 335 240 230 366 275 266 239 258 338 371 334 352 346 355 341 247
625 1016 612 993 590 1045 588 995 1023 559 1033 989 620 583 627 1019 628 986 574 566
981 1003 1033 818 643 623 566 862 815 1034 636 857 920 573 794 1039 1032 564 587 831
137 158 1111 1084 200 125 124 140 205 1080 123 182 160 199 143 1066 193 116 1055 1088
175 1072 195 1086 1080 170 194 436 435 376 169 121 366 375 385 403 479 406 423 1071
1089 1110 1068 1107 1080 1070 156 379 373 376 226 1092 388 150 381 152 1066 380 143 142
797 836 971 884 951 837 865 802 891 898 769 919 823 986 822 827 887 878 962 839
855 982 1000 964 788 888 821 961 626 823 815 606 810 629 613 887 889 605 904 603
795 861 870 896 864 762 853 777 815 942 991 855 967 898 919 780 959 986 989 797
463 1041 385 495 593 483 412 1044 614 465 1063 447 575 1074 431 1014 1042 415 587 462
251 353 233 1054 1074 234 333 363 368 1071 362 346 356 1067 1045 1049 359 268 357 265
223 1084 1079 237 220 119 384 1076 196 135 456 219 1047 380 462 458 1052 1087 136 242
825 968 848 960 789 856 901 886 870 983 823 982 964 996 962 924 816 915 925 784
789 862 981 868 800 879 797 826 927 777 949 936 872 772 815 939 867 896 762 963
420 430 1030 1070 478 1068 1026 445 488 441 1023 409 1073 1078 1040 483 405 403 401 1051
170 1054 150 215 439 353 176 152 432 224 595 1034 173 187 357 149 146 469 492 360
812 866 988 841 973 908 989 821 907 890 941 816 934 873 927 979 808 788 798 809
236 249 377 1083 247 1080 256 352 268 1075 254 261 1072 245 257 371 1109 357 219 365
448 589 1045 609 593 599 1046 458 1072 598 1060 1057 610 583 1008 1024 992 1044 1055 595
679 718 686 719 682 691 683 700 648 658 681 663 669 666 709 651 668 692 706 678
793 973 797 974 790 925 857 802 883 810 777 868 878 776 832 773 910 847 901 774
