1598 1739 1626 1610 1683 1678 1584 1721 1703 1663 1756 1718 1560 1811 1680 1671 1751 1618 1779 1829
66 2431 1995 1981 257 76 217 1972 38 1994 211 25 1984 50 2412 2392 84 122 133 2424
1199 1250 1203 1173 1361 1148 1284 1140 1337 1141 1355 1237 1211 1311 1345 1228 1135 1185 1276 1175
1844 1886 1917 1883 1904 1775 1912 1895 1890 1843 1878 1859 1779 1814 1802 1778 1796 1751 1932 1850
228 2378 38 2388 291 165 218 247 2387 288 153 9 78 14 39 188 2432 270 141 60
1239 1359 1386 1025 1076 1180 1382 1155 1059 1281 1026 1158 1031 1090 1191 1355 1125 1162 1113 1400
1221 1238 1368 1331 1197 1296 1358 1311 1337 1250 1248 1332 1316 1255 1209 1292 1239 1257 1191 1211
1003 1050 1019 1078 1000 1039 1428 1079 1332 994 1052 1357 1446 1099 1397 1005 971 1383 1432 1387
73 2398 2374 113 64 2357 46 1947 250 2385 1934 219 112 109 281 246 111 1955 229 2419
1847 1870 1816 1906 1846 1908 1849 1809 1744 1915 1910 1901 1831 1881 1891 1894 1919 1742 1830 1892
1118 1363 1104 1203 1313 1324 1133 1325 1307 1371 1179 1114 1083 1382 1345 1401 1380 1213 1171 1119
151 359 216 2370 377 2368 85 252 210 2382 211 69 163 56 303 95 179 2346 66 318
40 64 15 152 2358 2423 212 95 26 1981 2426 34 1987 1959 2008 225 290 148 2393 2370
3 1988 2026 63 250 75 2343 2027 2025 1983 1961 95 88 2016 1948 228 1986 1994 263 105
2257 2300 2077 2239 2329 2118 2200 2190 2341 2325 2249 2250 2233 2242 2271 2336 2228 2273 2218 2289
2164 2183 2220 2091 2121 2204 2241 2153 2231 2245 2105 2198 2212 2202 2228 2169 2086 2193 2206 2209
1022 1402 1421 1009 972 1012 1393 1366 1013 974 1036 1010 1362 1356 1359 1005 1033 1066 1357 977
658 797 665 724 647 672 776 798 686 834 796 751 825 735 618 713 846 836 828 851
1140 1224 1192 1216 1366 1309 1314 1151 1319 1212 1091 1077 1087 1128 1148 1302 1344 1328 1138 1155
1592 1655 1640 1636 1764 1560 1693 1762 1577 1633 1667 1728 1700 1578 1679 1643 1691 1624 1785 1719
1576 1624 1615 1730 1665 1749 1689 1767 1677 1584 1731 1625 1773 1587 1648 1603 1672 1809 1784 1766
1050 1421 1029 1422 1004 1455 985 1471 1383 1074 1360 1394 1031 1418 1037 984 1399 1468 1082 1094
1465 1495 1504 1449 1473 1481 1527 1457 1496 1421 1521 1484 1443 1469 1412 1479 1427 1005 1494 1529
1811 1863 1678 1639 1730 1756 1735 1870 1816 1612 1716 1788 1699 1759 1740 1630 1673 1814 1737 1632
1405 1429 1028 1468 1423 994 1061 1433 1060 1062 1403 1394 1363 1013 1445 1050 969 1036 1478 1059
1714 1821 1848 1750 1737 1605 1845 1618 1683 1718 1788 1876 1709 1830 1853 1673 1889 1799 1696 1864
1835 1869 1889 1730 1863 1823 1794 1885 1745 1905 1893 1834 1761 1896 1906 1740 1882 1843 1757 1807
46 1990 271 87 2433 85 237 33 259 100 126 284 2010 134 1980 14 1930 2346 2353 74
1222 1354 1191 1162 1053 1333 1170 1122 1239 1055 1225 1024 1382 1031 1127 1220 1178 1325 1078 1135
1885 1924 1878 1819 124 1890 1925 106 1933 90 1818 1887 1839 1985 1829 1892 1959 1982 1950 1967
59 2433 217 105 2010 234 201 35 2395 314 290 2345 2371 476 97 75 212 2005 121 282
165 203 159 56 2433 64 361 76 105 88 10 3 343 169 369 2330 150 344 2407 136
1199 1340 1370 1246 1284 1293 1267 1228 1262 1146 1179 1291 1227 1251 1082 1249 1100 1080 1244 1187
72 216 145 36 2321 171 2402 365 2422 2404 2379 345 123 32 2349 9 213 339 24 74
109 174 117 2009 2391 1937 1919 2400 121 34 2340 36 2010 2377 2382 2021 58 138 23 57
123 344 2367 1935 349 2017 2012 1921 1944 88 403 1990 79 1962 60 156 2387 317 2001 329
1118 1309 1251 1278 1129 1088 1161 1155 1339 1292 1193 1106 1095 1338 1383 1134 1380 1368 1392 1301
2107 2231 2166 2249 2116 2239 2161 2171 2242 2129 2206 2176 2124 2105 2233 2066 2077 2158 2128 2200
2051 2083 2077 2118 2203 2102 2130 2062 2121 2246 2259 2237 2116 2029 2186 2242 2140 2239 2080 2104
814 846 652 891 800 644 755 674 802 726 791 749 839 910 850 913 693 616 769 651
320 547 438 324 537 566 592 315 446 565 394 581 377 560 596 399 424 538 425 346
299 326 262 415 319 520 401 2425 540 532 425 567 278 406 301 230 324 2413 253 563
1999 2025 38 68 2035 2022 1969 2341 118 32 2337 2029 59 2056 30 92 122 24 1983 1951
1183 1269 1273 1147 1155 1076 1326 1102 1096 1290 1348 1181 1320 1210 1260 1246 1238 1202 1248 1142
46 2354 110 239 10 264 2357 168 2342 1960 93 37 229 2412 2379 107 213 2407 159 1970
1202 1330 1173 1147 1164 1375 1384 1115 1185 1155 1242 1079 1268 1066 1364 1100 1374 1234 1398 1271
1101 1114 1327 1117 1328 1170 1063 1292 1123 1127 1077 1396 1213 1177 1064 1187 1246 1340 1057 1350
743 783 671 812 641 665 780 627 687 705 793 633 836 830 776 862 864 759 755 795
544 562 398 327 550 588 453 436 444 477 551 507 603 607 574 480 609 405 560 328
1769 1835 1868 1861 1774 1772 1883 1733 1711 1792 1741 1875 1856 1589 1714 1857 1904 1680 1750 1652
1950 1985 22 54 46 1930 123 1919 96 1917 1966 73 1988 1961 1918 65 1914 1932 351 2032
296 317 541 238 286 281 274 2418 361 420 2406 2396 518 291 370 386 237 2395 240 414
1618 1815 1763 1627 1864 1774 1861 1670 1583 1736 1795 1723 1886 1686 1884 1622 1577 1621 1800 1679
1074 1315 1096 1275 1064 1350 1148 1170 1273 1228 1088 1203 1320 1244 1318 1078 1052 1183 1389 1368
325 574 462 569 522 593 551 508 539 474 350 344 500 308 420 364 519 592 520 361
1121 1194 1332 1233 1293 1208 1318 1080 1319 1242 1086 1188 1257 1103 1288 1090 1301 1243 1132 1200
637 679 852 628 766 864 681 769 870 601 635 768 842 652 731 644 744 812 728 749
107 158 204 2002 2008 179 126 164 120 2403 205 2373 137 59 182 2025 1996 1925 13 2372
5 104 213 2418 254 46 2426 2328 2428 24 179 2383 1926 56 32 2021 30 63 153 1980
128 1924 1927 175 138 1974 368 1906 84 2336 1925 179 30 358 2380 2008 1955 143 2344 94
77 2424 8 89 145 2390 237 2318 149 2320 108 2413 153 228 2332 65 202 2408 1 1936
2119 2252 2198 2097 2240 2120 2235 2078 2117 2227 2272 2074 2318 2185 2102 2224 2280 2098 2177 2211
543 567 548 411 552 540 434 609 561 604 322 491 579 404 313 563 576 413 530 330
1241 1320 1308 1236 1280 1131 1116 1076 1090 1316 1244 1289 1313 1066 1229 1324 1168 1265 1115 1085
2359 2408 365 236 6 286 2398 11 2429 38 154 308 41 2345 126 174 277 223 10 2406
140 1964 1939 44 1940 193 1919 2433 77 2428 216 359 1928 2338 179 2423 23 2350 230 228
630 721 788 817 816 832 616 613 756 644 861 767 803 768 663 675 848 601 704 794
791 861 699 850 726 829 729 710 764 817 880 803 737 925 801 657 798 920 822 658
1945 2002 1914 1936 362 2022 1932 102 100 2023 2005 126 1930 1939 1982 28 2010 101 348 59
1713 1760 1816 1815 1817 1657 1693 1698 1626 1809 1802 1748 1640 1754 1671 1795 1773 1630 1803 1705
1069 1318 1070 1066 1405 1242 1167 1346 1365 1227 1124 1119 1171 1034 1188 1133 1030 1026 1393 1146
25 2365 370 1968 156 2382 1991 2343 234 98 2428 48 2409 80 354 186 54 1 1987 1970
306 392 525 2377 328 560 243 407 2422 466 422 2421 478 336 290 447 367 421 587 591
1165 1310 1204 1235 1234 1066 1093 1348 1334 1368 1353 1281 1190 1273 1202 1255 1172 1188 1393 1230
305 428 404 542 401 434 371 553 301 454 432 353 2398 362 594 574 524 247 600 569
2141 2205 2163 2083 2066 2107 2133 2226 2090 2142 2213 2198 2111 2037 2061 2200 2094 2125 2265 2104
297 471 301 2383 481 2428 364 311 533 282 513 262 281 319 2384 487 328 306 500 536
1035 1050 1014 1421 1376 1350 1098 1407 1076 1089 1377 1051 1084 1003 1037 1432 1332 1391 1062 993
144 341 172 2431 312 303 368 306 2379 377 221 2408 408 64 236 87 339 1948 309 390
85 99 17 2428 2412 1986 2002 201 239 204 2409 171 1960 58 2313 26 46 145 198 50
71 197 2425 24 235 340 2364 1941 367 2333 161 54 187 2395 239 3 4 13 247 2381
2116 2222 2280 2183 2064 2079 2147 2184 2174 2140 2074 2155 2263 2253 2065 2210 2108 2259 2208 2284
247 2384 139 2416 267 46 265 55 353 83 70 106 108 2340 154 31 2420 8 48 112
2107 2157 2222 2248 2217 2211 2063 2087 2251 2084 2129 2152 2241 2068 2128 2164 2147 2081 2110 2133
2067 2080 2251 2263 2247 2079 2199 2243 2228 2274 2241 2048 2083 2140 2096 2257 2260 2081 2270 2217
470 2429 67 2394 2364 56 447 469 2413 554 2419 245 456 521 2433 9 451 283 474 2376
1278 1327 1118 1339 1326 1206 1237 1291 1337 1351 1230 1072 1205 1380 1340 1349 1162 1111 1167 1317
1071 1130 1216 1290 1355 1369 1032 1122 1304 1194 1359 1104 1349 1141 1118 1126 1127 1395 1326 1400
1217 1246 1135 1179 1210 1117 1289 1280 1343 1155 1121 1346 1166 1357 1283 1187 1373 1337 1126 1136
39 110 2322 165 2433 2004 351 2341 204 2350 2402 86 2380 99 166 28 88 2329 1932 111
1116 1331 1096 1135 1390 1068 1110 1231 1202 1085 1306 1275 1352 1149 1362 1086 1172 1064 1143 1324
293 467 432 2400 522 472 2412 533 445 264 2418 544 375 553 2427 433 2403 246 369 550
413 520 574 545 595 456 589 470 548 488 434 431 583 343 391 330 463 325 473 322
62 137 241 182 2343 181 1968 220 1987 1982 348 2397 104 197 2371 1944 150 345 2400 2406
92 2317 100 2409 21 131 2270 1926 29 1992 142 67 2313 2261 2430 2276 203 2426 1999 121
745 787 833 794 804 806 857 713 720 827 677 710 717 815 742 689 801 702 701 707
22 232 2326 212 2004 219 141 2426 136 1980 302 228 19 1982 2418 300 124 1 2350 2404
1624 1696 1626 1790 1809 1821 1646 1630 1686 1617 1710 1796 1792 1690 1743 1577 1600 1647 1682 1729
117 1976 2393 79 1981 1951 109 2032 2339 157 1941 150 2320 25 27 203 1986 210 1950 2377
1625 1756 1711 1715 1668 1732 1779 1824 1823 1640 1672 1701 1663 1750 1683 1614 1791 1669 1698 1589
1945 2002 1983 2012 1984 16 26 53 2037 347 1994 78 2025 133 116 1971 2030 1920 2007 351
1111 1371 1415 1380 1123 1163 1067 1140 1389 1060 1337 1332 1347 1078 1408 1358 1107 1045 1100 1388
1716 1788 1652 1793 1766 1747 1735 1817 1654 1797 1770 1589 1836 1672 1619 1653 1648 1605 1806 1729
309 408 387 2413 597 291 345 548 409 451 567 471 390 433 544 551 263 566 369 415
1786 1828 1872 1894 1805 1746 1756 1647 1596 1685 1795 1703 1760 1893 1859 1668 1743 1605 1712 1837
107 1935 160 54 57 142 216 1909 2327 2342 1956 161 199 220 38 1944 23 1984 110 1937
430 448 598 426 423 545 508 446 573 455 302 321 454 542 469 552 600 313 380 369
368 380 388 250 312 370 405 319 415 535 547 341 564 212 151 426 139 427 537 300
118 2379 2012 128 132 116 145 279 2394 242 1991 20 211 34 1930 261 1968 119 1940 39
309 408 369 383 592 466 290 302 271 358 429 381 256 318 249 247 2424 575 590 252
507 566 449 570 597 531 567 468 431 400 510 591 407 389 401 327 601 504 588 395
669 781 624 684 842 682 788 785 654 741 810 817 865 784 645 718 638 779 694 699
1352 1373 1290 1097 1137 1416 1328 1168 1155 1166 1410 1202 1234 1101 1214 1100 1162 1275 1238 1306
1955 2008 19 1953 72 2035 48 6 130 40 58 2001 2030 111 1978 2007 2037 1980 1983 127
1772 1823 1786 1691 1782 1599 1875 1815 1830 1674 1755 1673 1646 1657 1873 1588 1800 1735 1836 1697
964 993 1436 1405 1477 975 1008 967 959 944 1407 981 1055 1466 972 1051 1467 1036 1472 1049
409 564 539 532 544 498 414 320 592 311 308 418 573 557 608 561 429 572 522 531
1582 1611 1811 1766 1664 1810 1679 1553 1756 1632 1671 1775 1536 1601 1625 1591 1745 1778 1757 1802
1810 1846 1748 1790 1768 1687 1816 1717 1745 1681 1881 1868 1726 1774 1677 1819 1873 1902 1800 1864
503 574 492 611 395 520 474 443 475 393 518 532 502 407 321 548 564 601 563 598
1104 1138 1103 1387 1312 1123 1373 1209 1349 1099 1144 1200 1307 1292 1082 1378 1293 1168 1171 1355
1133 1332 1253 1319 1199 1161 1267 1223 1379 1167 1197 1260 1150 1184 1230 1101 1106 1078 1087 1217
322 356 477 529 381 2360 457 371 350 128 155 392 152 383 377 156 1962 335 206 298
467 500 306 478 519 448 549 511 565 2418 539 532 493 572 455 555 498 559 430 294
0 209 39 2414 2351 2338 246 30 91 2374 32 185 72 9 188 1967 107 367 338 201
2150 2171 2186 2207 2217 2246 2245 2106 2190 2096 2155 2114 2191 2221 2224 2175 2136 2123 2238 2103
69 1981 14 1949 2029 2409 2331 2325 2415 232 199 100 61 2416 2020 2326 2321 231 53 148
2344 2397 290 59 2290 283 232 195 2425 2 117 28 110 2386 20 261 73 108 2312 294
1779 1829 1680 1646 1736 1623 1848 1798 1890 1849 1866 1719 1592 1839 1632 1682 1604 1865 1864 1728
115 1965 75 2342 73 100 32 190 61 219 200 209 1940 1991 181 118 186 2027 87 2347
1055 1332 1326 1144 1117 1373 994 1414 1139 1052 1119 1355 1257 1059 1406 1379 1249 1345 1078 1269
1826 1884 1830 1753 1779 1738 1899 1846 1787 1683 1926 1902 1888 1780 1724 1838 1795 1705 1757 1707
264 2388 2358 159 2369 146 244 83 157 77 277 35 241 20 297 134 115 95 228 147
636 663 779 732 836 838 718 719 804 692 711 694 601 631 634 657 674 736 714 640
1064 1403 1351 1375 1136 1436 1334 1104 1366 1085 1135 1338 1123 1004 1435 1369 1109 1374 1423 1429
632 689 612 806 690 751 779 611 818 692 698 659 836 600 615 782 841 781 700 802
61 1990 222 20 67 4 2006 16 2008 1987 133 2010 198 213 98 1940 136 1953 2413 68
1244 1314 1070 1147 1116 1085 1160 1071 1327 1230 1097 1167 1185 1235 1135 1387 1329 1165 1227 1102
29 1996 2421 2397 2028 42 2388 22 217 1930 50 1949 93 2399 2002 2432 54 123 2010 2392
318 426 591 557 349 287 418 535 599 551 382 583 454 325 558 353 319 304 320 561
153 2335 2370 2003 176 2301 110 174 144 2323 18 5 54 190 2331 2339 2310 146 96 2354
967 1012 1480 1411 1409 1029 931 1479 1400 952 937 1390 985 1434 1021 1406 1462 1484 968 1437
1114 1355 1352 1353 1126 1131 1034 1331 1221 1380 1025 1144 1055 1294 1379 1188 1300 1096 1100 1079
172 195 175 140 347 2347 180 225 2362 2348 153 2370 122 117 2354 208 2380 75 120 2371
1153 1238 1337 1096 1269 1222 1246 1371 1329 1342 1256 1191 1272 1347 1237 1198 1173 1341 1212 1090
2156 2188 2193 2152 2206 2130 2100 2142 2237 2201 2112 2163 2215 2082 2146 2205 2108 2222 2191 2247
400 544 496 495 568 364 503 377 472 303 338 572 332 511 428 379 577 590 478 369
2356 2428 354 67 247 2336 8 2422 32 206 234 282 151 350 69 174 158 264 2420 2391
1019 1446 1404 1008 1042 1010 988 1482 1376 1048 1456 973 1027 1462 1406 1060 970 1448 1051 1484
106 1976 174 17 190 75 127 126 148 2409 193 2393 26 142 1970 1921 207 1955 1952 2020
