1026 1075 1106 1094 1122 1059 1100 1000 1095 977 1080 993 1055 1020 1117 1048 990 1091 1014 1089
1018 1070 1078 1071 980 1093 1091 1102 1008 985 1080 1002 1020 1063 1115 1025 1059 1023 987 1094
651 1235 649 592 1197 1214 1286 1250 1316 689 1275 559 1240 1247 670 627 915 676 619 570
120 890 31 954 932 888 703 819 1232 834 730 882 870 1221 1225 169 719 756 14 1187
544 1292 505 647 502 558 518 1305 1265 1136 525 1214 535 1163 1137 530 522 584 625 1271
830 896 910 98 824 892 748 1220 811 1213 1187 26 713 1182 15 807 900 119 105 130
18 875 864 1233 112 19 164 1163 95 1221 795 59 138 1231 1190 893 800 803 785 128
676 1225 1268 1226 1291 872 680 857 856 869 630 873 867 1203 842 929 1183 1259 644 661
727 803 1167 905 27 49 852 858 1 116 917 29 1179 900 165 24 1175 897 170 742
1262 1305 1273 1317 1161 862 1216 554 597 632 1218 670 1271 1158 852 1173 569 551 657 1326
693 1285 885 921 904 1212 1325 1215 1218 599 872 895 555 1183 1140 596 598 1160 853 846
1141 1192 147 853 782 794 98 873 884 1202 795 47 1236 869 856 1126 73 130 774 825
168 268 831 822 172 725 267 707 799 756 113 244 800 273 253 122 806 4 826 219
123 148 1172 786 124 94 726 755 19 737 20 66 839 99 206 200 75 834 72 721
909 1175 128 21 135 92 57 90 960 1161 910 891 1206 1234 88 1174 1256 120 1119 1132
1175 1264 53 884 63 945 1249 873 590 844 1147 574 628 649 732 848 1203 122 1254 1202
108 726 39 877 791 126 920 879 38 804 183 737 837 16 157 801 1179 1182 46 20
338 364 234 500 438 478 477 369 278 365 250 286 349 461 495 245 312 483 385 383
338 455 456 424 318 430 299 343 524 438 516 358 492 444 502 360 436 409 511 229
773 836 722 715 1212 1194 1140 854 717 76 130 873 1190 795 762 1144 88 191 849 766
788 912 164 22 39 1219 1149 161 76 112 906 157 841 105 1144 734 1147 1174 699 789
970 1146 91 1131 927 1152 1291 1133 785 1149 74 1233 946 1215 952 910 1138 1209 1137 713
938 1171 63 107 715 1228 89 838 829 875 679 817 900 64 1147 886 1173 936 794 977
236 330 185 331 324 181 176 315 217 399 261 177 364 222 387 336 129 223 134 360
36 80 1211 864 770 835 1200 722 930 112 0 40 1219 713 771 905 706 839 689 921
57 106 896 101 854 756 159 24 1176 191 58 772 69 889 35 831 802 716 712 80
77 99 23 918 53 8 1148 142 780 870 922 1207 50 767 155 104 897 97 868 72
557 597 538 552 1232 609 629 596 612 549 650 1249 1318 1277 1260 664 624 528 1259 632
171 279 133 816 273 798 8 343 119 105 713 801 282 287 218 822 278 280 286 831
963 1135 928 930 1320 1222 1229 882 969 947 1160 1202 932 957 1181 1097 1141 1287 988 1115
826 1158 967 1204 83 1216 1326 201 902 885 47 711 915 1249 79 1259 929 1317 1164 823
134 230 1181 855 802 753 803 76 160 785 319 873 808 793 190 742 208 749 172 4
739 797 933 832 915 896 902 709 12 1198 792 903 895 168 803 704 1212 1201 120 876
3 855 836 859 1168 721 891 928 1238 803 1189 918 132 726 827 111 41 833 820 100
905 1327 557 1305 1266 843 1254 958 579 667 704 950 89 1303 1134 1212 870 918 1201 923
333 426 339 390 345 244 404 416 248 506 469 458 431 226 252 487 485 393 255 423
94 1157 1291 901 1186 713 846 732 26 780 1168 751 1244 902 912 1265 78 75 1208 766
688 1182 776 1123 635 166 1192 59 153 756 119 37 1113 852 1304 98 1229 923 749 655
285 335 447 348 216 351 391 225 340 231 234 383 361 398 412 217 422 177 323 241
579 1324 1320 1256 612 1230 1235 913 1207 1294 1274 1249 1210 591 676 1143 1264 1203 1133 1127
559 1281 1256 602 533 1285 652 665 1292 643 562 1299 654 653 674 592 1274 1214 622 1266
869 1225 808 865 1226 1292 1161 103 731 639 642 1228 937 1208 821 1131 892 654 1323 773
528 553 475 526 614 624 456 1273 1299 468 503 632 603 608 467 1314 574 519 460 535
150 1191 263 961 109 719 739 970 826 180 750 772 709 100 66 233 1135 800 80 946
624 1271 682 570 865 1176 1236 581 874 1172 1283 1202 652 854 629 1301 681 1159 615 1311
873 1142 953 769 991 1266 979 1127 39 1200 37 971 740 12 1179 61 795 743 727 686
898 1170 34 705 1172 32 1188 92 966 1276 914 25 795 892 776 752 903 769 1190 815
135 738 1175 107 836 142 156 714 5 90 4 879 242 713 1167 1199 72 83 218 124
966 1150 1198 952 1257 1144 1197 866 1200 61 986 807 957 999 934 1188 1155 1239 830 1147
772 795 875 887 1215 155 899 702 849 881 15 123 171 54 94 752 77 27 162 10
518 557 594 551 536 463 1245 542 591 633 462 625 456 1293 446 526 1254 490 644 519
171 730 867 703 235 152 297 707 41 1192 764 91 887 189 228 812 1207 877 2 162
148 720 880 822 213 146 887 817 1196 95 114 1 860 862 1153 867 198 730 828 165
970 1180 1132 725 1137 705 1190 717 731 35 780 1128 950 1130 907 1192 1218 1161 694 1178
552 1279 603 1321 605 650 567 671 515 554 1274 533 516 1276 580 634 602 604 586 630
1191 1211 898 164 851 747 743 1139 24 158 1323 121 147 838 79 725 756 884 90 1232
715 883 1218 699 45 1262 778 110 1174 125 19 880 800 706 1227 949 879 876 1232 702
942 956 1189 1122 1192 927 1132 877 886 893 988 1197 919 1169 1193 935 979 1150 925 965
1019 1103 1130 1096 1064 1148 980 1077 997 1018 1026 1054 1020 1013 1074 1154 1089 1088 1160 1051
971 1194 1135 1126 5 923 37 120 924 1226 1117 130 973 34 685 995 138 844 755 1222
955 1180 1202 1171 126 922 130 113 1206 1188 691 14 135 839 939 55 726 1140 831 725
722 878 895 164 110 63 51 711 95 134 920 932 934 1140 829 1221 770 1158 873 1192
60 894 685 693 812 736 933 92 37 935 943 1149 77 901 715 725 902 942 828 100
908 1290 1231 1250 807 634 667 1220 564 92 842 1135 657 867 77 9 1181 710 941 736
87 124 1147 38 1181 1145 1161 846 1205 770 157 788 150 159 1213 1198 781 29 188 45
349 459 423 411 387 362 517 440 370 353 454 495 502 343 310 487 432 316 371 358
1242 1298 546 1198 1323 549 680 1166 1227 1152 587 1268 600 1210 1195 568 1291 918 595 617
1119 1152 805 1159 1255 904 806 1007 828 1005 1201 1001 999 991 801 1214 1023 1026 844 1266
365 454 477 329 408 405 524 404 499 311 384 491 432 484 406 313 317 279 458 479
150 811 260 848 255 896 1189 858 1181 193 93 34 83 224 236 243 7 903 169 74
671 703 1185 89 113 5 1184 831 62 672 1260 1257 862 66 695 705 898 882 1323 866
103 741 132 766 61 71 149 901 1199 151 169 851 817 1196 788 112 68 824 704 853
352 446 366 284 486 514 335 457 359 381 475 466 257 510 412 438 286 470 347 471
903 1227 803 723 848 933 656 693 1144 88 83 1260 1309 673 842 55 960 638 806 1242
115 785 80 758 834 801 753 723 188 779 734 129 107 700 33 144 0 38 1192 741
1233 1273 913 617 1146 1156 624 580 638 1226 1218 858 565 615 876 926 921 582 1227 662
64 707 94 106 1146 805 659 134 907 124 1232 170 811 1175 742 1204 1158 731 662 140
696 1252 709 606 593 872 1157 664 660 715 1253 1156 864 678 862 852 869 93 906 1228
644 683 1272 635 616 1219 1245 873 618 686 1172 712 1200 709 575 900 888 1303 1222 1198
1216 1323 574 786 829 557 584 1169 1129 94 875 842 1249 1233 919 920 1162 82 714 637
437 492 504 406 425 388 447 475 520 419 348 505 352 415 427 501 449 538 507 496
33 902 1182 1215 1234 81 1179 1203 1172 880 790 1131 1169 69 1244 49 1210 781 1190 918
1166 1272 635 701 671 615 937 794 1151 871 883 1275 1176 779 1200 1274 1324 784 963 1320
125 1205 1191 739 1225 1289 922 1218 919 1246 939 58 91 1210 891 857 1145 774 781 698
367 437 457 325 351 313 435 322 314 318 309 504 512 476 364 497 311 345 405 507
944 1202 1169 28 1224 76 978 56 793 1112 11 971 735 1322 818 920 771 1157 789 1288
2 137 705 839 793 50 246 792 132 129 66 1 840 723 151 99 168 164 741 764
17 851 1247 831 737 837 672 893 863 722 719 856 9 784 144 124 785 1263 93 766
86 157 55 154 220 33 843 737 752 145 150 1149 907 130 1171 34 14 1207 1183 767
1142 1207 108 1242 1244 1273 120 735 1167 1200 1329 875 725 891 1107 992 859 1117 7 1249
756 805 1175 1191 927 818 911 38 19 842 1195 771 103 862 94 855 817 806 767 188
365 379 425 310 313 350 306 331 380 434 415 381 488 342 424 388 457 301 291 329
341 373 277 484 307 336 368 433 296 304 367 286 485 483 419 301 470 416 476 327
698 1315 1172 1176 1257 888 74 96 1328 1327 589 709 1201 595 563 1267 653 642 79 94
38 865 1190 1164 1211 680 835 697 886 798 795 702 751 1153 33 94 917 831 851 113
552 610 542 585 1293 1307 555 575 1302 1246 1245 688 617 522 622 664 588 1229 594 1275
8 78 886 134 773 870 73 1177 91 901 700 910 1160 1170 42 1186 932 54 112 844
761 824 20 118 842 705 1205 826 59 1212 98 221 729 66 902 794 120 73 764 783
39 797 785 119 80 795 21 154 1199 854 763 802 15 162 780 713 59 825 24 1148
1153 1270 897 642 907 1188 618 615 723 1326 63 1313 565 1128 1170 938 685 871 699 675
706 1233 844 677 1148 1167 662 905 158 155 1287 15 83 870 1197 1295 135 922 56 603
1035 1095 1042 1121 1071 1057 1014 1129 971 1132 1133 1047 1037 1097 1067 1110 1123 1065 1112 1085
69 922 826 910 716 1196 1176 1146 819 703 902 950 756 126 1155 143 704 1284 30 888
773 847 1163 828 105 1179 1190 864 746 713 766 1205 684 751 1147 53 1226 731 1184 771
180 261 259 182 345 195 340 200 236 344 286 223 255 718 741 243 339 299 348 738
181 741 171 813 219 797 237 732 292 869 231 1180 215 229 805 733 298 209 177 814
129 185 725 816 105 889 304 790 239 1190 782 282 1177 727 265 784 218 838 234 125
71 115 694 690 1144 698 166 893 798 689 1173 1189 767 810 878 27 1209 809 917 825
889 953 1239 990 703 971 102 1270 681 970 18 1191 1209 739 974 775 1231 913 1173 752
100 707 1197 736 170 906 85 1225 775 889 845 836 1155 729 794 1 177 815 886 666
1150 1206 975 1276 948 679 967 124 1317 99 940 1120 963 1211 1265 3 1177 786 1 798
405 456 469 489 524 504 333 394 459 372 485 370 428 434 337 340 391 382 402 503
918 957 922 1124 1274 892 846 734 776 849 838 1324 1319 1192 842 932 1265 1233 976 835
741 1203 1227 885 738 33 1135 136 892 876 1185 1230 1277 155 1325 129 723 11 923 1282
978 1120 1201 1107 988 1189 971 977 940 1136 1032 1162 1210 1139 1003 1184 1187 1011 1145 975
226 320 284 171 318 217 268 191 360 316 213 330 157 182 392 238 177 168 270 299
675 704 1189 729 106 911 1185 904 833 909 697 1325 671 1253 1259 1178 1182 1240 695 1319
398 497 334 501 512 401 510 386 519 389 371 339 456 488 354 450 532 412 366 451
38 862 1147 13 818 118 683 1 685 784 34 804 856 1141 850 796 65 43 870 694
169 781 131 293 821 9 225 918 830 255 797 772 737 1152 838 167 764 814 1164 901
148 711 68 715 776 8 228 236 7 189 867 911 67 225 793 190 245 176 1188 109
1020 1071 1042 1021 1090 1070 1027 1054 1013 1002 1065 1102 1025 1050 980 1062 1074 1066 1079 1004
39 785 90 905 116 1143 96 60 68 705 724 1205 18 758 1210 877 846 893 858 774
1221 1275 879 608 658 1322 1177 1248 564 672 1251 1282 1307 1172 619 1226 647 911 704 1156
1272 1300 1226 1197 857 1175 651 1153 854 549 1223 1172 557 907 1231 692 913 583 697 1145
1199 1222 725 1267 1117 826 732 1299 9 962 687 13 1112 955 748 901 1234 635 903 1137
107 186 865 278 104 233 141 726 25 276 303 23 776 898 879 8 834 1192 876 124
173 184 728 18 13 256 218 731 790 199 110 744 113 192 119 727 1185 203 749 136
777 1191 110 717 122 1213 688 30 929 799 972 16 707 1150 1129 886 719 708 1186 960
787 913 28 966 878 811 110 709 115 865 786 798 716 951 152 818 1209 3 1124 1172
1129 1211 1308 987 709 1318 880 1294 1265 839 937 67 910 889 1296 1275 1002 1274 809 897
590 1306 565 1250 1276 657 1293 564 1263 1226 1249 650 567 675 1239 1272 1261 1313 663 622
19 854 878 783 104 55 804 791 20 772 884 106 776 4 895 846 15 31 92 715
128 840 86 206 785 1198 58 778 703 712 1187 1176 45 188 207 1159 162 66 48 185
24 829 896 883 99 119 809 83 195 64 787 752 1214 716 68 193 112 1208 137 141
583 1274 918 1324 681 593 1222 1153 880 556 559 698 1296 615 555 558 1282 866 570 1307
27 796 121 737 127 872 109 777 783 743 757 93 42 91 153 55 116 876 1212 1219
930 945 905 1123 723 1118 951 874 981 936 1199 935 867 931 918 1170 1125 839 1173 728
600 1244 578 585 1282 1299 1152 668 1289 540 1236 861 677 704 627 682 667 622 876 877
31 72 937 917 799 854 764 892 127 135 92 904 866 890 869 84 933 134 815 858
679 1260 1289 599 561 1304 863 603 592 1153 645 1332 1251 658 1286 696 1307 706 1326 671
1141 1234 947 1109 1204 672 791 912 609 1290 1205 707 932 794 1123 619 935 962 1103 1113
58 789 150 1197 754 130 712 25 841 708 788 1179 65 1175 855 1209 1180 116 1146 1205
860 1152 688 1230 838 984 138 847 694 124 900 1276 849 1126 944 666 774 979 1329 821
94 145 187 32 58 125 857 258 7 849 768 224 787 870 219 781 903 252 829 183
17 117 125 38 139 37 830 792 811 56 776 763 870 161 1178 785 185 750 905 784
856 1277 9 1150 21 107 570 41 1241 808 58 4 649 35 1198 774 876 577 781 1214
560 1277 1253 1200 543 677 644 534 668 1244 1290 1247 680 641 1224 878 1282 1234 548 1202
412 485 401 364 476 465 341 521 365 334 457 376 502 333 393 382 497 349 488 394
958 986 1204 920 978 914 1199 1148 1200 991 932 1092 930 1198 947 968 1206 1184 988 893
