644 681 69 624 675 607 1 711 24 122 36 121 637 685 115 87 119 660 70 622
95 665 644 126 75 37 652 639 671 630 50 723 640 698 31 659 109 685 11 107
446 467 411 427 403 426 445 432 410 465 454 400 424 418 492 431 422 441 478 408
45 688 637 619 695 53 618 95 697 88 58 626 73 22 625 721 643 639 609 615
542 577 514 533 569 517 538 581 606 525 544 601 595 541 605 545 549 579 553 557
160 721 732 785 78 776 701 92 89 105 727 724 103 711 712 720 156 755 80 750
161 182 199 195 241 773 727 219 152 777 135 136 763 235 221 770 198 728 158 760
215 241 784 818 783 188 216 270 274 813 260 182 254 779 803 791 217 240 774 816
61 697 95 640 78 8 715 672 1 111 103 125 670 627 721 687 626 26 117 658
186 756 174 752 135 159 189 185 201 780 785 216 199 178 208 782 126 232 729 730
19 62 23 90 6 717 665 670 15 632 52 649 634 73 708 114 67 645 614 22
372 395 348 423 432 410 358 446 424 427 354 418 416 413 406 454 455 434 356 353
30 662 79 16 685 47 684 659 692 655 695 72 665 56 86 34 91 654 644 77
68 636 723 84 32 653 119 86 612 671 688 710 645 50 635 100 709 617 30 7
94 624 669 87 632 106 634 653 127 625 633 80 86 673 83 717 716 119 17 57
826 841 813 827 282 293 806 256 336 262 319 825 288 286 285 342 310 322 320 284
49 626 63 627 98 1 654 110 685 699 48 658 83 75 687 609 647 82 624 676
74 664 34 3 27 50 58 102 66 60 97 661 59 716 648 656 682 624 23 53
123 742 137 740 752 102 148 101 120 88 703 766 158 767 71 687 98 155 110 114
107 636 643 621 105 60 108 727 624 129 717 120 651 670 36 96 76 20 30 34
70 622 600 90 632 29 690 83 670 647 681 69 698 654 77 17 89 107 598 639
317 828 276 307 288 336 324 351 316 816 826 813 297 327 340 267 278 345 285 331
341 365 369 826 350 326 366 391 406 314 822 361 402 317 380 381 385 830 351 841
106 630 87 48 53 29 99 616 52 25 599 611 652 716 670 725 10 636 67 614
400 459 395 460 407 379 492 457 381 430 425 447 472 476 475 469 462 387 474 439
532 558 516 541 552 555 593 524 551 527 571 545 583 569 530 522 526 567 521 514
258 780 793 151 837 759 250 161 153 170 814 272 813 276 808 175 156 162 287 753
3 665 612 695 656 17 70 680 108 33 673 78 627 38 30 650 668 102 13 662
126 699 133 72 86 149 104 65 129 144 159 700 706 121 49 115 158 83 691 43
177 239 802 258 159 241 739 160 251 757 165 789 729 776 732 154 195 783 233 807
234 266 195 815 827 249 290 207 763 294 274 214 236 253 189 202 301 828 239 822
750 768 142 172 153 166 773 213 779 221 223 227 737 781 155 745 188 152 770 246
172 781 229 741 800 252 141 731 724 235 171 151 740 162 248 255 140 755 797 147
446 475 482 480 483 450 478 426 459 474 436 398 461 417 420 460 393 470 421 407
56 682 662 113 64 96 660 674 15 689 632 664 647 693 622 87 670 58 6 638
457 477 479 506 487 488 489 491 496 499 445 474 485 493 458 484 453 454 501 481
409 464 392 484 478 477 380 439 416 432 395 450 429 455 400 381 383 413 491 481
67 84 63 93 697 651 101 46 616 100 15 665 643 640 114 111 37 95 41 694
99 639 618 607 98 31 101 632 640 37 65 660 676 118 627 619 51 103 42 63
12 61 10 53 78 614 712 685 713 111 627 670 710 18 697 11 633 656 625 649
625 636 102 75 8 85 99 594 596 641 32 652 49 649 69 101 9 2 93 60
46 652 32 670 72 61 618 699 75 105 83 104 630 624 38 2 673 636 27 55
59 104 620 656 119 638 41 716 39 15 23 649 663 701 633 689 100 667 670 621
11 620 58 4 24 5 670 656 17 634 55 617 593 40 612 51 676 603 641 7
678 713 102 641 663 658 101 142 118 107 88 92 63 138 89 32 80 83 707 733
99 123 677 109 120 134 135 139 630 84 675 107 85 103 122 60 672 736 59 737
393 432 440 403 485 472 356 480 394 410 402 437 357 439 395 470 354 486 368 382
183 213 169 231 223 763 159 187 235 785 759 750 751 191 168 783 142 218 746 240
31 51 63 82 83 98 4 66 28 618 21 5 614 679 79 703 65 100 650 54
232 767 275 139 243 203 162 187 218 221 794 793 244 809 252 747 745 248 137 775
249 262 842 782 294 819 227 297 284 838 839 800 292 778 289 252 793 296 286 834
389 424 401 347 485 456 395 435 361 451 487 371 486 449 462 348 411 398 355 350
392 412 372 447 457 351 452 466 359 390 416 474 399 377 421 473 402 422 434 369
489 503 462 447 411 442 423 468 454 435 481 478 509 417 463 416 450 412 453 496
805 810 256 264 780 244 822 265 783 245 834 272 305 250 826 278 796 227 802 285
435 458 425 439 391 418 464 408 453 429 448 409 405 379 377 467 431 441 459 412
61 104 80 722 635 671 641 112 37 11 15 633 28 53 81 74 97 4 64 0
71 701 93 29 645 109 665 56 80 673 31 648 115 62 712 87 52 51 686 16
528 537 527 517 565 575 516 593 570 583 577 512 562 553 526 568 546 547 520 576
757 783 129 177 739 180 734 140 760 159 749 147 804 754 222 244 753 759 781 727
314 331 369 336 833 327 339 282 335 828 299 368 303 328 345 338 367 822 829 285
238 260 827 243 812 192 274 824 809 783 263 244 770 261 841 185 286 188 234 277
416 452 487 394 395 431 462 379 491 396 409 406 391 492 425 454 464 411 469 434
70 695 640 1 628 57 24 92 625 669 668 696 682 37 654 103 702 51 90 650
7 625 85 614 640 612 600 15 86 55 620 633 48 65 64 651 648 32 654 33
395 421 361 380 388 403 391 472 451 423 437 420 382 446 438 357 459 452 432 378
641 680 26 91 90 8 713 54 111 650 72 621 661 64 7 93 67 101 68 37
458 467 399 469 492 449 489 440 447 423 404 451 439 480 488 481 415 437 418 476
622 667 38 597 654 27 675 600 95 26 4 614 652 625 599 45 637 646 41 607
723 744 692 105 780 102 730 726 779 109 162 143 164 146 144 79 133 124 116 700
532 545 583 543 574 587 534 516 547 582 568 527 520 570 561 531 565 567 559 589
47 620 97 86 615 629 56 103 657 70 57 669 87 594 77 679 684 601 663 53
270 283 802 834 257 295 263 830 313 296 836 273 255 810 293 835 271 801 294 264
224 247 818 820 257 808 803 239 191 216 764 279 791 194 169 812 775 802 228 195
57 82 677 80 647 28 31 24 714 8 67 75 649 720 646 45 727 46 721 58
230 252 291 177 174 172 807 180 798 779 273 767 243 179 195 188 784 185 222 210
401 461 356 434 493 462 420 365 370 435 477 484 483 487 408 474 446 380 424 411
13 643 102 18 625 66 610 668 630 82 70 11 622 49 24 111 648 54 640 53
797 814 317 322 267 834 326 784 246 837 795 318 767 829 225 775 841 252 230 813
104 624 682 676 25 85 38 91 57 48 13 118 103 660 15 672 708 656 632 79
51 621 593 616 71 3 98 1 11 676 108 709 61 109 699 624 100 615 602 111
251 792 803 814 772 259 767 254 258 800 815 240 790 828 261 233 270 287 811 776
644 657 44 33 660 606 38 95 612 58 115 8 619 672 678 631 625 690 671 57
87 672 121 57 86 637 70 639 667 682 96 647 703 62 8 700 45 627 128 92
434 478 388 438 461 497 380 419 393 437 396 417 385 449 498 421 427 394 433 429
50 669 44 60 2 115 688 89 46 655 32 710 667 113 14 700 34 70 617 81
627 667 8 674 59 6 622 69 689 696 600 103 617 632 86 26 47 45 604 686
38 84 618 697 46 655 76 61 85 627 705 105 650 29 10 3 613 80 32 83
62 656 1 36 691 42 40 677 69 663 19 634 67 104 635 696 118 68 626 693
420 462 412 402 419 460 439 495 466 384 482 477 493 480 483 459 376 375 442 411
818 836 827 352 240 842 278 259 345 349 257 825 343 346 266 318 334 330 803 341
574 602 625 612 619 40 531 573 576 36 560 626 520 632 516 596 541 563 591 593
135 726 724 119 723 153 174 175 109 727 105 155 157 116 756 722 702 717 156 709
101 115 652 60 668 691 127 52 138 635 710 95 111 81 623 48 73 126 713 658
47 661 70 28 677 641 10 637 103 100 81 102 50 54 55 689 22 650 670 83
440 464 458 495 447 392 493 426 433 428 476 402 391 410 409 456 446 487 480 482
114 645 109 36 733 641 45 659 26 680 616 22 20 18 634 89 608 620 632 105
22 46 691 88 75 624 89 21 669 36 13 647 687 82 54 621 682 99 55 69
234 245 796 277 209 231 283 266 794 260 771 774 820 813 802 258 201 768 212 185
49 107 26 120 730 624 8 67 94 683 672 701 707 32 620 66 34 105 91 74
623 671 18 657 17 80 66 28 43 100 626 596 651 29 63 594 65 50 91 76
816 843 344 260 346 818 326 270 336 308 245 352 262 281 834 814 330 819 815 826
342 386 831 360 832 359 355 402 364 308 384 414 313 818 305 366 422 367 834 427
772 788 176 752 803 232 222 805 811 782 810 261 800 149 142 799 175 767 178 748
41 84 627 636 22 656 633 89 712 684 628 640 608 34 706 676 626 12 683 619
25 66 81 87 722 59 122 656 60 53 688 608 705 661 669 38 689 629 99 70
99 669 653 41 724 111 1 98 709 11 659 7 642 720 711 58 74 70 89 704
48 615 11 698 624 597 654 83 21 669 103 95 636 59 689 57 38 607 632 50
418 470 477 423 412 487 401 392 446 404 406 376 474 486 379 491 394 484 381 479
677 708 102 128 0 116 87 71 51 37 14 125 40 86 103 682 697 20 737 719
27 57 625 678 12 616 26 69 653 716 687 111 14 15 38 105 7 663 639 609
296 804 226 327 279 797 227 269 264 281 232 252 240 803 231 332 245 267 239 790
553 573 582 555 554 598 559 527 599 575 587 521 535 546 584 602 597 523 593 522
229 239 263 243 820 274 249 811 173 226 791 183 816 191 807 214 221 219 199 779
542 591 560 587 522 614 572 554 592 569 583 518 571 576 599 582 620 604 600 516
64 671 714 684 11 650 682 49 630 712 99 709 43 107 659 80 693 82 61 695
328 344 298 376 300 319 378 356 375 308 320 354 838 371 832 289 360 288 382 834
133 172 159 121 134 734 225 745 720 144 748 725 766 137 153 115 154 785 769 224
150 728 111 169 738 116 135 123 719 776 146 730 109 106 139 767 102 698 729 747
532 592 547 580 535 605 536 555 534 523 552 617 524 511 522 570 541 611 539 545
522 592 567 584 534 507 533 504 603 558 588 618 561 531 530 586 565 582 574 506
714 739 116 171 89 134 686 712 79 774 759 60 81 110 178 84 96 675 106 142
399 416 376 362 485 411 470 401 368 388 488 373 361 392 446 403 366 434 385 400
63 634 45 603 94 673 645 684 54 3 80 9 33 40 67 688 51 43 60 10
50 74 689 642 622 58 641 660 648 40 89 654 41 5 695 105 682 76 43 92
58 114 115 720 107 625 137 46 696 30 624 64 39 705 86 657 24 133 41 689
456 485 465 439 401 509 475 505 503 444 468 428 454 452 449 487 470 462 463 419
131 705 724 764 126 716 740 78 127 101 106 683 729 88 165 677 752 76 754 706
286 319 292 248 306 799 251 321 289 827 341 845 819 255 307 250 247 266 267 329
71 644 647 612 712 715 44 105 660 713 666 608 655 48 669 705 15 60 704 621
24 610 609 39 629 26 582 73 66 593 581 661 633 63 683 635 621 68 9 78
421 482 387 480 403 491 422 438 467 494 391 430 400 484 495 487 441 419 462 479
459 478 447 465 482 483 481 466 414 401 404 496 453 411 474 468 451 493 393 441
221 789 236 785 225 784 226 172 170 212 806 239 244 234 200 171 196 788 213 173
607 639 641 52 654 21 6 16 100 649 653 27 637 608 584 73 95 13 635 20
110 722 692 118 142 628 711 718 152 57 671 721 742 107 161 629 754 150 56 630
168 733 138 180 128 741 786 706 179 707 113 109 171 127 142 730 134 146 723 121
663 690 105 710 106 68 16 0 3 91 716 11 59 13 98 652 123 664 73 19
101 643 67 612 689 669 4 648 17 707 638 78 609 633 70 98 679 717 84 677
95 716 680 154 83 50 72 710 130 74 628 677 637 88 123 632 699 48 662 638
345 387 304 312 827 818 834 330 310 321 388 421 426 358 362 403 346 384 844 309
68 644 723 662 674 645 683 684 708 34 67 671 70 60 54 668 650 670 619 632
42 634 628 675 630 12 663 30 664 108 21 603 56 84 106 612 64 54 60 97
79 637 611 55 102 118 116 40 108 82 639 623 617 697 616 602 13 609 717 705
207 217 197 188 779 781 231 246 206 205 771 221 174 178 227 225 232 237 778 196
440 480 460 476 488 459 393 495 484 452 498 408 421 400 481 424 466 482 405 404
230 253 174 212 179 286 820 785 194 197 264 290 251 280 176 768 242 269 292 209
527 576 558 533 551 548 581 544 538 605 554 583 590 562 588 524 546 561 530 594
620 660 38 638 651 640 83 628 95 76 679 595 641 672 14 16 102 676 624 675
218 781 231 777 239 746 205 260 164 206 258 765 201 171 200 247 752 240 749 790
