1350 1477 1454 1213 1344 1511 1241 1355 1270 1389 1399 1417 1501 1264 1521 1451 1207 1253 1228 1352
590 620 538 410 619 744 409 662 678 578 470 485 779 556 393 520 563 724 522 636
64 2143 41 316 2258 167 252 208 2203 2093 137 129 2077 354 303 31 2187 2153 2156 372
961 1039 840 926 1212 784 827 741 800 1003 1031 875 982 731 752 884 733 837 931 1177
1075 1225 1221 1408 1253 1188 1125 1005 1011 1001 1127 1025 1401 1019 1354 1096 1218 1010 1380 969
212 2225 2178 284 2196 2122 61 166 121 185 2147 2208 223 65 2153 251 79 295 2074 148
1719 1875 1710 1915 1734 1893 1869 1956 1872 1714 1863 1756 1835 1713 1811 1838 1738 1707 1677 1896
2081 2097 210 224 2212 88 2261 2148 2198 360 63 222 417 2201 64 111 299 349 204 112
519 743 725 381 957 794 368 498 380 566 785 810 800 2214 514 2179 955 505 2176 561
1717 1891 1799 1900 1849 1854 1877 1839 1681 1834 1812 1813 1898 1908 1726 1862 1790 1825 1687 1818
1337 1493 1396 1183 1479 1400 1411 1387 1239 1259 1349 1306 1321 1506 1359 1315 1530 1340 1427 1394
414 2125 284 358 76 2190 639 124 212 147 184 181 339 2208 2144 145 2212 322 227 404
260 2082 2173 2063 221 353 2062 132 65 77 2129 68 2058 2222 414 245 2152 60 2190 111
1928 1975 1877 1851 1974 1845 2003 1931 1969 2017 1874 1919 1961 2018 1917 1859 1850 1988 1962 1910
973 1200 950 1364 710 1120 716 1356 1127 1072 1007 722 975 954 1006 1082 848 991 1234 878
204 2167 59 220 250 2130 2078 63 2054 2061 2183 2056 184 476 104 136 271 121 286 2120
257 2193 2243 103 2197 259 2064 135 477 2216 2217 2145 39 565 2244 483 2063 229 2079 211
110 210 2094 217 2041 2052 2209 24 10 2202 226 284 2082 85 16 109 2125 2037 250 132
1420 1467 1255 1510 1329 1492 1349 1280 1474 1423 1289 1485 1350 1378 1337 1278 1427 1387 1250 1265
921 940 984 826 971 937 928 1008 1097 1089 848 1046 978 1148 1145 938 820 861 939 1064
179 2152 237 2123 2253 2225 357 277 216 306 2179 286 2239 164 289 278 33 212 81 2112
787 963 819 721 1074 1018 1033 889 937 810 822 503 1017 1025 511 886 946 805 982 828
368 2176 2119 249 2128 2057 2055 2241 108 6 291 69 415 297 282 485 2243 2074 118 580
328 388 313 430 2110 450 25 2088 532 23 49 9 666 2163 401 19 399 361 182 2069
1086 1231 1384 1217 1134 1414 1205 965 1001 1025 999 1124 948 1223 1338 1190 1108 1366 1095 1395
61 128 56 185 2191 16 30 2087 63 270 2135 141 2108 2139 234 29 76 269 271 167
1127 1169 1281 1105 867 1034 1060 1327 1138 1106 1067 1079 854 884 1109 1095 1304 1103 1310 1173
99 237 2162 135 269 2151 2165 198 2132 200 275 126 2116 176 2152 129 2049 207 11 92
175 2074 2048 99 34 2185 2167 2239 2104 2190 304 128 108 367 316 368 85 305 202 218
165 219 59 2159 202 98 246 152 42 199 292 69 331 2249 75 2247 101 2250 51 134
311 2247 197 17 216 340 391 343 2161 2106 2163 2048 2156 2198 355 306 78 41 322 139
475 535 665 677 669 2179 383 2178 523 2201 613 698 2170 594 595 491 554 518 606 603
398 2085 214 130 2148 2152 430 2057 2252 439 470 213 223 91 305 79 613 86 113 2122
160 2259 2145 38 312 202 2150 2147 22 100 2086 2081 2069 2125 2165 2109 2123 53 165 333
151 2135 2207 113 210 2101 192 159 64 2158 56 88 154 351 58 70 2205 2087 164 2203
48 139 11 2160 291 269 254 170 1 47 180 2097 161 68 189 103 293 2051 2148 283
353 2261 194 155 545 94 15 519 2187 57 2234 85 403 206 193 246 2098 97 2229 468
115 2172 270 2062 220 525 26 524 2057 15 205 132 221 121 2231 196 2241 272 105 127
679 764 596 746 854 812 837 785 947 709 766 583 549 705 568 778 774 593 375 493
303 2203 2045 2214 132 2176 305 248 246 82 35 81 360 2096 179 144 45 169 2172 2137
1251 1297 1333 1147 1152 1231 1166 1146 1238 1117 1420 1411 1337 1213 1224 1186 1217 1295 1286 1097
737 759 973 937 817 971 785 819 982 689 758 763 498 822 986 942 682 835 678 940
78 2077 2209 390 63 343 236 299 365 371 141 392 2160 188 136 2188 2045 24 2115 2249
1820 1872 1869 1741 1883 1847 1928 1743 1722 1842 1830 1908 1691 1717 1748 1912 1729 1791 1849 1914
114 2244 2251 118 218 108 160 64 312 129 286 2170 2093 171 41 191 215 2210 2193 162
325 2170 272 147 2122 359 395 370 2123 233 2182 63 2196 40 355 389 328 244 374 347
1750 1768 1774 1847 1810 1736 1755 1747 1786 1829 1846 1727 1796 1812 1724 1764 1729 1787 1714 1745
339 2155 237 111 2167 473 472 389 403 91 232 2105 2107 383 158 2191 414 457 99 106
517 2179 2210 743 583 362 542 734 2203 2249 536 2128 2138 2220 384 772 254 521 2244 318
289 2239 200 2081 94 2190 66 291 267 2063 20 2231 2104 2202 138 208 71 2250 231 301
878 951 1166 724 747 942 1036 775 1078 1183 837 1206 1010 794 1084 843 1200 1065 916 868
877 900 952 1131 808 970 1138 937 973 1158 860 847 819 880 962 844 867 954 881 1123
452 617 348 333 436 322 588 667 689 408 342 671 400 377 416 594 460 623 457 626
202 270 203 29 2117 67 2042 144 2072 96 2199 122 15 190 264 150 201 86 124 78
944 994 723 754 998 1186 809 982 936 765 999 1210 1199 882 958 1055 1068 1042 1060 1198
1724 1890 1855 1789 1952 1875 1944 1932 1861 1885 1945 1782 1781 1962 1796 1943 1933 1856 1821 1913
312 368 288 2137 365 2178 2155 605 2157 525 2204 2219 471 378 2070 116 2227 2245 2179 114
1038 1115 994 1234 1301 1048 1057 848 1002 1119 823 1229 944 976 871 1284 847 1012 1116 1043
1001 1084 949 812 1206 1184 1055 1099 940 817 1193 1236 1131 816 843 848 1234 729 1123 747
862 965 972 1030 870 998 1202 1130 782 1014 899 729 1082 758 995 735 1074 813 1140 1003
924 1163 952 833 959 977 1157 939 1139 827 1305 927 903 826 971 1094 943 916 944 984
1877 1940 1901 1949 1917 1708 1834 1846 1952 1802 1907 2007 1876 2013 1822 1939 1897 1721 1921 1974
766 855 1034 995 947 492 814 1191 511 590 948 792 1127 797 1108 939 1117 696 972 992
371 682 612 505 2239 763 317 2186 569 2252 2150 373 2206 618 771 2128 2233 559 782 340
152 2133 2130 2176 323 137 2248 210 191 352 421 276 234 188 2080 2154 2167 2198 217 270
1830 1901 1927 1742 1915 1959 1907 1810 1746 1823 1885 1976 1926 1745 1929 1756 1720 1709 1833 1862
888 1130 1283 919 912 904 817 1187 1279 1152 1043 1098 1161 1122 1060 1158 959 963 1078 1136
95 159 119 325 2121 2247 2149 2146 90 205 2252 76 2046 2193 204 101 2215 41 33 221
1005 1079 1044 1034 1230 1217 825 730 994 1194 1108 1035 1207 1056 1046 1212 1091 868 854 1178
814 859 998 755 927 1175 1040 1028 971 757 1045 1114 1020 834 784 835 930 751 714 941
1013 1081 1042 968 1239 1135 1111 1128 954 866 1178 806 835 1059 1061 957 810 1054 953 1209
1259 1443 1433 1514 1404 1369 1393 1294 1360 1401 1310 1394 1266 1342 1534 1196 1400 1350 1307 1531
94 2039 2251 163 2024 218 2060 152 253 2188 2070 2141 2097 242 183 233 104 2105 2155 2190
1797 1864 1734 1854 1763 1715 1770 1869 1961 1771 1723 1843 1802 1784 1893 1826 1862 1898 1910 1821
380 2170 2158 117 515 74 519 494 242 327 506 2193 13 238 664 2254 663 104 361 212
58 2088 2106 205 104 2070 296 312 2120 2089 2117 2045 2123 201 111 245 352 2175 269 302
1717 1851 1788 1872 1916 1753 1924 1931 1893 1878 1714 1884 1918 1852 1838 1819 1860 1837 1855 1754
1074 1212 972 1090 1068 1386 1249 1241 1035 1223 1015 973 1023 1180 1275 947 1214 1089 1128 1030
369 2181 259 245 33 2199 409 2055 2243 2058 551 2192 2239 583 310 2211 347 676 2113 344
1875 1950 1951 1832 1942 1994 1882 1965 1876 1945 1733 1861 1893 1964 1937 1879 1704 1899 1843 1958
2126 2204 531 132 146 62 2262 250 263 291 145 408 542 181 2146 198 91 178 2194 2053
669 763 503 555 629 693 809 683 715 702 740 776 477 673 575 603 542 765 589 583
121 2143 2251 8 408 217 392 115 160 2083 307 2226 2076 2161 253 1 2072 154 421 2227
2185 2237 217 349 27 549 514 232 2052 257 384 2232 383 31 2144 540 2059 222 66 272
844 898 973 739 916 802 905 986 913 854 1116 1026 776 874 1120 1151 928 769 912 1035
173 326 2111 2262 186 139 324 304 320 2133 383 170 33 218 195 386 230 2170 2156 132
208 2220 2078 25 2143 24 241 347 151 114 2094 2128 2126 163 2123 159 522 2223 100 179
2047 2199 295 2020 2246 130 511 2138 2169 2210 2080 215 2061 272 263 22 2004 35 344 72
87 2157 35 394 2254 64 2234 79 268 2057 395 388 124 2191 131 2182 468 116 2212 339
259 2206 211 357 276 271 263 98 2217 371 510 2191 532 112 2190 2123 2132 2230 223 2067
2048 2197 300 2222 508 235 80 288 2057 242 275 217 301 278 2149 540 210 499 2148 287
771 974 882 1027 767 1082 988 1199 862 1102 502 1203 830 877 559 674 848 721 517 588
514 703 572 2182 775 2220 602 744 667 377 531 471 697 480 771 593 682 783 467 721
33 226 18 2246 229 2056 301 121 3 322 2205 10 93 2171 235 135 2087 78 2170 2182
51 2093 120 225 43 2186 255 70 158 79 2198 213 56 2162 55 99 299 218 371 377
2122 2185 29 311 209 302 181 33 2100 2080 499 2114 299 2068 93 2201 234 361 540 2218
2061 2209 155 316 2144 118 86 2066 530 348 353 292 2095 190 194 2094 113 285 2165 2218
41 363 2113 28 2105 2157 477 2183 486 522 377 2053 686 338 2253 2208 458 2205 676 482
586 743 596 362 772 557 476 804 661 697 982 797 587 601 489 850 788 554 768 802
1740 1826 1817 1886 1911 1777 1921 1695 1773 1791 1711 1696 1733 1909 1872 1758 1888 1931 1883 1875
892 1146 1172 959 1295 849 930 1152 879 907 854 967 1112 835 1132 868 1116 857 983 1128
386 403 594 447 539 526 535 429 616 2122 2137 2170 515 378 435 2095 342 321 661 2113
100 174 2219 131 2188 287 292 2102 2103 122 51 2034 2142 2201 2101 326 2152 2049 263 2043
1405 1441 1482 1461 1248 1374 1424 1476 1499 1215 1219 1515 1345 1459 1222 1378 1339 1264 1480 1216
190 2262 244 2201 2116 2219 2073 319 2170 214 126 88 289 307 2255 295 298 183 115 247
962 991 1079 730 1100 795 1057 756 889 814 983 709 734 774 848 818 804 832 1049 1065
79 299 2075 294 2218 166 130 116 2258 2261 45 2240 336 2044 2148 144 2037 2082 119 2124
25 265 189 2079 2223 2086 14 271 2169 2257 2184 318 305 302 70 2259 2195 2035 45 2197
1128 1151 1178 894 910 1129 1200 1187 1097 1165 1320 925 1311 1173 1306 1135 1169 924 1157 1112
722 997 991 1010 747 806 1211 674 511 930 1017 493 486 846 1028 518 774 862 933 823
337 2071 434 164 2184 20 2091 2250 2059 2238 433 444 176 383 12 2259 2224 360 418 2118
370 564 2195 2247 2226 2080 343 49 670 316 2134 2100 717 2222 2155 399 416 680 543 462
92 2171 66 102 543 184 31 530 2154 214 344 200 2156 2179 218 136 16 182 263 2109
199 2059 299 131 255 154 2134 111 5 6 292 136 2254 2237 68 2223 87 2144 2080 2234
1061 1110 1130 1173 1008 1004 992 867 947 1054 1000 851 1311 997 1084 1237 1073 1182 1282 972
1167 1200 1269 1388 887 886 896 1059 1023 1276 1131 1053 1311 1198 1196 959 1186 1272 1223 1386
112 2218 531 2046 2249 2165 511 178 148 180 211 202 303 83 2125 234 114 282 153 2120
2074 2095 208 2075 78 114 2100 2208 327 363 10 353 2137 2097 272 137 77 2088 362 116
1829 1928 1995 1959 1827 1720 1723 1709 1759 1708 1973 1977 1926 1755 1719 1785 1840 1923 1748 1956
1713 1749 1888 1771 1765 1748 1703 1845 1700 1838 1739 1666 1719 1868 1673 1878 1702 1793 1799 1687
365 2234 2068 320 541 116 382 198 2145 2063 2061 378 483 2049 2240 57 122 2221 2146 2090
1023 1221 1394 1389 1033 1095 808 1026 1385 833 1259 1187 1371 1010 1067 1014 1002 1115 846 1075
489 715 745 510 354 590 752 535 754 717 580 578 733 534 481 486 582 970 599 695
1847 1881 1927 1905 1956 1925 1716 1725 1735 1698 1901 1794 1932 1820 1741 1819 1848 1825 1802 1880
533 2225 372 109 2180 348 28 88 272 199 2187 2122 354 225 574 586 2172 594 490 297
5 2158 299 10 79 57 89 116 391 2214 2113 32 473 61 2123 274 2206 2195 235 2162
974 1010 819 1037 841 787 744 1113 879 1002 861 734 1007 1019 761 1049 820 984 1052 812
68 114 2140 2114 255 311 2214 81 249 291 2106 88 2227 103 2037 2110 161 5 2188 18
1013 1087 987 821 1236 806 869 1012 854 1081 1219 1173 1128 1126 1135 1119 1089 953 995 1270
629 645 625 665 598 618 615 423 613 649 415 626 421 450 440 666 655 631 673 437
2134 2209 521 307 2053 239 2048 35 463 32 133 2252 111 2241 368 2045 374 200 2088 387
123 2085 150 19 2167 108 2211 124 2260 2250 292 109 401 2066 269 295 2164 177 2048 275
705 751 789 766 976 987 601 777 765 844 485 774 996 1005 943 811 850 764 668 664
720 771 821 758 701 575 702 528 951 591 571 712 798 562 708 688 553 569 845 550
374 2086 2088 2175 305 2152 244 2102 312 388 220 2210 2215 2119 493 588 414 2144 2254 2258
1019 1100 1006 1184 973 1150 940 1195 1037 967 1105 1024 808 831 1107 1176 855 1001 1124 815
580 590 778 558 371 536 370 537 690 384 747 506 657 363 548 618 531 736 729 660
1799 1898 1934 1965 1782 1890 1880 1715 1843 1770 1980 1941 1889 1726 1829 1954 1755 1842 1883 1756
368 529 2151 2134 600 2235 575 707 2105 2200 507 468 49 578 365 418 384 710 687 525
356 2231 399 294 2163 2126 2039 2049 522 2210 2164 2065 2077 2095 211 368 268 277 548 2061
316 2072 2051 141 6 2172 39 346 131 17 295 55 47 363 418 273 2217 2181 2178 320
1732 1834 1847 1738 1823 1776 1909 1747 1872 1914 1838 1733 1880 1702 1721 1806 1775 1812 1741 1867
1879 1904 1807 1733 1954 1949 1809 1703 1837 1795 1933 1833 1979 1821 1878 1973 1799 1863 1699 1808
1934 1976 1848 1982 1971 1910 1847 1866 1943 2016 1833 1989 1913 1878 1938 1883 1936 1942 1961 1981
113 175 275 274 78 2121 130 252 88 2175 328 2229 138 2051 314 2 178 230 242 2047
80 223 232 64 224 12 201 5 2200 87 2044 157 2186 2088 2231 156 109 199 2258 98
831 883 876 1192 906 974 723 921 714 834 939 990 1197 987 749 1134 803 1021 943 778
2128 2219 2103 307 2057 149 343 311 383 224 282 2197 308 520 77 538 352 293 2089 2097
1790 1867 1891 1900 1842 1923 1918 1729 1873 1778 1853 1938 1789 1870 1710 1807 1930 1934 1920 1792
1215 1352 1198 1193 1464 990 1463 1290 1415 1184 1499 1070 1486 1092 1450 1355 1257 1246 994 945
