697 1390 375 1361 360 453 722 452 1420 1392 719 1349 1532 668 460 1377 374 1531 370 1425
774 1335 254 29 1376 9 779 1375 3 727 1332 767 41 249 824 28 1358 49 0 1343
595 1124 1021 1002 1028 996 1149 1041 1057 1090 1075 1036 598 1029 535 1150 984 1047 976 579
1000 1156 572 577 1191 1058 1186 1209 1017 1080 610 1081 1032 1126 1220 1026 1051 1099 1043 1199
723 1532 323 759 1538 205 1400 735 1387 432 1381 477 230 420 449 212 28 422 462 684
335 736 1542 775 1364 223 708 328 776 1553 757 252 200 1355 208 766 225 1341 1343 743
60 151 820 237 157 123 834 867 832 148 70 1311 812 28 776 52 90 178 174 213
577 618 548 1038 608 521 1113 587 1002 598 1037 579 594 526 1126 518 567 1046 591 599
146 859 866 40 55 900 84 38 121 875 1330 942 877 123 837 170 227 122 1331 76
646 680 454 675 1445 647 1519 1504 624 1501 1541 446 1503 441 1544 1447 1394 1414 428 413
992 1055 1123 991 1097 1103 560 997 977 1128 1217 1203 1177 1056 1111 590 969 998 603 1144
9 746 58 783 719 807 1340 43 1550 1338 1376 785 266 41 301 773 157 778 48 38
9 720 249 360 707 241 180 259 747 1403 39 1533 1354 262 342 1359 732 4 308 332
218 822 253 305 810 1339 35 166 845 307 15 304 1333 815 1358 834 216 1352 783 290
577 619 1042 563 1059 555 1021 1018 606 1063 1004 548 611 580 535 1110 594 583 560 541
453 672 420 475 1514 1449 476 460 1424 676 645 408 445 451 1397 1536 1419 694 1392 482
1482 1510 1457 1490 1513 1496 485 471 1492 1487 646 659 656 1465 1445 648 1426 1522 1422 1453
459 1429 434 399 656 401 1412 1457 680 1522 670 1509 450 440 373 393 456 475 385 704
45 1320 42 198 838 746 53 837 787 1350 168 804 233 1333 18 763 232 858 255 835
230 302 243 43 1553 759 205 315 791 775 763 214 737 725 734 738 1548 269 1382 24
420 691 1539 1395 1410 1536 1428 1521 443 393 1518 1444 658 1416 453 445 659 428 673 1429
176 1355 779 1537 179 231 307 303 13 728 1399 832 228 789 1336 1372 1309 217 1369 723
776 1340 736 1546 806 20 164 227 244 51 1339 1361 200 186 1325 232 260 1364 835 39
975 1173 1167 994 965 1018 987 1137 958 1204 988 1172 1217 1186 1134 1228 1176 1000 1199 962
967 1187 1133 953 1224 1180 1154 956 993 1156 1005 1159 1135 1136 985 1151 1137 1195 1131 1148
407 1395 361 430 336 437 1428 410 1438 346 706 691 682 1549 1392 350 1417 427 1519 402
462 693 1381 1428 686 396 697 1409 448 1371 1546 672 1421 1398 694 471 491 497 665 1420
661 1510 687 688 1482 1438 1487 1408 458 1528 451 440 469 1418 691 485 685 1467 1525 1476
690 1375 1542 302 1347 1435 1536 1402 1530 1351 1526 406 1443 1540 1527 387 327 448 7 1427
970 1172 951 1010 1195 981 987 952 1134 1200 1209 1176 964 955 953 1181 1186 1187 1006 968
833 847 146 808 54 175 195 154 798 874 794 828 188 928 809 32 926 935 858 855
1 779 750 251 809 310 206 240 802 796 807 287 812 16 48 315 283 1325 808 753
284 330 712 1544 760 263 266 724 232 261 806 298 730 1350 312 747 721 710 303 254
348 1381 356 385 341 403 319 302 706 1552 313 402 745 740 1344 757 1526 731 1337 1358
455 1432 1416 396 657 1437 451 1458 1452 1518 1514 1456 1543 393 415 656 434 391 660 407
590 995 540 579 1205 1027 599 575 1155 1108 1224 1134 994 1066 556 1203 975 1169 1002 1071
149 940 882 868 204 67 202 53 939 932 72 1319 867 960 865 191 54 189 838 963
209 264 306 317 184 1362 224 759 213 7 1349 792 145 274 1343 185 1539 242 834 823
688 1420 1431 369 366 1423 1449 1542 1372 1378 437 477 1515 674 1432 417 1388 1544 656 710
614 1033 1079 546 623 1093 539 506 534 542 1123 523 602 1113 601 554 987 525 1129 592
220 266 764 269 741 1354 13 715 306 1367 29 22 816 312 195 213 252 774 58 271
994 1041 1048 579 1153 607 1197 1049 1171 1201 1100 1081 553 1202 979 1094 1212 508 1039 584
474 515 575 1400 458 1520 531 1051 1031 453 1507 535 1084 1513 1502 1066 1052 690 398 518
1160 1182 1214 975 944 972 1130 966 986 1184 965 964 984 1006 1135 953 994 1131 1183 967
1132 1156 962 954 975 1043 1064 1040 1137 1189 1115 1003 1030 1152 1148 1066 1041 964 953 1053
1073 1126 1029 1038 1070 629 539 1113 1061 1023 500 1123 601 588 1025 548 1157 1097 1105 1134
386 464 490 504 1429 1536 703 652 1459 1519 654 1518 665 477 511 499 1410 1436 1402 1372
559 1031 483 1126 597 1060 1046 1100 507 547 1033 995 571 1040 508 629 495 1085 1079 605
224 307 795 784 1362 28 1547 347 763 1358 1348 265 782 232 1342 201 776 219 1368 1345
473 1439 1503 531 1409 496 1490 425 478 1399 488 501 436 475 529 511 484 1479 1463 1530
963 1198 1135 1150 986 1191 1227 1248 1245 995 1181 992 940 1184 989 1003 1216 1217 946 956
793 1550 255 771 1543 373 751 354 44 260 1407 33 746 305 304 735 1405 1366 1399 708
1112 1127 552 1078 541 613 556 516 581 1102 1000 1145 1014 618 1088 1004 983 589 1142 988
1008 1110 608 1040 617 584 1063 579 981 1090 562 569 1124 577 1222 620 1074 1206 1004 1082
215 772 737 751 254 11 799 314 30 720 731 250 157 335 301 44 342 198 324 776
6 212 819 783 151 201 217 835 740 280 1317 215 49 234 725 292 174 44 8 156
985 1043 1089 620 573 1116 555 509 1216 498 1203 1220 1076 1125 1128 1006 998 531 1136 1014
178 829 157 794 1282 15 6 152 850 815 824 191 214 59 50 27 54 193 51 1303
574 1052 577 1023 553 998 607 606 569 999 534 984 521 571 1036 562 589 512 1056 1081
290 771 336 1543 9 217 351 2 23 25 785 775 780 1349 1359 274 309 264 233 216
1357 1545 1413 795 310 202 688 761 271 759 798 684 279 235 347 1324 715 1341 252 756
1125 1155 1156 1094 1134 1055 1184 1144 1077 1017 1063 1108 1091 1011 1062 616 1179 984 593 1085
217 293 246 225 335 1370 3 1380 1367 726 299 767 222 803 792 811 285 804 715 158
14 793 54 1366 207 182 724 1546 815 1319 754 825 28 723 257 208 819 726 184 771
1372 1413 712 316 1453 1384 336 338 447 1436 6 450 277 678 1337 644 1426 1431 1452 302
1280 1299 1316 1294 1311 1290 1268 1308 1297 171 180 1263 1254 162 1329 155 182 1323 1266 1318
262 1363 1348 1339 763 711 1358 187 238 1398 1337 308 260 1325 1540 347 282 8 778 334
63 77 227 40 767 763 113 41 230 49 84 103 223 143 759 106 757 99 125 917
141 857 153 60 160 97 49 892 84 149 78 903 825 840 36 853 41 884 927 909
866 928 835 897 153 911 849 869 857 914 892 152 57 945 62 132 145 54 908 155
252 315 290 5 29 270 753 0 241 321 307 28 765 264 39 1546 304 1353 1361 794
260 730 742 1349 1372 784 315 213 353 229 1379 12 1396 290 234 1376 24 796 709 345
163 171 213 1330 2 858 159 1279 59 26 839 1323 933 855 1341 57 1306 170 1322 1349
554 1076 1085 509 614 500 1005 581 1047 607 1100 1058 587 1061 1109 574 1107 496 1074 594
958 1165 1143 940 947 1131 988 952 1209 1206 1134 1148 1195 1216 1129 941 1156 853 1223 882
1375 1412 686 724 287 1416 266 1351 1409 712 463 1520 476 12 430 699 439 661 454 8
1222 1248 1256 1253 1208 1278 1292 1014 1246 1237 1205 968 1285 1281 1184 997 1268 1277 967 1284
857 891 838 907 925 889 931 837 870 148 953 868 927 895 175 167 947 906 958 832
467 663 415 448 1388 1401 411 504 1429 1463 1432 433 1519 384 1420 1461 653 1395 1458 684
13 748 742 186 1333 749 1332 1551 162 1543 307 1367 275 183 773 29 19 1328 227 759
716 1422 665 296 649 1377 1532 648 1390 464 402 1388 400 279 414 725 466 1535 678 1380
537 1112 1026 556 474 501 489 1089 571 507 1082 1104 1107 1009 1101 564 531 1004 1021 502
695 1435 1468 1534 1379 404 1376 482 692 1489 666 1422 1375 457 378 1547 467 1516 1412 466
257 290 783 727 1548 730 217 1360 225 1369 797 1544 800 329 209 302 779 1345 343 342
691 1552 743 349 278 1412 388 9 371 252 1404 246 448 285 746 333 1535 208 1379 308
202 763 211 335 791 223 735 849 270 1311 230 730 294 4 257 743 163 768 47 739
537 1045 1072 574 1093 1028 496 571 984 556 529 567 992 1115 516 621 1023 484 598 1111
406 1432 1383 1488 662 1441 416 1454 1393 451 481 1408 1436 1388 1381 1514 449 1425 1442 459
316 1340 744 1365 718 361 270 833 795 154 1314 271 720 823 160 1539 336 319 762 812
255 332 1360 1382 304 723 243 265 312 339 351 210 1342 272 1336 1377 755 231 248 758
835 1340 867 1339 239 141 330 151 144 729 328 187 1311 246 341 802 31 1335 1327 179
340 707 1374 1423 1351 756 1420 366 396 367 378 1548 262 736 1350 279 399 327 303 1358
173 1280 19 1353 177 1303 181 825 1261 154 1324 835 200 1298 161 857 172 850 17 148
537 595 1100 1090 1071 1038 1061 559 572 1013 1106 603 484 479 499 518 507 1097 1077 609
583 626 528 1036 1098 622 1020 1041 604 552 1057 1014 992 1088 584 1017 1047 614 1007 567
681 1519 643 1424 1453 387 461 660 1444 1394 1393 1478 654 1539 1545 669 1482 1414 642 1404
26 737 1314 2 367 288 9 40 1347 1313 715 292 159 1338 164 0 729 1325 1364 811
879 897 856 883 929 945 865 855 918 959 946 873 911 905 928 900 956 878 880 933
991 1136 1120 1066 1185 1046 1002 1143 1225 1163 1166 1217 1006 1176 973 1199 1037 972 1023 1172
683 1434 697 1449 1515 653 1491 1474 705 410 1432 1437 706 1524 1464 1466 438 667 1452 707
229 295 244 1336 1337 210 754 1362 1360 773 53 251 1378 735 338 279 314 806 6 62
590 989 1124 561 556 551 546 1187 588 1206 986 1006 1065 1138 1143 541 613 1070 554 1035
44 830 794 66 233 250 857 235 237 152 171 160 791 32 759 200 843 802 7 836
1206 1256 1187 990 1014 977 1224 968 951 1241 1174 1278 1008 970 1281 1183 1272 991 1175 1205
23 243 323 196 737 831 784 1348 272 1544 18 335 4 275 742 193 291 229 34 215
464 1430 454 1457 441 1540 1404 1427 1423 458 654 1447 1539 427 1407 418 1387 392 674 484
99 131 919 126 95 917 86 911 139 47 45 148 132 63 94 913 46 96 52 135
155 1313 851 1285 10 1330 814 57 1 140 855 1296 19 823 196 927 870 197 177 1309
725 734 1396 338 350 1356 1541 1335 1338 34 763 359 1386 1375 211 325 5 1347 273 751
287 348 1334 222 710 1398 1354 1537 294 726 218 1382 777 342 1397 718 771 234 1389 360
59 161 810 185 177 753 770 1333 1347 843 1340 800 169 776 64 18 132 72 224 924
391 458 1387 435 488 378 393 412 1546 484 1401 443 1372 1439 364 1371 439 1442 687 668
784 822 49 766 230 855 10 849 1334 140 223 304 265 13 294 43 317 186 172 138
1192 1223 1174 1265 1177 1233 1219 994 993 1011 1229 1000 958 1257 1195 980 1232 952 1228 1260
388 1530 1517 1415 1391 675 382 365 433 383 462 386 406 1414 463 656 1544 438 363 1379
36 251 9 51 767 1316 790 1334 323 850 151 851 764 181 185 1351 1328 319 205 758
644 1480 1519 664 689 1449 671 1427 1499 648 1506 1491 628 665 1410 480 669 1481 1530 1405
683 1520 682 1410 658 1414 695 1516 1374 1532 413 673 381 435 661 1437 1545 392 1469 670
858 911 883 103 46 882 947 165 84 45 886 44 959 106 897 47 160 924 940 51
682 1418 1371 1423 712 1449 366 448 1400 1527 1411 444 464 421 1388 453 412 418 404 1535
365 1546 300 320 754 408 745 208 744 281 239 736 788 742 772 789 7 27 725 1363
950 970 1146 968 1008 1124 864 863 995 935 939 1170 1223 1002 978 957 869 937 854 1150
187 844 1353 749 49 1362 856 747 51 927 17 50 813 60 45 743 1364 1305 174 164
669 1451 1384 1409 1512 659 1428 437 1503 443 476 477 1406 680 694 421 1511 695 1445 457
138 925 150 909 96 100 857 860 852 66 897 907 819 885 838 110 108 89 103 943
300 1553 723 235 1349 225 808 713 372 1405 1549 789 254 732 381 379 362 337 315 1406
155 1308 203 49 194 844 1307 56 63 1314 58 216 32 47 1323 818 864 855 861 1288
203 1355 1322 1338 241 0 213 33 222 316 261 727 357 9 235 374 53 752 216 355
425 667 417 682 439 1512 1455 1381 1530 408 473 458 445 459 1383 1380 1438 471 1535 1542
15 781 300 1326 33 248 777 310 1352 47 36 1551 210 196 271 758 721 822 166 277
211 767 819 719 1328 18 721 798 720 172 34 766 186 30 40 24 305 1358 205 237
1296 1310 1322 149 1309 164 200 1343 1271 160 1288 1275 191 157 1274 152 1273 199 159 171
548 1027 587 599 989 546 1093 575 605 1071 579 480 1021 1104 500 525 1042 1070 576 1033
417 1393 384 436 723 1370 365 434 1397 1391 375 350 387 1432 406 1533 682 356 396 443
1439 1486 676 1425 433 697 645 406 1502 413 1420 1438 664 489 1417 1497 1512 1441 686 1467
115 914 67 930 936 120 102 94 135 86 140 929 864 940 928 111 871 869 861 128
407 1392 711 1531 1413 692 1375 694 705 656 371 400 1363 484 409 696 419 672 1378 1426
157 933 835 63 864 1298 909 897 1300 752 183 929 29 860 11 1316 902 1337 859 885
513 554 563 479 538 478 587 1069 560 620 604 505 1114 617 1016 499 586 488 613 530
1 1553 305 772 1547 269 1369 752 1536 201 1335 1539 735 1379 303 726 361 1337 206 318
57 829 818 929 154 185 1342 67 779 226 167 120 863 1326 194 75 182 215 165 27
222 260 747 315 1340 39 44 752 1348 1540 782 36 758 9 215 726 1361 785 218 756
245 797 39 808 1347 815 767 232 818 5 47 236 776 51 304 15 307 35 840 36
678 1546 441 767 1337 804 1403 734 449 308 766 1539 472 1374 270 293 206 447 408 701
442 1438 1431 416 472 448 1405 406 1512 1502 1526 410 672 411 687 447 1419 444 1434 1467
380 716 392 378 1384 317 1540 347 694 297 299 726 315 689 255 370 1532 1387 407 1355
1016 1048 985 1208 1018 609 573 1011 1110 616 1134 1064 1050 549 990 516 578 1220 1112 1143
433 1427 434 1384 410 418 1465 380 1457 474 689 382 1399 1456 700 1451 1376 1389 1537 1438
42 184 827 780 231 846 242 739 146 1350 229 226 139 39 786 1328 1294 819 847 201
820 836 146 143 1328 862 167 842 30 201 938 45 43 206 838 859 139 852 55 226
