302 935 980 972 333 1577 271 1569 1562 314 328 276 893 940 884 949 958 1542 936 369
23 1350 698 1238 69 581 664 735 699 736 734 647 1353 593 712 1287 1309 645 1259 1295
977 1581 964 1574 314 405 1006 973 246 255 922 243 1011 1553 394 1034 404 912 924 1037
212 235 201 891 864 200 257 850 221 188 925 1501 267 858 234 900 820 822 823 258
1663 1911 1797 1790 1679 1641 1887 1681 1898 1770 1823 1777 1785 1816 1627 1818 1767 1664 1776 1912
483 1675 1199 1126 1104 1118 1147 520 432 1168 1789 1693 1157 1197 1688 1623 1131 1780 1154 1636
979 1583 931 1061 1055 337 319 967 263 376 1005 1064 893 408 1085 922 365 1079 403 956
26 583 629 673 553 647 723 1242 47 1233 672 565 1266 1300 709 43 1237 691 1263 660
720 750 687 1413 3 134 707 761 75 180 771 721 690 697 686 1363 696 1408 1339 45
386 401 1077 1581 1757 439 1045 407 964 986 1016 389 1602 1081 1115 379 1039 404 955 981
495 1670 1123 1227 1154 1649 1779 1219 1124 1793 508 1101 1175 1632 541 473 1640 1629 1147 448
604 1214 31 622 609 537 1287 494 619 668 575 1311 596 1224 590 1238 1228 686 485 50
695 734 670 1425 1 1412 103 667 1391 1360 1383 137 1343 757 1390 83 120 1228 1332 64
1411 1446 750 1449 1380 176 127 739 1405 714 1427 1417 145 141 772 92 767 1473 1395 1383
1679 1776 438 501 1697 444 1693 1624 1164 1162 1160 1626 1768 464 1619 475 446 1155 1158 1762
42 647 693 71 725 655 580 66 1369 1381 1265 1325 1336 32 747 603 707 734 62 605
714 1383 1353 1328 1414 1397 1323 1271 1298 1297 1413 730 53 70 1317 113 705 727 763 40
599 1205 667 587 1316 554 32 470 1168 589 1296 516 1261 574 580 1199 1301 467 471 673
472 1114 1095 519 453 1077 1671 461 1075 1085 1182 1177 486 1165 452 509 474 1144 458 454
57 664 1272 631 1350 661 1334 1414 692 1228 1343 1393 43 1229 1252 77 1274 732 1372 1327
306 343 971 954 972 873 1579 1014 1039 952 1028 334 904 983 1009 1596 1585 1011 999 1022
231 848 1535 177 186 920 290 203 923 250 1512 846 862 1493 1540 904 264 911 230 1506
435 1041 1576 1770 1768 1612 1594 429 1168 1015 1003 985 1150 425 448 1774 454 1585 428 986
858 1540 324 320 871 1560 1515 1547 929 334 166 325 841 955 856 908 333 292 1538 308
32 1286 1238 570 1327 689 1283 688 712 596 1265 632 694 690 1236 13 1304 1331 617 593
1558 1579 1034 242 271 924 327 365 1533 1572 346 235 1537 993 240 215 959 1602 1552 1524
422 1030 1136 995 376 1122 981 466 407 381 1089 336 328 411 996 468 1107 434 344 467
914 942 292 944 975 886 391 261 387 297 306 338 1561 969 881 950 1566 350 331 1591
532 1220 629 525 540 542 619 1115 1169 1162 567 1234 597 1241 510 654 579 470 661 633
881 1532 1545 856 1565 1524 1520 329 905 1557 260 293 218 1561 321 291 1576 316 184 171
797 1406 201 91 200 765 779 1395 777 717 74 52 831 1418 111 191 1486 774 1378 1483
111 138 815 1461 715 1394 1410 1397 123 763 696 1454 129 808 1437 149 813 107 160 1406
229 1558 889 1520 241 1538 832 340 847 202 878 830 288 1522 948 248 189 823 908 1544
1280 1312 1319 600 599 584 1227 589 616 1320 40 1344 644 39 48 682 1264 1296 596 567
134 797 755 826 85 1454 142 1471 774 1505 783 186 1379 86 1432 1503 736 90 187 123
411 1061 1007 369 1115 1116 1028 1611 1078 1063 389 357 1046 1606 1766 1073 1106 1088 1760 1009
1167 1217 609 1168 1247 444 1263 540 1143 472 1128 538 492 494 1250 587 1184 1151 1205 521
1216 1245 1292 554 40 569 605 689 546 657 530 615 1191 674 621 581 504 1207 647 628
110 779 1392 698 140 90 1412 788 1391 155 1386 818 112 111 1467 179 1406 75 1453 66
381 982 975 313 1004 978 1583 305 1068 373 1062 329 1580 1012 423 946 307 1021 1074 333
822 1456 149 205 210 1511 144 776 806 1453 810 832 116 796 1489 1482 1409 173 122 1478
341 984 974 340 1572 1025 336 349 933 936 319 895 937 396 335 361 1031 886 1035 954
640 692 613 647 65 723 1214 1211 1200 1357 705 1350 720 1275 693 1206 1339 660 630 1386
503 1221 1247 611 599 591 1772 646 527 456 1666 1257 1243 477 514 607 1189 576 1164 467
109 1385 1411 1365 1378 1448 746 760 1364 1367 709 1400 1454 1398 743 1422 780 686 43 82
321 913 1002 1553 366 303 1011 361 1560 899 1577 351 868 310 240 245 348 859 988 1542
419 1600 1134 1769 1135 1064 1576 399 1142 356 1586 357 381 454 995 393 1001 386 1603 1046
629 1189 1332 549 681 685 1 1226 14 665 467 569 596 664 650 1141 641 1165 1167 61
894 926 938 239 952 1529 1523 885 957 852 1534 928 205 861 249 294 244 208 359 334
428 1109 405 1054 1586 507 1026 467 1138 1618 1098 516 1050 1600 1058 412 404 1021 1000 517
471 1126 1106 1615 1166 412 1160 1139 1775 1172 414 503 1171 534 445 529 1113 516 1097 428
456 1136 519 501 1196 480 1768 1771 1174 1114 535 1169 478 427 1080 1090 487 505 475 1764
226 269 836 192 882 300 202 870 931 901 262 1576 905 287 913 278 275 240 922 1581
461 490 483 1115 1118 1161 1143 1082 1101 1613 1184 422 453 468 1673 462 479 547 496 437
1655 1784 1695 1797 1777 1677 1627 1795 1767 1772 1614 1912 1790 1768 1765 1781 1769 1606 1622 1646
461 1144 1143 521 1764 460 1669 1776 534 1179 1183 476 1135 515 1185 550 439 1092 1168 1773
167 854 221 1557 851 1427 841 1544 264 269 287 258 743 1414 1428 875 231 827 271 883
61 81 111 1375 648 43 735 1357 1436 117 669 658 62 1442 1346 733 1323 646 700 1342
1338 1359 1305 712 34 1389 685 679 709 53 60 711 58 51 74 704 700 1316 1344 719
599 1225 577 500 11 694 1174 1292 1252 1291 637 1222 598 664 689 19 496 1314 1277 498
688 719 1383 1300 127 1297 1412 755 752 640 134 1361 89 673 84 27 4 1290 37 1379
347 373 365 1014 1022 305 1757 926 917 400 1040 1759 1758 1586 359 891 964 940 989 921
172 1502 1440 1536 182 768 146 776 1428 754 1534 837 194 171 1427 1531 861 820 829 160
588 1213 1210 528 525 1306 1197 545 654 663 627 565 581 1252 1271 620 599 497 513 611
1219 1265 32 9 487 558 3 40 708 633 7 1300 571 1314 710 661 1203 608 1208 693
387 1032 330 375 1064 425 1049 378 1068 1597 982 938 1760 369 1008 964 358 997 1023 411
15 695 1227 581 1349 95 603 1312 670 1392 723 589 1266 1342 1215 1354 692 1394 630 588
1595 1619 441 1671 376 406 347 404 416 1040 1020 417 1093 940 1679 1569 426 1760 450 1587
36 690 1266 1298 1390 611 1386 1339 598 637 577 18 1346 583 75 1233 590 575 655 93
506 1676 1168 1222 1131 495 1110 1615 1692 1776 1111 1220 1774 1684 1695 1657 1221 474 466 1641
1225 1261 1184 652 6 647 585 653 521 1202 523 1275 565 693 569 1182 595 678 514 1243
270 832 863 248 232 166 277 845 308 227 1462 242 862 1513 286 788 1511 915 935 1530
1046 1070 401 409 1578 406 1081 998 443 375 1094 425 1095 441 394 1093 1040 997 992 1008
194 824 200 1480 1556 231 778 137 1434 879 1415 178 193 823 812 826 1436 870 862 880
931 1560 940 321 270 936 908 1530 961 349 943 347 883 1563 206 903 274 938 881 204
217 232 270 924 266 873 216 1514 1531 821 898 1566 831 259 890 879 877 1580 896 180
752 1421 1455 86 159 134 142 734 1450 1379 725 136 126 760 146 50 827 151 1467 779
803 1488 849 138 1410 125 842 801 843 824 1512 1454 1464 1527 1409 199 773 764 1403 1413
573 1226 586 600 576 616 1234 599 630 538 1182 1246 623 553 506 42 509 1300 592 543
798 1460 826 1400 1499 1468 1453 1436 193 181 142 120 190 790 173 1416 1459 200 116 176
41 679 1275 1258 658 648 1359 69 699 23 1363 59 603 652 31 1259 1372 1300 1307 1237
1174 1204 1137 533 676 488 537 1194 632 462 451 1165 542 1150 482 546 1188 1181 510 643
362 373 1581 991 394 406 917 344 1757 901 907 421 1060 375 1582 350 422 1029 1068 1602
795 1484 120 769 781 125 1428 823 159 1513 1444 145 1516 1485 850 140 183 802 170 155
45 1338 675 3 575 1284 1295 1317 33 57 638 1340 1294 736 661 48 74 13 11 1334
900 935 966 948 239 254 296 343 1590 907 234 223 351 1532 358 865 1559 1573 237 281
1630 1648 1674 1791 1805 1645 1781 1622 1656 1636 1613 1607 1794 1680 1657 1646 1612 1676 1619 1779
348 1050 1064 1104 324 995 1570 1052 987 372 929 890 387 1586 1005 373 1089 1044 1096 378
267 921 858 357 312 340 303 839 260 280 321 342 211 235 1553 1582 314 888 1559 1533
578 1222 1312 1253 573 1265 686 507 616 605 5 693 528 1272 1296 1274 646 584 1185 1192
393 433 364 455 1580 991 1605 1156 1108 376 983 1065 1037 1017 1048 1142 469 1597 352 1585
132 727 166 1346 130 1463 708 134 1393 28 735 764 131 810 1364 76 701 1394 692 1372
354 389 1027 900 1044 1046 943 1095 430 923 1068 390 896 1038 1089 953 944 906 946 907
795 1498 1465 1521 1494 197 193 1520 146 1439 160 1534 784 201 818 1426 1449 172 1428 766
826 1491 171 169 1505 1427 809 217 816 164 166 155 220 796 227 837 1451 807 856 1504
586 1230 592 649 43 41 1213 631 1228 502 674 546 1220 697 1173 2 570 1301 521 23
17 714 1255 713 1411 667 578 42 1256 52 1405 567 87 1258 4 688 1337 1351 16 1376
862 1567 208 221 328 318 1562 981 267 210 177 305 894 172 352 1586 864 234 209 176
288 948 953 371 998 397 1000 375 866 888 1539 1549 949 847 380 969 387 918 909 376
564 1256 691 567 556 695 35 603 42 1299 528 566 22 1279 648 543 19 29 1274 1239
59 758 672 677 768 103 645 1390 678 152 1422 69 163 133 1444 655 1430 48 757 732
64 1407 131 1439 82 769 66 795 686 1413 698 738 1317 1449 1344 751 148 735 110 1444
288 889 1577 1579 261 958 923 854 871 330 861 911 1572 257 305 970 957 976 228 298
1185 1212 480 1271 646 1214 571 566 477 1144 593 683 1262 628 570 1272 583 1227 1187 1184
572 1275 1298 49 538 1204 609 1210 1292 625 663 677 711 570 608 1257 1206 622 619 555
768 1462 793 755 1450 164 1384 1491 107 751 1482 792 796 149 160 1429 1390 786 1465 1415
303 328 973 307 864 1537 305 978 266 314 1541 861 277 284 870 1566 333 332 875 304
1692 1698 1726 1752 1763 1673 1671 1783 1776 1701 1685 1636 1765 1625 1722 1771 1662 1674 1740 1620
562 1239 595 528 36 1207 627 1236 563 529 1288 705 1173 549 1183 592 1175 38 1253 1292
225 893 906 872 818 344 1520 253 1557 900 819 300 1573 328 1559 817 1543 245 329 835
252 832 1492 1515 242 289 1498 1499 164 863 192 1470 225 921 927 827 149 830 849 236
282 849 271 1547 214 820 1497 892 272 1558 294 288 900 873 935 862 831 262 844 1533
1664 1685 529 1622 502 1615 1668 510 1778 1761 1602 1704 1642 1780 1698 1788 1644 506 1768 1754
628 647 1238 706 1294 703 1243 657 1225 1258 579 1338 1288 617 675 1195 613 701 1360 43
1125 1164 460 439 1667 548 1096 1122 1106 1095 567 1182 447 1771 1170 518 434 1210 539 1163
795 1402 723 1378 1370 1437 829 1406 127 66 102 1430 1471 763 174 774 105 739 192 744
451 1148 507 1106 1142 1767 1183 526 1609 1770 424 1612 1122 1168 425 428 1174 1675 1145 1761
797 1455 1439 1502 1463 150 202 794 793 122 829 154 170 1405 162 802 1425 1482 1442 116
1339 1360 1347 634 17 732 13 642 83 623 1358 55 1368 727 75 7 1326 32 676 1383
521 1206 683 557 589 543 511 596 1131 1149 1264 1240 566 581 654 584 1251 467 1189 1113
1492 1524 272 821 263 799 261 824 1547 819 285 189 232 148 221 172 227 857 1478 192
709 1268 653 12 1273 1301 1213 1221 124 737 1308 1394 659 1232 8 1289 1217 1333 85 1343
547 1248 1235 700 1299 1191 23 1220 491 1207 1236 17 1170 26 506 698 1266 659 1193 537
292 939 1566 954 1547 1595 929 259 1576 1544 968 395 941 862 977 377 319 963 902 979
655 1293 48 1326 1280 697 661 41 1227 15 1284 578 1253 53 1313 59 5 695 682 646
919 1591 279 1592 281 411 903 1751 1095 395 920 895 316 932 257 238 942 963 1084 1048
129 1473 183 1461 91 796 801 169 1417 89 720 754 1376 1462 115 820 181 1388 808 765
143 1398 130 1399 127 1389 1452 777 826 150 759 748 790 735 1378 779 1429 744 1379 1375
485 1113 1675 1104 471 1181 400 530 1081 1187 405 1771 515 1763 448 506 1086 499 435 1087
501 513 1124 1109 1169 523 500 536 555 1235 1168 447 516 450 1112 1203 558 458 1143 1216
974 1010 1567 411 326 334 309 363 1592 951 1563 949 1027 946 948 976 1597 999 403 1067
502 530 1776 1106 1200 496 1665 1671 1135 1109 550 491 1178 1152 470 1771 1192 1118 564 1675
422 437 1754 1601 1774 1154 424 1104 461 373 481 431 1017 485 1767 381 1675 1132 1168 1122
949 1551 1543 342 306 226 1018 916 905 868 842 924 369 849 324 224 1545 311 282 368
801 1431 1464 759 739 126 815 1468 201 98 107 1457 183 1497 153 1410 1416 172 1400 82
28 645 1223 1214 1235 702 572 617 663 703 626 1275 1218 1350 1204 558 1270 8 60 1340
800 1430 201 86 737 1480 127 179 786 1473 121 122 1503 836 770 820 176 813 1395 116
226 847 1564 242 858 1554 1505 1555 205 192 880 1511 828 834 272 901 245 1527 1503 223
733 1426 1431 1397 712 1452 738 1428 704 1358 1328 127 48 1334 1339 52 41 747 1361 99
23 1265 561 582 1220 682 560 48 700 723 573 1343 706 667 621 31 7 1230 620 640
398 992 1592 942 384 941 1044 974 1586 986 1062 1020 1015 1106 1595 1609 946 430 1085 335
197 826 1434 1444 1537 825 865 143 1522 1552 1551 1529 1432 1544 1509 1528 891 1446 813 1477
1533 1550 897 288 898 173 319 842 884 273 236 844 914 183 958 1500 863 868 913 903
368 1027 1035 981 366 942 1598 1037 405 1073 1061 393 1760 350 386 414 1040 931 1003 1089
58 631 114 653 1396 1230 77 1405 621 1310 758 678 608 1225 92 1365 578 685 1329 1238
64 650 1242 1365 602 50 657 617 665 98 1307 689 674 49 750 97 1407 24 1304 72
145 744 1472 101 103 89 1410 7 60 165 1464 41 76 801 1447 763 1436 14 727 1431
15 1251 1341 1286 602 1205 1313 672 1231 610 657 1288 44 743 1289 1291 552 716 539 728
711 1287 1314 1328 732 1404 1298 744 1331 103 1296 11 1357 1403 708 122 1286 38 1257 124
78 1372 69 696 112 57 1385 682 121 1364 739 719 1334 1402 648 673 55 65 703 38
