1088 1170 1089 1074 915 1227 985 938 1177 1056 929 1259 1188 1254 1115 1059 1108 926 956 1032
289 336 325 282 378 295 323 1939 1709 391 1952 359 1727 1688 331 1683 356 280 394 303
151 234 1704 187 1681 46 123 110 96 223 1677 18 10 108 220 157 194 230 145 170
712 882 781 1835 848 671 743 903 855 662 663 917 772 792 691 948 893 729 716 778
355 570 291 528 1750 387 640 1964 1938 1707 1941 1716 632 1682 1748 344 1733 1752 391 1732
1756 1782 1725 1738 1714 1734 1762 1793 1736 1746 563 1754 1719 1813 1766 1760 1787 1758 1800 1743
250 1705 261 1702 1669 329 1657 428 1689 354 211 285 177 1677 409 337 353 298 271 550
1811 1826 699 654 1810 750 1862 700 655 742 1800 1807 726 1774 745 1813 1837 714 731 1830
336 1720 389 1767 583 360 330 1735 1696 265 409 298 546 191 207 1736 331 281 290 529
148 227 1651 263 169 97 152 94 1680 1681 1660 162 1697 1689 242 10 250 267 11 1656
212 267 1925 384 1676 1708 1665 1697 417 1951 196 210 1694 415 200 161 144 1913 1649 405
202 366 228 1746 162 578 547 259 218 405 1951 195 1662 331 151 1956 133 1894 1918 570
1407 1469 1298 1288 1474 1354 1260 1259 1473 1484 1369 1470 1408 1393 1365 1405 1403 1411 1291 1429
1890 1903 337 1875 1974 1931 1889 1905 1871 1925 386 1919 563 1956 580 1736 1880 1733 1864 1954
796 863 588 840 784 637 862 642 891 734 688 673 885 684 660 854 630 659 858 799
11 146 73 225 4 150 253 151 220 5 183 205 1671 196 7 206 125 162 28 1709
978 1180 1233 994 1033 1228 989 1034 979 1247 945 908 1185 914 1255 1004 1175 1212 1065 1236
1903 1976 1910 1733 329 1938 572 378 358 556 1940 352 585 1729 336 1904 325 1961 331 1870
365 1683 561 1697 1703 247 372 70 573 371 245 538 288 1961 530 1925 1918 326 392 75
165 203 22 229 153 50 33 205 277 245 280 85 263 276 73 402 1719 408 1707 272
231 1706 141 1734 192 128 541 1708 1653 159 1682 369 116 536 393 107 1692 167 371 327
1321 1358 1425 1346 1344 1393 1391 1340 1366 1250 1355 1387 1302 1281 1267 1348 1349 1352 1462 1265
772 818 636 844 678 660 627 685 827 880 830 742 833 672 897 853 945 848 809 743
1803 1830 1828 727 1779 1814 1781 1818 1874 1844 745 711 657 1822 1815 759 674 1756 1771 1802
668 740 951 794 677 675 739 873 890 702 799 600 952 931 864 605 624 596 667 851
891 941 688 946 949 1195 697 911 1061 931 663 1095 882 986 873 870 718 912 671 983
1251 1435 1454 1283 1476 1190 1391 1245 1256 1388 1434 1204 1166 1289 1263 1401 1195 1049 1055 1092
363 1748 337 568 1961 331 328 1958 560 333 356 365 1678 544 1963 294 532 1925 1696 581
360 569 419 266 1962 287 1917 599 586 1732 629 1750 1900 403 625 564 1724 324 612 1729
700 860 624 814 756 679 722 840 874 597 719 888 725 581 867 589 748 859 741 864
622 867 847 650 630 775 767 745 641 844 810 890 632 748 821 648 571 566 657 798
661 694 945 924 617 793 669 880 881 876 858 868 887 1881 814 605 1831 755 764 872
604 1898 1739 677 645 828 1957 643 626 857 662 1912 1893 555 588 673 346 565 666 579
1381 1444 1295 1341 1397 1412 1298 1457 1258 1476 1309 1342 1464 1380 1283 1407 1368 1431 1402 1420
676 785 738 665 722 799 660 761 829 873 618 614 856 814 1880 658 634 760 871 795
1116 1192 1091 930 1100 1159 1052 1164 949 1143 1048 1005 927 1219 1093 1136 1134 939 969 1147
1298 1318 1362 1461 1395 1437 1447 1381 1302 1327 1267 1364 1382 1266 1282 1375 1275 1402 1367 1374
971 1039 1059 1173 956 1063 1181 1025 1060 922 932 1080 924 1014 1071 927 1215 1013 1072 1158
87 124 1676 139 153 178 1662 77 190 1673 269 135 241 104 173 123 63 243 188 57
1254 1270 1290 1447 1089 1387 1374 1389 1352 1239 1247 1194 1246 1353 1175 1241 1237 1296 1226 1183
405 1725 1773 445 546 343 396 1726 1713 464 338 1909 527 537 361 327 570 407 420 1688
550 1713 435 592 389 289 190 423 384 326 548 420 372 341 1673 201 340 582 345 1692
735 1836 733 674 768 1878 695 757 942 702 722 941 928 1860 774 1871 1855 916 1875 953
1072 1210 994 1265 1215 1076 1205 945 924 917 1227 916 1214 1270 1073 961 997 1269 983 1032
1263 1422 1218 1200 1241 1291 1231 1245 1441 1429 1243 1280 1409 1397 1450 1413 1271 1410 1360 1400
190 392 284 1654 275 557 166 269 408 366 1715 561 367 267 522 1961 391 1899 1706 1688
36 151 186 246 6 57 226 111 1680 217 1709 38 162 238 1688 65 205 177 270 194
1886 1898 1933 1743 1719 1864 605 597 377 568 1853 382 1862 1918 390 1880 1909 587 395 346
1485 1491 1576 1501 1547 1455 1548 1518 1498 1524 1476 1467 1549 1477 1546 1535 1557 1639 1587 1580
722 876 669 806 902 875 932 716 621 607 647 614 739 1838 751 1829 861 896 808 883
1750 1804 1769 1828 585 1782 1739 1776 1833 556 1721 1738 1795 1713 1832 586 1825 1728 1735 1761
1475 1557 1646 1442 1377 1495 1395 1520 1538 1640 1549 1582 1537 1460 1492 1650 1443 1440 1382 1399
606 776 596 791 676 691 853 743 803 892 644 886 808 637 781 602 558 639 827 648
425 505 476 1690 554 468 488 495 418 552 515 441 537 394 1695 486 408 444 548 392
1772 1784 1724 1764 1802 1795 1760 1766 1799 1750 1725 1734 1759 1768 1737 1739 1731 1770 1773 1727
32 49 116 117 97 123 85 173 132 158 21 67 56 171 58 10 101 42 162 16
683 785 655 729 644 634 867 798 874 799 820 711 703 727 698 672 749 810 710 775
389 540 207 433 200 260 1936 391 344 513 1963 1685 1903 355 538 550 393 1707 520 270
1509 1569 1600 1502 1566 1475 1585 1558 1648 1578 1597 1480 1471 1479 1645 1497 1548 1473 1499 1639
30 53 169 8 83 94 76 103 70 104 64 67 115 68 170 117 12 31 167 74
345 1947 1734 1915 1739 1747 1958 282 560 385 277 1952 252 1902 1688 1698 1687 1935 590 1746
614 663 754 793 774 794 869 607 602 878 889 873 790 569 595 788 561 587 803 655
1810 1840 724 1774 1855 1844 725 1847 1877 720 1831 1871 653 1845 656 1875 1807 727 1805 1770
352 573 1955 383 296 609 392 353 202 1943 290 594 641 1724 387 288 591 547 377 342
651 770 594 777 611 731 944 610 950 650 786 898 719 822 877 785 726 721 897 718
989 1021 1038 952 983 1076 1197 1151 974 1058 1154 1138 1040 1202 1112 1167 959 1075 1178 1007
198 256 126 134 296 204 147 1713 347 123 303 1681 156 1680 1711 196 1693 137 1652 181
1306 1384 1475 1309 1472 1381 1435 1323 1407 1301 1315 1450 1328 1373 1386 1270 1458 1364 1267 1354
798 865 745 611 843 766 578 627 784 648 693 813 764 638 661 673 725 872 880 596
223 259 378 201 1675 297 281 183 363 160 165 119 1714 1681 294 157 1673 291 384 1648
98 163 81 138 85 273 106 48 96 17 127 93 79 15 66 1709 62 1676 151 167
535 1737 394 1753 543 455 590 338 1754 462 469 362 592 538 502 412 1724 400 336 1705
280 1923 335 1684 169 370 167 1915 182 1703 1893 378 251 175 304 170 342 331 284 291
1597 1610 1581 1655 1584 1575 1636 1616 1599 1623 1601 1594 1587 1626 1641 1571 1654 1620 1606 1576
1719 1907 387 239 372 1936 539 1737 1727 321 1926 1761 1706 402 582 1891 258 1929 549 341
241 1665 1690 1616 242 243 128 272 95 133 253 112 266 1652 1618 212 201 271 67 75
368 1904 354 367 1903 1963 286 242 330 1732 1726 1928 372 567 1729 376 535 1879 382 297
277 340 1901 354 1724 195 395 386 347 253 392 241 309 1928 1686 197 166 327 550 168
1487 1568 1508 1510 1513 1519 1541 1532 1591 1535 1574 1496 1567 1645 1512 1566 1492 1584 1528 1579
1052 1102 923 1197 1115 949 917 1071 1029 1243 1104 985 998 959 1120 1065 954 1030 1121 1251
1343 1382 1445 1357 1459 1286 1349 1276 1261 1334 1260 1282 1327 1454 1410 1341 1317 1364 1279 1464
429 445 401 408 403 1694 421 456 1709 534 480 465 557 405 473 513 553 479 475 461
87 1679 270 285 181 1713 63 404 30 1645 185 153 172 394 273 1670 137 1649 28 249
1407 1467 1366 1387 1488 1302 1253 1361 1285 1447 1440 1362 1301 1349 1420 1353 1370 1480 1442 1348
250 366 1905 1708 1921 1736 210 390 359 225 1895 127 236 529 387 119 187 347 1746 112
278 1920 1907 254 289 1681 356 1915 324 313 1947 1689 296 1914 1901 1968 172 1963 163 190
1697 1707 140 420 428 370 1674 419 108 1717 280 1730 1656 358 1746 334 1655 391 413 417
1396 1415 1306 1278 1368 1369 1295 1400 1280 1302 1429 1372 1454 1405 1434 1268 1480 1291 1473 1300
1037 1232 1030 1087 963 1269 1253 1026 1236 1221 1083 1108 999 1266 1274 1045 1262 988 1097 1197
1493 1582 1514 1612 1591 1519 1545 1611 1614 1482 1599 1565 1576 1487 1546 1527 1592 1516 1518 1569
410 1680 160 396 170 507 259 454 1714 558 556 278 530 541 371 429 467 522 215 111
205 371 185 1672 161 288 530 184 178 1728 1701 573 1657 226 1897 1726 1893 144 379 1932
997 1077 1022 1060 1154 1188 1044 1063 1228 928 1226 1009 1221 1151 965 1144 944 975 1011 915
1127 1146 1153 1147 1140 1131 1163 1155 1002 1000 1005 1026 1035 1114 1144 1105 1173 1037 1020 1123
1039 1179 1103 1028 986 1222 989 1000 1025 1050 1164 1254 1097 1219 1059 1184 1247 1244 1090 1087
532 556 347 505 584 1699 513 503 388 432 585 468 345 536 514 355 549 565 580 1744
266 1682 70 215 157 1698 325 1719 261 276 1680 236 1945 115 360 386 203 199 412 254
660 707 700 599 611 875 680 748 667 812 1827 694 728 602 704 614 615 867 672 951
580 858 1720 644 1900 348 846 614 1909 1749 762 871 544 739 371 350 1723 532 365 562
594 1888 653 648 1879 580 658 1959 574 1873 629 794 601 617 1906 784 1954 596 347 1971
1545 1638 1547 1686 1605 1567 1645 1575 1505 1527 1609 1602 1525 1500 1511 1561 1677 1673 1681 1613
706 748 681 885 747 680 892 883 669 754 776 915 733 1842 697 698 923 903 654 700
81 148 240 204 1707 267 1708 103 98 215 195 198 1696 1679 203 1684 24 42 121 220
155 1668 178 79 118 171 73 1690 99 26 1635 134 227 81 39 137 273 250 1711 106
1291 1321 1424 1337 1352 1438 1464 1467 1465 1252 1300 1271 1249 1346 1258 1297 1353 1376 1433 1381
734 765 919 892 933 845 642 869 1847 709 779 895 862 886 922 640 694 653 815 790
581 640 646 561 1909 622 1902 808 575 600 1907 629 346 565 665 825 882 356 609 774
1898 1934 1968 302 578 560 554 1945 291 334 295 1955 1737 582 1939 1735 1921 570 393 1923
740 758 650 698 858 905 938 930 874 712 685 1829 676 664 704 850 899 684 884 859
755 861 900 671 616 810 807 726 634 611 759 604 688 748 740 908 885 715 1823 669
769 827 732 751 733 627 689 613 854 883 835 679 941 734 865 696 648 821 653 652
956 1208 992 1084 1087 1103 1073 1110 1053 1088 1114 1254 922 1201 1062 701 917 1182 977 934
293 302 270 357 307 317 1940 1933 281 354 1692 282 330 1698 343 361 1926 1911 262 374
147 1700 233 200 256 84 123 1655 96 98 1669 167 1667 239 1727 169 72 387 363 367
1459 1472 1428 1388 1439 1378 1282 1567 1484 1447 1402 1441 1409 1380 1366 1458 1370 1401 1572 1481
1142 1167 1127 1025 1039 1180 990 987 1028 1133 1242 1009 1096 1051 1016 1222 1166 1086 1221 1245
624 809 631 683 618 817 604 859 625 778 815 800 785 794 873 786 767 620 882 875
326 1913 1900 1703 265 1954 275 264 325 1955 1926 318 340 285 1937 343 1966 355 1882 1727
1057 1240 1101 951 1201 1258 993 941 938 1210 1416 1432 922 1008 1202 1091 1033 1269 996 998
385 574 1702 374 389 528 190 1694 1956 1732 576 349 242 587 1727 260 339 328 628 644
792 878 660 870 609 890 635 807 617 767 775 899 953 764 894 646 612 603 587 600
654 1836 640 642 1827 604 789 700 725 601 752 1819 1841 623 794 862 704 608 687 701
1107 1219 1215 1141 977 1152 1263 1106 1010 1099 1015 1213 1254 983 1159 964 1104 1001 1040 970
677 786 820 829 637 596 719 798 870 795 720 688 693 733 867 788 866 687 758 784
420 449 537 1696 559 549 547 1694 1686 521 507 511 382 544 457 1692 1709 406 384 1708
948 989 721 1171 1205 707 1014 737 1209 710 1055 1033 894 708 975 1004 884 1124 898 1074
756 1839 1863 1829 1820 744 1831 932 1818 884 701 1833 733 933 904 694 758 690 741 1806
347 387 344 399 1895 550 548 189 530 298 1940 1726 249 1902 1719 207 342 1916 1963 1942
1063 1165 1090 910 1027 1079 1104 1049 955 1072 1001 1080 1025 1082 1248 991 1039 988 1059 984
981 1019 1099 950 1065 1051 992 1066 1064 966 1057 923 984 985 1044 1007 1001 969 1153 1187
393 1680 537 1676 397 175 135 284 433 14 281 334 377 252 1949 532 1730 358 198 267
1048 1187 1014 1002 1220 1224 1060 962 1040 1246 1166 1219 1120 952 922 1257 1021 1190 1001 1238
33 120 171 197 1703 115 188 184 56 185 1695 16 201 40 1692 1688 74 60 1659 97
461 545 417 1711 368 486 387 381 463 388 1704 460 472 556 412 522 462 538 1691 416
727 1830 731 711 877 658 662 883 734 1865 1864 865 947 1863 1815 866 929 1833 670 746
1402 1472 1445 1465 1308 1276 1386 1478 1400 1476 1263 1456 1343 1460 1470 1416 1423 1469 1490 1385
752 764 940 777 644 1837 892 817 870 751 913 695 937 915 705 822 1829 874 905 651
600 855 1899 810 674 668 566 656 683 878 612 682 829 839 582 740 797 808 661 818
182 201 189 186 122 188 205 171 154 387 1692 1668 83 10 280 150 165 250 212 396
225 1649 118 140 1617 1607 192 1691 164 1654 1687 141 137 135 1612 115 199 1609 1556 1669
206 1659 271 142 119 398 387 1614 375 1631 1662 1698 1715 186 160 1655 1670 391 131 1709
22 122 181 108 3 1687 14 114 106 221 110 1658 251 132 68 130 257 78 188 191
564 1898 630 356 387 355 535 606 1884 536 636 575 1904 558 1914 1918 1728 1963 1951 1941
183 211 1669 1716 88 261 74 75 174 242 154 1666 69 106 409 134 165 234 1696 1659
450 513 516 547 446 458 494 423 425 527 437 444 543 476 439 493 509 539 550 432
646 811 781 656 643 765 878 662 586 673 774 763 789 690 833 578 621 869 817 761
1818 1831 757 1820 705 1821 1778 1813 730 1804 735 1849 744 749 660 716 1776 1805 1822 663
146 238 1654 75 1660 181 209 162 133 272 117 219 393 1712 129 1702 215 137 1686 229
986 1015 968 1026 1042 1140 1175 1179 987 1100 1092 1143 1115 1111 1019 1012 1144 1008 1166 1093
386 537 543 410 528 333 463 406 444 1723 367 1720 346 271 462 200 1905 1726 545 548
