484 495 660 685 691 479 459 460 497 688 509 692 680 471 513 683 519 518 673 480
81 887 50 905 886 875 860 113 43 150 898 66 110 64 916 852 988 104 928 94
107 163 828 889 188 202 86 848 171 877 168 196 93 865 90 976 903 860 963 895
751 772 810 795 775 761 812 741 793 809 783 813 799 733 817 743 759 739 784 816
746 776 767 805 783 766 818 772 745 812 817 791 754 760 789 803 802 782 734 753
617 657 658 595 628 637 547 676 629 554 632 570 609 557 462 559 661 588 587 469
281 333 298 342 312 338 283 341 300 314 297 332 307 282 337 290 270 249 296 313
16 851 2 43 836 25 825 105 815 858 908 73 822 906 831 844 903 8 67 99
112 927 837 880 931 996 949 836 878 82 95 132 70 958 902 986 973 81 84 71
747 776 763 782 793 752 734 741 735 819 794 724 726 778 739 765 759 730 809 808
108 909 894 984 947 880 149 874 79 914 164 956 970 75 839 928 143 144 971 911
471 520 451 672 457 539 485 529 673 524 452 521 664 480 666 476 463 667 692 502
804 835 825 110 35 843 856 69 43 811 813 796 785 72 859 70 883 821 90 102
68 866 859 858 95 97 846 39 41 45 36 895 110 10 813 69 860 898 105 57
96 987 108 85 107 948 866 101 127 147 859 818 117 74 831 59 947 141 946 861
432 470 529 543 478 535 387 443 461 392 417 522 434 519 490 483 542 676 414 452
570 637 669 560 547 623 600 644 587 545 605 633 595 577 565 550 548 611 660 604
543 666 569 520 659 500 505 463 589 559 466 473 654 540 573 579 530 656 542 486
55 867 877 868 810 65 911 907 926 70 73 14 879 77 101 59 842 915 834 885
156 173 927 137 104 970 136 964 138 125 965 130 934 152 188 979 118 202 986 926
81 858 845 97 65 25 915 19 853 28 932 11 83 912 899 894 74 848 820 68
14 891 71 841 41 913 39 110 885 903 100 64 76 17 884 49 868 43 846 848
132 159 114 193 113 195 929 949 937 123 996 939 990 162 117 198 150 146 988 153
48 874 20 923 838 116 101 98 902 107 859 52 895 843 920 841 860 872 817 899
68 915 834 893 85 822 77 916 28 889 815 883 918 34 66 828 84 75 927 87
726 734 739 742 711 736 749 741 748 755 732 717 723 724 722 710 754 757 738 753
129 950 969 971 928 110 991 938 942 151 966 989 965 982 961 157 958 163 107 127
1 33 8 52 42 842 825 894 915 860 43 852 898 34 36 869 38 41 841 39
191 201 243 225 252 249 189 242 235 208 221 245 212 203 217 209 175 219 214 158
908 928 74 110 100 890 879 41 108 30 25 98 79 59 989 60 972 127 126 118
92 830 797 69 96 935 100 115 821 871 805 991 105 108 42 867 33 994 30 831
550 661 585 537 478 673 581 647 553 532 600 665 622 564 525 465 515 620 514 519
35 889 36 38 917 831 852 872 110 75 827 824 884 76 895 920 844 806 86 33
580 630 566 626 647 656 612 581 599 624 613 553 649 598 623 587 654 653 573 594
90 857 86 82 58 849 83 890 103 838 836 50 848 847 110 990 835 837 869 105
401 428 452 419 390 384 462 442 420 393 405 463 421 431 408 373 407 445 409 391
138 172 934 108 979 162 110 976 113 141 153 160 209 154 125 156 973 196 962 989
67 840 26 64 36 50 838 858 842 93 907 810 13 856 51 854 22 869 859 98
155 959 117 182 942 170 139 103 937 977 968 964 928 164 150 185 180 175 172 108
14 850 79 858 68 874 856 889 834 859 876 888 5 47 882 839 807 902 837 36
522 540 689 507 672 670 541 671 558 560 553 479 678 543 493 477 487 679 551 501
95 994 93 90 69 65 108 170 89 56 931 872 132 142 156 152 843 987 97 135
553 653 617 550 626 620 522 558 526 615 621 663 535 666 646 614 579 660 648 612
103 938 961 873 862 865 965 956 977 91 859 906 883 846 71 959 833 841 960 948
255 329 217 229 307 231 285 340 339 224 248 258 211 218 341 249 344 321 294 280
708 722 696 726 699 720 700 740 693 741 715 734 712 721 742 731 694 737 695 692
81 928 939 38 108 58 860 978 991 875 74 908 154 888 850 857 150 101 904 147
385 408 398 416 448 431 401 427 379 388 381 409 444 449 400 441 428 424 371 373
795 810 828 49 834 63 851 794 830 774 825 36 66 843 50 849 850 777 827 766
17 64 74 89 94 856 71 97 910 33 86 85 13 845 833 65 75 46 81 924
472 507 453 483 696 442 540 463 457 669 678 673 511 484 497 700 697 526 473 508
183 220 196 154 191 247 235 215 189 176 255 172 229 231 150 238 161 257 204 155
38 833 839 917 837 33 794 850 113 876 830 912 916 32 81 4 3 889 46 818
452 469 526 664 424 658 489 544 563 522 507 556 660 438 562 471 428 440 510 456
103 884 863 18 63 55 966 47 845 872 23 914 904 117 885 14 157 119 835 57
81 927 885 992 906 870 109 117 940 986 982 896 55 868 65 912 883 47 836 161
54 84 871 67 816 11 809 85 848 909 839 46 2 44 76 910 902 30 996 64
586 645 554 643 575 577 558 644 652 646 633 632 622 626 665 621 581 574 590 666
811 838 882 819 83 92 91 61 100 795 57 101 81 93 799 55 885 863 823 794
136 165 194 121 205 982 128 991 148 144 975 935 988 177 135 157 140 167 138 207
919 995 156 166 888 66 160 948 107 996 910 86 898 903 41 889 925 879 96 174
272 305 333 243 306 337 264 261 259 331 320 343 270 314 317 307 267 328 239 257
176 209 237 184 188 148 246 234 240 210 233 181 145 120 144 182 158 934 179 183
83 101 865 909 57 908 904 929 906 112 918 72 874 894 914 95 67 89 862 97
70 908 63 854 868 875 107 887 104 895 16 843 92 856 87 859 106 89 847 865
773 811 28 746 808 777 814 757 765 803 63 759 813 836 838 823 770 793 839 804
66 827 855 818 55 781 833 837 28 79 885 91 29 876 835 925 875 17 845 880
17 834 868 69 98 72 875 25 34 813 93 28 50 879 841 804 33 822 873 896
67 102 839 50 58 988 97 937 997 95 114 826 31 156 112 17 845 822 29 867
138 156 989 191 972 143 137 157 938 928 170 985 130 952 141 974 165 142 926 162
147 951 110 943 944 977 984 972 112 131 985 954 970 145 123 930 966 953 173 179
60 830 812 863 83 85 837 97 53 818 896 914 77 838 891 96 108 106 792 59
284 339 303 261 253 294 349 306 301 357 326 254 277 336 337 252 275 330 276 296
27 56 871 900 898 859 840 821 21 24 889 42 78 98 828 841 878 830 818 82
396 431 377 381 435 374 446 403 456 404 408 429 372 406 418 457 400 419 472 444
884 918 893 38 835 836 917 116 62 57 113 911 906 23 880 864 33 24 26 75
585 657 620 652 601 562 596 638 606 664 639 645 626 550 569 575 634 563 467 640
70 823 39 62 47 865 84 802 838 30 875 805 861 928 778 812 845 48 60 801
175 205 232 119 223 140 151 110 111 178 935 121 201 246 161 995 233 190 112 117
90 823 804 818 782 843 819 44 38 89 866 91 797 830 984 21 870 934 783 935
312 351 253 321 310 296 273 269 338 263 366 308 372 339 316 361 337 346 362 302
171 989 200 994 81 141 159 949 145 86 938 151 162 149 922 76 89 937 88 84
577 622 635 553 551 581 657 612 584 666 631 614 602 615 641 634 664 567 652 628
395 414 410 456 411 373 416 432 422 443 446 460 448 388 429 419 405 458 450 442
908 919 64 117 877 55 71 996 29 74 923 73 54 61 30 69 876 76 40 875
106 849 64 12 988 868 884 171 942 883 967 976 98 889 31 153 57 46 984 970
435 469 386 548 529 462 460 433 420 543 502 492 414 436 482 432 486 678 658 484
656 662 480 546 505 502 466 571 594 575 578 454 532 593 599 620 679 609 477 460
26 886 60 867 112 151 858 37 39 59 833 912 818 77 106 814 806 29 21 53
572 664 629 646 489 527 633 504 526 643 537 509 594 624 674 548 606 677 656 616
429 464 475 439 518 485 468 382 558 523 493 465 442 457 527 550 466 392 483 445
87 993 814 128 90 820 911 109 930 828 837 858 43 61 148 133 875 100 874 84
872 904 61 923 78 106 887 23 76 848 833 853 907 37 32 850 27 99 24 888
269 332 241 316 234 287 328 354 318 353 346 311 253 345 262 243 330 320 261 301
71 878 68 103 86 912 883 65 48 85 889 873 51 812 880 906 94 829 919 866
84 991 867 158 891 847 988 142 149 824 855 890 73 94 113 908 160 165 946 91
751 764 791 760 754 742 781 755 747 775 776 758 792 730 745 731 796 761 762 777
158 196 930 232 191 934 977 145 137 926 219 242 247 160 984 134 122 991 194 179
570 622 662 665 647 547 640 580 581 642 669 606 667 578 664 639 612 589 660 659
685 703 674 514 691 498 666 524 501 671 506 708 696 481 715 675 504 522 520 711
135 158 971 109 151 113 966 970 157 117 992 930 165 170 993 943 152 154 106 169
99 849 95 22 928 55 929 834 14 991 106 61 812 114 855 13 41 835 82 885
59 827 879 781 80 891 895 11 838 30 847 89 814 925 79 93 69 100 799 915
80 107 145 943 828 82 83 914 958 886 854 146 946 106 816 160 924 976 78 170
779 814 808 38 22 30 86 37 59 72 36 777 99 790 84 39 821 56 856 853
494 523 548 678 495 511 675 692 509 525 489 488 468 462 473 679 547 453 503 470
177 190 237 144 208 167 113 156 143 175 166 155 186 220 223 153 198 213 180 150
399 430 450 391 469 417 427 451 468 383 377 455 405 453 382 384 460 448 371 420
928 973 148 81 120 69 100 134 947 101 161 73 921 118 75 919 941 940 152 975
34 914 1 89 832 110 29 895 919 6 90 880 878 824 50 28 45 100 845 33
85 835 13 889 934 61 112 990 100 790 932 796 845 878 820 874 65 877 991 931
643 659 584 622 665 483 633 662 491 601 574 543 475 602 554 669 576 592 620 606
917 925 921 929 937 50 938 884 905 887 976 985 894 987 979 118 154 102 57 32
95 825 851 33 783 852 846 864 20 21 849 821 48 992 109 53 108 862 815 107
108 155 138 157 902 905 845 913 987 894 924 863 982 86 996 848 85 989 903 857
402 415 407 455 403 383 381 378 460 374 434 443 425 392 394 371 380 437 459 439
874 890 911 99 109 906 88 90 835 67 47 897 831 9 86 905 82 106 35 829
0 856 882 884 825 86 115 89 74 815 840 843 867 813 44 832 849 10 64 54
297 351 313 308 323 348 300 357 330 345 368 299 316 268 360 365 264 251 367 328
901 925 50 889 111 867 66 913 973 75 977 151 903 907 118 23 917 868 988 974
67 917 15 920 59 898 931 872 30 879 29 38 875 930 895 914 54 104 83 79
5 22 65 848 819 40 3 24 851 906 20 885 67 45 883 832 915 815 9 904
577 651 663 637 649 626 613 594 619 560 650 627 617 620 664 621 556 611 629 616
844 880 8 19 869 36 905 831 908 897 40 24 91 33 84 881 111 31 18 22
212 242 231 236 178 230 254 269 272 206 188 180 179 221 261 210 267 208 182 244
466 513 561 479 464 473 542 472 438 538 436 518 446 425 422 496 523 418 489 525
176 207 239 177 214 121 192 225 252 222 170 253 193 250 190 142 197 156 200 172
197 239 180 231 235 222 179 163 217 244 195 265 199 175 159 243 162 249 202 173
728 737 713 725 755 719 738 731 710 743 753 742 749 740 726 739 751 744 747 759
583 662 678 551 472 602 473 454 471 519 607 463 478 466 591 482 683 526 483 671
642 655 657 671 581 619 662 645 547 624 615 578 646 610 553 591 652 639 594 659
93 822 20 854 794 97 985 868 77 780 869 788 80 859 62 803 807 56 805 836
774 808 836 811 817 780 810 766 835 28 822 32 40 781 30 777 24 797 816 849
9 41 4 850 866 3 882 2 818 858 76 840 811 826 902 883 19 28 73 916
406 414 418 450 445 370 389 369 415 452 439 402 401 421 436 456 404 382 417 433
62 888 17 827 109 880 866 52 64 915 856 83 917 920 819 110 21 43 877 94
84 930 983 937 45 932 991 39 841 956 844 851 173 96 129 944 131 901 926 840
24 73 836 910 0 840 862 929 83 63 42 822 33 102 100 86 816 13 892 812
75 862 65 61 922 842 833 888 899 0 37 907 99 41 73 59 83 53 52 27
659 673 542 544 501 567 466 670 553 653 489 499 641 608 524 559 465 646 564 565
504 532 461 457 680 465 685 688 458 475 528 486 696 690 517 496 667 484 492 548
878 904 866 101 913 853 882 844 74 87 905 923 828 869 18 83 68 922 893 82
918 932 86 48 60 153 968 898 112 36 93 155 977 173 66 987 45 38 966 901
472 519 504 515 672 690 438 669 499 475 666 507 461 453 468 456 532 492 514 460
142 175 203 113 955 956 954 929 980 158 968 958 152 937 174 116 211 157 928 989
248 258 323 233 257 223 219 306 326 211 230 215 249 247 218 267 262 260 282 237
498 511 455 514 461 684 537 527 538 480 509 673 528 507 506 477 501 471 454 525
262 306 272 244 310 297 314 234 265 292 280 338 332 275 279 239 303 237 248 316
256 301 277 212 245 271 283 227 272 237 267 255 241 327 275 304 228 244 336 242
385 433 396 453 442 450 455 378 421 399 373 458 390 368 469 418 401 392 397 377
