268 279 1179 289 1206 636 251 272 1172 261 645 285 1194 264 288 818 1208 1178 1195 646
4 1000 169 542 719 202 1037 590 730 157 29 717 610 74 800 568 1024 77 1023 1019
542 1437 85 1432 93 90 476 992 78 556 77 468 1443 15 543 10 26 1424 81 554
175 192 696 586 756 717 585 594 1379 174 819 1380 1027 593 1008 588 1001 185 1003 176
643 698 272 161 700 196 195 182 172 260 189 650 231 165 573 1204 574 637 269 1166
726 768 195 764 167 170 585 62 6 54 577 23 610 700 574 48 605 727 590 809
1826 1891 1848 1816 1845 1881 1814 1811 1880 1852 1905 1909 1910 1819 1865 1835 1866 1827 1867 1804
1565 2112 2044 2105 2042 2121 2066 1737 2097 1610 2171 1723 2136 2151 2068 1754 1710 1572 2109 1740
158 693 135 159 722 578 686 666 1389 692 629 655 658 707 1397 196 694 630 616 1004
669 709 577 240 738 592 745 659 653 807 621 728 704 220 164 763 665 590 620 724
1719 1742 1581 1699 1761 1744 2134 2080 1751 1760 1733 1724 2130 2120 1729 1731 2048 1707 1593 2092
1580 2063 2160 1617 2092 1566 1616 1589 2123 2042 1609 2114 2127 2096 2069 1604 1586 1632 2106 1626
1768 2027 1752 1959 1944 2100 1935 2009 1968 2026 1936 1785 1762 1930 1767 2016 2095 1949 1962 1755
6 433 24 747 62 452 11 38 794 755 55 3 724 1040 1450 1453 713 803 48 754
100 531 118 527 526 1429 996 482 124 98 126 81 92 93 106 532 538 991 110 534
182 706 566 650 241 596 1027 629 997 713 184 800 741 733 679 754 727 681 725 729
153 616 219 693 200 689 594 204 684 1002 586 664 156 133 728 164 131 205 655 1001
560 1016 69 60 61 438 1031 79 190 74 11 465 1431 441 1022 1021 181 1047 73 554
946 1168 948 1158 1179 1155 1171 1175 927 1163 914 1157 1153 1178 945 1160 634 1166 1162 922
119 965 97 116 130 514 108 515 947 950 964 132 974 147 509 141 124 91 93 1164
597 958 976 165 622 969 218 725 722 977 1172 660 171 603 217 911 615 227 953 658
1050 1060 1056 24 1016 1061 1066 1059 1015 16 61 1029 1031 1064 4 18 11 1017 1053 1037
221 612 1212 606 166 1215 154 730 160 618 991 1260 585 629 1230 227 1217 1279 722 183
270 1186 1199 657 1179 640 263 1188 239 1211 1176 626 1177 643 639 275 1181 659 636 251
139 975 988 154 505 989 1407 1404 512 112 1164 952 133 1145 1158 118 517 978 991 520
1278 1310 1315 1293 1273 1272 628 243 222 223 1294 1258 1276 1299 1296 230 1311 1265 629 231
601 696 642 212 1392 229 154 179 680 221 648 581 163 668 237 609 209 608 665 1401
1734 1746 2056 1616 1748 1723 1591 1705 2078 1713 2083 1610 2140 2063 2070 2096 1773 1585 2041 1770
1925 2010 1807 1916 1802 1977 1936 1806 1980 1931 1998 1779 1972 1930 1784 1999 1770 1800 1968 1794
689 711 758 696 589 620 222 664 189 204 763 150 6 725 144 605 660 210 212 704
235 688 672 1182 167 681 1227 690 240 194 584 633 606 1221 1210 686 574 155 147 616
238 686 1231 703 172 620 621 250 576 624 1271 1206 193 578 182 1212 663 1221 607 217
1578 1734 2081 1617 1628 2116 1728 2034 1717 1599 1584 2052 2043 1737 1557 1583 1711 2154 1700 2080
608 694 250 653 580 726 582 682 675 632 584 198 710 686 1392 648 680 587 167 155
923 1143 982 919 985 958 648 1180 941 938 646 1141 1157 264 1152 961 641 257 959 925
2030 2104 2063 1725 1933 2084 1615 2062 1932 2100 1782 1759 2039 1738 1707 1925 2077 2085 2119 1950
1768 2039 1709 2106 1586 1707 1582 1774 1618 1926 2116 1759 1632 2034 2121 1930 1740 2030 1754 1712
1207 1216 659 1192 1229 1196 236 251 1210 1189 252 670 636 656 647 246 1183 240 660 1215
1817 1899 1802 1833 1905 1845 1886 1841 1834 1889 1808 1820 1908 1844 1806 1878 1809 1821 1911 1885
1735 2061 2151 2081 1752 1716 2085 2115 2048 2099 1730 1741 2134 1736 1739 2077 2063 1620 2066 1722
292 304 817 819 312 800 815 291 314 309 802 318 808 307 287 806 302 286 301 281
1500 1510 1501 2186 2162 1499 2175 366 387 1491 1514 1518 1502 2188 364 1503 374 1528 2177 1493
103 543 470 540 1430 98 990 482 70 76 1436 124 538 1426 476 461 994 1423 1433 95
255 643 697 1170 257 637 934 920 664 942 656 666 268 668 936 631 912 1207 262 1163
966 1160 967 511 502 913 961 1165 927 1159 911 948 139 1161 935 962 920 928 1145 955
634 672 254 199 250 633 608 911 1208 610 670 251 648 702 1217 601 603 1173 1223 667
974 1165 524 115 639 919 523 1178 1148 123 1142 516 953 958 648 667 952 910 912 1163
1766 2021 2089 2094 1804 1769 1784 1923 1953 2088 1974 1980 1747 1939 2010 2013 1947 1764 1955 2093
1588 1601 2064 1569 2041 2101 2098 2096 1590 1627 2176 1612 1723 2059 2135 1591 1718 1717 1625 2137
490 1423 1420 532 76 1408 86 74 90 524 525 469 1427 540 498 79 528 501 539 535
1609 1622 2125 2110 2090 1592 2095 2133 1600 2140 1611 1604 2039 2126 2059 2044 1703 1593 2138 1731
153 684 662 711 994 989 190 602 241 659 1003 1389 710 134 592 1397 672 1392 180 678
241 1179 707 815 706 226 679 1236 260 1231 233 1188 911 234 917 690 1265 279 654 1168
193 753 49 751 50 10 3 1377 179 737 586 600 720 42 754 606 191 815 680 780
268 646 1195 698 276 1175 277 283 674 926 627 630 670 1199 1222 665 1204 261 686 660
1286 1315 1273 1263 1267 223 1278 1308 224 1274 1309 1283 1298 225 1282 1284 1296 1310 1301 221
55 1065 1461 1447 732 32 1010 755 12 744 747 775 1454 1441 410 448 1038 58 743 776
962 1147 1153 984 987 506 1171 143 952 1161 925 1170 1152 914 937 921 938 129 922 130
157 602 719 218 140 178 695 710 724 680 590 136 720 674 689 1389 1005 176 595 686
1943 2008 1807 2000 1772 1933 1996 1978 1809 1786 1808 1976 1980 1799 2025 1970 1766 1985 1935 1801
57 1441 722 436 17 3 1044 70 746 1023 1026 46 756 1047 423 2 447 751 55 444
1728 1752 2131 1701 1707 1748 1596 1743 1598 2063 2050 1644 1768 2042 2053 2134 1638 1587 1784 1609
55 1449 9 49 23 1447 1013 755 1456 7 1453 1451 1050 759 8 740 743 17 1035 780
1725 2092 1705 2158 1620 1765 2072 2082 1604 2148 1631 1710 1594 2050 1581 2029 1590 1578 1791 1701
1803 1932 1809 1919 1819 1924 1982 1816 1818 1796 2016 1799 2027 1783 2015 1913 1822 1939 1797 1981
1585 2076 1613 1707 1717 2112 1735 1571 2087 2158 1713 1728 2174 2098 1566 2033 2123 1588 2137 2034
18 1432 77 441 445 1034 788 471 32 758 46 745 534 75 564 461 447 738 1066 1022
238 1199 646 273 228 1197 1280 253 1184 681 251 677 1181 212 690 633 1219 245 675 704
614 662 726 664 646 156 608 240 190 654 622 577 250 1186 695 160 1184 729 679 651
1551 2185 390 1525 1569 367 1544 1567 368 1496 1553 1520 2151 1577 382 2165 2179 1573 1484 1557
120 131 150 1411 514 996 158 510 983 117 101 133 504 138 143 146 124 112 967 503
553 1001 549 468 179 453 447 1074 189 443 177 24 180 12 606 2 15 7 548 193
648 1218 640 232 228 213 215 1194 231 1230 623 214 1187 1163 956 1265 1261 692 1263 702
1513 1524 2184 1489 2183 2175 1517 2186 1497 374 2170 1506 1529 362 1543 1535 375 1520 373 367
1799 1938 1977 1980 1989 2028 1958 1975 2014 1979 1998 1785 1983 1811 1937 1951 1783 1766 1945 1991
1489 1497 2175 2182 1517 1520 2185 2154 1502 2157 2186 366 2180 2177 1499 388 2171 2145 2153 402
545 1428 1001 530 1436 94 449 90 83 480 1419 558 95 1080 74 535 477 1006 478 553
519 968 496 987 503 146 494 978 143 124 956 511 1154 145 1150 112 106 960 1158 532
1475 2166 1458 2165 388 2076 1490 405 2140 43 376 2073 2146 2181 1508 1453 394 1455 2130 386
1745 1751 2090 2110 1728 1752 2089 2066 1614 2104 1608 1727 2109 2030 1603 2042 2086 2138 2054 1606
506 963 1164 976 491 971 121 502 1147 955 523 132 973 989 522 113 493 513 122 1153
1613 1750 1596 2134 2102 2113 2062 1723 1781 1630 2125 1786 1726 2051 2074 1768 2123 1790 2078 2107
278 1181 263 1187 1200 273 922 260 272 249 1197 1201 1205 1190 283 1193 920 250 921 663
1566 1585 2065 2047 2062 2117 2106 2136 1716 2109 1598 2135 2070 1600 2149 1741 2164 1590 1713 2082
258 277 911 289 910 1167 1170 263 1204 1196 637 633 265 919 1216 914 1192 649 248 271
5 812 1056 1034 718 26 1004 434 436 289 15 74 1013 1021 749 62 69 723 702 286
1713 2052 1641 1611 1583 1714 1709 1585 1623 1586 1600 2065 2139 2075 1743 2041 2031 1759 1744 2088
191 693 146 632 680 711 1005 597 736 751 816 573 586 677 233 699 569 760 753 230
1572 2146 2072 2173 2157 2161 2153 1475 1583 2053 2095 1559 2045 2102 2083 1486 2078 2060 2049 2159
21 1022 57 1452 179 1051 26 754 1001 748 763 0 444 439 8 1441 436 575 1053 427
764 806 743 25 792 59 803 28 18 701 181 287 200 31 199 188 293 756 766 185
1143 1149 1142 971 940 918 937 1148 926 931 929 980 1163 976 1156 916 969 985 933 964
1764 2038 1758 2106 2110 2020 2058 1795 2142 2097 2051 1762 2091 1735 1595 2119 1598 2120 1787 1925
610 697 676 685 670 224 600 645 1392 987 994 1390 226 1006 629 574 989 220 689 715
1751 2114 2091 2120 1557 1734 1584 1737 1574 1611 2035 1746 1727 1590 1728 2128 2119 1586 1612 1725
574 752 743 739 559 64 155 729 162 609 3 696 182 168 39 50 1029 20 179 581
202 819 235 281 805 292 716 708 670 596 290 295 211 189 227 593 191 249 206 220
2065 2103 1583 1584 2115 2162 2134 1623 1761 2034 1613 1783 2124 2120 1779 1711 1562 1706 1736 2050
395 1477 40 408 2171 2166 2165 2152 2147 393 1490 41 383 1473 1467 416 404 410 1488 2167
69 1429 436 452 532 442 1 449 5 1016 1006 541 557 481 26 999 454 469 537 484
1809 1828 1829 2014 1855 1931 1841 1814 1926 1895 1843 1910 1812 1799 1869 1863 1821 1879 1891 2008
10 1032 14 8 427 797 1027 1435 795 0 1037 564 737 1066 67 799 1069 20 562 73
153 580 163 610 608 566 1020 146 1012 695 1406 1000 732 1009 700 202 162 205 589 579
1714 2056 1581 1745 1735 2142 2138 1747 1632 2110 2046 1759 1603 1728 1616 2041 1610 2077 2097 1639
271 1198 262 1183 1176 250 1204 655 915 1206 652 643 1197 238 1219 641 630 657 256 658
1776 1948 1940 2007 2016 1783 1749 2031 2085 1755 2104 1748 2012 1773 2040 1769 1782 1756 1798 2095
110 127 976 101 151 969 994 536 988 501 514 113 977 135 86 109 104 975 121 84
790 798 766 736 182 772 11 743 0 745 754 819 62 802 769 14 186 787 749 757
21 770 1026 809 740 744 28 12 1014 442 431 729 35 797 31 1448 762 1017 1440 755
938 1152 951 916 925 642 953 1142 1160 939 931 637 1176 959 932 956 930 935 1174 937
514 966 974 516 1145 1160 1146 109 1153 530 136 125 118 515 143 111 985 1166 526 496
215 222 1217 228 1288 199 224 1213 667 594 1260 713 604 623 1281 1271 698 238 1287 584
1713 2047 2064 1745 2094 2098 1578 1599 1625 1720 1631 2079 2031 2142 1709 1762 2078 1645 1634 2120
1756 2040 1762 1633 1794 1623 1789 1602 2125 2126 1731 1624 1728 1716 1751 1721 2105 1776 2086 2076
1714 2085 1738 1708 1584 2109 2099 1571 1604 2030 1575 1754 2135 1574 1787 2032 1773 2152 1624 1611
1595 2056 2046 1724 1603 2114 1729 2129 2156 1716 2109 1747 2157 2090 1707 2144 1744 1620 2033 1581
1947 1953 1788 1957 2011 1956 1771 2022 1954 2024 1777 2020 2009 1796 1955 1977 1776 1985 1793 1774
1521 1526 1517 1509 1513 2188 1537 1533 2187 1535 1549 1538 1508 1551 1505 1528 1497 1510 1531 1530
1741 2095 1710 1603 2053 2147 2085 1584 1711 1749 1725 2123 2099 1724 1599 1590 2060 1722 1764 2051
1632 2074 1696 2172 1635 2104 2168 2032 2134 2118 1736 1580 2176 2114 2076 2122 1561 1640 1614 2110
151 677 649 606 982 661 235 713 693 165 135 199 612 242 227 666 602 187 198 647
1886 1916 1814 1845 1799 1803 1871 1827 1926 1867 1912 1881 1862 1854 1810 1838 1842 1877 1901 1840
137 990 599 586 589 500 103 141 994 97 509 531 957 585 135 493 979 1408 607 984
1475 2167 2143 406 1578 1509 2137 1469 381 390 388 402 411 400 2165 1474 1553 414 1456 1508
236 1279 1307 1230 817 617 1286 618 620 1229 223 1308 664 219 665 1270 1207 624 667 1227
1597 2110 2036 2111 2125 1575 2151 1751 2124 1618 2064 2061 2159 2052 1760 1573 1749 2136 1594 1584
2038 2088 1781 1594 2063 2129 1626 1602 2084 2103 1736 1568 1729 2072 1793 1585 2077 2107 2032 1611
15 1063 1042 79 1030 549 1022 1004 756 768 1433 34 428 23 1073 761 1034 1033 738 1071
1411 1416 472 475 1417 122 1406 125 148 473 496 1402 150 1389 131 151 1405 465 1413 1388
149 594 608 670 994 166 213 231 140 602 959 219 712 713 694 988 623 197 203 143
2041 2106 2139 2057 2056 1778 2146 1624 1566 2142 1762 2032 2126 2083 2105 2156 1737 2076 2128 1763
2059 2094 1629 2145 2155 1611 2141 1770 1733 1715 2045 2150 1604 1794 1617 1769 2098 1763 2092 1631
232 1217 217 250 1277 1236 655 688 1186 1253 1198 1243 1210 687 1214 707 1199 1232 230 1265
222 1215 600 205 1214 223 1291 1257 1264 714 643 654 1181 1268 632 650 263 647 1199 1198
1600 1715 2068 2095 1601 2136 2106 1747 1742 2081 2048 2049 2114 1649 1585 1630 1697 2149 1709 2062
766 796 726 721 801 782 807 723 753 724 793 55 770 51 32 184 808 731 741 26
177 592 1020 222 569 700 711 1018 811 665 762 757 1024 224 216 157 188 616 693 231
370 1494 1508 1490 1487 362 359 1514 2167 390 2155 351 392 373 2149 1488 1485 2187 2174 2156
1803 1810 1813 1914 1929 2016 2025 1819 1921 2001 2006 1999 2002 1805 2024 2003 1809 1823 2018 1821
1996 2013 1967 1924 2001 1934 2004 2005 1797 1802 1810 2026 1795 1808 2011 1926 1938 1976 1811 1978
189 196 183 197 739 603 569 1016 687 816 749 755 1377 600 579 580 165 180 1375 588
738 764 6 743 19 198 740 12 24 15 742 59 578 176 580 765 773 180 749 11
233 243 1264 1231 252 202 1209 222 217 661 225 651 1279 626 1216 648 617 593 1268 1193
231 678 226 1234 217 607 583 224 172 1257 630 614 248 633 616 1279 604 1283 1272 591
1573 2177 2181 2162 2100 2079 2138 2110 1481 371 2183 1506 1483 2076 376 1530 2134 1596 1523 1544
244 1233 222 681 1185 704 1272 1195 1196 648 234 1187 240 1192 658 221 241 1205 624 628
1501 2181 2161 2076 1539 1498 1584 2075 2165 1489 1549 2151 373 1500 2154 1516 1497 381 365 1512
1728 2131 2079 1697 2072 1754 2177 1724 1712 1611 1636 2118 2158 1637 1735 2043 2033 1709 1599 1562
1654 1683 1680 1658 1706 1641 1678 1679 1700 1653 1660 1676 1677 1671 1710 1675 1655 1670 1637 1709
12 798 1067 1435 730 1039 551 796 71 791 452 432 1059 58 1433 67 1441 790 736 773
