829 859 826 840 824 881 819 869 802 782 887 806 814 880 816 795 849 784 885 800
2164 2181 556 289 562 194 2258 2191 2132 396 2186 218 2263 217 189 2217 505 284 2147 2378
1062 1119 1093 1103 879 1028 1069 903 898 1124 1048 1090 1110 1086 910 1053 1100 1068 1102 1015
1183 1212 1240 1207 159 1160 1157 1166 1210 1152 1168 1162 164 1220 1225 1171 160 1178 1227 1158
2017 2028 2032 2075 2020 2053 2046 2054 2016 2008 2012 1992 2005 2051 2050 2082 2078 2067 2090 1995
6 41 20 16 2263 75 2381 2235 19 18 2259 34 2220 2234 29 2373 10 2377 2245 1
1020 1129 1187 1042 1155 1052 1043 1125 996 1009 1040 1012 1123 1146 1059 1061 1168 1151 1198 1164
8 2230 257 233 2244 109 2228 261 250 2256 164 221 33 131 2218 139 2224 2379 32 94
1775 1812 1745 1730 1843 1784 1814 1861 1813 1825 1836 1791 1842 1807 1743 1820 1853 1733 1792 1753
1544 1565 1568 1569 1581 1521 1582 1524 1580 1562 1563 1603 1540 1532 1596 1587 1545 1575 1566 1523
1130 1189 1147 1148 1113 1194 1192 1025 1021 1213 1151 1141 1026 1185 1167 1173 1118 1036 1209 1122
412 455 392 424 395 447 2179 2185 477 414 2177 2174 420 459 393 480 417 413 445 410
108 2269 157 2170 2183 141 296 524 2181 2351 293 176 2378 2239 279 2241 2198 284 2363 2354
1685 1711 1680 1661 1659 1709 1686 1642 1732 1700 1703 1656 1671 1717 1694 1727 1724 1708 1691 1733
696 727 729 722 709 714 674 702 741 685 707 669 693 748 775 686 672 703 726 683
2268 2342 624 239 2339 2185 402 79 208 361 2161 2264 213 2214 240 179 2354 618 2364 374
2053 2074 2049 2078 2033 2018 2080 2041 2013 2017 2086 2046 2076 2063 2051 2098 2066 2035 2088 2079
2030 2050 2065 2059 2019 2090 2064 2071 2008 2086 2012 2005 2011 2018 2056 2088 2006 2024 2087 2029
202 250 2370 275 212 313 309 240 191 305 311 2192 2218 187 2207 174 2360 2340 324 291
560 2153 227 2162 315 2184 565 363 369 238 501 391 2163 240 2139 582 500 559 303 353
1718 1727 1747 1689 1700 1733 1770 1736 1705 1730 1734 1728 1745 1694 1716 1748 1757 1753 1744 1725
354 2200 2379 2208 2230 168 2252 276 201 2143 2246 108 375 295 2371 297 2377 2191 158 395
2017 2049 2014 2047 2089 2081 2086 2028 2035 2042 2068 2056 2091 2071 2009 2054 2013 2031 2011 1993
323 346 213 2161 248 2152 2174 367 321 2149 365 2243 2244 344 324 318 2177 372 2186 219
488 515 637 2141 537 473 506 550 2158 2159 601 467 453 556 513 511 2150 472 2162 574
1864 1886 1932 1829 1889 1894 1887 1939 1925 1875 1966 1828 1910 1911 1948 1973 1863 1901 1949 1941
1408 1429 1431 1379 1393 1403 1398 1432 1417 1396 1427 1406 1438 1409 1446 1424 1440 1386 1435 1415
376 2142 2136 382 536 539 2155 389 2364 368 557 533 2125 398 2377 561 2158 541 226 393
908 1101 1033 905 1053 1079 1026 918 1077 1035 888 1094 899 1076 866 1097 892 1038 889 1102
2081 2091 2053 2038 2076 2034 2020 2025 2024 2092 2022 2021 2104 2079 2102 2111 2057 2106 2049 2095
244 2237 35 66 258 179 2177 51 259 2364 32 2361 2142 2332 8 2358 138 129 50 221
2002 2010 2065 1976 2036 1996 2030 2031 2014 2062 1986 1994 2032 2067 2063 1997 1989 1977 1975 1981
1095 1105 1042 1120 1091 1090 914 1050 1029 908 1061 1056 1086 1031 899 1032 1112 1104 1106 1127
311 2146 379 2369 298 2330 218 2184 299 548 221 520 214 2242 566 2359 506 511 362 2374
1 2221 162 338 107 22 2367 341 35 7 291 2383 48 2361 170 2182 15 39 2372 8
1287 1316 1274 1264 1255 1265 1321 1326 1298 1269 1341 1330 1305 1307 1303 1312 1324 1331 1266 1319
298 2257 314 87 222 2162 311 326 247 2351 80 316 44 2176 199 2160 237 324 228 107
494 2168 525 554 2130 2352 2163 391 2375 301 378 237 291 2198 2159 2134 443 360 362 558
2353 2372 212 2352 64 2255 2169 2270 43 2183 357 5 2362 287 246 266 350 388 225 2273
50 2216 64 79 70 226 237 292 2221 73 2237 342 225 2247 259 297 2201 2213 2359 125
169 2256 2265 194 301 2233 61 2193 366 294 256 1227 189 2379 222 2237 2272 1221 377 210
383 2172 2135 464 547 293 533 525 225 2268 2366 2353 343 2180 2380 228 530 490 303 522
333 340 328 301 2167 2214 2206 2238 2159 2228 2142 318 2197 341 2195 2226 2199 2193 240 2175
1946 1988 1970 1872 2012 1909 1965 1866 1895 1997 1915 1929 1991 1870 1884 1972 1903 1960 1985 1987
775 790 771 787 770 795 822 825 837 774 765 815 835 764 728 783 823 809 829 760
1798 1819 1822 1792 1794 1772 1810 1836 1780 1785 1864 1775 1806 1793 1858 1804 1812 1840 1803 1777
1036 1067 1041 916 918 877 1097 1129 1005 1030 1119 1059 1027 1066 1021 900 878 1063 1001 921
161 1217 110 133 1216 2214 128 1168 1241 1204 2215 1238 129 1236 1206 2230 2232 170 2250 114
1375 1397 1402 1423 1390 1421 1430 1408 1351 1365 1367 1419 1412 1374 1426 1359 1352 1396 1382 1369
306 2197 2198 278 309 2273 2245 2361 2215 226 317 202 2373 396 2379 2212 266 2251 2165 417
367 2214 2343 2342 220 76 2273 2209 44 380 272 2154 2248 2269 2175 263 2223 2359 2143 342
361 2211 78 2264 297 2268 2201 2181 210 154 296 176 38 2232 203 2357 2203 2378 382 2240
2221 2243 313 2206 138 279 136 219 298 82 2361 89 2190 2357 2381 90 196 126 175 273
2179 2339 2252 2208 300 427 525 2203 2142 268 2152 2195 2273 360 303 218 289 376 614 233
24 42 2367 2250 81 2206 41 2261 28 2256 21 2267 2212 2376 1 31 17 2229 61 2375
1912 1941 1949 1864 1872 1879 1869 1938 1982 1994 1876 1983 1976 1990 1881 1979 1893 1866 1978 1906
1035 1099 1032 1021 1040 1018 876 1011 887 1037 911 1025 871 1125 1093 1038 1056 1119 1102 1004
876 1061 849 1066 907 918 929 854 1098 1035 895 1103 872 826 827 874 884 1027 1121 817
1134 1171 1118 1212 1163 1165 1116 1159 1126 1174 1115 1213 1114 1113 1123 1022 1193 1025 1211 1186
371 2268 2264 1 2234 306 2363 2361 266 365 2167 62 53 283 2146 113 249 368 2353 2243
1898 1932 1889 1941 1886 1943 1990 1925 1961 1933 1960 1971 1876 1950 1850 1927 1926 1885 1869 1887
1319 1329 1294 1348 1304 1285 1320 1339 1293 1346 1286 1316 1295 1347 1306 1288 1287 1303 1338 1298
341 2198 362 417 2207 223 312 2230 219 74 271 256 226 2161 2190 345 2365 278 247 215
888 901 878 893 862 918 885 1097 1099 1060 1055 1074 1078 890 863 1088 889 906 1090 871
1910 1939 1937 1977 1904 1980 1856 1969 1892 1871 1860 1847 1844 1950 1949 1974 1845 1956 1905 1978
835 847 798 815 795 865 786 853 793 787 834 859 837 849 809 818 802 877 807 823
189 2186 331 343 257 2178 2382 320 363 160 313 296 2160 2255 2175 2167 236 2243 2204 351
918 1101 1098 899 1115 909 941 1063 938 1124 867 1054 1078 1047 913 1123 1073 1122 1052 1090
1254 1268 161 1258 1219 1252 1276 1260 139 134 1294 1300 1232 1250 138 163 1230 156 1269 1210
114 2253 214 2190 146 2351 68 359 2194 111 102 2211 161 148 93 2266 8 2189 109 130
2213 2253 198 362 2214 2365 2354 2271 150 2198 2189 188 187 48 118 10 246 288 96 29
618 2342 2182 300 667 2273 2334 239 633 480 361 2350 642 221 248 404 662 638 2210 291
2023 2039 2031 2070 2080 2087 2028 2027 2072 2009 2058 2008 2075 2059 2074 2055 2081 2034 2046 2001
652 663 665 691 2332 2330 621 675 634 641 660 709 671 684 680 710 679 2335 613 647
1864 1880 1944 1884 1913 1960 1887 1911 1865 1905 1894 1853 1961 1874 1924 1892 1855 1908 1968 1966
2162 2367 2267 205 2330 321 2254 322 75 217 331 388 329 381 621 346 2185 546 298 326
2014 2019 1995 1988 2069 2007 2010 2057 2076 1990 2079 2060 2046 2024 2042 2083 2070 2013 1993 2049
497 2177 382 2139 2351 2353 305 452 575 559 2374 279 256 265 496 481 574 290 506 225
281 2372 2195 2201 2208 62 266 238 372 278 370 2226 304 2190 77 388 252 223 2199 312
914 1082 886 915 1034 1107 1097 1037 1114 910 901 1098 911 1042 899 1032 1072 871 865 1077
82 2264 2341 206 2186 254 34 2268 84 122 184 2203 2206 97 2164 2261 382 377 5 301
1878 1970 1903 1927 1887 1922 1972 1954 1920 1917 1921 1841 1886 1857 1860 1962 1995 1966 1894 1928
533 2268 493 504 373 99 2362 2224 173 212 2237 186 68 2364 218 365 2338 65 103 2165
1503 1510 1531 1471 1487 1520 1467 1486 1512 1515 1451 1473 1477 1450 1474 1459 1468 1488 1490 1530
349 2172 2373 2166 541 465 296 435 2207 2251 445 241 2170 2224 320 540 571 2354 574 371
2026 2038 2053 2001 2020 2058 2061 2068 2029 2005 2059 2013 2012 2017 2086 2060 2050 2048 2085 2070
582 2151 2169 606 603 592 572 2177 2128 2135 498 527 374 373 382 391 2130 295 590 563
290 2178 187 231 2175 312 340 529 256 315 321 2218 245 2253 208 546 2268 2244 2234 2252
192 229 224 2205 253 264 2374 262 175 215 312 2192 2185 161 247 2357 2160 2202 2260 2340
85 99 150 2251 2238 109 88 149 2249 2376 2375 153 51 82 2379 2202 125 2211 2380 2201
1836 1850 1898 1829 1895 1892 1814 1854 1784 1846 1867 1903 1855 1853 1827 1883 1936 1872 1790 1803
452 2176 375 2360 191 568 2170 2164 465 249 549 325 2357 494 271 317 2216 2196 201 296
182 2222 83 47 352 87 213 50 100 2269 279 337 353 2201 230 49 139 266 157 188
320 353 344 2261 2165 2260 351 298 2337 2340 2268 2262 339 2273 346 331 2167 341 316 2355
59 2207 11 1 2254 152 44 258 2172 2 2214 193 284 2380 141 19 395 126 2382 203
186 227 2358 2229 2268 265 252 211 2162 2349 2152 2269 2231 2234 2377 230 232 221 2217 2254
418 465 406 489 426 441 479 462 421 458 459 389 432 623 391 487 484 385 425 482
1663 1691 1702 1686 1669 1615 1720 1648 1712 1619 1683 1625 1654 1718 1711 1618 1622 1637 1631 1678
80 2203 2268 2378 2255 2237 362 42 247 112 381 181 2238 369 2207 390 113 341 83 2371
107 2214 2173 89 2194 302 2245 307 105 343 173 98 221 155 71 250 103 143 372 265
1412 1432 1446 1392 1437 1430 1458 1442 1413 1431 1421 1433 1401 1439 1408 1440 1445 1388 1403 1428
374 2178 2143 2207 370 2203 282 263 494 2211 235 537 2144 207 539 318 367 527 2145 199
701 769 801 784 798 794 802 698 734 720 789 714 677 707 751 723 722 708 743 806
1045 1113 1069 1071 1029 1105 1094 910 1031 1024 1099 1050 1100 1114 1136 1095 1032 1042 922 1057
321 2150 574 497 2161 552 516 215 378 2237 297 2173 251 2168 229 227 515 2125 300 340
1955 1985 1874 1968 1869 1944 1886 1938 1986 1906 1995 1993 1904 2001 1891 1922 2004 1915 1870 1958
59 84 2266 35 100 2213 68 2267 56 2204 2242 2268 2255 2246 17 2209 85 42 76 101
741 768 760 801 800 797 780 695 730 721 784 689 718 698 761 802 703 734 720 713
620 2372 2170 244 290 2265 656 2260 62 235 262 43 110 254 230 250 202 2229 2380 2267
172 2251 163 144 2235 294 214 2204 66 369 215 2185 2202 1219 2379 365 259 271 2370 70
490 604 2335 2175 2151 516 576 585 584 648 624 656 2171 480 450 2166 475 526 631 513
1966 1993 1946 1950 1948 1972 1886 1983 1924 1915 1930 1922 1942 2011 1959 1937 2009 1874 1990 1892
1046 1082 1080 924 909 1069 1117 887 1122 885 1028 1076 1039 1116 876 868 1088 918 906 1051
23 2226 68 100 2250 307 237 286 40 2375 14 2237 81 2205 231 245 2260 234 2231 308
1883 1923 1877 1854 1899 1839 1940 1866 1907 1882 1864 1885 1927 1951 1858 1910 1954 1991 1878 1913
1552 1578 1550 1546 1605 1597 1540 1596 1608 1526 1567 1607 1561 1558 1581 1545 1612 1524 1562 1565
2191 2249 2379 77 59 311 365 19 178 128 296 161 167 369 329 2180 276 18 2371 363
2116 2125 2146 2147 2129 2133 2153 2114 2103 2120 2160 2134 2152 2109 2154 2121 2151 2107 2144 2104
1113 1122 1104 1080 1067 914 1092 1046 1063 919 1065 916 1040 1138 1124 1132 1098 1023 1130 1126
1214 1246 161 1165 1263 1196 141 1198 160 1239 1264 147 1217 1224 1158 1270 1244 1163 1272 1150
876 913 1039 835 905 823 1057 1068 1095 1042 825 1106 879 1049 935 915 829 857 908 923
107 152 1230 2234 178 1234 1231 173 2235 1228 77 169 174 2218 2209 2226 162 186 2213 2212
278 2245 75 99 2268 2256 2222 2251 2235 163 2198 2272 8 2373 287 2174 2384 185 173 2196
1996 2013 2004 1984 2056 2000 2078 2027 1969 2022 2036 2059 2044 2029 2075 2049 2002 2055 2011 2054
400 2351 217 424 2335 221 365 380 2193 289 2174 2371 627 624 434 431 2158 633 382 2168
636 667 654 710 637 2335 690 616 718 658 660 719 703 685 701 2354 488 605 479 676
481 2169 394 515 250 223 375 334 2165 569 2378 484 368 356 326 2208 456 2207 2340 612
2227 2358 2268 61 94 288 2183 234 251 71 2198 237 118 346 2236 278 356 145 2374 344
355 2378 261 299 2266 388 2376 203 286 2183 2349 2162 2170 2178 2253 334 356 204 366 2210
99 128 2265 177 2269 2223 85 145 2226 2243 74 142 148 104 2384 72 118 70 2377 162
2164 2193 2223 186 175 2175 524 2217 361 2357 2355 2168 285 385 2154 2179 2263 537 229 264
108 2379 364 2176 211 294 9 122 391 4 2380 212 300 293 48 88 239 163 2262 160
687 730 690 752 671 754 684 710 735 728 667 731 695 673 745 767 664 721 669 660
1565 1580 1575 1552 1605 1606 1566 1534 1539 1537 1544 1579 1601 1559 1550 1592 1610 1591 1613 1560
289 2226 2265 2229 281 244 322 150 2167 222 284 241 246 2363 344 56 317 217 285 2256
174 1220 131 1256 190 1198 135 169 142 165 150 1201 2211 186 2243 2232 115 2217 1205 2219
1576 1601 1592 1625 1606 1649 1643 1581 1616 1577 1633 1591 1578 1644 1562 1597 1595 1624 1647 1545
525 585 506 575 2146 606 2142 503 533 2163 524 600 2154 588 590 2268 2182 528 2174 570
1717 1755 1719 1752 1756 1715 1702 1779 1688 1723 1744 1725 1740 1694 1710 1787 1726 1700 1707 1777
2110 2119 2106 2122 2113 2133 2108 2115 2097 2120 2121 2116 2099 2107 2114 2143 2138 2117 2139 2140
1040 1063 902 873 1064 1110 1114 1075 927 1074 1047 1029 1043 909 886 1026 875 1069 1126 1024
34 2258 2223 57 77 211 147 53 127 161 143 2174 2255 284 2270 2357 102 54 2384 37
1131 1171 1172 1212 1116 1022 1205 1144 1160 1178 1169 1107 1122 1215 1190 1209 1204 1202 1029 1210
926 1061 883 899 896 1081 1111 953 1034 1022 1084 937 1030 1093 1028 1086 1023 876 872 1024
550 2180 530 356 318 587 342 552 431 2152 212 265 556 2266 512 433 189 583 423 2372
2267 2349 2185 234 2206 2235 2172 221 2153 2266 212 191 218 176 2244 365 2373 2333 2380 2201
621 643 471 468 647 591 616 639 2336 629 2350 652 641 615 2371 605 664 479 478 604
199 226 2202 198 2262 2174 2253 173 205 2183 246 263 2352 174 201 2369 310 2181 2373 2383
655 666 625 642 714 2336 698 710 663 614 670 715 712 659 661 2332 680 600 717 610
1936 1977 1944 1864 1984 1904 1917 1969 1960 1996 1853 1849 1938 1886 1971 1880 1913 1885 1952 1943
