625 652 104 56 77 593 601 581 48 638 1272 0 622 680 69 657 647 64 630 651
81 665 34 668 1292 686 26 91 650 107 0 1274 60 1277 98 1286 30 633 126 44
1032 1050 1069 1013 1056 1057 1054 1007 1012 1065 1071 1063 1043 1053 1048 1010 1040 1017 1027 1068
365 828 869 865 350 339 458 340 830 852 849 824 473 860 809 833 835 338 342 841
212 225 226 785 248 751 781 200 247 256 209 762 771 241 233 198 253 191 761 255
334 844 862 331 850 380 860 369 373 322 376 321 811 329 340 381 824 851 356 316
95 1300 661 29 192 73 79 1288 204 23 1303 1276 697 1292 121 758 42 173 33 116
281 291 268 314 807 262 257 804 317 313 277 267 256 258 273 292 299 289 810 270
990 1014 981 995 983 980 996 986 1045 1006 1000 1018 1027 1031 974 1022 1026 969 1030 1025
41 702 717 37 1273 45 669 77 637 128 59 685 19 74 653 30 1305 58 719 674
899 1080 1117 887 877 933 866 901 914 445 876 1116 459 1089 931 882 460 872 439 1112
12 674 1280 1263 705 663 75 129 702 39 58 14 713 655 704 63 689 90 688 71
678 1299 200 698 694 655 7 102 631 195 1287 71 710 172 116 21 118 752 152 35
424 441 878 430 922 454 479 442 900 902 413 370 389 909 470 863 429 476 387 858
133 714 95 134 702 74 116 678 86 1290 114 192 717 1283 4 181 149 3 718 179
348 828 832 350 845 834 822 310 354 858 353 330 334 305 323 352 332 818 820 376
200 759 190 753 755 220 221 770 748 754 1295 762 212 723 727 197 207 222 194 193
739 1302 11 759 165 749 1304 691 1274 738 10 1286 198 117 186 12 139 701 741 1289
918 1083 930 1099 1111 1110 884 1109 455 939 926 1067 876 944 874 1085 895 893 458 922
381 448 914 444 370 475 478 454 400 854 383 867 476 487 384 398 433 851 426 378
655 1273 152 1287 680 686 78 1255 662 109 727 149 40 1252 638 130 657 25 22 119
877 924 478 488 381 945 909 952 926 376 874 1079 943 954 900 441 443 912 377 927
33 1281 1292 111 127 119 658 662 110 178 685 665 98 735 699 639 130 71 734 705
483 856 465 866 441 824 350 844 880 464 818 849 386 335 847 385 373 871 342 355
441 473 383 481 907 470 434 394 408 384 910 852 909 890 371 861 407 465 424 388
117 725 1302 152 134 176 36 683 55 171 682 198 202 186 203 112 735 714 721 674
35 1289 644 150 140 727 4 127 45 107 12 29 695 126 143 55 48 149 694 132
123 720 55 24 35 1273 675 108 106 64 1290 196 1289 52 137 29 54 1 157 36
467 483 489 461 492 484 430 464 382 898 381 380 510 440 864 451 514 383 891 521
19 1304 670 146 657 68 93 90 99 760 647 199 650 189 161 61 755 54 687 691
106 702 657 67 1289 1276 78 48 653 1273 658 1297 44 655 1296 127 711 700 101 714
719 1282 18 12 16 180 1287 698 702 28 678 110 1286 39 704 650 701 188 201 643
51 127 139 643 27 195 723 680 39 43 198 1284 721 686 3 194 145 148 98 155
23 680 677 54 132 1282 708 98 1 1305 85 114 84 657 683 1295 0 86 698 639
487 517 483 531 488 464 514 537 876 447 445 518 539 508 461 867 526 455 476 870
15 664 1281 711 1282 1293 1304 18 62 48 92 126 46 683 1294 701 695 667 655 678
93 661 121 35 666 662 20 711 133 1279 73 33 134 1285 76 690 40 8 14 39
322 846 372 853 380 830 819 314 845 362 353 860 371 364 308 832 798 309 862 350
102 139 137 10 657 114 1294 162 1275 716 1290 34 1278 47 1297 122 42 1308 186 56
330 814 339 344 837 854 356 801 856 349 804 796 807 313 309 341 346 849 354 358
11 1275 122 699 691 1259 15 1293 101 155 71 66 1280 121 654 700 141 692 50 1283
870 922 467 370 873 916 850 898 909 858 485 1075 1089 442 920 910 863 374 459 1081
669 706 116 723 1272 26 133 93 636 642 668 49 1265 129 97 650 672 631 121 95
98 1270 678 71 17 716 117 75 64 48 125 720 19 734 58 1287 657 652 140 46
332 804 807 358 352 788 293 341 858 310 830 299 307 302 349 822 355 842 831 812
3 1281 51 640 137 142 101 1287 709 54 157 698 1297 734 1283 642 13 685 89 31
350 846 833 850 821 335 354 373 829 843 371 814 849 320 864 819 812 317 334 375
47 73 696 1275 1 12 68 1308 51 710 19 656 712 655 117 93 34 71 668 1280
665 687 93 664 69 86 20 659 10 679 680 122 712 702 642 637 681 113 1302 85
197 1305 715 56 195 70 124 79 1303 177 207 665 44 92 7 758 680 1280 166 183
65 688 1293 644 1265 60 84 33 57 679 1269 116 40 85 1272 46 650 1267 108 1285
77 1281 700 682 44 690 179 29 734 103 127 1296 706 87 1268 12 120 81 61 42
94 1288 136 73 182 1284 23 176 148 157 140 680 112 189 122 31 694 174 695 28
732 755 716 771 168 213 127 1287 760 752 172 724 1297 739 715 1290 175 153 748 180
728 1274 1254 685 1264 647 640 61 686 664 1292 177 752 123 102 697 762 714 1284 36
32 705 639 58 106 668 96 30 669 113 75 52 1298 16 724 23 89 57 685 1285
2 1300 1291 73 685 698 1292 154 1302 1272 38 1308 27 180 111 1305 683 170 1281 61
55 1297 111 59 4 740 17 145 167 175 79 1306 83 1270 43 100 746 28 10 33
673 1299 682 706 13 45 649 1266 1279 747 695 648 630 729 1283 61 25 8 36 111
392 862 428 846 833 886 873 436 373 469 460 845 889 432 863 366 487 359 414 872
20 1297 703 738 670 7 130 1262 200 1274 652 707 105 666 747 16 99 647 698 712
378 427 391 393 379 454 452 413 846 845 398 396 451 449 399 385 862 430 405 870
15 714 661 18 683 86 1300 79 693 109 145 703 687 43 699 690 644 705 95 1280
2 67 50 663 648 1286 107 84 11 127 4 660 662 23 646 38 711 133 52 691
1002 1011 1028 995 1022 992 1039 1010 1017 1030 988 1020 976 1034 1016 1019 981 1040 993 1013
134 731 1280 736 135 719 737 89 152 117 129 729 141 145 198 730 97 111 1286 723
194 754 741 744 761 217 731 209 763 123 143 204 212 1301 183 726 168 178 202 1296
698 719 150 91 186 138 700 718 715 146 1280 115 104 191 139 758 156 57 53 140
51 70 695 1274 5 638 78 74 93 702 23 94 689 21 660 18 7 100 22 1302
26 58 682 12 89 75 68 115 660 21 83 1265 685 1286 10 692 684 113 55 66
328 807 339 340 823 300 336 362 344 307 337 835 361 333 322 289 818 290 833 335
647 676 715 35 716 1267 1285 30 1266 606 712 608 66 689 1273 638 688 56 108 614
14 680 47 698 64 73 113 1297 682 1293 99 80 79 688 1268 56 124 1261 646 107
632 667 1265 695 665 654 1269 61 602 119 583 1289 1 596 110 1285 82 606 598 703
92 1271 108 1270 35 1301 57 64 676 20 45 705 78 723 0 727 639 1297 60 105
881 898 432 459 1091 878 385 480 947 860 428 902 903 872 470 946 948 466 942 904
323 351 848 840 299 804 831 307 326 332 824 328 862 330 799 861 842 826 336 329
0 1304 673 27 756 18 679 170 39 87 189 88 736 696 176 754 86 126 49 661
185 760 764 748 156 717 756 1287 165 1283 124 1305 783 168 159 1293 173 1308 153 181
124 144 104 165 189 744 61 736 1285 721 146 59 112 171 103 731 94 730 97 729
468 481 449 501 859 503 878 505 516 865 366 438 433 507 355 504 862 488 887 384
39 1302 3 766 71 1287 27 1290 8 174 180 1301 693 1272 195 169 110 706 652 23
633 655 615 44 77 30 593 57 596 67 37 1292 588 79 681 621 59 82 618 1275
12 99 1272 718 11 50 130 1282 124 1305 2 45 59 116 648 668 688 65 108 38
692 1306 1285 712 757 200 25 159 29 743 67 88 89 736 741 746 83 701 691 187
173 1292 170 1271 156 136 25 671 196 1283 197 724 51 749 37 60 678 38 1291 669
464 900 942 932 505 510 501 500 374 436 878 382 881 909 852 479 461 1090 886 929
30 99 116 712 3 96 6 133 1265 700 1307 110 1280 43 108 673 63 710 65 1270
602 618 583 631 604 595 600 615 575 603 590 640 630 627 571 596 650 644 579 605
63 696 96 32 1307 657 1266 125 4 80 93 1303 21 691 16 106 23 1268 122 718
856 864 459 824 844 819 334 359 332 490 881 353 836 461 821 820 872 377 489 471
145 180 1284 748 142 165 1292 1280 727 725 1287 198 201 188 196 172 1295 1277 158 723
368 387 406 452 820 462 373 409 342 821 429 834 420 840 828 856 379 822 330 363
81 1273 62 1281 1301 1295 647 651 34 93 125 649 680 656 64 132 685 1302 77 730
871 912 890 441 1082 902 365 374 884 858 1083 448 857 389 471 384 904 457 909 869
108 126 132 123 725 130 124 47 48 171 1290 675 75 8 184 96 71 34 76 33
96 1272 129 642 104 144 24 702 79 1277 67 123 50 1292 34 715 717 1254 36 1270
537 543 527 526 529 536 524 519 559 518 545 553 517 544 530 554 528 562 546 552
314 847 294 291 812 315 350 845 300 858 313 333 381 325 349 835 833 318 335 815
622 650 1282 1 71 629 671 66 1273 11 581 76 677 1283 635 1284 583 25 27 599
213 765 231 197 780 744 229 195 225 782 762 194 212 773 753 763 747 228 188 1301
875 914 1100 883 1089 462 930 888 912 477 1078 430 468 872 454 924 898 368 436 899
166 1302 35 204 2 75 726 94 3 149 760 697 680 17 38 58 40 71 1308 1289
103 656 75 125 1292 639 0 134 644 636 1288 1293 63 64 37 77 714 720 1300 625
701 1297 179 66 153 713 755 172 659 681 115 62 711 48 700 1288 685 747 718 112
181 1292 36 673 8 66 185 688 64 1307 119 654 703 652 138 173 160 112 16 195
343 825 329 318 374 359 366 337 311 821 849 824 315 352 372 310 327 361 823 341
46 103 1276 701 32 75 684 714 648 1295 129 644 702 4 1297 130 53 21 90 1273
207 741 759 747 768 177 220 756 1303 184 718 717 188 183 746 163 1284 719 761 179
162 740 733 138 721 736 195 1272 755 1286 717 726 178 203 752 750 1288 1295 135 741
376 840 436 372 434 472 343 812 858 479 323 876 313 467 335 473 437 316 814 848
664 1283 640 38 742 713 80 118 1269 644 41 4 48 674 77 670 0 704 697 633
754 759 199 213 180 753 770 207 728 198 721 1293 1300 169 200 769 1297 202 181 1298
177 756 721 147 766 753 1295 733 145 128 218 185 151 745 1299 139 1308 1301 155 720
1253 1274 124 135 1236 157 6 0 15 59 649 683 138 61 1288 154 709 699 43 9
490 863 873 515 850 471 434 503 384 366 479 514 371 889 884 874 843 883 363 387
1103 1124 1136 1105 1067 1125 1082 1079 1104 1144 1116 1070 1066 1119 1090 1108 1077 1127 1075 1139
841 856 464 352 482 823 487 309 851 835 837 319 340 467 387 817 453 318 344 325
26 695 1267 66 1276 84 121 39 640 52 644 62 22 678 36 674 1273 1277 691 1282
1018 1031 1000 1040 1039 1022 1048 1004 996 1003 1021 1010 1044 1017 1016 1015 1053 1027 984 986
68 106 683 114 108 52 4 47 1264 94 73 26 80 102 1300 695 136 714 141 1272
1192 1204 1196 1202 1224 1193 1201 1174 1212 1214 1194 1213 1230 1178 1203 1221 1189 1227 1183 1223
148 1281 740 44 137 75 162 733 1307 182 124 742 8 677 674 176 67 35 744 1294
461 865 476 428 856 846 902 872 492 505 429 482 894 460 443 378 452 881 905 498
226 254 211 767 788 208 261 209 247 772 251 207 283 230 239 787 761 204 257 223
18 678 74 1289 658 30 126 682 24 691 1272 65 707 680 1261 648 110 653 72 86
189 735 1304 1270 719 1275 714 753 155 1307 151 1297 745 161 757 728 1287 167 1300 1286
446 864 866 873 871 903 887 916 427 898 868 429 353 854 492 482 358 877 886 393
6 116 690 1300 1298 100 69 1260 1269 9 24 51 68 700 1257 38 36 122 43 123
453 903 487 474 450 378 921 503 388 423 867 507 947 484 898 385 866 495 872 944
438 860 831 916 386 465 837 424 406 390 372 348 477 878 350 439 481 459 897 902
50 119 78 122 717 712 1306 652 1292 147 663 150 670 20 143 4 9 106 102 642
51 1272 659 729 50 144 92 675 115 17 84 1275 730 123 162 77 97 700 157 153
254 282 293 241 278 308 244 270 266 294 246 296 279 258 252 256 264 239 292 306
443 862 361 881 433 357 843 860 438 426 481 378 465 906 419 373 899 492 485 462
317 346 845 832 300 345 838 299 798 330 324 816 308 328 840 820 360 799 329 333
68 107 713 70 642 722 667 2 699 712 700 126 56 678 65 90 25 702 91 643
106 124 1266 34 135 27 1273 191 1 662 721 66 52 193 46 133 1302 74 127 183
940 960 954 975 959 977 909 968 955 956 1087 918 902 949 1094 907 911 967 901 908
919 929 446 908 956 880 906 903 950 896 879 1091 941 459 910 444 944 435 942 893
438 472 878 375 397 358 876 399 851 864 518 903 898 881 500 473 421 457 510 372
296 304 281 802 275 305 832 811 268 295 799 321 270 331 813 323 828 826 329 829
10 677 1268 49 1283 45 112 64 29 1276 1290 91 1306 83 681 669 63 685 48 655
917 1086 450 945 1077 910 916 941 949 924 1099 936 1094 1108 434 456 905 1114 1112 951
13 711 714 94 47 675 38 16 112 734 53 1303 1293 70 74 721 48 85 141 134
23 106 60 700 703 74 142 715 1297 688 102 119 72 121 660 34 42 650 1274 717
32 1265 101 668 99 1292 709 698 684 94 699 659 657 674 108 1303 1250 72 61 82
74 693 1275 60 12 646 690 681 52 645 704 99 122 105 73 39 93 664 62 1295
52 687 38 1286 125 10 671 1306 708 3 11 41 18 706 683 668 54 707 108 20
89 685 113 23 1291 702 683 1298 678 27 29 64 88 670 49 22 133 48 112 671
