24 1173 751 84 749 740 758 1179 75 79 66 744 53 665 125 648 673 1141 643 1139
1087 1102 1123 1107 1073 1109 1072 1062 1071 1100 1064 1059 641 1056 638 648 1075 634 1119 1112
39 1174 1168 812 49 788 51 793 107 694 749 761 698 785 799 85 69 14 740 717
11 715 29 70 694 707 819 30 116 661 668 813 126 93 78 1150 682 1144 67 85
6 133 703 742 123 740 836 1143 788 126 861 758 655 658 855 714 10 722 115 759
51 101 713 8 811 754 720 679 652 1165 58 43 677 745 63 37 761 816 822 704
662 707 1142 4 638 637 683 756 744 1163 1153 758 726 723 655 12 740 30 703 667
1148 1162 1122 59 46 58 654 50 27 693 663 723 31 735 78 1121 644 1147 15 659
649 1143 1112 66 14 1157 1109 2 661 1113 88 1126 1163 1124 64 1123 1145 1104 1128 653
65 730 763 68 97 117 32 745 782 664 1140 639 131 656 761 1162 62 1146 655 744
11 795 1172 668 809 121 780 641 35 745 853 90 105 99 147 59 802 19 742 1165
81 750 145 1154 721 696 741 752 126 60 20 767 123 644 690 78 1165 11 94 144
75 1160 59 1170 746 33 49 661 638 136 777 708 81 104 677 19 759 1168 84 3
21 661 780 816 1151 113 731 718 30 713 1162 692 702 806 134 104 637 638 725 1
2 1158 87 821 1139 1180 61 773 723 764 736 677 640 21 104 89 99 668 678 117
76 754 93 122 757 46 791 106 764 781 738 803 711 672 768 40 1147 100 659 1157
1045 1057 1080 1069 1053 1090 1030 1039 1050 1064 1061 1062 1036 1093 1086 1037 1015 1074 1041 1025
8 71 79 64 100 1152 740 60 713 102 710 776 648 666 41 1151 139 656 6 126
16 113 656 83 1173 84 738 31 685 662 130 785 716 811 95 4 734 745 50 799
794 840 136 847 707 96 818 149 21 148 135 98 685 147 76 775 31 765 828 706
1077 1103 1051 1048 1045 1075 1134 1091 1117 1032 1067 1078 640 1080 1034 638 1064 1089 1092 1079
8 731 1167 40 1155 693 1154 18 134 743 1156 712 32 78 699 812 748 61 12 778
138 815 92 823 66 854 825 117 77 64 793 59 6 836 112 748 778 807 809 766
921 939 969 883 938 951 902 960 948 893 913 936 957 931 918 879 928 937 966 891
27 770 50 816 839 645 764 93 115 783 848 777 647 28 811 739 130 142 651 1180
677 688 92 1157 784 768 101 707 1145 679 663 739 797 672 1148 1166 19 78 772 698
965 991 935 964 985 1008 939 940 1005 986 980 936 988 1009 917 974 999 928 968 1006
680 1132 631 55 791 80 74 715 709 720 20 641 1166 90 15 1160 754 32 677 89
70 732 120 69 827 819 703 1158 68 686 132 78 134 680 45 1154 679 83 810 1144
103 757 828 41 132 0 840 710 7 658 97 42 747 684 39 129 668 36 766 834
85 769 737 697 92 70 762 132 746 62 831 640 643 666 739 108 123 149 119 78
96 652 726 2 820 831 816 1112 3 39 673 22 1127 1134 716 1141 706 782 648 686
80 107 669 816 807 782 642 793 88 809 1156 750 730 727 840 698 85 732 2 751
735 1162 71 1182 6 26 85 730 48 51 701 84 751 90 11 734 99 690 76 756
775 793 138 734 104 854 64 82 710 760 103 137 675 678 773 699 681 105 97 808
110 143 126 87 811 132 25 848 96 679 745 858 823 819 123 43 854 662 830 751
4 63 68 697 722 66 112 32 803 1141 1145 700 132 1174 644 769 80 81 13 77
1012 1033 1028 1053 1055 998 1040 1075 1041 1044 1000 1024 1029 1008 1052 1036 1009 1035 1021 1034
17 1152 35 50 659 655 653 51 820 84 803 57 765 671 93 737 666 724 1171 774
758 832 8 862 769 55 782 841 95 865 724 770 22 18 713 827 56 723 27 29
48 639 650 88 124 746 65 652 740 1179 128 658 805 60 756 1126 83 721 735 41
7 699 138 711 102 115 714 49 649 0 727 758 50 659 666 95 640 779 675 1164
57 785 776 653 112 805 144 1176 825 10 712 1139 707 706 657 140 74 62 760 107
1136 1147 1132 710 71 707 711 1111 54 648 34 1150 718 10 642 685 45 1156 677 696
1047 1078 1029 1070 1106 1058 1039 1060 1053 1033 1030 1077 1017 1113 1108 1068 1082 1026 1032 1101
707 783 0 125 118 48 761 742 820 35 749 697 99 116 102 137 834 13 788 21
120 759 704 71 57 90 806 48 9 822 754 738 726 62 710 139 52 66 84 88
0 1171 45 687 1140 642 645 1154 752 683 815 1183 41 11 751 130 109 99 1166 813
1033 1060 1037 1020 1034 1048 1069 1087 1063 1009 1090 1081 1078 1071 1021 1042 1024 1026 1028 1023
80 715 129 830 746 87 725 42 676 133 128 1146 787 771 765 1159 110 37 808 827
78 675 1183 808 773 725 745 714 759 1182 1161 695 807 749 37 822 1177 113 119 77
791 832 109 133 11 100 63 829 36 739 823 851 871 676 820 865 87 749 679 130
696 1171 1147 774 31 724 803 1137 777 751 44 1175 770 693 715 664 47 794 118 1150
84 751 768 86 798 648 49 788 663 1179 1165 1157 769 25 676 827 820 6 773 122
852 879 853 141 835 836 915 827 829 867 805 893 772 780 139 919 822 803 862 845
94 729 85 824 692 761 1169 36 56 684 818 785 682 664 72 15 707 714 70 107
57 734 766 694 688 35 109 812 658 760 67 756 740 2 683 10 672 700 712 808
143 753 670 115 759 842 691 702 116 824 802 679 76 788 72 803 92 827 53 123
15 771 1145 1164 69 818 719 1180 791 104 77 750 688 642 839 852 764 697 768 112
830 853 821 141 836 792 869 762 791 134 766 763 77 870 878 787 814 788 879 99
676 1146 675 667 669 702 104 1176 677 794 738 47 1131 1138 709 736 682 1134 6 749
812 852 59 793 884 790 805 67 130 829 798 744 99 84 792 882 149 853 17 696
73 804 833 9 708 2 827 70 704 646 20 668 841 641 725 40 838 855 716 843
122 711 786 87 785 669 852 60 25 798 844 30 708 752 788 847 74 84 35 81
134 760 126 31 47 765 852 809 717 823 775 759 790 89 79 144 55 795 74 38
36 1164 763 670 1175 110 698 799 642 741 134 39 685 785 648 1156 52 769 703 696
703 1151 84 730 728 1128 115 98 109 64 780 2 1169 57 661 1145 1140 1133 112 793
790 857 877 828 1 858 125 142 868 84 880 0 96 710 850 845 54 62 804 53
947 980 992 974 909 920 979 986 981 969 967 916 911 955 956 931 965 939 988 921
35 698 1178 679 650 38 1166 120 79 1152 677 767 666 1144 74 741 110 59 83 743
56 804 766 1145 63 761 26 42 850 724 1140 788 134 115 681 739 98 817 1141 1171
676 1145 100 31 69 736 747 2 733 107 1 4 13 85 29 112 39 76 115 25
9 649 32 55 815 48 757 75 688 728 138 89 46 50 1117 1145 117 1150 805 113
742 787 730 49 764 759 805 701 72 90 738 675 147 80 42 101 1 124 692 12
700 784 738 816 742 706 1152 856 732 838 664 724 104 658 683 27 693 701 756 1160
663 710 1128 658 19 1142 76 681 707 684 776 716 1178 1125 123 1171 787 771 13 55
117 841 796 65 757 860 141 105 148 779 3 803 708 127 820 833 715 790 770 752
746 778 692 814 838 690 135 92 713 23 88 148 28 835 87 775 790 764 85 762
684 1149 86 53 100 1143 788 58 102 108 702 807 1156 706 785 780 775 1 116 648
1089 1116 1057 1098 1068 637 636 1090 1117 655 1137 1095 1081 649 642 639 640 1076 650 1085
10 681 690 69 680 652 113 756 1132 739 19 1170 27 1129 1168 29 679 730 654 1146
75 732 1162 121 81 660 87 663 709 661 826 77 671 98 31 1166 690 726 742 665
112 817 741 747 140 824 740 708 91 60 95 773 115 72 796 801 681 123 826 748
992 1002 978 1014 983 974 977 985 967 979 986 984 1003 1018 1005 971 975 1009 987 972
9 111 142 105 85 737 784 676 689 83 806 101 110 743 109 96 799 143 778 115
79 819 831 720 797 804 126 16 786 736 1156 96 118 664 1166 68 101 714 104 657
706 1160 675 702 125 114 127 1158 97 1159 756 701 1156 661 758 703 1174 60 6 744
104 794 747 25 146 6 93 34 801 684 689 823 63 774 716 807 147 723 41 846
679 1181 702 1130 63 39 738 1179 19 108 694 1159 640 1133 1136 41 34 644 37 715
48 107 796 748 762 689 833 21 735 122 839 74 721 40 1175 836 23 709 794 53
730 749 42 63 725 1173 830 756 715 681 10 1181 138 124 36 719 131 815 1 705
95 773 805 793 730 96 649 37 28 94 74 843 126 685 698 648 1157 65 43 112
35 1148 1164 643 17 63 110 737 778 1153 1134 9 691 86 1162 705 683 712 781 709
990 1002 977 971 1016 973 968 984 996 972 994 986 1007 1014 970 997 966 976 993 980
50 768 823 649 770 1154 690 836 32 769 707 809 793 731 1179 24 813 847 1183 657
1112 1125 1073 1141 640 1109 642 1131 641 661 647 634 1084 643 1146 649 659 1080 1123 632
24 646 1106 796 635 61 88 639 57 763 1171 815 77 758 71 1173 50 634 20 1127
82 656 1168 756 70 648 796 683 819 1128 688 797 771 20 1122 56 645 27 64 697
801 853 695 25 12 81 123 685 94 693 782 5 140 26 812 45 839 126 742 870
705 1163 788 742 783 686 697 1148 1138 790 810 774 1150 105 723 32 809 90 691 743
1117 1138 1088 1109 1129 1097 1107 1125 1090 641 1170 649 1093 1183 684 1086 1158 646 1103 1141
23 816 817 1151 1176 1147 705 762 801 29 812 76 137 862 774 141 851 808 740 744
741 800 123 26 782 689 64 723 722 12 768 687 47 788 116 49 837 777 79 811
103 731 1173 1165 766 75 87 821 67 761 1181 709 721 70 146 754 841 757 69 797
1010 1026 996 1022 1051 1060 1046 1011 1020 1013 1042 1059 994 1065 992 1061 1041 1015 995 1032
57 112 1134 121 835 792 24 769 768 1165 62 739 643 734 108 1160 19 637 765 748
1 128 35 818 69 1172 661 775 832 718 137 729 68 25 74 117 849 1173 1174 841
11 668 1147 693 75 741 131 1177 138 99 752 783 794 679 678 1158 641 1150 762 133
42 710 1145 1178 101 18 736 781 60 126 740 89 16 675 808 661 704 727 718 120
5 778 852 93 723 830 650 797 824 1161 787 110 16 24 1174 15 729 775 800 641
689 1171 773 783 1157 4 47 716 1138 750 57 710 687 92 61 751 3 1137 691 13
736 767 835 108 128 745 821 742 690 683 750 747 798 61 670 801 112 802 682 66
102 674 117 147 144 1151 679 755 833 9 55 830 137 707 804 1140 122 99 98 772
1035 1045 1025 1046 1013 1048 1030 1011 1051 1083 1024 1067 1069 1062 1053 1050 1081 1028 1059 1063
13 79 40 813 110 732 39 826 41 648 4 655 643 56 786 776 36 830 1156 1182
700 726 670 751 1161 93 48 66 52 792 96 813 793 710 88 104 782 1166 746 14
12 78 813 807 61 74 652 21 131 98 1169 771 38 780 32 650 814 45 735 798
1 656 670 693 5 88 641 1140 26 640 47 815 725 1139 821 27 119 21 68 1126
96 775 810 48 826 821 800 102 701 664 834 850 724 703 830 671 657 662 768 751
46 806 783 1155 67 686 10 122 852 718 651 747 108 713 1181 134 1176 768 59 715
54 709 698 38 84 820 821 766 53 639 659 1156 672 723 1161 1172 770 4 1177 735
1024 1045 1008 1025 1027 1060 1007 1016 1058 1013 1017 1081 1067 1051 1038 1035 1048 1066 1006 1056
109 827 782 18 702 813 67 663 772 679 103 748 757 721 149 70 704 842 100 869
76 755 140 86 1154 754 703 828 100 122 838 54 42 142 106 146 26 778 797 1179
1057 1074 1050 1049 1032 1042 1067 1097 1112 1041 1088 1083 1111 1102 1046 1062 1108 1073 1077 1055
748 795 120 781 786 84 99 766 670 34 27 29 101 851 839 39 2 686 86 677
23 130 648 642 765 1151 857 2 148 653 22 778 131 748 46 79 762 28 733 771
73 1172 783 20 803 763 113 34 28 736 821 103 123 1182 714 42 21 31 25 1150
877 919 922 957 864 935 853 929 941 881 946 911 907 875 858 920 945 894 851 913
68 719 77 1157 669 722 92 671 98 1179 696 663 760 826 50 692 637 86 706 85
122 737 58 823 103 664 709 831 91 83 746 93 855 97 792 44 72 838 714 24
9 86 741 97 705 34 146 669 797 673 721 93 663 1158 800 765 759 729 779 144
976 990 988 972 931 957 1003 958 926 980 919 993 937 956 992 999 922 973 921 945
113 680 731 17 81 1143 849 147 641 832 677 33 140 1171 130 66 145 729 663 105
71 137 722 125 831 0 738 121 724 51 115 725 806 22 90 101 81 46 649 779
966 987 942 1002 981 939 988 937 919 979 932 983 967 956 962 944 958 952 918 943
697 742 1179 16 793 103 682 807 715 115 3 711 678 749 83 806 61 84 671 38
56 800 744 94 777 104 109 1183 1134 704 838 650 771 82 654 749 763 806 811 138
41 725 12 649 702 128 130 655 109 123 59 800 691 119 741 66 782 29 696 769
1010 1014 1034 1008 1031 1002 1036 1004 1023 991 1041 1028 1024 1001 1005 1038 1027 1015 1016 1017
97 764 720 779 847 819 129 90 57 664 807 786 665 672 703 10 100 696 37 804
698 1177 125 764 661 747 695 129 699 119 788 732 1183 795 1157 40 45 729 737 762
975 994 928 914 933 909 922 948 953 918 958 921 992 979 955 982 1012 1008 919 911
637 1119 1094 650 1126 662 72 1087 1144 661 651 655 1084 1104 646 642 1114 660 1121 57
84 124 730 142 49 762 706 714 72 837 756 728 755 696 826 96 1155 56 101 748
58 704 1172 18 795 800 99 1135 821 72 733 727 724 4 31 88 739 97 748 46
79 134 811 1183 860 60 849 130 1156 800 48 1169 74 643 847 1173 841 827 121 38
15 683 644 785 109 92 763 723 806 27 22 1173 1168 742 76 1153 760 754 738 665
61 1142 653 783 1151 683 84 35 811 1141 122 742 640 728 114 33 768 659 681 1126
26 640 642 751 660 1182 743 132 1125 808 1112 771 712 91 1162 744 1160 87 98 724
