171 206 821 153 152 828 212 225 784 167 204 178 170 814 812 147 184 139 227 770
361 391 422 377 357 381 405 335 402 383 385 337 401 426 409 412 375 355 407 331
113 724 103 685 115 690 702 680 709 700 683 91 723 710 696 128 101 691 112 741
315 341 272 296 277 353 263 285 254 236 294 372 298 333 249 321 329 823 299 268
781 792 782 161 783 794 188 177 154 211 152 167 808 214 201 207 790 172 226 212
694 700 95 648 696 666 682 727 669 733 657 670 85 80 685 679 93 78 664 729
501 527 538 539 541 588 475 25 571 584 46 463 455 522 523 558 555 514 26 508
259 317 343 260 355 229 313 262 821 824 311 265 307 278 267 281 275 308 351 250
225 802 198 257 782 204 185 207 211 800 262 793 213 179 252 212 789 258 231 243
763 773 147 741 772 163 143 762 134 779 159 197 194 781 173 167 157 162 164 177
434 459 427 484 408 464 506 504 422 465 403 396 468 429 398 426 452 466 411 486
242 316 282 817 330 357 808 815 298 293 226 300 260 820 219 812 822 280 214 802
15 588 542 604 5 39 587 74 628 614 29 509 79 61 37 578 506 42 535 529
84 615 101 633 677 8 672 585 17 85 3 679 55 98 690 676 592 694 617 73
507 558 600 584 7 42 580 43 511 58 491 459 484 1 517 516 598 591 480 29
450 472 444 429 451 509 408 442 400 471 420 484 468 485 435 476 481 430 486 504
482 495 434 539 513 522 545 455 454 446 480 496 438 536 510 463 470 433 442 554
15 60 515 525 563 597 547 536 504 560 509 627 628 72 598 565 564 505 14 88
572 594 585 638 51 72 28 12 631 553 600 38 579 626 37 77 8 81 554 580
109 716 719 108 673 726 92 693 712 87 113 737 704 103 724 710 122 679 731 88
161 775 763 147 159 144 154 162 201 171 781 795 791 787 167 777 187 139 786 175
741 749 730 118 748 134 737 150 157 116 754 139 725 129 774 734 721 751 140 768
87 683 610 708 640 704 643 709 690 694 627 65 661 720 642 92 70 672 606 721
44 76 9 49 689 675 55 583 526 612 657 70 622 16 647 5 627 635 598 671
647 666 704 618 644 96 678 601 657 649 669 699 706 619 662 88 95 652 715 653
57 559 629 550 540 512 26 20 3 72 612 585 622 627 547 19 6 507 519 579
591 602 659 562 581 16 28 64 541 593 556 13 631 601 649 31 628 552 17 661
65 591 13 78 57 589 33 640 569 30 571 581 579 82 5 565 639 47 621 552
454 479 430 501 506 420 449 517 465 474 485 505 484 487 490 491 482 417 522 503
35 554 40 34 510 4 610 32 26 63 37 517 47 531 597 525 582 5 18 600
200 228 210 801 268 209 820 176 264 241 822 260 789 265 786 807 239 215 779 815
190 221 827 810 779 771 156 224 238 160 179 165 239 828 177 174 199 192 220 226
234 805 794 813 170 245 193 210 228 194 292 264 824 816 790 241 204 254 281 806
157 749 753 751 184 135 154 153 766 789 783 769 139 756 120 172 730 155 132 729
284 822 325 811 322 291 294 237 286 302 211 308 821 196 815 816 307 193 334 283
4 531 602 639 3 623 538 503 487 568 580 41 33 27 63 593 38 619 506 489
250 820 282 271 203 817 204 827 213 196 266 251 319 331 273 199 261 338 189 198
271 340 324 277 342 243 379 273 828 305 234 371 275 363 250 237 228 378 298 248
469 502 465 466 509 493 550 463 27 23 544 507 494 480 443 506 12 527 488 455
245 268 313 279 298 318 315 812 249 340 331 314 309 244 301 821 344 292 276 259
800 815 259 169 255 239 254 261 211 189 174 238 786 792 190 167 826 260 307 196
169 192 193 756 806 222 793 194 174 814 172 775 152 171 200 817 795 218 763 226
74 630 620 570 51 61 10 648 689 81 94 657 614 651 588 603 54 629 572 56
40 556 574 578 518 536 547 592 598 558 546 582 603 527 4 9 526 39 44 549
641 690 591 597 72 678 605 70 714 670 677 75 8 704 77 76 596 87 662 603
296 337 295 368 357 237 318 310 299 354 823 238 279 315 328 818 309 292 353 255
390 409 445 357 344 442 378 416 418 366 399 383 449 393 364 436 379 435 347 372
84 662 667 610 65 689 702 678 671 706 597 595 628 701 685 639 69 70 675 589
452 479 454 477 498 470 425 484 414 419 426 494 402 460 406 437 438 499 451 439
625 665 649 2 629 671 88 98 78 53 80 15 87 619 616 83 666 663 621 668
140 765 758 755 169 184 789 762 163 744 134 737 176 782 124 139 178 747 182 183
307 332 357 238 291 276 308 262 318 301 348 275 331 347 822 323 351 361 306 340
24 563 585 5 22 514 600 509 595 68 615 522 597 59 508 52 7 605 66 62
80 592 65 633 565 589 534 683 539 15 12 100 608 586 628 606 640 673 97 682
221 247 817 333 183 311 224 289 336 295 246 251 827 278 310 793 198 270 315 242
5 551 582 517 638 515 632 634 40 24 17 579 9 503 610 558 531 616 566 568
196 822 786 823 213 250 199 290 813 315 215 805 207 244 283 222 801 204 202 180
633 647 82 596 675 595 1 52 666 613 89 662 629 607 683 7 592 652 6 625
777 787 148 175 173 215 218 775 164 176 201 764 145 786 198 181 805 178 789 795
4 50 573 1 30 639 568 629 2 552 61 591 13 71 555 542 578 604 572 536
650 679 73 723 641 615 71 626 664 636 595 719 609 700 621 689 688 676 83 647
519 546 41 554 489 569 560 473 548 592 585 491 581 587 510 478 568 0 509 518
345 364 348 343 396 338 335 296 323 373 363 281 310 372 313 292 299 308 282 355
455 499 405 441 421 522 546 14 452 538 525 537 456 479 427 18 409 471 555 23
177 212 146 174 759 183 779 820 172 768 827 816 180 153 806 809 217 802 205 175
66 568 605 542 573 600 19 570 1 61 594 566 7 602 635 2 33 59 579 554
656 698 651 723 707 607 602 86 627 636 690 92 705 663 611 609 70 606 600 626
670 685 73 714 718 682 72 613 674 612 621 703 100 608 666 680 709 668 654 693
288 312 344 815 348 267 313 340 320 258 358 292 347 330 272 318 240 283 239 279
32 69 577 639 526 80 533 547 516 513 14 63 611 560 49 28 565 635 42 597
644 675 696 662 684 697 712 609 638 665 631 632 593 92 690 686 5 639 602 2
775 781 156 178 790 157 802 144 185 212 197 793 755 750 161 188 192 204 773 211
238 804 170 242 200 211 792 269 197 250 172 193 812 320 194 279 785 823 278 212
158 770 144 160 743 750 794 747 798 177 190 138 749 147 139 775 769 134 176 172
536 582 502 503 77 528 540 602 500 47 493 504 566 517 491 554 520 58 545 549
128 730 701 700 144 127 108 744 99 719 140 137 123 752 106 122 121 740 723 749
248 826 325 811 314 250 224 265 255 225 279 226 308 260 303 231 210 341 296 293
90 700 732 713 718 638 691 715 678 677 625 78 728 100 77 122 669 711 106 725
229 263 286 197 251 231 809 241 254 812 333 210 288 299 265 814 245 306 311 240
177 809 799 768 797 147 819 212 248 776 239 229 790 252 195 764 192 154 759 159
97 722 82 88 81 124 672 663 664 705 720 679 714 683 682 699 701 681 667 115
198 821 295 232 244 334 814 301 289 184 258 254 260 316 804 300 292 812 799 182
604 651 649 26 95 646 30 20 74 580 82 79 62 21 635 91 588 650 32 636
401 446 372 399 379 430 450 392 371 360 463 374 369 386 474 387 400 478 427 378
245 264 281 305 341 248 304 293 272 320 303 827 296 259 300 276 284 270 345 225
722 735 97 700 671 137 754 676 121 756 752 704 102 734 701 123 703 759 737 132
556 574 538 584 498 527 515 45 577 70 519 71 44 40 18 554 23 17 503 547
155 780 140 172 796 173 154 793 168 135 795 187 794 186 153 798 773 163 130 779
140 754 741 765 130 126 760 161 162 148 153 774 166 732 125 780 756 159 142 171
732 747 770 101 145 705 719 755 121 760 750 757 764 96 767 736 138 734 766 723
131 158 785 749 186 743 178 156 180 175 193 112 773 176 776 113 754 737 114 118
31 520 519 60 578 50 36 61 528 565 34 28 13 608 580 54 507 592 581 514
73 581 676 587 5 620 578 562 32 590 621 551 534 52 641 602 687 561 576 84
693 709 728 679 733 101 89 98 664 691 717 110 707 77 688 677 722 653 647 79
55 71 41 579 3 35 567 15 678 80 571 608 48 11 9 535 630 666 618 61
308 349 357 241 266 306 336 334 391 376 281 262 284 318 340 365 242 260 822 826
144 740 727 124 159 181 173 781 750 735 748 772 760 732 163 770 143 147 719 786
179 776 138 780 199 196 147 802 172 204 140 160 212 795 794 796 784 174 807 766
651 660 701 606 595 599 617 665 635 653 93 685 631 643 625 621 603 696 620 672
3 629 623 581 642 669 54 565 531 645 579 670 641 653 68 576 630 538 69 12
256 818 340 249 226 230 324 331 259 205 190 254 278 824 263 822 193 339 267 330
26 590 620 581 29 73 511 24 18 35 82 17 578 555 526 570 4 523 595 32
9 580 21 536 529 62 616 534 72 575 556 15 47 603 16 593 51 550 5 625
202 809 171 820 184 176 178 203 194 190 784 239 169 181 220 223 205 787 782 244
427 460 476 453 487 497 466 404 406 394 488 417 445 413 473 388 467 438 441 421
472 508 466 19 462 488 489 511 515 436 558 422 562 543 26 464 554 443 509 559
239 320 220 355 285 247 269 277 337 817 264 227 347 256 225 356 827 255 248 340
624 661 593 19 604 62 635 649 65 672 699 8 86 9 622 591 625 56 64 12
95 722 690 726 672 680 730 715 699 662 740 104 112 124 100 731 677 686 81 702
236 273 219 242 267 277 222 811 233 211 809 272 240 302 317 254 812 341 338 826
3 27 563 37 33 515 639 48 513 599 2 611 597 632 6 631 518 559 508 512
328 352 243 275 343 828 821 375 339 276 825 311 363 301 358 303 824 323 382 273
146 751 123 159 141 763 182 736 778 129 145 752 140 138 779 149 169 770 161 746
777 791 803 142 784 794 165 752 213 136 761 767 152 215 178 772 194 798 187 790
623 671 622 684 5 612 655 72 78 658 617 89 96 609 67 601 650 682 61 685
363 391 433 423 407 328 392 427 398 405 346 325 351 408 395 421 406 383 324 330
71 635 621 593 9 657 616 673 579 2 655 615 626 663 604 30 671 589 88 683
107 114 99 711 126 728 101 103 120 723 722 109 97 87 738 735 96 734 94 736
269 813 345 791 340 307 339 243 334 313 205 799 228 259 236 211 331 304 796 240
23 577 54 590 9 59 566 3 618 7 599 534 546 36 610 549 579 525 535 511
603 613 601 630 30 44 559 651 577 85 637 679 93 2 588 680 13 11 660 41
291 315 239 346 333 290 259 322 250 337 252 234 235 325 270 814 283 263 357 266
524 566 578 546 520 17 23 38 597 53 519 534 537 25 574 13 20 532 602 552
61 575 547 581 612 574 556 21 23 24 589 557 535 636 524 530 521 15 27 582
91 662 608 621 113 703 658 639 717 600 627 674 625 97 603 103 102 119 715 692
227 809 236 218 254 253 201 189 244 200 187 195 808 245 176 178 180 786 807 825
462 474 488 431 478 495 447 436 424 411 420 428 515 508 465 511 506 487 441 412
74 690 665 586 582 568 80 642 691 45 588 654 711 581 661 52 643 721 39 683
3 635 544 604 48 538 560 612 25 10 674 652 529 689 569 553 64 645 567 597
761 784 776 742 198 218 204 200 168 807 212 166 154 741 781 158 194 773 780 744
366 382 338 365 400 327 404 359 392 387 398 391 344 408 385 417 415 384 399 348
88 619 653 52 96 670 56 605 61 16 692 59 98 658 684 701 107 2 620 685
275 342 277 313 256 828 352 357 380 823 361 333 330 255 246 326 258 269 337 282
115 739 99 147 735 761 116 91 726 763 711 124 140 127 712 743 92 118 757 106
494 524 586 587 21 30 554 513 523 583 576 558 11 34 588 578 496 527 467 536
521 548 580 45 508 33 22 4 519 578 563 571 42 479 16 549 492 536 31 562
48 578 58 538 579 604 558 3 594 582 577 612 75 534 587 50 65 521 524 27
157 179 212 148 796 156 751 795 203 750 187 199 777 182 774 786 775 793 178 206
288 329 335 294 260 336 256 249 263 368 262 300 371 303 272 359 235 279 824 306
60 76 658 78 11 631 72 558 39 611 64 554 82 575 87 605 594 629 612 549
178 774 783 793 163 769 805 182 162 181 808 149 780 179 203 200 798 195 199 147
545 590 18 516 72 548 0 610 540 566 9 500 633 53 84 585 634 21 608 37
0 565 593 13 608 603 646 629 592 639 623 548 576 56 524 506 579 543 602 600
211 783 234 787 172 785 144 184 802 229 196 773 774 789 824 192 155 779 821 203
284 330 345 300 239 299 321 282 307 313 322 332 826 823 262 259 368 253 277 310
271 303 317 236 245 354 255 813 252 258 242 241 251 328 324 818 311 341 344 349
444 458 403 464 481 434 483 426 491 496 470 432 415 479 439 466 441 408 493 489
506 546 514 527 576 583 3 528 477 510 590 48 41 472 584 27 495 555 549 508
24 68 634 536 517 522 531 619 636 520 32 665 582 510 599 512 555 506 663 612
370 405 337 383 433 420 434 349 359 436 440 344 417 368 342 408 329 348 424 399
