567 579 630 513 522 613 577 525 578 622 545 543 547 596 640 590 643 532 644 536
402 422 364 410 409 350 452 365 434 374 476 390 453 496 391 443 428 405 387 416
676 731 26 112 655 36 677 634 40 33 19 52 2 693 628 653 30 737 13 739
268 367 201 291 386 296 276 196 283 316 302 320 285 194 234 213 266 237 206 288
503 558 426 484 544 528 531 524 507 552 516 593 473 547 464 515 468 553 423 587
83 113 142 188 8 84 154 18 735 166 669 183 696 119 708 705 684 92 78 719
459 517 570 489 451 400 520 487 524 552 432 541 543 525 554 479 564 483 569 478
98 137 55 120 177 86 216 176 127 116 185 110 194 170 76 18 733 69 36 154
659 707 11 10 632 625 740 117 55 110 696 706 53 677 102 622 83 13 627 56
658 714 121 71 114 119 120 86 620 702 2 123 1 6 664 100 27 5 31 37
55 684 732 151 25 79 51 696 700 739 121 715 695 703 737 144 676 85 88 4
97 684 182 50 701 666 137 635 66 667 639 659 705 730 82 81 162 651 656 633
32 90 180 49 738 104 708 697 685 81 681 165 147 156 682 132 119 652 110 677
435 455 426 467 413 419 451 464 492 418 512 410 462 392 434 506 501 508 515 471
301 385 289 296 333 410 382 353 372 285 239 418 214 298 330 300 403 325 355 358
334 394 461 296 388 253 372 384 411 419 462 278 263 397 463 425 277 272 444 464
190 268 265 321 221 142 155 185 356 154 166 168 159 127 162 258 280 363 366 165
188 205 260 108 127 169 271 187 109 296 152 167 277 133 145 114 225 235 129 252
93 714 739 63 0 689 181 142 40 124 674 657 73 109 716 161 729 116 49 668
208 295 133 153 152 165 189 228 237 207 238 157 367 168 224 193 372 200 333 386
603 629 610 620 635 582 578 632 625 630 4 654 568 605 569 647 633 619 10 7
207 237 164 198 132 287 146 221 199 234 168 143 226 175 217 222 231 241 195 141
16 71 725 688 68 17 94 166 659 724 638 136 133 67 723 669 679 113 719 85
105 155 24 707 166 77 145 712 29 120 184 125 740 122 41 69 699 102 23 140
289 356 235 378 258 339 294 385 336 245 191 199 399 197 221 217 308 205 292 200
191 228 162 292 212 127 316 103 223 236 120 300 297 317 254 198 257 267 113 184
26 98 79 155 92 56 130 672 731 669 0 77 170 161 668 22 692 61 35 690
378 401 288 426 381 322 423 449 279 310 356 278 416 440 428 283 418 333 442 405
526 563 537 499 480 571 541 497 599 507 491 503 551 525 496 593 577 550 506 513
4 59 98 138 589 732 142 724 687 733 672 677 144 666 57 696 739 723 728 6
497 535 415 507 495 523 493 555 560 510 444 554 529 511 569 411 575 452 553 449
169 227 321 180 232 310 83 131 218 285 257 144 113 263 91 190 264 102 132 121
289 356 216 249 280 402 213 252 199 234 271 399 239 382 241 353 233 263 374 319
415 456 414 498 422 518 511 428 390 396 462 461 383 474 382 387 395 393 522 476
92 680 160 689 732 13 685 637 2 648 154 16 644 658 639 131 740 77 71 662
290 367 233 243 259 359 271 247 205 214 326 224 388 352 195 386 199 218 296 213
30 112 33 121 36 39 150 728 708 704 108 8 694 85 644 698 195 162 170 116
670 711 7 92 104 741 722 703 728 87 60 635 5 39 68 713 43 683 37 77
607 629 640 579 574 675 663 672 680 611 11 617 603 612 631 656 648 604 12 625
441 486 397 454 409 548 532 543 506 403 513 451 401 421 536 431 449 539 459 447
231 267 185 301 242 329 235 161 320 302 355 236 243 160 367 359 287 352 321 277
310 376 248 314 315 223 252 291 322 309 333 241 326 261 377 226 387 335 274 247
278 330 229 243 264 314 246 232 233 253 226 335 269 310 362 193 231 374 305 363
28 732 648 117 87 115 6 54 18 48 633 661 708 63 116 644 101 16 702 660
663 717 82 61 44 95 90 609 84 72 661 730 117 106 702 24 127 55 602 636
646 678 680 669 717 724 602 659 3 672 642 4 711 76 608 624 89 704 22 49
635 682 725 5 711 45 7 586 719 73 736 622 81 695 38 82 32 584 648 46
37 100 728 682 673 652 3 103 121 179 737 127 649 651 166 707 723 90 63 126
648 695 655 634 95 84 680 716 89 594 643 10 91 61 110 646 616 54 652 16
238 290 264 385 310 308 326 231 306 235 370 378 283 169 251 377 307 265 166 364
31 633 703 728 729 718 98 8 596 655 692 81 700 670 732 686 656 740 62 687
225 297 388 312 378 171 273 258 151 269 156 337 253 249 194 265 291 238 183 177
589 646 586 48 28 41 626 580 621 16 658 676 42 65 32 2 668 645 688 22
522 556 579 523 583 474 489 549 511 580 471 506 484 468 498 481 592 546 564 462
183 263 283 257 240 209 285 108 242 202 264 269 196 130 91 256 324 117 140 307
156 228 303 218 151 224 308 180 73 314 230 203 315 294 317 97 102 278 275 184
29 638 677 63 711 41 654 47 724 9 35 649 600 628 701 727 71 632 53 671
244 286 386 242 303 363 193 251 378 221 223 182 369 248 235 224 328 263 335 196
17 713 726 32 683 643 26 665 49 687 80 636 712 124 681 633 741 119 664 0
365 399 442 352 380 403 460 409 310 286 292 354 458 294 360 457 444 316 453 307
624 668 33 40 626 657 30 707 69 582 590 701 52 728 698 20 663 731 637 688
49 128 691 684 716 720 96 655 102 6 118 84 665 82 657 3 653 644 164 692
664 729 51 126 68 21 708 686 28 100 636 82 87 67 120 618 45 727 665 710
118 707 670 709 81 106 28 112 92 71 19 678 651 181 65 44 99 735 189 15
335 383 363 415 251 420 382 293 337 329 322 365 356 412 295 301 312 326 313 395
427 455 514 426 482 512 490 509 432 419 400 392 403 458 437 459 491 399 470 436
350 382 403 386 287 410 362 256 292 361 352 265 388 413 326 368 271 397 401 402
380 416 469 481 454 459 333 324 337 411 303 275 408 432 415 479 398 462 286 298
45 736 656 684 2 115 125 72 691 649 68 639 25 16 138 668 667 114 692 100
626 639 53 21 624 648 675 46 682 615 667 636 38 641 620 683 7 629 36 627
28 60 707 686 153 106 667 689 701 729 668 734 642 84 118 8 152 81 24 94
458 496 436 481 507 417 446 445 454 420 395 434 499 412 427 448 397 426 487 521
244 336 274 324 208 313 187 379 284 303 288 272 199 286 222 261 177 282 335 205
5 48 66 589 739 718 0 55 92 672 665 113 99 2 592 631 638 87 54 659
550 575 578 526 557 540 492 596 524 537 592 489 503 581 588 553 511 521 564 500
662 717 73 58 644 85 670 111 69 28 730 63 97 12 95 11 632 18 40 620
365 385 352 414 307 264 415 337 304 272 408 350 315 309 372 317 290 413 326 411
115 733 195 26 82 668 741 60 6 99 81 167 14 667 74 703 33 78 100 732
339 373 264 378 301 317 315 370 376 371 367 377 251 289 298 254 275 284 290 306
59 133 41 90 161 112 181 689 719 3 42 131 195 67 173 212 705 167 13 143
52 704 94 47 56 129 12 106 125 23 108 8 137 49 22 58 652 664 135 726
45 720 50 662 1 732 31 713 123 84 690 654 7 33 105 740 77 19 675 60
534 557 482 478 476 480 575 513 595 556 473 507 530 521 491 479 558 486 531 555
33 127 61 695 46 654 92 53 698 90 663 121 207 119 657 731 699 43 676 167
71 714 31 723 64 24 86 75 142 133 690 50 23 672 724 679 157 668 15 143
592 643 651 685 561 670 584 623 694 619 641 58 664 636 692 13 38 676 570 52
140 199 123 49 86 183 179 211 283 80 103 101 82 220 260 210 247 90 53 213
158 172 200 152 153 88 229 126 143 201 107 91 129 101 174 136 150 139 191 97
13 97 652 667 148 179 108 630 156 28 731 62 682 591 737 85 649 185 690 66
431 480 530 495 473 437 422 408 528 541 474 481 468 482 461 457 433 456 513 413
303 387 336 425 393 235 410 322 312 226 294 398 319 237 228 299 376 244 262 381
88 141 91 146 690 56 689 221 119 8 200 99 29 701 133 721 85 41 735 75
7 699 592 47 36 62 741 112 646 649 37 737 79 20 690 663 1 46 680 704
200 262 314 288 126 289 337 163 119 215 304 165 169 199 334 234 212 166 164 315
124 719 127 40 196 26 183 188 118 164 77 115 185 128 10 7 672 696 683 701
664 702 37 61 74 52 706 19 699 633 668 632 652 645 23 735 717 12 656 623
250 293 210 308 321 231 227 277 362 358 276 236 199 244 323 326 258 259 383 314
90 729 133 664 113 5 162 682 52 13 139 690 702 31 158 123 108 688 665 679
511 544 504 453 515 553 480 537 557 513 587 517 495 488 555 496 466 449 469 492
53 109 78 50 32 725 640 110 46 139 669 161 102 183 86 663 104 54 98 733
46 111 0 724 106 172 67 653 130 27 173 129 113 12 76 9 16 43 182 726
136 163 209 103 185 84 221 197 134 50 233 92 189 51 43 206 60 164 66 184
114 170 74 43 199 239 70 241 102 147 58 186 154 29 41 718 33 54 156 732
448 489 521 397 478 435 531 449 426 407 438 512 502 501 404 504 459 546 471 492
209 274 168 129 269 328 335 126 217 161 273 249 224 250 382 211 247 271 264 330
48 649 729 695 623 115 719 64 732 129 61 12 725 723 141 724 739 660 634 6
34 639 69 615 711 3 690 50 680 125 76 24 668 609 62 30 626 98 635 111
378 404 272 483 287 439 288 460 297 353 413 463 472 363 365 383 351 484 339 478
412 468 431 507 515 440 445 438 508 487 476 505 493 517 494 482 433 484 437 537
193 252 233 108 112 283 199 165 211 116 202 132 153 157 221 299 207 308 321 284
601 636 633 616 678 676 665 685 585 635 595 20 578 675 574 651 581 596 625 567
71 135 704 34 84 735 661 94 30 27 128 48 54 161 7 160 655 133 165 722
672 705 664 98 684 674 64 6 38 718 41 634 687 46 739 83 649 696 666 84
11 89 71 728 51 665 108 691 43 729 25 172 705 684 105 670 723 6 688 94
435 457 504 403 428 453 479 466 422 470 437 519 400 471 477 487 410 473 449 492
41 685 135 19 637 15 109 737 108 716 23 708 31 48 60 58 653 668 679 723
104 188 141 696 267 698 126 82 728 42 241 714 271 209 709 726 184 217 125 730
326 351 267 373 368 384 311 386 378 325 233 231 357 289 238 399 321 329 362 370
356 398 394 353 273 375 415 255 336 279 321 313 422 287 291 296 254 386 423 268
416 460 469 429 530 379 488 478 383 437 498 522 526 399 408 457 465 423 483 504
44 679 630 88 109 719 735 11 36 96 104 21 90 646 93 102 635 101 736 29
58 709 56 96 130 710 84 697 741 74 28 5 52 43 34 655 75 133 45 689
602 611 662 581 663 564 591 575 656 632 665 585 601 624 579 661 660 648 636 637
126 166 189 32 212 102 63 54 68 164 218 31 90 51 84 723 127 95 46 134
88 679 150 17 651 89 24 650 87 162 729 39 86 645 3 37 739 93 711 693
217 274 267 211 249 310 147 215 357 219 308 163 289 180 207 199 307 175 279 190
239 288 208 285 268 333 335 337 278 183 234 286 246 226 176 209 266 253 356 251
428 464 475 530 455 491 436 467 476 427 432 398 473 517 485 490 510 457 421 463
129 178 37 246 738 105 104 77 256 734 233 157 182 222 733 722 106 235 54 193
79 730 21 148 175 662 659 677 150 78 706 685 49 736 147 23 2 688 7 696
267 308 263 270 250 223 304 220 222 369 229 322 374 191 378 319 195 326 242 244
147 222 286 151 99 254 187 96 219 203 144 305 153 146 91 65 297 268 173 114
622 664 57 34 14 2 592 39 26 636 649 66 604 582 639 652 682 654 656 635
21 689 4 111 80 0 721 731 697 677 648 717 32 699 102 68 46 96 50 728
691 729 107 75 730 53 2 668 685 56 663 119 61 688 86 58 705 50 667 693
493 535 491 416 558 501 415 534 520 565 528 531 460 490 571 471 427 551 552 461
543 580 532 570 554 488 482 513 578 638 630 627 600 505 636 530 622 521 495 624
287 378 185 279 371 387 324 399 308 395 312 407 208 238 386 365 384 241 186 219
44 108 87 71 684 133 6 669 696 79 56 726 12 22 78 652 54 656 15 702
260 325 318 258 241 185 236 368 307 242 256 322 377 272 326 255 357 355 280 365
67 658 150 60 587 726 710 682 53 697 24 681 634 121 112 701 667 3 707 72
95 704 112 136 741 109 132 142 116 696 94 58 66 651 44 173 8 65 737 85
11 106 715 136 709 732 135 740 656 670 97 143 646 19 708 682 125 173 156 655
221 290 370 383 197 205 367 350 335 238 361 162 169 375 334 190 372 150 243 230
359 394 355 440 413 325 434 432 410 450 276 455 256 308 454 260 429 362 449 365
286 351 231 369 239 272 372 220 364 313 367 302 195 277 227 380 261 236 198 387
595 626 618 633 644 562 603 568 657 664 623 570 558 639 663 652 610 629 643 566
83 673 32 146 738 168 45 71 124 37 144 679 682 75 717 63 708 103 628 731
581 596 561 573 620 646 572 619 605 549 630 615 606 643 589 547 622 554 647 600
216 284 186 213 298 236 357 318 143 199 141 149 321 224 180 305 140 289 239 229
