1342 2025 1270 1262 1304 1964 1352 46 1369 1281 1963 1379 53 1088 1409 1259 1105 991 958 1233
64 131 1117 1042 2002 96 33 1137 1373 1128 78 126 159 2018 94 1148 31 1119 71 1044
1181 1985 1053 6 1101 962 33 59 1034 88 30 1050 988 115 985 8 3 2018 1240 9
1536 1563 1483 1664 1522 1625 1550 1500 1527 1682 1648 1620 1538 1636 1653 1521 1586 1627 1492 1688
587 1826 449 524 609 434 633 546 1827 637 689 1819 483 1822 593 530 413 679 432 497
586 1889 327 564 417 544 572 1873 522 401 488 649 569 1892 534 413 321 307 432 659
153 1980 1036 1125 121 1130 32 1088 114 1105 44 24 1067 35 65 154 199 2020 1163 17
266 317 335 257 1914 364 156 259 1877 347 325 1872 310 357 251 1894 301 341 218 160
963 1172 1210 1005 942 923 902 1169 5 1248 1109 1085 73 914 8 972 950 1160 1020 940
661 692 1834 1841 1798 503 526 1872 1797 604 1885 1840 1832 675 570 519 533 1794 700 512
1021 1101 952 1103 81 1180 1236 1126 1212 1024 112 2004 1164 985 72 70 1041 1370 951 1004
89 1043 98 1970 94 116 7 977 66 1037 1171 1057 1981 970 1056 35 1161 114 967 1065
1547 1694 1623 1503 1577 1724 1701 1545 1634 1533 1697 1621 1494 1627 1611 1499 1677 1617 1661 1679
582 1827 516 581 599 1890 413 1859 396 528 401 656 450 1801 483 681 661 524 560 508
984 1043 2002 1165 1005 1214 1026 1096 1101 1027 991 1075 1212 1365 1135 1094 1015 105 82 1175
1601 1621 1592 1586 1640 1512 1702 1594 1603 1655 1583 1527 1602 1498 1671 1522 1709 1485 1495 1680
1074 1115 1123 97 1191 1375 992 1024 1157 136 1986 3 145 146 74 138 57 1182 1046 34
405 476 513 446 1886 470 393 645 1859 605 454 1881 452 1864 483 540 536 443 548 582
1329 2008 1293 1417 992 1011 1320 1186 86 80 1978 1248 1348 1019 1239 1226 1207 1306 1975 970
449 509 661 504 1892 597 454 1870 536 552 603 638 1866 622 469 392 1854 529 535 483
981 1054 1116 115 1229 1982 948 1156 94 960 1203 1173 2013 138 1162 1133 977 2011 1970 958
1512 1646 1637 1710 1612 1548 1459 1509 1487 1503 1697 1474 1589 1683 1722 886 1707 1521 1645 1558
1179 1210 63 65 1090 1034 1040 1168 1120 1125 23 62 10 1044 1187 1101 975 29 1269 1015
29 1978 78 1064 989 1101 1035 51 96 1080 2027 1942 45 1029 1103 114 152 1151 131 104
504 574 489 1876 539 1836 530 588 634 662 459 381 529 665 1833 1875 1881 1827 635 1853
883 1737 1717 831 917 894 1736 1743 901 1728 954 844 830 951 1748 1746 938 900 921 834
1133 1991 36 1943 2011 82 1996 1163 2019 1990 1238 28 1211 1030 1946 1158 1176 1123 1239 1086
1005 1167 84 2012 1157 994 962 2015 987 8 1071 79 1146 957 64 1107 1009 939 1238 977
520 592 452 636 652 540 513 1823 637 1853 439 666 680 414 1868 464 567 459 479 1836
709 733 750 688 691 1756 717 769 798 755 738 765 728 678 704 778 715 1749 1750 1781
133 1046 151 160 1158 1973 123 2021 152 1063 1057 1130 2010 1965 1976 127 2026 1143 1047 1963
75 1109 1120 1067 1990 50 976 1373 49 1358 7 2025 1375 2027 77 71 1176 1055 25 5
545 1876 455 358 502 471 676 649 1911 607 397 474 413 510 479 425 664 486 420 614
972 1198 995 1989 915 992 1048 1154 1178 999 1162 906 1994 896 1139 1182 1226 1188 2023 904
596 1822 604 526 641 407 674 1845 408 1804 608 494 637 684 656 691 548 502 426 627
461 656 505 689 679 1822 604 538 612 441 569 632 1830 1880 1881 371 391 414 583 559
401 620 670 502 376 576 1899 627 489 510 559 431 695 421 375 438 1886 517 478 488
1286 1314 1299 2001 1301 1238 1250 2000 1325 1251 1424 1406 2021 1385 1226 2006 1219 1342 2022 1383
466 645 650 464 573 686 389 1893 432 367 370 1890 391 420 501 369 626 525 1873 426
429 635 1829 564 366 1838 1824 592 652 383 1881 508 1893 645 360 1826 471 1859 1868 674
1518 1670 1521 1599 1482 1715 1479 1617 1658 1635 1533 1591 1685 1657 1712 1647 1623 1609 1527 1496
251 298 1892 213 195 244 265 187 204 274 359 202 156 329 255 362 186 339 192 328
1480 1635 1684 1708 1580 1579 1439 1578 1718 1654 1714 1497 1503 1632 1584 1671 1627 1657 1623 1593
137 1949 72 1081 161 1076 63 1996 90 56 91 77 154 1928 2008 143 1926 108 1048 1042
996 1049 944 31 989 1219 1099 999 109 1122 1028 78 84 948 2017 1988 1102 1056 1999 1182
1616 1691 1709 1557 1704 1653 1548 1591 1563 1596 1605 1721 1643 1612 1667 1537 1671 1531 1695 1483
1039 1171 1010 1111 129 1032 1140 46 69 963 94 54 47 1025 1234 1109 1172 66 1250 88
38 63 1091 1032 1985 1382 1070 147 1085 1362 1991 1111 1084 97 1005 77 20 65 59 1012
1092 1972 2011 1955 1946 1074 1005 50 1072 2026 1061 1960 106 71 11 1083 1054 984 1146 6
201 248 290 297 237 303 300 247 163 307 219 169 322 271 266 223 178 172 198 162
474 1871 502 660 382 435 532 414 358 363 611 652 1847 674 1908 675 1883 534 354 490
1025 1102 1013 43 1022 1046 1234 1132 1081 1201 1000 1971 87 119 1141 40 970 1043 108 1218
374 494 1854 593 1894 1881 642 570 1855 560 1896 461 1863 491 545 632 328 425 600 456
1288 1994 31 142 1130 1308 136 1285 1280 1381 1387 118 1225 1041 25 1104 1210 1939 993 19
1401 1446 1411 1400 1383 1312 1352 1336 1487 1359 1340 1453 1356 1366 1439 1387 1476 1329 1423 1337
1082 1107 21 121 0 1109 990 89 997 1034 111 19 1175 2 102 1166 7 152 1977 1377
182 226 216 287 162 178 150 161 284 278 232 159 257 263 158 155 209 143 256 269
1264 1362 1268 1405 1269 14 1336 1089 1381 1104 1283 1312 1415 1100 1272 1039 1308 20 1276 1342
450 1890 452 327 308 465 400 622 494 650 1885 480 472 338 633 666 573 362 536 510
437 1871 343 1880 591 1865 401 345 354 492 540 386 510 610 541 1851 615 520 398 596
1495 1557 1559 1537 1669 1469 1464 1467 1652 1548 1543 1713 1686 1471 1718 1532 1442 1626 1540 1508
652 1839 636 573 510 1814 515 651 1876 1826 472 1882 1899 470 1868 545 480 417 622 585
1605 1677 1693 1553 1511 1492 1695 1698 1535 1622 1508 1542 1708 1624 1533 1541 1616 1574 1575 1589
1433 1475 1498 1357 1434 1486 1480 1407 1381 1423 1361 1492 1454 1417 1456 1350 1432 1390 1416 1533
28 78 1187 1108 1034 92 25 2005 2009 1968 88 131 2021 37 93 129 1001 23 1983 1102
489 1869 425 544 676 623 392 404 466 503 563 541 1877 476 1833 1838 1885 573 613 420
999 1064 120 134 2011 1142 1994 1043 979 968 1040 1054 975 112 1074 3 952 1974 1150 1125
135 1084 1096 1990 1159 1081 1003 1009 7 1108 168 88 984 1998 2023 107 981 112 1010 1174
56 1137 128 1105 1135 126 1374 1090 44 1152 1198 1020 1373 1055 1182 962 1056 1357 135 1129
37 122 1063 137 1174 100 18 1152 48 132 2001 78 1120 1985 1075 1040 1175 1038 1098 1
973 1122 1003 53 1372 96 1076 1134 1188 1987 1125 1980 52 46 1982 910 1020 2003 40 1998
418 526 553 539 586 505 463 486 471 462 655 637 1858 594 400 620 402 399 433 625
937 988 2027 1021 933 1103 1150 1995 1116 1155 1158 1132 994 1996 866 2005 1142 1124 962 1147
515 590 392 543 443 448 435 557 606 504 580 576 599 570 483 1876 579 541 432 399
731 778 820 732 1752 854 743 746 687 752 1768 853 704 828 765 1798 850 1773 843 1778
479 1906 382 523 515 322 308 531 336 1854 405 459 1875 436 1853 592 580 1926 431 1866
58 1979 1123 153 1153 23 1374 1962 70 1008 106 1031 20 1375 1048 1950 1053 49 1084 1070
581 1871 425 655 451 643 1828 676 413 1875 449 1836 448 537 337 1853 474 484 561 620
971 1015 2007 1033 982 1173 948 1993 1100 3 75 949 973 1104 947 1203 943 958 898 1213
150 1063 131 1118 130 1997 2010 1942 97 1968 1993 1965 4 68 116 1926 1378 1164 1984 1133
1585 1650 1516 1600 1595 1715 1636 1613 1662 1542 1590 1614 1574 1673 1541 1571 1577 1696 1512 1499
750 1763 1755 847 707 784 697 1761 787 1797 816 799 1747 818 1730 711 1735 821 823 837
454 648 571 457 464 1868 408 517 1876 634 469 655 440 555 670 553 624 610 1867 545
570 1873 334 475 390 349 358 613 1860 454 401 489 653 436 441 529 452 680 491 324
713 1787 1786 683 688 689 1805 1755 726 700 1748 1779 697 1785 737 762 709 1780 736 1809
43 89 123 70 1059 1135 117 35 2011 1006 120 1108 2 1170 1044 1993 1095 1049 1000 34
89 148 114 1157 123 1172 102 1998 1016 67 96 1146 140 9 1964 1975 1944 2023 1145 1101
155 235 1920 199 304 89 1988 184 1959 309 114 271 164 1950 308 156 189 288 1925 132
752 817 753 695 1751 815 793 726 704 790 1761 722 881 706 841 1784 733 769 863 1772
394 504 367 356 630 594 1875 403 1897 538 372 1874 1873 570 417 544 454 450 574 397
1395 1427 1342 1360 1344 1310 1455 1433 1465 1382 1469 1389 1408 1381 1322 1484 1307 1373 1458 1482
757 782 1792 800 801 1774 709 1802 792 831 732 718 752 1799 703 1788 1779 745 789 816
1278 1379 1436 1460 1071 1431 1251 1358 1371 58 1056 2027 1384 1456 1365 49 1233 1430 2000 2026
87 1969 1093 1078 128 1066 1108 1038 1082 149 1938 70 1106 107 1930 63 34 1039 1131 143
1128 1359 1147 73 996 1978 1190 1421 1367 1210 42 20 1380 1433 1417 22 81 1059 2012 1355
1486 1531 1498 1488 1665 1593 1549 1459 1670 1484 1721 1493 1712 1656 1554 1571 1635 1490 1508 1654
1214 2005 1005 1963 1216 1217 1308 9 1001 113 1175 996 80 1325 1153 1010 1995 103 127 2011
314 1922 247 299 164 1965 1945 1937 148 147 1921 1959 1877 1960 338 153 1912 301 341 1874
1574 1710 1582 1679 1521 1510 1733 1500 1584 1625 1568 1520 1502 1597 1495 1556 1544 1664 1587 1601
1096 1157 1090 3 95 1028 37 1965 1220 121 1051 966 1012 126 103 1192 1367 1139 15 1182
1278 1348 2009 1409 2020 1367 1334 1399 1352 1425 1403 1356 1242 1288 1382 2016 2025 1392 1423 1417
41 1113 34 1075 1064 1118 1370 21 66 1066 1105 1984 1013 1029 116 127 1166 1981 1119 1135
1127 1200 1147 978 2024 1366 1027 2001 1991 1143 971 1353 41 1983 1010 1998 940 1185 1103 985
161 196 185 232 133 203 256 1945 249 174 162 116 262 1948 140 175 261 120 1952 197
102 1125 1156 984 1183 97 2006 93 1019 1057 1976 100 1991 985 1369 43 988 1029 33 1986
13 1024 84 1999 1189 127 1009 63 1213 975 1216 26 998 957 988 58 1098 49 104 19
349 1894 388 380 1906 330 387 434 318 1899 1907 448 446 535 329 307 576 437 1876 651
967 1196 1120 1009 1023 1012 1183 1215 965 2018 1006 1219 993 929 969 2000 1138 1141 1182 921
767 836 754 757 1779 834 733 762 748 723 852 732 1763 1774 726 833 1757 1785 1801 839
737 806 852 785 858 768 801 1777 776 855 782 704 756 748 799 837 847 859 1759 754
526 659 1883 469 483 694 467 493 1846 555 676 1841 680 664 1848 616 584 658 1866 412
127 1092 84 1037 998 124 122 97 2027 142 2020 10 1023 2013 1142 123 1982 1017 1072 56
964 1014 1228 1118 1176 1062 1083 1035 959 48 924 1027 948 1174 2019 54 42 1231 62 981
744 1756 768 761 1763 1762 705 1789 823 788 763 776 718 1801 750 802 732 717 828 700
1496 1539 1476 1648 1619 1649 1625 1522 1705 1658 1477 1634 1490 1604 1467 1554 1578 1499 1517 1478
1090 1372 102 1325 1016 1411 30 1451 2020 1038 119 1968 2019 1264 89 1143 1118 1158 1179 1281
127 2001 1200 1181 1129 1219 1275 1144 1171 1315 1247 1956 1209 154 1076 1241 2026 1297 1068 1038
1024 1094 1174 78 1183 1041 1139 1237 1160 106 120 1 1370 953 1080 140 1071 1087 2026 983
95 1111 90 2012 1114 1147 2019 1974 1083 63 1991 975 1089 137 1122 9 1052 119 1186 1968
971 1169 1089 1985 1116 1053 1223 1976 1002 1118 992 1014 1234 1165 980 1249 976 987 1982 1143
420 588 357 1881 1838 478 1868 384 409 598 569 682 407 549 1834 691 547 1821 694 645
1588 1698 1538 1571 1559 1497 1606 1666 1552 1590 1573 1529 1659 1631 1651 1542 1582 1604 1517 1598
7 1013 959 1980 1140 1020 78 1148 1004 52 1107 2011 1184 49 979 1109 1110 963 63 58
587 1835 639 631 444 621 536 569 1804 619 662 588 440 560 645 467 1832 481 1836 596
416 1852 637 1862 551 365 425 630 499 678 575 387 1883 636 1838 564 1886 504 654 1856
180 239 148 246 219 193 244 211 228 226 167 213 305 283 252 280 275 153 232 235
1029 1168 1983 1110 1167 1015 1041 1101 1203 1227 1062 991 72 22 955 31 1054 963 99 15
402 622 341 560 655 516 616 703 1869 519 455 386 596 373 474 506 430 389 374 548
569 648 480 679 653 1853 650 575 1833 496 523 600 1819 430 678 547 422 437 608 417
1495 1619 1577 1504 1519 1593 1497 1606 1568 1709 1573 1625 1609 1644 1612 1473 1522 1700 1695 1489
1689 1719 1577 1522 1573 1604 1481 1590 1622 1686 1531 1635 1602 1601 1619 1569 1706 1582 1742 1509
1003 1147 80 1090 972 1038 17 1043 1217 1048 91 2006 1191 989 3 1104 1182 1227 942 1201
1022 1145 1114 35 12 1155 1091 28 1070 50 70 1093 1215 1002 963 1169 1131 1164 1032 1986
430 525 641 474 508 360 1876 603 587 563 421 1875 1836 447 645 504 1870 475 423 367
676 1854 557 620 1809 1870 695 477 654 650 661 679 582 648 1873 523 1830 606 664 1879
1233 1337 1289 2017 1017 981 1184 1302 1160 1223 1333 1009 1373 1266 1348 1022 1331 1426 2012 2024
1230 1998 1303 1122 137 1123 1251 2018 1325 1142 1272 1032 92 1176 1240 91 88 1135 127 30
978 1166 12 1012 963 92 1178 2005 948 63 938 46 87 983 1182 1073 954 1220 1112 973
550 632 611 396 549 556 555 504 411 414 385 391 1851 1880 574 1849 585 541 652 1840
972 1143 1159 1195 1152 1200 1075 1235 912 1205 1042 901 104 1001 1175 1117 49 56 997 101
1523 1670 1598 1629 1697 1701 1672 1489 1477 1707 1542 1642 1471 1678 892 1581 1572 1665 1651 1497
633 1827 604 1833 621 514 662 509 583 617 656 641 1876 447 490 1826 518 425 663 452
1483 1492 1434 1614 1643 1469 1530 1528 1503 1558 1541 1452 1431 1707 1610 1606 1537 1639 1542 1519
5 1102 1104 1084 1142 48 1115 107 1152 40 2026 1963 1033 1144 1362 1138 1108 1052 76 1188
973 1151 1359 1009 1058 66 43 1026 1098 938 2015 94 8 912 1232 974 897 978 1006 71
1519 1583 1543 1635 886 1577 1688 1621 1708 1674 1636 1486 1625 1616 888 1594 1647 1607 1524 1588
479 518 427 642 410 649 543 456 519 662 529 618 436 483 474 371 389 482 412 390
749 1781 1804 1765 707 738 785 724 766 1767 834 697 1785 789 841 852 762 780 1795 722
1331 2009 1075 1297 1420 1390 1008 984 1062 982 2011 2003 1190 1194 1337 1233 976 1067 1328 1187
1522 1630 1663 1593 1658 1703 1486 1559 1670 1476 1642 1502 1641 1495 1625 1480 1503 1468 1622 1619
