552 579 668 531 545 466 612 619 660 654 497 600 465 572 578 698 522 649 377 495
1779 1933 2050 1786 1981 1955 1756 1050 2088 1022 1799 1803 1960 1750 2109 2003 1954 1951 1806 2040
1230 1928 1025 1783 1238 1914 1027 1762 1759 1234 2011 1934 2073 2061 1054 1784 1061 1273 1455 2047
1070 1117 1048 1031 1019 1152 1104 1098 1076 1036 1161 1148 1140 1012 1136 1064 1087 1068 1093 1137
1008 1360 1029 2069 2118 1362 951 2159 953 991 939 1011 2175 899 1943 990 872 950 2088 979
2157 2245 2252 2162 1007 2124 2194 2076 2116 2011 2041 2079 1000 1018 2006 2190 2106 2235 2121 2086
1015 2092 2049 2098 990 1924 2249 1997 2003 2181 1025 1905 2111 974 2239 2079 1842 1009 2233 1951
26 90 22 32 131 5 168 54 174 118 741 78 85 17 66 139 152 107 122 743
1007 2165 868 2149 1026 2126 1050 2168 980 924 2064 2011 2085 929 2161 1356 1902 879 2258 873
483 552 745 702 651 640 645 739 705 407 724 538 722 411 395 728 497 734 463 591
2122 2169 997 1029 988 2107 1998 1021 2104 2041 2082 1009 1940 2117 2044 2159 2184 2245 2113 2196
220 274 207 298 348 342 347 720 248 345 688 257 110 225 326 346 306 312 317 334
1377 1395 1253 1419 1289 974 1424 1411 1282 1386 1308 1331 1332 972 959 1394 983 1283 1357 1279
410 654 365 354 559 427 430 551 567 658 440 664 399 586 554 592 566 560 373 442
1800 1968 1881 1922 1036 1899 1785 1934 2075 1750 2098 1851 1886 1025 1770 2040 1777 2102 1791 1019
446 466 605 552 549 707 664 445 489 443 493 531 568 486 645 462 557 360 687 477
816 864 855 973 905 988 940 885 991 929 844 912 983 1003 788 982 810 1011 897 860
373 590 417 582 339 436 568 570 673 334 672 359 543 678 389 370 355 569 437 681
2042 2114 2003 2246 1896 1986 2268 2185 2215 2139 2230 1839 2097 2096 2169 1947 1979 1033 2198 2173
1800 1820 1788 2078 1814 1758 1812 1975 1806 1769 1742 1817 1831 1785 1763 1949 1823 2082 1782 1988
1486 1564 1561 1614 1591 1576 1478 1520 1517 1665 1648 1607 1575 1511 1644 1488 1641 1600 1615 1671
1864 2042 2144 1856 1921 1765 2151 2150 2096 2242 1840 1754 2231 2152 1858 1932 2044 1962 1972 2134
1061 1906 2083 2097 1985 1774 2050 1231 2005 1918 2056 2042 1735 1018 1954 2016 1781 1060 995 1037
1037 1943 1088 1022 1982 2112 1777 1032 2060 1957 1893 1737 2003 992 1964 1965 1885 1041 2015 1980
1024 2074 1037 2160 2000 1855 1803 1967 1807 2154 1968 2195 1892 2112 1969 1846 2073 1077 1820 2078
1545 1629 1654 1550 1478 1537 1518 1523 1521 1651 1644 1577 1584 1546 1637 1515 1565 1631 1736 1600
1478 1601 1482 1458 1527 1542 1621 1557 1528 1593 1598 1654 1568 1618 1476 1594 1488 1583 1623 1494
880 931 831 859 948 847 953 865 950 1357 1364 925 857 959 886 914 978 997 878 981
1621 1644 1657 1575 1736 1619 1504 1560 1532 1612 1653 1548 1554 1606 1494 1570 1464 1655 1484 1624
85 149 17 20 25 738 134 740 717 82 128 722 101 70 145 174 152 731 720 94
1018 2104 1989 1039 992 1084 2191 1043 2086 2076 1898 1966 2139 1992 982 1009 2213 2253 2218 1040
885 1000 1263 1044 1024 1030 1029 1039 1034 859 1017 854 1928 2137 1048 1356 850 965 979 1344
1267 1299 1240 1375 1349 1327 1248 1314 1342 1290 1451 1228 995 1410 1333 1330 1411 1438 1293 1253
1757 1927 2006 1738 1874 1028 1866 1981 1951 2052 1783 2072 1027 1991 1693 2091 1741 1237 1732 2007
1628 1664 1583 1690 1619 1610 1737 1670 1735 1493 1497 1597 1539 1552 1656 1581 1468 1564 1652 1570
2040 2085 1928 2127 2091 2131 1969 2087 1968 1893 1962 1891 2159 1867 1955 1028 2244 1896 1894 1960
1545 1647 1629 1483 1574 1565 1584 1551 1666 1626 1525 1617 1600 1480 1539 1542 1635 1529 1668 1596
910 941 984 877 922 899 842 1003 893 887 817 905 838 972 823 890 915 931 818 861
570 683 577 574 288 371 314 610 678 506 442 504 482 394 281 593 636 417 588 687
670 692 715 222 443 215 330 249 717 691 621 362 240 349 677 411 695 419 371 328
1167 1213 1217 1183 1190 1175 1150 1202 1157 1163 1129 1252 1184 1188 1185 1120 1241 1231 1220 1244
1350 1423 1437 954 1302 1420 1414 1289 1265 1297 1276 1444 1370 1292 1343 1321 1322 1347 1275 1363
396 579 387 636 386 463 619 435 681 353 588 556 350 411 631 606 674 446 557 554
1339 1361 1401 1328 1243 947 1311 1449 985 1271 1376 1341 1426 1390 1348 1349 1300 1331 1274 996
1031 1935 2080 1785 2013 1741 2072 1063 1067 2006 2061 2122 1891 1919 1946 1066 2043 2065 1004 1023
1302 1368 1434 1391 1333 1288 1252 993 1370 1443 1404 1436 1337 1360 1425 1437 1418 1328 1429 1376
253 278 251 333 238 242 226 293 323 208 330 352 274 234 240 348 669 356 297 299
139 186 728 726 63 218 59 184 113 741 95 102 69 157 181 115 143 708 147 214
1569 1638 1474 1523 1545 1644 1611 1525 1502 1527 1496 1470 1519 1625 1530 1661 1533 1645 1497 1488
118 176 50 49 179 133 44 736 36 39 129 96 61 209 187 53 90 139 66 738
222 254 271 277 685 673 237 274 269 694 314 265 688 298 202 260 203 690 716 682
321 673 342 328 320 701 417 693 308 648 276 530 679 405 334 599 699 338 418 370
1559 1689 1567 1758 1647 1623 1462 1636 1744 1575 1655 1663 1759 1681 1465 1587 1619 1607 1659 1671
1022 1061 2092 1068 1915 1961 1004 1087 1911 1955 2115 2081 1069 2149 1097 988 2078 2111 1078 2076
891 974 858 1351 951 898 931 846 866 1003 978 992 984 990 954 1362 997 1013 1372 952
368 385 565 354 446 389 364 678 661 430 322 593 406 395 649 595 568 571 668 656
2097 2241 2066 1894 2247 1933 1954 2244 1941 1011 2118 2110 1936 1033 2086 2255 2155 1947 2239 2180
44 82 71 113 738 57 112 52 155 83 42 116 66 139 123 18 165 94 92 131
1206 1223 1145 1246 1185 1207 1242 1238 1249 1155 1189 1184 1178 1209 1219 1205 1243 1210 1224 1161
1330 1377 949 972 1438 1267 1270 1294 1424 1255 1439 966 1399 1395 1426 960 1441 1333 1311 1320
1206 1231 1203 1933 1151 1909 1176 1136 1259 1271 1171 1225 1207 1161 1169 1262 1202 1186 1198 1137
54 77 162 20 107 123 80 111 11 153 22 119 94 108 71 35 104 137 53 40
1824 1855 2062 2045 2050 1962 2001 2074 2049 1947 1961 2095 2107 1838 2087 1981 2089 1972 2079 2077
1010 2132 1948 1357 2093 1070 1358 2192 2162 1057 2120 1966 2252 2268 2191 2185 2153 1907 1031 1011
317 684 702 662 252 426 217 558 681 234 242 685 567 375 260 520 342 698 487 335
1047 1902 1963 1903 1739 1964 2081 1039 1991 1008 2062 2014 1744 1951 1018 1040 2090 1745 1772 2051
1143 1154 1153 1186 1136 1188 1172 1102 1212 1171 1213 1132 1126 1202 1216 1196 1115 1097 1101 1166
1956 1980 1893 2048 2106 1876 2052 1827 1959 1997 1800 1910 1942 1957 1928 2113 1925 2126 1759 1982
1771 1880 2094 1945 2002 1774 1889 2086 2054 1986 1866 1891 2095 1995 2091 1965 1804 1738 1920 1905
1669 1745 1946 1744 1941 1664 1532 1560 1964 1570 1779 1911 1916 1545 1947 1628 1963 1572 1942 1793
2173 2241 2269 2135 2217 2102 2175 2090 2130 2111 2053 2242 2101 2180 2172 997 2066 2150 2015 2235
2085 2197 1958 1041 1943 1984 2052 2042 2137 2068 1823 1981 1941 2138 2001 1902 1808 1849 1968 1842
974 1346 1275 1273 1297 1314 931 1359 954 892 1422 1373 1254 1411 1426 910 926 1342 1429 863
986 1361 1002 1350 964 1354 1258 874 888 942 992 1400 1289 1371 1437 938 926 1255 1429 1333
1181 1205 1228 1169 1240 1171 1154 1185 1200 1183 1136 1164 1142 1146 1162 1241 1212 1160 1214 1216
1283 1365 1444 977 1394 990 1275 986 958 1294 1407 1406 1341 1314 995 1347 935 1241 1346 1440
1909 2040 2014 1914 2198 1050 1235 1863 2089 2053 1782 2110 1936 2041 2114 1040 1938 1898 2179 1026
2134 2262 2129 2156 2071 2108 2155 2012 2252 2099 2184 2285 2287 2153 2168 2217 2070 2042 2190 2054
264 314 352 672 261 337 301 278 233 315 269 342 663 675 221 224 254 266 330 275
304 341 667 430 425 337 244 352 270 660 362 358 276 336 382 664 420 269 296 281
1913 2052 1947 1002 1751 1012 1853 1997 1994 1850 1821 1928 2089 1872 2087 2070 1836 1843 1890 2131
1815 1957 1938 2078 1765 1921 2084 1937 2112 1022 2113 2103 2041 2051 2087 1015 1774 1947 1883 1944
2137 2185 2163 2215 2011 2118 2218 2061 2243 1004 2189 2009 2040 2043 2131 2230 2155 2234 2161 2113
244 285 357 354 688 237 345 204 284 203 327 670 283 666 296 352 359 319 686 333
1333 1393 1389 1370 1397 1309 1392 1423 1379 1293 1310 1386 1285 1280 1259 1434 1371 1243 1283 1353
1950 2041 1753 1993 1032 1831 1897 1037 1773 2134 1829 1751 1740 1977 1026 2042 2083 2065 1959 1869
966 1381 988 1431 1346 918 937 929 902 1372 1395 1389 922 1287 916 1293 969 930 1368 1326
1953 2077 1823 2000 1811 1797 1798 1778 1987 2004 1787 2056 1037 1892 2116 1780 1941 1044 2151 1909
1019 1083 1907 1082 1971 1917 1047 2059 2145 977 1954 1950 1945 1028 2099 1078 1109 1114 1018 996
2100 2174 1861 1868 2042 2084 2233 1847 1981 1011 1908 1948 2012 1999 1932 2237 2194 2132 2055 1836
1895 2003 1934 1731 1920 1877 1733 1054 1030 1927 2115 1010 1773 2046 1056 1949 1973 1836 2060 2076
1883 1966 1863 1738 2102 1838 1933 2112 1767 1747 1940 2098 1951 1904 1928 1825 1827 1915 1831 2118
1101 1119 1142 1052 1071 1090 1149 1058 1135 1146 1068 1165 1161 1113 1162 1072 1150 1088 1081 1091
543 669 446 484 615 376 335 268 330 659 299 402 374 366 499 648 702 295 574 651
1771 1915 1738 1757 1814 1036 1774 1046 1060 1027 1931 1965 2096 1055 1900 1779 1907 2062 1815 1735
225 283 232 303 333 288 336 310 693 700 276 311 259 343 187 667 326 227 252 701
1810 1992 1950 2103 1759 1820 1768 1955 1910 1942 1780 1892 1940 1880 2111 2107 1739 1775 2075 1803
1261 1388 1347 1403 1259 1421 1267 1437 1313 1225 984 1264 1277 1232 1364 970 956 1444 1356 1334
38 115 62 156 205 77 160 174 88 173 166 178 43 5 216 176 206 59 101 99
831 857 885 842 888 830 880 1008 862 970 869 798 948 906 844 913 876 910 920 894
1425 1430 1372 1361 1379 1269 1432 1302 1394 1356 1416 1320 1283 1292 1436 1357 972 1435 958 1405
1010 2172 1073 2076 1941 2058 2042 983 1971 1060 2144 1057 2111 2118 1026 2249 2051 2082 2013 1924
2 86 52 45 177 161 747 126 69 66 136 110 170 40 74 81 743 8 140 32
1004 1900 2062 906 2109 1350 1755 926 1909 2146 858 1994 2113 2111 951 2151 2060 1229 1059 2142
1841 1980 1843 1968 2005 1997 1993 1990 1806 1891 1910 2040 1916 2118 1818 1953 1831 1861 1995 1887
980 997 2147 1019 996 915 1366 1001 2152 885 1373 1364 2169 903 1040 1272 939 869 1943 1920
983 1265 897 1268 1019 1381 876 1237 1232 893 1233 996 1324 1433 1261 984 1228 1310 949 1368
1947 2016 1847 2168 2114 1755 1787 2104 2000 1917 2040 1805 1946 1815 2173 2062 1030 2066 1808 1001
1027 2068 1076 2057 2122 1897 1003 1081 2199 1978 1899 1069 1012 2053 1086 2043 1858 1848 2148 1880
1003 1061 2075 1352 1093 1053 1035 943 916 867 1059 1043 902 872 2128 955 921 1256 880 2147
1274 1388 1307 1293 1267 1331 1273 1272 1444 1365 980 1356 1449 1238 1360 1374 1361 1261 1414 1387
413 594 441 442 342 646 445 672 412 666 390 654 556 339 678 567 422 360 586 551
1541 1633 1505 1483 1606 1657 1602 1499 1585 1661 1540 1737 1480 1484 1669 1678 1533 1508 1460 1521
12 148 163 22 165 92 11 191 116 184 67 86 9 110 744 89 737 113 96 71
810 833 911 905 839 779 815 903 797 892 845 859 948 939 785 888 879 884 856 870
1458 1474 1556 1560 1461 1634 1610 1465 1612 1545 1583 1446 1513 1512 1559 1599 1598 1478 1623 1519
1791 1934 1870 2071 1992 1034 1752 2116 2051 1812 1797 2084 1920 1015 2097 2069 1022 1946 1058 1027
1129 1190 1211 1209 1130 1133 1175 1127 1145 1173 1227 1142 1208 1137 1158 1232 1231 1096 1159 1219
1246 1331 1207 1269 1351 1257 1202 1321 1288 1305 1375 1357 1374 1346 1210 1310 1405 1378 1237 1289
1044 1072 1046 1918 1086 1940 1949 1014 1925 1890 1935 1007 1073 2091 1027 1934 1915 1038 1019 1941
2107 2237 2129 2055 2258 1902 1928 1919 2047 1965 1969 1932 1026 2172 2238 2144 2120 2152 1994 1913
1902 2042 1910 1770 1847 2236 1228 2118 1788 1063 1945 2150 1900 1957 1947 2119 2099 1852 2095 1969
810 838 802 946 813 935 867 894 839 782 865 934 800 788 793 870 948 842 774 909
1356 1413 991 1248 1008 956 1264 1364 1010 1421 1321 1340 1408 981 1286 1417 1017 983 1398 1258
1748 1956 2075 1967 1789 2069 1029 1788 1839 1799 1870 1930 1951 1917 1910 1017 1675 1980 1836 1904
316 661 323 274 546 370 261 353 298 550 384 301 270 379 381 677 389 383 412 398
2134 2186 2047 2012 2234 2177 2219 1015 2170 2097 2213 2179 2244 2161 2015 2044 2078 1024 2232 2101
1324 1428 1275 1303 1376 1290 1271 1301 1379 1429 1331 1353 1328 1258 1302 1395 1337 1356 1440 1292
101 144 44 204 49 79 97 42 23 34 724 151 200 21 707 161 727 7 197 13
742 787 175 65 819 168 518 40 47 167 765 483 726 177 504 46 712 182 719 722
1794 1862 1851 1953 1815 1840 1951 1956 1790 2056 1985 1983 1788 1772 1763 1814 1961 2009 1802 2097
1255 1303 1001 1243 1428 1364 1252 1328 1443 1304 1291 1361 1354 1331 1236 1394 992 1442 1367 988
1048 1093 1926 1039 1065 1024 1097 1004 1888 1022 1063 1122 1114 1089 1120 2095 1076 1139 1068 1005
61 168 122 124 747 47 97 27 3 2 201 53 86 740 87 149 101 722 198 211
912 945 910 899 999 852 1005 826 1002 862 920 875 883 1357 1372 818 979 962 828 869
967 1005 2114 943 869 929 2059 1900 1382 1047 888 940 2127 2126 966 1052 1031 941 912 919
1250 1357 1008 1012 952 1428 983 1215 1296 1411 1352 1001 1349 1324 1367 978 1258 1436 1230 1246
1972 2101 1992 1768 1944 2241 2044 2014 1761 2110 2062 1943 1820 1026 2133 2149 2080 1896 2100 2192
1587 1681 1742 1610 1611 1482 1731 1687 1672 1603 1690 1563 1558 1569 1572 1472 1621 1677 1609 1588
1732 1900 2080 1013 1672 1891 1751 1801 1947 1051 2090 1730 1912 2040 1952 1777 1021 1869 1779 1002
1020 1890 2042 1985 1907 1733 1917 2147 1040 1967 1972 1772 1752 2068 2143 1028 1072 999 1032 1027
1344 1396 1263 1416 1419 975 1341 1240 1432 1293 1444 1327 972 1326 1415 1313 954 1330 1340 1427
1365 1375 1253 1310 995 1438 1000 967 1276 1429 1388 943 1255 1350 1250 1001 1433 991 1282 1405
1760 1865 1916 2073 2016 2045 1951 1928 1869 1926 1813 1686 1781 1765 1883 1961 2098 1819 2070 1744
1987 2104 1829 1877 2004 2071 2179 1883 1822 2160 1031 2261 2236 2057 1797 1806 1910 2123 1819 2003
1559 1631 1676 1622 1579 1652 1654 1511 1587 1541 1650 1561 1461 1500 1616 1569 1737 1568 1687 1474
1746 1802 1908 1941 1863 1868 1913 1936 2063 1884 1734 1850 1866 1999 1892 1972 1902 1989 1824 1953
968 1340 962 1249 1391 983 1339 1345 940 1430 1328 1363 922 924 1434 1349 1429 1422 1000 912
2126 2161 2097 2237 1979 2006 2081 1981 2107 2156 2080 2132 2259 2086 2131 1997 2155 2245 2172 1018
1316 1392 1323 1260 1394 1431 1329 1438 1439 1315 1337 1291 1296 1376 1300 1324 1270 1340 1388 1285
