33 1385 6 95 1361 9 1449 1368 1432 87 62 3 1359 83 1444 75 31 16 1423 1414
1841 1863 544 387 533 835 831 437 1815 446 357 492 606 349 1845 417 370 503 536 360
840 898 881 801 933 1835 934 656 778 834 899 912 636 802 1847 788 1836 1807 967 901
1028 1196 1166 986 1342 1057 1066 1158 1237 1235 1325 1156 1152 1192 1304 1171 1281 1285 1165 1297
291 1666 1700 1511 256 1780 178 325 1522 228 282 1642 196 292 1619 1680 1524 1654 351 1718
227 1820 1693 498 480 836 1683 1818 643 526 1747 269 1682 213 191 1732 608 247 490 270
251 1552 1508 1824 1509 1792 341 1570 179 1713 1493 1517 1550 219 1516 1627 1704 1687 260 1571
238 267 1670 1780 301 1767 329 1707 288 1735 1757 234 1731 1698 204 1794 1686 1672 1714 336
186 1564 234 277 1686 322 194 255 1508 1619 266 231 1557 1685 1653 1547 1566 334 238 1668
87 111 1360 101 29 1443 1450 61 123 1491 51 1397 1481 45 1449 1385 62 1475 1502 1441
161 171 134 1572 196 1559 1540 1523 321 1514 164 1549 143 189 1563 183 1560 1538 159 312
208 1685 355 1763 1652 1764 1676 203 1520 215 1664 1715 1561 1566 1549 291 1752 212 316 1559
386 1850 465 491 852 1772 1842 856 528 439 1820 575 369 636 448 478 442 631 487 383
294 1722 1642 199 1745 242 336 1540 293 1639 1653 1788 626 1809 277 373 1742 1689 1813 1729
342 1677 1542 1705 331 227 282 287 1574 1791 323 253 226 1570 1660 1547 206 248 240 1749
205 322 236 1643 208 194 1544 253 307 1523 1646 1713 267 173 287 216 232 1707 1559 1785
361 1674 1749 1818 1717 1541 225 1750 331 375 1806 293 1837 1685 294 1555 1774 309 194 186
807 878 798 746 1803 908 658 813 835 748 802 1799 1810 845 780 643 877 873 928 804
1464 1493 65 30 143 142 1442 1511 93 259 136 190 257 1473 1467 95 145 36 267 1516
351 1828 300 1734 620 371 1847 361 228 1722 1817 1703 283 437 286 349 1801 1739 467 389
315 1651 1550 1739 1628 192 1764 1580 256 294 266 1708 236 1685 1753 1775 1579 1667 1698 210
415 1817 1706 1728 1857 617 428 401 614 475 451 1806 417 357 825 796 468 1731 621 622
1428 1436 123 1460 44 111 16 8 35 41 120 9 28 107 77 1395 38 22 42 98
281 1674 349 1648 1641 1507 221 279 1679 1771 1520 362 1686 189 298 1527 1724 203 1710 183
1074 1295 1309 1212 1203 1327 1328 1262 1131 1290 1194 1214 1036 1147 1078 1185 1057 1334 1119 1137
1061 1116 1016 1080 1107 1078 1114 1106 1019 1291 1189 1352 1018 1077 1063 1194 1101 1345 1340 1357
16 1434 1430 1425 1420 54 98 55 1415 1426 1356 11 1405 62 1422 80 1388 1417 121 47
521 554 1855 512 510 525 517 519 1840 501 1838 528 569 1866 1849 1844 560 520 1865 549
452 1844 530 512 421 440 478 563 394 555 523 422 604 372 607 1806 413 549 500 486
663 684 666 823 843 915 855 632 859 828 703 833 640 650 881 908 649 816 831 659
901 968 881 935 983 933 783 996 999 874 900 952 809 998 836 951 804 1017 932 863
1503 1514 257 248 141 315 132 265 168 283 1547 152 190 162 1529 1478 179 133 1499 286
8 1403 1407 113 28 1409 55 37 78 1434 65 1439 35 1380 1432 1408 48 54 1356 61
299 351 1544 250 1678 1639 1805 1554 284 1660 1650 1652 1828 1640 1743 345 199 205 1721 1756
179 328 1719 255 232 1689 312 1779 326 1647 1505 279 301 201 277 1669 1514 270 307 178
465 493 429 1808 1809 506 476 1836 1856 561 509 1796 445 578 1805 606 500 1866 434 1831
31 1388 1441 105 91 1436 1433 1377 1374 1459 1414 1390 1466 1399 1409 1393 1404 81 1389 63
271 1678 1786 329 1719 333 211 1785 313 1637 1679 1793 219 1767 1681 214 1799 1659 1562 1506
779 873 870 828 913 835 649 764 783 757 733 904 897 643 876 834 914 930 648 851
169 1516 243 237 271 290 160 1497 1533 252 1493 303 1548 1574 1496 170 1512 204 248 1508
1315 1341 1132 1126 1247 1375 1080 1135 1057 1144 109 1334 1148 1248 1363 107 1205 1327 1226 1229
218 1713 1663 286 191 1798 1801 1839 194 1682 1742 382 1665 641 364 198 192 237 247 367
627 1795 1727 428 479 242 291 283 1708 381 1731 792 1814 350 338 779 1812 279 1797 1714
1016 1208 1207 1297 1013 1011 1021 1161 1004 1338 1317 987 1214 1345 971 1036 1057 1164 1300 1218
539 1861 424 367 516 1863 1867 519 492 533 375 366 570 1830 512 413 615 843 369 550
1144 1320 1339 1063 1164 1155 1218 1334 1084 1212 1341 1061 1033 1307 1239 1325 1372 1095 1170 1235
98 1419 14 1366 105 1392 1404 1367 1477 1452 24 1428 1374 1416 1400 115 1461 1 1462 70
114 123 78 1450 144 1452 1389 1442 145 1400 90 120 137 127 130 1494 1488 140 125 1473
1768 1802 1656 644 217 384 1820 340 416 1681 297 1846 242 782 1818 1717 427 369 1856 567
1219 1317 1267 1237 1008 1072 1304 1133 1220 1119 1013 1016 1351 1167 1089 1230 1175 1221 1019 1041
456 477 433 1802 604 430 1831 1840 488 1865 1784 453 571 432 463 1801 1785 501 426 1811
648 1839 881 1832 842 440 606 882 423 483 560 642 1836 566 669 662 1798 458 607 412
632 1865 1825 480 453 638 408 1800 640 439 644 450 392 462 844 567 509 1705 662 1854
192 1679 1513 317 1501 236 1499 231 1705 333 1562 315 1802 1672 1718 1502 348 1675 208 1729
777 805 884 796 808 888 781 1799 866 1793 851 839 878 1818 798 732 916 892 764 738
709 744 731 729 771 673 711 715 794 672 766 1810 680 707 737 702 743 772 748 721
206 332 334 272 179 333 1700 1814 278 1696 195 167 305 1713 1502 263 256 1737 220 1782
319 1712 289 309 1762 1814 343 1527 235 1529 219 1677 1718 1749 1560 262 1825 222 1648 246
1630 1655 1712 1737 1769 196 1588 288 1554 1680 1780 333 1598 1636 1751 1536 1733 1726 1633 1529
343 1777 369 226 1747 1784 1832 316 1783 240 256 1759 614 1724 373 281 272 1790 631 1758
190 307 1565 245 1785 1494 291 1773 1706 292 1520 1639 1747 1684 1504 1779 336 1737 299 1553
1585 1619 1589 1591 1556 1573 1605 1641 1548 1658 1581 1638 1583 1640 1661 1579 1644 1620 1664 1590
390 1825 218 492 505 1836 459 1798 1794 1800 831 1866 211 1853 1841 346 1813 414 1834 456
507 1840 1853 1852 609 459 1789 455 374 847 432 485 624 421 491 1803 566 424 389 488
298 1746 1747 238 1556 1643 374 1544 189 1690 1753 324 1807 1639 1558 1654 1766 1720 210 214
1055 1288 1093 1239 1042 1314 1097 1130 1233 1043 1235 1196 1296 1119 1203 1145 1199 1020 1045 1120
186 214 269 1730 1823 1818 299 1654 1656 1787 170 190 1539 202 1710 1647 159 1708 277 1757
7 1439 1423 1407 1387 24 49 20 1454 1415 1368 121 73 88 1465 87 1355 6 1411 2
275 298 1501 279 240 1742 198 1769 1707 1659 1674 274 1684 267 1706 169 296 1727 270 1529
1024 1170 1289 988 1047 1046 1036 1303 1180 1027 1001 1112 1177 1135 1288 1094 1203 1129 1141 1159
633 1822 521 574 441 1745 615 530 1728 657 415 564 1797 623 1749 271 1778 1856 518 233
1109 1145 1099 1348 1052 1025 1071 1028 1175 1045 1316 1368 1102 1289 1163 1091 1103 1318 1300 1107
660 903 791 1810 801 681 839 789 659 673 1815 925 895 687 652 868 856 960 890 855
1071 1188 1030 1282 1145 1283 1163 1175 1358 1289 1179 1186 1284 1357 1025 1059 1070 1362 1314 1140
100 1345 58 121 1324 1128 61 1052 1114 1200 1429 1337 1102 1457 1302 67 1418 1369 120 83
793 842 660 1833 820 1834 1819 640 652 909 759 803 811 756 1823 902 891 737 885 791
805 892 788 871 817 926 787 771 652 799 845 886 766 671 847 769 790 746 858 1800
175 260 328 1555 1700 231 1650 264 335 288 1712 1553 229 283 1513 1499 1647 226 321 1535
1014 1221 1030 1350 1005 1205 1344 1017 1222 1238 990 966 1231 1163 1180 1009 1216 986 1250 969
612 633 1823 1759 1760 643 618 607 1748 624 1797 1743 1749 1814 1714 600 1750 1801 1819 1810
62 72 1381 12 55 1436 110 92 1475 1376 60 1422 35 1417 1388 101 43 1425 1413 1393
260 1693 1773 286 285 1546 278 1709 367 1529 1689 1655 1789 1690 1510 1731 1798 343 1500 1641
1123 1149 1288 1067 1088 1313 1055 1141 1096 1304 1367 1040 1092 1056 1098 1025 1150 1146 1361 1322
913 979 830 837 790 795 841 657 818 781 843 872 864 857 906 939 949 965 655 1012
1055 1310 1013 1274 1200 1166 1252 1175 1145 1195 1259 1092 1022 1030 1111 1089 1056 1027 1311 1098
1799 1832 291 1800 382 457 1786 415 1760 491 1858 497 1765 797 251 1718 1837 273 562 524
37 1420 85 20 58 1458 62 92 14 35 78 1402 1432 71 91 65 1464 79 1436 19
1031 1219 1274 1245 1312 1005 1178 1351 1186 999 1225 1021 1209 1003 1289 1134 1309 1337 1342 1330
429 467 410 465 1842 1858 1815 427 474 466 1789 1866 1847 1790 444 1806 468 492 1804 487
1490 1509 239 144 172 265 245 212 1539 129 274 284 121 1471 270 276 242 177 174 126
657 814 846 787 797 645 855 774 842 800 914 856 836 667 869 928 770 649 831 1811
376 1861 1814 1727 1828 605 622 516 1791 1777 468 435 617 393 1741 1737 636 365 1782 538
191 343 1492 1714 1678 1528 1557 1720 348 281 295 1524 1513 171 226 354 341 205 1717 1774
809 898 1814 886 1796 843 744 861 959 875 873 794 654 905 869 913 766 651 758 1818
840 1822 1809 231 1821 215 785 802 267 251 812 513 838 462 371 277 897 1712 428 638
429 489 446 416 478 1865 479 447 441 1853 1812 1852 578 1807 477 579 1822 456 497 458
229 355 1720 189 213 248 1836 1742 1837 1726 361 1725 272 226 204 290 1822 278 337 332
779 907 814 1809 856 746 852 794 778 872 801 745 781 886 956 813 960 972 786 808
177 289 1654 1553 1649 252 231 343 1714 1661 277 1826 228 1564 175 1535 1516 271 1557 176
675 706 646 669 734 672 732 699 655 674 652 679 738 752 705 658 711 717 687 702
540 1853 1867 549 1865 481 1857 836 480 425 845 368 476 837 496 395 367 434 514 1806
206 1531 223 1536 186 288 1704 345 1524 1793 307 321 1808 1791 183 1765 1770 353 340 1742
1034 1193 1014 1022 1004 1051 1175 1151 1152 1150 1164 1221 1307 1303 1216 1173 1228 1009 1229 1203
1658 1682 1602 1571 1631 268 1677 1800 1569 1687 262 1635 1589 1613 314 1527 208 190 260 289
288 1731 328 300 1824 1711 285 1692 311 619 1703 634 327 248 268 1668 220 1792 199 1787
169 185 302 272 1650 1667 197 1669 314 1673 1648 271 1567 251 1646 1569 1530 1541 1666 233
1062 1288 1261 1209 1293 1214 1258 1124 1364 1040 1101 1164 1093 1330 1355 1221 1243 1090 1329 1147
756 784 826 921 749 831 729 884 745 1802 736 789 862 889 833 744 1795 808 746 795
1014 1051 1103 1116 1207 1202 1111 1177 1008 1093 1122 1114 1297 1187 1218 1315 1101 1147 1288 1096
1792 1814 255 454 1726 639 1690 508 340 1680 1740 480 1844 483 354 1669 1750 290 222 1798
1526 1535 184 246 201 299 287 1690 259 172 314 243 1570 1546 1675 1642 1661 203 162 302
620 1855 442 623 615 455 844 1799 568 1825 496 601 375 645 453 485 1786 607 1839 610
533 1852 483 444 488 852 574 506 462 391 494 396 559 571 371 578 446 451 617 638
69 1408 1395 1464 67 1425 70 1380 104 109 30 1411 1396 55 58 1447 107 59 78 27
441 457 1844 611 473 608 1861 494 472 1826 1813 607 479 1824 442 1822 1806 1846 464 1791
1050 1205 1340 987 1109 1214 1097 1038 1324 1152 1092 1048 1192 1241 1277 1043 1322 1280 1004 1144
201 1794 1828 1727 217 309 1695 283 1523 419 1792 1723 281 812 635 1688 480 1731 336 348
453 1848 1784 1812 640 567 387 1789 564 632 1813 438 1851 494 627 499 563 1801 497 648
371 1765 333 624 629 1730 236 1779 332 935 1805 311 1680 1801 233 1767 1673 1647 305 1773
30 69 49 1454 1399 1413 1468 82 59 1432 72 1394 77 41 112 1380 1405 1442 100 60
355 1713 247 1803 1786 1668 224 1662 1826 330 216 339 1669 332 258 1723 1774 1673 1764 268
1052 1180 1045 1153 1034 1314 1282 1348 1099 1025 1038 1196 1204 1195 1046 1023 1120 1059 1166 1336
1742 1791 1704 476 289 1826 371 380 316 1770 369 252 1651 204 1842 1713 800 1689 478 470
252 305 1713 1679 1527 1708 201 245 248 273 221 288 1815 1819 169 1560 242 278 1554 202
279 1795 227 1836 362 221 347 483 1524 1728 215 484 1705 1788 201 1808 643 923 381 435
330 1539 1761 1659 175 318 298 189 1554 1787 240 228 179 1710 218 1678 1688 1687 202 335
1264 1309 1251 1114 1277 1075 1213 1109 1120 1326 1298 1108 1086 1221 1318 1310 1338 1262 1119 1253
457 1847 563 1851 572 834 640 382 481 629 576 380 435 439 1832 1790 452 1863 1836 433
1128 1328 1086 1153 1122 1112 1288 1254 1256 1040 1304 1318 1346 1197 1103 1166 1202 1247 1159 1248
443 1810 560 224 342 782 278 215 755 1694 1784 637 363 209 1709 840 790 357 1724 511
1465 1475 109 56 135 62 1494 79 130 46 64 1447 105 34 126 1503 30 119 27 57
733 740 745 706 761 790 751 716 713 705 688 791 782 700 802 801 805 692 730 752
870 927 804 792 905 948 806 972 961 1786 839 983 655 896 642 799 853 805 807 665
1366 1407 1142 1341 90 22 1335 1378 25 3 119 1347 1348 1325 98 1370 1398 1402 7 1346
1241 1318 1146 1050 1125 1341 1159 1202 1150 1290 1056 1130 1244 1200 1234 1314 1332 1344 1319 1339
279 336 1779 1717 267 1710 1683 208 1521 1738 1807 197 1742 260 246 1734 1788 236 1548 1834
83 1406 84 91 112 36 66 1371 95 3 58 31 1474 53 78 89 109 20 5 111
297 1533 345 216 196 1655 1650 179 210 1641 335 312 1727 215 205 310 1765 183 1783 1744
299 1642 268 1578 1670 1607 1685 1633 1782 1672 1547 187 337 240 1629 1624 186 1676 324 1742
1209 1296 1064 1015 1248 1257 1266 1309 1330 995 1186 1282 1302 1164 1351 1176 1150 1334 1215 1036
1073 1323 1155 1350 1093 1075 1342 1260 1343 1289 1131 1129 1113 1156 1364 1310 1043 1196 1211 1184
300 1639 269 229 1701 1730 1745 1573 316 289 216 1753 1520 1789 1616 1626 1648 330 319 254
1025 1161 1297 1032 1102 1047 1367 1001 1048 1216 1029 1027 1127 1137 1023 1342 1296 1372 1015 1042
516 1851 1804 408 388 1824 629 433 522 1836 387 649 519 1849 601 617 616 619 504 544
421 462 1788 1848 403 450 420 488 1829 447 1822 428 1828 467 1803 449 478 1783 1836 1812
1548 1670 1552 1751 339 286 347 172 248 246 1547 1584 1667 325 1623 1671 221 1641 232 1630
1171 1214 1195 1074 1318 1108 1218 1215 1211 1193 1077 1078 1242 1288 1259 1251 1057 1118 1263 1079
125 1491 104 1471 1458 150 1499 1502 186 143 1508 122 1440 109 1438 1472 1496 1442 146 1464
1536 1648 183 327 1670 1733 1636 339 324 1572 264 1641 1595 1717 195 346 1540 333 1651 1653
512 559 536 1861 524 1821 1849 1827 1822 574 1857 510 502 1817 527 566 530 1847 569 1844
