62 200 35 280 408 293 66 1894 1847 216 366 144 160 412 173 230 1841 279 1839 397
1461 1637 1781 1702 1638 1571 1556 1584 1723 1774 1674 1692 1587 1608 1760 1732 1708 1543 1457 1758
775 832 706 699 715 865 800 829 855 885 1059 675 769 661 712 665 883 785 691 1047
849 1055 1134 957 987 1358 859 843 839 1058 792 1081 1252 1070 1332 1211 1166 950 1071 931
171 238 130 185 342 425 197 103 186 279 208 330 433 1811 1860 225 163 1845 1975 1861
889 1151 1140 1188 1216 958 1294 1215 1107 1225 1109 1137 1395 1388 1205 1050 1365 1333 1055 1049
263 1853 54 336 1968 1796 262 1797 267 1844 206 369 93 1864 167 1839 1850 1868 1978 1825
23 268 1859 37 321 132 1791 412 299 106 300 326 1940 49 1802 1934 216 1801 1972 52
1400 1525 1472 1546 1383 1626 1315 1507 1423 1298 1569 1516 1205 1212 1287 1306 1558 1358 1304 1330
137 1860 1851 359 124 1984 1 63 334 1853 76 1949 1826 284 1946 4 290 222 1791 1845
611 717 483 663 524 503 769 523 739 649 706 778 575 691 597 673 745 731 784 643
1305 1410 1417 1187 1171 1103 1021 1011 1406 998 1352 1193 996 1041 1161 1244 1251 1189 1555 1567
849 1084 770 1277 856 1341 868 826 1087 1193 902 1035 967 1363 979 1261 1005 1367 798 1101
78 1843 74 346 1839 52 126 199 314 110 97 42 167 37 56 133 1816 125 121 1835
299 1814 235 6 1825 1971 408 83 1967 1968 122 1883 168 337 291 9 22 369 1912 41
19 330 1961 132 1816 1916 387 274 138 1820 1942 1935 64 1978 1875 1854 1945 397 1960 1813
890 1158 854 1267 985 1101 1044 971 1390 958 1028 1349 1209 1237 1021 1188 893 1241 1304 840
1450 1703 1600 1561 1678 1459 1443 1473 1676 1513 1400 1453 1408 1735 1695 1640 1777 1523 1467 1402
274 1817 265 319 116 387 253 1796 1828 263 214 1887 78 293 79 1875 227 157 212 125
1531 1590 1401 1595 1417 1719 1463 1661 1586 1745 1690 1513 1680 1467 1629 1702 1508 1482 1687 1630
184 230 1941 155 1863 304 1866 263 169 311 322 179 44 352 1823 265 243 199 1840 1790
1838 1892 273 109 379 1851 340 164 1797 173 74 418 268 99 1849 1875 1798 196 78 126
153 1810 361 365 441 297 1907 240 405 63 1956 235 409 1964 420 67 89 191 48 427
180 1829 418 148 1935 1789 1827 77 167 1937 262 36 322 1826 399 173 56 384 6 1889
283 1913 1834 33 42 1959 1895 1843 141 1792 436 184 147 1807 1952 1791 459 1842 381 30
1015 1357 1154 1253 992 876 1205 1101 1337 909 878 907 1383 1333 911 1329 989 930 1354 1087
109 286 353 128 147 1833 378 46 363 1846 248 240 1904 142 82 179 1950 1862 1945 1922
985 1079 1155 1168 1149 1255 1141 1130 958 1259 945 988 859 999 1361 1238 1214 1308 1011 1158
1162 1211 1273 907 942 1302 1236 1395 1088 1296 1333 876 1130 1193 1168 1225 1328 1361 1220 1370
1032 1085 1102 911 1136 1066 1097 988 840 961 1344 1381 1114 918 1303 1167 1246 1063 1058 871
994 1240 1085 987 868 1288 1138 1057 949 1032 1337 1196 1285 1251 1281 947 955 1142 911 1311
1153 1310 1071 1413 1291 1183 960 1196 897 976 1174 1210 1143 982 1047 1096 1355 963 1066 1023
170 230 220 1889 280 78 256 93 118 103 1836 190 1971 1803 307 221 297 337 1962 287
92 1886 1860 97 328 1911 321 1831 413 28 382 293 433 140 305 187 81 198 204 74
1414 1560 1629 1671 1432 1677 1678 1285 1506 1696 1663 1320 1284 1289 1250 1345 1527 1622 1658 1287
884 1289 1047 1414 1228 996 1063 1054 908 1310 1417 1194 1220 1043 1311 1149 1319 1350 1045 1366
1655 1731 1452 1496 1511 1627 1540 1619 1432 1616 1716 1427 1514 1587 1685 1556 1671 1638 1649 1621
291 1838 70 330 58 329 3 320 1804 282 435 176 1819 1966 121 287 1873 204 1952 1888
979 1126 1196 1075 1347 931 1173 1002 1340 1009 1105 966 1050 1332 932 1289 1113 998 1062 877
65 449 332 2 24 287 1863 517 1925 419 269 1850 1864 1848 471 356 415 1909 200 175
1478 1551 1455 1552 1709 1469 1752 1584 1510 1558 1496 1400 1410 1563 1725 1489 1492 1681 1404 1405
1457 1586 1692 1689 1694 1489 1503 1501 1573 1611 1460 1570 1747 1640 1595 1674 1705 1619 1698 1621
550 675 577 514 700 470 742 621 496 744 631 711 728 670 521 540 474 646 551 764
107 420 313 58 88 48 1936 468 1833 330 1918 327 369 448 299 286 75 17 140 1928
1116 1302 1272 1011 1353 1135 894 1362 951 878 848 1265 1233 1074 854 1123 1217 885 910 1430
1490 1509 1693 1458 1527 1510 1695 1593 1530 1732 1453 1754 1438 1646 1582 1544 1560 1760 1586 1752
1128 1308 1126 1317 917 950 1020 1410 1063 1230 943 1264 1026 1343 1139 918 1249 996 1018 1328
874 974 1099 1110 855 1243 943 962 1149 1370 1287 1350 909 1294 955 1111 1114 1282 1022 1284
990 1064 999 1018 1336 919 981 1062 876 1161 996 1310 1218 896 1235 915 1172 850 1374 929
148 386 121 372 432 26 1833 183 46 1861 193 197 369 74 164 106 216 129 390 1795
946 1161 1393 1085 1380 1056 885 1372 1097 923 1388 1204 1119 854 1242 958 975 1297 1151 1091
110 173 39 1938 329 1857 166 1851 1804 82 436 1849 376 346 338 59 429 277 370 92
118 281 1850 252 12 83 402 146 375 1812 1813 18 223 1821 1920 259 294 287 1891 178
203 1968 127 228 1962 1865 385 1858 1859 1952 94 1791 36 336 202 345 174 180 59 1909
12 1826 1924 434 91 1889 403 41 199 177 172 1797 2 323 139 23 1844 401 121 112
775 842 1006 1057 667 720 915 760 888 899 650 962 1090 726 643 1149 706 898 917 722
176 404 1930 53 74 418 1951 1827 311 166 429 1981 320 89 86 346 222 191 145 139
1020 1387 1144 1004 907 1251 1016 1134 1200 1232 854 896 1356 1245 1207 1320 1236 1311 881 1390
161 277 1905 245 385 355 349 1835 344 34 1914 1846 396 1892 162 1798 109 188 341 1898
1493 1554 1534 1606 1568 1594 1651 1417 1694 1421 1488 1659 1723 1529 1621 1764 1576 1745 1591 1549
1271 1403 906 1386 910 1569 1423 1006 1193 1375 1029 883 1609 1231 1086 1392 1277 1551 1543 1330
10 341 1929 152 1849 288 1965 127 129 76 424 69 1789 146 1962 97 1803 1844 182 144
136 439 418 1899 67 389 1934 463 141 1814 1907 381 10 46 1815 174 1938 466 72 96
391 437 466 351 66 304 1895 27 302 305 306 450 383 1912 369 324 358 333 118 336
1169 1387 1348 941 1109 1254 1430 1020 1524 1134 888 881 1321 1032 1009 1037 865 1240 1276 896
1960 1967 116 268 1847 1859 380 1837 300 113 1823 345 1977 1883 1818 418 108 114 296 1860
10 416 156 211 384 143 52 1897 185 430 1849 327 1911 32 1850 205 432 139 54 291
1623 1747 1749 1673 1739 1596 1408 1597 1640 1665 1531 1758 1779 1712 1652 1745 1702 1605 1508 1776
991 1149 1336 866 1295 1364 1058 1116 1029 965 1071 1084 1299 1103 1267 1276 1234 1023 931 1222
1011 1388 1010 868 1150 1287 1255 1516 1064 1376 1092 1258 1207 1209 1063 1525 1290 1068 1359 1429
75 367 418 23 1901 99 1819 116 1798 142 130 21 1858 77 1799 466 1830 1896 95 361
1809 1962 1826 28 1891 147 200 412 335 1885 1974 43 346 244 362 264 72 326 18 325
981 1338 1334 1344 1077 1191 1351 1159 968 898 1345 1205 1114 1155 866 1042 1330 1203 1089 1083
481 600 522 652 553 510 689 656 567 660 561 570 657 717 596 714 444 700 648 736
963 1056 1088 901 968 1040 1052 1015 941 839 931 884 837 1334 1188 1376 1252 972 1302 1103
1019 1239 996 1028 959 1323 1229 994 1314 1425 1080 1300 1321 1363 1197 1243 1097 955 862 1318
1076 1211 1264 1342 1356 1323 877 852 1408 1171 1370 1097 1070 1122 995 1400 1321 1019 1009 918
843 1123 999 932 1040 1206 820 809 1183 1257 1021 1007 1020 776 1064 1300 1331 1269 782 1017
1006 1045 1308 1044 1276 896 1359 1155 1282 1084 988 1317 1116 986 1293 930 879 946 1083 1080
664 732 793 547 818 785 673 592 643 658 808 816 798 591 577 809 606 582 614 684
296 433 5 139 396 119 291 355 1963 68 200 1829 154 454 359 235 432 195 22 1799
1158 1252 981 860 1081 1199 1109 1235 876 891 1216 994 961 947 959 1203 1051 1075 1231 1119
1264 1391 991 1528 1174 1086 938 1270 1191 1283 946 1224 1439 1534 1111 932 1221 1323 1078 1382
463 481 366 574 360 568 340 572 585 580 541 385 408 500 593 547 559 410 355 414
1162 1285 1185 992 922 1364 1350 948 1235 1381 894 1264 1317 1074 1333 1077 1017 1406 846 1301
1009 1354 1218 1095 1294 1042 1106 847 1327 920 1107 1238 1292 881 1429 1343 1064 1224 1004 964
1175 1215 1210 1405 952 878 1153 1051 1066 1060 863 1110 970 879 1109 1099 1188 1359 980 885
50 1862 70 68 335 200 1911 214 193 1972 360 11 1908 73 356 361 1905 1904 75 146
1053 1356 1181 912 1287 1182 843 1214 997 855 1091 1143 884 1369 1211 1031 1099 900 1270 1189
912 1021 1049 1135 886 1362 1305 856 892 931 967 1200 958 1313 851 1231 1266 1080 1046 1073
370 465 1817 548 40 329 55 446 76 495 1947 1957 523 551 319 31 1827 104 38 1909
29 179 227 176 1920 1888 338 266 1961 271 134 281 371 1796 171 238 1879 1971 242 365
967 1130 1297 855 882 872 1047 1155 948 1228 1317 1181 1134 1088 1037 1051 1036 970 1291 1280
30 440 278 1803 157 435 209 514 1827 357 28 79 1959 84 1 119 513 63 56 1917
1435 1476 1557 1376 1746 1656 1525 1372 1366 1571 1649 1411 1737 1512 1453 1693 1624 1706 1511 1373
1023 1102 1157 970 1203 1281 1307 1093 1270 1206 1064 988 1169 982 921 1029 1332 848 1175 1148
1595 1678 1562 1746 1656 1642 1508 1729 1461 1470 1530 1720 1493 1529 1572 1543 1524 1454 1489 1710
19 1836 204 105 151 373 1791 205 1805 335 1844 208 439 11 410 161 1875 1834 1812 432
339 437 448 192 195 1805 305 410 1947 1801 42 409 82 48 1906 71 155 1856 322 134
845 1031 1368 1351 1139 946 904 1212 1367 1253 1279 1148 938 762 1349 930 900 869 1170 1050
500 533 577 642 551 566 463 483 576 611 602 543 479 637 467 502 457 475 565 460
1622 1764 1530 1569 1654 1731 1785 1521 1782 1429 1777 1664 1550 1440 1474 1715 1666 1627 1490 1515
1397 1416 1535 1417 1518 1364 1643 1527 1342 1184 1349 1285 1719 1213 1236 1352 1544 1360 1187 1578
1437 1537 1587 1513 1425 1630 1689 1644 1485 1427 1691 1705 1504 1600 1659 1735 1469 1430 1652 1599
646 740 692 806 756 564 794 638 627 601 587 559 665 586 731 714 713 668 696 763
1466 1584 1461 1564 1481 1761 1675 1482 1578 1673 1614 1398 1565 1684 1513 1597 1683 1445 1525 1619
1718 1788 281 181 221 1666 1704 1755 1598 1547 1701 1415 1520 1653 1652 284 180 1804 1803 1444
151 1819 1922 1946 367 50 323 397 1824 1901 23 1913 297 1801 315 159 17 259 240 13
1918 1977 1888 137 427 167 1841 1916 390 1952 163 1948 15 1963 204 341 113 1937 308 349
1170 1294 1157 1413 856 1271 1009 899 901 987 940 992 1202 877 848 847 1241 997 1385 1397
385 1834 65 1947 355 171 281 1926 20 1871 45 298 84 293 395 72 186 270 92 26
1640 1683 1779 1639 1501 1780 1712 1517 1446 1444 1409 1523 1600 1478 1599 1411 1505 1557 1561 1724
1451 1549 1401 1624 1712 1531 1527 1734 1670 1605 1697 1489 1544 1756 1647 1503 1741 1476 1680 1632
1156 1310 1301 1316 1015 1354 1199 1341 1047 1304 1308 1385 1222 942 1041 1338 1299 1258 948 1429
922 1016 1151 1035 1270 1006 884 1330 926 1363 909 1248 1278 871 1240 1051 1360 1224 1316 879
1228 1406 1009 1279 1449 1219 1174 894 1073 895 1153 1063 1033 1588 1535 1573 1321 891 1360 1185
339 1877 190 163 2 1817 79 458 124 370 267 1865 205 1871 209 265 294 1967 1872 186
1710 1773 1628 1468 1680 1749 1411 1488 1557 1554 1546 1627 1723 1699 1458 1412 1677 1499 1550 1772
565 653 586 738 625 740 566 671 650 534 707 526 600 688 501 663 696 537 513 656
81 406 64 389 1806 173 461 1818 123 1885 1878 99 288 286 73 391 332 1956 360 1940
1167 1220 1217 964 1420 883 1013 1202 1100 1278 1275 1235 1259 1162 942 1037 1181 879 1135 961
1644 1781 1783 1508 1417 1764 1620 1533 1738 1728 1541 1472 1598 1476 1730 1770 1558 1411 1505 1803
1552 1663 1727 1621 1756 1558 1689 1543 1569 1446 1487 1498 1571 1553 1559 1667 1720 1542 1618 1637
894 1233 877 1123 1293 854 1181 843 1169 1229 1094 1418 1325 1264 1306 1082 1218 1270 1161 1307
1585 1722 1717 1747 1435 1423 1672 1735 1663 1783 1742 1558 1409 1555 1582 1468 1615 1744 1570 1457
531 568 547 577 528 599 711 595 650 634 553 632 682 598 659 609 551 590 450 697
338 1828 94 284 165 161 193 447 459 409 1847 178 24 1950 1797 351 385 60 22 92
313 1944 164 1823 440 1907 176 386 87 402 280 302 165 1901 1910 1856 293 1977 425 21
167 229 0 439 1859 394 411 204 1819 1916 273 339 402 283 1910 1932 1805 1813 103 309
946 1126 1080 1376 963 1028 1090 905 1121 1310 1292 1220 1176 1211 909 972 859 1291 1288 1193
1591 1664 1673 1554 1730 1416 1669 1510 1684 1760 1487 1476 1507 1738 1451 1531 1576 1686 1742 1633
1574 1680 1678 1447 1733 1655 1744 1606 1718 1429 1540 1588 1684 1477 1690 1549 1394 1663 1473 1502
1613 1646 1606 1696 1775 1422 1735 1623 1771 1516 1489 1657 1702 1434 1636 1581 1441 1731 1454 1496
1064 1300 1132 1026 1223 1067 1131 920 998 848 1295 909 1311 921 1426 1151 1243 1221 1292 1354
413 1925 454 1926 144 72 1918 100 433 40 158 106 1826 134 325 310 1940 410 16 1981
848 935 1289 1317 1102 827 1283 845 1290 905 1136 1015 908 1303 927 1095 806 1291 842 959
117 155 152 249 154 7 19 1 381 1869 385 367 148 347 302 1962 149 1867 369 145
1519 1536 1607 1400 1495 1646 1585 1639 1406 1675 1657 1389 1539 1609 1444 1567 1521 1510 1520 1628
98 364 1919 154 356 1827 1873 338 460 385 1955 101 1888 114 415 78 1895 294 57 62
315 368 318 1868 68 1796 1963 294 84 395 137 313 1906 331 391 1895 92 385 444 162
1310 1392 1306 1236 1014 925 1341 1400 1385 1000 1290 1515 1425 944 1205 1262 1405 1045 1324 1353
636 738 564 670 599 727 740 659 803 698 525 634 767 671 607 529 774 735 653 823
619 710 611 792 747 548 620 533 807 721 705 543 768 685 503 719 642 570 626 612
930 1127 936 871 1102 860 908 1004 1041 1356 964 1249 870 1073 1104 1296 1195 1237 888 957
4 1918 1903 31 436 97 1885 1867 180 314 347 388 358 363 193 395 1977 383 119 451
270 1808 316 56 196 17 1970 1860 154 1966 358 289 259 322 293 1875 120 9 1788 44
167 224 80 350 188 1854 281 1799 205 1983 1825 1953 1926 186 181 212 323 1790 61 326
875 1076 1241 1343 1286 1206 1297 1069 1296 901 1322 931 902 850 1352 856 896 1167 1374 1016
890 1378 985 1343 848 1367 1234 1412 1013 915 1086 1028 1227 1437 951 1038 990 998 1361 1301
1859 1910 1807 177 119 201 26 14 346 146 367 114 365 87 235 12 1919 45 1895 1837
