1356 1415 1444 31 1451 1315 1284 22 1510 50 1430 46 11 108 1288 41 1308 1409 1435 36
1407 1425 1313 75 71 1399 1387 92 1488 76 139 1508 1492 1471 1517 57 1448 1515 1503 45
260 352 357 350 416 424 242 393 227 337 316 225 321 247 434 236 461 248 275 241
62 1308 88 1362 99 13 136 79 1512 1399 1486 1296 64 1352 98 1356 117 104 1420 1498
1376 1492 84 1389 132 1423 105 137 1516 1429 1295 1356 1355 1415 66 1290 1502 1477 62 1395
938 1004 1024 904 1038 1093 960 994 934 990 1070 968 970 977 965 916 953 907 1060 993
249 460 316 295 342 300 580 277 405 437 255 203 402 516 396 489 290 228 289 473
840 903 883 929 931 934 923 912 897 926 855 935 944 783 902 876 892 913 950 804
281 300 301 427 402 276 311 252 283 269 292 363 424 248 297 435 263 407 353 260
77 1359 29 1512 79 1394 1397 1424 1379 24 143 1299 1507 1360 1282 1366 1287 83 1428 110
13 1326 6 1273 1288 1294 1498 1269 126 1303 101 1385 1509 1511 124 1322 1375 21 1311 1504
302 388 409 319 394 338 288 235 430 346 358 270 259 295 404 368 337 413 412 376
1414 1447 87 1496 1424 88 1523 95 1498 1418 34 1410 1403 105 19 1524 131 96 1381 1465
1374 1446 1392 1429 80 1283 1309 1474 70 29 134 124 1307 26 1497 1293 1398 1319 123 1500
58 1458 1384 12 124 89 147 131 17 142 1453 1443 1285 1357 13 1328 1291 1434 1356 1524
111 1362 1315 87 4 1314 1333 145 28 1350 1512 1371 146 129 1285 51 124 108 110 1365
1439 1512 1507 115 86 23 1440 1459 19 9 1427 1425 1434 110 1521 7 1407 1371 129 1470
1362 1392 17 105 1411 1415 1521 1336 145 1300 1394 1439 131 1498 1448 1396 1504 1460 1308 1416
20 99 1276 84 1334 66 61 111 1341 1386 1497 86 97 1448 118 1298 1260 60 1319 1323
512 551 531 544 501 604 545 620 494 530 483 619 613 589 490 477 522 459 456 502
45 1348 107 1427 71 1330 134 1298 1396 1321 135 1323 1388 51 1291 1289 86 88 48 1293
46 129 68 3 1325 1378 1414 1376 107 12 1418 1461 1515 1445 1467 131 1351 58 71 1454
199 423 201 392 273 274 388 256 209 185 425 393 200 232 258 164 390 217 178 243
816 877 885 888 782 799 820 879 813 897 910 830 838 868 899 834 789 881 857 860
1094 1136 1065 1072 1066 1132 1171 1129 1068 1113 1018 1190 1052 1092 1131 1034 1061 1165 1191 1096
281 436 350 494 495 307 466 324 474 221 193 429 403 190 487 204 332 347 398 345
256 426 420 381 273 347 286 278 302 218 225 392 489 388 482 342 479 235 410 251
395 433 247 281 301 422 243 403 256 313 216 205 249 455 299 353 431 321 418 491
448 457 190 411 467 538 462 400 407 441 536 443 506 499 482 194 521 541 532 489
76 1511 1393 1392 1350 1377 44 1408 30 1483 1427 1490 1360 1321 146 1452 1337 1340 1302 128
1227 1278 1216 1282 1178 29 1307 1370 1239 1294 1261 1341 1371 1222 21 1208 9 1238 1228 47
626 711 662 767 566 700 582 704 605 547 725 585 650 608 663 634 577 744 628 607
248 261 274 388 216 314 437 456 336 401 343 404 306 220 385 262 280 379 238 441
108 1371 143 1341 1373 129 1385 49 1494 1313 1332 79 1478 140 147 139 1386 1378 1322 1309
627 726 601 582 659 700 584 576 569 653 748 599 564 589 723 660 761 597 662 600
32 72 93 28 1280 1271 21 1514 1524 82 1270 1275 146 1450 121 1451 5 1359 1424 122
499 581 506 575 483 474 493 593 440 658 676 597 586 498 473 678 548 497 651 603
986 1034 1048 1091 1111 1026 959 946 1067 950 926 957 1114 1095 1036 934 985 1037 1029 955
992 1086 1134 954 1068 969 955 1137 953 1159 1033 1114 1059 1037 979 963 981 1101 1008 1105
594 641 611 624 634 637 710 599 642 681 541 554 564 685 722 582 552 701 562 727
1420 1516 122 147 77 1398 14 139 1452 1508 1434 1433 1454 4 110 124 53 1483 72 1414
953 968 1034 1021 919 1024 980 908 925 951 917 1023 999 1011 935 936 911 956 963 976
87 1335 44 138 1288 104 81 65 49 126 102 51 1365 55 1358 1316 1395 1299 99 1411
723 765 760 637 745 785 676 749 804 634 730 722 786 681 742 698 800 801 646 649
976 1020 1066 1087 982 968 1110 970 1017 939 1114 961 1084 1094 921 1039 929 1034 1122 980
1030 1120 1178 1119 1051 981 1182 979 967 1170 1113 984 987 1116 1058 1151 991 1185 1014 1025
1205 1226 1218 1173 1196 1197 1220 1174 1204 1244 1279 1164 1202 1186 1201 1180 1194 1240 1210 1284
44 1497 15 1429 1524 1455 115 1330 1417 1439 1510 46 1423 60 1390 1526 76 1394 1425 47
1373 1407 64 1476 107 117 1527 132 70 1518 125 1453 1499 1343 1284 1293 1515 1447 1448 1296
757 779 743 762 836 774 742 820 805 702 828 783 704 718 799 766 764 744 823 816
69 1337 1519 87 1423 1398 1482 1399 18 1279 43 1480 1283 1516 1441 1390 1309 1511 1521 82
773 804 869 883 750 842 754 768 833 863 756 839 762 785 755 722 874 746 820 882
644 684 608 607 703 625 622 601 594 688 579 612 739 623 629 588 635 647 573 609
380 420 300 276 285 485 289 270 429 262 476 448 280 290 286 343 247 446 207 210
82 1343 1294 1306 1369 1389 118 1412 1289 123 133 1405 1406 1428 1517 79 10 119 1398 84
438 473 497 441 454 220 205 222 388 201 239 238 281 237 482 216 224 444 544 566
260 415 288 241 327 402 401 330 239 345 371 220 430 269 419 376 317 448 348 378
1311 1317 1359 1379 1321 75 95 67 1372 94 1391 1389 1280 1301 1367 1307 1360 130 113 1312
608 721 643 737 676 702 613 679 633 748 646 731 713 718 542 729 545 592 572 755
625 640 632 659 677 651 720 645 684 665 672 612 644 695 576 629 566 567 594 599
197 430 279 486 196 481 263 212 404 478 407 446 194 449 405 205 281 393 192 479
7 1277 1267 1358 1260 1312 1319 104 1307 130 1311 84 1290 1303 121 50 1518 1284 1309 12
288 377 393 369 350 370 272 327 276 301 309 385 373 359 310 401 303 374 312 376
68 1487 121 4 1465 86 1343 58 90 1299 1406 119 61 1298 1314 1311 1448 17 1525 1475
695 709 711 600 766 667 712 714 682 758 630 763 606 726 760 762 721 756 605 629
477 495 510 576 499 563 471 490 518 507 564 504 545 409 559 405 570 585 531 537
1014 1062 1037 1057 1047 992 973 1119 1073 964 1050 1134 999 1147 1106 985 1132 953 1055 1015
696 742 623 723 677 634 772 774 724 802 672 689 756 613 602 609 670 765 769 641
983 1068 1116 1014 1035 1041 1094 1031 1092 957 995 1141 949 1120 1130 967 937 1140 1016 942
1 1472 1262 1413 1354 1275 1474 1516 98 1373 1458 103 80 1454 24 65 1443 1520 1452 104
543 558 512 521 485 611 620 470 492 542 459 590 559 472 617 508 571 533 487 530
926 981 901 1000 937 1027 939 952 967 975 1009 961 980 1058 900 1031 928 1001 908 1023
1064 1107 1146 1145 992 986 1115 1038 1159 1096 1162 1048 1015 1035 1125 1061 988 1153 1111 1020
1269 1286 1220 1231 1284 64 1393 1287 1350 1344 1390 42 1290 48 1236 1300 1263 1239 1266 1217
1121 1156 1045 1079 1152 1109 1114 1169 1174 1054 1074 1150 1065 1138 1104 1105 1037 1188 1162 1094
269 371 312 379 339 338 387 411 301 434 328 369 433 372 254 419 380 242 438 291
303 366 361 266 250 268 252 333 327 338 242 367 318 358 279 277 403 264 299 296
105 1371 1524 1423 123 136 1346 1384 1482 1492 1469 29 1463 1414 1353 121 1330 1336 1352 1301
381 414 333 289 320 432 226 441 220 240 278 308 270 397 232 288 283 352 360 367
437 466 401 197 458 263 482 521 485 524 234 565 198 226 502 411 260 252 522 526
327 387 265 255 402 269 350 259 371 355 348 310 353 438 360 251 441 263 343 423
45 104 82 1524 76 97 1472 1347 27 12 1279 1443 1409 1 26 3 1412 10 1442 20
815 852 909 891 878 866 786 908 888 795 877 845 870 905 872 837 779 791 820 848
1133 1148 1099 1074 1051 1159 1036 1189 1050 1126 1067 1174 1164 1125 1083 1085 1136 1057 1086 1056
174 192 153 185 453 204 461 449 149 146 220 154 150 202 437 222 147 213 432 172
672 730 677 727 752 644 755 703 598 611 579 646 617 596 656 623 603 618 770 753
751 806 864 753 752 879 746 857 771 749 811 789 723 880 704 720 766 727 842 845
141 1390 36 1411 1332 1471 1409 77 102 1429 121 97 171 1430 1363 1321 1473 135 1315 80
735 745 731 679 721 730 707 803 769 800 746 774 660 790 681 752 784 699 747 711
635 681 669 574 621 729 643 738 645 708 678 607 693 562 644 567 668 721 656 606
142 162 184 156 47 72 77 136 101 50 134 186 174 1517 1396 34 123 1405 1512 54
78 1304 70 1305 1416 0 138 73 1301 67 1298 44 122 1333 1428 1362 1283 71 1369 1427
256 460 486 377 182 315 249 211 419 528 580 307 239 412 532 450 296 413 243 476
1068 1143 1021 1025 1081 1099 1168 1014 1006 991 988 1045 1169 978 1084 1108 994 1017 1010 1175
1402 1489 1360 1442 1501 30 1481 1363 1480 1482 1388 32 59 42 1447 1506 1358 1382 87 1517
279 343 392 434 243 353 397 349 362 318 273 310 266 242 352 399 262 250 295 277
1314 1368 1324 1294 1269 1285 1390 64 1429 1351 86 1367 101 99 1378 1517 1365 1401 1292 1373
865 909 802 800 795 943 870 835 935 930 822 794 799 916 947 804 876 956 895 900
26 1454 1406 1431 1259 1386 5 22 1385 1500 16 1474 131 44 93 1421 1290 89 1513 1475
27 132 1399 1367 1270 1426 37 53 65 152 16 123 11 1516 52 1459 127 137 60 1338
260 379 414 344 364 248 315 220 262 279 433 269 382 251 415 355 324 408 294 391
1490 1518 87 27 136 1375 1462 80 116 49 111 56 1405 1473 133 138 1445 115 135 1397
461 494 464 237 551 490 264 552 441 259 457 422 251 435 465 581 539 550 411 538
440 512 553 448 248 399 477 511 390 560 497 402 221 197 572 462 532 505 557 421
105 1338 1321 1411 123 1297 1384 1364 1295 48 1293 84 98 1323 126 127 1379 61 1517 88
275 297 344 273 309 311 280 243 363 402 320 394 383 354 258 305 255 367 261 377
551 613 600 714 511 701 558 554 548 615 534 650 676 678 623 562 669 491 599 628
648 717 706 652 571 575 694 665 629 609 670 735 587 622 736 600 633 700 685 698
63 1471 1308 30 49 1479 1507 1 1288 44 1419 100 42 1458 14 9 135 1310 38 1441
131 1403 1378 29 1396 1479 41 1338 6 1506 1324 1369 121 125 1459 78 163 1377 140 1457
647 689 626 595 584 703 617 685 722 708 684 611 650 574 690 739 633 732 586 641
529 568 562 485 570 635 519 632 494 592 510 515 453 539 629 586 636 534 604 611
580 612 636 649 561 545 662 524 497 651 583 711 644 708 701 591 503 593 703 621
1032 1115 1080 1137 1121 976 1098 1159 1113 1090 1097 1027 1043 958 1065 1018 1171 1135 1165 1029
1079 1135 1168 1157 1087 1045 1086 1044 1184 1140 1009 1004 1024 1015 989 1028 1154 1158 1108 1159
1296 1333 100 88 1282 85 1301 50 1302 1338 103 1343 101 75 124 1332 1379 21 1387 1256
66 1480 1433 14 143 59 127 73 1301 128 36 134 40 1501 1344 1475 136 1367 1298 3
1363 1524 64 131 1285 142 1413 1343 19 1454 1380 99 74 146 1311 1446 1339 1391 1526 1352
635 643 714 602 703 725 658 592 566 565 576 644 605 616 629 615 682 686 617 620
393 399 361 231 294 382 359 373 380 235 333 307 443 377 344 442 327 230 276 358
107 1326 1337 44 6 1298 37 1300 1511 1289 1327 1293 64 51 1392 54 96 13 34 1403
304 347 392 354 371 360 395 297 268 373 385 281 298 320 301 245 336 328 286 387
341 380 303 394 364 369 288 241 262 300 332 292 368 372 338 287 268 310 357 284
23 63 1408 1300 1268 1267 1321 1276 1503 77 1341 121 140 91 1442 1406 21 24 113 1323
686 742 768 622 610 604 764 744 762 727 738 624 783 724 728 636 586 652 643 699
255 439 498 363 371 289 254 405 465 210 265 215 216 281 497 489 208 486 217 230
1405 1444 1376 80 1359 19 1391 1447 1490 92 1477 142 1498 1387 1525 51 24 1524 97 1366
460 510 524 492 499 488 521 186 544 456 479 191 435 265 482 189 436 194 252 253
138 171 64 1381 92 31 109 195 68 1511 169 1519 42 91 168 183 76 1513 152 1407
67 145 41 1509 39 1354 63 1511 1302 1335 1347 5 1425 1322 130 1508 1525 1359 84 1434
48 1450 1364 1472 1417 142 1515 1397 1437 1518 1337 3 18 74 120 1436 86 107 99 90
242 289 346 431 421 403 408 365 364 352 230 223 264 339 368 314 440 259 329 374
1207 1243 1203 1254 1246 1170 1197 1217 1257 1283 1214 1233 1202 1280 1242 1208 1212 1188 1218 1252
237 251 314 464 300 286 205 342 382 268 390 230 272 253 306 436 288 376 413 233
1409 1451 118 1459 1386 120 105 67 96 51 10 65 1518 85 1473 93 1398 1494 72 1516
823 870 898 793 843 821 826 884 906 778 887 860 777 841 800 873 828 902 799 911
591 622 681 639 718 686 534 562 563 618 539 648 666 636 674 694 548 606 625 677
557 583 627 636 640 586 576 621 618 505 558 531 515 543 620 628 511 572 677 581
56 1422 130 1513 1389 1415 1392 1494 99 1409 91 1340 1338 82 1487 1350 1369 1507 125 1420
310 389 359 391 315 243 262 257 417 396 365 277 375 415 436 249 246 239 366 379
1397 1488 1435 64 1367 1353 139 137 45 126 1351 85 1444 1454 1402 145 1433 1360 25 1432
1358 1368 1504 107 91 20 55 6 1399 122 46 123 1278 25 30 138 1405 80 1369 1284
901 913 875 881 861 865 930 889 878 895 870 958 917 943 926 900 854 936 862 848
69 117 1520 1302 1421 141 1314 1501 142 1327 1481 1429 7 1442 1330 1403 22 1407 140 3
103 1364 17 1281 51 98 29 1322 1525 37 1417 1320 58 1338 1484 1408 50 102 1517 1416
60 1318 1441 1381 1499 1360 1403 142 1346 1458 92 1481 1401 64 0 1332 1320 1427 84 139
795 852 822 784 757 749 838 736 905 782 761 745 910 781 896 894 818 858 790 872
729 767 733 774 669 745 765 687 674 797 678 720 779 806 737 703 758 675 791 711
1442 1527 48 112 1420 88 1517 143 1394 1406 1423 1397 1494 57 30 1452 122 64 1460 1
1121 1167 1108 1046 1073 1030 1175 1095 1028 1122 1110 1182 1134 1088 1052 1080 1211 1171 1107 1085
