20 92 2265 924 2191 122 2170 101 138 22 2188 2184 2248 2205 7 897 2264 2183 6 117
283 373 1195 189 270 293 234 1274 370 1192 1220 366 323 1245 418 452 1222 315 391 329
1240 1254 281 435 477 436 458 304 204 414 303 420 345 473 207 1281 1257 370 1194 200
2195 2231 1500 843 2188 1567 833 2190 901 1585 932 2274 1360 2520 2236 1528 1357 2185 133 2519
790 814 2396 2471 2244 2279 2511 805 2276 2256 2273 767 1610 2286 2231 842 2284 2470 2458 2437
2035 2068 2026 2041 2117 2011 2012 2058 2125 2076 2047 2029 2084 2131 2039 2023 2098 2057 2128 2093
1594 2526 795 858 1554 2537 2493 1613 1559 893 57 880 2260 1612 36 888 39 2515 942 2438
340 1865 384 373 1236 1895 1701 1923 1228 1869 280 268 1692 322 295 1920 1246 1916 1891 1919
280 363 1893 195 410 318 201 1897 312 287 250 1894 218 1195 482 349 382 379 1872 257
1641 1677 560 2499 2449 1712 1694 2439 598 1620 2341 2326 607 2311 1616 2438 1703 2313 2384 2342
1383 2252 2538 953 2162 2181 784 2270 864 2166 799 763 2506 923 1590 1362 815 943 2515 855
779 811 2536 2242 2253 1614 2301 1624 821 781 2427 2269 2231 2260 806 2232 1619 2415 2412 2406
1413 2188 1566 2175 89 1501 1426 2170 1373 93 1567 1349 2160 1360 1509 2199 1419 112 1499 2191
273 379 1876 210 1238 330 366 213 1269 337 441 1210 1259 375 306 1844 1864 1235 335 356
2114 2121 2081 1334 2144 2138 2137 2127 2095 2068 2111 2146 2094 2090 2128 2104 2139 2086 2106 2097
2299 2508 809 2452 2274 838 2265 918 2258 947 885 821 1589 616 2248 2253 770 1628 2448 2521
2300 2502 2513 776 1638 630 12 788 2343 828 23 2332 2486 911 2536 1625 2528 887 620 901
2199 2231 1386 2186 808 830 1412 127 2271 39 2197 2170 2243 2514 924 142 833 1525 43 1405
18 81 2529 926 21 37 51 2183 2197 4 5 935 2252 35 2174 42 36 103 65 2173
359 1205 335 1225 351 509 381 1084 396 1249 262 373 382 515 265 1866 422 1842 395 448
781 2496 828 2477 2277 866 2271 2481 872 2399 909 2409 2252 18 2434 1613 2329 2403 826 799
1578 1590 2217 1573 2192 1600 2169 2255 1550 2510 2242 2245 2513 2276 2534 2176 1611 1593 1564 2272
247 1224 197 454 170 425 305 326 352 477 198 365 276 1249 488 480 204 297 1204 1233
437 1068 1110 1076 425 1024 1074 1198 1013 1253 1096 380 460 1090 1244 1256 1242 1081 1101 477
592 2317 1694 812 2432 2414 569 570 2356 1633 761 561 769 598 2349 2001 2477 2287 2008 1625
888 2269 858 953 860 861 868 19 2232 2283 2521 769 2243 821 933 763 2249 2526 885 2518
1750 1803 1737 1850 1804 1789 1819 1776 1757 1848 1825 1854 1784 1822 1725 1858 1852 1726 1732 1790
227 305 351 252 286 1886 1210 178 301 376 353 1239 285 219 298 1206 1219 326 1880 304
1574 2221 2183 904 884 122 16 918 1386 892 65 40 1532 902 9 1357 2252 1351 19 2211
445 1200 449 1075 1253 1247 530 1180 1073 317 410 1248 383 1250 1072 1060 370 463 1056 469
2435 2482 918 2296 826 604 2372 868 845 2382 776 881 2338 1599 2366 2333 897 2343 1602 806
5 65 0 2231 67 2252 2515 2204 66 2226 893 2266 2236 2201 920 69 911 2517 2277 886
500 519 1217 1241 1190 477 1242 474 1169 1180 1234 548 1199 516 1208 540 545 552 1165 1223
525 567 596 1694 2351 1667 2331 2346 591 1198 607 556 534 1636 2329 599 1679 1210 1996 2353
2045 2068 2026 2110 2131 2013 2014 2008 2112 2059 2066 2115 2135 2126 2122 2111 2020 2069 2050 2132
312 1235 299 313 420 422 418 376 1874 1219 1274 447 433 381 458 1234 1267 218 202 1194
1625 2401 1610 2482 1662 2443 2427 2360 592 1600 1639 816 2485 2377 2383 1653 2327 1618 590 569
2347 2467 2363 2332 2316 1613 818 558 2410 824 2308 1621 2478 582 566 2397 1654 840 2365 2421
631 2293 1667 813 1669 2313 825 2316 1604 2312 1663 634 608 827 604 829 1599 1668 1603 811
240 335 353 213 298 373 366 1240 1875 171 365 304 273 265 285 288 362 369 173 318
791 1593 1627 2511 782 2221 2339 2292 2503 1619 2232 817 1626 2212 807 770 2241 2337 2286 2325
347 1210 1235 300 358 357 270 234 390 416 1254 455 1853 370 245 363 1234 272 356 321
1753 1795 1827 1796 1815 1764 1855 1803 1747 1766 1841 1770 1735 1718 1724 1780 1836 1794 1797 1768
1944 1990 1977 1736 1922 1937 1956 1935 1939 1945 2013 1952 2005 1979 1958 1925 2010 1991 2019 1726
1193 1695 436 392 1866 451 567 532 1183 508 470 1859 1657 1157 1233 357 467 1709 565 521
511 1197 556 493 305 499 441 410 1707 376 1214 552 533 1227 515 1705 1172 509 532 412
1016 1333 1041 1344 1340 2088 1294 1020 1293 1030 998 1354 2091 1329 997 1360 2118 2143 2124 2092
909 921 2434 878 2491 2276 2217 60 928 2429 12 2539 2227 923 2509 59 34 42 863 855
1008 1034 1072 1046 983 1341 1311 1019 1315 1036 1068 973 979 1331 1334 1054 1324 1329 1335 1313
2327 2369 2404 2396 782 1635 2363 2457 2395 790 2332 2320 2343 794 2381 795 1642 776 1629 2480
2196 2218 1407 1516 1397 137 2242 19 2213 1523 2522 2168 890 1347 888 949 934 1501 2217 1426
831 2535 1376 883 771 65 809 2232 13 1373 2429 2287 911 2493 1629 833 2272 56 19 2532
161 174 213 230 242 236 266 216 136 218 138 219 258 235 115 257 112 120 177 157
2174 2223 39 2249 61 4 85 1405 74 952 90 73 2256 1409 123 2539 37 939 2201 1333
1624 2494 2320 2304 576 2356 829 809 2406 853 2390 2415 1634 845 1625 2482 835 2498 851 2445
827 2509 55 38 890 2535 2261 2230 2500 11 2408 30 2410 924 26 1581 2246 1626 2255 2438
606 2491 889 2300 1676 882 1642 2000 2435 1643 618 2301 2316 2400 824 2398 2483 1621 2007 2517
1689 2001 1653 1162 1161 1938 1177 1698 563 1705 1985 1939 524 1858 589 593 1936 583 597 1159
316 1871 370 269 320 275 1694 283 1842 339 323 1217 1210 1854 311 1889 288 310 364 1901
460 1281 449 1243 1071 484 1235 1812 1206 373 1074 437 1240 1248 1204 466 1266 376 1068 423
928 2522 783 46 923 779 2269 1557 77 2214 776 12 1603 894 807 2270 2246 848 70 1601
2034 2060 2066 2035 2088 2036 2064 2008 2032 2124 2130 2131 2134 2016 2041 2082 2042 2013 2006 2004
1792 1834 473 1865 381 1780 1778 468 1743 414 1782 464 1821 1712 402 1784 1781 1836 1755 385
1182 1201 559 1714 469 432 1681 411 338 389 483 357 1090 1194 408 352 545 548 423 528
1659 2330 804 2412 1625 2380 1631 2364 2458 790 2346 2320 1703 1645 2303 1646 2345 1654 1630 2465
1600 1622 1601 2392 810 825 2371 2246 633 1580 823 1606 2361 1647 2509 2325 2305 2400 2298 2405
938 2529 899 842 2277 778 2282 2231 42 918 923 953 2214 10 1559 2213 1585 2227 2239 870
878 2232 2239 885 16 68 1353 1349 1590 2496 2189 2212 931 844 2172 858 800 2200 848 2426
1653 2456 782 1669 2356 1608 2328 1646 2503 1651 2371 836 2376 545 532 802 2306 784 1614 798
456 1209 316 450 436 1219 1252 295 309 1280 406 1065 434 1827 433 1061 453 394 1216 473
113 2197 138 153 2227 126 1586 1377 2210 1361 1566 131 124 85 1501 2238 1422 86 51 164
443 1286 1218 1078 404 1292 1058 381 1084 1236 1242 1303 1219 1203 1827 1276 1281 1217 1277 428
169 220 1238 222 226 285 275 122 259 132 247 246 309 205 318 290 215 313 239 287
546 579 1183 1627 1673 2332 521 511 551 1698 1176 1640 1632 1701 1622 578 608 1693 1161 1178
550 1675 1644 1647 1166 2392 1689 614 601 2396 540 576 1157 1147 1171 1682 514 2375 1184 1668
6 94 2220 63 2257 2503 128 48 2225 2182 122 889 887 8 127 130 85 136 2179 918
820 2254 20 2270 1621 2444 776 1627 882 1616 1373 2266 2442 2 798 2241 781 894 825 765
1645 2471 838 595 1642 1680 2393 1637 828 535 2484 532 808 2406 2378 2444 793 545 2456 541
471 1271 439 1242 418 1090 438 493 444 443 397 442 465 1092 1236 393 1245 451 1282 1186
1521 2169 123 2208 1574 1350 134 2226 2211 2154 1533 2197 2172 124 119 1331 1562 1341 117 136
982 1337 1368 1356 1363 2166 2094 1020 1326 1312 2176 2106 2123 968 2140 1366 1016 1336 2089 979
94 2220 903 885 52 1569 909 2182 81 112 120 107 1367 105 2180 889 1576 100 2240 1412
336 1238 267 248 288 1228 368 471 1270 457 289 254 363 264 273 1240 1246 210 1868 1227
74 2527 950 790 35 2225 2273 76 833 59 910 865 40 3 913 2499 867 33 842 955
826 2233 856 2279 102 2456 1347 1384 2418 75 2423 13 2231 812 808 1532 794 2528 1361 1395
815 2251 2298 2271 2282 1570 863 2514 849 1595 2411 933 2508 872 1550 1616 783 2213 1551 1385
896 2254 941 810 44 945 2524 804 2537 859 865 2244 16 851 883 929 798 20 1375 17
840 896 927 2522 2417 2482 37 2409 2424 2415 831 2259 2233 844 2514 821 2442 1622 2219 804
285 381 1235 1839 339 1249 348 354 1233 447 413 366 357 1198 363 1872 325 373 1853 1231
1019 1037 1337 1309 980 1294 987 1335 1032 1287 1052 997 1323 1002 1066 1042 1306 1301 1047 1338
2336 2401 1637 2413 1616 2430 2380 2390 2330 2339 789 2490 2319 813 2468 2439 2343 814 2323 2411
2153 2178 1379 954 1394 1375 1503 140 2166 79 67 90 88 77 2213 965 84 1501 2154 2225
1703 1868 1841 1999 342 1849 490 1663 1882 320 1864 1667 1865 2006 530 1995 1659 298 1853 274
132 2176 151 1364 1400 1381 78 1416 82 1510 1409 1360 2193 77 2227 123 1513 1417 112 1576
917 2254 1571 2497 2493 68 1593 776 898 832 34 889 56 2216 2243 41 2276 1599 842 2532
2012 2028 1708 1984 2017 2064 1955 2041 2068 1711 2010 1972 2021 1975 1947 1733 1988 1976 615 1967
813 2260 1559 1567 826 922 2218 1568 28 4 897 1611 1605 832 2521 2235 2293 2224 2244 1625
2 922 63 917 2288 865 951 65 2283 2531 98 889 2523 2287 2273 93 11 948 2224 881
872 905 897 895 2530 2248 2262 2539 925 2255 911 2241 39 2441 901 2503 2256 38 2449 859
902 2446 1609 3 833 868 2411 775 871 916 2276 2225 2512 15 2236 867 2275 909 1641 2249
1666 1689 1146 1667 622 2358 2384 1998 625 575 632 1641 1856 571 2375 540 1993 2349 1718 2404
252 338 263 1227 337 297 303 291 357 1207 1218 1205 325 1230 1239 177 1891 1200 358 376
1617 2497 854 1596 884 859 605 771 881 857 2327 866 627 28 2505 2401 815 598 883 1630
777 2488 2502 1613 602 885 776 2408 2278 2431 2505 849 824 2507 607 2487 2417 822 882 1602
256 1225 321 1184 359 1240 340 508 1185 278 299 1884 1229 441 1900 298 1234 188 426 320
53 933 2215 2225 36 968 43 86 2275 77 2517 15 948 2509 2515 2259 890 951 2205 2207
2058 2076 2040 2016 2045 2123 2044 2041 2020 2028 2077 2141 2022 2075 2037 2115 2119 2122 2106 2059
1610 2293 2263 1608 2505 2469 610 818 634 2510 628 801 1619 2503 1599 2322 2489 2482 2311 2402
236 317 1256 215 1201 328 273 1871 370 369 1230 1229 1862 1893 377 1872 194 354 1221 337
2322 2479 2295 2431 2355 594 831 2332 837 809 797 2357 2303 1642 796 591 1614 2439 2365 1618
815 2278 2482 2409 1610 23 2293 2305 847 1 1628 2474 2507 1631 844 2403 1580 2526 1594 2279
1647 2455 2412 550 2440 1620 2427 1682 2441 1667 554 2374 1645 1652 548 2326 1664 2314 1610 2392
392 452 1191 1240 1245 1823 1215 1242 1264 480 488 1244 1075 350 1272 1214 1235 429 412 1066
33 2264 2523 806 949 87 42 871 2203 776 936 76 0 2506 780 29 2280 1603 2532 1372
1611 2401 816 2313 2329 2379 2424 797 2264 2333 2429 2322 1635 2348 1612 2451 2493 1598 610 805
28 906 2249 2494 2529 2512 34 84 926 890 2526 2256 845 2491 933 898 2507 2536 905 68
852 869 881 844 2512 2497 2240 2417 871 823 903 2500 2533 2427 2252 824 2251 2454 919 2437
819 2498 1614 1639 893 2418 1613 2291 775 2412 924 2266 2444 632 793 615 2289 2240 1602 1626
426 1282 440 465 1271 485 1058 1242 1231 1274 395 457 1258 422 1062 380 1278 403 1238 1078
476 1185 1223 1263 1087 1829 1277 393 1833 1684 490 509 492 376 515 493 395 383 1086 465
1653 2426 1669 2508 2336 2515 1674 2328 873 2513 895 2466 891 871 1681 2405 2398 2391 833 1607
793 817 796 2279 2476 2342 802 2482 2398 841 2339 2474 799 2303 770 2332 1601 2238 2344 2281
808 851 1611 2441 877 782 2502 898 886 878 760 2515 845 823 836 846 2316 2475 874 909
2211 2226 966 2513 2180 107 1526 2195 34 14 2171 890 1358 907 861 2536 1399 31 1528 1356
318 378 422 310 336 239 1850 376 284 1870 1868 1222 285 472 491 253 1845 316 1862 1888
475 1831 1732 1184 1820 455 1239 1773 483 1796 496 1265 362 411 360 356 1853 1711 1271 468
297 1222 301 367 459 486 300 346 1857 491 423 482 207 1868 510 1248 1252 1890 355 334
1402 2225 1584 884 1587 3 857 863 1406 882 1372 1357 52 852 1360 1597 82 1534 881 951
1026 1054 435 1021 1084 1014 990 1016 422 1290 433 1002 1301 1308 1060 1315 1068 1328 1065 432
333 1208 297 524 408 339 1236 495 282 418 440 260 415 1878 270 374 1880 454 257 513
65 2226 961 1576 2232 910 969 914 2526 2522 2252 75 2190 2172 892 938 59 97 2229 908
887 2238 933 11 848 938 59 70 2429 1593 769 2232 2241 912 2194 2499 2243 15 2244 16
985 1026 1298 1024 1069 1303 1002 2149 1022 2161 1315 1316 995 2150 2143 2140 1008 1308 2163 1072
1068 1094 1080 1051 1031 1070 1146 469 1137 426 1101 442 1078 1099 1124 444 425 419 1084 1061
1506 1522 2214 1528 2184 2217 1541 1505 2175 1540 1530 1548 2165 1520 1537 1546 1551 1539 1526 1499
1931 2007 1713 1956 1848 614 1987 2025 1716 589 561 1930 1861 1697 1704 1705 612 2037 584 1692
1041 1068 1037 1069 455 1016 1308 1102 459 435 410 1057 403 1089 1291 1104 999 1062 451 1006
1667 2325 630 2302 2465 805 1648 1159 524 1148 581 1627 529 1701 791 2395 2401 1646 2391 2300
909 2494 2310 613 2418 1619 2219 2505 2228 603 883 884 64 789 821 2447 2305 41 2270 2255
1684 1707 532 1154 612 1168 1650 1868 580 1659 1643 1190 1740 1841 2007 2012 574 2008 1159 555
1848 1876 1697 1866 1833 1734 1847 1729 1830 317 1894 1921 387 1822 341 335 1711 1709 1701 1861
1321 2106 1341 2121 1308 1011 2076 2100 2090 2082 2086 1300 1325 2142 1041 1318 2110 2103 2071 1014
1381 2226 1586 2531 1578 54 2518 866 2250 1356 2166 13 852 1394 895 969 2218 2160 2197 1407
839 878 2423 2267 814 2289 825 2482 2496 874 2493 2527 2280 2491 2220 2505 884 2483 819 2461
279 1215 380 408 516 1889 383 482 459 1228 296 202 483 362 409 243 399 1236 1216 307
1196 1220 409 1180 1214 419 330 357 263 261 445 1183 436 1200 467 1228 356 497 312 496
2267 2290 872 899 2507 827 856 639 793 2319 2500 936 1582 789 891 836 769 2253 2431 2534
1587 2206 113 2239 1601 1358 1419 1576 2228 1380 1361 90 2506 33 1579 2160 1352 2266 21 1377
233 1252 1227 1267 280 474 490 1232 281 1280 437 1235 469 482 1229 328 1269 447 1263 317
398 1202 480 1186 1243 391 436 502 321 1227 1245 441 489 1829 1072 1229 346 1215 412 295
