170 313 156 107 235 179 228 124 108 1384 101 145 260 288 120 247 141 324 270 1348
690 829 735 638 629 589 718 663 695 728 857 768 832 626 621 648 865 803 875 852
763 960 976 781 757 1010 1002 1221 694 1003 775 1070 803 1024 1066 932 1106 809 1029 709
625 681 850 620 593 732 575 648 675 858 846 880 702 638 607 871 596 644 617 634
759 968 1011 1005 977 1125 1077 737 815 1064 832 729 948 669 740 944 1216 1029 1193 823
783 1051 1093 986 979 996 742 1024 972 775 985 1155 779 948 751 1117 1031 1215 837 1245
168 208 193 211 295 129 255 158 187 234 173 1373 231 1336 268 1370 1410 161 157 149
118 1412 362 1291 351 1353 353 327 1340 1349 202 152 1273 1406 254 1420 71 141 174 247
77 1284 1269 59 1320 46 7 140 31 65 1296 1357 145 1262 1264 152 1286 85 48 151
136 1408 1304 1341 357 145 1282 1344 1405 174 1357 1346 1301 1339 341 1363 187 308 178 189
993 1155 1242 1243 10 1058 1082 794 806 763 965 1192 64 1053 1012 1193 19 1076 1030 30
209 1394 1349 94 117 1382 1414 343 180 179 348 158 197 135 253 319 139 324 102 286
337 462 395 393 324 1395 463 412 476 425 222 189 271 227 1369 240 517 185 459 451
73 1245 1008 1270 1047 1301 1217 1294 994 1263 107 1287 1023 1315 63 109 1017 90 1154 1029
1042 1115 1266 64 947 985 31 1050 47 978 1017 957 1093 65 1263 994 788 937 1154 1122
1018 1106 1118 801 1181 1011 960 1182 1165 998 1013 1128 805 994 1246 817 949 53 1189 1254
942 1053 971 1093 1027 965 1251 1048 824 1217 937 1082 825 778 1106 1182 780 1114 975 1196
963 1214 1044 943 784 931 1092 1142 799 960 1198 779 932 1151 1168 987 1023 1062 980 1147
565 722 866 734 595 416 823 757 691 695 520 840 660 573 807 721 726 930 805 738
94 130 246 46 146 123 1317 268 1378 224 82 191 1374 39 1407 34 1258 195 181 158
606 688 559 577 663 607 704 647 667 749 753 627 716 645 728 702 598 849 581 829
132 1338 1263 183 151 256 1345 1 162 60 1287 1349 52 211 249 1389 61 1384 216 267
657 740 827 864 796 826 607 720 570 932 662 751 787 865 784 620 727 660 644 836
211 272 1398 107 309 303 305 298 349 102 1345 1355 334 341 200 1341 99 268 254 164
337 377 259 180 463 251 272 457 256 508 260 1393 315 492 361 403 188 1392 362 1370
114 243 1281 281 161 170 273 305 235 318 271 123 69 320 154 1365 1318 100 45 1415
652 732 788 691 721 594 701 602 577 554 859 589 641 621 939 766 605 642 849 838
223 347 458 108 218 95 453 400 240 141 156 348 1347 1382 163 134 1361 483 353 232
406 525 386 562 507 557 362 539 579 378 550 486 487 589 348 491 573 389 483 490
615 632 859 867 574 672 844 866 571 880 572 643 586 707 610 605 689 644 702 856
638 683 609 731 654 597 727 739 621 870 665 823 881 586 745 701 855 832 740 728
103 1321 68 146 54 202 1328 1309 72 1411 142 129 194 31 1276 97 208 235 78 61
34 1173 1154 1224 1233 1121 56 976 58 1261 1250 92 1133 1127 1217 1257 1328 1223 1105 13
359 472 383 410 475 360 408 401 495 518 1395 453 466 1399 310 402 1402 1394 314 508
184 1349 289 142 1304 107 60 1329 1402 259 1344 1305 69 214 50 255 1314 194 121 1346
946 1184 1199 826 941 1095 1186 884 805 993 757 1058 1005 1136 1110 1209 1112 982 1100 1093
357 1383 472 291 236 132 391 135 452 202 156 311 460 489 282 363 245 173 478 473
1285 1303 109 142 134 1324 93 113 1297 98 160 1349 1338 1261 143 162 79 63 1272 101
624 878 709 582 864 862 668 822 600 640 643 835 634 845 686 579 830 646 574 823
444 522 413 564 468 412 454 376 430 388 443 463 504 521 473 533 366 579 404 437
819 831 829 837 804 954 775 959 853 854 682 684 835 726 706 666 735 665 738 675
228 1409 1384 91 258 225 1375 306 1400 316 341 100 357 342 145 1349 1419 170 107 236
413 533 418 506 403 412 516 494 499 559 431 543 544 585 501 588 477 356 351 370
64 1121 993 1292 807 1333 1236 1266 1344 14 998 954 1135 1147 101 1222 1203 1028 1146 1086
151 1309 113 1344 1349 1321 131 1332 254 141 1270 1337 1347 1302 159 170 1291 241 137 78
1 1110 973 1154 45 1065 67 1086 808 1095 1071 87 90 1021 1342 84 936 939 792 75
203 266 262 175 230 111 1385 1383 1410 250 1378 94 114 156 342 106 1353 345 1338 208
92 1313 1334 1292 234 149 1272 160 1336 51 45 231 1328 1255 147 1311 218 221 1353 1362
1022 1121 42 1269 959 784 1248 1122 1049 1146 1037 1124 1243 1081 1156 991 979 1063 1188 1181
627 854 844 596 851 652 577 835 711 822 848 733 663 580 705 678 615 628 617 679
512 586 556 615 479 734 710 403 486 396 456 459 369 631 573 488 527 553 387 418
271 286 331 129 1412 329 1379 268 210 309 1368 159 224 1374 1399 1373 1403 145 177 205
967 1006 1134 1023 1043 1081 1201 1066 1152 1180 1125 1050 1182 783 1079 792 943 1114 1022 990
724 800 649 1013 577 873 573 961 1093 744 1001 717 598 770 821 567 870 1049 793 730
87 1357 228 1418 50 1399 1383 1409 102 103 212 1366 303 242 53 310 1335 1268 236 230
1156 1254 1272 1 43 23 1278 1261 1248 1133 1073 84 1255 1088 18 1106 1212 990 1253 974
173 1416 198 346 185 287 1412 217 192 1360 288 152 227 165 135 1414 1373 132 325 261
137 1349 215 133 206 1290 263 235 144 121 1287 48 1313 153 120 1406 1392 1283 85 208
615 869 842 696 611 636 840 826 653 819 849 602 836 617 702 583 855 846 704 567
482 547 586 356 362 406 548 444 537 493 479 419 528 409 483 429 541 577 582 418
134 1350 204 207 243 100 1380 1372 109 1389 85 159 84 1277 1403 1300 1410 1317 56 1381
971 1006 1202 1022 1070 1125 973 1173 1138 940 1023 788 1129 773 985 1142 1005 1178 978 1045
255 1399 193 1381 212 1416 120 1349 191 1379 233 103 1393 238 1348 176 316 158 183 292
647 886 637 818 833 640 652 847 719 825 1179 826 675 842 591 602 869 843 729 882
732 839 651 834 765 573 585 795 577 777 567 574 849 690 818 932 848 836 801 700
974 1151 1217 790 1022 1142 1236 1095 47 1230 1113 1071 989 1073 791 813 55 28 1183 1208
1152 1258 970 1242 1193 1129 86 1098 90 1090 974 84 1178 1044 93 56 1108 1104 1058 1107
86 1266 1337 65 149 70 1131 133 1312 1293 132 1244 1285 1316 1298 102 79 123 1109 1115
32 59 1301 1231 1220 88 1141 1121 1123 13 1352 109 1347 1322 1153 71 89 1107 1229 57
177 280 1404 106 105 171 267 279 238 270 1366 186 228 289 1370 335 134 1405 110 312
119 1322 92 39 197 150 1301 1418 1300 51 45 0 86 223 1269 206 82 112 88 1421
99 200 150 244 169 1365 1286 214 1299 1263 157 162 245 209 1288 1271 141 69 68 175
744 837 766 950 822 778 949 948 826 633 584 694 768 824 686 774 659 702 952 861
121 1338 1366 1266 58 41 45 1413 179 1403 1316 1401 1396 163 1391 174 1339 173 65 1270
194 314 216 361 144 289 180 317 1392 312 316 175 174 308 325 310 256 130 95 279
933 1147 785 2 721 1250 1150 1227 1082 1132 1064 825 950 1235 792 1014 31 810 37 1016
194 262 179 346 147 1402 146 178 210 1347 271 313 1380 97 1348 1413 1393 106 323 184
370 418 332 439 552 499 498 473 385 383 333 1399 413 420 488 466 426 340 460 396
24 1118 1262 933 52 48 1136 1204 1131 1185 1059 1140 1102 1080 1139 41 935 1019 1044 1126
940 963 1150 1056 825 794 1130 1128 775 1019 1083 960 1188 970 1103 744 958 1071 1211 1224
99 1411 331 50 65 341 1333 119 110 1387 82 114 335 1298 189 130 1371 1320 1297 150
167 279 227 265 157 145 115 331 235 114 142 200 277 259 146 116 176 1377 1384 247
257 350 346 480 157 1409 1417 147 183 331 1380 123 404 344 362 300 1376 246 223 371
786 1106 780 1214 717 1109 1029 728 977 951 776 1177 1152 1083 1162 936 980 1086 777 715
580 704 770 886 541 532 807 591 646 603 766 868 559 931 598 527 742 873 528 521
19 1170 1334 33 1212 1158 1125 59 1329 1228 1144 1321 72 61 1099 58 1138 1262 1324 65
323 1378 160 344 151 308 337 164 353 338 114 239 154 249 1418 136 320 298 159 257
117 225 93 290 189 72 1317 132 1290 259 1369 1272 1309 1333 337 179 133 336 233 1401
241 1365 1393 270 102 297 312 1384 1352 211 85 272 1395 306 103 345 1367 133 239 305
151 1307 1354 1290 1288 1299 110 1335 247 90 116 1279 257 72 1316 148 273 147 100 1293
90 150 114 1289 162 252 57 139 158 1389 1387 161 254 246 166 92 1328 87 65 1355
989 1005 971 779 806 1215 1184 1157 1206 790 1105 1137 933 1189 1251 796 1254 1154 1015 1196
1113 1267 1122 1340 978 1203 1279 791 1208 42 1023 29 1185 980 71 9 101 1082 110 1109
948 1029 993 775 1041 1250 785 1148 1127 823 773 779 811 1243 1217 1006 1099 1094 1091 1019
389 434 394 391 359 519 531 511 472 384 365 467 452 476 395 533 432 462 416 502
947 1223 1202 970 806 765 1080 1109 820 1031 1200 823 1172 997 774 1180 1184 1033 1179 1061
368 1420 173 420 199 318 1419 132 457 466 403 312 476 419 342 1364 1417 494 409 1386
352 456 1401 1421 1415 408 438 348 331 407 247 391 375 437 318 1381 347 215 428 492
1154 1248 1237 968 1008 1241 981 1049 11 1159 29 1073 47 934 1156 1161 965 931 1153 1001
399 447 474 498 519 340 424 351 404 347 446 429 422 441 382 426 352 354 370 543
347 459 346 316 501 337 351 264 317 323 481 1395 1413 339 521 435 352 428 193 420
83 1265 1241 1249 1239 1282 1259 1353 1 34 81 71 1287 1103 1237 127 133 59 36 43
966 1075 1113 1038 772 1152 945 788 760 1130 1045 815 1114 1184 785 1183 766 932 1202 1255
415 487 349 556 544 398 436 355 520 390 386 442 379 384 414 503 426 354 381 539
293 324 298 246 1388 1414 1373 257 278 1421 283 258 184 319 219 285 1403 363 223 170
455 483 419 460 476 541 515 533 367 375 382 383 497 420 558 341 498 494 547 489
1393 1406 341 1419 169 192 297 254 203 288 216 1370 1366 280 339 107 1412 309 265 1387
949 1216 980 1057 801 1005 1006 1232 1133 1161 1110 56 1001 1094 767 819 965 968 1061 818
1319 1334 1333 1348 1305 1297 33 119 1335 0 74 23 37 1355 21 1301 1257 1308 52 104
968 1143 62 1192 1203 1265 1050 1197 1015 977 24 1169 1237 39 1119 1061 777 1096 1154 1240
1003 1153 782 1057 1111 32 1265 997 1118 1002 774 61 41 808 10 56 1091 27 1196 1180
1293 1348 1341 121 97 206 1322 1265 76 1394 1307 1259 141 241 126 1393 1301 146 1338 236
253 327 230 1391 267 341 373 183 297 376 169 1368 301 251 352 164 357 158 130 285
109 1417 341 91 144 209 1277 220 1383 1364 188 236 1328 348 1306 157 346 366 208 1275
806 1105 735 1114 799 1152 952 1154 1012 1031 1064 1213 970 717 709 809 955 61 1164 941
358 381 1395 426 510 451 1414 1379 424 464 522 486 484 327 423 516 364 490 1421 315
241 326 295 349 1369 254 1412 369 288 329 179 1402 167 1382 1348 265 234 153 132 237
165 228 251 153 157 114 1301 226 1386 222 150 190 164 167 1360 337 1376 128 344 116
622 680 571 824 821 853 715 717 676 616 722 731 665 754 613 735 578 635 641 598
365 444 416 1420 1405 374 475 336 468 353 463 363 370 494 530 333 335 411 1416 436
588 688 759 682 590 525 694 700 514 830 707 835 653 762 862 721 657 663 620 697
743 853 694 632 674 701 775 766 726 559 745 792 843 583 730 831 585 771 584 822
582 713 775 931 651 639 806 779 852 722 545 729 599 781 714 525 549 826 617 882
170 1354 310 133 178 256 242 1365 171 194 283 262 307 286 132 64 1313 82 62 210
56 74 52 44 1347 38 1129 1358 49 79 1262 21 1141 1353 1115 1216 1215 1103 1125 33
382 515 565 431 378 484 482 497 510 504 403 337 429 383 559 457 363 532 569 490
941 1092 816 995 1161 962 1248 1066 1256 1254 1009 1108 1072 1005 1130 1038 790 966 988 982
202 270 125 1338 258 1412 142 316 210 330 1406 320 134 226 1394 1373 1410 1376 300 293
709 860 747 675 775 845 864 601 648 835 650 877 766 817 579 594 819 828 696 725
118 199 270 87 1366 266 148 85 208 1365 1341 1376 267 218 1358 1273 1418 1301 96 232
951 993 760 767 1140 1148 1001 945 943 1014 1134 935 1213 1032 801 816 1133 1070 1039 1131
971 1170 944 1102 1228 1235 9 1133 945 931 788 1046 4 1108 769 1150 785 1136 1036 1146
708 773 627 707 844 962 656 940 951 876 830 639 828 1088 581 611 594 943 719 613
368 394 445 478 527 436 361 319 524 506 366 450 402 424 496 526 443 398 508 473
764 828 942 878 796 751 884 847 863 663 995 824 820 817 674 839 780 833 873 768
226 1408 340 185 307 218 138 156 1355 142 361 1364 1366 225 132 107 286 1390 139 98
1321 1351 1420 31 176 228 1342 1356 130 208 1261 232 207 175 190 41 1416 28 1322 33
595 610 687 562 667 664 707 626 645 529 615 549 843 658 589 563 712 675 637 594
1158 1235 1028 62 27 1156 1219 1000 66 1132 1021 41 1029 1079 1263 1109 53 991 968 1113
194 333 218 189 1405 1351 282 1415 467 354 169 247 210 102 224 209 276 1367 373 1376
230 340 483 1404 457 310 271 1388 1409 276 261 1350 358 273 89 464 1408 131 263 251
1097 1121 1128 1187 1093 1102 10 1169 1 1200 1138 27 787 995 1049 1002 1010 769 70 1199
60 1238 107 1199 1262 1026 75 1222 1205 34 1335 62 1022 1348 88 1099 1130 79 71 1105
931 1100 1161 1094 828 944 1030 745 1004 1142 701 1176 1178 1085 811 1251 1065 827 1139 749
701 877 610 733 721 714 750 860 627 666 735 759 875 628 635 623 619 630 841 633
378 396 371 369 482 355 514 392 338 502 462 518 328 451 503 484 480 504 370 496
566 592 588 513 688 525 546 497 552 610 613 556 536 675 540 570 574 618 639 725
98 1391 1259 1370 1395 364 213 1269 1293 1315 175 1257 1334 1279 1413 1371 72 55 304 1354
52 1159 1260 1130 24 1345 1332 1073 967 49 1336 1342 995 1128 31 1157 81 1183 991 1120
193 308 228 1358 320 345 334 246 277 130 307 222 1371 344 98 137 1398 1348 1401 213
