239 286 305 207 303 258 302 264 301 438 369 311 240 290 205 278 255 366 371 219
382 420 369 314 413 312 335 282 411 263 358 396 260 262 426 378 366 279 430 326
95 109 152 87 129 63 157 39 40 71 56 50 110 116 48 120 77 44 139 115
283 420 299 437 307 264 343 430 338 364 386 366 417 396 319 367 237 345 346 257
295 432 275 370 267 343 237 362 403 376 350 427 271 254 341 233 405 345 373 353
30 70 53 89 62 94 73 116 31 77 91 50 49 17 51 15 2 45 71 35
368 408 317 309 391 360 396 264 417 366 432 420 385 302 316 304 439 395 386 331
358 416 324 299 258 348 310 401 274 279 276 335 410 367 273 414 378 426 411 423
325 377 366 369 290 296 326 375 413 310 434 352 298 415 306 315 304 417 339 357
298 318 403 240 252 366 338 357 320 374 376 436 347 430 393 385 271 334 371 394
174 211 154 244 245 180 176 224 182 210 185 242 179 240 149 157 201 169 243 147
60 102 65 137 130 92 41 55 106 72 144 15 32 23 26 39 77 5 125 145
60 95 122 136 34 71 96 3 149 117 137 15 48 14 6 88 113 23 20 150
205 213 161 235 229 178 183 176 234 226 219 244 194 210 211 162 192 193 228 223
376 431 327 415 302 400 266 377 317 263 403 303 326 365 416 419 335 348 297 322
316 353 420 349 366 246 382 325 391 238 394 380 364 281 333 359 414 426 419 323
59 97 76 149 69 71 101 134 150 10 122 140 88 46 109 0 18 55 9 93
184 209 248 153 224 147 241 193 176 234 218 188 226 201 149 154 242 148 213 245
34 79 26 98 105 53 1 78 23 97 46 5 85 43 13 104 24 47 36 62
202 210 228 163 227 169 192 243 245 220 176 188 172 177 231 189 242 240 164 222
147 169 200 98 95 197 102 165 104 124 128 152 173 172 139 110 182 141 163 117
360 377 412 394 309 392 342 345 365 404 317 395 331 393 408 338 341 433 308 352
229 263 219 268 423 428 222 421 287 228 411 237 410 266 199 269 391 212 393 226
290 329 267 366 345 380 314 349 343 271 258 351 392 319 418 339 234 338 251 237
99 129 146 150 118 87 131 96 95 90 102 137 67 52 71 50 140 70 155 78
289 370 250 350 313 421 397 262 335 272 333 373 266 309 439 364 338 382 389 236
311 370 255 404 403 301 385 344 392 320 231 232 356 382 289 358 233 341 367 277
294 435 369 314 249 343 280 275 336 326 269 256 400 234 395 232 287 242 358 346
308 334 240 305 321 282 436 343 235 256 259 250 392 248 400 244 438 261 273 257
89 136 129 87 100 146 56 151 156 118 54 30 73 110 71 120 60 104 102 34
96 138 62 95 72 112 128 136 148 108 75 158 116 51 46 124 145 110 156 127
399 438 389 320 254 368 439 344 331 387 258 385 263 259 333 391 294 362 373 356
0 56 104 24 70 47 49 50 7 19 35 23 68 102 57 43 33 71 83 26
179 210 211 172 180 203 199 236 163 209 221 231 215 216 247 230 176 183 175 196
277 324 420 289 368 254 360 319 276 313 224 417 233 266 401 267 345 384 357 247
231 256 207 255 362 189 395 244 200 308 198 263 254 302 416 235 237 287 417 274
223 251 192 262 292 321 270 301 411 278 394 284 311 412 404 196 313 288 406 263
133 144 131 123 87 159 107 125 108 86 101 106 138 104 169 150 165 155 147 122
105 120 158 133 53 159 78 123 136 122 126 152 58 86 119 154 77 151 104 96
292 431 396 250 244 401 328 287 294 332 243 282 269 237 429 236 399 336 278 438
162 185 204 216 210 229 228 147 142 203 180 146 168 209 215 179 193 117 119 156
85 111 57 47 158 157 77 51 86 114 118 154 99 54 119 11 95 28 135 103
288 435 237 329 371 372 255 259 426 262 405 375 364 297 357 232 349 298 243 283
290 314 336 244 433 255 333 245 266 368 267 347 231 425 388 404 237 370 377 361
276 315 398 344 303 381 332 281 311 404 289 232 350 308 309 247 233 290 314 279
236 260 304 392 309 404 205 252 245 364 296 202 282 363 228 321 370 216 219 424
68 102 3 60 90 131 69 34 15 58 136 97 120 149 144 88 14 21 128 8
315 331 348 281 431 304 268 242 316 278 354 324 317 382 250 312 341 350 246 367
278 370 344 346 340 351 395 228 333 392 283 371 230 337 286 243 420 290 255 433
77 118 135 133 23 146 35 149 50 59 5 87 19 94 51 160 63 72 144 57
296 403 388 325 417 439 235 365 291 236 251 362 279 318 432 367 430 284 344 262
290 392 230 286 284 402 371 311 251 329 346 255 336 417 298 239 338 319 275 416
22 75 42 4 60 34 86 15 93 8 24 18 21 78 99 3 67 45 2 27
308 333 342 244 366 283 254 332 303 336 362 306 268 259 430 266 296 230 249 389
421 437 265 420 320 347 303 273 335 363 294 271 316 333 372 306 375 313 318 315
5 60 11 82 100 62 105 68 19 57 55 38 56 79 77 7 72 9 104 58
121 153 144 167 124 88 193 130 182 128 133 168 176 103 174 159 118 104 183 172
368 386 385 398 352 341 433 424 392 308 405 357 417 372 369 290 361 326 239 310
32 88 86 115 103 73 46 80 92 137 90 107 29 61 75 102 119 35 41 31
390 432 378 268 262 307 314 339 296 434 271 346 345 401 316 387 422 386 289 275
237 258 209 367 372 291 276 262 219 243 364 318 256 292 407 406 403 271 230 296
278 430 358 226 437 394 295 392 242 273 280 275 401 399 240 356 284 388 359 300
326 350 402 285 318 334 280 422 404 336 372 424 307 378 316 354 435 400 282 310
295 381 232 327 393 435 370 270 354 361 401 299 313 240 274 341 238 374 261 277
34 67 96 77 94 4 21 36 8 47 53 71 9 80 31 7 73 43 56 104
239 365 366 260 210 233 204 209 298 344 367 205 376 291 216 275 325 282 357 384
163 188 231 178 147 155 170 185 200 220 223 203 145 190 201 196 229 157 152 213
169 186 196 189 230 155 146 165 198 225 207 219 148 228 216 180 222 158 167 227
88 143 128 170 130 37 28 90 164 122 75 172 166 154 162 150 136 161 92 171
136 156 166 127 89 98 190 109 99 80 187 188 194 153 169 119 111 95 135 122
283 376 292 372 254 387 432 393 420 237 249 406 300 352 308 359 228 433 369 350
306 337 262 436 378 236 391 334 349 370 343 403 362 381 388 238 292 437 417 332
2 51 27 4 47 85 101 56 28 52 70 87 60 89 20 62 59 84 34 26
3 82 31 133 2 139 135 9 35 113 112 93 86 38 121 117 81 34 64 52
273 317 237 282 339 381 373 258 236 255 265 300 233 322 391 252 235 427 343 337
228 267 259 429 273 223 236 243 211 272 398 242 363 283 433 324 292 241 210 234
296 348 344 419 356 297 299 358 430 256 278 246 403 435 375 398 389 420 248 312
109 143 151 57 119 92 90 108 161 148 135 128 164 117 104 96 124 71 134 139
278 426 279 252 324 258 431 393 410 374 296 298 228 250 404 264 358 273 364 236
309 349 366 308 271 251 325 318 382 321 249 295 261 260 281 363 303 419 425 299
189 208 190 226 249 204 217 236 233 211 248 159 169 241 212 222 170 185 243 161
245 286 312 263 399 316 236 284 322 289 221 275 233 404 359 321 235 266 429 212
392 421 376 413 432 267 337 316 363 328 402 419 317 345 295 253 318 276 299 411
365 377 329 268 307 383 418 438 396 410 423 405 237 233 425 406 427 424 301 390
91 114 67 10 153 51 87 109 108 77 107 49 137 16 133 34 68 43 30 85
49 77 81 20 66 42 102 97 15 31 47 99 27 94 112 41 52 68 55 4
190 215 196 181 247 201 185 173 213 192 183 200 251 224 180 189 223 210 168 172
9 66 80 30 15 41 22 42 113 27 34 65 105 16 19 83 6 81 21 100
24 69 104 11 108 63 85 64 101 106 98 79 6 28 55 47 32 17 25 67
350 439 421 363 291 377 300 432 347 308 375 389 284 381 295 283 348 408 395 310
298 321 336 406 357 343 348 328 265 319 344 424 238 365 391 434 333 241 438 380
291 436 297 230 276 241 334 429 346 336 342 322 348 262 416 371 292 326 255 289
352 378 428 432 328 388 427 287 339 353 381 437 404 413 375 320 334 343 412 319
287 326 264 426 246 357 247 323 423 390 262 313 421 349 399 351 358 288 299 312
94 122 125 75 162 121 30 43 108 33 71 18 138 83 100 51 63 49 140 150
147 183 171 96 150 134 209 95 193 115 89 125 141 160 118 131 202 121 94 128
46 65 7 80 75 45 34 22 94 99 109 114 103 6 11 98 0 10 41 36
364 420 369 292 335 427 296 419 397 270 393 277 310 331 258 334 311 342 363 383
349 390 320 435 343 284 408 288 278 357 323 316 332 266 438 352 311 439 310 344
293 330 421 312 336 368 333 426 280 320 352 321 343 290 362 345 428 238 273 434
53 93 2 121 146 148 89 104 8 136 85 73 77 70 42 38 150 106 11 80
342 421 437 367 416 411 407 285 281 379 428 360 412 368 269 436 315 329 316 394
246 263 307 431 227 401 221 257 216 395 291 315 249 256 296 304 247 215 404 428
318 431 374 438 391 317 377 386 373 264 414 242 418 423 249 301 436 432 352 417
271 421 281 394 331 379 423 337 275 405 293 397 404 305 390 318 374 429 430 354
95 101 78 132 128 112 136 49 117 76 15 109 72 96 154 137 75 105 74 119
4 79 6 49 38 21 8 109 34 110 10 39 45 111 59 107 30 48 84 43
19 46 94 66 48 17 90 82 29 67 10 13 70 5 61 71 95 0 87 15
111 158 164 157 116 77 165 114 57 118 94 155 104 95 131 70 71 169 90 112
144 153 105 108 171 182 151 117 127 185 94 184 92 85 118 162 106 179 191 131
259 407 246 297 318 289 374 307 232 426 309 267 243 403 264 421 412 368 316 288
123 157 117 196 119 147 179 156 100 148 171 169 87 165 93 194 155 191 142 118
276 372 230 427 293 302 277 399 434 398 354 409 310 391 245 331 239 364 373 238
372 393 356 370 264 404 332 325 341 329 321 394 405 428 388 352 304 409 395 311
302 426 278 359 429 382 299 305 418 259 230 344 239 432 414 304 410 290 339 255
91 120 104 125 83 17 145 160 80 39 15 95 116 87 33 130 98 149 71 70
166 205 188 198 176 234 203 152 151 164 237 207 194 243 183 210 170 161 225 238
260 310 434 430 337 240 291 263 400 414 418 359 367 366 380 428 375 336 243 270
121 158 118 110 105 159 126 151 198 125 104 191 92 99 153 171 187 150 138 148
299 377 262 330 267 345 300 272 393 358 386 312 325 422 263 316 244 257 311 246
296 319 297 373 241 258 390 417 248 286 405 356 277 257 347 436 425 255 344 271
315 422 319 435 283 420 424 326 401 292 346 355 316 367 258 390 268 238 350 269
110 145 80 82 91 161 172 153 112 169 116 93 164 100 88 111 124 121 163 77
205 226 238 201 223 166 274 234 202 235 264 182 242 276 225 193 172 161 257 214
355 372 334 295 383 272 317 375 275 296 429 328 437 339 406 356 398 301 336 319
325 355 289 317 328 387 386 303 298 288 291 351 318 346 296 392 411 333 337 422
246 299 254 227 370 255 233 240 359 274 337 216 311 395 297 302 366 316 292 315
372 404 397 314 323 303 325 388 301 306 263 278 373 368 277 270 400 359 288 402
234 283 290 212 249 265 303 432 317 392 278 253 266 428 422 387 374 365 271 388
378 414 332 417 254 361 371 255 335 338 319 430 369 251 426 419 354 365 339 363
313 399 289 397 347 368 351 340 297 372 258 343 311 260 242 345 287 308 253 356
309 390 292 348 366 398 333 273 332 237 286 321 283 368 417 248 308 351 233 349
272 420 415 252 331 302 430 262 297 364 391 419 394 433 268 295 429 399 379 417
89 124 110 153 140 149 33 60 101 148 159 82 70 118 30 68 64 37 44 61
291 328 260 347 383 323 229 386 377 239 258 265 344 287 266 243 298 402 428 257
223 262 321 403 417 266 246 420 315 259 412 282 243 225 185 406 186 240 287 306
295 430 438 296 238 331 352 276 398 391 364 382 268 387 319 349 383 286 344 372
365 438 325 344 309 385 300 264 404 414 364 348 347 436 360 321 322 279 400 267
241 267 438 248 302 266 414 253 265 257 246 320 209 247 208 264 224 298 316 428
301 415 299 379 293 343 262 354 274 233 258 324 359 321 400 378 429 364 290 281
183 214 147 221 249 210 212 188 156 243 218 151 192 223 154 182 169 213 202 155
364 433 351 382 396 332 271 234 306 365 341 274 288 419 305 290 409 422 414 423
142 162 107 109 103 123 99 90 144 148 158 147 130 92 113 141 151 95 197 135
85 134 149 47 15 50 81 155 108 28 37 65 27 118 130 147 48 111 72 135
271 297 300 321 421 272 325 377 266 431 341 312 273 364 345 348 350 232 435 436
271 299 400 325 250 358 221 240 244 331 267 372 226 274 376 298 275 355 326 328
230 285 393 283 232 423 358 274 196 221 392 298 323 299 269 428 396 286 249 394
229 279 237 326 199 371 406 362 426 221 390 281 269 247 216 206 416 437 195 245
386 430 293 287 289 414 402 294 340 426 328 403 269 363 405 418 334 392 387 323
317 421 308 265 394 420 269 439 417 299 411 328 384 257 341 429 283 274 332 365
