249 337 831 299 1650 234 255 365 804 244 426 169 871 1637 366 414 161 353 187 303
921 957 988 922 954 950 1021 1020 884 938 875 984 996 986 959 1009 1673 889 946 958
367 1635 1673 802 1611 839 779 328 474 515 720 836 718 792 710 332 374 275 1617 881
209 312 436 315 421 310 235 197 233 213 317 319 220 432 345 435 415 186 176 326
1460 1534 676 1610 1552 696 1468 643 1598 1518 1556 1423 651 1416 637 606 1561 1608 601 1476
416 1676 240 899 290 732 1660 460 1633 451 186 894 456 421 379 383 388 484 380 163
170 409 740 1643 368 721 480 588 214 834 247 715 202 431 234 741 829 447 459 323
622 1538 1558 658 615 1470 470 1615 648 695 630 1533 669 1594 540 1617 1504 700 1584 1612
834 842 1668 800 382 792 361 242 259 195 822 1617 383 266 777 404 392 378 820 877
339 1659 447 830 82 316 341 158 303 388 416 266 329 421 468 429 178 1655 211 1646
1389 1410 1381 1357 1469 1370 1425 1429 1483 1384 1353 1398 1362 1411 1379 1361 1402 1464 1386 1400
1207 1264 1229 1255 1179 1265 1243 1206 1235 1217 1259 1208 1210 1195 1184 1271 1233 1245 1214 1197
346 456 465 155 642 400 817 351 835 330 363 453 204 384 289 372 770 1613 694 263
280 803 1606 401 835 786 256 355 277 893 747 469 1619 771 808 842 350 370 265 802
604 644 755 1559 614 1612 696 1510 468 638 1581 1504 462 686 623 634 610 548 650 651
1082 1140 1204 1127 1079 1048 1216 1023 1001 1022 1098 1212 1092 1049 1035 1155 974 1203 986 1157
1209 1220 1192 1133 1206 1241 1250 1150 1187 1147 1135 1134 1151 1238 1243 1162 1182 1160 1196 1189
293 304 361 453 247 175 1655 203 885 451 177 269 1676 1669 827 413 419 435 204 233
1056 1178 1068 1157 1029 1182 1050 1251 1060 981 979 1225 1077 1175 1196 1133 1210 1197 1072 1237
719 1652 428 899 737 352 748 1629 418 481 575 470 605 400 889 891 408 1669 1625 904
358 1673 1661 453 824 477 1627 1669 255 467 923 876 253 794 340 703 466 809 322 1653
362 778 1631 1671 270 269 384 1673 879 462 700 481 679 336 592 439 423 415 772 684
81 1653 358 597 821 723 36 163 475 483 906 322 892 428 829 93 336 742 75 909
436 1651 1670 821 594 899 1654 1633 1639 491 297 362 414 730 363 481 1630 595 815 1643
344 737 274 242 237 325 581 1677 279 594 394 450 1641 306 470 1622 205 735 591 836
38 96 595 480 100 590 8 65 68 712 30 581 77 99 17 591 580 475 102 54
1537 1562 1534 1466 1615 1567 1613 661 695 1577 1499 1503 1588 1549 1464 612 1481 1523 1511 1525
464 792 48 796 1625 445 781 379 67 634 383 805 406 832 69 458 394 780 472 811
719 726 413 717 1629 596 1662 721 513 408 560 507 1636 592 412 1622 443 1652 573 548
1521 1614 1510 1625 625 1618 1603 408 1608 651 1566 693 612 687 1527 782 52 65 803 407
1011 1062 1016 926 1064 938 1179 985 1014 956 988 991 1047 943 1147 1133 965 1054 1045 1102
488 552 106 733 480 572 718 722 430 511 585 533 571 42 8 2 538 1655 545 31
183 450 688 200 360 893 342 151 483 1635 333 253 165 280 347 243 251 603 419 888
490 512 32 26 1650 545 116 1648 1641 571 34 568 14 105 16 17 501 585 484 509
1388 1424 1407 1434 1402 1462 1461 1416 1393 1414 1380 1371 1471 1460 1401 1396 1431 1390 1354 1420
56 1627 79 33 737 1664 1562 1551 708 1582 386 343 46 473 709 481 40 80 711 1652
621 1599 544 1508 1591 398 1570 763 1620 1507 702 1569 1614 1629 656 616 1534 1541 1542 545
669 772 695 465 398 804 781 357 816 703 624 621 701 396 759 753 393 679 817 811
353 1627 585 606 711 710 334 699 809 888 333 802 481 380 581 402 453 1602 584 1584
1223 1261 1229 1173 1237 1215 1144 1271 1142 1277 1244 1191 1272 1241 1150 1245 1238 1252 1137 1190
184 809 877 278 1671 261 348 798 411 354 197 741 212 356 445 1609 389 192 689 748
888 907 823 926 335 285 922 906 817 171 889 244 317 951 331 962 1672 417 940 413
1094 1132 1014 1221 1082 1131 1197 1153 966 996 1147 1154 1106 1175 982 1181 1124 1109 1023 1067
1550 1576 1581 602 616 1637 1591 1499 1617 1603 1626 1513 1509 1553 1504 1592 1483 1496 1492 623
499 576 126 495 723 592 483 582 725 563 25 504 3 500 122 591 21 517 559 1635
378 1633 838 741 784 797 383 65 399 1610 55 434 750 1562 477 403 288 600 358 512
1137 1230 1189 1207 1268 1221 1114 1200 1149 1054 1140 1288 1206 1233 1177 1283 1208 1259 1032 1117
484 572 330 503 416 515 737 437 17 721 439 36 1648 1644 741 1646 717 738 52 28
520 532 709 528 630 529 1474 544 1540 542 618 594 605 539 722 521 1469 537 595 1513
375 603 776 1505 821 382 1540 841 1619 700 1601 835 540 1608 718 376 723 791 1612 1623
1060 1178 1242 1120 1024 1083 1042 960 1167 1245 1139 1067 983 1025 1032 964 1026 1205 1052 1171
481 1628 31 473 379 421 444 541 729 515 419 445 1613 1666 1589 700 468 1583 505 495
1154 1223 1244 1274 1049 1043 1133 1148 1146 1174 1184 1194 1052 1180 1222 1204 1268 1231 1225 1201
806 1672 779 897 440 237 1670 159 323 1614 340 703 356 1613 688 166 267 173 887 352
10 117 2 571 37 131 496 100 121 569 116 106 17 9 135 11 113 101 112 103
321 425 177 473 307 1641 471 433 215 293 174 423 830 426 319 324 907 1630 167 408
213 323 1651 327 423 886 353 747 1648 175 187 1652 203 475 161 745 146 1656 349 238
343 455 1677 1612 1667 45 315 257 702 884 678 608 609 379 899 242 712 587 703 709
385 696 260 708 455 1618 1623 416 1622 403 771 683 609 626 1592 270 456 691 266 640
1483 1563 1495 1617 1625 1395 1418 1475 1596 603 1545 1555 1606 1577 1551 1502 1554 1558 1630 1538
1540 1557 1561 1579 1500 1587 1516 655 1466 665 619 618 1469 626 1555 1553 1547 1496 1576 1546
419 1626 165 825 822 736 472 483 1656 1550 706 448 463 461 1552 56 729 755 335 50
404 770 460 592 736 381 1676 380 477 372 1607 453 712 1614 465 692 824 1621 846 837
428 903 350 1660 1663 587 1636 899 412 408 1669 324 449 1633 962 451 321 1658 890 484
605 1618 750 1536 658 58 1566 396 678 1555 1527 749 1560 700 459 630 1587 1508 457 1589
889 900 916 989 942 319 332 929 255 1664 1671 1662 351 1655 436 441 271 281 318 340
1034 1045 1166 1096 972 1107 1126 1129 1069 1125 1162 1169 968 1020 974 1059 1181 1174 1130 1050
188 240 823 334 346 183 340 237 351 886 355 806 884 247 200 412 234 282 837 356
1194 1260 1142 1263 1236 1244 1257 1177 1235 1286 1134 1269 1231 1238 1144 1132 1254 1211 1198 1268
240 294 1669 306 269 170 1675 169 283 238 1657 807 823 883 260 1676 409 452 249 814
923 946 934 925 952 967 973 918 912 1675 874 926 875 957 919 1033 1030 966 990 991
376 812 194 292 335 1671 399 334 1626 828 876 808 688 589 811 411 77 374 383 456
1351 1396 1343 1378 1345 1368 1407 1350 1494 1475 1421 1491 1347 1393 1419 1482 1472 1375 1404 1359
1402 1478 1395 1405 1465 1385 1548 1559 1411 1494 1460 1357 1588 1592 1355 1505 1390 1488 1417 1428
521 558 535 598 612 721 726 517 502 510 487 608 729 731 491 543 574 567 520 733
1419 1496 1588 1399 1382 1409 1538 1512 1482 1428 1548 1571 1406 1372 1469 1574 1479 1553 1515 1381
355 699 1623 247 598 48 602 694 344 290 165 818 1609 599 1544 383 184 779 1669 172
808 834 242 758 173 448 775 406 411 337 288 392 289 1615 837 703 64 243 461 786
497 506 1640 483 486 490 515 487 105 511 120 24 31 554 491 488 500 565 128 564
374 1629 1616 1592 798 773 768 733 365 256 471 450 347 1569 714 416 840 680 839 723
280 1673 238 802 285 393 384 439 467 389 234 921 904 839 888 400 841 826 820 444
631 663 624 614 701 667 648 628 679 755 1595 605 1611 1547 633 1511 1596 1603 1526 465
1269 1294 1218 1200 1258 1243 1270 1293 1238 1219 1217 1230 1199 1272 1252 1304 1215 1201 1254 1211
395 677 1631 588 1603 805 692 263 259 445 1527 1533 735 1602 354 736 798 789 609 776
163 809 419 1673 760 687 366 454 781 340 245 238 157 700 215 446 332 706 160 250
187 416 337 832 251 1650 814 887 366 1620 228 822 434 236 444 895 356 392 174 230
451 1668 880 700 768 1606 244 453 340 820 292 354 321 872 54 699 361 701 818 1667
826 1652 593 414 262 1661 172 726 351 1659 330 1642 1636 759 260 280 247 336 809 873
1555 1580 1493 1498 630 631 1607 1566 613 1615 1533 1513 1629 1516 1517 615 1528 1529 1565 1590
1056 1071 1039 1031 1018 1168 1183 1014 1085 1181 1072 981 1089 988 1041 1107 1173 1184 1086 999
914 971 1667 1042 997 1660 964 956 1040 973 951 912 1129 930 242 928 1024 970 431 1064
812 1666 275 1636 274 696 874 780 283 348 459 415 785 794 841 189 288 693 902 907
356 836 690 355 166 252 1672 751 847 769 289 825 279 1635 350 777 886 739 821 882
458 1674 181 666 250 333 596 1662 63 918 653 914 650 911 1629 686 319 156 266 241
340 588 425 1627 279 393 1665 361 427 454 166 423 1675 578 1637 881 453 513 835 153
692 804 791 669 472 276 677 460 650 819 679 1623 747 1673 789 53 686 175 640 453
447 1622 433 1629 743 1568 1651 462 392 365 156 1616 1613 413 1657 417 397 806 1592 813
460 475 650 485 1650 809 476 609 839 56 1633 45 750 630 64 756 800 732 580 770
61 695 673 791 63 784 678 362 456 787 591 1626 454 359 83 635 1533 630 385 593
1559 1628 47 49 337 621 743 624 467 1510 440 598 335 345 1477 1506 458 51 459 1569
158 202 231 883 228 209 205 246 814 196 332 444 226 347 414 230 241 886 321 206
1129 1150 1061 1211 1110 1039 1119 975 1173 1037 1100 1146 1053 1021 1237 1042 1055 1125 972 1243
403 443 589 178 343 173 162 432 732 1612 701 477 395 380 707 184 735 1656 480 809
586 746 708 416 478 753 822 731 590 446 547 519 817 44 1641 1671 454 410 335 404
247 833 818 452 759 175 387 911 419 234 280 456 380 805 814 1672 382 327 751 467
1025 1074 1137 991 1125 975 1038 1030 1111 950 1139 1069 934 986 1141 984 1000 1106 968 1122
181 877 243 278 271 196 176 911 203 918 936 821 168 940 947 1667 165 352 267 375
994 1040 1098 1122 965 1104 1132 934 1023 1141 977 950 1111 1021 1174 1078 1033 1020 1171 947
410 1672 484 269 740 1674 472 739 460 360 438 439 754 802 731 819 583 274 332 894
253 1676 450 318 410 438 363 271 1675 417 918 467 912 327 911 445 871 341 276 836
923 999 1009 928 965 942 1038 917 1080 1025 1003 1039 1008 1093 996 876 1107 1122 1082 878
457 829 1627 1603 1660 598 377 1620 602 295 877 154 824 182 776 647 834 1662 447 254
623 1559 1506 545 533 1602 703 1593 1526 1560 1505 706 1512 632 625 1527 1486 1548 1607 1584
329 1651 1656 299 209 593 287 337 171 831 885 908 233 231 203 212 430 740 597 229
394 408 794 261 1650 356 706 1641 823 691 286 483 1623 377 1672 672 795 768 346 400
606 1521 709 715 615 1603 597 1508 1614 538 455 657 737 754 453 1632 463 605 698 741
1013 1025 1066 967 1056 1119 1118 918 1007 986 983 1057 931 977 1011 1043 1029 1054 1076 1051
170 239 1657 219 253 809 920 267 247 423 911 422 321 915 207 415 148 248 299 441
754 1610 761 749 402 1550 779 621 442 1554 735 462 712 71 460 346 605 663 637 348
392 1614 643 450 1626 825 743 1532 448 816 689 817 263 1612 373 791 1611 749 370 1544
23 507 506 109 37 12 38 581 553 585 498 1641 582 111 727 492 558 13 517 97
234 274 278 380 872 326 445 209 847 223 447 350 806 816 239 815 336 849 220 246
1177 1202 1274 1075 1064 1066 1175 1260 1252 1192 1162 1045 1269 1048 1147 1094 1176 1238 1061 1161
895 920 288 1647 157 909 930 1666 1651 431 959 911 426 872 407 435 330 1012 439 1674
64 761 601 465 65 1614 91 49 743 391 1620 400 594 85 397 455 377 37 386 776
403 600 683 1544 353 402 703 373 1662 701 582 409 1670 1584 1628 1586 462 1619 346 814
173 1665 432 1667 708 357 354 440 883 392 177 1634 364 741 909 245 226 1646 431 379
369 1656 371 77 887 179 399 486 828 681 794 908 255 899 418 328 835 445 382 713
745 1627 67 732 350 1569 365 323 68 1612 397 378 739 377 1598 1632 591 724 808 356
457 1596 1626 641 1597 414 395 1493 1580 1534 796 358 473 1570 349 471 1541 674 399 1576
411 814 590 72 758 336 164 179 350 876 327 773 827 325 419 775 410 263 269 403
448 1634 265 395 1648 577 605 592 349 326 272 579 399 602 377 591 1585 192 163 759
1481 1584 1541 1606 1493 613 1400 1415 1502 1537 1629 1492 711 706 1480 1401 1409 1489 1543 1510
24 107 492 510 112 568 80 109 84 99 89 569 16 33 79 572 96 23 21 5
460 637 618 1502 678 638 607 838 1537 795 410 635 457 674 747 70 474 739 459 1624
461 654 59 636 1511 694 663 815 653 1600 640 686 831 756 1533 614 684 466 596 775
182 805 745 818 326 1613 801 460 445 817 390 1673 271 777 823 1612 387 382 159 394
170 444 155 417 822 388 151 711 319 191 350 1644 398 712 1621 456 1650 471 347 1678
200 306 226 189 171 308 204 825 220 151 290 225 205 244 828 213 210 209 183 152
325 749 225 434 759 327 338 831 893 889 50 742 54 231 46 702 213 766 334 696
691 773 1617 713 469 669 1516 700 1519 672 633 786 664 846 365 698 627 1612 1620 455
284 1675 372 162 258 426 184 178 427 323 353 812 1658 419 835 919 257 1673 414 390
471 671 409 791 586 719 325 636 336 40 369 697 769 62 322 823 1608 1659 417 689
616 662 527 1617 1533 519 540 690 1518 1607 547 536 465 1564 628 1529 644 1496 1511 642
338 1655 203 239 1668 1653 886 1640 427 377 329 451 596 308 580 248 1669 731 910 411
1086 1140 1058 1089 1062 1078 1162 1238 1151 1150 1174 1130 1024 1169 1026 1175 1212 1196 1164 1119
650 1609 609 1503 750 791 755 628 1596 706 375 661 1511 1587 799 1543 704 370 803 793
1005 1104 1123 1004 995 955 1035 1076 954 1097 1009 1001 1099 945 1041 994 1074 996 1110 986
296 350 592 265 165 211 469 476 314 477 317 172 820 343 190 1652 191 895 478 797
431 1665 810 197 401 312 891 831 593 80 152 254 1640 908 324 434 241 1663 295 750
