3686 3696 1833 998 1807 863 918 942 3721 806 61 3723 1923 999 78 1812 3796 1802 809 1944
861 3681 922 3782 815 987 3722 1821 137 954 826 821 184 3694 19 48 1875 1012 3778 3718
1499 3390 1532 3381 3396 3413 1523 2306 1472 3397 1514 2319 1485 1484 2258 3300 2298 2317 1462 1535
3507 4222 2088 3512 1784 3520 2078 3518 3495 1781 4207 3497 3514 4199 4230 3505 4208 2077 3526 3536
1143 1156 1139 3758 1176 1889 422 399 435 1182 438 1159 402 3739 1125 1179 1144 1145 3750 3744
2316 4094 4048 2255 4063 3400 2321 4061 3392 4069 2335 2312 2328 2294 2251 2264 4103 2357 4075 2332
895 1972 1007 988 311 964 189 884 283 1083 1781 3666 262 1816 1086 927 932 1928 1915 3711
1115 1906 1950 201 1083 1968 1970 3728 924 333 372 1897 1902 1921 1102 1051 374 3725 3709 1915
3464 3488 559 2008 3472 562 566 1992 2006 3484 3504 2009 3485 3444 1990 3470 2012 545 2002 3495
782 1839 742 1005 199 3663 58 3657 1034 194 350 215 212 1026 126 134 875 1838 751 20
2484 2525 3962 2488 2491 2492 2433 2483 2412 2558 2560 2543 2407 2493 3944 2448 3945 2410 2539 2409
2770 2815 2803 2551 3901 2842 2765 2843 2556 2779 3935 2738 3894 3922 2829 3942 2762 2792 2841 2758
3068 3089 3073 3050 2882 3056 3110 3090 3051 3099 3053 2891 3092 3107 2886 3055 3048 3078 3061 2872
1598 3971 4003 1608 2206 2215 3996 3975 1612 1602 4008 2226 3970 1604 2204 2460 2225 1573 2205 2448
2353 4086 2351 2306 4111 2294 2332 4098 4068 4043 4049 4099 4104 4100 4070 4069 2298 4046 2378 4044
1685 2143 2149 2145 2131 3831 1662 2138 3842 1698 2126 1651 2123 3861 2133 1652 1679 1686 3828 1661
2285 4105 2330 2306 4144 4157 3407 4090 4117 2293 2326 2262 4129 4066 2275 3392 2304 4146 3419 4160
210 1902 1925 3665 1786 1118 382 1871 1147 251 1029 942 1944 17 1851 1969 1836 3762 2 1073
816 1829 102 3670 82 1873 1824 1056 134 801 334 180 105 153 1036 115 1815 101 1831 61
345 1824 933 1872 30 307 323 978 854 1067 194 175 1802 1030 813 159 1844 3697 955 1807
494 525 539 1220 549 561 1199 1270 460 537 1258 3772 508 1264 3767 484 546 552 1256 554
2606 2621 2581 2603 2683 2639 2652 2592 2667 2655 2687 2651 2642 2684 2624 2647 2654 2633 2649 2594
877 1784 234 3529 3701 862 3770 1823 338 3772 1047 1046 3787 282 92 1773 1822 84 949 3797
197 1919 1883 3768 1821 1113 1067 3772 1905 1971 1167 227 1932 3798 1106 1091 1832 1068 1856 1053
1197 1237 514 1221 1255 3244 3242 1184 1224 1194 478 3755 487 1195 3756 482 1183 463 1230 1212
2264 4152 4172 3375 4165 3418 3434 1416 3433 3314 4116 3297 1397 3443 2287 4094 3299 3436 4115 1393
455 3765 1143 432 929 956 1968 258 933 3708 440 288 1156 1906 905 266 235 1183 251 939
2305 3399 4133 2269 4126 4083 3395 2252 2284 2261 4074 3402 3405 4056 4141 4113 4124 1422 4049 1430
2174 3872 2175 2185 1641 3881 2150 2191 3844 1659 1647 3851 1638 2170 3843 3884 3889 3893 3846 1651
0 3789 935 3712 961 311 3722 292 809 1875 4332 1831 99 870 80 1776 871 1886 288 3683
1160 3746 443 1122 1106 403 1097 1137 1183 1135 421 1918 1166 445 454 1091 3747 3727 3738 3743
2427 4042 4023 4022 3953 2422 1579 4077 2430 1567 4059 2481 3957 4080 4024 2227 2458 4046 4068 1557
806 819 840 862 788 3625 1870 1859 3806 787 3617 810 754 790 3673 1824 847 3685 807 32
1201 3752 3770 1931 1122 503 3232 415 1112 2012 1126 3767 2018 1186 3760 3733 1154 520 1179 2029
816 842 3800 110 145 3787 1821 827 806 1800 794 1020 1025 1834 3658 1794 1790 1824 105 1853
26 3802 3819 143 70 1825 153 1810 3609 129 849 179 326 12 831 319 1867 869 4330 818
910 1952 995 270 278 198 266 884 1897 1021 3744 958 999 1887 262 3739 906 322 1939 196
1016 3777 3694 1791 273 984 303 1788 861 89 85 882 177 312 1887 847 1880 3711 1822 1881
524 532 531 4256 497 548 1227 2055 549 1262 479 515 513 493 539 1254 1240 2054 4270 512
687 720 689 660 650 685 654 653 688 662 742 738 724 737 736 740 700 699 713 658
2764 3943 3946 3933 2815 2565 2737 1612 2776 1607 2566 3952 2548 2760 2561 2568 2811 2812 2752 3913
1499 3308 3366 1523 3384 1506 3338 3360 1538 3295 1516 3294 1475 3335 3309 3354 3324 3325 1509 3315
3165 3204 3122 3228 3142 3189 3223 3225 3154 3133 3215 3217 3132 3198 3205 3203 3202 3166 3125 3227
3524 4229 2063 4257 2091 1777 1770 4212 3493 3501 4224 4225 4252 4206 3505 4193 1763 1772 4258 4203
1927 3780 3777 203 176 888 298 1964 1939 1033 1957 990 948 186 1909 3744 3755 1905 941 1058
2877 3110 3109 2883 3141 2897 2871 2876 2881 2904 3106 3080 3088 3112 3854 2912 3098 3145 3126 3851
182 319 1869 341 326 252 183 896 308 287 217 1851 40 224 1902 302 1801 297 1819 1065
2694 2705 2605 2665 2703 2674 2604 2676 2583 2623 2653 2627 2582 2656 2645 2722 2692 2680 2716 2663
1095 3737 1143 415 1940 1936 916 375 386 3740 1131 1956 402 1098 1048 1938 1981 912 353 201
1906 3709 3740 1919 1067 1916 1078 337 316 1142 1804 1813 877 92 905 339 345 341 190 410
2351 2374 2375 4100 2354 4080 2387 2336 4079 4084 4082 4103 2355 2381 2364 2347 2346 2373 2335 2343
451 3746 1959 448 1937 3764 1171 435 441 1158 1113 415 405 3500 1107 1925 3763 412 3729 427
440 449 428 1183 3763 1173 462 1188 1153 3753 469 424 1156 413 3769 426 3754 430 419 1179
1398 3277 1424 1420 2273 1397 1422 3262 1368 1421 1376 1396 1378 3274 3278 3270 3267 1406 1375 1354
33 1811 3694 1793 1065 47 1853 156 1058 1789 63 80 1828 162 184 873 1059 18 3666 826
1045 1923 1839 263 3740 3759 941 319 3674 1062 260 3724 275 3734 269 3738 1982 285 1103 238
204 1918 1970 1781 1083 1903 932 3726 1062 904 268 1827 337 4335 295 207 309 14 960 1132
1484 1519 3302 1500 1537 3318 1522 3312 1489 1465 3393 3372 1561 2245 3378 1503 3388 3379 2247 3305
17 1823 3710 54 1898 927 3776 844 3704 108 1777 1776 43 169 82 3692 1029 1832 3671 223
472 1221 1234 1223 544 539 1254 1178 478 500 3502 1251 515 457 3500 495 3766 1243 467 451
3429 3441 2265 3425 3462 1447 1443 4114 4128 1430 3421 4120 2296 3458 2257 4149 4125 3409 3416 3415
352 3684 965 184 45 202 943 3780 55 3773 3705 1875 933 36 1864 938 376 27 375 65
2752 3911 2832 2787 2807 2757 2818 2547 2734 2806 2822 2569 3890 2785 2579 3896 3921 2577 2821 3916
815 1822 3705 1839 910 331 77 33 146 3660 3671 794 817 805 793 3697 135 3679 168 73
1758 2085 3527 1728 2079 2060 2069 4224 2066 2080 4248 1707 1751 1742 2102 1773 1759 2089 4254 1766
322 1789 826 1044 831 971 972 1777 1796 1907 1016 3795 3777 1839 924 328 1894 1820 867 1821
304 3799 1990 823 844 221 258 3811 996 1984 3816 324 1971 208 24 272 3805 226 262 264
321 1006 220 942 1920 949 227 1947 871 3716 29 3674 1949 1937 197 1009 9 337 899 913
1095 1920 3776 390 3722 887 202 1978 1051 1122 271 1002 911 1164 892 921 1115 917 1042 919
1609 3943 2794 2569 2752 3921 2801 1602 2476 3926 3950 2767 3930 2730 2502 3903 3963 3913 3902 3946
493 1220 480 471 1257 1267 1245 1239 1195 514 1246 500 508 1204 1227 465 463 497 1261 3767
318 3777 1102 223 190 1827 340 1800 880 1888 328 4328 3713 1787 339 1101 1044 1851 3693 3715
1148 1901 322 184 1124 1030 1877 326 312 1098 336 1168 309 1889 347 178 1017 1083 1126 1056
1193 3764 906 1144 980 1113 1187 272 2004 283 437 995 3712 222 1158 969 1913 3768 463 231
194 1955 1930 502 308 315 3779 1986 894 1938 1921 1893 200 920 3703 4331 321 353 3784 341
3125 3161 3115 3102 3158 3100 3126 3137 3119 3827 2856 3140 3841 3108 3136 3113 3187 3104 3195 3185
1918 1992 1986 1141 1975 1991 4296 1972 1929 220 4306 3769 939 209 4324 1077 1072 312 953 2006
242 3772 501 495 1027 1052 275 3754 291 957 282 333 877 1933 325 1976 890 456 1022 3761
3120 3837 3158 2146 2147 2859 3160 3827 3584 3856 3095 3574 3824 2867 2870 3866 3840 3835 3846 3577
1609 2185 3882 2189 1594 1624 3879 1634 2200 2173 3962 2176 2166 3890 3942 2186 3948 3902 1637 1630
81 1870 1069 113 3795 1820 867 64 307 55 1881 38 43 1894 75 908 844 3699 818 820
252 3795 1001 1943 968 886 48 41 1850 3725 1856 1802 314 225 211 993 3811 985 8 1809
2512 3944 2768 2516 2750 2531 2545 2756 2751 3912 2541 2572 2536 1596 3907 2520 3931 3941 2736 2525
3534 4192 4215 4177 4207 4213 4201 1773 1783 4204 3545 3541 4220 3513 4216 4182 3524 3509 1763 1767
3059 3069 3091 3071 3087 3084 3046 3041 3045 3061 3047 3082 3057 3049 3052 3044 3075 3074 3086 3038
258 919 1914 1967 928 904 1983 1902 1990 1789 1785 247 215 296 1015 1880 1835 1900 300 886
1906 3729 385 3749 1979 1931 898 329 1119 206 439 1924 3753 455 303 351 3771 1091 1888 1917
372 1031 3789 1892 3699 3779 1797 379 350 1846 1909 1057 315 214 398 1889 309 1013 1023 209
2260 3296 2247 2233 3311 4137 3426 1405 3400 1429 3392 4136 2313 4108 1414 4088 3411 3312 3401 4139
1795 4337 1052 3781 841 9 295 28 943 1859 99 1818 987 1067 1039 1035 202 316 157 40
653 1294 1276 1311 1317 1279 626 659 1273 635 1281 1312 690 1300 1271 655 647 630 646 645
2008 3465 4271 4323 4324 2038 3442 4284 3464 3473 3455 1998 2023 2028 2016 3443 3487 2000 3452 3485
232 1835 218 999 931 1852 133 3771 987 3763 1898 1849 122 12 893 315 918 1041 1775 1869
243 991 1842 3789 1793 1799 294 990 1000 3790 1964 899 280 1777 1934 1928 1012 974 298 976
132 772 801 3655 821 749 68 1876 1829 748 1856 857 3660 1827 1858 3673 843 846 752 1818
823 1803 3679 25 1852 82 137 328 4335 1847 797 3782 869 4329 850 53 342 39 3696 333
685 707 681 660 694 722 679 677 735 661 744 743 745 741 734 717 690 654 712 667
7 3718 3736 1090 3739 179 849 292 280 338 1055 1944 959 3786 1062 27 64 3703 309 324
146 3660 44 62 1879 119 141 858 164 50 3671 855 829 60 69 1804 81 173 323 79
3629 3654 1862 1849 846 19 164 3625 173 21 31 138 3605 1853 834 143 16 45 798 126
505 1195 500 3776 1230 503 536 1194 1237 1225 460 2049 3752 3239 3749 2050 529 3770 3243 498
950 1001 1820 242 889 311 1008 988 3788 198 3787 956 1921 234 890 302 217 944 919 3715
1022 3705 269 1048 1956 871 1978 1931 3676 1074 867 19 185 1923 3670 1942 3714 840 3786 188
2327 4048 2399 2317 1578 2333 2405 1557 2335 2400 4094 4095 4058 2449 2452 4046 4090 4051 4106 4071
930 1980 1015 3771 881 905 932 994 240 1078 3774 318 1949 1083 1019 1999 348 354 220 1016
605 627 595 632 1269 585 658 618 1264 575 1307 629 623 631 615 587 616 619 655 1280
2059 2066 4252 4242 4241 502 2029 2028 4275 2074 500 4237 4265 509 4290 4262 2079 2021 4253 4251
3090 3103 2868 3093 2867 3099 3135 2888 3080 3117 3091 2886 3120 3078 3074 3073 2908 2878 2861 3079
3091 3110 2865 2894 2875 3130 3125 3139 3136 2897 3146 3143 2902 3857 3127 2908 2855 2889 2876 3854
321 885 196 1828 1845 1936 890 278 198 211 238 20 319 1048 3723 285 1902 943 281 292
3534 4199 4190 1763 4201 4195 3523 4198 3540 4227 4225 2100 3518 4179 4214 4173 3536 3509 4222 1772
573 611 576 562 646 1290 1269 1296 585 1282 1302 1267 1297 561 635 1263 627 555 582 531
2784 3920 2749 2555 2792 2816 2829 2544 2770 2754 2535 2822 2744 2756 3936 3935 2564 2793 2765 2761
2751 2796 3914 2755 2780 2551 3939 2566 2836 2761 2754 2757 2550 2795 3899 2813 2806 3910 2825 2830
927 3792 3726 1846 885 1783 281 88 1063 1839 947 988 3673 3666 824 1043 827 332 1803 1821
2561 3909 2553 1622 2826 2799 2753 2550 2785 3895 2564 2818 2540 2568 2754 1620 2742 2809 3927 2755
2281 4140 2297 3305 4122 2296 2268 3295 2294 3405 2274 2270 2276 4123 3427 2278 2267 4161 4102 3450
565 597 534 557 528 589 553 525 615 583 573 570 545 3478 524 560 526 586 550 587
2767 3922 3935 2814 2752 3932 3925 2796 2755 2791 3912 2545 2797 2750 3945 3893 3929 2773 3937 2565
1120 1918 1139 1041 317 230 1936 205 310 1945 1151 945 1965 947 1994 1983 3779 3735 221 1988
137 800 823 812 770 115 116 798 3680 3650 1875 767 47 3613 3638 3644 3660 1866 1832 3611
283 3799 1965 1836 45 3593 1962 3774 857 301 917 272 3658 230 61 9 3766 918 942 244
917 956 3728 194 3683 1916 231 318 3695 236 256 966 329 3694 271 935 918 898 1005 264
4122 4151 1427 4119 4166 1394 3416 3419 4135 2255 2283 1404 3408 4149 3437 4139 1421 4155 1395 3446
42 3678 1869 152 853 1846 1786 172 58 3773 1795 272 127 872 122 118 278 1843 1025 1792
529 555 510 518 1258 539 486 467 4260 579 581 572 569 557 583 597 490 577 582 564
1721 1771 1724 4339 3514 3518 4222 3512 3530 1705 1782 1726 3506 4212 1778 3524 1727 3240 3517 2087
388 412 1891 387 1896 405 414 3730 1111 384 1908 1155 1131 1082 1890 1901 3762 1893 401 432
213 3676 910 1842 159 1821 28 1855 232 1825 3764 120 882 3794 341 70 1969 86 1835 804
3607 3615 3635 3816 3629 802 3631 138 809 3593 3798 811 3795 801 3619 3827 3628 814 3815 3634
1998 3759 920 1213 3478 935 909 3719 1120 1962 4288 1106 428 1927 1931 3494 1126 211 1153 415
1603 2199 1630 2198 1610 2193 2223 1621 1591 2211 1577 2187 1627 3952 1611 1592 3962 1581 1605 1586
1106 1902 174 326 387 401 1924 1040 1098 219 1049 313 1876 1129 335 910 372 344 349 1918
1603 2201 1625 3967 2224 2190 3959 2222 1624 1629 3979 1616 1604 1587 1614 2225 1628 1580 2203 2193
1073 3703 3712 1066 1802 335 381 1105 1959 192 1047 3685 331 3705 3725 1825 1918 1075 1099 3785
1012 1783 200 198 326 311 205 242 276 3716 296 1784 87 1877 3791 66 6 823 39 1006
353 1072 327 1830 3677 1030 1081 1082 1110 4338 1086 1045 175 1034 3700 1050 334 362 167 3782
3499 4229 547 546 2071 4205 2005 4208 509 463 2089 3523 543 3518 3513 3505 2074 3481 3482 4260
463 1210 1211 1172 3740 1174 540 447 1237 3744 508 3768 522 488 3771 1221 1922 1208 3758 1204
2082 4221 1737 4258 2100 4260 4207 2066 1740 3508 2090 2104 1761 2069 3509 4229 2071 4205 1771 3503
1011 1839 903 320 255 350 1880 996 1034 76 356 946 1026 272 922 1047 823 1917 23 70
373 1894 1895 383 1874 904 387 1110 345 14 1878 1114 1043 382 409 1029 172 1125 1128 1870
3412 4120 3403 2271 2289 3444 3390 2274 2257 3432 3446 2253 2291 4108 3397 3401 4134 4137 3430 2254
110 3681 50 819 909 814 339 3701 913 1835 94 957 17 1039 1859 28 1858 751 163 936
227 1895 1111 212 371 1138 891 397 983 3711 1017 930 937 1870 160 3669 1976 1934 22 1933
20 855 1783 1028 175 889 1046 1839 1024 110 320 319 3712 91 3664 1779 1894 821 1890 1016
3792 3804 3575 326 76 883 202 82 3600 85 214 843 1827 1830 238 3564 28 1828 160 237
265 1950 955 958 1015 3780 3778 1011 983 3699 1976 1002 1968 995 1017 221 1987 1940 505 1019
2445 2476 2455 4057 2486 2436 4052 4036 2491 4047 2485 2449 2434 2433 3965 2420 2440 2406 2418 4048
41 825 4339 45 79 3698 818 845 88 1835 852 1844 109 105 19 828 1818 84 817 1838
