170 213 1244 174 262 1276 1215 1207 188 1281 185 1243 1194 281 318 334 1277 1308 1298 1264
276 1273 1232 308 1223 208 196 1271 252 291 248 364 166 1210 1285 251 301 316 342 1240
328 372 266 271 1210 1256 205 235 262 284 1183 346 327 353 1218 1228 247 305 1242 255
512 523 508 1353 529 438 434 509 516 1355 536 545 497 1350 432 549 433 498 525 428
815 1045 1073 1006 824 1033 979 955 1024 1057 22 77 988 1102 15 1018 773 19 1048 53
298 1221 403 154 195 252 246 291 363 1249 245 395 365 1189 1262 1265 392 217 230 1234
293 379 172 279 276 372 416 1211 1251 400 186 154 1188 415 191 1207 350 1232 1208 286
967 1010 984 837 50 834 978 874 947 1018 1000 812 815 8 849 847 876 1036 856 821
282 303 336 1248 1244 389 305 1285 201 1258 274 1296 1217 157 1199 1252 258 277 360 1269
548 598 582 532 564 567 615 588 1330 634 557 591 545 561 516 613 1334 570 534 629
1083 1145 1140 1047 1080 1092 1093 1115 1101 1172 1173 1125 1056 1087 1137 1105 1088 1091 1046 1181
181 215 323 166 231 148 1256 1307 1296 1232 1193 322 1264 221 207 282 258 1282 1244 209
799 849 1007 759 772 1031 57 1049 23 708 32 817 96 78 1016 808 753 786 787 49
35 988 1004 761 58 101 753 749 771 779 63 71 964 770 26 750 781 73 762 1000
197 1264 1246 1216 251 1300 1237 176 1250 259 241 243 1290 239 326 275 1209 214 1249 1291
247 381 1201 364 220 355 354 1232 1277 1191 372 259 303 1297 313 216 1206 191 304 237
402 1233 252 333 224 246 267 362 238 210 242 373 371 186 207 243 414 1191 1265 1260
186 214 223 381 148 254 1202 257 213 200 1234 284 1243 157 386 322 337 229 1286 208
1112 1133 1169 1151 1159 1085 1134 1057 1139 1101 1075 1073 1179 1168 1058 1109 1180 1105 1173 1167
41 973 27 1002 1006 1011 1026 765 732 970 42 74 1007 770 720 982 945 57 102 1005
373 1255 405 1189 379 308 193 179 189 264 342 197 365 1280 1300 255 1241 389 263 341
527 1359 1345 630 566 572 501 587 550 1371 1343 605 542 1378 1375 521 623 602 580 573
974 1034 998 1070 814 1046 837 980 964 779 41 1039 773 1066 34 967 963 851 765 19
613 646 637 623 611 1350 643 573 658 1362 571 601 1345 583 666 567 572 1368 629 618
169 205 1289 322 1250 171 311 260 339 174 148 180 1286 1263 170 318 1203 317 320 264
702 730 729 719 55 41 662 759 797 768 764 678 4 784 707 749 738 717 661 45
88 851 1032 1059 112 886 50 953 1045 1016 1044 829 877 895 823 9 96 82 971 861
343 381 259 1244 416 1186 293 231 1263 243 1196 248 253 229 324 392 379 1193 336 272
190 1209 286 244 1258 355 220 1191 374 1179 390 232 1253 258 191 169 167 290 206 353
599 637 1338 638 592 605 1335 663 611 568 658 1345 1351 616 1333 614 553 1352 624 595
216 277 337 1243 1222 1224 299 1225 182 380 225 177 166 329 309 183 269 1297 354 1288
196 1259 192 235 199 206 187 1218 282 311 337 293 248 325 303 265 156 218 178 190
259 1304 322 1216 189 1277 268 1270 365 333 264 1271 368 1296 375 230 204 1238 214 1306
979 1006 721 818 1043 29 718 970 803 1022 748 729 746 47 987 1035 998 1045 833 761
312 384 285 213 267 337 375 289 173 340 214 409 186 388 215 1192 422 424 276 203
738 788 716 828 44 690 20 1019 852 978 808 1029 734 802 696 1009 801 740 843 13
563 1334 630 1331 608 516 617 1346 553 517 536 531 589 551 559 596 537 636 593 592
3 798 38 1025 758 1033 721 778 964 842 972 731 818 15 963 768 42 720 763 955
181 197 1207 320 311 276 142 235 318 196 239 250 1219 279 1286 215 252 325 144 1206
866 1044 1055 892 897 865 836 1034 1103 1086 1004 908 852 939 1059 854 1003 99 849 1000
591 606 552 1355 1340 1339 589 635 554 573 631 550 1341 549 643 633 1338 634 642 620
299 354 349 1227 1262 342 218 223 372 318 1236 260 194 236 1249 401 231 286 281 355
20 774 1014 793 54 778 65 708 62 26 742 23 995 819 0 841 1009 851 72 38
129 181 246 177 281 327 199 223 298 347 167 99 275 235 170 316 98 1234 101 91
586 635 550 1348 647 575 615 549 564 624 1331 602 577 595 631 646 590 572 598 606
313 1229 1189 386 1195 1263 374 286 1204 1209 218 227 263 1245 375 248 1196 335 1210 219
493 524 500 410 473 559 436 550 485 404 507 412 478 510 413 491 545 505 456 531
524 532 544 522 530 1352 571 534 493 542 1348 556 547 1342 500 545 555 502 562 510
1219 1257 329 1192 1299 373 180 1231 268 399 1279 1274 1252 341 172 323 1270 300 353 221
243 300 329 351 184 1243 232 316 354 264 170 390 272 371 190 161 160 326 1250 1265
510 1343 634 612 530 1334 559 503 631 431 1326 1360 557 641 635 533 1377 520 1366 554
557 1338 574 620 1348 596 546 544 528 1316 1368 575 564 1351 1370 1323 617 538 545 1354
807 1026 854 992 14 1011 68 741 937 978 1002 59 848 1028 9 981 36 1054 33 821
1344 1360 645 610 529 630 1326 1373 1414 638 1323 609 1403 622 1405 546 1401 558 1400 1375
729 773 52 1005 706 57 825 42 13 693 17 738 734 845 34 985 39 66 988 711
47 777 13 1001 816 45 796 32 22 23 12 1008 28 794 11 102 727 782 31 706
792 851 839 947 96 754 948 722 23 990 802 836 1040 711 31 865 42 761 895 1068
64 85 768 7 123 1 772 855 853 769 16 99 117 15 826 29 114 101 796 801
1120 1162 1114 1071 1130 1110 1141 1112 1190 892 884 1090 1150 1183 1167 1091 1116 1180 1148 1125
71 105 38 848 865 822 123 819 122 16 47 31 23 864 99 26 851 65 844 28
797 844 81 941 11 823 1027 63 764 810 976 1 709 836 719 725 834 779 67 751
73 831 848 111 35 801 850 1028 796 3 942 58 795 787 780 958 66 810 875 981
374 1230 1212 1232 1241 305 297 210 1201 413 1238 415 1220 1225 327 247 186 349 292 409
190 317 172 1262 244 1185 231 187 1270 310 1209 1228 377 1198 269 1240 183 1216 157 368
229 1307 257 1239 327 1271 227 291 337 1288 279 1292 1325 1267 226 1224 299 1324 1229 320
709 753 743 38 2 769 23 763 984 35 794 724 785 32 745 704 15 999 698 806
786 804 932 1037 760 726 736 991 949 847 1015 721 852 955 807 25 944 1021 1003 704
559 613 1342 1338 587 586 633 1337 539 609 593 1350 610 605 606 1346 627 523 1365 543
265 1206 389 1234 1274 372 1275 368 1207 227 1172 386 1178 1181 1280 196 1299 299 346 296
925 946 1013 877 822 1055 834 1058 843 1004 831 920 921 847 864 968 1027 1044 1043 873
827 959 789 1048 108 72 794 801 918 88 945 843 823 795 777 989 832 763 33 27
269 1276 337 351 174 227 202 339 171 358 1210 312 1223 225 355 334 348 1282 239 1239
17 824 817 782 838 761 1011 794 1003 41 703 50 948 706 701 81 770 22 1041 697
203 1246 362 1235 1256 367 184 299 341 188 339 1231 194 328 333 258 1263 303 1242 1284
817 1036 813 765 933 964 866 87 877 951 20 1079 771 1089 83 884 1054 880 42 1072
1071 1100 1097 1103 1048 851 1061 1089 885 1098 1087 1060 1140 1088 883 1099 860 1044 866 1035
336 1182 1218 1253 1193 171 222 239 1156 1256 379 210 1135 343 1208 370 242 373 1243 250
424 452 428 407 512 474 481 387 422 447 457 396 415 462 412 423 384 451 482 445
271 347 361 287 229 283 401 265 1265 225 1185 1192 306 184 304 168 1189 400 1275 374
12 985 822 820 952 748 1036 766 1012 735 42 811 65 18 1031 797 728 739 39 58
118 145 189 178 867 185 156 95 153 136 854 128 160 134 107 154 157 848 76 177
617 1358 606 625 618 561 567 603 517 1379 503 1354 1377 1360 572 622 638 1350 613 1362
793 847 830 940 108 85 747 45 103 2 1061 92 877 1018 826 804 732 69 815 59
267 337 207 1277 292 377 380 261 1222 176 262 276 360 197 1266 1231 307 213 1304 1295
942 986 756 797 926 1037 884 803 26 1001 724 711 949 1055 1047 726 762 973 821 743
776 799 1002 707 813 694 811 937 35 713 693 851 57 33 800 13 1024 752 976 1041
813 995 831 91 1043 948 931 844 837 744 846 2 35 743 866 25 65 754 861 842
191 223 1201 149 164 205 280 153 376 325 307 1302 1202 260 277 1256 1275 1215 347 154
378 1211 1193 335 240 308 367 1208 191 289 1251 211 347 403 417 318 345 295 242 189
567 622 654 1359 630 618 536 1347 1332 577 583 588 657 578 1367 1335 570 596 617 638
334 388 310 387 1186 423 288 390 267 180 1235 1238 1255 300 1245 201 1212 428 1203 1183
434 449 514 441 437 430 403 492 478 511 410 423 461 409 435 396 515 510 400 470
167 312 1255 1196 328 1227 346 386 112 1198 203 334 304 296 169 348 198 179 279 1211
633 1350 1362 541 590 1379 1331 1344 666 623 547 1372 660 643 631 561 1352 588 659 656
27 846 75 760 937 5 815 785 769 724 1064 980 741 1047 984 21 826 804 966 770
35 93 138 739 797 1002 868 81 992 705 1004 822 14 978 24 764 784 749 765 42
236 1285 211 294 189 1262 256 268 285 296 293 218 1281 1317 1221 319 344 375 1284 217
105 151 178 150 840 50 81 861 89 63 132 80 852 844 76 85 113 176 145 107
197 1224 1197 350 272 215 263 237 1207 285 268 1192 344 1288 174 241 1253 206 308 1274
234 319 266 295 299 1285 293 374 247 287 390 367 166 261 313 232 359 290 1182 1243
669 683 727 696 642 636 641 684 631 739 715 762 724 697 686 647 685 725 737 659
329 1221 180 222 270 341 406 1194 1202 193 377 238 280 1198 313 228 399 171 310 178
873 887 837 913 825 818 938 1052 874 1060 857 814 1043 117 962 914 1071 112 973 939
214 1273 1299 1268 1255 350 319 1217 325 331 206 216 267 288 1257 226 1234 268 317 1222
635 1349 507 538 1359 618 646 1345 575 1346 1321 1364 639 556 1344 631 528 616 581 565
221 387 1217 1221 242 370 382 279 410 216 325 1289 1251 352 309 1210 384 339 185 265
1093 1121 1091 1167 1039 1073 1065 1170 1056 1087 1154 1100 1142 1041 1064 1129 1132 1086 1097 1079
613 650 619 1353 599 674 603 1334 647 678 1368 1330 564 645 626 688 1348 590 1370 690
571 623 607 1325 551 577 542 1347 590 550 1359 580 1322 548 1329 620 1346 562 541 637
314 1203 220 310 330 1242 236 1234 166 276 1192 1201 1224 160 1246 324 238 266 252 280
818 937 993 773 864 77 971 787 946 914 811 1001 960 1 913 68 891 871 1009 61
976 1036 790 1084 767 758 948 1012 41 792 941 795 996 1089 836 825 14 965 806 751
1386 1404 1379 1398 1410 1401 1346 1413 1356 1388 1397 1382 1405 1407 1352 1400 1348 1349 1411 1378
491 518 443 482 503 532 432 459 412 1336 492 1335 527 427 495 484 413 508 464 441
1231 1265 294 1296 1210 1233 382 209 359 379 288 301 377 173 246 189 369 334 180 1277
394 1205 331 382 393 1189 1252 1249 420 1206 1212 417 379 335 1242 1216 197 321 415 1231
111 848 1064 100 81 1034 788 815 877 59 843 928 1050 824 51 1072 86 82 821 841
570 607 1337 633 1349 605 537 619 587 1357 535 555 1351 621 547 1358 1361 641 1340 564
991 1015 721 1060 997 751 804 1040 861 1058 789 29 5 755 838 1028 797 966 983 738
947 962 895 848 986 1043 812 922 1046 1048 836 823 857 826 25 963 863 919 912 27
1380 1409 1387 1346 1367 1373 1405 1398 1407 1403 1399 1383 1358 1377 1408 1378 1379 1353 1406 1347
204 239 1292 354 1227 206 1295 279 1261 1309 197 1290 259 1234 198 258 265 241 264 1231
4 55 767 97 789 769 974 1008 999 1003 730 93 96 760 775 814 799 2 56 784
28 792 975 759 82 847 941 13 734 744 950 863 11 714 86 741 1020 772 22 836
94 828 775 861 989 999 57 49 837 18 0 871 870 813 939 117 68 36 857 849
1223 1241 348 375 289 1236 1215 1273 300 343 256 224 261 194 1207 1256 1198 186 366 266
512 1345 526 1376 1374 567 509 1381 590 507 1329 1378 575 593 588 572 1362 426 1368 1367
319 1241 185 418 1220 409 357 407 1236 1211 413 376 318 375 286 359 194 1280 228 408
546 584 1334 610 531 583 626 579 570 518 591 617 547 540 1332 1341 543 1344 521 1350
884 912 1159 855 927 845 911 887 1051 873 951 931 924 922 861 947 1061 850 864 856
32 69 4 748 732 51 1000 783 774 725 813 21 983 23 790 86 64 43 52 772
1250 1270 1253 320 247 1291 327 400 255 261 1256 281 1221 1298 283 401 1281 289 228 204
481 488 423 502 507 479 429 419 441 438 504 501 428 505 443 426 477 410 508 512
277 1254 163 266 366 333 358 265 356 323 287 1223 316 1236 185 232 1213 164 196 259
566 600 591 594 612 1333 572 584 619 629 554 573 1361 636 569 529 621 564 637 543
765 980 783 1002 953 730 768 775 704 1025 812 807 39 702 784 749 804 802 995 964
27 805 972 722 45 949 85 727 960 695 709 12 833 744 990 870 1026 1032 840 958
833 936 30 900 895 1054 112 893 1029 60 1031 836 1061 937 863 876 781 101 902 37
852 956 1015 799 93 920 1053 834 884 804 844 0 105 913 1026 860 949 928 70 822
803 871 954 112 1058 844 1021 1039 830 742 1066 999 1150 747 37 1037 1035 838 777 1155
28 823 952 965 712 750 998 868 1033 45 57 1023 1047 43 1003 50 960 710 828 1029
641 1370 1390 1406 1398 1397 1343 614 642 660 1335 610 1336 1383 1338 667 1411 612 664 1364
50 825 807 62 977 863 63 958 727 1019 1041 1005 973 934 26 950 83 7 954 940
283 1262 204 1248 1242 205 162 1195 1289 1199 1282 318 286 259 263 1283 383 1274 1212 1304
962 1015 853 1004 4 829 821 795 930 982 790 942 874 791 928 20 932 917 1048 799
557 1349 597 607 1388 1340 498 1322 1344 1324 505 638 503 525 1335 619 526 528 621 502
919 950 890 1023 972 830 1022 987 948 922 1061 1008 946 872 846 1062 978 990 986 874
111 872 940 1046 905 1068 946 161 812 1034 1044 126 148 135 74 864 826 1029 118 164
272 330 209 351 276 385 174 166 238 179 350 1251 164 1226 384 379 307 178 251 1196
186 315 376 1220 335 229 199 149 329 306 1209 1252 303 233 1205 353 189 177 1256 382
