48 81 127 119 13 3 520 55 68 77 186 111 37 195 50 4 45 163 49 105
140 166 164 119 170 88 90 174 176 121 114 189 134 105 529 93 524 99 76 527
21 50 87 218 206 519 211 64 207 202 516 526 15 40 199 525 23 518 76 5
195 248 52 46 206 103 160 216 196 91 243 254 228 63 75 39 20 61 5 231
117 152 125 181 129 182 89 528 526 180 106 97 90 140 164 189 123 132 120 173
78 528 245 117 530 252 110 122 210 1 126 125 123 222 18 50 58 529 104 0
238 257 229 251 227 217 236 224 526 259 237 226 256 248 190 215 209 221 530 218
163 197 34 52 44 250 26 168 184 226 111 139 91 6 238 143 36 60 100 122
192 238 15 169 177 190 9 197 93 158 81 218 113 242 173 233 167 18 55 249
223 254 523 0 246 220 531 194 530 207 252 221 250 248 7 16 249 219 15 192
186 219 229 200 248 528 116 228 95 135 17 0 84 150 88 123 11 59 53 89
15 196 240 26 197 518 216 220 233 61 215 250 201 8 93 529 107 161 48 230
33 522 9 512 218 81 36 76 518 88 0 15 28 99 55 165 177 205 95 34
484 502 508 507 512 514 494 515 506 493 487 509 496 505 489 510 513 492 490 486
90 201 108 522 133 52 126 55 193 59 6 171 119 110 22 222 526 153 25 26
186 217 56 191 202 110 21 124 91 159 199 188 225 13 18 134 223 527 229 195
258 533 158 213 43 17 249 25 107 89 195 233 100 135 147 103 226 199 128 183
66 92 120 115 16 90 197 57 530 114 164 91 522 191 169 140 203 147 158 28
2 215 521 203 192 242 11 19 513 216 533 207 49 20 58 193 187 9 226 519
89 115 77 1 128 124 138 76 158 525 94 58 55 69 137 191 110 182 153 112
196 207 44 258 95 235 30 160 53 220 253 81 254 239 188 58 11 525 47 38
245 529 513 1 100 521 26 116 83 187 520 12 39 9 219 71 64 73 207 512
133 173 119 183 155 169 522 71 175 521 107 73 116 117 178 165 105 191 531 140
78 177 155 165 193 69 205 198 81 80 151 150 522 112 148 77 530 119 171 161
485 502 495 484 507 488 494 505 499 489 501 493 491 514 512 490 496 513 515 498
64 523 197 189 210 60 9 193 230 530 212 38 44 23 528 87 22 180 157 155
26 60 193 518 74 533 190 81 95 198 184 28 17 197 23 531 84 527 49 12
57 178 6 530 10 193 128 82 138 100 187 526 39 160 212 17 184 117 211 125
1 518 73 28 67 18 527 74 210 30 58 203 9 206 21 46 87 70 26 191
224 246 7 243 530 528 523 10 204 4 207 211 232 212 182 233 235 214 244 527
2 18 39 196 69 5 59 28 0 57 213 54 17 21 526 56 63 42 23 530
179 204 29 175 113 129 202 182 130 170 21 233 30 149 231 524 9 226 533 28
60 185 61 86 50 99 89 90 15 141 137 522 182 520 29 125 121 151 100 107
128 151 74 107 187 190 189 178 80 114 78 144 90 76 86 84 158 111 528 182
65 93 50 105 203 73 62 204 2 37 528 91 137 39 134 146 531 527 191 13
142 162 119 182 104 522 102 531 88 113 85 189 99 160 165 121 76 80 186 170
70 100 187 17 97 142 144 27 103 81 146 147 192 95 161 121 32 42 532 19
20 201 216 0 65 254 30 1 19 220 42 81 21 239 175 237 197 249 34 200
61 79 532 134 42 67 78 72 197 11 202 113 41 171 7 82 199 12 200 4
76 114 56 177 200 160 521 97 77 149 174 60 41 529 148 144 113 75 156 49
172 194 39 255 62 240 116 225 51 224 72 170 532 531 40 214 524 80 206 252
141 188 114 92 69 122 84 113 163 521 115 199 66 0 95 229 150 130 75 164
128 144 77 112 121 107 84 164 91 116 86 173 183 106 141 181 125 152 76 89
86 160 133 175 177 67 72 105 62 169 51 82 180 92 138 68 109 532 89 104
153 174 170 160 60 86 533 104 212 521 196 192 75 113 137 155 128 178 70 151
94 529 189 29 142 134 223 76 148 183 209 147 46 124 250 235 206 257 207 533
183 207 257 90 531 530 69 126 10 25 533 171 173 164 159 142 522 52 29 198
74 198 10 205 529 186 76 11 80 46 48 254 27 180 239 259 75 197 523 55
0 68 6 8 84 26 29 76 195 25 173 179 44 532 198 52 36 186 515 204
36 69 9 88 183 191 47 84 178 49 70 41 518 76 38 198 72 531 199 79
203 519 510 257 29 248 233 82 164 70 227 168 194 35 31 45 33 68 527 241
0 200 33 161 168 219 87 232 529 223 35 47 166 12 257 187 21 194 222 38
216 521 508 257 168 181 48 80 248 55 204 79 201 45 27 52 250 44 525 56
25 209 67 190 11 205 259 181 73 72 201 208 207 225 254 1 29 258 183 54
32 529 208 230 49 25 169 80 29 154 27 184 203 50 21 234 60 181 109 238
105 191 213 156 58 243 52 121 231 166 241 46 69 151 51 226 238 12 249 237
157 185 83 176 170 152 523 202 102 114 128 209 72 119 210 77 116 139 195 138
0 218 257 221 259 247 226 86 519 251 531 77 89 223 6 222 63 245 533 49
3 73 49 515 524 95 33 16 220 190 526 70 54 212 174 218 226 192 219 112
162 191 165 77 241 185 233 220 228 105 245 212 164 523 531 215 205 86 24 533
42 529 70 136 95 135 167 514 110 521 102 90 222 184 211 100 163 12 112 31
199 223 201 60 185 94 175 8 232 169 10 197 99 176 31 228 78 70 95 240
124 161 130 162 135 180 79 100 175 106 120 525 183 147 156 522 128 154 533 134
4 75 166 112 167 25 30 58 204 200 55 15 202 225 114 197 180 76 3 95
194 216 9 173 214 250 40 243 18 22 66 187 251 258 231 527 168 102 257 246
194 242 3 173 198 6 34 95 19 56 192 202 175 94 2 54 9 71 79 532
22 69 63 9 33 102 7 18 11 110 524 90 77 528 104 96 57 13 97 193
206 250 202 198 193 529 218 17 237 244 0 213 23 61 207 53 184 192 533 215
120 530 513 531 200 25 91 176 529 231 194 141 7 70 223 109 150 21 125 14
195 214 22 36 51 99 238 63 71 201 172 169 0 237 14 528 7 76 242 246
93 127 135 79 87 133 520 164 121 157 106 75 105 124 56 530 126 130 167 145
112 157 71 163 93 525 194 165 178 111 134 129 133 191 140 130 149 150 85 161
211 525 163 32 83 18 254 69 220 109 40 161 258 37 29 51 8 50 530 257
68 190 221 160 179 109 530 237 171 17 529 13 48 196 36 105 79 46 236 149
208 222 173 232 522 248 193 34 256 32 28 175 199 253 21 252 234 12 224 13
89 178 51 172 62 57 133 94 156 148 143 519 194 169 210 216 521 527 71 167
134 178 214 211 56 174 165 73 199 179 70 123 130 100 141 109 218 95 187 76
34 54 533 68 187 17 73 198 74 188 88 179 35 64 36 37 51 26 520 524
213 250 212 223 251 533 196 243 235 20 209 231 199 180 226 236 527 189 214 7
165 203 241 194 3 117 119 178 61 528 24 47 179 169 524 10 38 94 87 251
231 255 531 211 252 188 246 242 253 224 210 206 529 240 259 524 258 220 226 194
103 533 60 74 233 92 193 197 259 134 147 182 226 525 231 38 242 49 141 13
3 17 35 29 2 81 39 55 63 517 532 531 193 67 74 22 5 13 215 202
63 526 57 2 84 198 189 113 5 148 521 88 43 7 109 250 85 159 513 19
95 191 174 110 112 248 233 55 23 148 240 189 124 86 187 115 9 5 83 104
178 214 12 240 217 521 177 234 131 8 127 80 237 182 144 135 62 22 15 2
75 182 141 107 67 138 60 144 55 99 168 92 180 203 136 0 177 91 79 200
159 191 14 51 151 166 108 235 77 134 196 155 71 245 531 194 213 66 7 240
58 78 521 100 30 193 180 89 533 524 70 129 530 207 104 107 99 40 527 204
79 158 103 200 137 140 126 89 519 530 66 183 203 96 62 520 48 97 194 80
203 526 73 75 517 206 162 515 43 246 192 96 163 85 90 51 69 216 76 237
177 203 228 97 209 21 117 182 68 252 134 72 198 172 223 153 250 201 39 66
164 184 151 52 198 149 1 526 113 525 99 183 110 129 134 55 531 143 212 122
77 181 216 43 6 527 44 211 202 196 86 91 166 189 108 76 184 84 522 87
28 59 16 99 0 1 10 33 46 56 194 191 182 38 518 75 532 42 37 64
82 520 99 93 196 115 124 201 528 45 202 158 95 506 181 521 178 165 194 162
508 522 161 493 165 498 88 224 218 61 202 509 199 81 73 518 216 209 28 2
481 500 495 507 491 482 504 492 484 506 497 509 485 498 512 508 489 493 483 496
114 528 516 88 87 145 41 51 242 45 73 22 53 526 77 148 237 191 26 214
30 514 527 16 519 33 516 13 204 22 0 195 49 52 65 24 520 6 524 27
223 532 74 216 163 218 56 104 35 12 138 206 243 529 31 90 92 184 517 237
88 185 48 102 178 190 60 116 65 137 127 222 529 69 155 146 131 179 111 96
129 162 109 106 75 80 102 89 168 526 122 148 96 189 530 127 161 180 135 164
512 520 48 62 197 72 13 506 517 508 42 207 44 215 528 184 504 187 216 91
91 174 113 155 151 90 99 193 163 71 97 133 116 86 172 195 94 82 188 192
92 146 176 66 61 530 194 67 171 162 132 177 63 107 147 53 69 105 108 120
64 173 111 181 146 194 48 205 208 131 112 174 142 180 33 206 21 129 74 148
226 523 96 176 19 171 103 78 221 100 515 1 13 529 94 194 191 514 519 37
103 163 66 525 84 97 196 117 89 136 167 159 164 532 72 176 141 81 183 148
210 248 189 186 528 239 204 224 249 236 190 242 234 531 199 23 187 257 2 22
159 525 168 132 183 26 109 245 6 11 190 229 74 217 95 34 530 127 119 156
74 174 107 185 62 152 530 527 105 77 180 210 166 144 165 106 75 524 112 63
256 525 1 179 18 533 89 110 33 244 235 220 114 117 96 157 211 515 202 248
63 183 157 2 4 149 519 145 6 95 207 123 82 31 135 190 215 57 531 28
0 14 73 210 52 11 57 198 65 533 199 76 195 72 82 203 532 16 50 71
32 201 77 19 204 181 50 37 72 81 88 7 1 25 523 6 3 26 527 245
109 167 86 172 97 113 92 145 119 155 199 190 136 187 189 91 132 174 173 184
59 524 158 248 190 82 95 3 80 76 47 100 519 61 164 198 213 75 196 105
90 161 156 72 87 122 107 99 186 103 199 70 91 62 200 158 110 58 78 191
251 532 61 63 227 188 128 37 232 24 95 149 75 21 41 193 228 120 2 59
164 203 168 42 13 225 173 82 531 81 117 95 178 47 107 172 60 103 1 202
486 500 501 494 495 491 512 497 502 504 503 511 492 505 498 507 487 499 506 510
210 526 232 105 154 67 244 230 16 187 208 54 248 213 196 519 56 170 91 229
189 228 193 133 96 97 127 131 171 3 157 170 47 53 103 224 45 81 88 132
63 191 197 0 521 56 184 21 185 164 113 68 69 531 216 200 151 13 48 241
131 161 75 525 124 110 96 87 169 99 155 522 76 163 78 194 123 103 116 523
160 531 199 190 12 157 200 241 529 89 131 113 208 171 512 129 233 103 39 164
95 147 142 119 180 163 200 99 521 169 102 143 122 156 136 191 188 527 107 61
7 32 211 531 514 49 517 63 196 530 213 41 69 204 529 227 221 70 0 23
93 197 135 185 522 104 252 42 162 100 70 125 35 194 41 64 223 207 533 17
91 147 54 155 134 133 62 172 102 63 72 195 527 55 525 129 157 191 159 73
51 532 75 37 56 138 193 171 110 32 2 212 128 251 522 55 121 247 24 202
61 181 204 90 191 133 149 95 74 144 15 202 47 136 34 63 209 190 54 3
21 526 195 79 256 86 95 228 178 259 16 212 229 191 514 179 170 59 112 215
158 192 202 119 214 8 87 121 246 194 519 55 114 21 248 96 223 12 51 90
89 108 104 81 0 80 65 53 117 73 56 69 86 521 144 105 74 93 91 137
133 532 145 125 43 79 84 168 230 246 223 180 226 127 512 189 13 19 46 522
27 199 99 47 25 225 521 66 60 173 171 249 257 223 67 170 241 9 255 256
143 186 1 73 83 99 90 220 171 172 179 227 523 110 162 71 521 228 91 206
17 522 15 209 31 53 200 20 27 192 516 179 220 530 222 527 55 224 532 228
1 89 20 28 71 205 190 65 61 137 128 11 51 155 169 202 88 74 49 68
204 245 62 532 81 207 25 523 9 68 259 191 26 248 7 228 30 242 196 222
10 41 223 208 202 529 54 515 40 31 211 209 65 8 204 73 45 74 210 44
103 149 142 168 197 86 106 139 129 160 530 173 175 89 187 190 146 124 123 531
3 521 532 206 215 207 12 214 72 195 197 222 19 26 76 87 526 533 224 219
74 175 527 76 172 67 112 149 9 44 162 71 212 201 108 180 524 144 209 531
22 529 155 83 175 59 214 113 52 78 2 77 179 238 72 104 4 36 95 94
42 530 69 59 515 199 88 195 183 524 53 514 221 150 146 115 164 62 249 65
66 524 229 2 97 244 157 230 177 72 518 514 11 96 27 69 194 249 62 228
161 186 66 178 520 167 123 55 86 184 146 147 83 227 132 131 135 148 52 137
