1657 1686 1640 1713 1710 1711 1629 1667 1656 1698 1515 1702 1723 1608 1642 1518 1623 1703 1696 1688
2373 2384 505 411 388 404 463 2421 2353 2389 433 496 374 2392 455 4177 370 4155 417 541
811 2465 627 588 576 650 2501 3564 724 782 2445 2518 3571 937 662 3584 717 923 867 631
2377 2451 386 2339 2402 406 667 2416 2503 4173 686 419 2382 630 2390 751 4179 740 2341 596
56 1863 2138 14 4238 2104 2106 1947 1835 79 124 4255 1871 4287 21 1932 2591 2118 1859 1983
3742 3750 3632 3660 638 609 3642 586 596 3759 3725 3738 580 3760 3753 3773 575 3677 3780 3681
22 1857 2142 1967 1894 1991 1847 2082 31 4257 2660 1990 1879 2156 1839 1886 4270 2595 1721 2648
524 4156 462 402 4117 567 614 4145 4073 598 459 478 603 534 493 4078 2407 609 2430 4149
1358 1438 1312 1370 1307 1300 1303 1402 1325 1411 1314 1371 1346 1340 1448 1409 1293 1372 1381 1352
2216 4292 2238 2212 2159 2135 2602 2230 2237 2677 152 314 2169 2605 2088 2664 4263 252 2103 190
75 2085 221 1730 2146 204 278 1980 111 90 4280 4266 2135 1850 81 2115 1778 1765 1818 179
602 2397 3760 3763 4061 568 518 4137 503 2423 586 3844 531 434 2414 2363 4096 3783 495 462
393 4185 4187 405 363 4168 364 332 2326 2328 2316 2275 4164 471 517 420 446 379 383 2402
122 2069 259 51 4263 2208 2190 134 4293 214 2176 4270 209 2090 4278 2210 81 2020 1781 70
70 2616 4269 102 4249 4243 1728 17 1723 1809 1850 75 2591 2605 1848 1805 2583 2669 1839 2064
602 3844 570 3850 3841 3823 4061 3825 2428 596 2421 2436 4045 3803 615 3741 4079 2468 679 3846
2880 2898 2899 2896 2930 2951 2929 2908 2867 2870 2866 2910 2860 2865 2902 2919 2903 2947 2925 2883
1902 1999 1967 1937 116 1960 1886 1888 174 1997 138 1879 1924 210 1842 147 123 1874 162 1857
1548 1603 1638 1519 1581 1559 1516 1543 1594 1541 1618 1525 1637 1555 1523 1571 1506 1574 1520 1507
81 2655 104 2692 2647 2101 2625 19 80 1832 1831 138 4256 161 37 76 2584 2074 1835 2653
499 2379 512 466 2436 2369 481 2365 2377 2284 421 399 508 2438 4175 2451 540 2322 491 2450
250 2110 2244 98 2080 4205 344 2169 2144 2054 4269 2082 4196 127 4292 167 184 178 230 2257
208 4224 2079 2218 2064 2094 2054 134 279 236 238 272 4222 418 1784 2241 1920 243 1870 413
633 2418 445 2368 2456 2357 579 507 617 623 2426 588 2393 730 691 416 4040 625 2421 2436
87 2073 2140 53 61 47 2101 4243 2143 2198 127 2094 2077 2169 4268 2159 4223 4255 131 2636
634 3820 683 693 635 4154 640 3793 4128 2455 2398 3863 3822 3776 3809 2408 611 4061 3800 3869
2706 2740 2745 2776 2671 2713 2735 2761 2704 2738 2679 2767 2768 2582 2691 2772 2784 2678 2589 2721
73 4258 134 1989 324 74 2224 3 4249 1853 335 2236 332 297 1995 2024 1768 2067 2614 246
658 4014 3854 3665 3674 3839 3925 3804 3660 660 3815 3889 3989 2461 3888 2454 3954 4047 749 3932
3740 3755 3764 3677 3691 3653 600 650 3624 3801 588 3769 638 3786 3626 3766 618 3682 3630 3723
418 2349 2430 4176 473 2361 2312 2282 2256 554 478 2369 372 358 399 2360 2414 375 416 479
122 2194 33 97 2068 2053 71 1938 262 234 1858 2055 284 193 4268 2070 4288 1999 263 2043
165 293 256 251 78 2250 144 359 4208 351 2182 212 161 1788 2253 1920 182 4217 1875 2023
854 2509 869 894 2494 2481 933 953 937 820 929 810 2492 2527 2520 836 2454 809 2489 2525
46 2058 2141 11 2075 1778 100 266 2140 2107 263 2080 233 2585 2072 2122 217 249 2607 155
2282 4188 343 523 326 2311 4176 2342 4155 291 2302 461 534 311 2278 2370 2376 404 4181 288
2116 4276 306 2196 2090 2131 197 285 2054 79 185 2673 2083 2092 2126 58 202 4292 2038 2195
693 3905 740 3643 3957 3822 3652 759 661 4057 664 3653 725 4029 764 4019 4048 772 761 3889
2124 4279 4254 2216 2156 2069 2088 4275 2064 194 4292 73 4263 2103 188 2122 47 2107 2067 147
106 2052 2140 94 111 1981 222 157 2628 2017 4245 4292 4241 1808 1858 163 110 66 250 1859
4055 4114 606 576 579 661 4142 4063 575 648 4141 4157 590 602 603 4151 644 4108 653 618
60 4259 1785 2670 1868 113 2160 246 91 17 4262 1848 4261 2110 49 4238 2228 71 54 299
2897 2952 3010 2950 2980 2907 3021 2968 2885 3034 2898 3029 2969 2924 3020 2929 3037 3011 2908 2926
734 2433 473 698 514 475 479 2349 2504 2392 431 641 3981 672 2450 746 589 716 688 752
2132 4255 69 157 2179 2616 2095 70 2122 4280 2163 97 263 334 4248 4293 91 2075 226 2660
493 2320 2394 415 386 2294 429 468 2308 420 2411 422 533 507 2270 480 2261 2426 4196 486
702 3895 654 3856 3930 3963 738 4037 3876 3840 3889 3962 722 3894 3634 763 756 3977 3973 3913
4066 4130 648 4103 4142 4120 4127 4119 4139 4053 671 4068 4050 4154 4158 602 598 4117 4159 4166
225 2213 1979 2045 209 2025 2058 169 4275 2042 136 2088 2065 1982 1887 237 2183 4263 4284 172
909 943 789 896 990 850 933 906 798 902 950 921 948 972 820 957 794 837 952 930
129 1884 1994 272 2106 1990 1872 1968 2008 266 4293 2220 15 2064 1779 92 2154 124 19 1955
1796 1910 1912 80 1918 1866 1787 137 1825 140 163 173 59 220 199 1998 2006 1781 1894 1813
827 876 2467 846 949 961 772 921 2486 2478 903 790 917 939 878 2506 858 839 825 872
3082 3139 3102 3075 3064 3070 1423 3133 3174 3128 3076 3152 3147 3103 3101 3119 3159 3131 3170 3050
4046 4090 4110 4015 622 4035 4042 4056 4066 671 4137 4089 4132 4037 4149 4136 4122 4123 4153 609
479 4187 2352 504 434 521 2265 2315 451 2445 2346 524 2252 2300 2342 412 2406 2350 354 378
41 1846 2618 1893 1852 31 1824 2599 50 2580 1912 2066 1727 122 101 92 2162 20 18 2587
1899 2005 1833 1905 1842 1985 208 1824 124 2012 1909 169 1930 190 1958 1973 2039 2044 2006 218
1810 1903 97 1776 113 1870 1862 40 1876 1966 1944 204 1943 1963 1951 1815 41 119 198 1812
2189 4238 4255 4260 251 2152 105 47 238 2262 284 74 223 230 2271 4246 253 4216 2654 2186
250 4209 140 302 2048 2193 2107 2277 2267 2207 2229 238 2050 2122 259 430 2213 190 120 2110
667 3831 3838 653 671 3969 3853 4024 3834 689 2473 4058 3976 3938 3887 768 3936 734 3868 762
3520 3544 3463 3512 3573 3521 3570 3591 3594 3533 3543 3536 3538 3519 3473 3458 3582 3568 3490 3482
652 3806 595 4074 3744 3856 3946 3668 3642 3764 3846 3680 607 642 3829 662 3841 636 3747 3845
2263 4205 489 250 311 209 2292 459 2330 423 4212 4186 4196 173 478 407 4243 470 2270 4217
76 2069 2632 4235 85 2633 185 10 66 2109 2087 7 1775 129 63 202 4249 158 4282 1828
238 2263 221 353 136 125 140 161 232 2055 157 2191 189 2066 456 216 138 470 233 2170
1215 1287 1303 1300 1262 1213 1272 3296 3268 3303 3346 1191 1177 1306 1269 1343 1335 1342 1194 3290
3653 3750 3804 596 569 3613 3603 3618 3771 3683 3637 675 689 609 583 3747 681 581 3763 661
2292 2331 4194 518 459 2313 4187 2269 4189 4191 354 524 4168 4219 393 2261 421 324 2314 397
23 1727 3 0 1751 1672 44 1745 40 4266 1744 1853 2080 2182 2598 1701 20 1693 1674 1732
380 2367 2293 495 401 2305 364 2361 4234 2441 4176 4158 406 351 410 2296 483 2415 2258 339
135 1813 2167 1887 1932 2134 54 1826 261 2129 1864 1885 1929 172 4218 2028 155 157 2192 2053
194 2129 1951 229 132 1795 1821 1842 2021 1970 1911 1782 192 2006 306 2115 1880 104 1769 42
250 2156 214 2225 2104 2041 150 4216 2254 4290 4202 270 261 2112 247 2180 4261 2132 49 2119
2755 2784 2786 2717 2708 2734 2751 2722 2782 2725 2712 2798 2800 2761 2727 2769 2743 2720 2757 2815
216 1933 2215 217 2094 121 2254 128 1960 1917 1931 1857 2197 185 1854 1874 308 2184 267 175
1957 1990 1808 1817 2038 2007 1791 149 1824 1997 1932 1802 1788 1856 1813 2027 99 1858 1821 1980
470 2374 502 2404 496 2262 4162 4196 531 465 2413 431 2315 2415 449 375 380 2418 2425 2348
2596 4268 214 190 2110 2215 2124 4253 2631 4276 2598 2165 2085 288 4246 2169 182 291 2050 2664
1155 1168 1140 1138 1157 1136 1100 1107 1109 1189 1171 1117 1172 1164 1175 1144 1154 1194 1169 1135
1422 1447 1374 1356 1433 1440 1419 1354 1413 1387 1449 1445 1464 1371 1471 1404 1438 1424 1450 1383
311 2108 324 2085 2280 205 357 361 2291 62 2288 252 82 137 2217 59 4274 2128 299 4192
811 2497 809 784 842 757 2525 935 731 3582 3567 923 861 742 826 726 2513 922 2484 3585
1336 1383 1376 1424 1349 1310 1399 1375 1311 1384 1323 1288 1307 1366 1299 1302 1303 1344 1301 1294
214 283 1776 2223 2222 252 4273 2195 2122 2207 4221 224 1872 2041 349 2146 2013 265 2027 268
3908 4024 745 4004 760 780 3991 4031 3920 3913 3926 4049 3922 638 696 3915 710 763 782 3942
214 2193 113 220 2072 2065 321 2008 4267 1988 1819 2192 291 1776 1778 2058 2214 1885 2128 277
591 3872 2457 2446 2447 4147 607 683 655 3923 3772 718 3911 686 547 3918 2467 4151 4092 3925
158 1784 2186 1849 128 1885 2002 307 4209 2030 2083 1811 2026 236 1882 4212 1953 1764 1819 221
3336 3455 3416 3425 3452 3346 3441 3399 3397 3330 3419 3323 3447 3405 3477 3461 3479 3350 3385 3464
613 4103 3822 4086 3840 637 3829 2450 4142 4130 587 4080 3767 4141 4053 3759 4087 584 3803 2449
1800 1826 92 150 181 161 1828 142 1789 1874 1732 1782 89 1804 196 1865 1901 217 1921 210
3218 3286 1278 3252 1279 3301 3248 1265 3241 1283 3307 3321 3180 3194 1296 3229 3319 3181 1274 3352
1854 1984 95 43 19 2000 180 29 44 221 191 2001 1818 70 1964 190 118 1827 96 1876
109 1833 2197 1882 2031 1858 2000 1880 2077 122 2062 2132 2114 2009 1843 1992 1957 1993 1806 1926
212 2049 2028 109 2196 1983 302 2116 1767 319 1978 246 1895 2227 1869 145 91 1817 71 1965
2923 2989 2894 2968 3010 2877 2950 2999 2946 2906 2904 3016 2888 2933 2889 2975 3020 2939 1474 2985
708 3976 725 726 3936 665 656 709 755 3649 4029 3881 3986 3997 3905 2473 716 682 689 644
850 947 826 2477 829 2499 2504 825 942 938 820 845 944 987 2506 2478 932 869 2514 900
1828 1917 182 1943 108 47 1972 208 1819 1914 1855 1837 1815 1876 1979 105 1995 1846 1880 149
2385 4154 488 494 4126 4071 423 535 469 453 4165 2383 590 411 460 610 2448 554 614 463
3668 3693 3611 666 3641 3615 670 3716 3614 3752 3722 3649 3775 3764 3774 3674 657 3634 3709 3654
1666 1712 1735 1621 1706 1641 1693 1725 1639 1675 1618 1709 1616 1671 1620 1626 1673 1652 20 1690
2346 2368 4183 4187 428 511 4184 2365 370 4181 2316 2404 4160 528 361 2429 530 4172 4165 532
383 2363 500 532 2445 402 451 488 371 2290 4233 2344 2349 449 505 507 4163 530 4175 2285
3461 3477 3417 3546 3487 3522 3402 3474 3543 3435 3422 3420 3455 3533 3412 3400 3516 3429 3500 3525
2258 4238 395 48 72 458 233 144 422 407 2183 105 39 248 2272 409 274 2259 153 490
4082 4118 4098 4037 4146 4051 619 589 4067 663 662 4080 575 4147 4068 4141 4081 4044 4140 4096
30 1798 1928 2086 1731 1844 2145 201 1723 1877 148 144 2067 1910 1872 200 205 15 130 2091
210 2078 123 2233 2207 2083 2064 75 4258 4286 296 1942 2047 1910 40 1878 9 288 51 2223
83 1983 2034 4290 2638 91 1814 1954 2637 1904 196 2196 1980 4235 168 1885 2106 80 1988 75
396 427 374 516 2408 4218 2254 4217 2367 4161 513 2342 480 2369 2364 2397 356 472 459 421
350 399 2345 370 2303 494 2335 354 521 2328 4204 364 488 2316 431 282 2408 497 426 246
421 2246 453 2394 368 514 403 274 4206 204 2317 4214 373 2413 2412 4201 4220 483 464 2264
1796 1828 1788 201 1900 1772 1831 1820 182 114 47 1956 99 166 1920 1905 148 97 32 1858
125 2075 115 233 106 1847 255 2104 240 1835 273 26 1929 1898 2186 153 169 239 29 2623
559 2447 730 2362 754 2415 504 2457 756 484 689 2372 2371 2420 708 461 515 2402 676 602
467 516 561 2367 2364 547 2321 2311 2412 2303 2437 2288 481 2294 368 2328 383 2320 2290 2286
3359 3444 3409 3374 3433 3350 3314 3461 3383 3474 1297 3324 3312 3431 3379 3327 3347 3337 3430 3426
1625 1679 1697 1526 1626 1594 1589 1685 1590 1698 1517 1661 1707 1680 1598 1611 1714 1606 1722 1651
818 2496 852 822 2531 811 812 917 928 821 932 2484 804 2490 895 883 2471 750 780 876
2667 4276 4271 2693 55 2061 2204 4288 2664 2206 2591 2716 4252 2160 2702 2120 2092 242 2581 2172
2621 2648 2666 4251 47 2630 53 2610 2683 52 12 2633 2673 2598 2639 81 2628 113 122 134
431 4220 2411 264 4218 374 2204 2225 140 272 2281 4182 2392 4211 4227 517 142 2242 418 425
651 3668 4098 3722 3733 619 3881 2463 4036 3612 3737 3860 3728 4085 3735 3782 4015 667 3613 4005
709 755 710 3911 803 2464 2445 3969 815 812 4011 2491 2444 681 804 3876 3640 4002 3928 4039
241 294 313 252 2063 4217 2206 2135 2251 235 4190 2234 2209 2182 274 275 2142 2094 2103 248
549 2397 407 599 2335 448 537 409 2454 392 2430 534 633 2307 422 398 554 580 2373 2309
1289 1336 1305 3193 1375 1284 3265 3300 3219 3279 3192 1204 1242 1371 1287 1369 1378 3270 1327 1385
3673 3688 3687 3634 3771 3615 3768 3743 3684 3740 3738 3735 3626 3644 661 3652 3627 3636 3754 3676
120 2151 2 1775 2634 4231 5 4230 248 1836 125 1805 2191 1797 140 2164 250 2144 2075 2042
129 266 4273 1898 1945 2020 1934 142 100 2176 1949 4262 2059 2044 1938 1862 1801 41 347 2105
814 2475 825 923 830 849 682 853 2468 3567 586 2453 728 3569 2478 566 657 777 875 683
3154 3165 3104 3156 3063 3046 3134 3129 3140 3082 3192 3144 3114 3057 3100 3071 3062 3085 3091 3069
1020 1038 1025 1040 999 1081 1085 989 1024 1012 1039 1000 1072 1094 1091 990 1077 1032 986 1033
2057 4282 224 78 54 2604 2125 30 110 172 254 209 2184 177 2009 2080 2178 134 127 2145
130 1792 238 2172 221 2003 2202 122 27 133 1719 2186 2131 1976 2005 28 94 2071 2010 264
566 577 4092 3845 557 556 4058 609 542 2416 2414 520 4154 607 2461 561 3754 2466 611 2426
2032 2093 2040 11 2050 156 90 115 134 1961 2121 123 2136 2014 73 57 178 191 1960 97
3218 3286 3250 3248 3306 3311 3305 3230 3243 3201 1266 3191 3186 3261 1270 3222 1290 3237 3301 1254
1365 1437 1304 1293 1297 1374 1386 1358 1451 1454 1453 1320 1436 1377 1370 1330 1316 1468 1357 1383
382 4225 82 462 144 152 476 2209 4242 119 109 2221 2363 503 131 491 4200 2380 258 2358
662 2464 3933 3665 3852 3640 3980 3907 709 607 635 3820 849 4083 4049 3657 623 3853 2477 3856
354 443 448 408 401 427 4249 284 2225 519 402 2254 500 475 2290 2398 439 502 404 2402
2919 2968 1481 3008 2894 2871 2952 3019 1484 2889 2949 2885 3005 3009 3033 3021 2895 2950 2886 2996
973 999 1019 944 964 972 942 956 992 983 958 971 1015 969 1012 1028 945 1006 965 1010
2821 2839 2818 2837 2857 2809 2858 2874 2873 2860 2852 2791 2795 2823 2833 2808 2867 2862 2868 2797
2295 2317 480 2368 486 542 2263 2276 413 2262 382 4179 397 2301 479 4200 544 4191 541 371
1976 2022 152 1989 217 1942 1846 95 1862 73 1813 91 1793 4282 1946 1797 1835 2046 157 171
