32 345 66 16 1506 1467 147 1457 333 379 1507 83 411 301 1458 1521 12 1494 362 30
49 1436 55 1429 1521 338 1448 1117 1539 1516 1445 86 71 1145 358 1119 1143 81 105 1529
38 1449 27 1148 1448 79 64 1151 85 92 1489 5 149 109 22 1439 317 1432 1530 311
61 125 1472 92 131 0 309 1430 54 78 133 99 1418 114 149 50 1476 15 319 23
1328 1380 1345 1296 1396 1280 194 1309 1339 1362 1295 1288 1397 1391 196 1334 1292 1298 1318 1379
493 504 475 603 546 503 457 417 454 576 663 598 597 636 486 655 467 640 632 592
1316 1382 219 1377 1387 1346 1315 195 1307 1373 1357 1372 211 1395 1393 1348 1313 1318 218 1317
1138 1167 1157 1424 1115 1454 1077 1060 1193 1433 1439 1143 1223 1161 1136 1173 1426 1213 1221 1096
508 622 461 579 630 665 657 673 647 592 638 554 604 555 649 569 610 509 694 465
1069 1093 826 834 1075 1046 1133 1127 1068 833 1105 830 1119 1084 1103 1153 1117 1057 1151 1102
313 393 402 357 131 1517 98 429 425 334 349 105 372 404 420 326 360 162 107 435
1115 1177 1086 1258 1046 1250 1212 1167 1218 1075 1061 1197 1424 1256 1427 1268 1079 1264 1442 1171
69 1480 336 72 1504 1526 1461 136 330 1447 47 1482 137 140 1491 1462 39 113 57 316
86 1525 114 87 68 332 1461 1476 1517 85 342 141 325 1538 1427 1483 118 348 1526 153
826 872 904 1042 1043 1065 810 859 788 784 808 770 794 1025 1019 1017 891 1030 1037 828
24 167 190 97 1535 1466 1404 1517 186 1452 85 86 239 1438 1444 1478 287 155 349 263
350 413 76 315 462 84 145 408 402 42 294 296 341 411 14 430 434 310 353 130
64 1448 14 30 315 1505 99 1154 1463 56 342 26 111 1126 8 346 1514 1451 1159 144
464 517 502 664 547 682 459 465 543 528 488 548 687 668 654 617 633 745 647 623
1296 1372 1343 1232 1322 1302 1233 1274 1240 1328 1367 1386 1385 1331 1236 1383 1357 1364 1273 1235
240 282 292 297 271 183 220 218 219 237 242 228 261 197 181 180 191 174 284 188
149 318 114 352 1398 4 72 1402 276 18 36 211 1403 270 286 1528 272 291 377 293
715 775 583 787 794 821 570 846 709 639 729 706 713 685 707 559 686 604 664 565
35 1442 22 1502 353 1503 1156 1480 9 1448 57 1429 1434 20 29 14 1456 1500 313 1126
131 1414 61 130 1420 325 1480 294 1262 369 1511 336 1180 55 1487 116 282 1261 322 95
451 541 734 455 722 503 735 674 461 488 729 637 409 464 450 732 421 630 481 454
24 82 57 1496 1447 86 1522 1469 1425 15 70 104 362 69 7 32 88 78 307 1532
1420 1528 339 1159 1139 1428 1145 41 1161 299 1410 1178 306 1421 1175 136 1467 1457 31 1177
40 340 413 380 106 78 1 62 365 295 148 405 110 61 44 1421 98 294 1443 1483
1430 1515 1149 1482 23 40 1443 35 1419 1431 1450 38 72 12 129 1128 1491 1163 1408 1122
179 263 262 1285 254 1404 156 230 214 271 1282 125 178 260 186 191 130 187 182 1403
101 351 1422 66 1524 385 1517 372 333 1449 1439 1481 1536 1483 1480 1431 1433 362 406 150
41 1505 147 31 1524 0 1525 96 323 102 108 80 37 154 1462 1426 127 135 1436 1514
1253 1387 1250 1352 1196 1216 1306 1210 1315 1375 1176 1247 1255 1280 1202 1175 1278 1317 204 1359
486 561 576 612 691 472 719 643 713 722 575 647 686 559 466 775 467 726 425 541
126 155 1427 1404 321 1425 207 187 53 137 64 345 95 118 1434 1397 258 180 279 271
1174 1255 1430 1175 1407 1131 1149 1125 1118 1223 1146 1144 1387 1244 1308 1405 1206 1141 1226 1278
1048 1085 852 1058 1117 1063 835 1105 845 841 819 1087 1061 1168 1079 1127 1034 1123 1154 1108
1416 1523 104 1272 1270 148 94 1278 1158 63 155 329 324 106 1165 30 46 1179 1516 1262
1150 1436 125 106 1180 1132 1512 1124 1533 1163 1438 1171 1160 1098 1114 36 104 1155 1442 3
490 504 472 476 657 549 418 599 560 530 525 582 425 647 473 411 654 454 571 453
524 695 717 615 599 746 532 574 483 737 502 634 489 627 744 758 650 766 499 617
762 803 568 616 785 567 601 728 689 759 528 709 651 818 624 600 840 540 778 530
618 770 807 554 678 498 744 799 824 677 747 629 666 542 642 723 658 568 645 584
395 445 391 383 421 422 484 437 325 464 477 501 358 337 381 374 475 487 372 379
69 340 355 66 121 309 302 1457 45 1502 46 301 86 93 414 1 335 1489 147 345
660 703 755 534 536 782 644 700 668 610 575 523 775 708 625 504 679 738 580 754
590 696 692 649 721 534 505 697 498 504 487 555 499 707 622 742 540 509 749 746
1331 1382 1363 193 192 1308 1375 1296 1388 212 1323 202 1379 1279 219 1368 1366 188 1359 209
624 737 617 647 673 616 768 627 649 516 800 714 654 805 781 554 759 675 706 541
754 778 644 537 600 515 838 522 756 664 557 624 790 698 814 777 811 601 625 738
1084 1120 1148 1140 1144 1170 1068 1132 1452 1114 1052 1040 1101 1155 1188 1075 1201 1092 1126 1152
95 347 41 377 1470 60 1507 1424 1458 308 362 90 1432 1439 339 46 403 4 52 407
134 363 354 1418 437 404 1505 1479 1518 311 63 1488 91 1538 115 1492 8 1503 1429 312
24 162 70 185 68 1490 122 1531 271 287 56 298 1441 257 1530 253 67 1414 87 187
517 735 573 623 534 607 741 672 535 647 564 536 589 486 561 528 739 668 583 472
1300 1362 1310 1382 1393 1263 1342 1271 1360 1259 1286 1244 1262 1260 1402 1373 1246 1278 1316 1329
1150 1423 65 10 1192 69 1187 9 1165 105 1083 1068 1141 1064 5 1069 121 0 40 70
778 809 708 798 642 645 751 781 752 690 710 1062 748 695 630 852 621 683 835 812
405 420 478 332 361 387 304 432 313 298 309 422 317 378 492 328 484 329 346 381
939 980 952 960 1008 919 934 905 899 985 963 966 943 897 914 945 970 922 1007 992
448 483 425 571 570 450 474 540 559 567 426 586 442 565 379 387 521 486 429 427
1299 1400 1297 1351 1236 1371 172 1355 1415 1291 180 1394 1231 149 146 1391 1255 1392 189 1421
1505 1525 1527 49 144 1506 1510 22 353 61 1438 111 357 1509 1517 1427 1466 98 349 336
161 294 364 388 395 291 310 115 155 32 143 296 332 383 265 1529 406 111 110 177
120 330 316 1479 1497 310 47 1522 324 97 1515 148 161 121 93 37 1460 1527 8 113
355 397 65 321 294 296 414 443 123 10 6 325 138 54 327 18 30 376 406 1498
16 80 1497 122 121 32 114 163 339 1498 72 12 1534 152 1538 115 1457 349 327 357
307 1524 390 1493 359 269 1465 1420 18 27 289 72 1429 1499 132 52 46 287 1464 1505
1230 1259 1191 1286 1201 1409 1172 1221 1390 1176 1231 1262 1403 1173 1208 1271 1171 1268 1240 1234
173 225 263 194 226 268 181 1405 170 252 276 117 187 262 293 1396 235 195 249 275
582 659 761 732 484 517 532 675 560 654 774 549 629 681 518 746 597 672 639 615
436 470 522 458 478 399 405 455 403 413 563 393 546 539 440 430 482 442 476 406
621 706 529 514 714 675 736 766 722 681 704 562 733 713 711 591 586 597 775 721
762 838 779 855 546 592 798 764 709 675 634 1047 635 699 818 771 872 652 638 562
400 440 495 306 329 405 354 468 333 460 447 291 310 347 352 396 484 369 309 417
37 1507 1461 1445 78 1460 1525 316 1446 346 92 1426 113 1488 1421 130 1505 1428 117 320
855 1023 1008 905 888 1021 1004 891 1027 908 1006 834 1012 1005 1007 916 863 810 880 1010
4 161 193 337 249 1415 1472 114 84 346 131 353 310 2 20 155 177 338 22 300
179 218 137 203 130 135 207 284 250 197 265 152 144 154 178 166 181 1383 201 126
101 1499 349 134 155 54 131 124 1539 337 1517 1518 1490 1421 1489 1519 1485 340 1468 312
136 178 135 1508 80 103 1509 84 157 283 233 345 338 1520 216 320 238 208 1417 352
96 1537 305 164 343 105 116 53 1491 110 1457 34 1425 9 1497 313 7 319 157 1530
622 770 792 726 743 681 795 534 646 678 562 777 604 564 775 742 596 695 696 712
1281 1324 176 1381 1387 1242 1294 1308 1259 1296 1241 1321 1292 1285 1373 1352 1295 1353 1260 177
233 285 163 174 277 302 129 370 127 189 270 373 310 239 170 232 158 201 300 125
1237 1265 1268 1222 1285 1274 1184 1286 1289 1196 1201 1170 1277 1205 1283 1239 1229 1172 1405 1210
338 1523 1515 34 1536 321 83 1445 153 1443 295 25 52 8 1495 35 110 1466 403 298
1226 1274 1415 1188 1270 1159 1386 1297 1257 1240 1219 1260 1220 1391 1398 1292 1241 1302 1238 1212
85 1452 1513 68 1527 108 1501 1463 1466 48 47 345 97 1509 14 1491 35 1421 1502 1517
868 1034 869 838 1018 1070 1046 1061 837 1014 905 894 900 877 1020 888 1057 911 885 865
348 376 297 98 368 446 327 23 38 289 437 295 109 333 46 307 393 118 138 399
257 270 216 286 205 191 300 224 157 143 236 283 278 175 303 180 211 247 233 289
664 711 551 546 689 570 552 626 780 542 524 609 653 703 518 676 735 705 721 696
1451 1505 1494 1420 67 1430 76 1461 1519 50 88 1476 48 1538 1486 327 340 109 44 60
336 1507 370 1517 16 75 1533 314 333 294 302 1532 118 7 49 390 313 1440 56 132
116 1416 1437 97 1451 115 1177 325 1270 334 1511 83 1450 1430 1484 1266 1178 1426 31 72
1433 1509 86 1418 336 132 1130 57 347 114 328 106 1121 1521 341 7 100 1441 1410 76
1447 1486 17 1482 1534 96 1480 1137 2 83 1147 1483 1132 1149 29 67 116 1497 32 100
485 570 502 571 681 420 515 603 526 584 652 519 685 713 558 433 663 459 498 554
113 1432 1464 306 354 133 1472 334 1488 1151 1466 1502 138 3 129 1144 297 1475 1149 32
1183 1223 1187 1415 1121 1131 1245 1167 1287 1252 1251 1159 1170 1161 1139 1253 1151 1120 1155 1207
1206 1248 1386 1139 1183 1148 1301 1172 1168 1409 1147 1161 1299 1385 1227 1127 1132 1222 1392 1126
558 755 592 783 562 775 628 608 674 567 493 474 525 581 750 508 794 705 688 680
39 1507 320 1447 1452 1523 135 15 8 87 1513 34 90 47 40 1480 110 344 89 143
115 1532 1461 136 47 39 290 33 131 1526 143 340 329 29 335 134 298 1522 323 48
136 372 181 57 164 187 65 111 61 99 324 49 407 362 279 97 41 343 79 102
693 771 570 742 838 648 710 629 722 747 827 703 717 787 576 752 528 792 773 811
538 649 751 745 618 763 496 707 627 669 452 640 518 781 504 619 626 487 710 715
1044 1072 1095 825 1086 844 833 1056 1066 834 851 814 1136 1048 1116 1059 855 1080 1039 1102
1454 1489 106 102 1423 6 1460 1476 44 90 0 34 347 22 332 11 1131 337 1528 130
1068 1115 1127 1131 828 1142 1155 1129 1077 823 1172 1063 1066 1164 1047 1062 1132 1088 1176 1161
1330 1371 1392 1361 1315 1324 1294 1306 1289 1329 1357 1362 1309 1291 1332 1312 1284 1372 1316 1293
621 760 686 540 744 773 513 586 808 510 629 532 794 720 509 666 552 718 594 551
22 336 147 1534 1427 305 374 160 1440 141 1444 1435 1533 77 1505 142 70 353 408 365
431 472 500 507 447 386 501 403 390 474 389 357 570 451 513 584 463 407 375 563
848 1044 1100 822 899 1070 878 798 724 723 1082 1034 802 829 876 1051 847 903 818 1112
694 763 803 735 745 607 818 749 773 569 793 543 742 659 707 647 616 730 687 748
1437 1471 90 108 100 111 1142 1466 17 1132 110 83 1134 1144 73 80 119 1457 1451 1153
500 653 731 696 632 754 747 683 629 723 603 631 748 446 456 543 568 541 620 660
206 282 204 1381 278 209 281 181 133 297 254 149 176 173 186 275 160 319 202 296
270 304 345 1528 233 184 389 416 155 197 329 159 323 351 24 236 286 303 140 208
157 272 205 273 248 338 146 156 0 2 247 304 134 1400 290 225 1536 301 160 216
1067 1080 1064 1154 1100 1049 1125 1057 1121 827 1161 820 828 1104 1041 1150 1162 1090 829 1135
638 770 626 496 744 624 762 704 678 538 705 796 574 668 522 740 757 511 701 703
892 931 959 876 887 958 985 969 894 1001 968 998 918 911 967 843 1004 971 908 888
773 794 532 544 703 850 675 682 648 667 812 669 727 699 728 739 602 824 582 674
502 580 547 446 668 677 625 507 616 678 565 629 612 532 697 489 632 541 607 605
624 776 533 664 690 681 835 612 676 587 778 567 497 597 573 520 594 615 590 801
155 1414 128 3 1397 15 1164 211 342 1531 1536 186 340 20 1261 277 294 1275 147 42
510 621 586 680 524 514 601 624 722 595 743 778 731 646 720 493 604 557 692 503
31 306 283 274 107 265 1428 1514 149 332 318 323 389 27 121 1425 355 161 290 362
245 280 173 154 184 195 161 256 138 213 220 268 307 206 231 140 303 185 136 142
103 1473 1467 1539 1468 346 94 23 1438 1447 1463 113 57 1455 1482 1523 354 1452 1496 90
818 1064 764 858 1044 757 734 1118 1130 1124 1058 1109 784 828 1115 1106 765 1081 1063 1078
628 683 590 757 682 592 516 647 633 569 538 743 599 513 500 762 519 758 671 541
619 675 587 554 604 565 528 574 542 544 588 705 717 614 625 763 657 664 559 678
1204 1262 1206 1304 1234 1406 1171 1220 1202 1176 1258 1401 1117 1222 1301 1131 1255 1249 1250 1286
799 846 851 744 1045 1034 1046 814 831 1058 1050 823 820 900 776 755 738 754 774 879
1417 1440 114 1125 1485 106 1135 108 51 1495 1476 1418 1116 1269 1491 72 79 42 96 1400
145 326 205 364 208 271 48 133 1506 110 328 30 313 1524 171 7 90 272 143 178
361 418 493 322 407 123 448 1528 346 381 124 457 26 424 371 383 1532 121 396 347
1116 1182 1073 1219 1249 1066 1120 1148 1257 1244 1238 1447 1135 1126 1418 1086 1444 1230 1242 1075
128 305 1534 294 295 109 407 86 380 1415 267 297 391 161 1503 169 160 368 354 274
899 922 916 856 1006 1013 950 987 974 882 914 900 890 847 871 855 962 946 1011 993
577 635 690 571 502 625 666 584 501 713 760 717 747 509 739 707 629 718 683 668
101 1445 312 1509 1144 1155 1521 16 8 113 9 1458 1474 144 1441 1531 1162 1454 74 1438
1128 1186 1250 1184 1196 1125 1055 1144 1106 1244 1174 1446 1450 1071 1204 1123 1431 1084 1074 1095
875 917 1011 869 976 879 920 886 853 836 962 980 946 891 1037 913 937 858 1008 908
1204 1224 1155 1273 1262 1258 1401 1175 1264 1192 1290 1118 1182 1151 1125 1179 1174 1176 1283 1123
