201 515 190 196 537 211 197 238 163 213 548 178 212 184 226 174 193 234 169 170
200 545 550 223 231 106 233 531 513 123 238 187 537 168 119 134 145 210 560 189
164 189 182 525 217 154 191 228 129 546 109 132 553 550 212 233 203 113 210 177
80 560 593 106 564 592 543 96 99 45 111 124 166 119 116 127 88 538 545 542
99 543 89 175 538 93 514 522 111 158 167 172 161 125 79 551 101 196 116 219
14 71 44 82 570 22 597 74 83 581 601 99 69 582 37 587 27 606 1 596
210 526 193 544 227 503 552 234 539 171 532 252 173 243 182 209 231 179 211 200
119 576 163 588 596 593 148 592 548 113 116 105 557 586 569 71 61 82 136 547
202 512 242 247 168 490 211 541 537 251 521 169 504 234 185 236 487 221 207 223
327 369 328 315 247 318 249 387 284 360 277 390 273 402 366 379 285 420 389 409
103 545 147 224 584 166 156 528 537 74 582 556 94 155 142 197 161 541 97 221
129 147 103 145 150 595 584 592 142 586 88 173 168 594 545 119 114 566 84 554
295 322 321 301 337 289 262 347 288 271 298 272 269 354 352 350 349 287 306 317
104 146 195 160 115 552 559 198 543 135 570 84 171 141 154 538 153 571 90 121
502 530 539 505 480 180 233 199 504 193 160 158 509 471 550 492 523 223 522 200
99 128 581 570 559 556 566 112 587 590 98 154 595 159 537 85 571 589 87 551
402 422 437 439 354 360 429 442 374 386 390 397 400 365 383 405 411 434 399 420
578 595 47 600 120 136 38 57 564 583 16 29 113 134 95 567 48 133 555 50
226 519 536 169 219 505 255 528 248 525 251 182 252 241 249 243 534 166 507 498
356 386 367 345 342 377 271 412 410 326 378 348 353 382 318 319 374 405 420 325
146 583 94 135 67 99 163 552 561 554 80 83 100 156 116 579 129 106 596 606
446 480 447 496 438 484 469 426 450 474 477 508 458 454 503 479 481 465 492 482
113 164 79 521 551 190 581 86 560 142 138 77 151 530 537 204 205 547 147 118
173 208 148 519 536 546 209 207 551 521 238 190 202 154 231 525 533 199 189 210
54 597 36 49 84 5 606 580 583 598 78 43 59 607 66 39 571 80 576 61
15 62 29 53 25 591 64 51 77 41 43 54 584 600 70 87 16 580 78 47
455 482 452 447 473 448 443 480 466 431 423 437 483 491 497 504 446 489 426 427
481 502 487 519 516 476 473 520 466 467 435 479 440 492 484 431 485 430 523 429
362 411 347 380 326 315 416 313 417 356 412 340 321 399 432 375 316 423 349 334
35 58 30 590 18 34 68 589 56 17 77 83 593 57 581 13 594 75 62 70
193 216 245 220 553 195 172 171 236 218 248 164 229 235 104 540 180 525 544 550
211 544 131 115 136 95 532 176 182 181 244 109 568 569 220 241 89 116 212 530
209 241 177 191 532 261 257 220 206 227 519 531 229 222 239 251 196 527 187 512
38 605 83 35 575 7 595 18 59 10 65 578 88 25 85 44 9 50 64 34
257 329 297 327 281 238 256 251 344 273 252 312 294 230 346 278 264 319 295 349
525 551 161 179 176 575 544 230 226 565 223 115 569 173 148 572 109 141 559 231
40 77 604 113 90 44 32 589 596 575 561 608 109 581 565 91 603 591 131 583
330 357 306 355 403 378 349 352 324 317 399 255 391 366 323 372 279 374 342 262
258 291 281 342 232 265 305 287 284 295 313 289 345 240 312 318 229 314 245 331
92 584 58 76 53 601 105 563 108 68 78 99 579 62 106 72 599 543 569 145
435 482 502 452 427 453 471 498 475 440 421 450 432 416 500 438 504 469 491 462
399 419 427 392 438 370 418 381 380 409 371 394 398 417 396 355 428 415 421 351
86 563 569 550 134 586 545 167 65 591 594 165 103 99 602 98 574 562 572 570
157 554 108 573 567 118 161 179 95 121 532 122 183 129 143 566 99 103 111 535
104 567 76 134 568 586 151 122 583 127 556 86 581 197 96 536 117 74 142 135
32 603 37 574 71 84 601 27 73 594 13 605 40 36 81 91 78 600 46 581
140 155 130 136 84 588 570 577 90 150 95 541 116 86 179 178 123 104 120 139
0 607 23 59 578 21 600 599 54 37 91 77 83 58 67 16 574 47 605 51
420 434 412 397 378 385 427 379 374 411 447 421 409 429 404 436 442 413 461 477
503 516 473 173 511 471 188 183 530 532 226 501 483 481 474 231 196 496 534 477
95 601 54 569 117 37 132 573 575 66 81 75 116 24 17 599 557 122 126 56
314 326 296 336 267 271 264 286 303 337 261 343 263 340 359 289 270 268 269 274
569 586 577 96 79 590 551 82 125 57 142 135 116 97 52 608 75 78 563 593
268 330 257 299 306 335 289 339 312 283 326 308 343 356 359 256 247 248 273 369
191 225 534 160 544 552 210 253 233 244 239 190 111 181 518 537 512 519 159 165
71 93 98 545 554 118 83 597 2 585 37 99 148 62 587 146 102 15 596 570
180 213 225 202 214 163 523 249 551 222 161 219 218 507 209 208 169 167 242 515
258 348 349 279 361 314 319 278 304 273 376 369 353 387 233 326 364 321 229 340
365 375 338 391 345 393 331 404 381 378 385 342 348 327 325 360 405 355 382 337
230 522 504 241 199 220 187 506 198 237 224 537 534 539 516 535 498 209 215 550
185 225 219 543 151 253 166 538 199 153 526 246 158 554 553 232 537 549 192 226
17 50 26 604 83 582 21 15 67 53 19 6 31 583 597 76 61 2 27 593
302 329 368 339 367 280 345 308 349 272 286 324 275 360 350 340 342 252 325 343
486 509 520 545 229 199 484 224 447 531 183 227 206 222 208 507 233 521 181 512
90 112 606 572 561 571 190 130 529 577 161 146 149 546 196 565 89 593 539 537
214 250 201 222 337 516 233 235 165 225 181 183 192 262 274 532 252 520 182 245
166 550 153 535 122 134 524 121 173 225 117 558 104 204 216 154 84 549 140 187
173 190 528 517 163 242 112 211 206 554 203 509 212 151 192 521 519 525 520 546
109 534 531 135 229 211 550 522 104 227 564 521 557 178 190 204 146 105 148 218
172 214 180 193 525 242 210 547 235 243 144 549 244 191 175 511 528 199 207 152
144 154 164 119 570 179 167 558 101 134 579 580 104 566 162 120 165 552 129 183
179 208 528 537 225 248 513 229 546 533 165 160 216 509 186 252 507 219 162 553
210 244 228 269 266 215 224 233 245 529 176 263 173 241 542 250 512 191 229 163
168 200 147 145 226 540 159 208 554 184 528 211 182 212 546 199 111 202 524 158
80 554 123 535 607 536 115 67 184 84 548 119 64 90 558 542 110 563 179 597
131 566 104 593 103 100 120 163 582 580 88 72 110 164 568 569 559 118 96 151
423 430 461 444 470 407 399 400 458 472 436 403 442 414 457 419 445 453 449 482
515 531 194 232 230 548 186 164 513 496 210 188 178 234 516 533 107 174 191 106
77 599 35 571 34 48 83 70 602 55 19 129 131 24 5 71 27 560 104 562
40 57 5 72 65 17 81 87 3 592 63 88 580 22 2 56 28 597 593 70
176 224 549 511 211 213 172 179 188 216 553 517 525 539 210 207 155 228 187 247
237 516 190 517 547 520 548 218 173 219 229 515 238 211 495 498 501 185 265 518
160 533 570 512 114 161 125 518 544 110 237 562 556 532 550 129 200 232 218 182
114 132 555 123 143 579 585 190 83 164 144 588 538 94 541 556 82 529 76 126
234 523 216 534 188 172 245 215 202 233 168 508 250 170 527 180 236 212 524 535
60 70 25 88 41 61 31 76 3 33 82 607 19 588 83 34 69 608 74 587
550 573 524 62 176 171 525 535 188 90 166 536 547 521 541 149 144 191 111 100
64 594 77 573 572 56 45 87 133 581 564 29 124 44 597 587 21 4 0 98
335 374 396 352 360 348 410 307 309 351 363 358 252 393 344 372 409 371 256 353
7 74 605 15 35 73 56 11 40 572 584 103 6 55 602 20 75 13 99 583
136 169 515 591 579 206 164 573 120 198 210 153 116 118 98 586 156 535 557 111
131 152 553 121 594 134 184 160 142 578 588 575 141 550 170 88 176 76 158 128
387 405 350 370 411 423 390 373 417 400 391 378 388 427 344 358 416 360 366 365
153 169 99 183 148 196 188 172 142 557 114 546 187 101 166 210 167 530 190 536
254 310 334 268 299 326 330 206 231 339 322 257 287 245 258 247 336 278 348 284
343 377 396 275 387 411 314 339 332 309 388 335 381 398 338 334 400 395 342 268
129 149 557 566 172 153 117 121 147 104 144 544 87 585 105 591 159 584 568 546
260 292 250 235 298 268 257 309 297 305 327 279 317 288 323 291 330 322 333 234
560 590 564 539 570 77 60 171 96 575 167 133 168 98 85 562 581 73 602 571
156 169 126 562 134 571 179 526 173 208 528 115 553 217 556 534 157 536 183 138
236 258 209 179 349 278 328 183 345 263 249 525 337 220 329 218 229 317 224 223
97 596 144 67 93 583 68 153 131 594 79 44 546 591 565 70 21 15 135 108
315 322 255 316 312 299 297 357 347 363 341 268 365 275 331 298 328 336 254 264
119 135 585 564 95 94 553 139 541 100 563 109 143 550 583 546 555 151 153 106
394 406 408 421 413 417 362 361 348 392 375 389 373 349 356 377 353 422 352 410
148 168 178 103 161 99 221 581 216 529 543 554 563 104 181 199 96 150 208 107
434 478 458 490 475 431 471 468 480 488 459 491 420 469 467 437 438 452 412 457
25 604 574 0 7 74 86 45 22 592 585 91 33 571 602 28 42 48 589 32
234 527 260 257 255 256 218 169 245 168 540 221 165 530 538 551 544 528 507 222
162 544 567 109 551 526 534 569 208 188 224 231 199 170 555 112 132 141 229 192
132 580 141 566 596 81 62 122 100 569 86 149 157 166 97 574 558 161 128 557
108 195 132 94 125 508 103 512 550 88 217 210 86 569 90 171 234 567 566 513
161 187 524 173 207 514 164 176 111 167 571 513 548 221 105 240 188 186 239 558
262 297 234 331 248 246 322 310 306 347 279 257 342 277 288 298 259 345 352 283
189 233 239 154 524 220 532 507 191 205 227 199 512 228 193 175 256 511 214 163
414 424 464 412 461 364 443 365 468 418 422 390 448 429 432 444 417 462 383 465
122 584 542 582 564 593 141 79 68 74 133 76 58 155 604 106 568 552 565 558
141 577 544 583 572 160 570 77 70 608 143 115 127 124 571 580 99 153 573 586
356 367 326 321 271 361 342 334 410 330 420 318 368 401 408 396 419 416 379 394
83 135 163 584 43 107 168 104 606 53 579 545 570 589 585 121 78 72 119 75
116 581 117 103 135 120 558 105 84 541 165 162 61 50 110 540 191 55 536 140
66 94 575 117 113 107 32 29 86 608 3 59 136 9 545 584 52 31 133 574
75 605 106 574 60 571 594 572 82 65 589 582 64 561 105 20 31 71 597 583
261 270 338 241 232 350 299 346 275 233 250 298 297 244 308 278 354 306 288 271
312 350 333 293 317 268 326 364 273 271 261 276 321 262 284 369 327 256 357 386
97 148 575 130 68 159 574 573 585 98 104 558 95 146 557 103 536 581 150 117
65 571 100 137 7 17 79 48 26 19 600 92 20 47 30 10 581 556 159 139
537 546 237 544 526 192 88 569 117 234 123 186 510 549 178 570 205 236 207 530
124 582 70 150 146 556 120 117 123 598 126 64 92 560 95 567 46 75 141 82
334 378 270 358 417 403 352 274 359 360 321 305 370 261 312 248 318 363 394 367
104 131 593 80 549 100 538 587 537 159 107 117 125 77 595 539 556 96 191 543
124 583 83 152 164 99 593 72 548 55 558 65 116 561 57 584 563 109 46 53
574 607 114 131 2 4 101 564 97 38 58 84 82 576 126 129 104 78 132 143
41 74 49 99 95 576 568 66 604 594 83 598 76 591 600 571 108 79 40 13
74 605 89 52 603 591 68 589 575 105 45 570 581 75 90 64 76 86 12 597
444 480 453 439 477 479 454 470 437 457 491 459 471 434 505 493 431 436 474 466
401 416 360 414 367 366 382 379 378 411 400 405 431 358 399 395 376 425 404 365
323 332 299 308 298 321 310 280 272 341 267 305 352 279 348 340 360 282 345 278
348 392 352 337 364 280 414 417 410 371 384 277 321 362 320 418 323 411 408 347
67 88 21 46 52 566 127 42 557 143 124 64 597 572 583 567 547 104 11 39
269 292 271 316 286 307 321 315 261 342 328 274 300 317 346 329 306 334 289 288
43 599 573 54 44 602 31 82 52 60 575 574 581 28 48 75 576 42 597 589
262 290 325 304 298 237 320 351 345 302 245 316 308 236 311 240 280 269 309 312
236 537 263 246 548 518 257 528 158 549 556 233 248 179 223 504 99 113 221 531
69 96 9 133 6 570 25 152 594 85 54 68 596 538 543 574 554 82 571 50
428 472 405 436 493 421 435 425 504 456 418 502 471 470 453 440 466 455 467 489
296 317 275 255 323 314 359 346 256 310 327 264 360 362 312 334 300 261 328 270
570 601 576 116 76 135 599 88 147 52 71 4 59 50 574 148 102 63 13 105
162 212 191 127 112 122 161 509 545 166 525 537 533 199 531 124 194 554 121 524
115 566 96 535 84 552 192 531 149 579 150 166 134 144 588 590 564 91 550 102
