623 664 743 712 600 601 683 586 747 761 621 729 608 703 630 615 751 591 718 692
159 172 203 124 226 140 114 147 202 132 104 117 201 112 105 118 149 242 200 139
24 981 944 31 90 889 1026 42 6 48 953 55 8 947 1053 99 957 9 930 774
580 610 594 700 708 717 574 669 568 560 684 623 634 671 644 689 652 637 583 693
278 337 370 263 267 329 304 312 306 286 355 230 401 283 294 363 266 315 321 393
910 930 959 886 938 879 895 885 916 956 961 909 952 946 940 944 898 974 953 901
624 731 617 746 654 716 772 630 771 601 757 673 735 592 738 739 649 686 693 598
77 103 994 105 135 72 1016 168 127 147 43 37 1002 45 75 1003 1008 155 83 140
46 825 11 86 806 858 822 45 876 796 1035 1052 44 102 31 987 99 831 808 859
700 727 610 603 719 597 692 579 726 747 706 751 669 702 770 724 607 605 676 758
9 57 1031 838 1056 1034 58 61 3 986 84 118 1007 10 790 1052 89 0 775 105
882 916 885 836 951 872 969 748 963 946 875 835 866 881 855 899 889 874 958 904
611 708 617 620 680 665 605 667 595 612 592 679 579 761 731 698 574 762 744 756
101 161 174 240 224 230 211 136 127 217 227 185 205 131 111 231 42 49 237 25
721 762 631 766 776 734 710 695 616 677 685 792 806 706 608 791 634 841 680 687
881 927 856 884 945 826 894 967 932 888 935 871 906 931 947 823 879 970 865 948
791 826 839 767 798 67 40 753 744 45 869 51 61 13 25 790 819 877 760 743
941 1006 1035 893 972 32 1044 72 1029 81 990 928 51 1034 1009 982 65 971 947 1016
80 105 100 90 125 131 6 73 112 42 104 1001 167 93 1021 1018 147 13 115 1022
174 220 224 139 141 188 222 189 163 167 221 199 152 258 250 270 207 269 142 196
703 743 661 687 756 675 738 709 648 710 704 620 623 589 737 638 725 726 683 670
40 822 18 1045 1054 1029 1028 762 821 991 95 1039 56 848 1021 862 48 57 35 993
714 763 645 642 604 602 623 715 797 757 783 827 806 786 629 605 807 765 643 742
414 430 413 377 409 456 462 416 369 390 401 394 370 395 415 378 428 435 453 410
265 296 233 240 335 241 298 328 245 360 280 354 343 339 305 286 327 315 319 255
377 390 399 392 315 436 410 416 421 428 397 374 408 338 351 361 353 398 365 360
23 842 810 83 1050 788 1010 41 983 779 1009 98 802 854 24 1055 812 879 94 832
618 635 591 710 746 679 717 716 719 728 608 595 676 741 577 711 677 578 696 703
982 1032 1034 991 1043 71 1008 1014 10 55 1001 936 1017 1015 994 73 4 986 1053 58
328 349 305 332 371 327 329 274 321 393 398 362 344 326 375 311 359 282 392 345
42 997 956 974 800 1041 1057 27 833 995 782 86 1035 829 835 970 1013 773 802 77
620 710 633 616 746 707 701 700 600 640 696 736 636 601 762 643 737 621 659 584
389 423 458 386 433 418 405 388 326 342 320 327 443 395 314 365 455 380 401 382
569 576 538 537 542 593 578 575 558 544 595 540 592 565 564 581 605 587 599 546
481 507 531 478 523 497 506 519 529 514 475 532 474 496 504 464 490 500 502 476
130 154 119 139 226 121 105 200 155 104 199 186 92 179 106 116 123 160 227 131
740 752 805 643 738 639 785 734 702 712 791 769 916 765 655 727 627 645 723 920
353 367 376 412 350 379 335 380 304 333 402 329 428 336 330 424 347 298 383 303
57 117 78 777 110 1024 995 826 127 797 791 139 4 1017 1005 158 91 87 817 1042
395 429 400 303 446 467 355 409 459 462 424 361 345 398 348 312 452 453 382 445
393 432 339 451 328 324 395 307 335 420 388 389 366 442 358 404 387 333 446 398
590 602 588 637 658 586 585 645 566 567 683 617 676 614 718 668 673 671 583 593
1002 1025 1047 995 39 1015 71 34 1036 36 22 31 80 992 1027 1000 1019 1052 1042 6
188 226 201 232 210 171 133 236 235 170 209 151 198 138 195 247 204 167 214 141
360 378 392 362 312 288 399 309 335 318 333 371 297 421 301 376 430 351 349 383
62 1008 954 47 1017 71 92 833 36 20 805 89 45 959 1015 11 107 995 964 784
622 700 613 659 758 674 738 714 607 725 699 611 692 742 630 648 696 652 741 690
753 770 762 670 920 836 809 829 752 35 824 722 712 750 814 643 778 667 646 922
636 679 607 751 723 588 624 761 730 688 618 739 707 719 715 669 619 617 676 691
229 272 259 297 182 269 173 319 160 251 265 263 310 159 305 203 158 248 307 169
1005 1029 977 66 963 80 24 2 1011 60 39 975 12 986 10 37 951 990 1037 50
215 248 146 203 149 250 236 167 275 176 194 191 234 159 201 197 214 222 144 192
745 765 758 747 789 755 686 721 667 829 754 682 794 654 637 656 709 812 666 707
17 861 785 798 795 825 985 826 82 18 881 838 791 975 1004 781 860 802 846 85
878 962 955 845 899 1016 946 1013 938 1012 862 842 838 849 994 900 891 1023 922 924
0 92 1017 130 31 20 1052 1016 105 39 94 42 62 997 1051 1021 990 111 83 1
409 446 454 403 398 471 435 425 387 404 472 386 397 445 444 463 400 420 408 424
759 769 773 848 746 694 654 670 659 758 805 687 775 656 731 710 676 849 711 813
751 786 696 26 39 765 699 847 760 718 916 659 36 824 48 802 640 35 820 755
897 916 935 966 948 873 888 900 919 862 906 913 753 967 965 977 940 925 864 942
602 662 640 616 667 656 658 574 637 580 668 642 698 583 579 584 657 571 646 610
295 335 370 279 258 275 324 264 341 360 358 318 337 326 316 267 302 292 309 349
445 453 444 426 462 433 470 442 478 438 414 412 410 430 472 405 476 441 402 428
501 516 529 546 475 499 528 486 485 519 539 474 520 524 480 508 544 491 534 478
590 604 664 561 640 615 694 687 608 680 591 654 631 702 641 683 599 634 567 665
143 181 121 103 124 179 237 105 186 232 215 220 166 116 119 118 112 223 131 214
627 705 608 675 582 666 590 733 607 729 621 744 611 616 687 738 750 707 696 672
40 1048 1040 986 977 1013 1032 1000 1042 1047 819 771 818 51 1002 38 988 832 987 1045
12 999 984 816 1006 856 1057 1047 968 956 90 791 1037 988 38 827 1017 40 825 26
153 191 241 219 211 216 129 207 127 174 166 164 137 169 99 229 134 233 178 215
92 143 129 196 27 125 98 167 9 42 70 66 176 163 203 215 17 13 193 47
916 962 877 930 893 897 875 1011 987 887 751 1000 992 989 966 993 883 881 1005 988
585 701 612 679 553 580 719 746 693 621 620 636 617 727 570 705 572 574 744 565
354 403 350 416 300 355 448 333 313 432 436 410 334 391 409 371 377 346 309 329
11 993 978 814 0 797 15 829 778 774 948 810 46 995 1023 1 1036 775 1052 834
964 1006 73 69 889 1041 40 935 81 11 980 1039 29 1049 904 932 925 931 913 990
315 338 316 401 383 289 381 297 341 395 300 282 353 369 305 327 374 402 326 379
789 830 758 835 859 868 826 795 797 805 759 58 748 853 862 851 817 824 54 754
170 195 219 232 129 118 250 142 198 251 181 205 244 226 215 197 128 124 252 111
377 426 331 313 334 434 358 415 454 430 457 318 427 350 386 399 389 314 405 308
828 846 861 852 843 862 49 871 866 38 12 781 767 769 860 815 870 780 806 802
367 400 311 324 357 411 358 312 296 376 438 361 439 408 381 417 440 308 430 429
586 690 738 620 667 699 638 753 767 668 567 551 621 595 752 591 688 726 745 603
790 822 35 794 805 799 14 19 30 17 752 21 57 787 11 807 16 781 853 8
620 728 581 757 585 759 597 650 707 608 762 641 725 657 677 747 685 582 713 749
168 218 228 227 173 109 126 241 254 185 244 116 152 112 147 245 226 131 154 248
540 552 515 568 565 570 543 510 558 532 512 529 519 567 518 582 587 534 535 575
640 696 653 654 619 666 582 689 751 681 616 593 590 716 659 594 669 676 679 759
894 936 965 863 974 927 949 933 880 950 988 972 862 951 958 872 944 870 994 922
772 792 766 38 835 28 803 824 737 11 739 789 796 844 49 816 42 31 769 747
623 720 668 715 752 686 638 603 705 688 692 687 666 628 738 673 714 590 586 704
723 762 612 819 662 643 833 820 695 729 806 679 829 721 822 622 781 672 748 728
26 1003 1017 949 992 90 799 1047 88 73 1026 820 1028 966 832 1054 48 831 55 81
734 758 623 696 721 666 683 646 638 717 830 921 770 804 693 676 768 765 670 629
761 787 830 48 769 789 782 806 689 26 733 661 37 724 58 755 799 44 766 751
9 826 839 1009 79 91 81 762 843 92 811 775 27 19 838 0 768 855 771 2
332 399 436 286 411 428 441 285 359 349 276 432 306 353 433 296 358 322 439 371
685 761 619 601 679 650 725 730 708 773 629 749 589 728 610 587 809 798 621 791
399 414 320 457 450 420 430 442 445 327 324 353 348 437 332 386 451 392 436 359
949 988 1017 1034 959 1023 1030 1035 1008 898 886 954 894 12 956 1012 40 933 1019 1027
411 447 451 445 477 391 459 434 467 444 417 466 370 361 415 397 386 369 362 452
634 679 637 590 665 587 667 719 703 706 668 691 676 638 728 697 611 612 747 754
697 758 688 807 707 728 757 634 695 598 590 739 795 580 621 821 815 587 600 801
13 91 137 980 128 985 825 72 774 7 996 16 787 814 830 10 140 80 31 817
410 424 378 397 450 396 386 445 458 372 437 392 457 363 366 399 402 418 432 364
954 1003 952 1027 1048 915 998 961 944 1043 57 1034 27 1021 1041 899 965 43 68 913
37 830 1032 56 1054 847 89 38 100 765 84 27 816 813 1047 785 1005 104 986 870
54 1013 50 53 109 994 74 970 791 822 1031 995 80 974 1032 804 81 963 31 1015
608 721 580 642 654 766 634 668 613 624 723 570 610 640 635 590 707 585 694 670
713 747 707 651 718 666 745 635 652 796 774 920 655 686 784 641 775 759 628 610
818 852 46 833 864 54 35 849 862 20 763 858 841 830 55 881 797 759 856 803
150 193 179 134 198 104 227 145 154 97 106 159 102 183 205 163 194 173 236 253
400 419 429 425 454 405 344 332 359 350 369 392 377 379 362 358 349 327 385 340
981 1018 1032 959 50 999 1012 26 945 64 980 7 963 931 1025 57 987 75 933 19
937 995 972 1018 969 1020 2 944 13 899 1014 904 70 928 71 1008 954 957 51 925
241 263 183 260 194 262 220 249 168 165 200 214 188 207 303 223 250 273 281 300
341 404 388 443 345 424 373 397 368 324 343 438 307 374 295 300 289 321 293 308
663 756 712 757 794 775 635 677 723 779 814 607 740 727 724 798 701 705 784 687
288 315 369 362 294 382 381 305 317 249 309 263 277 254 264 318 337 345 334 290
139 174 150 236 199 176 221 151 173 134 234 231 198 152 136 121 177 107 179 141
683 755 645 742 669 653 923 626 724 706 759 660 610 756 811 701 787 817 684 650
857 888 845 911 991 980 922 950 19 881 942 901 992 811 824 953 859 842 909 849
380 395 378 367 325 405 432 340 425 418 365 308 334 306 361 434 366 345 435 309
704 755 757 650 809 629 756 710 784 808 662 592 753 611 793 648 649 779 724 602
755 765 831 816 837 743 769 802 774 657 820 828 690 652 666 821 746 775 766 654
23 818 976 1050 35 0 771 863 979 13 54 770 815 778 17 36 846 813 758 845
236 266 210 169 275 243 305 216 206 177 227 184 283 182 222 303 230 203 223 292
606 655 664 639 738 709 608 720 700 685 699 590 634 578 651 751 748 673 682 679
64 103 824 992 797 808 994 112 1042 102 7 993 1025 998 1013 786 134 156 3 116
189 219 265 198 196 251 204 162 139 184 183 210 178 191 170 205 130 150 161 268
118 138 178 78 174 96 73 151 63 97 101 117 192 98 211 115 134 116 133 173
783 851 886 795 840 39 788 32 863 869 848 43 37 818 14 61 864 884 769 827
612 624 693 582 692 652 669 699 716 709 684 634 581 632 646 621 698 616 719 726
648 759 758 730 719 609 696 699 786 798 605 796 701 597 592 629 801 657 831 777
61 998 1017 1027 99 982 799 1039 797 975 792 72 945 1032 63 7 805 1046 996 36
306 320 334 376 266 267 280 302 354 359 265 292 343 388 385 392 381 295 319 331
501 514 487 525 488 543 537 508 545 510 536 486 494 512 489 500 542 477 474 544
866 881 961 897 902 919 911 867 834 894 910 821 952 930 841 830 926 918 898 955
467 478 479 460 433 500 501 485 482 463 506 441 508 446 477 498 459 471 492 495
93 135 153 17 67 6 152 43 15 24 95 117 141 57 60 176 71 18 51 96
238 268 306 274 221 160 196 203 289 253 157 292 266 305 262 209 318 190 251 307
396 427 418 340 449 426 444 318 313 409 350 420 401 461 411 305 455 373 320 434
868 884 880 942 878 905 935 860 952 938 992 874 833 891 871 930 934 940 966 883
587 672 570 733 588 755 675 730 609 678 673 624 573 740 614 617 745 699 569 563
192 223 216 251 177 188 233 147 190 215 264 231 185 207 157 247 178 203 195 211
654 737 702 741 746 743 701 641 606 723 771 752 769 595 598 735 612 773 725 632
588 707 600 758 748 730 635 754 631 703 626 623 681 639 756 559 693 694 738 666
49 1012 1033 776 947 86 44 957 1004 959 792 6 986 46 1039 806 945 805 953 68
776 818 828 795 29 30 793 20 42 835 61 9 749 18 768 19 27 811 26 33
140 192 227 222 151 231 119 202 234 134 139 186 115 168 184 233 253 127 241 106
