390 618 714 526 1706 638 499 1674 472 640 370 397 598 1851 744 419 1835 332 431 475
1110 2315 2364 1231 2334 1109 2276 1093 1047 1123 2353 2241 1254 1087 2262 1154 1206 1030 1150 1269
585 1833 1692 496 376 541 339 1857 537 584 481 478 427 1748 517 531 1713 1749 1704 1868
831 928 785 738 884 950 729 701 939 987 902 760 811 986 692 830 769 842 881 819
2283 2343 1281 2170 1271 1156 2339 2179 2338 2315 2341 1251 1150 1064 2301 1106 1099 1244 1119 1272
857 883 810 817 793 891 925 792 812 821 803 1002 911 961 966 958 931 844 948 886
230 245 14 6 35 207 1648 1948 266 148 1965 263 47 1982 69 1524 191 1611 275 1609
1182 2305 1085 1126 2372 2383 1029 2364 2323 1254 1034 1256 1150 1033 2275 1049 1146 2276 1102 2314
1594 1980 1958 224 1652 192 256 1989 1872 66 20 1547 148 312 194 1613 1529 118 2003 1974
114 1952 153 1964 1617 297 1539 1894 21 1869 1651 1570 1619 295 1560 88 162 194 1967 221
641 673 664 663 703 935 726 661 657 693 710 946 729 725 718 713 690 640 708 742
1641 1678 434 1700 1676 1592 383 1683 286 356 460 447 1663 1691 1952 530 389 318 401 569
395 623 1709 576 425 1672 636 493 769 1850 1722 1839 385 717 1694 570 479 445 413 318
422 472 741 315 600 394 502 395 465 311 1847 508 455 1703 629 402 313 555 421 533
1121 2380 2294 1139 1125 1096 2389 1089 1073 1070 2325 1154 2280 1170 2296 2332 2268 1261 1221 1239
1313 1332 2177 2129 2168 1351 2158 2210 2164 1276 2155 1358 2080 1279 2078 2182 2153 1339 1373 2165
1448 1479 1399 2046 2063 2053 1441 1429 1433 1464 2067 1395 2071 1507 2049 2080 1436 1492 1469 2079
408 635 448 483 544 1679 710 608 441 339 376 537 627 479 628 611 701 712 367 1671
176 1961 67 219 291 1550 144 281 1497 290 1906 102 247 1883 1617 256 16 283 175 1924
1222 2280 2331 2308 1184 2412 1250 1219 2329 2156 2324 2434 1138 1234 1076 1074 2289 2249 2419 1240
2044 2064 1421 1488 1383 2071 1407 2040 1389 1470 1451 1375 1469 2079 2010 1459 1370 1426 1409 2088
487 1685 1630 304 622 618 536 1658 1648 1675 584 314 400 358 553 1707 1677 632 1640 587
1706 1757 348 1751 1668 364 389 1842 1810 434 1670 352 1861 302 447 396 488 578 433 1815
1585 1974 1925 227 1992 1967 258 1509 294 1961 1511 1550 228 265 238 1927 59 1991 58 150
432 1821 1780 631 1844 1785 328 441 538 1852 610 408 318 1692 548 1697 1746 354 454 455
211 1532 65 2 1954 1946 56 1487 177 37 18 1 214 1555 51 22 1508 152 209 64
5 1510 1581 1990 136 1470 205 1954 1982 140 25 224 1984 1529 1539 238 1945 76 21 1475
194 231 1946 1540 234 1553 1963 76 54 123 1599 77 265 42 87 1954 52 1602 226 35
199 212 1964 1590 86 49 1962 1959 172 148 12 1569 1533 1582 1541 195 143 64 80 1545
1098 1195 1210 1171 1225 1080 2336 1076 1061 2343 2370 1141 1115 2302 2398 1073 1064 1181 2391 1196
57 148 1959 167 4 1569 8 158 3 1973 108 48 1529 90 154 1571 230 206 1572 1524
319 574 1705 582 569 485 1712 1688 575 1607 306 1613 549 424 1641 1669 401 588 412 1659
1597 1958 1881 1647 1984 1551 24 18 1934 31 1903 231 1594 1927 1633 8 1961 1599 91 127
451 1750 1857 389 335 617 1821 1760 619 527 334 386 1701 435 308 1728 1817 1717 1715 387
379 423 437 534 374 319 402 314 1818 1842 316 386 359 346 634 357 399 349 1835 1715
1043 2298 2313 1122 2264 2287 1063 1047 1111 1090 1159 1068 1099 1116 1073 1031 1117 1080 1023 2303
444 1727 452 1808 404 1730 1817 577 392 430 593 739 367 1774 579 1830 1865 602 1685 615
1192 2354 1186 1190 1272 1100 1170 1259 1237 2394 1166 1171 1249 2323 1177 1052 2310 1073 1151 1060
635 644 661 510 737 388 657 679 544 501 618 491 438 434 402 698 650 686 546 623
1916 1957 267 1633 204 1983 15 1937 1917 299 1651 1642 1886 1940 1549 21 1562 171 63 1901
731 788 825 832 762 620 637 724 827 631 763 747 829 695 936 803 698 750 828 805
591 622 1701 464 1855 1854 761 335 422 540 533 595 779 374 317 330 759 547 762 611
445 1725 1800 353 1687 377 551 577 404 1787 740 603 1736 352 487 382 1790 589 526 529
812 971 925 1005 919 866 987 993 870 1016 867 782 949 858 883 981 873 848 961 958
1357 1433 2060 1311 1346 1333 1392 1394 2082 1366 2101 1438 1445 1313 2090 1457 1338 1326 2113 1387
844 960 855 892 920 1013 982 915 829 870 998 792 1004 1001 842 974 887 815 919 857
79 126 1945 233 25 107 50 180 1961 255 156 170 230 0 104 244 1579 83 1536 1572
1103 2379 2412 2364 1182 1210 1225 2411 2402 2424 1184 2281 1203 1191 1152 2312 1214 2362 2386 2396
1284 2180 1286 2207 1281 1307 2103 2132 1255 1299 2199 2193 2166 2236 2105 1264 2252 2262 2198 2140
831 921 995 816 836 818 863 932 887 850 851 760 840 905 832 723 945 897 843 879
181 275 215 55 184 70 69 263 1557 1965 53 1981 1549 323 1980 83 172 1598 174 76
462 1856 488 583 1716 443 1930 611 1771 630 1818 620 358 475 319 1692 384 612 1809 1783
504 613 623 523 423 1724 358 345 624 1835 1722 348 336 1689 399 583 1859 724 788 438
1745 1833 369 1740 1754 1702 1777 543 1750 550 1857 1766 1738 1761 513 1855 1744 441 1743 1839
357 1726 457 284 325 527 1654 386 526 513 294 1707 514 528 1780 401 299 359 1739 1687
397 433 1831 518 479 1840 548 321 1829 600 594 485 468 355 1675 608 526 563 474 452
349 379 311 431 1681 508 378 305 583 1725 323 565 391 529 517 1663 374 1711 333 1701
1266 2104 2157 2336 2302 2234 2243 2217 1218 2091 1281 1293 2278 2338 1379 1387 2283 2308 1339 1236
1123 1226 2443 1081 1232 2296 2391 1257 1110 2408 1208 1233 2389 1259 2361 1140 1102 2329 1262 2364
720 789 637 941 799 702 836 924 766 758 819 781 718 614 615 639 833 808 762 618
1893 1950 33 1976 124 150 3 1622 304 1867 1587 289 1574 1559 68 1960 1866 1907 257 146
349 1688 479 1614 346 435 1849 573 287 458 482 1705 620 276 1623 425 530 1689 1856 490
51 159 202 273 1970 97 1570 167 1599 217 284 210 1501 1536 1977 62 89 1512 255 75
179 268 1642 75 246 84 57 135 225 283 1568 284 38 251 183 1609 73 147 1939 328
932 956 887 865 744 978 948 698 863 717 907 840 959 819 694 812 746 992 699 861
634 716 776 404 738 938 920 923 525 505 524 777 770 690 780 551 721 742 426 767
150 207 248 1961 216 1566 81 142 1547 41 286 284 1593 275 105 118 16 203 1571 1551
844 943 813 955 662 859 899 985 887 708 990 799 689 951 945 980 839 874 735 891
1113 1124 2386 1198 2283 1064 1191 1075 1103 2274 1220 1099 1222 2328 2322 1200 1081 1130 2355 2312
620 722 930 920 377 807 405 500 549 452 506 1858 743 758 441 508 459 740 940 750
342 1635 254 618 263 561 560 369 508 574 359 318 1705 375 1944 1680 306 1964 1639 477
1977 1991 1571 197 1927 145 1561 1954 2002 1929 1990 183 13 226 113 248 73 1877 41 222
38 1531 52 81 39 123 53 1988 107 1962 142 1576 1527 1546 1974 1955 227 13 48 1537
1731 1757 427 1737 499 366 1854 1809 510 373 1837 1721 589 1823 1824 1696 1793 1849 459 583
1559 1955 1921 1582 77 1641 266 232 48 206 146 53 1990 136 74 1595 1891 192 1558 1638
179 283 61 66 1609 245 214 1662 1956 165 163 1566 82 1665 325 1575 235 1946 1550 1969
417 1838 467 626 592 1864 606 1743 1696 1783 1781 622 1719 1668 324 624 353 588 355 1739
131 243 1544 35 283 1610 1537 142 106 195 249 0 169 1585 1577 220 1976 18 1599 281
577 1665 568 419 606 1644 560 339 558 508 1652 478 375 513 1715 440 380 346 286 1604
373 549 479 1671 321 424 413 489 548 1697 593 386 425 1854 1865 430 307 1673 497 381
847 883 846 909 930 932 969 794 917 884 868 879 985 963 931 924 891 976 819 920
2342 2384 2358 1160 1213 1198 1085 2308 1168 2295 2426 1148 2347 1210 1183 2360 1258 1201 1271 2321
2254 2278 1156 2177 2336 1249 2282 2153 1236 1206 2247 2244 1112 1300 1294 1223 2363 2114 1075 2429
1302 2149 1272 1419 2135 2276 1425 2218 1352 1255 1324 2268 1309 1299 1241 1414 2088 1359 2151 1307
8 47 1952 183 101 150 125 155 1587 60 218 1969 1511 154 162 191 1547 1499 1973 149
1216 1256 2304 2336 1220 1246 2374 1184 2259 2326 1242 2293 2301 1079 2345 1222 1211 2350 2298 1198
1287 2253 2439 1285 2222 2129 2296 2273 2190 2081 2259 2224 2157 2085 2146 2441 1320 2134 2131 1331
42 1585 156 189 1526 210 96 234 1522 198 1568 1572 1630 1632 271 123 235 179 142 1576
387 417 390 571 572 1687 534 631 298 297 434 1721 418 325 460 482 1833 518 439 407
40 1564 192 6 236 226 111 240 11 249 1970 1534 69 34 1554 171 1950 1965 98 127
1262 2405 2429 1230 2152 2297 1225 2108 2134 1227 2378 2170 2289 2424 2180 2223 2371 2167 2329 2403
265 1578 1981 1547 201 21 127 1634 119 1667 97 1635 1539 341 1614 187 297 296 1971 1976
690 721 622 744 802 606 762 668 807 677 610 724 923 615 725 790 695 609 792 785
2156 2205 2137 2251 2186 2445 2438 2169 2272 2281 2210 2235 1246 1320 2184 2435 2263 2163 2277 2408
1497 1972 276 1959 96 1498 1900 266 1560 9 1496 203 255 83 1623 1579 1626 267 1884 92
549 560 557 396 330 459 636 318 540 473 471 384 1684 527 592 382 619 1826 1678 505
1192 2315 2298 1186 1274 2271 1034 2306 1239 1050 1165 1223 2247 1174 2369 1150 2277 2293 1126 1249
214 1505 1954 1478 148 187 235 190 120 177 109 1532 9 101 114 199 233 1515 74 1543
451 1872 625 580 1886 415 1755 1777 1940 626 628 1827 1807 337 1767 1947 1845 1991 1894 387
2098 2114 1281 2160 1415 1347 1279 1331 1271 2118 1242 1416 1383 1425 2079 1387 2078 1376 1277 1351
1291 2237 2322 1333 2430 1256 1257 2225 2141 1426 2270 2165 2083 1303 2260 1311 2195 1323 2094 2227
771 803 942 943 847 873 841 927 831 740 837 874 823 624 854 759 787 727 779 877
1522 1944 10 1638 24 200 1910 1534 1872 1485 273 1861 32 1633 223 7 1554 1540 1629 61
540 1846 333 1843 406 427 620 1749 593 327 1755 433 1740 1847 1829 454 1860 1833 1805 600
565 1718 589 494 1715 1874 1838 1829 1795 1785 1663 429 1837 440 554 384 326 312 1668 1694
836 973 997 911 796 828 959 901 978 903 769 802 844 871 849 873 888 835 874 807
33 1589 1565 308 1635 1524 1582 1517 207 219 1522 1541 195 199 57 154 75 129 146 218
1514 1538 218 80 1587 228 211 223 1560 1997 79 1570 1549 1954 232 241 1957 82 98 1504
251 282 1622 194 75 116 221 1581 186 1597 1586 279 51 357 191 224 121 1984 129 320
556 1681 1675 531 1686 1655 463 560 588 393 1662 1644 433 1714 1835 1612 356 405 533 334
50 1496 1486 95 173 140 96 1536 1596 144 1968 1510 1956 1550 1539 1574 1475 19 1541 1543
1148 2343 1248 1259 1241 1251 1174 2345 1058 1267 1244 1272 2277 1183 1126 1162 1059 1204 2388 2291
31 131 34 4 1597 263 137 96 245 1533 254 8 67 175 138 216 206 271 1522 40
1256 2376 1155 2246 2328 2416 2336 1092 1272 1147 2345 2167 1263 2285 2157 2150 1105 2177 2110 1195
1516 1994 82 1872 110 39 2008 1558 91 2004 16 1551 224 1528 207 1543 1520 90 2006 2012
241 1532 62 254 195 183 1507 1487 61 168 243 1520 79 150 112 174 99 272 1528 281
547 557 366 545 1776 532 386 380 1843 606 578 613 1680 457 327 1778 512 516 364 324
1213 2420 2390 2223 2175 1150 2429 1134 2166 1132 1085 2431 2414 1153 2377 1127 2301 1212 1135 2157
33 116 184 1965 131 1514 165 96 200 1540 205 20 166 115 221 84 106 215 8 1950
357 1707 479 566 1858 457 1830 1850 1804 293 359 310 615 414 572 317 536 486 1678 308
321 1685 1661 518 532 357 291 478 364 1625 501 472 345 583 403 1653 480 1606 590 545
1279 1297 1329 2106 2263 2227 2259 2217 1256 2276 2175 2170 2141 2256 2154 2178 2439 1245 2271 1243
144 1594 164 28 179 112 201 32 1571 1626 280 170 289 1622 40 197 270 174 148 1586
392 415 378 343 1721 575 384 485 410 625 740 380 591 333 1679 312 481 459 1831 350
2380 2418 1189 2403 2231 1275 2407 2399 1253 2381 1141 2395 1134 2154 2323 1240 2423 2232 1088 1094
30 1582 227 169 1566 119 266 1562 289 44 1970 19 1621 234 112 1965 185 72 1630 1540
58 1536 148 250 7 159 1532 243 1570 119 1957 134 1968 1950 70 104 186 1986 147 1972
501 616 414 458 410 451 735 495 631 1835 585 1843 763 496 439 545 613 790 513 602
2251 2322 1121 1123 1244 2148 2350 2245 2124 2368 1141 2305 2155 1177 1273 2239 2254 1042 2339 1235
1638 1664 1613 323 1651 1709 264 369 419 314 575 1622 1600 370 436 559 268 334 421 1698
1306 2171 2137 2255 1316 2267 2224 1354 1283 2242 2151 1336 1425 2218 2277 2429 2415 1429 1275 2257
258 1617 1571 1651 172 224 1676 1687 1640 241 334 324 148 1978 196 301 130 1632 147 332
333 595 467 273 345 521 1819 304 582 592 1695 307 339 1642 1671 559 490 1623 747 487
1032 1057 2312 2304 2288 1106 2354 1073 1037 1075 2349 1076 986 1007 1015 2292 1006 1045 1051 2362
1243 2153 2428 1299 2279 1127 1221 2401 1197 1271 2224 2320 1211 2273 1278 1138 2287 2187 1268 1129
507 1860 1758 1754 1755 378 601 485 1874 557 371 433 1724 1808 349 1869 1818 1880 546 1708
322 466 1623 422 522 1840 412 265 1870 1681 494 437 538 544 1847 344 1805 337 384 615
570 1840 1838 602 364 449 1805 571 596 1672 1867 1663 303 1669 484 586 1674 1747 1801 495
44 164 32 260 1548 172 1970 170 250 105 184 1586 273 25 1514 213 1573 255 89 122
487 1858 1750 344 521 1674 533 1792 1931 1849 1787 510 615 1838 1807 478 459 1705 321 516
316 359 1616 1625 606 465 1655 523 1858 545 492 391 1675 614 1597 512 1716 405 514 530
548 576 398 584 483 1840 347 594 549 1721 552 511 524 333 476 507 354 623 1717 502
261 310 384 577 355 1687 431 256 66 598 448 483 510 366 582 362 392 1966 394 176
591 629 705 357 534 1727 443 474 538 384 1696 655 482 605 319 1700 643 299 700 367
422 1700 418 333 1664 471 1868 358 1681 1840 404 1837 1726 433 610 575 1825 415 1718 352
938 959 879 821 845 731 807 749 881 733 998 842 863 984 922 865 932 908 671 886
1313 2178 2233 2243 1292 2142 2137 1280 2230 2179 1303 2210 1424 2430 2278 1259 2250 2266 2202 2081
599 1845 418 410 1707 1821 434 1793 470 341 1836 620 598 1838 385 1853 1752 513 584 1791
360 1716 540 327 517 1724 1846 482 415 438 594 1794 1725 1693 1785 340 297 544 1810 1850
1735 1832 1773 502 463 433 1856 517 416 1828 523 1794 531 409 1744 401 469 1720 1756 1797
