1948 1983 1969 1990 1926 1407 1383 1930 1403 1949 1419 1396 1392 1970 1966 1921 1934 1425 1947 1929
888 1774 1803 860 824 1776 1792 1762 831 611 1101 1818 1051 973 900 1798 839 885 1098 1032
1768 1838 1820 1123 971 1853 967 1010 1818 1064 1092 986 710 1127 1109 1871 1105 720 573 1077
1605 1620 1488 1906 1639 1900 1521 1623 1522 1418 1515 1591 1498 1873 1516 1628 1414 1645 1626 1585
1445 1921 38 1572 1513 1 1898 1464 51 53 1433 99 98 43 1526 1990 39 1940 1409 1453
294 783 795 219 940 324 781 867 331 903 849 808 908 837 364 747 789 345 414 796
66 1913 1583 1900 1880 140 96 108 50 1584 1579 1589 1443 1875 1590 1503 7 1934 1885 1532
125 501 146 567 192 589 481 193 176 1768 44 1815 175 191 518 1863 491 72 474 1840
503 1864 1893 72 1777 566 1858 586 1896 1904 89 524 93 1831 501 33 57 599 134 146
188 745 453 287 1106 646 1085 630 660 374 300 337 887 908 808 326 447 877 581 443
1871 1921 82 1474 489 21 1896 85 92 1964 2013 1585 1799 1802 1905 93 1874 49 1941 1793
1176 1734 1737 1708 1150 1274 1706 1712 1721 1198 1746 1715 1174 1243 1165 1132 1134 1731 1241 1282
840 892 900 786 906 759 772 818 930 851 872 903 940 890 1098 674 919 835 799 842
1799 1846 575 528 955 620 109 191 588 172 512 657 576 195 1843 1753 1845 1797 165 103
1014 1294 1091 1017 1658 1042 1016 1780 981 1667 1326 1756 1108 996 1048 1039 1213 1376 1760 1752
788 937 221 286 912 214 300 195 808 774 867 926 203 207 892 742 277 1085 212 281
1403 1924 1648 1432 80 14 1958 1907 1408 1926 1487 1647 1445 32 1870 1443 1940 1446 1427 1402
1268 1707 1688 1223 1377 1228 1180 1313 1388 1687 1700 2016 1271 1711 1669 1390 1658 1671 1265 1368
1311 1374 2012 1370 1385 1352 1056 1019 1250 1337 995 2010 1287 1259 1333 1010 1009 1284 1316 1261
1794 1830 448 199 507 705 468 467 636 136 168 702 968 655 980 964 1838 476 958 674
1891 1908 4 28 1496 1933 75 1899 97 1584 1541 1919 1868 1522 121 38 1536 1518 127 1535
1092 1113 723 989 885 1104 1118 1084 1757 1123 1773 1756 821 1078 753 1122 891 990 1008 681
315 394 447 418 433 219 420 198 431 397 177 190 308 237 223 229 362 381 270 278
495 572 1773 635 440 149 441 511 182 574 163 543 415 553 525 1838 498 195 1801 526
1953 1966 2008 1986 2002 1410 1968 1994 1919 1951 1928 2015 1989 1395 1985 1933 1942 1403 1402 1392
176 321 1801 461 258 365 274 371 456 1800 400 623 236 654 630 191 412 582 294 317
487 605 1775 1789 1816 701 638 160 1788 1811 1804 1854 477 565 489 437 445 576 139 589
249 286 356 319 364 817 774 367 184 758 215 790 787 283 337 756 182 211 428 318
1279 1704 1319 1142 1721 1373 994 1663 1293 1199 1722 1182 1222 1272 1024 1294 1246 1149 1026 1256
601 1837 1764 1846 127 1786 608 688 607 1796 1790 523 456 1874 446 599 116 643 121 129
410 455 179 560 124 216 456 118 409 422 380 485 254 1780 581 568 322 470 460 1839
145 539 1790 488 1799 1872 73 178 117 1840 64 176 43 148 556 554 59 457 615 168
994 1018 1742 1044 978 1111 1308 1027 1301 1751 1035 1020 1298 1273 1075 1767 969 1264 986 1755
854 1087 1108 878 678 817 890 924 717 904 1042 1764 1793 907 968 1774 1777 729 895 943
1057 1305 1271 985 1301 1147 1653 1125 1277 1287 1043 1067 1650 1294 1245 1332 990 1328 1780 1280
332 361 267 323 393 322 239 398 450 211 372 402 419 397 390 216 235 359 364 384
1837 1874 144 139 79 606 602 1826 1914 1801 1539 1889 482 119 50 112 622 1884 154 500
1056 1278 1077 1329 1053 1118 981 1135 1202 1212 1702 1371 1087 1089 1102 1052 1105 1079 1188 1312
1407 1626 1433 1426 1434 1605 1440 1931 1383 1647 1360 1946 16 1627 1359 5 1996 1411 1497 43
1026 1752 1765 1294 1139 1011 1066 1756 1675 1783 1088 1059 982 1126 1336 1302 1788 1089 1738 1029
1248 1288 1660 1214 1158 1167 1369 1682 1065 1017 1184 1205 999 1648 1322 1286 996 1018 1209 1197
1082 1807 1846 607 605 181 1798 716 1101 681 1845 458 1039 960 1831 188 513 173 560 1823
419 450 149 286 438 408 126 309 360 301 486 362 410 281 363 273 345 351 112 406
1710 1726 1266 1237 1165 1712 1250 1715 1216 1744 1238 1210 1228 1189 1200 1720 1739 1158 1180 1153
1241 1286 1690 1656 1739 1060 1328 1000 1703 1323 1706 1274 1670 1248 1364 1312 1665 1355 1733 995
42 137 146 1463 38 83 131 1919 1797 56 416 610 531 423 0 434 175 1877 525 417
611 689 644 664 167 1784 159 535 1818 607 562 1837 1777 1121 665 1105 662 1824 674 558
899 1094 1115 987 841 1000 1801 936 1083 982 886 763 896 952 737 855 725 741 874 891
798 865 841 206 945 1091 775 884 892 293 1098 818 761 283 750 912 751 1092 197 937
115 149 122 537 422 55 443 501 1799 614 114 1863 137 175 456 25 532 84 56 1823
199 748 439 838 857 887 228 219 206 187 821 500 800 1781 664 291 336 202 871 292
645 1802 1799 1847 1828 666 662 609 477 1825 547 444 630 626 1101 509 1089 1765 1773 1092
992 1016 1294 1310 1041 1071 1093 1327 1773 1741 1101 1123 1278 985 1276 1079 1288 1118 1739 959
270 324 263 249 400 374 408 287 790 419 241 357 211 389 340 180 245 251 765 257
216 420 765 371 486 309 300 480 404 146 266 321 416 496 763 334 358 169 471 245
1183 1210 1140 1253 1257 1239 1255 1238 1730 1697 1220 1240 1685 1298 1711 1299 1739 1206 1222 1273
1783 1828 202 1779 511 701 1878 645 163 559 945 111 612 139 709 1032 1117 88 102 611
115 523 498 1867 1879 136 491 1780 434 57 1810 478 120 509 586 576 555 607 1832 30
1797 1820 643 656 129 1858 1755 126 1818 524 529 1789 701 465 120 648 537 1831 1103 439
1250 1685 1229 1725 1180 1739 1669 1279 1232 1244 1238 1290 1051 1280 1668 1706 1194 1234 1158 1228
872 1086 1055 1036 753 739 1114 1796 1805 1102 939 1774 1048 1124 748 734 722 890 1782 741
1121 1776 674 695 1095 509 642 582 945 612 183 985 437 1006 1092 675 1108 599 1089 1825
169 471 404 427 1825 617 1797 103 512 652 142 502 1818 1787 456 1827 118 397 513 1834
52 141 1526 85 1889 89 1464 1874 434 57 1502 111 514 123 1494 1442 134 87 524 1507
522 603 690 602 451 574 1877 624 581 562 1875 646 1780 550 484 629 1773 1761 1763 598
602 687 516 1783 455 579 673 675 534 735 1779 661 565 571 465 1071 509 546 1760 731
1422 1471 1396 15 2016 1462 72 1410 1928 1376 2014 1584 1585 1535 1943 1542 1439 1549 1397 53
1926 1999 1451 34 31 53 1990 61 39 1425 1427 2006 1454 5 1933 1948 1955 58 22 1901
1004 1280 1042 1278 1679 1234 1188 959 1183 1058 1219 1243 963 1288 1232 1150 965 1334 1024 1677
246 407 264 234 419 334 767 223 177 227 438 790 213 357 232 794 153 233 297 184
265 778 801 240 799 263 202 370 845 374 360 923 921 765 817 314 417 346 783 861
1269 1315 1254 1264 1376 1055 1253 1220 991 993 1153 1182 999 1647 1641 1287 1642 1359 1311 1353
1486 1516 1921 1530 1629 1528 1537 1546 1456 1571 1406 1494 1903 1558 1404 1599 1457 1458 1440 33
1182 1701 1151 1143 1219 1244 1155 1275 1241 1245 1255 1730 1728 1704 1680 1722 1183 1699 1199 1208
333 405 303 172 309 256 268 426 283 345 221 411 414 169 349 443 422 253 428 218
202 426 475 301 674 237 170 770 299 415 348 434 224 1794 488 785 245 411 129 433
1607 1620 1601 1516 1489 1617 1886 1889 1873 1581 1908 1582 1598 1892 1879 1876 1645 1896 1503 1900
156 569 465 120 521 1804 1787 1808 476 624 424 1887 622 532 113 631 1812 601 590 619
1224 1718 1258 1246 1152 1726 1301 1694 1725 1243 1211 1202 1713 1303 1157 1687 1260 1280 1131 1742
559 1849 470 504 1866 503 556 98 540 1809 563 506 134 1835 575 136 1778 129 130 1818
999 1759 1070 1765 1803 1786 1005 1096 1008 1050 985 1284 1071 1106 1041 631 1107 1819 1779 976
716 1781 1772 508 1001 601 967 883 1029 956 1836 1801 1761 714 1025 940 979 613 1073 622
1150 1713 1691 1151 1282 1737 1271 1718 1033 1719 1145 1235 1750 1171 1131 1283 1132 1120 1722 1753
396 451 595 354 401 166 471 224 1794 156 257 371 417 202 1806 450 385 347 418 319
164 187 747 280 1809 746 465 378 766 297 390 377 295 626 278 456 499 645 180 395
116 1830 79 532 39 572 1773 1767 47 593 614 78 109 1780 569 485 1819 1881 112 438
45 518 562 1834 108 112 1499 1786 15 100 1481 506 1510 1516 1459 1475 570 114 144 141
1488 1622 1922 1508 1628 1505 1435 1413 1912 54 65 53 66 1620 1425 73 1541 89 1401 17
1037 1764 1815 1786 1830 1323 1819 1288 1122 1060 613 626 1301 1121 1281 1039 1047 716 1001 1075
1806 1874 114 117 1759 13 552 623 453 1792 106 84 1797 1591 1113 31 1101 52 1853 476
868 883 888 873 702 859 728 793 795 705 845 907 716 733 749 830 808 677 878 1079
1289 1319 1194 1639 1331 1277 1004 1332 1164 1056 1256 1017 1201 992 1263 1363 1638 1677 1307 1326
93 561 133 1787 109 1896 25 122 534 1788 13 589 11 124 619 544 454 452 1877 490
706 1103 684 890 870 702 1092 826 1116 1027 878 1817 892 841 1815 595 1002 1076 1791 1029
1048 1126 1112 996 707 1745 1160 1294 1088 1674 1751 1083 1062 1275 1154 1101 1050 1324 1115 1038
1597 1620 1475 1417 1481 1618 1615 1508 1413 0 1591 1411 1496 1526 1872 1639 1641 1578 1612 1517
1845 1862 510 489 578 514 533 1792 508 615 562 534 560 1797 93 496 607 462 1833 1780
95 125 52 87 1897 1836 99 63 1886 1808 139 559 556 452 430 1827 1895 1856 81 88
494 566 434 528 581 1869 174 470 150 190 1870 1772 1822 441 593 464 1766 415 1779 488
297 365 411 309 265 355 261 300 216 189 396 793 320 347 243 298 394 341 205 425
1152 1743 1155 1765 1051 1215 1261 989 1005 1189 1270 1764 1199 1154 1240 1273 1259 1229 1014 1720
478 1778 1099 535 490 1054 1052 646 194 967 505 1780 98 1004 1764 552 472 586 1045 463
714 1799 515 133 154 480 603 1081 664 567 147 176 592 884 178 570 453 691 1791 975
1067 1748 1759 1079 1114 975 1108 1126 1062 1160 1131 1146 1747 1761 1045 1068 1025 1767 1760 1080
1071 1805 567 1049 1032 1789 1791 614 571 523 1016 1086 1832 440 971 1072 476 1759 443 1836
1385 1635 1982 1273 2017 1337 1320 1987 1432 2016 1940 1372 1417 1297 1989 1339 1322 1392 1602 1643
1324 1653 1042 1354 1278 1326 1353 1351 1661 1305 1637 1037 1641 1268 1366 1667 1260 1396 1638 1014
808 949 779 795 909 952 976 829 1789 1106 792 1096 980 296 821 791 920 811 974 195
528 591 185 1775 128 50 1830 545 1878 615 631 1802 530 125 1883 104 1770 560 541 1868
1775 1827 1813 125 588 142 955 1051 520 189 1048 1114 645 623 539 561 565 88 641 1834
120 150 483 125 589 1853 134 504 597 1793 565 1803 41 1886 54 585 32 590 157 509
88 1882 1491 156 1558 22 1595 0 1835 567 58 28 138 1861 144 1837 498 1580 1545 480
409 425 400 222 335 278 141 280 329 166 165 250 469 217 212 478 133 1794 317 402
720 1091 1123 1056 1054 867 969 1074 1025 687 1756 718 708 1037 1801 1043 842 1778 955 965
1129 1748 1006 1070 1107 1152 1007 1761 992 1074 1011 1157 1128 1118 1054 1002 1082 1143 1731 1120
1405 1940 1412 1380 2008 27 1408 1954 14 2017 1935 1386 1636 2015 1941 1987 1471 23 1634 1984
539 1870 607 26 108 32 97 577 117 499 1840 544 485 1922 1826 57 506 1581 601 608
525 606 76 538 1797 1832 1879 1775 1874 707 591 517 648 469 1779 569 618 53 113 1762
1008 1745 1000 1781 1121 1747 1015 1778 1120 1772 979 1092 1084 1771 982 1150 1774 1158 1018 1001
1688 1714 1235 1233 1163 1253 1254 1697 1177 1218 1739 1176 1258 1219 1180 1265 1267 1236 1133 1272
768 929 778 747 946 908 790 770 226 944 237 279 225 853 769 1096 293 1098 836 974
218 239 296 416 348 759 376 774 198 238 394 426 767 210 338 773 771 190 787 290
186 500 173 390 492 1823 379 748 1811 1832 392 534 592 425 341 438 533 1813 91 640
1157 1733 1194 1246 1182 1192 1748 1179 1281 1732 1711 1057 1744 1258 1222 1133 1172 1247 1735 1190
642 659 704 648 589 725 1767 190 696 191 1821 180 611 639 695 668 707 594 166 722
808 957 288 964 809 868 785 1779 802 757 930 965 916 929 1770 871 214 999 781 1002
17 1485 1418 1595 1436 1593 1917 1462 14 93 1518 1493 1446 8 1918 1 49 1468 1440 1629
517 1811 50 1795 645 460 454 480 568 485 574 48 567 489 463 1839 559 1872 162 470
739 1095 725 977 1040 883 1815 776 1775 194 1107 735 1092 1108 1121 916 771 1766 881 955
1955 1999 1375 1385 1388 1939 1382 1402 1938 1998 1925 2005 2003 2006 1408 1996 1926 1412 1945 1942
45 536 1911 1822 469 1426 1433 479 489 1873 524 612 1493 1485 1824 86 1838 1434 143 464
1496 1913 1544 1596 1523 54 1927 85 1430 1573 47 1551 1619 1594 1500 1894 1939 1879 88 1
129 1885 511 575 1861 78 136 1560 53 488 102 1887 149 1874 1877 469 491 126 548 94
1021 1670 1051 1761 1696 1659 1688 1085 1041 974 1770 1086 1073 1317 1753 1145 1228 1087 1765 1677
126 138 1840 416 39 535 175 1838 524 542 424 567 100 467 569 1872 557 71 95 500
1408 2000 1489 1645 1395 1633 44 2007 1387 1628 1398 32 1392 1989 1454 1487 1927 30 1983 1464
61 1884 529 1869 1551 1879 1882 1895 46 1508 131 126 1863 1569 66 1436 1540 19 1567 1486
957 1075 1096 809 930 956 821 1041 1772 963 785 1133 1006 1101 812 1103 1094 923 782 831
1429 1943 1391 1988 41 1526 1473 0 2005 1938 1 1623 2001 1935 1496 1516 1512 1514 1443 1466
559 1787 1120 196 1772 115 1773 1069 447 588 548 1072 134 569 188 1097 491 579 471 590
1047 1750 1134 1038 1036 1045 1740 1076 1774 982 1040 1781 1102 1011 1016 1089 1765 1077 1782 994
1508 1594 1629 1506 1894 1414 1917 1468 40 1621 38 1627 74 1555 1461 1582 1523 1613 1520 25
1490 1623 21 35 1539 1498 56 1522 1911 46 1586 85 1517 1389 1916 1915 88 4 22 37
703 1120 884 728 1753 888 613 1794 1121 622 623 694 1775 1029 1795 997 990 731 588 599
745 773 771 725 292 928 799 825 672 891 728 743 261 813 263 789 787 199 207 224
1598 1884 1873 1529 156 1623 109 1861 110 1563 1601 131 1580 1488 61 66 1889 1880 1558 1525
288 815 224 200 745 332 962 783 431 743 246 822 199 779 238 756 764 819 916 218
1696 1706 1209 1683 1273 1672 1152 1184 1233 1143 1173 1205 1282 1284 1172 1240 1272 1239 1720 1187
743 799 966 199 900 827 855 940 285 1107 763 874 213 967 920 960 888 844 261 1093
472 1849 99 134 1786 1863 1796 1808 551 1845 171 584 1829 556 562 1777 177 529 1804 1813
