447 1577 1620 1593 1545 427 560 1525 1360 514 1406 486 1412 1499 1551 1579 470 1518 1405 1512
371 1645 1664 1635 387 1649 1627 1636 358 1648 394 1646 1652 314 309 319 1659 1668 357 377
208 913 842 194 909 274 256 285 899 933 230 945 1764 908 872 853 863 857 1734 1703
1450 2251 598 1419 10 627 660 2283 2 9 2185 1440 1488 1416 120 16 25 2171 1422 2238
257 861 1692 266 1742 843 851 280 972 198 168 961 212 971 1690 974 844 156 174 1760
1140 1320 1169 1178 1131 1105 1139 1180 1308 1161 1150 1112 1163 1277 1279 1325 1315 1145 1170 1300
414 1541 418 395 1345 451 1567 398 1507 1410 1500 1501 1523 1545 568 1340 1571 569 1556 1563
1850 1876 1872 1906 1836 1912 1885 1849 1255 1916 1841 1878 1860 1822 1883 1823 1261 1875 1257 1867
318 1643 1689 339 1690 331 327 1621 1759 355 387 1627 350 1779 383 418 316 1767 1678 365
347 387 1366 346 383 328 335 1377 1652 319 405 296 404 301 1642 1374 1387 1362 311 1651
528 1577 1563 537 544 1546 1445 2176 445 1368 437 1418 501 1583 1422 525 1610 1565 509 439
329 1672 309 1786 1756 888 286 900 1634 349 1356 294 1728 1331 272 289 1325 1766 1730 343
1277 1316 1300 1242 1248 1132 1284 1240 1138 1244 1174 1254 1331 1290 1322 1151 1302 1313 1148 1276
282 917 207 1769 1686 302 879 1737 247 1662 959 298 935 253 290 1763 326 1699 289 1708
2 2268 2220 682 144 2235 785 2232 770 643 102 608 757 2323 2227 2229 844 609 1455 12
1661 1770 1688 1731 313 1792 1790 276 1660 1730 367 1745 1672 1825 1805 1748 370 1651 359 1746
395 423 415 406 1407 407 1391 1383 462 354 426 1526 359 1518 1557 1522 1648 345 1559 1359
503 1495 448 2161 499 527 1456 1457 548 492 452 1413 1363 473 1414 1450 1511 521 1438 462
923 1686 244 241 1672 1682 246 1781 1778 1701 286 230 1776 1681 245 197 1653 943 944 235
790 2311 2335 655 103 157 151 11 2288 101 5 2281 2 2332 12 2276 754 2312 146 2295
405 1352 457 333 336 1334 460 1375 474 1519 418 470 1544 1338 1531 1634 400 1545 1335 1551
552 1569 2197 527 588 1539 518 2196 561 522 2170 549 1467 554 1549 506 568 526 1563 1586
1474 2249 2292 1484 2193 657 126 602 541 1419 2234 649 2219 532 640 1448 639 1459 653 547
347 382 343 371 1668 355 298 1679 1641 352 297 322 1629 1351 357 305 414 296 299 348
1124 1327 1344 1112 323 1149 1313 1350 1171 326 1317 1114 1349 1357 1303 1097 1325 1100 1322 1157
1671 1749 339 1708 1810 1654 1773 1643 1667 897 319 1733 1676 354 1659 917 1710 911 300 320
774 2282 2325 151 146 812 794 158 633 2254 2269 835 2317 612 2249 2267 744 690 2303 788
1221 1269 1300 1283 1311 1284 1264 1265 1203 1259 1272 1305 1303 1260 1854 1202 1855 1288 1222 1239
1130 1338 326 1323 1167 1141 1095 1303 1152 1170 1335 1133 1098 1356 1137 1346 1144 1124 1347 337
923 1739 1744 295 213 1794 250 900 928 1716 1754 259 1709 1705 274 1675 1707 1737 193 944
636 667 70 1490 2184 1472 2242 643 746 2204 621 2290 85 2322 1438 1460 2330 2213 31 645
1764 1786 270 1676 1827 1665 899 1825 909 1697 1756 917 1663 891 259 308 1699 1794 1826 902
2144 2166 1501 2154 1463 630 2172 1442 1509 16 2143 1504 588 2182 617 596 1450 1474 1446 629
1464 1506 1521 383 604 1487 2240 653 430 1430 1 516 2265 1467 2212 1407 2232 424 2188 639
122 2329 2319 633 779 2226 634 673 648 136 816 826 141 2159 112 2279 739 671 2292 663
291 1700 901 316 266 1659 927 295 1775 280 342 929 1733 882 933 340 1728 270 917 293
922 1683 965 906 252 1761 307 1656 247 1657 957 236 884 1658 1776 1779 1725 942 219 888
1827 1854 1256 1831 1268 1783 1839 1789 1771 1841 1868 1881 1799 1767 1857 1779 1793 1824 1889 1819
0 2324 49 792 57 2310 615 43 775 2248 2268 619 2311 2224 2204 2249 618 632 2319 2271
1168 1310 1171 1147 1287 1328 1274 1139 1292 1116 1178 1291 1180 1192 1167 1311 1333 1194 1128 1186
341 1627 354 414 1639 1665 1621 1336 407 1630 1365 368 300 1378 1351 390 1343 1656 1355 399
684 762 3 61 89 797 686 76 2325 706 2329 2229 655 806 773 707 79 7 690 14
286 1735 268 245 223 932 275 264 323 878 877 1749 931 927 263 897 1672 945 266 890
100 781 2273 69 75 668 768 2292 740 134 82 29 2203 782 728 716 736 742 44 117
279 941 215 915 909 956 882 1779 892 903 919 889 275 312 914 1703 321 1694 1706 934
214 933 825 230 184 220 964 190 1732 1677 911 199 205 264 883 1743 248 1703 858 958
1464 2195 574 35 1434 22 1503 1429 1502 2187 1425 24 1506 547 669 637 57 556 1458 2251
916 1724 925 971 298 886 975 1748 888 877 969 197 1760 295 868 1755 1703 954 879 233
1771 1790 1766 1752 1830 1829 277 1827 314 1793 1684 269 1824 1809 324 1745 1697 1773 1800 1832
523 1487 1410 1566 1525 636 1431 1427 1481 2202 1449 1453 1364 2205 2209 1367 616 1433 2216 511
1240 1259 1851 1285 1274 1288 1243 1231 1210 1855 1196 1265 1266 1267 1201 1224 1271 1247 1200 1254
618 1476 653 1511 2179 16 2277 1480 1469 1435 2243 2249 2188 2259 2251 1395 623 1462 554 2168
449 488 523 476 1580 489 504 521 455 1505 446 430 517 505 437 484 1532 1405 417 1408
607 622 2143 2260 16 2219 1525 1527 654 1393 2327 1524 581 1426 660 584 656 592 2230 2278
195 865 251 210 249 827 197 857 913 902 265 886 854 153 825 888 200 887 881 255
675 729 76 119 63 2157 86 2263 2259 740 738 712 17 2190 653 2235 93 88 2220 2141
56 665 53 724 713 766 2173 761 108 765 2218 65 662 647 2210 2138 13 2164 2233 116
670 2215 725 1494 106 2217 738 1442 2221 1480 1446 1493 80 585 735 2190 1471 2138 105 57
1871 1888 1935 1901 1865 1880 1939 1887 1848 1919 1844 1909 1863 1831 1938 1930 1924 1842 1908 1825
338 381 1341 1343 1355 351 1360 1508 355 290 1381 372 1375 405 1681 1352 1668 363 1344 342
316 1666 1761 320 1750 1730 1680 312 1740 343 1779 274 291 313 376 1694 1651 1781 341 318
524 1602 514 1558 1444 1477 1436 1478 510 531 1446 491 1538 1582 1535 1576 417 1569 571 549
208 873 225 867 905 922 289 199 864 255 1695 170 238 878 162 1706 219 268 874 282
1487 2173 2231 1414 43 2212 2246 31 122 13 1407 2184 645 15 1468 44 2249 525 2216 2164
1666 1785 1646 1810 1687 1818 1680 1782 333 1822 1819 1679 1724 1759 273 1799 1742 1833 1761 1809
624 640 643 2270 647 2256 1491 649 1398 2193 1467 17 2327 2250 14 1420 1502 1517 2171 2246
115 806 751 2321 2238 78 2147 2287 84 2154 2172 788 2280 695 101 131 1 2267 2324 2178
1980 2046 2000 1968 1963 1962 1994 2095 2007 1999 1995 2041 1979 1943 2009 2026 1992 1946 1960 1955
345 1640 1654 413 1355 342 1372 1365 1352 376 1349 324 1377 1669 301 313 329 357 1648 389
204 236 911 860 1736 1726 153 889 858 253 1727 835 923 924 1711 263 1714 266 944 1704
243 880 876 1707 904 943 1722 225 865 952 947 925 185 229 924 839 274 1747 1750 289
2102 2130 2081 2143 2115 2138 2111 2155 2100 2085 2104 2139 2152 2072 2127 2091 2119 2080 2128 2154
391 403 1370 1604 1415 1366 1612 353 426 363 423 358 1651 1637 354 368 1418 1515 1540 416
283 1720 326 894 1695 936 1788 965 977 1666 923 1674 1679 267 887 869 1724 1683 1771 978
1962 1980 1943 1919 2014 1940 2004 1982 1971 2029 2008 2036 2030 1916 1996 2047 2040 2041 1983 1931
132 755 113 2233 2333 726 2295 33 727 2329 2229 158 153 31 2178 2256 2308 2273 675 785
553 1370 1416 556 1358 1409 2169 395 1387 1379 1475 400 1429 1389 1476 1584 562 1554 1423 1558
262 872 1671 244 1732 188 965 174 955 963 852 894 887 958 835 278 192 841 264 862
1492 2240 1515 2201 1424 1423 1 498 637 12 674 2160 1465 2241 3 1491 1407 1416 2213 2176
614 2144 2138 1497 568 2273 2281 1403 664 1510 1404 1392 2283 2251 2142 2252 585 1512 28 668
547 579 1449 622 515 1584 596 544 514 1463 2161 2191 588 1469 1470 1372 2225 1445 1366 1605
268 1701 876 937 973 960 230 267 292 898 281 225 934 853 946 1697 962 309 220 1762
433 1416 1425 627 1548 608 1346 436 1514 1561 514 1568 1584 2185 1388 551 1632 504 2188 1625
1619 1633 444 439 1646 343 1654 1620 378 324 391 1615 395 1643 366 347 353 1613 438 1659
9 608 69 1405 2134 2166 1502 2335 2157 1512 2180 1400 1403 615 2310 26 2149 752 574 681
904 1700 1665 188 1678 950 261 232 907 1710 876 1715 1760 1706 226 268 1752 911 879 1766
909 1718 1725 974 1684 935 260 941 1676 286 865 1697 970 1765 1694 912 1731 1674 892 254
211 904 172 859 1755 166 837 1680 1726 1695 889 225 903 234 923 921 1669 1749 952 830
1460 2222 1412 592 753 1425 630 1442 2199 574 2184 1482 602 649 559 683 1469 672 127 601
125 2257 635 118 2274 2329 2214 2150 766 1443 823 611 812 788 792 145 741 123 2258 657
1410 1435 526 441 499 487 529 420 485 1512 2180 473 1494 2195 2199 1389 432 465 1431 488
291 1742 1709 1762 1677 318 305 1704 931 334 1721 1750 1758 1662 252 900 1747 910 272 891
300 1679 274 294 1788 1709 1786 1718 1668 1656 1761 277 1775 1708 920 339 1660 1672 1725 1663
1424 1434 2226 1411 2231 1401 2186 2230 2194 642 593 1441 1471 601 564 1392 1518 1459 536 598
1143 1310 1133 1107 1123 1288 1115 1177 1144 1302 1300 1342 1168 1131 1167 1272 1150 1325 1317 1128
1673 1743 311 927 1714 1762 361 1704 1642 1661 1718 1655 365 354 912 1727 1749 1672 1676 303
136 853 157 2270 2294 792 122 151 126 807 844 258 883 769 898 242 800 237 812 176
1549 1602 1570 411 1588 538 483 554 547 532 509 559 561 1593 1559 488 1568 427 1616 1611
250 273 292 302 1748 1778 1785 964 309 213 297 876 928 932 313 1779 310 204 940 859
651 2301 665 1480 623 660 2141 2162 2285 22 8 2327 2266 658 770 622 652 132 649 614
635 2268 747 144 832 827 803 1460 1498 150 1496 2163 2247 638 676 648 2331 2171 145 2284
1514 2179 745 1408 2206 403 1467 1470 46 2154 1465 382 413 62 41 1485 1526 1393 1459 111
45 722 29 89 721 31 2270 2150 745 664 82 24 2195 688 684 69 61 764 118 2202
1483 2229 1512 1479 49 108 136 34 135 1495 1498 628 532 2214 1471 1400 37 1401 6 1415
22 698 2213 2156 763 724 2176 722 648 2139 95 37 2149 751 80 666 2153 104 2231 701
910 1754 1760 238 1713 1718 1785 209 1784 1725 899 937 244 216 232 292 1767 316 1682 1796
1134 1164 1319 1290 1331 1291 1340 1328 1131 1301 1326 1289 1325 1174 1195 1165 1166 1353 1103 1298
1457 2185 1472 1529 2152 2183 543 1493 526 624 676 671 2159 2158 23 564 1455 2272 1490 645
1192 1223 1182 1263 1253 1177 1210 1242 1222 1258 1226 1167 1232 1175 1191 1236 1262 1181 1270 1209
89 105 65 36 2231 765 71 31 750 2275 60 2157 1 2208 703 674 26 63 72 796
128 802 2323 158 2286 793 2301 2278 2217 772 2226 758 766 807 825 2282 121 2308 96 818
682 2281 639 762 2158 2327 114 2185 766 2177 42 2236 703 88 828 2 683 663 2173 691
1444 1493 621 1500 1460 2168 1492 1420 504 2222 552 1521 2231 2220 2212 1396 520 641 1415 1429
1660 1774 1659 358 276 281 1661 369 1770 265 1695 1674 292 342 1804 1754 1645 352 379 293
99 2173 630 102 1451 659 534 23 7 772 1453 4 50 1468 1481 1528 1511 9 716 732
544 1421 1500 582 621 1415 1462 1592 1593 526 1570 592 2175 521 1561 1460 597 2189 1410 642
756 2263 613 647 76 43 760 823 124 5 107 732 768 109 677 2252 724 833 113 2224
136 2292 825 837 787 784 2267 649 768 174 2319 126 830 2270 773 128 131 110 810 118
1642 1669 1764 318 335 1688 912 1685 1752 347 1643 312 899 354 1662 383 1787 304 1742 319
938 986 239 950 909 959 1026 970 917 901 1733 1694 1712 1717 209 1701 271 1015 200 1688
1519 2177 1550 684 469 1542 688 2219 585 477 751 105 2184 30 25 2213 1533 499 1395 686
552 1591 1560 588 559 584 509 522 538 565 2185 506 1471 1446 1613 1371 564 1556 1606 1460
122 2214 588 809 572 2330 1474 139 2269 117 2263 2150 1449 1470 2245 2234 93 123 2331 2239
562 1456 631 1561 607 1455 2274 633 2239 2236 2234 1414 515 1481 2267 1418 531 1471 1580 2210
1020 1056 990 994 1066 1063 1059 976 1077 1075 982 988 1071 1050 1041 1003 1044 1025 1047 1081
1909 1919 1901 1960 1959 1870 1942 1940 1935 1958 1921 1950 1900 1868 1930 1894 1860 1881 1952 1906
547 1375 1479 1602 395 507 515 1581 2188 556 566 1454 352 2181 1444 1481 1564 559 1603 1435
2279 2331 682 117 770 775 2264 685 652 842 631 602 720 59 2226 792 2322 153 768 618
10 34 740 113 609 2221 2209 2280 2150 65 763 2308 656 2194 2206 81 2185 2315 2237 2226
15 59 764 714 758 712 681 2177 2145 2205 2270 654 116 2189 626 650 16 2228 642 102
1637 1649 312 1634 1664 382 341 421 428 357 422 1658 1681 308 362 296 352 324 338 1619
1005 1037 1040 1041 1057 1034 1033 960 966 1070 1065 1060 1029 992 1035 1023 1030 1016 1045 985
576 2159 569 631 2184 1450 1526 1550 19 562 1471 117 5 639 568 608 554 565 28 2199
444 1518 491 447 438 1579 513 1386 596 506 1505 2165 591 2183 1563 466 1536 587 1587 401
111 698 723 53 97 2241 29 112 762 749 2335 78 81 660 6 2235 2249 2283 2207 2202
48 2231 80 2193 728 31 797 2262 2288 72 1448 1439 2284 679 658 1469 2275 2156 1440 2184
164 824 174 173 816 189 2253 159 2274 2280 798 830 2272 852 121 169 190 857 200 806
222 871 1720 933 286 202 176 873 903 192 262 171 181 937 1700 950 247 273 203 836
1144 1158 1349 1327 1336 1177 1103 1127 1166 1303 1188 1317 1326 1287 1138 1280 1107 1108 1299 1338
1958 2003 2063 1993 2079 1988 2042 1979 1969 1971 1942 1972 1919 1983 1930 2023 2024 2047 2039 2027
188 233 190 157 272 836 250 227 945 914 831 865 207 853 878 255 811 156 226 248
117 2262 638 2220 778 2255 2327 2148 135 109 790 663 2316 779 810 2264 2307 2225 752 813
589 1539 1395 579 1575 621 1392 604 1399 1380 1507 2235 611 407 556 1570 585 1391 1393 423
602 2143 589 1507 19 1399 659 2216 623 581 1404 1402 2242 1517 34 563 1506 31 26 605
128 2278 1459 49 2226 2299 137 751 30 734 2319 163 812 2263 2229 1460 116 142 140 2237
2034 2083 1974 1995 2002 2008 2111 1982 1975 2022 2070 2061 1993 2021 2031 2099 2060 2072 2094 1994
204 928 178 945 940 295 266 1710 184 1675 975 822 851 286 297 974 152 1756 269 890
635 2180 2223 21 621 2268 1526 2181 1425 653 628 564 522 547 1498 1518 596 1417 1447 47
223 262 1738 860 955 916 1765 1767 290 1686 1719 932 973 1731 940 922 920 182 1674 1746
1458 2218 1421 563 1477 609 2244 1406 2 1426 642 1453 2185 1486 611 1481 2166 2170 2220 1431
