53 1006 96 4 998 1026 76 90 36 87 16 30 24 1003 97 1015 22 63 69 79
601 613 568 621 643 590 564 588 592 639 619 632 623 578 625 600 576 596 562 575
592 648 600 559 564 582 573 617 627 682 562 635 575 583 649 671 611 574 584 610
785 798 781 816 813 819 796 788 790 804 815 757 777 782 768 807 799 761 808 802
664 677 670 698 667 658 660 632 622 661 646 653 626 663 648 681 680 629 700 688
41 1056 40 75 105 52 82 1034 81 8 80 12 1058 57 95 1012 54 2 1005 86
395 410 323 350 413 365 392 362 419 331 443 415 444 379 382 390 414 433 338 369
450 538 549 445 535 441 543 563 545 487 556 516 528 552 550 492 559 515 531 521
367 401 363 315 343 376 330 355 361 394 327 335 419 313 349 408 380 432 430 431
437 464 444 557 543 544 506 515 486 508 562 485 490 525 456 433 524 526 466 517
1032 1067 1016 83 1059 82 1026 10 1024 12 1066 3 106 88 1018 1070 8 14 23 1069
598 628 664 644 635 602 629 591 594 613 601 648 636 619 624 584 576 630 592 578
705 725 686 701 706 689 695 710 719 707 753 758 678 711 714 729 727 696 679 726
590 623 563 588 558 636 612 575 581 594 566 567 562 582 653 561 628 661 597 660
763 795 787 730 782 727 743 728 764 776 751 767 783 735 775 779 731 813 814 744
587 647 672 679 575 630 645 561 636 578 609 604 606 557 676 680 563 665 627 661
566 605 580 589 508 650 555 561 609 578 623 588 649 557 551 626 606 646 565 601
1062 1073 81 89 1030 30 98 13 1054 114 14 9 97 36 116 76 1056 108 107 1063
367 402 387 399 407 418 356 315 329 319 313 364 311 349 332 372 381 430 423 404
1019 1037 1030 86 45 1046 1035 88 1017 1060 25 1026 26 108 999 77 6 109 1011 81
465 517 534 461 558 460 430 496 520 481 518 458 468 516 497 500 472 477 466 502
451 462 511 498 545 517 428 434 470 509 432 528 551 421 561 516 499 552 500 482
99 1071 1065 1067 1025 110 1045 1033 1029 1021 1009 1043 120 1072 118 31 77 104 106 1017
47 1012 59 98 1019 48 52 995 75 96 84 101 68 74 21 1025 999 86 40 1
571 600 617 586 621 630 641 547 628 631 624 644 635 648 622 605 602 558 604 651
35 1001 46 1033 993 1017 1009 33 7 2 991 44 53 1069 71 66 1068 1022 1020 72
393 424 445 374 421 407 325 357 324 382 369 435 319 453 385 434 451 368 317 455
45 69 64 60 1025 9 1002 1010 80 1066 1026 24 31 10 18 1016 1006 76 92 1021
1001 1020 52 1041 83 17 1044 75 9 63 1045 995 19 59 42 992 1010 1004 1016 1039
906 938 932 911 956 929 897 890 896 960 953 879 917 887 949 948 891 914 892 883
320 345 393 377 298 399 352 330 369 379 323 395 295 332 331 311 329 301 371 302
874 902 899 842 915 861 918 847 848 863 854 892 881 889 840 878 855 911 884 887
702 727 687 734 726 757 733 713 749 750 715 756 752 728 720 705 747 701 711 754
493 517 474 560 541 558 524 491 469 488 531 501 540 551 460 467 472 507 492 527
131 144 128 120 127 125 135 122 162 142 121 133 152 113 157 115 136 154 156 164
333 385 308 354 425 421 331 304 357 341 311 416 346 343 314 355 379 328 369 335
835 867 851 818 866 821 888 833 863 839 870 820 855 864 840 844 894 886 859 857
82 99 998 1016 55 1064 1024 63 96 1072 1067 77 1019 120 83 110 1021 1044 65 100
80 86 52 1017 1002 1024 98 67 1038 49 999 997 1016 1027 1050 69 1018 1063 1015 1065
285 298 324 281 272 318 310 274 282 314 332 301 323 305 289 295 277 292 296 320
799 820 803 798 840 802 770 828 779 826 775 839 845 785 781 805 782 777 825 776
321 341 340 388 389 310 360 359 386 362 349 348 352 303 309 301 334 305 326 358
144 154 130 158 162 143 157 160 175 148 127 138 169 133 155 177 171 140 129 174
80 98 1061 118 1010 1032 112 66 91 1014 1013 1019 61 90 1054 69 85 65 1018 86
439 478 422 460 505 461 554 476 522 424 537 448 466 419 545 404 411 428 519 553
321 338 292 288 291 320 348 318 332 403 367 304 317 302 371 294 331 353 306 375
41 1032 1015 1062 3 1013 1014 58 25 1017 22 82 1024 8 9 2 1044 35 95 1019
89 1027 6 82 104 98 1051 1005 1045 1016 41 34 1025 90 8 1022 53 1028 72 86
605 631 583 654 598 615 597 633 602 650 581 603 621 649 591 573 658 584 582 628
10 1015 31 93 82 79 1018 51 91 998 72 1037 23 1012 1014 1024 68 1062 993 17
905 917 947 912 930 909 921 886 911 933 887 922 950 890 880 944 885 881 938 927
76 994 58 27 36 63 1018 86 93 82 70 45 988 47 35 1016 1015 91 990 972
36 57 59 27 1011 1062 1067 26 1068 1022 62 86 1040 9 1070 1012 1007 24 1069 1034
111 1071 1062 81 108 1056 6 1031 87 90 97 8 124 93 40 1067 1034 122 96 102
95 1056 70 1048 1021 1074 1040 1020 1035 41 1002 1053 1011 1032 112 7 66 99 65 8
330 358 295 390 326 323 296 391 292 342 409 398 291 344 299 317 374 349 410 324
316 334 406 398 354 393 390 291 400 337 353 339 295 360 330 326 364 405 299 296
433 464 447 479 415 483 411 459 446 510 457 453 496 450 504 488 505 492 511 424
418 434 417 385 375 414 370 474 466 445 396 386 388 403 389 457 400 362 461 456
329 352 392 378 390 382 343 376 368 349 372 314 334 396 384 381 347 305 308 387
1032 1053 1025 1072 1034 1071 32 5 1015 1024 7 1008 88 101 85 110 4 1041 12 1018
227 235 225 242 240 254 249 256 210 199 217 238 265 245 255 224 206 214 241 253
221 226 245 229 216 249 254 234 206 212 260 247 241 240 207 191 199 208 195 235
94 1053 1050 1021 1048 1064 104 1027 111 1000 1043 1013 1071 1012 91 4 63 116 1046 75
155 160 169 165 177 150 179 139 175 172 174 183 146 149 164 163 140 171 148 178
873 902 859 858 857 842 900 854 908 924 914 860 865 863 926 894 838 840 876 839
351 391 342 371 366 416 377 382 330 322 361 332 316 379 403 356 390 336 340 323
968 981 970 951 963 978 980 991 985 960 953 967 983 988 989 996 969 964 987 979
0 29 10 65 1039 28 1048 1031 1037 1022 73 1068 1017 63 9 59 1046 1006 35 21
946 964 923 916 929 927 976 983 932 961 919 988 924 926 934 949 944 969 928 982
1010 1028 1038 1016 1014 52 37 1043 81 33 1058 65 1026 59 28 73 1039 86 992 82
524 549 463 551 571 457 500 539 556 513 529 540 469 514 478 496 536 570 522 470
62 77 71 21 89 26 998 1026 38 103 1003 70 80 1004 6 1009 1073 84 95 11
57 81 21 998 46 995 1054 7 86 39 1002 73 1058 43 1010 1044 1045 28 1062 85
216 226 242 234 207 212 233 191 230 195 251 237 227 259 192 198 221 223 245 258
217 239 229 238 194 242 219 258 200 207 221 236 206 205 228 216 222 251 243 215
579 598 597 589 559 593 617 569 573 625 608 613 570 606 595 610 567 601 611 605
332 387 342 358 421 372 373 353 406 417 350 335 427 334 346 371 410 310 344 409
278 291 266 306 295 281 279 318 287 284 323 312 311 275 296 319 288 277 329 302
832 845 844 860 841 867 847 828 870 837 823 849 835 813 843 809 871 859 852 854
386 412 390 352 444 311 358 348 351 341 414 421 379 401 440 310 432 307 327 337
910 935 944 908 966 941 955 958 948 932 916 934 905 949 953 963 945 907 914 950
410 433 453 474 411 380 422 464 434 420 375 409 396 447 418 362 406 460 395 414
1042 1073 44 1012 43 77 93 1041 1062 12 40 80 1026 85 37 79 92 90 1022 1030
511 536 552 456 569 563 449 455 480 486 547 532 534 504 457 464 470 505 484 443
332 357 307 325 317 298 358 410 296 302 339 395 361 318 389 367 384 399 363 311
467 489 547 437 563 538 560 509 445 441 513 542 443 540 456 514 463 481 517 494
103 121 111 95 1072 137 1073 127 1054 88 1018 1043 99 1035 106 1064 1069 131 1029 1030
410 426 445 391 374 435 399 372 388 442 444 362 463 375 459 452 403 424 447 456
418 447 543 521 419 426 380 370 544 420 470 464 446 373 531 522 449 406 437 365
999 1012 97 986 64 1044 1022 21 61 1013 1027 98 35 89 1035 11 80 90 36 984
21 1028 1019 73 50 107 1059 1011 62 29 48 1032 102 69 1037 1060 1018 1023 9 75
585 621 553 633 658 564 634 616 597 557 558 638 632 643 560 627 629 593 583 567
429 456 425 546 526 491 543 534 404 463 551 399 468 479 449 549 544 471 531 545
573 624 604 603 557 577 628 620 633 571 610 667 602 555 653 635 601 563 621 581
163 173 150 169 172 160 170 145 171 143 189 165 174 167 188 178 187 183 192 161
848 867 890 826 828 845 895 873 868 849 843 891 892 894 823 832 851 835 842 885
495 521 467 447 473 527 559 496 501 456 560 491 538 542 503 557 548 539 509 551
189 206 185 178 180 240 191 198 199 227 169 188 238 202 175 183 218 216 211 223
399 414 374 388 344 389 370 441 380 437 418 349 342 354 363 359 329 357 358 430
483 511 487 534 543 555 493 559 470 489 522 461 510 456 457 533 474 488 544 509
498 538 558 456 527 435 532 502 491 497 550 531 563 443 516 437 540 484 566 530
876 897 860 908 883 859 926 870 890 845 920 898 893 924 882 872 896 869 866 901
56 89 86 1022 25 1054 85 46 1038 1020 1045 67 59 106 1059 99 71 68 6 1063
446 534 521 558 502 434 414 562 483 411 501 462 519 543 492 424 550 549 443 563
825 850 812 882 877 802 846 800 828 845 880 835 870 820 872 848 827 851 866 867
289 301 332 334 307 321 311 274 278 305 309 324 282 323 306 300 291 271 314 297
451 551 554 417 458 513 535 487 490 413 488 439 482 427 462 431 481 579 453 518
893 919 933 876 882 926 881 897 923 950 936 868 902 924 900 899 913 929 895 928
209 242 201 240 215 217 223 197 238 233 198 243 191 247 206 256 195 250 249 213
364 402 385 398 419 365 340 421 427 383 433 317 416 321 428 423 374 354 392 397
443 530 428 525 532 494 464 495 423 425 501 453 474 524 420 546 458 542 446 418
459 546 455 493 542 463 502 452 427 569 454 439 484 536 428 498 456 517 494 550
893 915 894 897 929 888 946 892 919 887 901 886 867 871 909 865 947 927 876 943
416 434 403 411 420 430 377 370 406 417 372 435 423 364 436 468 450 398 473 452
209 227 202 241 231 234 195 261 232 193 207 204 255 263 251 244 189 212 246 217
752 766 794 780 788 738 729 779 762 724 726 771 764 783 749 781 776 742 770 740
481 513 515 504 491 562 485 511 560 553 452 545 505 469 466 475 548 525 446 559
153 165 147 170 158 184 155 150 180 152 173 142 174 149 185 146 182 140 172 161
725 736 751 746 741 749 694 763 752 740 699 767 734 709 771 761 766 757 691 700
47 1036 1032 1021 12 110 15 1067 1034 25 70 1054 1019 53 1063 1070 1048 1028 1062 11
779 787 800 802 761 767 764 777 765 803 775 811 771 791 747 752 770 763 780 807
492 557 584 479 574 535 516 508 583 520 512 469 524 540 533 468 478 491 472 465
711 743 723 745 738 732 719 736 725 737 729 769 688 750 765 701 699 727 712 772
141 154 168 143 175 137 156 165 128 157 161 164 173 166 160 174 149 155 132 169
111 122 1059 1034 123 113 1031 117 1065 139 1066 114 1064 138 124 1070 1061 1053 1069 1035
436 474 423 509 544 466 410 448 558 450 440 412 523 404 472 546 469 537 495 516
591 638 648 617 658 602 605 653 577 667 637 587 573 640 645 604 676 630 668 593
38 60 52 61 42 1034 1005 1020 1074 1003 65 1043 74 3 71 87 57 80 89 1014
325 377 402 390 335 352 348 332 304 369 347 387 389 302 384 303 350 367 340 333
938 956 975 907 954 948 950 916 972 973 943 911 980 919 915 929 977 923 935 953
891 921 951 940 876 865 893 952 895 919 910 896 929 923 944 946 930 868 906 902
456 563 536 598 500 490 526 513 476 441 477 489 537 530 538 555 593 546 486 463
180 193 213 177 176 216 219 179 196 189 162 186 214 205 192 220 212 178 215 182
483 495 509 524 496 519 517 448 525 541 468 459 537 452 514 542 528 522 498 499
684 704 665 655 711 690 702 656 692 701 705 674 661 652 728 737 649 724 727 729
675 701 734 715 639 720 681 673 691 648 678 683 726 659 713 655 644 717 649 663
148 170 180 185 155 154 191 183 133 141 190 161 150 142 137 162 156 145 149 158
501 540 538 520 446 456 556 474 507 500 504 481 514 469 553 495 448 480 463 534
563 597 631 532 626 608 592 460 624 459 502 568 533 454 518 492 529 465 588 630
588 641 674 593 644 579 631 590 633 673 566 658 627 667 672 656 661 666 611 610
228 240 226 231 209 217 200 223 197 242 237 252 251 262 211 201 259 232 265 261
491 529 507 441 558 449 452 539 549 490 501 486 470 560 522 471 464 466 515 523
718 742 753 697 754 748 690 721 709 751 734 712 733 714 750 727 726 701 724 706
57 74 12 2 76 65 18 32 99 51 34 101 67 31 6 1024 3 63 997 70
434 459 412 446 454 455 420 403 405 531 461 476 475 456 564 509 550 527 537 448
152 168 141 175 174 162 171 147 160 182 180 185 165 184 188 137 169 181 164 143
835 858 877 824 837 859 830 880 865 849 879 866 845 833 821 854 815 846 885 819
804 821 797 795 806 810 820 845 784 847 800 789 788 772 780 812 774 785 787 831
396 415 354 323 398 361 447 353 319 435 358 338 333 384 332 328 376 348 373 371
