92 1087 1038 32 1074 1030 1089 1065 1072 149 1052 1099 1101 1039 949 5 973 164 950 947
122 983 852 72 98 837 99 1085 6 138 1007 963 181 1076 982 1112 19 1134 1037 1072
605 791 555 821 680 559 788 671 835 780 531 724 625 696 578 810 756 833 775 779
49 862 741 895 850 907 949 87 20 107 1003 726 950 1054 914 1082 1037 946 79 80
948 1014 982 930 1009 927 949 828 905 860 1063 1023 1008 102 83 1035 921 110 141 733
738 808 925 940 876 611 581 602 717 926 746 903 953 583 785 740 852 585 741 686
227 275 393 1129 178 205 371 282 239 324 1111 200 378 186 246 160 337 1126 223 1105
546 611 774 824 696 588 643 595 605 590 592 748 728 693 503 504 561 811 485 720
62 1072 1055 1077 894 863 857 987 946 84 941 1062 1048 142 850 97 1074 977 1038 74
699 843 34 900 855 778 972 897 926 973 29 784 880 706 867 841 61 704 711 587
147 1085 129 189 1021 191 149 1123 1075 64 51 2 126 155 121 1060 1133 1051 1052 180
617 814 701 838 754 620 708 753 682 846 637 704 733 798 783 787 686 575 931 823
238 336 394 273 335 392 187 337 290 260 1135 216 278 303 269 320 323 300 377 211
213 1133 253 269 1137 1045 1132 255 276 1081 224 168 1119 297 7 184 93 225 239 165
4 1098 126 206 95 171 174 972 111 20 34 216 44 143 84 1045 153 119 1110 131
103 150 1029 1133 1084 52 3 136 18 91 1000 178 159 167 1057 50 11 1117 1042 147
452 476 551 399 546 496 537 529 447 440 509 487 532 510 439 425 449 512 520 403
220 326 1109 206 195 284 380 182 167 1117 355 149 372 236 308 1111 141 368 164 287
743 943 86 964 816 688 35 686 876 848 698 884 786 666 672 735 802 846 714 752
67 834 1033 877 687 1060 79 103 925 81 815 954 974 40 708 910 104 756 694 100
7 1025 981 82 75 96 1038 12 32 1048 1034 105 991 1116 983 979 113 1056 952 112
149 1090 168 228 1096 71 94 216 1052 38 25 159 1104 1076 1089 147 195 1060 1031 8
119 129 109 51 1041 205 143 1082 157 186 1083 993 1018 1135 1128 185 33 106 168 973
265 381 197 198 224 223 378 274 297 199 302 319 296 404 280 207 428 259 426 291
598 623 534 703 587 700 781 684 566 642 656 815 589 687 796 659 541 577 666 787
598 808 665 815 759 567 575 672 812 713 648 783 618 595 545 737 616 661 719 845
861 941 926 910 890 820 938 872 961 78 865 894 719 821 25 928 834 30 35 720
189 291 1117 233 192 254 204 216 355 253 251 156 366 332 223 198 1096 191 263 246
12 1080 152 1133 1012 102 1137 137 98 84 1120 1068 26 106 114 1049 164 28 123 161
841 895 812 922 952 947 48 28 904 986 979 803 811 739 759 932 46 56 827 942
98 970 1032 28 856 1103 80 27 1108 150 29 986 953 965 88 94 95 1025 1018 1065
91 127 1036 105 6 134 11 39 77 93 973 118 1074 958 1040 1014 41 1103 1073 996
855 941 891 738 908 731 41 973 920 38 984 709 845 877 932 898 849 60 946 732
19 1129 1026 1005 980 1114 1069 1127 967 1120 188 65 102 1023 1014 119 1111 1134 30 217
867 972 1027 94 66 1032 18 105 107 959 85 1021 938 916 730 102 853 1014 108 19
168 195 310 117 118 1090 326 123 158 304 127 152 137 170 122 128 212 314 1123 148
186 220 138 167 171 176 253 274 120 261 194 234 245 271 1126 1131 241 290 213 243
280 302 389 383 354 240 217 290 391 204 285 348 187 390 224 278 328 294 297 311
628 804 731 816 719 627 710 673 621 556 824 559 832 563 637 714 837 742 721 566
1011 1052 1035 1029 52 969 1134 1106 139 1092 1061 1091 980 1115 146 983 101 1002 1085 1094
23 1121 204 51 11 3 50 209 952 183 6 228 252 985 1071 1006 181 142 1074 1099
1036 1088 1098 2 53 1006 1110 26 973 1099 1079 11 6 1060 967 1043 1080 1009 1049 85
23 1006 948 1083 1008 1077 107 1065 21 1119 1046 50 116 1094 82 1097 1054 101 22 995
141 192 1122 315 133 195 116 1121 123 90 1124 201 259 294 1123 161 173 311 1050 235
153 231 277 292 136 137 1108 223 138 1119 168 108 115 1057 1131 186 269 1091 1120 1078
283 392 347 213 344 199 396 331 218 285 371 366 215 406 227 273 376 379 315 311
100 1018 1090 970 162 955 973 1074 108 1003 87 994 1048 1079 13 15 1136 966 62 74
642 780 558 561 665 714 669 831 593 735 820 717 658 635 656 608 754 683 667 626
1007 1089 1085 52 54 44 1069 1104 89 966 1094 1127 986 63 1084 953 191 1018 187 1138
1023 1094 140 207 1078 195 1001 13 974 11 89 93 81 109 1131 79 154 130 75 181
48 853 971 961 735 852 107 114 103 1003 1080 931 1094 896 1018 976 18 988 816 1089
38 1075 832 1033 1030 1103 1055 46 1094 143 1096 937 972 54 118 1087 986 1065 123 19
79 1132 840 1069 942 110 949 88 1055 1060 41 236 23 1079 1113 1089 1065 1059 972 235
661 728 738 784 630 865 829 816 838 864 773 771 850 674 647 565 930 860 735 658
569 631 509 594 607 564 502 652 738 819 553 731 812 732 608 625 728 533 770 610
306 391 309 239 387 275 371 413 224 352 424 334 328 378 338 330 289 190 253 265
408 434 336 461 392 441 387 369 334 449 460 491 396 377 470 389 495 356 393 439
34 988 122 104 1094 129 101 987 89 40 1093 21 30 1070 1079 9 947 33 840 28
595 712 678 650 945 648 689 656 584 724 771 531 598 642 592 692 582 568 643 575
1051 1138 1036 1055 72 245 997 976 981 238 182 1082 232 1020 205 1079 98 1014 1010 989
744 901 798 951 707 712 882 612 893 917 831 646 614 906 943 867 674 933 913 687
18 1016 1062 122 979 135 1003 971 65 79 2 142 153 141 1051 10 1009 90 88 132
253 314 249 345 1125 392 318 245 285 365 250 218 192 310 235 322 388 367 376 338
911 931 52 937 894 964 816 907 66 882 928 824 740 68 868 865 71 938 718 829
143 1033 50 962 1080 47 969 186 82 124 1085 40 6 113 1021 1105 197 24 140 222
383 407 410 302 415 348 439 472 344 313 275 386 450 299 422 433 350 413 457 347
733 829 664 926 621 807 927 773 909 868 38 938 756 966 50 657 611 800 630 758
679 708 626 830 625 739 602 781 575 563 789 828 658 651 662 840 653 686 736 684
41 1047 993 972 109 1016 53 18 4 1015 968 88 1053 1107 854 840 1018 849 10 950
710 756 651 921 923 814 825 701 596 841 709 706 945 668 733 817 750 834 703 845
18 1130 73 181 958 1082 232 985 1027 126 991 1108 1111 93 196 111 233 990 19 1054
92 956 69 150 854 867 1098 78 1018 842 873 840 76 857 916 47 861 878 1007 1065
126 1117 145 124 1053 1005 189 231 181 1085 1033 226 32 206 1025 195 173 1056 1132 141
0 1092 130 1021 1069 118 1071 1103 1055 155 1042 111 1025 173 1009 143 1075 1020 60 182
833 862 853 857 931 731 52 35 808 972 784 803 783 679 49 956 883 713 733 51
600 645 558 727 544 693 808 680 553 689 615 664 806 770 565 714 679 570 529 534
89 1124 60 215 1012 2 87 1129 949 144 1095 1025 218 63 1133 119 986 233 168 135
184 1098 99 134 1136 226 218 221 153 197 190 1088 119 1104 74 301 1062 317 94 1068
568 660 825 818 596 669 547 684 500 821 622 642 600 586 730 749 753 546 513 540
246 373 317 353 349 197 292 185 216 314 295 224 322 225 427 244 303 399 177 221
79 100 1021 44 949 1013 1052 841 1024 1138 57 124 91 1065 139 967 1137 1081 117 162
497 549 507 459 471 533 468 627 591 575 493 649 426 522 463 531 440 540 602 524
642 809 625 832 772 773 744 592 796 594 822 643 634 693 582 569 817 683 800 671
420 497 493 559 354 538 461 494 362 391 360 456 426 459 366 450 394 439 348 534
274 324 302 284 372 275 260 391 350 262 395 321 278 194 405 254 346 223 218 303
182 1125 302 1116 251 295 223 1138 1112 234 25 304 139 146 296 125 237 1098 183 309
659 772 558 724 818 535 716 620 557 745 664 622 663 596 810 782 721 638 689 679
418 458 471 503 370 501 338 368 356 355 449 480 492 376 534 352 430 399 525 428
62 1086 989 853 984 13 174 26 948 933 925 1111 1133 1006 934 834 1134 59 867 824
419 503 546 504 443 454 446 361 398 494 464 525 418 560 550 417 482 448 523 577
235 1138 213 1136 97 286 192 1128 207 304 274 1097 263 22 303 268 1049 246 1111 1058
690 751 631 849 863 800 869 940 586 923 824 916 885 721 925 730 944 680 580 682
811 848 956 846 959 883 612 715 680 925 716 30 987 865 620 966 648 702 747 795
603 784 713 648 596 666 789 674 827 556 594 616 567 568 798 560 574 604 721 824
510 573 635 465 682 517 567 505 418 585 495 605 481 537 467 522 527 681 770 457
870 959 28 907 861 58 44 754 1002 76 753 849 82 742 1008 865 890 743 943 98
1016 1070 1046 97 1108 984 109 59 1088 1002 14 1047 18 1058 113 1008 39 73 1076 144
949 968 892 99 822 905 1031 994 907 120 903 46 863 746 48 102 1051 830 38 922
818 927 629 849 830 746 853 925 648 945 859 845 661 587 706 596 662 657 796 59
636 780 632 602 585 623 752 587 581 637 721 658 755 699 811 696 574 708 818 685
124 160 16 1026 184 1131 144 1059 110 1123 45 25 1036 181 1078 1028 14 1114 1044 988
846 878 81 947 927 896 914 721 47 913 917 893 752 859 967 898 902 728 937 726
1086 1113 166 1094 22 84 59 52 106 8 68 1056 186 997 1088 1014 1120 198 154 35
861 911 733 960 917 933 864 857 745 830 50 756 839 904 63 66 743 964 951 739
664 753 808 681 571 881 595 890 934 861 678 843 923 575 583 565 921 724 689 866
103 993 1012 958 101 10 1138 1011 24 945 966 43 1098 1040 965 23 20 1054 95 120
38 992 983 949 964 1024 954 41 116 129 48 130 10 933 124 94 1051 89 1061 844
1102 1122 1041 1043 1066 195 5 15 0 1045 122 1089 168 200 224 32 1069 251 212 80
298 379 208 233 179 277 381 352 236 282 209 327 187 313 251 330 290 193 320 217
45 1011 95 83 965 1088 837 1068 1038 852 1047 1076 834 1014 1013 1008 848 847 934 971
720 826 833 793 602 706 663 873 627 946 857 801 875 678 745 806 660 772 949 590
291 329 356 210 369 255 245 211 190 250 198 235 188 362 397 310 215 260 324 195
678 779 693 647 659 754 593 810 698 833 733 830 685 753 599 820 781 803 697 752
442 520 443 452 508 503 459 484 445 472 551 553 569 491 412 448 504 456 471 511
59 853 881 923 106 940 1085 1040 878 966 832 875 856 1087 28 102 116 1090 827 114
588 644 727 630 539 773 638 797 533 719 566 772 781 684 642 594 669 663 789 734
58 1038 946 1084 87 1073 1040 16 1042 829 3 1030 152 143 10 871 1087 973 123 132
303 330 198 302 185 283 216 235 182 407 210 247 284 273 239 211 375 253 335 206
505 530 482 504 486 587 501 517 460 490 513 417 456 467 516 562 427 416 448 582
495 560 594 418 666 587 526 562 676 508 423 506 546 786 771 658 431 791 420 670
223 284 377 153 387 237 313 222 178 344 240 229 331 369 347 230 337 399 161 296
648 738 600 665 944 945 661 616 736 718 676 836 805 811 703 649 813 715 722 663
975 1041 1056 87 857 146 885 1000 1015 2 113 954 1058 32 50 941 1035 1132 80 834
17 66 946 1112 828 1093 1050 40 1074 32 126 881 1032 81 1035 1131 1016 1038 73 103
633 815 643 574 550 719 811 640 630 605 934 603 579 740 824 795 798 559 837 746
1058 1116 80 235 1137 47 1088 1020 994 1021 207 94 1050 989 188 109 199 1039 154 8
914 935 879 920 828 969 916 51 869 748 38 982 40 888 867 759 718 713 980 64
548 576 581 593 546 497 470 457 532 602 647 518 513 697 683 799 633 613 471 590
66 1076 76 131 1093 60 130 15 84 866 67 5 0 858 20 110 77 831 1072 111
367 406 277 299 388 444 339 396 309 351 389 321 340 343 477 399 394 285 261 252
580 592 690 611 695 774 788 803 773 696 636 793 511 686 583 562 595 644 576 641
743 893 913 744 714 616 664 708 869 872 649 613 665 633 807 924 942 650 918 933
298 356 389 213 270 422 261 376 359 306 248 207 277 241 179 405 342 233 291 245
658 743 804 709 808 737 837 844 828 747 551 813 823 594 818 629 796 882 862 571
448 518 575 414 408 415 569 552 519 489 495 497 425 509 475 582 585 539 460 465
32 972 1014 1075 86 123 135 992 871 8 96 15 2 969 1011 1070 4 89 995 1001
997 1078 1091 1099 126 942 1109 985 62 1135 1008 938 1076 983 1132 1049 33 21 995 1032
305 342 329 232 313 215 256 260 410 233 205 193 366 346 295 301 209 380 238 176
156 224 233 309 292 268 1106 258 10 1112 174 293 1079 1123 1094 250 245 291 96 278
1041 1095 1092 162 132 18 1112 1135 36 1050 1000 188 1133 197 1045 1075 984 1071 30 49
549 653 755 748 485 703 650 807 651 489 652 523 511 706 562 823 641 476 753 590
86 953 824 955 129 8 1080 906 1094 848 845 982 885 882 141 69 51 951 989 859
51 969 124 1047 842 1060 983 1057 11 1066 25 846 85 107 948 840 19 14 966 862
931 970 732 748 888 892 68 843 52 964 54 10 118 985 36 87 719 112 987 8
1091 1127 55 22 68 10 183 2 1128 1083 1124 1012 252 242 45 222 1113 1067 103 29
107 1122 52 1014 172 156 149 1004 24 1129 951 64 975 231 991 177 73 119 50 1132
1025 1083 1135 106 1113 967 146 174 156 1034 36 139 1120 168 132 1006 979 125 1069 1001
291 316 259 220 400 399 359 381 332 347 360 341 398 345 331 370 224 383 352 185
44 120 152 1012 843 1063 66 1045 119 173 1072 54 1071 1135 1025 1093 162 1112 1083 1003
743 932 895 820 875 915 744 698 56 852 942 972 712 937 785 987 730 989 616 707
