537 554 93 568 581 32 5 521 40 89 41 520 2 29 566 62 546 71 590 591
25 50 40 10 86 34 0 6 560 75 605 601 611 582 23 602 585 85 30 35
98 111 15 90 609 100 85 80 91 560 150 149 124 558 66 25 153 587 154 130
386 405 322 346 414 344 354 387 373 385 326 312 378 343 388 333 338 339 356 377
37 600 112 22 105 591 30 109 139 134 116 95 29 71 586 8 144 60 104 580
104 611 96 93 127 112 130 601 583 148 570 604 60 29 46 129 608 25 111 589
276 318 344 255 381 269 345 246 330 329 251 369 314 293 252 240 253 334 306 387
329 379 327 368 315 363 308 386 268 370 319 367 339 337 318 365 290 280 331 393
208 238 202 273 245 171 212 187 244 198 267 239 182 270 251 224 225 200 218 181
93 561 97 99 73 48 124 5 597 83 586 555 537 610 3 123 550 103 41 26
286 349 392 315 401 328 317 271 344 279 307 297 372 359 327 358 373 272 270 390
50 579 593 90 96 88 604 56 596 78 104 45 547 79 601 581 588 575 557 576
151 172 133 169 191 184 205 181 143 144 111 187 611 608 190 146 174 137 118 129
531 543 561 545 563 548 558 528 557 521 566 525 569 22 546 556 547 523 567 542
75 595 48 575 615 596 554 559 76 101 42 78 572 103 552 57 31 95 39 99
1 606 155 86 89 67 13 603 92 123 102 20 87 107 122 77 149 109 60 566
397 425 436 337 418 403 323 423 319 421 434 322 402 353 389 369 345 411 366 419
393 433 362 421 403 413 359 405 324 437 418 406 331 402 350 369 329 314 353 361
25 562 574 9 548 96 29 541 40 577 552 2 56 590 612 38 52 70 49 28
375 392 366 406 332 371 362 369 398 327 352 307 412 356 409 312 421 341 414 357
531 548 564 554 556 555 541 535 29 561 523 539 545 546 534 538 566 557 563 12
46 78 110 101 566 100 35 90 63 65 600 112 55 597 11 559 27 95 47 588
58 575 77 85 100 562 589 62 8 567 57 38 47 605 44 579 71 88 2 52
159 195 173 185 128 152 134 186 224 219 221 149 141 125 138 607 187 210 204 120
367 391 348 337 410 386 289 292 380 355 279 341 403 415 331 399 334 300 274 282
571 584 55 42 554 610 35 559 105 107 570 94 560 59 80 102 71 613 558 546
402 419 397 437 362 330 372 354 348 409 404 355 349 384 436 331 344 439 390 365
187 221 248 128 135 198 256 212 130 238 172 241 250 158 233 194 267 253 155 186
355 371 304 277 315 388 322 346 416 320 326 323 297 258 380 420 282 306 402 341
44 597 603 565 121 61 577 9 562 21 2 17 135 63 87 42 79 23 30 80
103 571 23 41 594 548 583 98 132 83 0 76 33 599 69 608 114 87 112 586
30 64 63 595 13 613 563 607 568 599 69 585 27 586 551 46 587 74 7 21
46 86 567 564 97 552 32 113 121 607 551 102 78 55 1 70 19 123 30 88
36 89 40 592 44 118 580 13 41 563 82 116 615 579 65 73 558 42 614 609
192 201 188 214 227 235 210 230 213 165 224 175 163 138 142 237 238 153 239 174
113 152 115 87 121 588 163 74 108 85 100 598 126 195 590 191 140 91 145 177
242 271 218 297 285 266 268 243 341 257 345 327 278 370 252 246 329 312 209 254
277 357 268 307 386 364 253 309 400 333 265 336 397 292 298 263 335 377 267 244
543 548 30 15 13 35 560 576 10 8 535 552 580 533 542 33 550 7 24 28
261 338 293 321 286 337 364 320 401 361 370 212 335 347 230 377 240 294 351 290
94 133 186 120 145 167 147 170 598 24 92 187 585 122 193 590 44 111 91 596
335 381 345 261 267 282 356 406 415 327 389 325 271 421 374 383 279 290 388 398
403 433 349 420 355 368 396 434 429 332 383 351 387 350 363 437 367 357 407 421
17 71 5 47 1 594 599 592 550 66 15 30 551 61 108 552 547 42 24 34
27 615 133 556 565 588 55 48 563 118 567 43 549 580 24 45 143 89 108 113
22 61 89 568 32 87 558 78 28 604 600 582 94 544 17 88 556 561 100 11
129 178 612 213 176 163 130 212 610 97 169 123 153 611 132 603 125 609 614 205
146 184 192 157 214 124 183 174 149 104 191 134 108 102 185 178 609 180 172 218
116 138 181 134 130 105 102 85 172 597 173 159 187 89 88 83 599 114 614 185
564 592 83 611 557 560 575 34 33 103 568 552 550 603 587 25 71 16 35 119
1 562 574 2 596 51 579 60 613 75 593 26 547 107 614 582 39 548 594 18
261 274 326 363 282 216 366 318 292 273 277 301 298 215 293 365 345 279 239 341
44 570 100 610 13 91 30 609 37 55 93 576 84 546 571 79 64 33 71 72
231 245 217 233 275 261 255 220 229 199 249 252 211 259 268 242 201 282 223 230
234 251 207 218 221 204 229 200 206 216 238 272 287 281 276 214 232 247 230 227
301 348 315 271 261 399 391 303 347 321 366 283 343 344 275 258 346 353 256 400
265 347 243 370 406 322 367 358 361 383 377 329 321 277 319 384 280 267 233 385
9 99 68 615 121 11 91 26 76 57 588 7 85 8 53 27 108 93 597 613
116 159 594 599 592 602 153 83 193 180 103 95 606 147 197 610 162 179 132 601
262 353 285 304 259 373 344 218 271 300 230 337 355 293 391 322 313 287 333 226
158 194 221 131 224 199 143 214 127 195 159 217 168 137 611 196 223 154 176 128
123 179 105 144 180 195 93 193 127 101 159 592 88 202 181 604 80 151 615 150
112 134 110 146 101 126 603 172 605 165 85 125 91 157 128 94 611 613 612 78
26 554 29 545 65 57 602 51 10 601 575 40 579 34 75 77 18 541 544 598
132 155 121 140 147 110 116 123 122 596 119 141 167 196 599 108 184 109 148 189
415 434 414 393 416 396 420 438 391 429 430 401 367 395 369 397 437 364 387 409
255 277 297 343 356 221 326 314 245 232 270 240 351 206 361 295 320 337 333 289
206 248 221 262 219 272 246 222 217 218 241 216 257 172 253 226 260 243 283 187
29 613 139 615 150 593 605 5 146 93 27 2 18 578 59 131 51 557 572 4
349 393 279 427 359 280 301 316 408 384 276 436 291 286 312 355 428 337 398 394
80 562 614 546 27 602 78 43 606 601 604 594 583 10 42 48 40 539 62 567
86 559 127 52 80 47 57 40 555 611 110 51 105 588 70 94 613 570 120 596
560 573 602 570 42 45 562 81 73 594 15 580 12 88 586 33 593 2 579 35
64 560 36 608 601 566 51 86 10 597 610 553 596 542 77 19 603 37 42 582
49 574 573 16 100 92 42 36 579 603 68 66 578 596 568 577 575 101 560 591
394 425 317 368 346 376 389 423 401 353 334 437 386 365 364 427 429 375 330 430
259 347 302 384 288 323 305 317 311 258 336 243 386 298 312 396 307 281 319 394
50 572 571 573 12 544 550 53 95 591 34 91 29 101 51 54 105 79 49 593
143 614 184 110 147 594 174 96 168 189 131 600 602 105 8 129 181 25 28 115
317 362 364 348 368 352 358 280 310 350 269 284 316 346 370 391 297 344 307 375
369 412 289 430 307 317 347 361 288 377 337 435 314 305 429 299 293 311 388 438
348 404 390 315 372 321 280 269 408 271 420 367 308 281 368 354 347 377 359 310
311 368 323 314 402 287 416 375 273 379 359 386 284 360 302 270 339 321 357 318
243 254 271 286 278 226 257 211 261 262 349 291 255 276 212 345 207 217 283 285
152 192 215 163 148 189 185 112 137 133 161 194 108 188 109 193 609 158 209 113
126 149 610 88 152 192 118 157 139 137 90 122 125 165 189 104 605 613 86 614
19 87 72 564 30 600 557 131 16 52 546 545 563 116 51 594 92 580 565 551
285 310 331 294 342 248 341 335 309 360 369 382 378 305 299 319 262 384 380 303
378 397 361 414 358 344 427 418 428 333 368 340 429 350 317 320 402 342 352 325
200 213 177 254 176 211 220 228 166 185 191 239 257 236 234 192 195 168 162 246
346 391 322 345 422 416 360 338 384 312 291 372 347 371 348 342 317 402 281 420
268 301 303 313 276 310 297 273 272 354 349 292 270 243 298 356 359 228 312 230
102 115 21 12 154 123 67 133 8 121 95 603 5 590 134 599 74 612 19 588
59 585 107 85 9 35 55 612 96 575 13 89 93 588 602 5 109 556 45 22
203 219 200 201 259 252 250 195 190 241 175 186 245 177 196 207 243 242 266 223
67 575 597 601 56 61 1 7 82 27 10 550 547 595 574 16 604 577 72 81
86 106 144 132 102 78 610 57 59 81 568 69 552 576 90 611 103 593 28 66
77 109 48 15 562 149 33 11 137 602 81 57 605 90 593 12 571 54 97 2
32 593 599 103 123 43 6 130 3 118 35 579 612 96 87 16 22 44 561 13
45 604 0 153 31 151 125 105 34 107 123 43 78 585 120 124 83 563 129 109
587 611 30 609 72 59 157 144 100 4 607 90 589 33 565 577 43 17 64 89
133 150 187 164 89 602 165 103 615 161 173 177 99 611 105 152 178 609 614 599
215 229 267 198 208 183 259 252 182 195 192 243 181 269 185 196 186 260 236 189
47 574 81 92 84 87 605 33 587 551 557 10 550 592 31 575 67 55 25 63
264 329 356 272 384 360 237 393 392 289 357 240 279 319 294 375 307 378 397 320
295 352 299 361 365 296 293 313 337 264 318 354 349 280 287 360 379 294 364 303
8 92 108 576 555 93 29 551 613 577 10 582 602 50 594 47 568 54 607 5
38 603 87 9 59 90 11 118 116 557 577 15 148 89 144 31 117 611 106 50
40 581 34 6 58 42 104 563 566 87 590 613 83 32 550 604 554 595 22 584
216 237 199 213 206 234 190 269 220 259 232 238 225 208 185 270 246 211 239 218
181 204 215 163 200 210 220 128 234 232 155 243 152 144 191 135 176 160 248 171
284 365 396 303 413 366 354 281 296 335 349 348 259 279 380 415 361 402 378 337
315 387 333 430 317 299 294 409 291 421 365 383 413 276 402 420 353 313 311 321
546 570 29 81 90 566 99 593 56 601 560 41 530 6 528 555 17 598 578 563
39 610 564 602 575 147 27 9 158 36 126 607 143 573 117 552 568 611 6 54
8 602 115 565 561 34 44 579 614 11 4 574 27 39 45 80 586 66 69 3
146 603 593 184 56 141 67 41 579 46 66 178 35 149 588 60 13 37 18 82
277 355 298 357 374 274 363 342 289 390 350 288 300 270 338 383 393 329 377 365
322 395 330 324 399 331 321 376 267 295 339 365 306 352 303 426 362 417 368 279
351 384 356 317 404 382 383 263 393 281 331 411 396 268 385 261 368 349 361 258
304 330 390 340 364 378 358 359 293 262 318 324 309 271 353 290 375 352 287 387
3 82 572 113 90 55 571 578 87 26 29 126 106 70 592 605 96 97 569 557
86 120 557 113 138 157 31 590 59 103 43 101 2 73 63 76 21 14 83 68
124 612 36 80 99 164 179 89 601 108 43 115 17 157 85 154 18 159 109 118
26 40 58 80 18 565 92 1 586 582 14 39 6 549 48 581 606 79 579 610
547 564 594 561 568 35 20 26 68 25 57 66 556 92 546 65 577 551 558 50
15 609 36 590 97 82 151 3 1 68 104 611 141 38 103 5 564 118 580 85
54 582 103 573 562 68 108 552 568 575 596 34 31 28 563 586 88 555 37 70
120 601 138 20 131 129 14 152 121 101 30 595 170 88 110 159 147 83 157 58
78 571 574 591 115 58 566 560 116 592 54 66 41 600 63 118 29 50 23 588
64 596 132 563 571 558 560 73 97 92 44 75 583 604 2 608 29 0 60 562
269 321 237 248 361 389 392 328 257 387 270 285 302 356 290 314 232 220 362 287
388 423 327 414 372 351 378 389 346 432 317 427 337 330 336 342 410 343 359 398
10 562 96 103 554 20 63 27 81 59 570 97 614 99 58 569 557 615 595 26
310 359 262 347 292 379 334 378 299 291 305 412 385 338 267 367 258 398 349 331
364 387 300 426 328 370 396 371 345 359 316 298 279 291 321 366 386 352 403 283
159 607 94 610 37 178 92 140 135 95 115 69 61 153 152 24 111 73 67 107
227 266 189 201 298 324 194 312 325 192 210 260 346 289 337 358 360 345 284 209
23 577 569 20 26 98 7 59 608 69 576 96 64 598 611 30 0 573 607 94
410 438 402 371 394 375 366 423 372 397 439 418 380 422 415 387 395 404 432 396
113 155 190 114 132 152 589 615 75 191 600 80 195 77 609 122 82 94 602 74
27 571 61 14 103 590 552 63 52 78 37 76 102 565 40 73 591 596 598 576
341 400 348 257 359 266 306 298 304 383 291 356 353 277 389 425 381 374 418 417
346 397 292 416 439 365 437 303 326 345 436 278 279 406 321 381 313 401 298 390
263 349 395 287 245 226 288 377 383 324 370 402 396 286 291 309 379 304 221 222
222 262 223 291 215 238 328 250 208 252 324 235 274 219 320 204 286 239 189 260
591 603 598 152 28 138 560 68 596 31 39 145 581 106 77 64 1 142 590 18
142 609 102 65 165 124 591 187 170 122 64 123 195 37 192 66 186 588 599 148
372 386 430 342 425 329 319 417 428 318 333 433 405 343 436 401 363 339 330 347
263 338 400 296 384 252 226 344 328 385 298 401 236 329 223 327 369 242 227 222
