41 457 76 434 20 474 73 473 69 33 3 38 45 480 487 55 421 5 79 440
30 431 458 11 434 413 446 54 441 403 21 400 72 391 388 24 432 20 459 28
191 237 235 258 264 209 192 251 208 175 190 166 218 228 162 236 214 161 225 257
46 74 73 470 448 455 81 453 45 26 30 41 50 91 478 72 53 483 28 36
16 426 401 467 15 43 30 0 381 451 9 53 61 421 383 404 441 1 465 390
99 508 81 103 504 80 102 499 136 515 479 83 89 121 101 135 134 137 111 528
130 518 152 131 154 160 150 510 517 548 115 132 534 136 162 145 159 151 516 113
72 456 37 11 470 445 461 433 441 59 4 80 471 75 31 444 476 473 87 491
29 447 41 427 423 17 457 65 25 430 59 20 10 21 22 19 66 446 47 465
212 235 181 192 176 248 218 209 231 263 190 236 256 177 266 220 171 251 184 252
168 203 541 235 219 174 156 202 161 230 238 239 146 543 181 206 162 237 166 154
269 296 276 268 320 260 285 291 257 310 298 243 272 247 259 300 304 316 251 248
166 548 129 177 165 149 135 538 542 536 192 522 172 188 543 132 157 181 539 148
170 535 212 141 527 135 187 524 132 171 148 134 156 532 139 209 144 169 157 125
279 305 288 314 318 307 268 274 312 264 273 309 276 325 271 285 259 292 313 296
220 244 205 207 188 249 190 226 198 191 214 171 263 173 265 266 216 236 237 255
22 45 61 426 16 427 46 34 3 39 455 1 435 470 463 68 67 437 454 439
338 356 352 379 335 363 362 334 355 323 327 367 333 369 346 324 319 375 339 322
103 503 521 88 121 120 96 107 137 132 113 507 91 81 138 493 500 128 114 87
189 205 246 200 228 174 166 235 160 199 236 213 202 182 247 167 211 183 215 171
405 423 15 403 16 433 35 26 431 14 2 33 397 370 367 440 421 1 438 395
249 270 290 259 280 266 250 279 277 301 293 214 296 236 207 261 222 273 264 248
74 469 28 52 494 92 493 81 454 91 37 443 62 488 440 22 486 64 487 489
43 462 484 438 452 472 490 7 83 485 459 488 441 52 23 476 10 481 470 424
165 182 526 535 220 207 540 160 137 201 133 159 189 135 157 203 210 161 224 130
55 464 23 461 47 71 481 81 37 3 444 8 73 489 24 57 490 30 1 453
190 237 195 266 262 158 235 230 249 238 228 160 213 172 245 157 214 222 258 192
232 263 202 204 235 252 243 246 197 285 244 274 250 286 189 191 183 242 185 282
51 77 13 447 49 92 41 64 18 29 437 460 467 86 465 96 32 59 477 454
324 338 343 358 308 336 335 327 355 361 362 342 301 322 360 314 330 363 304 315
358 367 384 346 352 333 379 356 359 368 381 373 360 366 344 345 406 340 389 349
528 543 152 119 523 513 538 161 136 171 146 533 170 510 524 153 144 518 155 173
88 109 101 494 482 522 467 139 513 116 97 526 137 99 119 502 125 477 105 67
192 221 231 246 205 211 210 239 178 223 167 234 219 162 236 201 168 181 251 254
378 393 411 362 380 419 374 407 429 418 433 422 385 373 395 392 359 403 357 375
157 187 136 215 171 538 539 220 168 236 529 139 191 209 132 166 178 150 522 172
79 467 76 464 47 67 85 488 21 55 49 455 34 20 440 72 500 446 39 82
123 528 501 117 127 162 539 132 116 139 502 109 512 508 128 165 517 529 544 112
170 197 241 198 155 547 195 144 202 538 240 152 141 232 534 533 185 206 548 209
71 466 445 449 76 452 82 495 484 47 55 23 488 50 43 57 454 77 457 463
41 426 64 385 21 393 390 39 415 466 465 379 442 397 381 434 75 408 460 16
6 22 457 45 73 417 418 39 423 449 443 8 428 54 43 407 40 472 413 439
52 469 436 42 41 82 464 448 85 30 79 496 78 58 10 90 61 59 433 478
409 419 406 0 424 25 412 397 442 408 20 425 421 378 394 431 392 23 398 391
133 506 517 153 156 491 498 97 521 120 89 484 91 516 512 85 165 510 143 148
424 446 401 20 17 28 474 390 427 463 26 69 32 387 472 382 73 436 408 33
161 184 150 143 208 547 530 178 229 173 211 520 541 220 182 139 548 134 151 174
513 519 149 153 113 538 110 92 138 142 140 157 501 509 496 536 537 517 104 498
26 422 41 383 439 45 32 63 61 434 432 386 67 377 423 14 426 400 25 433
94 511 530 78 110 116 102 484 507 499 489 136 108 483 76 498 98 123 122 100
53 459 434 57 2 463 467 9 27 484 473 4 483 14 42 455 6 490 45 49
244 254 205 268 214 264 276 220 225 262 265 271 240 273 199 221 267 270 247 232
166 175 145 211 542 199 152 135 196 534 179 178 206 159 219 176 221 545 192 146
85 101 60 111 512 467 500 506 90 494 59 508 465 91 518 76 475 89 92 493
25 43 440 70 451 62 456 34 423 420 428 450 443 463 438 468 20 429 473 426
278 310 271 317 266 311 270 323 264 258 269 298 294 305 304 263 286 288 267 257
96 495 106 471 474 499 492 113 484 84 482 111 87 476 110 475 480 99 513 504
35 471 1 53 479 430 11 17 468 28 63 9 484 424 31 466 481 0 463 39
210 251 167 180 240 258 189 236 178 271 221 265 260 249 231 266 181 244 216 187
169 199 171 239 542 535 146 157 529 185 243 196 203 211 182 162 245 226 158 229
73 488 22 445 53 85 498 476 67 26 43 84 82 448 45 506 77 33 505 50
36 430 40 425 53 66 429 26 3 61 72 49 11 68 390 435 420 436 453 433
437 445 58 63 459 21 413 463 34 31 460 67 431 52 72 62 455 434 29 469
171 203 174 204 151 543 157 537 207 231 238 197 532 142 223 143 214 221 535 232
27 466 496 4 83 454 476 464 450 59 484 455 429 489 53 16 12 50 73 17
222 249 206 183 235 240 256 266 196 210 193 259 239 198 230 182 186 191 244 262
43 68 488 83 24 34 31 66 41 465 441 21 482 490 479 7 463 8 9 89
179 200 238 159 162 235 204 181 166 244 182 177 176 150 217 230 206 231 167 169
156 533 537 176 111 167 528 517 164 140 181 166 118 187 162 547 513 175 538 544
28 68 487 464 446 75 22 37 469 14 31 30 422 477 10 476 46 43 35 59
246 265 238 236 250 225 281 295 274 249 288 223 241 218 269 235 289 203 242 283
276 294 256 293 297 292 291 316 320 270 262 311 279 287 273 303 304 283 259 272
6 51 435 470 411 31 474 410 420 79 28 443 414 465 466 431 53 18 1 447
115 516 500 100 523 95 499 123 536 532 92 144 547 508 126 501 121 119 117 107
52 437 447 81 435 468 420 15 459 59 27 411 431 56 478 451 48 19 55 13
512 531 528 103 520 532 90 491 145 128 498 142 506 121 166 144 108 529 162 132
6 35 33 409 423 17 46 58 19 29 432 463 48 42 72 460 52 457 459 36
230 260 209 247 281 243 255 280 180 212 204 202 273 233 256 237 271 262 227 266
6 421 425 15 458 392 433 21 441 444 418 32 455 17 410 436 49 417 23 56
189 221 241 170 236 202 235 215 232 169 195 172 239 165 240 168 246 258 193 186
123 516 148 499 108 130 540 539 527 101 548 138 102 541 517 503 115 120 143 157
132 518 527 522 508 502 540 135 134 125 543 529 121 154 145 102 509 158 151 546
73 90 85 39 511 106 443 102 74 454 447 29 500 51 480 44 488 27 22 449
131 508 107 487 113 528 163 533 116 547 535 129 89 111 157 87 150 142 88 100
442 463 477 32 84 75 419 479 31 470 485 450 53 3 462 30 37 428 420 16
34 74 447 463 478 65 7 66 61 10 11 434 80 419 30 0 33 31 479 87
188 212 231 178 245 163 159 183 170 166 201 155 198 235 229 228 243 185 230 227
269 285 244 293 248 276 250 302 283 278 254 308 314 263 267 277 275 313 261 265
40 432 12 407 37 64 414 453 440 32 467 472 48 443 35 51 50 26 452 411
108 139 545 164 510 532 165 118 537 527 141 153 114 156 120 512 169 94 162 138
91 484 460 58 495 100 509 66 513 496 106 72 108 480 485 506 96 69 63 491
130 145 137 133 103 516 105 149 151 511 127 538 170 140 111 508 166 167 109 168
25 423 463 392 70 10 472 22 428 427 0 386 381 1 449 408 13 8 411 425
156 182 526 136 530 540 522 133 167 221 173 212 166 521 200 539 528 172 219 124
188 229 155 172 206 177 161 216 185 197 205 233 254 245 262 222 261 154 159 184
117 149 529 93 506 118 510 143 522 512 535 543 96 176 141 163 123 130 515 108
7 23 64 445 66 30 436 59 41 13 28 460 443 36 431 407 68 11 452 435
477 490 61 51 92 73 98 504 55 450 478 103 74 489 486 466 62 495 452 70
495 503 117 80 96 85 467 105 76 486 475 470 474 513 108 510 469 106 465 114
436 460 464 446 46 78 19 408 414 49 420 15 56 445 72 489 14 29 475 22
15 446 432 66 2 33 24 73 36 57 17 441 3 45 462 435 60 34 56 439
376 394 420 404 370 431 424 349 391 403 365 360 371 428 392 379 417 433 396 423
348 367 331 333 364 387 403 344 410 362 352 338 340 408 359 374 384 357 325 382
218 237 208 258 182 251 265 192 224 171 203 248 191 262 240 210 243 239 174 260
0 41 61 454 424 14 423 414 447 2 65 445 451 466 467 425 468 17 432 22
482 504 77 96 109 111 495 84 79 58 118 97 478 500 510 488 498 90 490 496
199 242 166 230 238 184 229 211 177 240 258 256 198 179 176 235 264 165 173 183
125 544 128 527 162 516 529 523 172 126 505 147 145 153 512 519 530 106 137 521
364 371 394 372 389 386 415 334 382 392 378 407 344 374 336 376 395 348 399 342
467 484 33 75 464 92 470 54 491 32 452 457 28 86 67 84 499 47 39 44
10 458 31 436 446 461 46 426 488 5 429 473 22 418 80 48 453 41 464 477
39 53 31 17 34 81 446 29 475 19 449 481 7 71 442 36 8 478 458 70
240 260 233 214 197 220 192 228 259 263 235 245 191 226 219 194 212 215 221 256
49 64 471 27 474 30 85 443 468 446 81 80 487 13 478 485 472 479 67 430
291 308 268 288 301 314 304 318 303 330 272 306 273 320 316 298 321 286 328 317
122 152 164 520 546 523 539 509 103 134 142 544 155 529 126 130 159 502 542 145
296 321 316 318 266 319 339 320 277 329 272 309 337 335 327 315 283 279 334 332
57 69 80 88 34 476 478 70 18 450 441 489 451 442 49 13 12 55 453 24
203 244 254 183 219 238 267 224 211 206 198 184 253 255 169 230 174 177 188 225
107 520 508 542 537 127 495 122 514 535 511 518 106 496 143 497 138 499 161 162
128 153 161 140 142 522 114 534 505 511 516 175 151 169 125 126 521 507 129 136
27 464 434 435 26 45 85 485 79 448 86 9 433 16 77 470 44 22 54 462
97 119 115 150 479 152 86 93 144 116 489 492 502 118 100 501 148 503 85 131
32 57 482 451 39 464 453 473 53 80 436 442 26 61 24 56 5 9 76 427
271 281 287 290 295 286 294 259 310 292 293 253 268 247 272 279 296 299 249 250
249 261 262 208 268 267 283 256 225 230 231 243 278 254 277 226 216 252 232 239
29 63 439 74 40 3 449 8 428 487 461 45 435 44 61 73 437 69 0 426
28 50 72 61 475 69 54 60 43 434 36 423 53 11 446 26 5 62 438 454
102 509 84 104 95 132 530 525 109 120 96 117 94 134 508 510 519 129 119 105
18 31 7 448 443 33 40 24 1 423 451 65 75 56 63 61 5 439 36 12
195 231 160 175 240 257 189 241 204 208 192 174 171 225 211 169 196 215 176 226
404 429 402 13 410 25 377 418 393 417 440 434 11 5 29 12 409 406 416 407
187 211 241 216 226 245 171 228 212 157 159 168 214 163 251 204 206 239 209 178
194 214 224 222 159 241 219 215 234 223 212 233 174 252 239 249 218 208 190 161
60 441 27 12 454 461 32 23 53 38 35 431 424 55 468 84 44 462 48 446
101 491 521 108 131 485 503 487 509 134 70 124 493 478 502 518 96 84 122 512
269 300 293 312 281 309 250 270 273 278 251 322 323 245 314 258 286 292 320 252
368 393 397 408 391 415 359 432 348 405 370 371 409 389 340 433 376 349 416 345
88 496 82 487 467 491 79 495 503 80 92 76 509 99 70 508 501 512 102 95
170 195 241 221 164 145 213 548 171 544 155 538 227 230 210 542 176 186 239 173
26 44 55 2 45 72 468 421 450 422 59 470 420 5 15 443 29 74 9 471
230 243 220 252 234 262 188 226 203 241 251 199 194 202 259 191 256 253 248 223
336 356 318 338 329 355 327 320 357 332 340 362 334 322 348 382 375 323 349 372
143 162 176 522 160 543 534 172 152 135 118 112 192 190 136 181 115 132 175 177
275 309 253 278 289 330 323 301 302 254 258 306 282 287 256 317 280 304 259 263
26 456 70 461 437 421 457 483 50 431 472 0 479 19 8 424 465 426 57 44
143 534 154 536 158 519 110 538 155 156 108 142 539 144 543 168 528 121 132 117
150 166 194 130 167 516 153 164 138 152 192 136 140 526 144 522 145 165 517 163
78 98 116 484 506 66 88 45 109 452 107 453 510 458 476 110 512 471 473 48
50 459 47 9 70 449 55 36 431 42 67 4 16 25 457 1 468 60 18 29
