49 184 187 343 2096 3 191 339 2017 2116 140 2041 2002 2020 208 2027 2063 2028 2006 1993
1287 1307 1320 1238 1291 1214 1363 1283 1329 1319 1362 1226 1344 1340 1333 1341 1355 1368 1328 1385
373 2095 2061 129 88 2039 2119 168 338 2015 314 388 84 209 78 2054 159 160 327 2094
1177 1249 1233 926 1306 1138 922 1267 1366 1354 1385 1273 1190 1308 1380 923 941 1241 1398 935
405 423 436 393 384 419 435 438 421 396 400 443 386 375 427 413 398 441 410 449
862 963 970 1086 959 979 916 871 925 953 1112 1103 955 1116 1114 1005 858 999 962 1135
235 250 245 249 238 270 297 2125 248 310 295 2103 193 212 2119 314 199 255 274 268
864 987 870 949 729 883 840 756 884 1069 1052 857 845 1031 765 853 889 937 731 801
779 874 733 975 744 865 875 1109 982 445 921 594 748 976 914 1138 978 755 909 1134
19 2080 381 1994 211 76 347 2074 103 60 174 369 2064 176 1998 2122 2038 185 181 102
1676 1711 1739 1647 1737 1772 1713 1743 1744 1677 1751 1758 1765 1776 1640 1699 1738 1782 1690 1767
1698 1745 1679 1671 1694 1710 1669 1661 1725 1713 1685 1663 1729 1662 1748 1785 1683 1780 1712 1706
73 1996 71 357 34 1954 2075 59 1945 37 146 131 385 32 122 162 2065 119 389 1968
635 649 444 728 717 666 451 654 739 719 630 619 754 745 656 472 445 645 623 450
1005 1106 1110 948 919 1114 978 921 1108 1000 908 1104 1102 877 1148 955 1031 1079 1010 924
355 395 159 322 2037 61 69 379 2018 2055 383 2034 2010 166 2019 154 2022 78 2101 411
6 2083 61 120 1999 2076 75 121 388 138 343 197 68 56 2040 2089 2021 2006 2 213
1322 1366 1331 1380 1312 1271 1413 1344 1415 1273 1412 1347 1324 1360 1246 1255 1330 1313 1376 1242
41 2059 47 108 1 2115 188 347 333 28 2002 1969 1989 65 357 398 379 103 2121 2040
94 2018 90 1962 2001 2002 160 61 346 2093 74 116 1978 105 73 1960 363 2047 40 82
626 761 774 814 637 590 859 454 625 664 771 775 660 591 441 636 464 705 800 849
122 382 372 140 2023 2041 130 1985 2052 411 63 176 2021 1956 1978 407 142 1984 143 1974
1588 1623 1615 1529 1891 1536 1590 1892 1611 1913 1934 1861 1916 1655 1669 1812 1609 1633 1579 1668
113 1994 2018 79 372 1998 1958 2070 1956 1931 2026 110 1948 2041 2082 124 123 1945 162 149
129 165 2025 188 2033 83 387 2028 169 33 379 114 112 155 131 2004 2111 182 147 82
30 2116 50 159 340 331 312 303 2063 261 243 245 2024 246 2082 226 187 267 304 12
54 355 72 386 20 2060 2012 335 1989 1987 64 125 109 139 21 96 81 42 0 2048
922 961 1077 904 1111 896 874 1072 1145 1142 951 996 945 1097 1074 1114 1149 962 891 1087
459 680 771 658 637 697 715 679 465 590 668 688 606 700 435 605 617 622 456 470
82 2013 185 2077 364 1981 2009 1948 362 1977 39 2058 1962 184 68 1983 2047 1980 1954 124
848 1009 780 953 1096 951 986 1119 809 976 822 867 1040 761 823 969 771 733 752 1092
244 2111 275 279 343 30 43 20 2106 29 317 46 338 303 243 254 285 267 2122 2108
1890 1969 1848 113 92 1622 100 117 1598 2058 1555 1989 2054 1614 1566 1899 1575 1819 1578 140
1240 1451 1479 1266 1225 1189 1472 1269 1488 1297 1434 1183 1382 1404 1242 1423 1196 1367 1401 1445
863 950 910 847 1169 1172 1150 901 890 979 885 1093 813 872 908 1153 925 827 1097 1124
927 974 1025 1096 873 1117 1027 965 874 1189 967 1005 1191 1074 1113 1095 983 1148 1131 1011
146 2027 2007 340 167 38 2040 2051 25 148 338 17 124 137 90 128 337 369 64 139
885 953 890 1086 1000 963 934 902 872 1161 876 431 1148 1109 991 1075 440 863 907 435
843 1002 956 978 782 763 788 1122 785 992 1041 817 872 1116 781 766 793 1094 999 1035
1202 1380 1319 1447 1329 1381 1251 1441 1180 1155 1326 1311 1220 1350 1239 1430 1305 1169 1168 1301
1833 1895 1930 1909 1844 1549 1555 1613 1816 1961 1915 1552 1890 1843 1536 1618 1859 1540 1937 1981
639 660 704 610 710 622 447 712 684 715 461 658 690 613 681 765 630 633 726 640
832 1076 970 966 1083 971 1079 851 1105 1007 1012 1082 1100 842 821 853 823 1058 965 772
1546 1848 1908 1923 1560 1909 1579 1943 1633 1631 1608 1950 1887 1558 1518 1505 1939 1646 1862 1557
1486 1516 1418 1455 1511 1550 1502 1517 1405 1549 1425 1504 1470 1451 1518 1467 1497 1544 1410 1406
1204 1268 1178 1160 1373 1200 1264 1212 1274 1344 1323 1163 1387 1225 1216 1275 1322 1265 1176 1270
1631 1643 1773 1776 1588 1800 1557 1538 1644 1676 1604 1570 1563 1562 1801 1813 1839 1809 1791 1650
1780 1795 1761 1740 1801 1796 1637 1773 1800 1694 1652 1653 1818 1681 1659 1663 1666 1744 1677 1669
1382 1421 1348 1324 1377 1326 1445 1471 1387 1422 1277 1321 1297 1386 1312 1264 1320 1305 1236 1479
196 215 316 2076 13 195 238 2083 239 210 2106 322 175 214 223 213 250 20 286 1
1748 1763 1727 1684 1673 1795 1786 1761 1661 1792 1732 1730 1671 1739 1735 1649 1686 1723 1703 1725
463 766 839 458 796 803 684 444 685 686 624 734 605 592 704 681 762 484 642 795
229 330 171 214 347 24 299 2080 264 21 257 305 289 8 304 303 258 2073 6 45
959 1016 1019 917 1093 914 906 1141 924 1101 1045 1001 1039 941 881 1041 995 888 901 1013
511 519 558 587 536 529 538 514 485 526 549 512 540 588 493 556 586 582 513 484
1338 1372 1285 1260 1343 1422 1358 1330 1268 1430 1318 1289 1335 1209 1340 1369 1299 1273 1407 1292
1829 1898 1573 1533 1974 1806 1859 1832 1570 1871 1963 1979 1958 1875 1604 1907 1603 1639 1962 1932
1346 1390 1338 1261 1425 1465 1203 1453 1440 1235 1270 1272 1206 1442 1294 1295 1349 1344 1279 1266
483 498 473 612 461 617 502 462 509 625 488 611 594 620 529 515 603 492 601 615
1246 1349 1366 1314 1298 1321 1218 1427 1261 1397 1288 1217 1421 1362 1386 1285 1431 1420 1432 1264
1667 1811 1782 1602 1815 1615 1669 1682 1842 1642 1701 1825 1668 1783 1705 1763 1824 1613 1660 1609
968 1005 990 1063 1019 1074 1127 1157 1006 910 838 920 1108 945 1083 1020 1054 1133 1086 1068
1670 1809 1820 1770 1643 1615 1656 1698 1834 1691 1706 1743 1619 1788 1835 1805 1630 1709 1840 1658
885 906 981 433 874 928 911 1106 966 1137 912 1164 1158 1110 432 970 965 446 1157 930
1573 1891 1628 1863 1873 1544 1643 1919 1603 1864 1972 1527 1594 1583 1815 1621 1836 1611 1602 1902
754 875 770 1107 446 765 965 950 976 967 766 903 912 946 807 851 597 604 891 751
1652 1753 1569 1668 1614 1805 1719 1716 1624 1599 1577 1819 1689 1654 1766 1816 1697 1744 1700 1636
1578 1926 1961 1651 1967 1633 1997 1553 1547 1859 1946 1905 1546 1902 1575 1885 1917 1642 1585 1533
104 2061 2014 2006 2032 333 375 379 2030 147 61 1989 360 164 170 2071 2098 2086 356 136
1649 1778 1686 1797 1829 1801 1697 1685 1814 1565 1775 1676 1754 1577 1587 1821 1623 1763 1774 1786
1630 1804 1569 1894 1835 1637 1671 1560 1632 1819 1532 1648 1829 1656 1668 1803 1791 1767 1588 1670
1627 1802 1798 1554 1529 1908 1582 1774 1888 1776 1846 1578 1826 1762 1910 1788 1567 1901 1842 1549
234 280 300 312 2109 290 295 283 2103 315 212 310 194 303 209 255 227 269 268 2094
462 661 647 684 698 762 717 651 770 767 678 452 599 695 608 607 689 611 636 464
1570 1853 1889 1553 1584 1872 1593 1838 1568 1653 1885 1585 1635 1833 1590 1647 1939 1848 1926 1524
1397 1426 1448 1252 1456 1398 1241 1444 1492 1473 1385 1249 1429 1387 1477 1465 1282 1437 1377 1362
597 768 845 484 849 574 769 496 846 804 448 590 875 584 600 450 735 853 857 772
1552 1600 1926 1635 1828 1559 1850 1597 1869 1649 1855 1624 1591 1837 1588 1589 1524 1580 1844 1656
371 2078 389 2054 370 191 20 186 333 327 63 366 204 405 96 344 1995 27 82 16
947 1173 1206 951 930 1169 984 905 946 1149 1178 1189 1187 1111 1181 1176 1229 1165 892 967
1543 1557 1852 1638 1943 1642 1843 1627 1556 1864 1608 1917 1575 1645 1832 1497 1491 1639 1594 1650
51 343 350 2081 2049 2073 138 2044 351 348 2062 320 2075 205 2114 176 130 355 2090 354
613 738 731 870 848 658 611 799 785 660 781 803 634 791 732 719 661 640 691 701
902 1181 1233 1104 929 1177 432 1225 975 1202 1159 1155 1144 883 1106 875 903 1213 978 1149
71 2000 173 126 39 180 2043 1997 78 1982 122 40 43 2059 2032 132 366 99 160 144
1821 1900 1644 1554 1829 1552 1824 1625 1543 1918 1582 1931 1557 1830 1799 1904 1963 1789 1946 1793
1254 1341 1304 1387 1270 1419 1190 1188 1239 1377 1288 1382 1339 1307 1374 1224 1315 1313 1375 1246
829 861 1004 1010 1097 985 977 770 986 959 742 1091 826 1015 766 1017 1089 727 860 787
94 2025 33 383 88 169 151 160 84 2097 369 2001 2110 362 2068 173 387 184 76 58
950 1162 879 891 1109 907 900 897 975 1183 1102 917 949 1178 893 878 894 1163 1193 1078
1335 1378 1376 1433 1239 1436 1381 1224 1246 1373 1306 1213 1267 1216 1334 1313 1391 1230 1343 1202
75 1963 367 163 1882 2054 1887 2075 2023 2071 45 355 2040 81 1871 155 2022 171 84 2025
898 965 929 1158 1072 866 944 1146 928 854 1018 950 1137 1161 1131 1089 1000 1007 975 930
1565 1877 1977 1611 1649 1902 1906 1578 1859 1931 1595 1621 1598 1929 1597 1887 1920 1568 1884 1533
1960 2011 1855 2000 1886 126 2072 1933 86 382 161 67 1951 2069 80 150 1866 1948 129 377
869 1106 880 785 856 919 1015 814 776 822 926 813 959 938 912 1028 758 882 886 1003
96 2084 57 1973 122 2010 2060 2002 13 344 2023 75 2104 2108 2057 2000 348 351 316 146
1741 1756 1793 1660 1650 1687 1729 1734 1762 1754 1694 1721 1665 1733 1752 1765 1768 1703 1778 1700
1582 1610 1618 1879 1617 1539 1835 1599 1841 1614 1874 1870 1822 1577 1653 1542 1636 1885 1910 1918
356 2049 125 163 2078 2097 2106 324 342 354 358 36 2087 2085 138 398 95 2039 2060 72
450 688 728 472 755 601 883 703 608 646 434 643 719 476 620 634 697 717 624 641
651 671 608 461 691 449 453 623 632 710 615 630 634 690 689 631 721 703 454 472
126 153 1996 2107 2000 2080 186 378 383 161 10 187 25 156 40 64 2039 1974 2013 2027
809 989 844 831 745 935 1012 1068 1015 988 873 872 788 823 947 1120 749 759 847 761
1434 1484 1487 1536 1412 1480 1540 1382 1237 1474 1446 1429 1375 1458 1503 1392 1463 1407 1398 1462
1230 1378 1215 1267 1385 1253 1204 1181 1187 1449 1371 1225 1351 1241 1313 1305 1390 1410 1361 1375
548 575 550 527 572 593 522 557 549 585 534 530 596 586 571 594 576 511 539 516
773 852 612 867 792 835 724 746 847 620 817 595 743 596 988 707 438 772 715 445
345 2068 153 138 191 65 2113 2050 2010 33 167 42 1975 379 357 401 144 2049 90 349
1601 1886 1872 1622 1596 1903 1900 1860 1607 1605 1555 1637 1843 1951 1535 1953 1661 1820 1878 1579
1792 1817 1595 1839 1914 1856 1805 1594 1827 1911 1857 1846 1676 1810 1840 1767 1633 1628 1837 1795
96 2002 1936 2041 157 2013 2076 41 2089 80 64 1990 1937 104 170 63 44 1932 168 1946
142 2083 353 17 2040 333 2000 2 90 1995 2110 2032 337 2056 350 2048 130 77 154 128
1050 1072 964 1055 1059 1020 999 1038 1047 990 1058 1089 998 1048 829 1110 1071 1051 1109 973
1409 1482 1413 1487 1252 1458 1506 1524 1472 1523 1391 1415 1540 1455 1486 1229 1250 1406 1430 1445
137 2030 2003 2052 190 34 1965 167 68 383 2096 368 373 2004 71 112 99 363 2029 2074
1615 1663 1699 1848 1576 1901 1694 1918 1749 1766 1585 1899 1828 1854 1704 1853 1612 1685 1690 1683
706 736 784 847 781 747 681 464 656 604 692 471 749 457 468 848 634 670 719 806
283 313 199 210 14 2092 243 231 212 211 229 334 230 185 183 2115 2100 2121 326 2113
834 997 968 866 965 759 1077 982 969 1065 1024 855 945 990 842 1017 839 1108 797 971
1168 1207 961 1243 1187 932 959 1151 1241 1253 1223 946 1373 1247 1236 1167 916 1159 1139 1237
393 2085 327 2106 21 24 394 344 2005 2050 62 378 73 148 353 379 116 2059 208 99
1786 1822 1654 1646 1790 1636 1645 1609 1643 1666 1656 1823 1813 1917 1672 1865 1602 1630 1785 1683
135 367 1997 379 402 2094 401 2098 86 365 140 1999 364 47 2037 398 1977 2039 1960 129
620 722 624 859 616 738 768 874 627 460 783 765 479 453 702 662 745 675 485 753
1229 1358 1371 1193 1306 1246 1403 1364 1198 1260 1397 1320 1234 1422 1292 1231 1419 1294 1369 1385
33 175 2028 144 333 2024 172 315 54 370 2075 127 2066 368 198 171 2049 143 195 141
1471 1494 1543 1392 1391 1485 1499 1436 1409 1488 1403 1480 1489 1541 1451 1441 1426 1453 1405 1468
642 665 689 700 468 643 659 692 680 721 598 722 634 632 698 475 628 618 454 469
220 334 2081 2118 2096 179 152 2121 305 240 42 207 57 2065 344 370 28 211 369 43
1591 1855 1597 1589 1860 1555 1594 1857 1901 1642 1548 1572 1604 1609 1635 1823 1821 1550 1851 1916
1543 1923 1903 1936 1902 1912 1866 1863 1556 1963 1595 1937 1914 1853 1851 1612 1944 1900 1971 1886
1490 1504 1532 1411 1454 1514 1519 1542 1432 1438 1533 1508 1435 1489 1480 1546 1413 1481 1453 1434
995 1042 1015 858 1004 991 1034 1006 1011 845 829 938 988 833 1068 956 965 1078 1129 1024
454 649 624 595 704 601 705 646 604 754 717 599 681 759 706 427 685 676 627 620
845 859 808 749 839 981 812 1104 1087 763 825 866 883 985 870 876 871 822 972 719
1839 1924 1905 1557 1890 1995 1929 1934 1892 1540 1546 1915 1960 1636 1947 1603 1528 1942 1920 1834
550 566 577 554 576 536 584 527 581 534 541 551 540 532 524 535 567 589 547 563
665 688 471 717 624 644 699 449 698 722 628 674 632 467 712 728 622 469 475 671
92 2033 337 58 49 126 145 141 171 367 2011 34 2103 2059 349 104 1970 1968 68 75
1240 1383 1273 1369 1410 1404 1358 1246 1429 1216 1220 1367 1218 1296 1178 1331 1249 1181 1427 1248
212 2097 185 297 289 2020 2064 357 2011 2057 2083 32 338 190 356 2074 69 255 2114 66
71 175 2121 38 150 2066 2093 76 126 172 3 365 322 344 328 101 112 91 2047 127
950 1175 1085 1127 1139 957 942 990 1158 1202 1090 1098 1194 1145 1208 903 893 1207 1002 943
949 1082 1099 1167 1176 1059 910 1092 1036 1087 956 842 909 831 1057 1106 1021 966 978 833
1247 1294 1406 1397 1420 1254 1332 1262 1264 1255 1281 1360 1369 1419 1359 1316 1426 1370 1230 1363
756 869 719 963 802 970 805 1112 767 982 853 888 708 609 791 955 889 903 743 995
125 369 1972 356 51 2006 40 1985 46 127 337 142 129 1975 1979 403 132 387 157 2025
445 881 1130 907 1144 459 454 621 864 764 1133 1125 870 877 980 614 632 892 904 949
1223 1366 1381 1222 1344 1375 1176 1313 1296 1325 1196 1335 1229 1191 1370 1200 1295 1221 1187 1220
