1027 1039 1052 1061 954 1084 991 984 1077 945 1107 1103 1010 1254 1094 1079 1109 1051 1016 1053
406 447 235 494 468 483 557 1919 1940 731 1953 218 226 104 551 245 728 412 1910 373
1383 1410 1390 1366 1435 1353 1408 1417 1362 1419 1429 1433 1407 1443 1392 1384 1396 1434 1376 1393
1604 1641 1570 1666 1652 1526 1566 1663 1492 1626 1625 1584 1518 1582 1496 1547 1560 1646 1548 1528
825 841 796 874 884 811 820 777 840 778 780 823 792 1161 844 824 813 822 1152 805
813 898 913 812 895 903 885 809 819 897 779 795 920 776 872 770 908 797 881 1152
2 1959 44 409 1902 1931 1979 1903 1960 14 59 1938 401 1961 1976 9 1876 263 1925 360
167 220 1948 75 84 1882 279 1981 139 367 1894 273 385 214 1881 1874 206 1919 246 204
1498 1592 1528 1600 1563 1596 1669 1585 1606 1599 1525 1550 1641 1539 1542 1683 1476 1564 1505 1633
304 1889 258 671 332 316 1851 314 1914 201 335 1857 333 366 248 391 240 1880 176 1860
1051 1071 954 1017 956 998 940 1113 943 935 942 999 988 1092 1050 1038 1043 953 1031 1082
160 1880 1982 254 224 383 387 1850 286 1868 1853 174 420 272 246 331 376 413 256 209
1018 1056 1044 965 1071 1030 1045 1048 1016 1019 994 1060 1024 1117 1072 1093 978 1095 1108 1065
106 437 549 671 1944 392 1911 100 70 1947 240 562 440 463 1910 113 88 1959 79 687
1485 1595 1551 1612 1548 1553 1630 1629 1685 1541 1621 1543 1678 1638 1550 1690 1663 1501 1644 1708
212 255 408 425 273 1912 1926 363 1887 1969 283 1917 295 1952 396 681 1982 1909 370 690
1137 1193 1187 1179 1128 1111 1189 1135 1180 1185 1172 1191 1208 1170 1138 1153 1169 1150 1105 1174
1475 1705 1718 1485 1680 1702 1446 1694 1672 1473 1710 1494 1691 1703 1491 1720 1674 1684 1493 1479
883 1162 1196 1208 1137 1188 808 792 845 1152 1206 911 809 788 1204 822 1143 1209 869 851
400 1924 159 443 697 92 428 100 693 254 99 381 369 9 189 1963 91 382 175 407
1053 1113 963 1095 926 1020 944 1069 1083 948 1231 1054 960 1239 1086 1089 978 969 1012 1091
102 403 248 1945 458 66 1916 183 377 720 83 682 156 164 703 372 1934 724 189 225
1100 1247 1003 1215 946 1312 1121 1281 968 1012 1294 1091 1080 1071 1002 943 1044 1063 1283 1225
76 127 3 446 397 1976 1981 727 1955 1912 426 171 739 1946 72 455 435 449 404 59
385 1908 87 42 402 1964 353 172 1892 1941 56 280 186 174 150 235 17 390 1900 1906
1860 1914 1943 237 403 1830 20 41 207 239 149 285 1 279 1940 372 79 445 214 423
1665 1760 1512 1656 1491 1583 1794 1504 1761 1563 1572 1608 1587 1779 1509 1744 1597 1756 1551 1606
210 1944 364 428 394 13 219 253 399 73 1947 39 425 179 106 1969 1948 1940 262 385
991 1089 931 1030 1312 928 1232 1268 1095 1259 1065 1106 1032 985 1100 1245 1273 997 1276 1223
1911 1976 217 362 1934 56 1932 62 1977 377 1954 351 1920 366 188 367 103 228 1910 251
1229 1303 1230 1235 1106 1246 1102 1099 1317 1260 1123 1318 1115 1287 1337 1290 1125 1340 1126 1341
247 688 437 1925 381 563 363 525 552 1926 151 1983 428 646 542 574 65 423 402 1944
1419 1430 1393 1438 1459 1447 1390 1398 1391 1446 1460 1457 1450 1433 1435 1405 1416 1456 1421 1410
69 414 684 397 700 1882 1966 1916 454 713 1877 218 49 199 200 89 185 418 96 421
1097 1305 1088 1087 1125 1035 1262 1276 1338 1251 1064 1066 1076 1215 996 981 982 1256 1340 986
1405 1410 1387 1390 1419 1377 1386 1384 1425 1427 1422 1380 1417 1415 1430 1378 1399 1412 1440 1393
250 1899 257 1914 1935 283 1859 68 1879 1943 296 1863 225 216 213 1865 177 373 363 1966
28 43 44 67 1924 71 24 48 1938 1950 1947 1934 1911 1915 1912 1945 74 9 11 23
224 1883 423 1959 1921 1891 197 163 185 251 159 68 234 415 379 273 1950 228 375 284
1487 1493 1680 1641 1575 1601 1672 1663 1477 1687 1500 1554 1669 1567 1602 1649 1594 1465 1469 1658
442 1912 1968 53 352 197 468 1861 559 1937 725 358 555 140 382 1925 177 363 1859 690
1509 1558 1604 1647 1665 1491 1506 1520 1523 1582 1626 1614 1531 1625 1566 1561 1661 1505 1549 1534
1362 1377 1384 1371 1196 1407 1398 1198 1372 1381 1373 1193 1341 1387 1184 1192 1409 1356 1199 1406
526 684 457 494 122 554 708 528 98 522 391 636 244 106 372 503 390 593 706 772
1561 1669 1640 1529 1685 1485 1664 1492 1670 1658 1511 1689 1584 1646 1500 1486 1483 1479 1540 1598
1145 1173 1202 1133 1164 1122 1172 1162 1144 1165 1181 1215 1204 1174 1148 1178 1210 1120 1175 1197
204 1938 25 1905 134 1969 385 1931 1942 1977 285 97 52 422 242 277 235 207 16 58
1541 1601 1663 1518 1648 1577 1559 1532 1627 1636 1565 1498 1503 1521 1527 1623 1600 1579 1568 1515
331 1900 257 363 215 245 58 1947 1948 336 1907 384 303 151 231 354 373 291 315 309
304 1883 237 303 356 210 184 1859 1882 1880 362 262 355 334 216 178 250 207 367 326
1227 1270 1230 1124 1064 1251 1111 1128 1344 1127 1075 1097 1062 1246 1323 1082 1331 1098 1272 1239
1602 1659 1571 1687 1503 1498 1652 1639 1502 1644 1679 1632 1539 1517 1530 1511 1504 1519 1637 1518
385 1880 341 221 1881 261 205 382 1940 304 1897 340 1865 402 1952 249 181 685 380 1915
1519 1623 1574 1526 1500 1501 1638 1552 1547 1521 1591 1655 1590 1581 1667 1562 1509 1528 1592 1630
202 420 705 242 1919 1860 268 267 230 717 155 1951 1962 1866 248 451 163 62 152 1947
1099 1273 1281 1120 1297 1061 1292 1121 1240 967 1114 948 1261 1034 1318 1262 1037 1064 947 1277
1462 1485 1492 1579 1670 1677 1497 1573 1437 1458 1498 1567 1666 1484 1578 1658 1672 1496 1564 1683
807 885 802 868 829 830 856 857 1146 821 878 881 797 809 778 851 891 859 812 917
1235 1282 1321 1225 1273 1311 1299 1115 1327 1091 1247 1096 1202 1210 1333 1125 1220 1098 1279 1324
1437 1464 1449 1473 1439 1425 1692 1457 1697 1717 1714 1708 1699 1408 1707 1701 1422 1695 1412 1444
176 236 211 1922 373 207 244 204 434 250 1961 363 285 168 1915 1953 692 1919 426 376
475 536 673 747 604 592 515 484 587 531 459 702 647 617 527 615 447 662 596 477
818 883 823 882 872 776 773 924 921 870 871 803 1159 868 1164 859 810 889 831 820
810 858 927 789 907 849 904 784 920 908 842 835 826 863 914 1160 903 838 865 774
563 617 456 552 697 606 682 531 565 564 635 689 494 616 439 568 631 710 545 512
805 855 795 783 893 885 863 864 859 812 867 823 906 1163 815 1154 808 827 913 784
98 436 1951 1963 143 419 85 158 429 1958 409 114 690 146 1917 1946 725 431 551 1930
1537 1624 1526 1556 1543 1652 1662 1642 1572 1600 1506 1525 1558 1661 1534 1612 1545 1614 1524 1528
1 67 383 151 8 691 29 685 1943 116 1902 17 410 424 697 1877 118 700 387 128
280 1901 152 1897 211 239 58 1892 298 346 363 382 294 1893 1877 207 153 389 420 1896
541 595 668 647 576 716 665 646 482 490 631 617 588 562 622 474 633 494 673 644
143 414 142 1964 381 703 201 422 376 126 90 379 208 435 446 437 123 685 162 671
1272 1302 1316 1215 1308 1223 1266 1071 1278 1247 1321 1304 1087 1256 1091 1080 1258 1275 1329 1323
999 1087 1029 1234 1075 1052 1235 1083 942 1265 1020 1042 1281 1244 1283 1011 1312 955 997 1295
791 912 929 840 919 886 796 810 914 849 877 920 905 815 1132 909 883 844 836 878
940 968 954 1065 1062 929 989 1015 947 1048 949 975 936 1056 1066 1011 918 927 983 1032
367 1977 222 1964 421 354 166 177 163 1957 1901 673 267 276 1948 162 399 362 1963 368
174 188 219 1889 185 276 1935 1952 1917 390 695 1925 383 201 1855 256 222 278 421 1924
1569 1649 1585 1644 1543 1600 1599 1482 1613 1592 1484 1531 1535 1483 1665 1550 1536 1508 1537 1500
429 454 471 1974 727 510 675 98 1944 63 1923 687 1970 1952 399 129 1925 89 485 81
1362 1377 1332 1193 1398 1401 1382 1394 1350 1361 1386 1410 1336 1192 1385 1345 1407 1368 1343 1390
106 148 1904 451 118 1918 1925 685 1970 122 1976 149 717 128 171 702 87 694 448 1968
148 437 127 97 239 171 1936 128 1922 57 1980 1918 166 241 560 217 1939 440 139 73
1478 1682 1491 1684 1747 1450 1502 1460 1582 1573 1675 1695 1474 1672 1660 1574 1455 1664 1497 1681
1186 1202 1369 1346 1111 1343 1152 1336 1183 1229 1157 1184 1235 1382 1131 1225 1190 1167 1168 1129
933 1041 1065 932 1073 922 983 937 756 1047 1105 1081 771 1029 1079 1040 1055 941 912 759
1496 1516 1694 1489 1476 1670 1573 1641 1480 1599 1500 1539 1657 1559 1493 1563 1492 1521 1542 1497
437 559 605 691 694 401 420 1916 642 635 101 416 705 418 133 1906 135 237 626 147
264 1891 233 279 296 187 347 1885 180 386 1964 678 189 250 378 1876 1897 1882 215 1972
623 643 342 649 552 338 549 542 349 597 561 613 645 562 579 545 565 555 667 550
1256 1308 1312 1285 1319 1088 1092 1259 1089 1064 1279 1317 1049 1050 1315 1301 1321 1223 1289 1345
353 1885 317 657 1910 285 272 281 175 308 216 256 671 287 366 1962 310 289 347 1855
131 698 109 556 400 1944 549 151 726 505 57 687 170 699 81 88 401 451 106 413
87 168 132 400 174 1958 368 1914 238 381 63 686 226 145 46 113 130 73 227 1910
104 679 690 680 461 341 415 542 63 102 540 355 227 371 654 562 1894 702 1900 1933
1674 1699 1667 1683 1664 1728 1581 1590 1593 1457 1740 1456 1759 1582 1685 1511 1736 1666 1499 1492
1242 1322 1347 1259 1101 1220 1244 1096 1238 1071 1342 1062 1100 1328 1281 1306 1223 1222 1340 1326
353 650 331 337 688 360 350 612 683 290 1876 682 294 687 584 622 582 1962 1881 305
5 27 1934 58 50 1941 80 60 14 37 32 1878 1950 1921 22 1956 1909 77 1940 1924
156 686 410 466 526 250 240 1982 447 1939 1926 204 130 1928 104 1976 668 1975 91 422
306 328 335 351 353 326 295 330 271 299 289 1873 1896 329 290 294 352 296 344 1885
1517 1565 1602 1632 1637 1553 1503 1624 1572 1672 1575 1496 1571 1621 1526 1617 1649 1646 1525 1598
1463 1696 1682 1743 1474 1691 1462 1439 1475 1725 1737 1667 1451 1733 1739 1741 1703 1689 1457 1468
1162 1184 856 1139 842 874 1136 1130 1133 897 1156 1127 1381 1159 1210 1382 1153 1383 903 860
256 1914 1856 78 268 225 1929 684 21 2 192 212 253 94 132 407 1875 8 372 110
1072 1237 1296 1285 969 1287 1052 1064 1091 1061 1220 1067 1037 992 1203 1288 1046 1217 1225 1248
1507 1669 1574 1689 1536 1603 1509 1752 1480 1556 1589 1761 1532 1502 1648 1591 1638 1520 1508 1487
470 692 563 65 549 407 522 62 519 397 380 716 91 733 494 87 567 114 120 529
290 342 1903 644 361 1902 310 635 359 261 329 343 262 335 278 291 265 1872 355 316
63 385 1881 52 362 1933 375 265 216 441 261 426 141 71 697 119 1972 359 1913 1926
1062 1109 1029 1058 1061 1025 1249 956 1204 1009 1082 1006 1260 984 975 1076 1016 1219 941 1097
384 691 169 162 90 555 205 1887 431 187 147 262 134 1951 132 586 675 479 526 359
1582 1676 1543 1765 1703 1535 1604 1552 1560 1519 1545 1569 1614 1747 1483 1615 1708 1608 1578 1500
128 141 409 443 138 1947 91 1937 686 50 158 697 54 1908 106 438 1953 1916 717 108
1078 1244 1266 1294 1058 1072 1250 1077 1038 1056 1216 1282 1051 1063 1327 1046 1066 1315 1060 1047
158 1936 1981 217 23 90 211 161 144 426 1905 1955 190 50 12 57 1917 1963 112 134
592 672 602 373 422 358 664 604 621 648 589 616 591 667 433 683 574 416 609 344
591 662 636 605 335 339 682 689 647 526 614 557 598 540 361 613 556 332 616 571
366 1901 157 285 2 171 185 387 1860 419 58 1871 1863 77 66 424 277 67 63 363
147 684 1969 678 154 701 535 175 405 110 1909 423 659 711 95 649 1936 231 539 115
1574 1601 1495 1657 1594 1680 1651 1623 1626 1544 1517 1546 1661 1553 1557 1649 1613 1647 1589 1578
225 1928 392 1975 374 56 165 398 1980 1948 370 426 91 261 13 164 153 158 1942 1927
1665 1762 1782 1579 1651 1483 1655 1594 1590 1563 1787 1546 1595 1695 1800 1744 1682 1676 1564 1677
349 663 365 370 649 1883 552 610 331 590 550 362 274 287 628 631 679 562 1890 682
1077 1275 1259 1318 1042 1227 1063 1269 1266 1292 1064 1058 1052 1069 1238 1034 1037 1057 1024 1027
1225 1327 1291 1315 1280 1255 1123 1298 1228 1323 1258 1095 1333 1308 1317 1229 1080 1129 1060 1263
310 1883 283 368 1893 331 364 296 348 1853 183 1895 246 287 198 385 1908 227 1912 344
980 1015 941 1060 969 979 929 977 956 1039 1047 1097 944 1024 1001 1051 930 1016 998 1100
1523 1583 1518 1489 1553 1594 1525 1622 1671 1665 1535 1630 1569 1685 1601 1510 1574 1506 1670 1596
402 440 1980 164 468 115 550 107 62 202 1932 1912 241 1979 449 367 198 196 197 685
251 1947 1876 1957 1915 237 158 166 232 198 195 213 90 89 94 216 141 11 408 6
454 523 472 699 439 569 115 131 765 766 727 728 440 428 545 587 717 423 460 507
89 1964 260 139 679 678 5 51 1901 129 119 412 1908 76 240 250 1909 118 1916 1977
62 698 1916 465 169 737 682 72 173 1983 157 146 68 735 411 521 546 95 1959 476
1505 1550 1489 1668 1632 1558 1597 1519 1666 1575 1675 1530 1509 1582 1561 1555 1657 1507 1602 1598
64 102 457 1908 445 151 1918 1967 45 12 158 1942 100 437 49 1962 386 112 160 455
158 168 1962 1908 195 682 1911 415 1969 56 1905 417 703 1907 1963 391 190 1929 1903 69
199 393 142 1942 431 1978 233 397 433 676 1954 86 1916 1924 672 83 174 209 428 429
591 681 254 406 1905 66 1898 163 596 246 554 99 112 642 386 249 78 670 376 545
470 749 714 496 534 471 740 777 717 526 927 563 530 498 752 460 469 773 769 759
396 672 354 252 536 176 204 700 69 429 611 224 154 352 586 1924 602 655 680 703
1860 1891 164 1851 216 1900 270 266 196 313 193 357 200 322 363 1909 1834 1831 326 1828
1029 1058 937 959 1079 985 1065 1039 977 1025 1221 1061 995 982 1234 979 1249 1244 1260 1001
1586 1637 1503 1624 1533 1588 1606 1675 1543 1688 1644 1538 1561 1519 1558 1575 1645 1649 1506 1625
95 1952 383 161 432 97 176 710 452 122 153 112 163 207 711 681 1968 77 159 1901
1488 1507 1670 1534 1594 1641 1665 1579 1526 1704 1598 1589 1628 1511 1483 1531 1698 1663 1690 1639
1086 1229 1248 1216 1230 1084 1038 1016 1114 1326 1012 1278 1289 1113 1120 1043 1116 1232 1311 1065
1341 1370 1403 1310 1387 1194 1213 1361 1211 1365 1323 1230 1346 1396 1195 1357 1204 1318 1385 1223
574 668 640 482 352 1895 597 688 1891 618 492 614 555 609 363 541 579 692 703 638
306 333 289 335 1885 670 278 338 293 310 357 1887 305 284 1900 1899 292 1903 656 1896
