213 325 7 380 343 439 400 18 40 1753 274 395 29 187 39 172 170 1757 279 1726
164 452 493 397 119 47 401 183 6 72 462 1742 100 523 437 391 74 178 147 223
942 962 892 1031 1015 1003 1014 1011 875 984 1090 997 1050 1046 938 877 932 1060 970 972
610 633 803 586 598 637 890 847 820 554 896 822 609 818 547 882 867 654 784 607
537 885 588 541 521 933 599 941 934 80 529 549 535 500 539 559 847 879 957 589
1603 1651 1610 1649 1627 1584 1607 1620 1655 1583 1630 1667 1621 1592 1681 1573 1665 1571 1595 1684
628 650 782 767 520 625 681 804 794 789 774 730 787 718 645 694 598 811 673 599
15 519 554 632 558 874 804 9 172 206 13 161 512 389 459 803 398 810 394 479
248 340 207 312 199 421 322 316 242 354 213 298 257 220 195 291 300 403 386 241
0 416 228 1706 1711 394 417 407 522 111 510 403 424 457 490 161 12 482 56 184
511 635 33 21 620 826 829 658 550 561 1747 24 682 600 810 820 494 846 539 671
1671 1687 1696 1658 1688 1581 139 143 1616 1644 149 1637 1656 1604 1582 1580 1590 1706 1722 1670
1 130 519 488 41 502 206 127 405 175 89 400 121 511 472 509 2 39 451 438
185 384 110 372 428 1749 99 190 1754 1762 34 447 104 393 433 194 164 160 60 466
993 1089 1071 1261 1068 996 981 1002 950 1262 1122 973 1001 962 998 994 1076 1249 1018 1020
367 1757 493 225 513 228 112 1703 407 163 458 428 319 195 221 1759 310 119 74 165
720 783 664 642 696 637 797 700 802 715 659 270 686 691 641 674 739 275 731 647
606 874 945 517 527 889 859 924 870 582 631 857 584 893 597 907 539 817 647 820
576 911 876 959 598 513 498 837 845 863 489 870 938 586 910 474 929 525 958 550
334 372 319 434 218 376 238 208 271 304 1734 1744 412 203 298 175 194 1750 358 272
445 1730 1753 422 1706 470 433 511 181 133 84 462 99 146 466 1700 441 483 467 153
545 908 523 551 933 511 910 529 894 938 831 862 948 569 900 580 565 913 844 599
330 399 1757 410 392 385 418 280 254 403 336 229 451 318 209 19 183 208 20 7
820 874 913 499 816 575 852 634 589 842 846 903 535 932 504 908 809 895 802 947
578 599 878 899 519 881 920 927 624 497 523 588 493 910 841 476 481 550 919 487
656 723 282 750 719 800 684 737 686 644 695 714 767 666 628 700 712 801 266 772
87 185 138 508 486 487 3 491 116 234 7 102 413 420 430 1730 1743 68 414 498
65 150 1730 1688 31 78 75 50 504 1731 96 109 161 458 149 545 421 106 153 490
75 177 45 400 557 1734 376 365 463 456 118 80 31 1732 403 406 153 546 1736 86
365 1737 490 58 81 96 398 61 378 327 147 322 192 141 340 1700 419 111 1718 1738
63 1714 131 462 489 496 1716 76 44 1699 544 483 187 145 93 174 113 49 132 1729
1004 1099 949 1020 986 1006 923 1019 1011 1057 1066 916 1129 1034 1079 971 978 1005 1252 1247
1140 1215 1148 1162 1193 1164 1135 1100 1241 1247 1226 1229 1239 1104 1102 1113 1099 1136 1150 1123
1228 1245 1119 1205 1166 1186 1195 1170 1243 1204 1165 1177 1252 1160 1215 1124 1247 1085 1145 1100
618 821 616 503 875 792 891 604 629 881 501 841 505 622 502 646 598 547 515 538
602 829 824 479 630 583 807 908 894 552 608 577 610 802 526 506 832 540 585 880
707 776 634 706 705 793 272 808 736 667 709 708 734 637 664 684 647 758 766 699
80 127 1717 507 1752 121 1756 106 1725 57 1732 505 136 105 399 122 176 460 186 509
58 133 472 18 438 56 1713 100 1705 1703 1742 402 1731 138 72 93 73 121 436 434
224 1755 1204 240 1718 322 498 142 72 428 73 119 459 134 139 207 475 255 164 152
492 580 50 858 891 828 84 68 578 497 594 63 859 576 112 821 825 516 510 45
501 605 584 545 68 442 824 45 869 868 6 579 1745 568 449 490 52 593 646 557
706 769 727 756 730 780 682 759 672 782 794 799 646 693 788 761 644 705 745 670
848 892 861 867 537 858 825 908 905 619 913 601 903 563 897 927 532 899 518 888
550 864 579 75 536 481 918 924 832 577 527 467 920 554 546 603 886 602 862 477
73 1748 1720 133 1696 465 1707 235 412 1740 30 547 476 540 356 111 1752 228 82 415
248 278 720 218 727 200 194 363 738 729 267 253 308 354 366 271 291 346 749 307
139 444 1722 114 425 506 218 400 187 38 37 1704 107 453 216 434 89 436 1747 212
378 1734 1691 500 234 464 241 290 85 191 1718 253 71 212 1703 423 248 374 300 1707
541 832 815 835 828 529 613 66 471 517 801 616 606 854 461 822 561 535 581 857
21 88 16 79 138 467 403 1699 196 450 68 415 1745 125 145 216 202 1710 490 172
1599 1657 1679 1638 1625 1678 1585 1692 1579 1581 1588 1685 1575 1607 1583 1592 1671 1675 1604 1681
173 362 304 106 460 49 97 38 12 85 1751 1727 132 204 245 363 320 42 48 458
674 728 638 679 695 279 739 656 717 691 721 754 767 658 631 273 705 785 737 660
318 417 441 368 1738 113 409 340 403 154 12 132 164 450 36 401 1722 175 173 382
645 659 515 668 719 647 723 796 696 516 624 766 722 607 704 698 658 721 753 738
10 164 515 8 391 425 215 166 459 27 475 41 76 519 168 187 31 49 211 514
213 1762 319 467 118 146 402 1729 506 227 177 114 190 1717 1707 485 1709 314 501 199
283 374 307 415 417 1735 350 409 372 1759 165 239 355 250 292 191 357 428 289 1745
120 1696 103 193 21 79 1689 150 1727 1717 137 465 188 167 36 448 454 413 437 479
1698 1748 111 410 389 1754 74 466 373 393 158 218 489 405 1723 494 86 452 406 360
199 364 445 97 167 182 1742 235 92 255 438 88 1753 352 1756 1736 383 95 346 1728
450 496 399 1736 41 410 142 42 1747 501 114 175 491 581 823 840 415 10 200 5
226 246 277 169 327 195 228 279 323 372 389 291 249 1751 358 303 184 348 385 337
772 795 690 768 659 708 514 775 627 661 682 747 719 806 722 680 734 619 516 656
498 604 853 582 87 611 13 494 843 530 503 1730 75 562 566 86 546 6 451 24
61 497 140 472 1707 494 456 613 100 430 458 52 565 23 168 511 66 4 1750 41
121 1739 205 149 1719 57 501 370 80 469 18 174 438 488 195 199 1692 24 443 198
239 276 261 180 727 1758 725 333 710 294 320 229 736 430 726 336 722 381 335 421
86 1688 182 43 164 426 173 82 461 55 1585 98 493 1658 431 133 40 500 193 1713
880 956 999 1057 1034 867 897 941 614 842 624 885 873 827 1066 565 1056 954 618 584
32 173 523 361 489 164 68 518 28 519 1700 34 30 200 33 1724 161 224 8 97
573 606 580 846 494 915 647 615 485 839 595 645 814 634 909 535 558 609 895 917
185 219 1705 48 389 136 34 1717 68 335 77 18 58 131 209 230 142 168 50 354
12 1709 423 92 475 138 74 449 394 478 1742 78 1710 454 24 90 164 444 406 44
676 720 264 746 628 708 706 768 695 752 672 740 633 657 689 758 282 678 648 262
281 295 408 373 296 275 354 268 321 400 293 725 420 232 209 341 374 318 291 308
1021 1106 1023 1131 1091 1078 959 1016 1082 1245 946 953 1265 1007 1255 1119 1268 1246 1064 944
68 1744 98 151 1755 155 161 416 1743 446 1748 112 145 113 147 1690 16 179 367 381
521 869 815 939 502 494 457 929 620 646 914 846 926 893 954 16 874 799 35 793
135 1707 488 443 460 4 168 419 35 47 106 179 82 465 1755 1752 448 7 90 1741
1610 1659 1664 1605 1585 1588 1647 1615 1600 1629 1620 1622 1612 1644 1614 1665 1601 1581 1598 1599
1586 1645 1621 1599 1582 1614 1680 1597 1613 1656 1682 1673 1580 1572 1583 1573 1574 1577 1639 1647
484 494 474 448 1739 1756 74 596 604 457 1700 26 614 440 66 14 563 41 1724 480
835 856 873 615 865 539 823 498 595 550 880 479 514 538 504 545 896 564 540 852
198 451 475 404 406 113 203 165 379 13 97 3 185 56 346 362 1718 1702 502 418
930 975 859 1120 873 1032 1033 995 1041 951 938 1092 882 1062 861 843 885 1094 985 864
7 520 533 513 11 1714 135 811 409 214 1696 471 810 131 892 59 14 173 66 547
157 421 358 482 11 41 181 1696 386 317 450 77 475 396 341 238 60 174 241 461
176 367 425 338 147 464 315 47 24 1720 409 330 111 112 1760 151 1727 221 372 1743
906 935 1005 851 880 596 1003 887 943 593 603 841 1028 604 993 958 1010 1007 952 984
631 666 620 815 647 733 779 780 785 821 615 641 757 817 734 608 649 710 650 509
463 483 1733 1749 530 152 155 1709 1705 51 1748 1713 6 138 1762 1742 129 62 126 40
228 414 1727 270 391 21 161 142 343 332 273 1748 358 232 101 388 431 454 1760 307
500 609 848 499 912 479 525 641 503 818 52 475 66 566 884 806 96 89 81 437
548 873 891 468 842 844 71 491 931 826 938 948 79 903 951 495 822 853 923 591
1 144 218 1210 50 114 1744 80 430 1693 135 394 170 75 409 36 45 407 162 49
30 519 564 569 64 215 112 220 885 134 530 390 464 29 391 424 420 397 399 1
17 493 1705 162 158 135 513 29 1731 562 387 590 124 7 546 460 23 177 142 130
86 1747 163 457 448 221 174 157 73 152 1741 3 388 442 425 1752 110 108 199 359
429 464 1702 553 15 1756 1726 10 1741 132 540 179 1705 224 545 488 22 19 409 1709
451 1725 523 418 429 181 77 441 176 500 490 64 149 502 425 112 130 1722 170 457
1698 1733 401 6 118 130 92 1700 1707 1692 160 482 400 427 134 151 205 489 150 445
966 1026 1066 1113 1090 1127 974 993 941 994 1028 1008 949 1096 1036 947 921 951 1108 1069
592 829 906 600 852 505 485 916 832 830 825 589 927 855 546 612 934 799 562 537
93 198 375 249 169 1724 171 90 39 458 245 353 1740 167 192 170 382 17 489 1706
165 431 76 10 188 38 123 426 143 388 88 185 435 200 445 1707 373 8 147 399
360 431 82 356 171 114 1731 122 1744 207 157 338 194 367 164 179 317 214 388 294
382 408 48 303 229 179 242 421 288 241 197 36 1749 190 438 1736 400 1758 398 302
560 603 871 534 882 78 507 606 489 609 605 77 598 862 853 824 915 622 887 913
1166 1187 1183 1235 1186 1160 1123 1257 1189 1233 1237 1130 1173 1135 1145 1249 1167 1246 1144 1196
194 446 1728 216 417 245 57 468 107 9 29 151 415 160 422 464 30 345 374 178
193 228 90 326 420 352 45 357 267 307 433 11 268 317 149 30 223 153 13 1738
121 1721 478 7 175 146 4 78 1755 101 1685 496 1731 132 1727 25 128 135 460 56
619 633 782 650 540 857 505 589 843 783 876 528 790 832 646 896 814 819 504 788
960 1094 933 1032 1063 1065 864 1006 1089 982 907 912 1093 1059 1090 1264 897 963 1246 1039
7 88 133 16 392 24 159 54 87 482 201 12 524 158 441 1728 173 1708 507 103
16 1711 461 207 516 416 413 94 508 1732 465 95 493 188 79 1738 135 216 1735 40
115 172 73 146 89 34 87 170 47 361 77 487 438 485 1736 1729 387 1727 147 116
1143 1172 1204 1175 1242 1236 1095 1114 1079 1258 1198 1191 1240 1266 1188 1189 1108 1211 1128 1230
144 412 462 344 1691 1736 381 215 364 322 121 298 240 98 468 370 417 424 359 18
1017 1117 992 1033 1037 1044 981 1118 988 1113 1051 941 1025 1234 961 943 1268 924 1267 1024
975 1071 1113 1030 1017 984 1249 1043 1042 960 953 1096 1065 1040 988 990 1107 962 1020 1033
86 530 162 1727 36 586 125 1738 607 1714 54 450 158 875 501 414 532 35 885 109
1720 1760 390 172 76 1202 1722 478 200 357 168 489 442 1758 431 17 1691 366 51 69
904 947 1001 906 851 1026 935 886 889 585 993 896 549 1037 1010 1053 1036 865 606 603
1659 1677 1573 1708 1615 1608 1646 1703 1694 1637 1574 1621 1625 1620 1582 1689 1611 1634 1632 1587
50 440 494 389 420 399 27 498 391 214 211 5 393 7 1714 75 431 158 467 157
280 343 392 294 305 321 289 726 423 344 338 245 237 247 330 264 404 360 370 341
916 967 849 1020 1045 852 1011 960 1050 868 1016 1087 1043 1009 587 1005 1049 1006 1091 914
26 50 49 44 222 9 71 197 416 60 133 1706 414 529 76 425 53 81 200 7
409 1749 379 335 83 220 443 246 95 296 1731 384 78 476 57 50 449 410 322 106
388 1758 496 394 196 1697 436 184 84 373 169 391 398 325 74 370 386 319 178 333
292 352 344 416 222 188 387 315 240 280 247 244 241 330 368 293 224 324 1752 334
1589 1656 1672 1615 1596 1679 1661 1583 1673 1613 1634 1626 1681 1640 1587 1675 1618 1668 1641 1654
156 482 49 501 455 1760 422 147 583 99 837 67 98 23 400 126 1761 189 54 1709
214 247 391 200 281 372 300 167 185 215 383 266 232 318 432 1738 250 192 1729 407
494 1727 30 558 470 1716 422 834 138 161 156 12 52 421 210 1760 23 122 382 602
51 475 571 516 553 192 62 467 39 46 1756 190 188 548 834 513 38 193 49 581
1021 1052 1124 972 1265 964 946 981 947 1004 1266 1026 1036 957 1000 953 1077 983 1254 1002
1112 1248 1266 1162 1063 1177 1014 1002 1232 1126 974 1155 1050 1158 993 1006 980 1240 1214 1109
1094 1254 1130 1143 1095 1264 1004 1265 1120 985 1023 1097 1220 1016 1128 997 1169 974 994 1037
22 1710 15 1688 456 477 52 139 55 1734 1758 126 515 94 1691 109 476 387 67 157
48 435 386 142 57 225 385 434 1723 424 180 410 109 1695 99 23 104 440 5 409
254 329 375 200 224 383 206 241 334 201 359 358 228 390 417 221 237 371 365 279
1059 1266 1029 1033 1096 1234 1137 1049 976 1119 987 959 1077 1069 1130 1006 1076 965 1011 1262
547 910 478 471 577 480 66 936 589 954 545 873 603 612 528 564 515 558 518 858
1627 1651 1676 1603 1601 1640 1592 1649 1652 1677 1584 1656 1599 1639 1595 1683 1605 1591 1679 1678
190 361 1747 70 222 1714 418 408 80 1727 86 452 207 180 103 1732 137 218 12 1718
1010 1116 925 1045 1021 1078 934 1119 1136 1067 1053 1240 936 1256 972 926 987 1108 1260 1069
