656 1405 682 697 1376 751 690 1373 585 1861 721 1438 581 1865 714 644 1869 564 600 775
143 2021 1950 1942 7 904 1916 72 63 1859 905 1728 2042 1839 1937 2055 1811 1928 1978 1828
1723 1845 2195 812 837 1031 783 84 19 2206 761 2035 1015 1774 131 999 13 158 1406 741
33 2015 23 1978 1458 2034 1998 749 1935 4 1438 2036 1941 1976 1449 2013 2000 1869 2010 2045
1017 1708 1041 1015 1725 1836 1775 1666 1720 1843 1809 1686 1036 1756 1058 1674 1844 1021 1706 1687
742 752 68 1406 1868 590 1371 1877 757 2040 734 77 648 1378 1398 2042 1403 771 794 766
639 1382 695 584 609 604 583 1869 581 635 1399 566 775 521 776 502 686 719 638 1376
891 993 1741 858 1809 864 1795 919 1703 1786 837 1727 984 965 1823 827 1781 968 982 809
1750 1841 1444 987 1852 1839 51 2025 135 786 12 84 1848 165 1812 1417 1743 1680 1747 1767
108 1799 124 142 2032 833 114 119 1710 2061 2197 1715 139 909 1825 1841 176 881 104 121
218 1626 226 1596 230 241 248 211 1609 2066 1638 222 1591 232 242 180 235 206 1616 1600
1399 1408 703 2028 738 659 773 1849 1449 792 812 706 653 571 1415 1397 761 727 2018 587
497 525 368 341 468 564 649 449 362 1555 1563 624 1346 418 430 551 481 520 491 578
723 792 781 2194 2035 596 819 61 579 1842 610 728 2045 720 1388 77 2054 1403 672 76
69 783 1964 1847 691 760 1849 1902 705 1977 1996 2189 2007 1874 1909 1407 1391 817 52 800
908 937 944 857 853 835 987 1765 870 1811 887 1821 889 836 1794 1771 876 892 894 888
1450 2019 2048 11 1486 1424 1895 1447 67 1976 1959 39 1890 1866 1792 1874 23 1455 2028 2012
585 657 773 550 621 774 511 484 549 635 775 1370 609 460 519 594 1393 599 619 475
494 1351 1362 654 606 560 400 378 427 380 541 1333 610 357 584 363 1575 395 333 588
768 1395 64 657 665 810 713 1431 2043 749 1858 1410 1386 696 66 620 63 649 747 1833
322 460 439 586 294 350 388 412 479 616 546 533 534 440 537 317 287 386 527 403
858 1777 1738 1001 1841 970 879 897 989 127 992 821 847 867 2049 1798 877 893 860 1698
54 84 798 78 761 100 52 20 1822 120 790 1993 1965 795 34 109 37 822 18 108
925 980 968 1732 891 852 934 973 1778 869 895 935 854 865 1019 1769 932 981 909 864
929 982 973 954 937 919 1757 1015 964 1710 1780 935 1737 818 1751 986 1028 1709 1768 817
1768 1857 1877 80 764 31 2201 71 1 1719 737 1395 131 1900 1658 1397 748 175 1405 90
744 1363 1880 809 804 581 620 801 537 1847 790 767 800 513 1853 648 1383 709 1885 626
719 752 2028 729 668 652 2026 748 1872 576 760 1866 708 599 660 709 822 2038 1375 1368
339 431 1589 524 465 326 1555 1562 476 1564 437 505 1554 441 1585 463 522 554 365 361
8 41 1855 1845 2015 1916 2046 1868 47 1921 1951 101 69 1829 92 1983 1975 108 2044 96
1032 1656 1014 1770 1036 1074 1627 1664 1637 1065 1078 1634 1721 1718 1810 1722 1797 1704 1644 1623
161 1848 139 1707 2056 793 8 731 1738 781 813 1718 1427 745 1782 1768 81 1733 157 1703
730 769 573 1359 608 51 642 654 568 596 85 64 692 1833 761 670 60 46 557 50
48 1962 770 66 1460 2020 806 9 1428 789 10 814 2050 106 62 1838 1925 1928 776 1852
234 1603 264 1587 235 223 274 1623 1583 1585 1629 294 287 278 203 1596 1591 291 200 225
763 1378 1412 775 722 648 1876 1862 1852 555 753 85 1840 1854 577 630 62 1842 1878 742
727 798 718 664 690 1854 698 611 2038 619 735 659 713 84 588 1403 694 1374 58 2199
165 1846 96 737 2200 1790 1417 2060 16 826 125 1398 150 116 1786 60 1765 1775 5 85
85 1849 15 1744 81 2020 162 125 1437 46 2037 737 801 1398 1828 1987 28 1866 776 1806
2157 2168 2143 2093 2139 2175 2179 2089 2208 2099 2155 2144 2166 2140 2075 2187 2156 2079 2189 2171
34 62 1909 2012 773 1848 1903 1868 1887 749 1992 1925 87 1922 1902 1893 1881 2034 2015 748
1742 1846 762 1447 1865 44 50 1816 128 1446 84 785 1787 1861 795 20 17 139 1722 119
407 466 493 553 303 400 386 410 486 504 1555 633 439 464 299 441 571 285 282 454
1834 2191 829 141 1859 43 1815 151 1732 161 1708 2052 158 120 2161 1735 1813 818 2173 1848
1728 1756 149 1794 1022 845 140 143 138 984 1058 1036 1805 1034 144 1837 1706 164 167 1824
491 539 323 620 429 404 1558 317 604 415 502 347 569 1585 1554 521 476 321 308 632
1849 1879 1431 138 687 1847 168 721 748 1729 1425 718 1483 1471 41 1786 1970 85 1413 1982
821 961 926 949 775 927 963 807 968 786 103 933 893 970 921 803 841 992 1841 116
431 493 412 1568 359 1583 367 340 1347 612 357 427 323 339 327 383 485 583 407 350
836 985 1815 874 961 1803 1022 954 1715 826 932 829 1805 883 828 1767 1703 1765 1035 1825
346 1566 546 548 416 478 358 554 551 425 443 465 486 347 516 334 432 380 325 477
508 556 448 465 1374 567 584 1380 474 729 374 504 476 1579 651 403 529 713 631 599
916 963 911 923 912 842 904 957 948 937 958 919 816 871 940 832 810 921 854 892
644 1377 762 698 1389 522 1355 567 805 778 759 682 617 1386 504 1394 607 524 1349 554
104 1866 60 706 1916 788 127 1841 24 769 1792 1967 1831 82 1803 738 1996 737 1381 91
1438 1926 1943 2021 63 2042 27 1451 1886 2014 1917 54 1879 2017 1970 2035 1896 1923 1406 2040
1066 1729 1814 1813 1083 1703 1002 1054 1030 971 1847 147 1042 1699 1681 148 1671 1667 1809 1099
15 2000 10 1449 1929 65 1906 1886 81 66 97 17 1917 2056 1923 1920 70 1883 1932 55
753 1860 592 111 1363 692 600 1371 142 1409 1806 1895 604 812 704 60 727 1750 1762 39
836 1845 125 1697 741 157 971 1711 6 2048 1720 148 1437 43 1872 781 1866 14 101 1761
1269 1284 1293 1285 1248 1302 1240 1276 1217 1251 1250 1238 1297 1229 1226 1207 1594 1299 1595 1239
1959 1983 1956 34 1482 1897 36 89 1908 1949 1955 63 45 24 1479 1995 1981 41 14 55
747 1401 1845 803 1400 58 640 808 1430 1427 1363 777 1890 744 665 564 673 1843 619 773
78 127 1922 1799 812 2004 1792 1858 1817 758 1980 1897 765 1870 156 141 1948 98 1886 178
403 541 419 399 445 608 441 631 427 517 415 651 539 292 365 563 645 1586 576 1553
1082 1658 1034 1671 1814 1754 1706 1123 1025 1071 1731 1021 1640 1045 1799 1116 1764 1110 1722 1638
870 975 934 1007 993 869 872 1011 946 848 867 1004 1734 907 1778 953 947 1735 915 998
770 1888 1999 1906 1899 667 774 1961 1458 1968 1397 751 1859 776 810 1366 1479 51 1855 1903
61 1913 778 1912 2011 1835 1866 1948 1904 2000 1441 1852 104 780 1465 1434 805 1842 1928 56
1084 1659 1761 1732 1052 1679 1107 1110 1651 1700 1645 1717 1132 1643 1635 1126 1782 1809 1798 1697
84 770 10 113 726 690 94 1916 2016 35 745 129 91 2012 1980 792 1404 610 3 1990
853 933 1830 887 899 1759 837 848 1837 1801 827 1807 900 1767 811 1777 987 952 1821 941
745 809 1846 845 1814 825 712 754 85 706 1874 616 1407 913 779 1838 906 883 708 890
821 848 897 962 1787 1796 113 865 800 1767 975 703 89 1780 1785 790 1849 1776 889 847
69 108 42 96 1935 769 45 1939 1905 2015 1987 1898 771 27 781 83 1824 2006 1883 801
561 605 592 554 664 1352 502 457 468 1349 749 745 558 486 754 1367 610 1359 534 667
1314 1583 403 1298 336 348 1585 291 339 375 506 362 260 535 349 544 1318 312 1341 290
39 2010 1991 1862 1958 1899 2048 2023 2029 97 1832 1458 2053 1973 2024 2051 1916 1908 1984 692
1446 1926 1869 1890 2004 75 1987 1928 2047 43 1462 1448 2033 1920 2011 1479 1866 1956 2010 2043
518 1564 618 312 1555 334 641 579 344 470 531 590 452 604 637 642 538 431 1347 512
85 1891 72 1968 55 26 801 11 1954 1470 1962 62 805 2022 789 1910 10 1450 1971 739
760 1854 1402 668 149 733 732 1783 675 1805 806 1758 702 1899 9 154 35 727 704 160
327 1590 1329 489 1281 1300 1610 334 448 227 363 311 368 1620 252 417 351 318 226 516
1074 1675 1070 1791 1059 1747 1749 1013 1754 1768 1786 1763 1659 1788 1016 1762 1068 1664 1030 1012
1755 2038 742 129 799 1679 976 1712 2187 1011 739 1680 66 1681 737 795 953 123 1810 1934
790 2200 1790 1846 2071 2209 754 796 1794 1381 2058 763 715 1874 735 679 784 143 803 1818
1783 2206 1728 1695 798 780 1801 2070 1718 2045 2027 1863 836 788 1848 1828 2026 1691 1724 2205
525 1353 403 437 464 1344 428 358 548 631 620 405 463 660 542 1368 404 552 364 366
287 330 459 454 405 492 335 450 328 320 1554 269 474 1556 364 447 298 1611 517 1555
399 447 1590 530 297 518 534 541 536 500 506 317 418 1586 404 557 495 554 380 303
1387 1854 664 1445 32 2027 830 1838 1813 782 784 19 2036 568 149 2042 136 1794 1781 2017
2065 2191 2168 801 2205 2043 808 150 1766 1801 2083 2044 144 2046 2061 156 2198 1758 1763 812
75 1956 71 1840 49 2 73 1461 1475 820 1929 1881 1878 107 1917 1935 753 1893 1999 101
357 1579 1571 444 496 387 433 541 334 454 448 1592 469 327 359 358 418 549 305 373
756 1885 1932 784 1958 1408 764 1982 1913 792 1848 731 1966 1909 709 2027 1366 2028 80 1901
880 1813 146 1829 99 1741 136 191 1694 117 1685 2175 1695 204 1724 831 2183 841 1862 106
1911 2036 41 1918 2056 1798 50 1864 2041 6 1412 2008 1464 1997 1970 80 1926 1440 30 1472
161 1811 1684 93 998 906 163 2062 1864 1742 1858 807 831 164 1725 1818 1749 1687 911 840
144 2048 48 2022 99 1741 2025 1808 107 1762 8 1821 51 50 1731 2067 98 1932 1982 2043
788 812 745 1376 84 696 1395 916 879 1391 1874 698 901 44 835 2198 882 861 758 730
900 955 963 898 801 841 1825 1791 1765 896 979 1789 914 903 819 857 983 906 833 1777
311 347 1590 1594 339 1564 473 357 1554 355 337 407 487 498 415 502 508 323 402 422
338 1570 542 421 417 511 546 343 394 307 1575 427 518 469 473 1584 463 496 484 538
1735 1843 1031 839 767 1003 804 1723 155 107 1734 756 1679 47 2047 4 58 144 1672 1757
765 777 729 1881 74 1834 700 816 60 683 649 701 1854 1378 1395 711 75 791 56 92
850 1776 811 1780 142 989 181 2190 884 971 126 1711 1805 1815 976 1736 1659 2055 1857 2196
796 1376 825 1384 698 606 2200 813 1871 812 1390 89 831 93 1383 2201 1379 83 1842 801
368 457 408 309 350 1591 289 296 559 586 440 541 337 400 410 1548 477 545 326 297
900 941 830 1820 945 1776 889 897 1774 1815 1764 1786 982 1807 886 875 820 1808 1769 975
82 787 732 21 1877 44 16 1972 1988 1977 824 644 18 667 65 1880 19 790 88 2018
56 748 769 754 1387 1837 1913 1405 98 642 1944 1993 584 574 727 722 1912 50 656 34
1465 1986 1865 1482 1424 11 1869 1450 1873 2007 1911 1920 51 1430 33 1980 1960 2036 1438 1434
977 1734 838 991 946 1772 876 1803 985 1726 149 163 1832 893 1056 1784 1764 880 1070 954
1704 1766 1002 114 1796 1011 995 898 2056 1851 1820 2027 1770 1708 1825 1033 1065 902 1725 2200
1696 1768 1008 1785 1825 1716 891 1801 860 182 1727 1666 1824 161 1037 1821 898 2201 977 121
1083 1696 1689 159 1711 1042 1654 1752 1803 1667 1651 1763 990 1040 1712 1652 1011 1661 1716 1091
175 1797 1664 1733 167 191 2040 825 162 2181 2193 134 201 1705 838 137 2050 2184 115 881
623 1389 1851 620 697 726 779 656 764 576 521 2038 461 637 488 547 757 648 1364 767
644 729 1863 615 510 507 766 1857 577 1350 758 531 663 496 801 734 709 714 1853 718
1813 1866 710 192 1447 821 1440 1393 902 1767 1857 1695 1901 1421 841 738 63 1828 1720 788
1420 1962 679 1870 1912 1407 1964 66 42 29 695 2035 87 1447 1409 1905 2045 56 704 1850
616 654 756 766 675 571 722 695 770 784 795 745 682 1349 1359 666 689 473 586 702
781 1389 715 1819 1877 574 655 682 651 607 1890 598 596 2047 624 1366 566 1821 586 671
182 1772 1687 1664 1676 1680 1826 146 149 1812 110 1693 2041 1837 1660 104 145 1817 862 131
534 562 668 536 357 568 547 537 549 408 456 398 698 642 552 660 680 360 1388 447
105 1778 2205 6 1839 1831 814 906 829 1772 1820 828 1708 51 1662 2191 1810 4 168 2047
328 436 1582 292 1551 331 288 334 1557 504 484 458 308 418 520 398 365 1569 513 542
332 478 446 440 412 428 580 449 1569 503 498 506 553 481 502 554 474 550 321 564
776 1821 1679 1388 721 58 642 1765 1741 192 1699 142 164 176 2190 833 1376 1403 110 77
1766 1859 909 726 2015 180 808 757 2193 1458 1793 1405 1749 2186 857 27 10 28 112 1425
829 1803 2195 1811 1677 921 934 2199 836 942 958 978 182 839 2052 1812 1689 2043 957 1727
1398 2027 1818 2045 1372 797 1400 658 31 116 86 765 1442 1453 1798 50 151 2056 1839 69
650 790 626 720 717 1360 1854 2051 639 647 1859 542 56 817 2185 1396 533 766 638 532
648 1350 793 564 597 1353 673 532 583 573 1369 689 523 1332 678 503 738 1333 539 665
1449 1903 1949 2002 1969 65 1421 2036 66 2014 1850 1402 756 1848 2018 2029 1863 72 1921 1940
5 2003 2051 1868 2031 1904 1845 2018 2027 2049 16 61 1839 1998 22 87 21 43 84 1928
404 1562 302 499 325 525 519 413 418 526 473 463 467 477 314 284 544 286 476 323
101 148 1763 2203 1746 2 2193 124 2187 22 2061 2190 1864 74 107 20 1 61 2019 1720
548 589 724 562 500 707 669 540 604 1562 719 1578 455 1575 697 635 373 496 676 587
1703 1786 1664 1691 98 1074 179 2208 1820 1024 850 1693 1717 893 1091 1794 2052 830 1722 880
757 1848 766 96 94 1756 7 119 721 75 805 2046 103 40 709 14 47 1381 816 733
1288 1305 1314 1585 1292 1332 1285 1586 1600 1284 1289 1293 1317 1583 1294 1326 1301 1312 1304 1272
610 709 1880 515 713 461 736 808 630 639 624 621 2030 494 754 667 570 803 797 1372
785 1392 770 765 44 643 1846 592 1824 2204 1390 722 684 784 598 1413 595 2198 1388 1415
803 2188 907 2044 668 797 1362 650 1858 753 641 1789 1829 1827 2207 86 1383 2048 1775 1385
77 2019 46 1942 1952 788 821 1831 805 1923 29 819 0 1890 808 1794 1960 1866 1949 1774
1681 1729 2185 1725 1827 1837 147 1036 1040 167 1713 992 1717 999 1829 1054 1016 1011 1672 1068
505 611 451 621 533 1574 534 1369 330 635 604 739 426 510 694 715 371 632 348 414
663 729 1401 1366 760 1853 591 558 585 569 640 774 568 1855 1376 778 747 717 580 606
35 1927 1871 92 1873 1916 1862 96 39 1459 1941 86 1907 1446 2000 51 84 1930 1942 2023
