7 989 1060 955 1032 995 1012 921 108 159 45 151 926 104 1002 924 37 93 94 1052
406 1443 389 383 483 497 566 575 1420 339 1422 511 542 1376 1384 1481 1493 506 578 1358
488 1418 1438 1583 565 1449 462 428 484 1394 450 1406 1528 581 1592 1457 401 1384 1378 575
617 665 639 769 589 720 1595 1543 688 1563 686 710 652 706 1565 1570 623 754 1549 606
477 593 1525 585 1497 1575 1457 1595 1572 491 1547 1531 1465 546 666 1554 1519 1415 547 499
456 1436 1519 1560 1451 1374 526 503 1464 561 571 508 1344 458 1478 1432 478 1444 1588 564
939 981 907 938 945 11 960 956 95 43 44 932 959 936 933 1002 934 889 916 42
374 424 500 377 594 231 327 573 1508 1597 590 375 389 1472 1536 200 1528 297 220 385
142 199 52 314 253 63 151 100 141 1018 175 313 1047 89 170 358 1285 1266 211 1056
508 586 489 1493 1540 478 590 577 1433 505 589 1412 663 1449 523 566 1568 425 468 484
630 758 771 635 607 660 817 689 763 1575 1578 598 619 579 1579 753 680 799 812 681
532 1480 1437 1512 1359 1494 1449 605 590 1573 1505 520 512 1577 481 1417 1523 1441 591 441
500 1553 449 447 1455 648 478 1433 613 789 1555 1414 1563 1437 1534 665 1480 1518 1591 653
457 1459 1563 1453 482 552 392 1544 558 1381 1533 1426 586 534 469 394 1496 551 1450 538
584 1498 1435 500 441 1384 1427 486 1372 527 1462 481 1473 462 1547 565 1545 411 1482 1517
93 1255 1222 58 55 71 54 1049 1025 95 1050 1201 17 140 84 76 45 79 1206 86
1515 1543 1380 459 527 528 793 582 423 1555 1467 1523 1495 771 1409 524 1526 508 489 612
163 185 353 224 316 1270 1298 181 354 199 355 135 276 134 1024 140 366 1050 149 217
634 686 812 590 1565 1598 764 1586 600 1529 1518 687 820 1541 1554 639 657 1524 660 1545
1391 1462 1512 1431 1326 428 553 1359 1460 493 501 476 1445 429 502 405 585 1465 1347 1411
1456 1513 1393 1421 1551 608 1422 1554 427 1487 649 1596 1444 438 1478 432 419 457 1573 544
206 279 1288 340 272 244 174 292 165 156 284 1300 175 1330 1323 178 148 295 208 1301
1155 1267 1077 1228 72 1252 1259 1284 1257 173 181 1095 144 1264 1166 1064 1232 1065 170 1179
10 97 1023 34 974 1195 86 11 941 968 79 1210 121 1118 60 1207 1008 962 972 998
627 646 687 591 610 1597 787 1574 1558 648 1548 691 1549 664 1523 621 550 693 595 773
39 1041 156 55 77 21 132 75 1035 78 978 99 159 60 148 158 930 59 969 160
615 1524 557 641 455 1573 1455 461 752 785 1483 621 432 756 466 1552 1501 517 608 1599
666 704 609 728 1533 787 608 775 778 1602 1547 601 692 640 723 716 1597 1558 707 770
674 1541 1506 527 518 736 730 499 472 598 513 1514 519 1539 1504 491 1558 500 432 644
950 981 924 16 58 951 923 20 24 23 38 917 1016 912 93 75 1015 35 926 76
384 461 1537 548 600 514 215 445 448 1410 450 463 1456 313 1565 1550 602 1518 287 1447
640 657 773 1595 622 738 680 1551 554 781 1536 1600 1540 608 668 550 1591 669 563 1586
480 1411 1343 1525 1469 1524 561 407 1475 559 1346 1332 1453 579 415 1585 475 474 490 1494
885 919 972 943 2 925 42 815 850 931 869 873 863 996 908 36 974 6 45 857
28 912 25 77 30 927 846 13 38 960 1042 62 900 15 1003 867 80 31 997 1035
431 1422 562 488 1395 574 1343 1599 411 1465 1431 1333 382 1353 396 379 494 1441 1596 471
432 506 1425 607 1576 398 554 365 1461 581 1543 598 497 390 1445 1496 1439 1570 388 416
108 1142 1115 1245 91 1219 1199 138 1177 1167 1071 1155 105 1061 1000 1153 1186 1236 1233 1097
530 579 1536 1503 429 638 568 1432 539 434 427 1598 616 439 589 438 600 431 1475 1540
469 1397 1359 424 1444 1588 1430 417 1524 401 404 431 1498 1533 601 1467 1383 408 560 1449
134 1047 1261 93 1185 75 1131 183 1207 20 1046 1135 115 32 1136 1255 1074 116 78 136
232 301 1277 361 1308 369 212 1294 1304 305 247 1313 363 306 223 376 314 194 225 1287
41 1007 102 6 77 13 65 1012 1028 145 14 944 83 9 963 22 30 971 990 928
266 302 316 256 241 217 159 243 346 164 372 1283 169 225 342 276 211 192 1293 337
478 563 458 1491 502 499 1576 1557 489 1465 600 509 1532 1461 1392 1500 429 1521 565 614
70 118 138 158 1276 166 59 17 1205 160 1023 177 1069 1262 961 948 96 991 966 1027
455 1403 1375 495 453 587 1427 513 458 1486 590 1384 1429 1513 546 558 500 1407 1544 1344
464 1507 1453 1472 602 476 469 1473 445 558 1537 1461 1434 1372 1489 1410 1594 547 1532 1548
213 224 181 191 1297 145 149 186 281 267 245 366 243 337 334 185 173 376 204 1291
86 1184 1035 1209 146 1264 115 1077 43 35 27 1106 1086 1042 51 92 159 123 1239 1031
501 536 1571 566 598 560 1378 594 416 433 542 549 579 1569 1527 1561 426 1475 1583 1448
492 1452 598 400 530 413 1577 1480 449 1420 1367 427 1471 1445 1373 584 1572 1463 586 1550
80 1199 35 1023 1262 8 1070 1010 1128 1045 1005 971 59 1081 957 1124 963 96 1110 1191
507 1473 391 1448 447 558 1415 544 523 534 1556 405 410 477 1391 390 418 1354 463 1590
392 452 1485 575 505 420 1413 1395 312 1402 393 570 314 408 1445 433 529 327 1541 1377
623 662 688 753 1601 1564 554 1598 563 725 1578 1551 1541 703 706 1576 734 705 648 779
522 1578 751 540 1572 476 414 684 420 434 547 405 664 584 669 630 628 1594 639 417
324 403 395 442 1520 374 1485 1447 490 479 386 423 293 500 488 458 330 513 276 407
428 1485 475 1435 1375 1418 542 1444 544 502 467 1361 1378 549 582 455 468 553 1409 386
285 1280 318 1127 258 162 173 343 1116 314 217 123 179 248 231 1269 1333 1299 300 1307
671 1564 644 548 1574 461 723 480 755 489 605 1566 649 768 526 1525 601 725 1521 499
221 241 212 356 383 269 1287 378 157 1299 359 191 206 156 1305 261 346 305 1288 1296
87 1053 102 1251 999 0 73 156 1198 13 136 987 154 1192 1204 1020 1073 1001 1191 958
600 1592 1572 613 753 1513 649 781 582 615 629 1545 542 643 449 469 459 481 602 1601
1351 1480 532 585 497 1361 1515 547 565 1422 421 441 405 511 1450 555 1489 1498 531 1456
471 563 1482 1438 1596 541 531 1424 455 1401 1467 1421 548 1545 557 572 411 596 1407 536
987 1017 989 1059 1012 975 1048 1044 45 62 10 1034 23 7 48 41 82 1006 984 977
85 996 968 40 73 102 1269 1211 989 98 973 158 1215 66 922 1209 49 1062 148 941
1424 1477 1407 468 520 1517 465 536 417 1339 540 418 534 1358 539 439 1370 1451 1447 454
421 1486 380 576 430 1398 473 480 1419 570 536 447 1365 1510 538 460 373 429 1378 365
455 520 1572 596 1563 1512 590 591 1502 459 458 1539 578 457 1489 491 471 377 378 1587
431 1433 380 1407 1365 1481 526 1348 378 521 1374 436 512 1551 1352 387 581 416 1592 1533
407 521 1603 563 1479 332 487 336 1513 325 428 526 1561 404 1438 370 1490 1592 593 359
1442 1500 592 1466 1581 527 1407 1380 1358 1597 1601 492 1405 497 1482 1502 1585 598 1589 1447
91 1190 23 144 112 20 1016 12 1072 985 1103 103 986 1125 126 1252 1215 1266 1067 92
10 922 948 18 960 145 59 997 85 140 902 928 898 1022 878 1012 1002 989 1006 1063
1500 1544 1513 1411 554 1399 1589 1587 1442 573 633 761 1509 773 411 791 1560 1425 557 1527
115 1046 92 1261 1041 1219 40 26 1175 84 1214 1044 21 178 1130 1152 86 1002 992 1171
405 531 351 1600 538 520 1430 358 571 1429 461 579 1511 342 1479 485 348 1446 1597 456
147 1284 105 1271 129 100 143 18 221 254 37 239 1259 97 1268 125 45 1314 64 1296
98 1047 139 55 1085 71 1227 1229 10 130 115 1168 54 1217 70 1194 34 1082 173 1187
58 982 23 1060 6 3 953 1008 1068 17 32 48 966 50 60 136 914 961 999 71
403 439 567 1520 470 576 1432 422 331 487 1529 376 386 420 1524 385 1481 1454 469 550
573 1578 439 459 1515 432 533 1522 591 1442 551 1526 498 1481 482 665 1569 1455 658 1532
670 1535 417 1592 420 631 1547 1540 672 700 529 734 1588 590 604 773 1507 770 782 1493
72 154 1277 119 1074 995 1286 1048 1050 202 229 1063 1058 47 105 90 191 1015 38 1027
370 404 428 478 435 192 202 438 226 543 356 1505 290 1515 354 397 341 411 373 299
567 1529 437 513 605 674 1456 596 435 1595 521 432 452 620 1433 576 1539 1494 1511 1474
674 716 1589 750 1602 657 729 1560 1591 684 646 679 609 1562 764 715 662 668 663 736
282 328 307 242 1309 296 322 180 212 177 249 1323 362 213 278 374 287 1278 340 1327
643 1543 488 423 1603 529 700 1579 1499 585 563 491 1567 1498 468 558 431 672 689 664
1361 1444 1335 480 437 458 1383 545 574 1341 1483 1456 494 1460 1395 1349 1462 481 1338 587
111 168 151 1287 1135 126 1172 233 1270 267 1130 1148 194 1140 1145 1080 1164 1250 1069 198
237 272 254 1295 228 1270 334 1315 364 1271 295 374 234 292 176 1314 262 185 314 1311
184 340 244 1297 183 165 291 365 295 1291 324 350 199 404 131 217 130 1296 221 407
85 1072 1203 1250 1125 1257 976 1054 1021 50 19 1113 1098 1000 1062 1001 1268 1030 46 152
524 1445 467 454 1469 434 406 1431 475 1454 534 1423 399 497 1442 1462 1457 574 588 420
53 916 1003 956 1040 1012 36 992 837 1067 987 990 980 29 97 881 165 71 888 41
544 1557 1562 444 1596 615 551 552 1543 1518 1528 624 529 548 679 1440 1425 1534 614 766
1359 1485 1415 1516 437 426 1452 576 563 1319 1458 570 1496 429 1467 514 1445 517 487 1342
18 1051 69 68 169 1267 1067 968 918 1263 1047 1259 1056 117 936 952 926 1262 1024 88
454 572 1472 1580 1595 1477 617 1468 1456 1585 466 1429 1492 1438 482 1554 1582 1434 1569 495
1337 1416 451 1404 1437 486 1330 474 1462 1395 1391 471 1390 1494 1499 1370 448 1440 1353 470
65 1028 38 953 155 77 1072 78 939 978 1019 32 986 39 129 74 92 30 133 1012
1081 1248 1100 1270 84 1055 1041 1083 1095 1093 139 1173 1111 1054 81 1087 1127 1183 1209 79
552 1483 1499 1387 597 1585 1556 529 587 1515 608 1414 409 1484 531 520 599 429 455 1436
485 1397 560 1590 1347 600 1538 1403 563 1591 593 556 1475 529 481 581 434 1411 545 557
933 956 987 70 939 65 38 60 906 890 921 55 989 954 1005 931 966 930 77 894
470 567 1414 1456 1374 1368 546 462 528 585 1420 1540 429 634 1599 1508 1539 530 1421 465
673 1528 649 758 479 447 429 639 1573 615 444 1568 1510 1575 641 628 663 770 413 577
172 202 336 1281 276 287 1265 145 261 239 214 176 356 1288 139 350 1274 144 291 309
129 1042 113 100 55 27 92 157 156 38 1172 1050 178 1164 1059 133 82 1248 173 1183
1026 1071 1041 1048 1034 156 1028 1111 160 2 1123 1260 1192 1011 1127 167 72 1113 99 88
278 325 1294 1302 276 219 1287 1323 387 1295 229 314 267 247 203 299 1273 218 1276 402
60 147 1057 167 963 927 132 32 977 1040 956 165 85 958 1068 1265 1284 53 1258 996
535 1460 1541 1436 506 1588 577 1377 1429 581 1520 1560 1422 570 576 477 606 1351 479 1454
449 1493 1404 1461 450 1412 1603 1592 566 529 1403 437 397 1485 488 1540 432 560 593 482
475 1383 1537 1554 1333 439 1348 1395 1377 566 403 1600 532 1329 1471 1510 484 1382 560 582
787 867 1541 1549 1540 882 652 628 819 913 602 600 916 650 857 608 753 784 865 798
19 1004 999 69 914 1048 64 935 65 916 31 913 74 86 145 982 99 1054 975 1015
166 1264 73 1139 1266 210 180 189 171 1290 1069 263 240 187 213 212 87 1173 184 103
94 1124 977 121 1192 137 143 1000 1228 146 147 163 53 1089 1132 1251 67 93 45 972
398 464 459 1599 336 1410 295 1564 395 1527 1443 1424 517 535 585 1504 519 592 329 1481
1547 1590 1543 1549 1582 571 622 567 1587 538 1578 519 505 636 421 444 611 1574 570 456
1408 1490 1512 1334 444 1474 1507 1510 1370 499 510 1344 480 1488 577 572 1529 503 427 459
503 1407 1571 1603 1595 1399 462 435 540 1550 561 419 569 442 414 1468 1387 1584 1515 578
35 926 32 34 930 53 964 54 44 902 1003 917 975 1048 877 983 13 4 1032 907
262 1309 260 251 184 192 199 213 1269 301 283 173 305 1279 161 1277 268 1339 1266 269
637 1583 674 765 1517 500 661 512 611 462 577 620 595 692 1514 698 1529 641 1578 684
157 1044 236 1007 990 1054 265 1260 252 230 179 259 1065 1029 103 7 1259 1279 30 208
5 36 28 936 21 946 45 1058 937 83 1014 14 1075 966 928 1009 1022 92 960 31
464 1427 474 524 1440 1433 591 1508 1486 507 1355 414 567 568 1478 580 1450 1547 394 469
508 1402 1544 426 436 1470 1568 406 1449 470 1522 1560 1379 452 1505 1486 440 469 1480 1542
758 1553 629 556 610 665 597 698 615 1555 1532 487 566 602 778 649 604 1539 520 1518
548 1552 568 670 459 606 576 805 1595 533 636 491 603 628 461 610 570 489 644 775
476 1548 1463 1537 596 1491 435 1423 1560 1554 1482 505 641 538 1457 594 1557 1530 584 1524
1344 1431 469 1348 563 1324 1384 438 1459 1444 1395 416 1379 1439 1365 1422 1404 551 1436 450
42 962 1014 28 1017 71 911 64 55 944 927 70 56 917 54 1056 958 14 33 47
644 803 1566 770 791 878 874 555 598 584 894 682 665 1537 646 554 603 799 1598 854
106 1115 1186 127 1199 125 98 1204 107 1081 1146 1023 116 157 156 3 1047 1157 63 140
622 1519 778 1592 478 635 595 427 571 593 798 1466 566 1432 1566 677 1480 1537 1547 616
1075 1262 1119 1184 94 176 145 90 1178 1102 79 87 2 175 1066 1046 1100 1131 171 1062
1303 1335 228 1343 1300 1350 1365 1315 1274 277 1398 257 223 1395 1361 1333 294 1375 1339 248
436 1497 403 577 1591 534 533 499 586 1489 450 1469 605 1359 598 1430 1403 1487 1367 1551
278 1330 1383 1359 177 296 1409 214 205 357 362 189 368 227 209 221 1387 1393 1282 302
408 1506 1525 591 1440 1461 1541 547 1446 1595 1408 342 1598 430 1597 476 1434 1429 306 489
84 1190 1104 1010 0 29 1065 1019 1024 31 972 28 1192 1007 987 1099 1164 1054 17 1067
415 556 383 1436 380 1500 1524 529 385 1513 1483 479 1575 419 435 1570 421 477 384 610
645 796 824 1554 677 700 845 1567 760 632 850 1602 1584 807 613 580 551 1546 587 610
1345 1418 1315 1457 1318 1308 442 1386 1382 1354 1437 1484 1378 497 1494 467 472 456 1373 1342
