71 181 226 19 995 202 998 1000 165 215 148 952 94 173 962 8 88 192 38 67
283 298 354 258 367 345 387 341 234 389 394 336 251 288 385 397 348 261 276 381
235 305 76 360 200 236 255 359 268 233 238 301 221 203 368 33 245 28 327 323
683 907 772 776 643 933 757 787 799 718 760 946 730 803 722 702 642 767 780 732
682 724 689 838 828 656 922 657 826 681 848 898 642 660 891 933 736 893 911 896
216 234 257 248 328 264 54 297 237 1001 987 45 53 71 16 73 230 46 340 320
11 190 146 219 102 982 25 260 71 999 138 977 26 143 112 176 83 1036 133 1008
154 934 854 937 748 96 830 877 105 931 182 980 139 862 128 730 817 712 132 903
746 772 731 732 825 925 789 735 914 748 883 870 853 901 762 924 890 855 906 806
710 879 944 676 788 812 683 737 856 850 893 930 951 896 947 831 904 751 910 928
82 101 113 957 1010 152 1022 134 90 263 935 84 934 45 8 196 118 178 956 929
65 1007 61 99 3 5 83 28 221 12 72 104 29 183 215 999 56 155 206 81
110 156 153 170 109 185 82 939 945 925 28 11 1022 991 190 100 32 1023 115 140
761 910 928 721 837 927 811 790 899 681 834 953 140 827 860 733 703 133 838 809
134 1025 164 959 114 128 930 936 8 150 109 158 1017 112 941 142 84 100 1022 1021
722 858 736 754 678 750 907 822 686 821 887 683 791 830 756 819 942 851 730 898
871 937 806 961 953 870 756 748 780 711 128 799 742 886 98 790 115 945 92 951
975 1006 947 49 155 197 18 176 57 988 151 3 228 40 997 102 52 952 183 6
545 568 495 579 494 482 489 572 603 551 562 549 519 556 601 529 571 611 586 597
8 82 1003 173 175 951 17 1026 95 29 1005 944 27 212 940 107 246 132 21 68
242 255 15 282 256 324 25 0 325 1007 1013 345 27 239 318 243 6 16 258 22
484 525 517 395 567 472 477 580 418 379 513 527 480 535 570 463 455 541 448 416
17 163 50 42 10 159 118 4 244 968 1002 242 8 984 13 213 1019 205 949 969
759 825 845 937 947 851 697 849 761 853 876 820 850 865 878 826 905 707 931 917
16 44 201 115 965 963 143 975 84 962 248 90 1035 54 156 245 30 213 253 221
234 245 9 341 345 275 215 1004 253 18 10 259 265 1009 4 32 250 1008 326 225
110 158 143 72 265 11 87 81 197 127 175 1031 35 126 124 933 1022 114 945 111
239 321 251 267 1013 304 340 1006 319 29 19 366 344 305 20 290 338 365 11 6
720 906 804 730 728 759 686 677 841 846 774 832 744 953 685 844 792 878 803 682
720 757 849 889 710 690 764 900 842 859 909 779 932 839 837 883 766 760 868 858
29 223 35 60 963 996 328 965 321 215 184 334 5 200 8 339 983 157 28 961
459 502 394 378 487 452 440 454 539 383 471 479 396 543 469 537 533 416 418 384
36 966 86 144 37 995 41 168 979 159 82 68 8 53 223 978 232 187 58 1017
668 686 682 665 619 654 628 614 910 870 622 727 673 696 915 709 697 736 852 631
892 956 765 945 77 935 826 732 185 152 28 893 985 99 170 189 748 171 896 974
78 975 18 72 946 106 111 213 12 1000 65 1004 6 33 0 1007 193 983 156 24
506 540 538 546 460 383 405 396 455 520 508 501 465 575 522 414 406 489 408 422
592 626 583 609 601 646 649 653 557 610 585 664 600 670 658 559 595 530 666 655
4 1004 968 991 91 959 56 252 159 193 114 110 61 1012 198 16 26 256 52 224
156 172 100 199 114 126 105 54 76 205 994 154 1029 90 134 82 14 170 47 31
143 1026 173 175 2 121 933 949 109 110 1027 98 170 162 966 19 943 122 971 101
371 413 356 354 438 302 461 345 504 487 388 395 297 425 465 457 343 416 501 434
743 886 777 930 937 857 863 922 903 806 693 775 891 795 928 758 854 712 698 911
729 925 840 949 816 819 107 881 98 860 836 121 957 947 106 118 857 877 792 868
755 908 810 861 715 759 894 833 902 761 767 860 698 895 901 776 873 729 910 750
716 750 924 776 781 772 678 884 793 799 896 869 934 874 707 824 700 723 859 796
707 887 924 895 763 826 805 800 762 709 838 771 845 949 947 921 899 760 793 787
725 921 684 751 116 749 958 811 740 737 915 916 735 913 934 894 947 140 868 785
753 879 731 693 831 739 719 873 875 772 886 694 777 940 827 752 945 706 811 797
454 493 403 392 462 438 459 503 383 465 489 453 467 533 472 390 458 531 461 545
772 799 802 749 833 807 896 745 707 748 904 701 702 760 804 808 725 794 780 864
400 467 441 511 422 438 482 489 537 546 383 461 547 412 298 515 379 465 488 444
33 209 8 45 203 76 73 996 41 195 1015 980 1006 53 1008 1 165 231 15 74
382 495 292 389 451 416 499 410 457 536 534 509 444 475 422 421 285 532 501 397
747 919 124 949 800 714 825 820 885 141 839 706 902 845 145 137 837 738 876 847
41 1010 118 209 1008 229 77 113 156 193 81 144 91 964 66 190 233 90 244 208
26 156 243 1022 201 1015 60 926 121 122 986 64 40 943 137 79 950 55 208 42
694 851 664 939 688 937 661 898 809 669 917 810 667 938 947 754 793 657 923 899
273 312 119 324 265 240 320 327 296 331 267 351 318 246 295 247 260 244 309 364
676 707 683 741 722 913 891 677 798 727 830 873 764 688 649 892 734 628 799 876
709 869 893 925 675 734 703 907 858 939 849 949 763 836 710 919 704 901 727 832
357 410 323 458 372 366 394 358 337 479 387 364 334 398 390 464 435 374 474 432
778 841 698 823 800 706 728 906 804 812 752 702 923 697 907 718 757 751 726 824
518 531 591 579 544 588 529 551 590 539 541 509 487 498 528 512 598 504 565 523
569 588 638 592 567 604 528 563 517 599 623 548 555 570 519 534 593 538 620 643
904 937 854 749 887 812 778 892 935 863 827 850 774 844 100 811 918 97 822 717
689 837 948 836 681 853 652 768 927 798 730 756 923 721 719 751 832 834 674 702
455 484 463 410 477 521 523 403 430 497 479 486 469 422 407 383 560 413 506 517
14 26 994 191 257 951 130 231 39 236 145 240 219 193 186 161 123 1000 115 4
415 509 359 461 510 428 455 437 368 399 370 393 470 502 407 382 425 496 466 400
877 952 743 150 105 772 811 92 176 91 692 731 817 889 963 874 191 920 734 160
319 343 338 236 340 353 322 327 270 235 237 350 286 255 356 355 316 239 347 254
66 173 183 12 18 200 961 67 968 26 170 165 222 90 996 20 951 44 169 63
742 788 762 902 874 846 847 768 696 821 916 860 759 752 813 935 834 856 805 922
154 938 973 99 970 944 180 110 163 833 983 965 846 909 888 15 861 802 849 1005
450 473 553 463 413 472 382 551 455 420 500 428 555 440 432 392 517 424 525 387
742 822 907 766 799 831 886 880 796 848 932 714 874 696 701 884 732 711 846 753
564 583 612 638 611 525 537 557 641 574 649 562 619 555 644 621 561 616 548 607
760 850 724 770 940 766 729 759 785 721 796 914 762 808 855 784 702 842 841 933
54 76 153 220 185 78 158 217 201 42 967 975 223 199 1002 225 34 992 973 79
719 935 124 865 123 889 741 919 715 956 838 815 936 876 913 811 953 761 126 733
158 947 1011 911 820 935 144 108 96 177 174 78 909 29 84 862 73 848 187 950
41 968 22 26 31 945 974 957 173 966 956 157 940 226 68 182 178 23 172 193
224 330 303 77 24 209 986 208 352 196 212 368 200 38 236 221 981 362 28 228
145 1029 131 122 23 921 127 114 107 8 109 920 958 933 113 4 1024 935 165 1032
300 392 511 493 372 366 289 422 489 376 393 293 370 332 416 480 477 470 415 235
291 388 362 369 403 268 364 421 365 318 430 285 322 277 408 353 425 320 378 295
772 813 773 786 823 915 842 775 875 710 802 725 896 818 730 739 861 910 769 897
47 77 1027 100 195 3 215 59 72 170 181 1021 38 85 226 7 160 29 28 972
569 585 643 542 630 543 544 526 564 596 529 514 523 516 646 579 558 589 647 541
155 946 917 942 962 936 839 1034 979 1029 102 930 19 919 87 857 956 85 843 1017
88 198 138 200 170 18 236 1010 999 949 128 134 137 131 171 945 35 1005 943 197
139 946 914 7 87 911 188 150 874 103 954 106 1035 891 131 827 972 869 861 113
758 878 830 870 785 807 868 865 893 771 809 886 754 701 926 726 950 747 842 737
652 688 718 608 712 672 716 675 663 720 865 710 610 711 638 689 739 679 631 602
404 478 488 546 513 462 469 497 369 524 502 457 533 295 541 475 521 453 493 367
219 230 33 314 194 1004 242 332 981 46 322 49 44 994 305 329 35 77 310 205
682 704 929 914 881 735 843 661 903 856 861 901 827 739 848 672 800 798 664 841
701 841 901 773 905 686 886 921 720 882 914 860 940 770 784 825 939 826 842 749
74 976 12 1005 1015 71 997 59 28 967 49 155 231 964 229 211 218 202 222 95
658 692 730 729 691 841 883 828 811 865 835 856 677 861 607 840 699 720 638 732
201 212 972 13 33 1017 181 1006 63 1014 964 3 1001 76 966 65 0 183 231 58
141 931 918 807 954 815 151 729 958 155 871 760 7 761 146 716 715 968 821 147
901 945 730 181 692 808 3 954 973 693 937 786 699 884 176 141 791 758 160 887
91 148 149 114 86 115 912 971 932 1033 6 9 911 71 165 139 972 4 29 157
71 993 219 177 1016 215 195 65 37 1 54 188 157 19 61 173 49 30 226 33
77 963 935 60 979 184 1000 198 162 89 178 172 94 46 156 152 195 111 3 168
718 751 902 797 856 933 826 845 850 930 785 719 788 921 768 821 840 820 700 828
13 951 930 117 0 47 105 892 259 183 243 890 883 950 21 926 881 925 162 14
198 234 3 224 317 989 4 88 298 969 30 73 1002 195 92 90 305 242 983 211
534 589 479 631 475 645 625 498 528 515 571 616 638 588 568 489 634 608 549 560
196 1015 161 204 95 114 200 1036 163 38 257 88 168 183 975 210 1019 960 977 85
709 873 740 943 805 705 727 874 732 715 858 902 879 813 904 788 730 719 755 816
18 997 956 69 38 24 7 67 966 965 55 84 78 165 103 964 50 178 1017 60
696 740 749 769 695 668 767 919 693 935 908 761 900 732 833 850 754 854 729 865
869 939 843 1018 1019 960 895 732 101 168 817 855 921 841 112 127 141 719 873 763
129 150 956 78 914 124 99 1031 146 92 1017 100 917 114 80 975 923 1023 187 924
176 192 68 38 9 81 45 971 1011 62 173 941 39 58 0 972 974 155 965 16
80 160 106 101 29 62 988 992 113 8 79 64 1027 199 84 180 169 198 157 1002
185 1001 980 232 1007 954 159 989 149 200 991 985 228 952 945 167 82 972 966 188
80 118 163 963 1 265 948 115 1024 957 989 949 70 1020 179 192 105 181 3 973
913 948 811 951 862 15 720 842 739 853 977 794 920 882 831 79 824 10 715 763
141 910 103 774 958 785 938 1 84 812 125 170 1028 113 952 757 942 744 137 709
113 140 949 114 166 964 909 6 4 966 12 158 1023 20 10 150 102 147 99 95
936 962 943 908 942 840 138 999 863 838 68 889 14 913 878 742 819 896 802 843
0 1004 229 76 140 224 107 89 1005 975 134 21 2 65 123 940 15 73 983 148
719 777 890 847 677 895 927 694 701 702 789 864 756 910 811 934 746 899 926 798
90 257 240 145 194 136 949 200 315 111 71 317 936 107 190 95 965 1020 143 964
350 364 290 401 300 393 353 294 406 365 320 343 342 422 414 389 325 314 355 303
827 919 769 805 891 701 746 714 799 853 753 762 829 704 956 696 949 856 793 806
705 889 943 861 928 899 956 744 818 877 762 920 931 858 761 935 863 832 735 698
195 982 167 15 981 162 84 1019 985 1006 227 957 173 183 57 32 22 234 1 966
155 188 102 186 6 141 989 128 12 940 52 998 147 193 999 88 955 106 70 942
591 635 611 655 578 626 568 621 562 661 634 637 663 673 646 625 659 566 615 571
224 1003 334 190 323 232 986 196 11 215 185 995 78 48 65 321 996 195 973 178
46 191 172 92 164 203 213 44 25 1000 1014 169 186 965 19 5 75 211 208 199
670 698 743 799 727 902 712 847 903 906 624 920 703 928 758 825 861 884 814 822
452 500 542 490 415 417 505 431 464 454 394 404 425 408 446 477 422 520 379 450
2 249 258 19 336 20 85 942 956 143 100 161 33 121 205 18 259 334 963 164
526 588 619 575 577 537 488 592 602 636 557 637 609 582 620 551 590 644 499 531
873 947 706 150 926 16 869 970 96 802 742 84 144 819 165 886 89 883 848 965
14 1023 30 218 88 140 1006 201 149 151 964 945 175 85 25 984 133 980 244 111
316 358 307 278 401 313 398 245 346 319 244 265 373 391 301 283 253 241 404 365
724 802 721 909 858 814 920 792 735 776 695 725 937 712 757 862 784 886 942 704
107 126 78 123 149 959 94 110 941 131 928 21 16 264 96 20 129 960 915 8
886 950 888 95 7 165 727 18 5 869 162 136 760 977 724 937 189 108 814 94
927 941 741 714 907 903 911 723 878 902 824 960 119 793 812 799 840 138 791 945
591 624 559 566 617 636 602 574 623 595 557 530 676 584 666 579 585 665 635 581
766 842 814 831 762 817 846 791 709 824 804 900 905 912 928 894 724 700 861 751
2 1008 1029 951 82 119 147 67 121 80 991 963 228 207 243 266 96 204 89 201
