1676 2160 2222 1657 1223 2288 2161 1705 2179 2203 2306 2099 428 2275 1210 2291 1320 1708 2286 1651
280 1929 242 1955 247 1926 297 1948 209 198 281 675 682 1915 1930 635 317 178 1865 1959
364 1159 1028 366 1773 348 1183 1181 1039 1029 360 1111 1772 1153 344 355 1024 358 1807 1778
412 1185 2313 1168 401 1231 1021 364 1181 1211 1055 404 2288 1230 2155 394 441 2311 2186 2305
1739 1777 1793 1769 1721 1151 1757 354 1150 1810 350 361 1753 1766 1797 1713 360 1815 1760 1737
841 853 2039 2033 2044 827 2023 843 830 800 2045 815 2037 829 849 861 2040 2015 818 794
792 2019 819 4 782 563 536 521 6 562 848 561 12 2008 545 837 515 824 45 64
555 1964 585 2034 2023 62 602 726 53 686 591 586 2001 1947 559 49 522 1959 1989 1965
425 2163 2168 439 2294 1651 2092 1281 1330 1042 1217 420 1320 1660 1689 2324 2116 443 1331 2189
588 623 569 154 75 113 1985 624 1975 629 2001 117 705 76 23 186 178 1934 128 149
797 2019 69 851 758 515 771 47 67 2039 783 816 523 2009 799 570 789 555 2026 752
29 2012 817 20 562 23 704 1979 726 727 59 728 49 585 801 57 87 722 2033 715
1418 1564 1569 1414 1394 1543 1571 1436 1427 1549 1392 1448 1574 1423 1445 1585 1480 1581 2237 1542
1023 1033 456 992 2092 445 470 460 458 419 431 355 1053 361 465 2075 367 2094 1012 995
42 2035 2018 2032 1981 544 782 825 1957 711 761 11 1987 39 537 804 715 550 12 849
642 652 626 630 1962 641 670 1934 1935 187 634 1882 1895 1897 1926 193 200 1963 647 1953
662 670 649 672 642 1897 676 1950 1953 1904 639 1954 1943 1933 675 673 1872 1882 1955 1947
822 845 2027 806 814 780 945 2019 831 847 852 824 953 786 2048 2014 819 864 803 798
1742 1775 1706 1151 1743 356 1153 1771 340 339 338 1130 365 1707 1798 1720 342 1758 1793 1740
1682 2213 1348 2291 1238 1632 2252 1277 1241 1661 1371 1651 1590 2186 2180 1707 1675 1364 2228 1586
354 1165 1162 362 391 1057 1818 1771 1070 1074 366 1178 1174 1815 1094 359 1855 1085 369 1767
369 1196 2308 1076 1039 1232 2143 1087 1046 1091 350 2117 389 1105 1170 402 1028 2324 2150 1228
1755 1770 1726 1747 1754 1158 1777 1795 1719 1780 350 1150 340 1782 1809 1797 347 349 1753 1741
305 1868 1840 1915 284 1849 1850 1866 251 1902 1923 331 1889 1865 1870 1890 285 1896 1911 1876
1648 2170 445 2297 2201 1332 2303 1612 1240 2241 2179 399 392 412 1647 1241 2313 2227 2259 1327
572 2020 98 2025 74 816 836 2002 823 15 42 536 46 68 8 78 740 750 133 80
1245 1273 2168 2317 2194 1272 2192 1266 2314 2309 2268 1250 2130 2184 1239 2213 2260 2066 2190 1270
1454 1543 1562 1408 1531 1552 1567 1493 1468 1432 1535 1501 1452 1572 1550 1435 1440 1495 1497 1441
1646 2204 1281 1682 1638 2201 1259 1669 1687 1263 1367 1654 1345 1287 1251 1697 1649 2274 1362 2200
1323 2142 1211 2186 404 2124 2122 2157 2166 1213 2188 1199 2132 2103 2187 2120 426 1214 1363 2292
78 107 616 722 1985 572 1970 608 57 1989 603 83 24 1963 586 114 701 544 54 21
429 1037 1007 2166 1264 437 366 2180 2102 465 2165 377 453 1033 2153 2083 1266 2146 449 2318
1326 2151 2288 1373 1310 1272 2093 414 1368 415 1372 1352 422 1324 2120 2135 1298 2113 1313 2130
416 1261 392 2135 2095 2159 2105 1256 1263 2194 1291 2083 2101 2092 380 2317 1267 2285 2152 405
19 531 555 95 64 1961 506 2047 742 2026 36 49 2035 739 1987 709 704 2016 705 14
1594 1627 2256 1653 1677 1634 2173 2232 1576 2261 1609 2231 1625 2235 1574 2170 1622 1590 2184 2255
2271 2303 2272 1250 1332 1289 1300 388 2218 2236 1614 374 1181 2208 2277 412 2226 1189 390 1676
541 558 525 542 2008 1972 56 544 722 2017 532 536 2003 2037 570 33 36 580 1964 2023
13 549 2 2014 105 522 528 2013 31 118 66 731 590 1 1998 717 574 758 87 2039
2093 2112 2095 2144 2135 1273 1285 396 1277 2161 1043 2079 1325 1296 2152 2155 2090 1030 424 2167
387 2299 1026 2161 2269 424 1039 1096 436 390 2170 1086 2094 376 2095 401 421 1070 2265 425
1304 2285 2300 1288 2194 2142 2294 432 2299 2099 404 2274 2203 2201 1250 1244 413 1275 1243 408
366 1175 1798 357 1106 1105 1774 387 1171 1104 389 1184 1102 1792 388 1180 362 413 1076 1176
669 1943 635 692 646 1942 657 642 672 1953 701 691 1919 631 1882 682 69 708 1903 667
2228 2287 412 2236 436 2314 1298 2299 1397 1247 424 2198 2190 1670 1668 1669 1413 2223 1407 2182
718 1956 2009 1935 45 631 85 1980 55 669 71 62 561 636 670 1954 582 1973 741 634
1260 2204 420 2303 2226 2252 1620 2305 1665 2290 1358 2212 1258 1652 1678 1638 2300 2269 2085 1663
41 534 561 1975 517 732 551 532 518 66 539 2047 707 52 2014 717 2045 4 718 505
1589 2210 1371 1662 1385 1407 1623 1246 1630 1576 1595 1260 2255 2203 2197 1410 1682 1337 1333 1251
652 1935 174 666 702 709 710 1921 625 627 1876 1961 1886 1947 204 1890 662 1951 716 1924
238 311 1880 270 296 316 313 202 1897 1887 234 251 243 1923 283 335 1867 1850 205 1905
1250 2306 2164 1279 407 1275 2186 1289 1304 2153 2139 1283 2187 2078 422 386 2185 2113 2116 2309
1322 1336 1361 2150 2200 1354 2290 1330 2283 1362 2078 2202 2275 1302 1341 2178 2288 2195 1373 2214
2250 2276 1669 2221 2269 1629 1284 424 2212 1257 1654 1388 1390 1261 1364 1636 2256 2217 2289 1404
1643 2174 1220 2157 2267 2322 1246 2150 1684 1227 2219 2156 2298 401 1239 2193 2216 1235 1660 1599
134 587 120 21 566 1992 82 14 137 142 1987 622 38 29 1990 66 611 625 71 176
343 1774 1853 1847 1110 1142 340 1744 1745 1104 1854 1795 1060 1823 1146 1849 353 1839 1791 1790
1772 1792 372 1761 1153 1767 348 370 1813 1147 1747 1821 1732 1805 1134 363 1801 1774 351 1735
1924 1945 1916 666 238 701 224 623 178 300 185 1937 1962 683 1901 219 1939 639 697 1947
1304 2160 2199 1268 1224 1226 1685 1211 2307 1291 2157 1324 2316 1668 1688 2242 2247 435 1331 2142
1415 2234 1379 2274 1472 1448 2200 2199 1311 1449 2239 2263 2194 1617 1644 1349 2210 1652 1635 1410
1743 1756 1723 1774 1714 1726 1752 1762 1736 1785 1704 1716 1786 1795 1783 1721 1744 1782 1710 1775
2160 2183 1292 2213 1335 435 2254 1340 2301 1261 2147 2195 2142 2312 1274 1342 1290 2284 1603 1623
362 1771 1179 356 351 1066 1038 1088 1073 1149 345 1099 1091 1802 1032 1180 1077 1133 384 380
1401 1561 1372 2253 1563 1463 1448 2233 2223 2238 1458 1461 1428 1369 2257 2255 1417 1402 2229 2248
1233 1256 1277 1218 1283 1288 2286 1237 1202 1242 2085 2287 2162 2279 2185 2094 2072 2295 2137 441
1811 1817 1133 1830 1832 1826 1766 1838 1793 1795 1849 1784 354 1802 1803 343 350 1764 1821 1828
339 358 1039 1791 1855 1171 1108 1165 1851 1142 1078 1820 320 1839 1794 1149 319 1056 1152 1821
1251 2091 1205 2161 1267 2070 2135 1247 2082 2305 428 2205 473 2168 2211 1307 1314 1041 1229 1326
519 551 69 2 65 1981 520 563 494 2011 516 2005 575 2048 2022 2007 2030 1964 76 2046
382 2322 417 2177 1189 1280 1186 1078 1221 1073 376 1207 1286 1211 2303 381 1088 375 411 396
2104 2173 1322 1183 1628 2157 1305 1253 2083 1690 1315 2158 2114 2118 1313 2165 2097 2132 446 1332
2212 2245 1311 1354 2254 1309 2240 2174 1669 1288 1278 1382 1366 1650 2275 1315 1403 1376 2248 2200
316 1879 267 315 294 1904 308 211 209 1865 1841 276 332 335 259 285 288 270 1892 330
1645 2211 1254 2230 2193 1276 1347 2197 1380 1624 2284 1364 1262 1690 2235 1365 1299 1694 1370 1660
227 281 245 311 1887 212 224 259 233 1882 1928 1912 251 305 1930 1867 1866 194 294 222
735 1987 127 767 694 84 720 2007 20 101 564 693 555 559 79 579 134 1989 2023 743
535 2049 1 520 554 534 480 30 525 842 823 529 2032 532 563 567 2062 511 800 509
214 1881 1876 269 287 247 340 189 302 221 296 197 1873 301 656 257 1884 669 668 1895
1353 2259 1386 1271 2246 2241 1321 1674 2201 1319 1377 2218 1676 1316 1292 1634 2220 1642 1660 1285
83 101 15 28 1973 66 118 37 143 14 715 30 34 704 588 566 611 570 103 16
1407 1464 1542 1404 1430 1415 1470 1386 1476 1556 2250 1388 1412 1374 1393 2229 1421 1452 1385 1442
2286 2324 1275 2249 1261 1277 387 2222 2189 405 2173 385 2285 1241 2255 1280 2293 2308 1231 2302
356 1768 1792 1155 377 1160 1765 1070 1743 337 1779 1112 373 359 1085 1856 1802 1057 1067 1046
64 719 70 1957 42 22 755 576 34 753 752 743 584 575 2018 68 702 2028 712 1947
513 2048 475 969 807 835 511 948 847 820 2039 2028 975 523 965 2036 478 2071 831 2017
450 470 2092 2084 401 2054 2056 964 2102 422 966 2076 415 2066 967 491 1269 407 947 419
1940 1949 658 289 1971 652 1955 661 69 53 674 680 712 690 696 654 1931 659 61 668
16 527 732 544 80 536 2012 115 1989 741 39 531 1966 1983 2051 534 1979 2011 78 508
492 513 464 939 967 963 482 528 2081 506 2028 2048 478 465 2074 520 494 2078 2020 2016
1204 2132 2151 1205 1245 406 1209 1177 2304 2121 1193 1216 1207 1221 1224 2315 383 2144 2107 2127
263 282 314 222 209 238 247 213 198 316 305 250 301 1888 320 1868 207 292 1863 288
1791 1814 1136 1825 1837 1844 1761 1763 1834 1143 1787 355 1765 1802 1792 1847 1809 1754 1149 1151
1246 2192 1650 438 1598 2127 1676 1656 2300 2171 428 2292 2274 1223 2286 1308 1255 2211 2222 1671
1192 1220 1237 1183 1245 1232 1197 379 394 2162 1172 2149 2101 1174 377 2166 2104 397 1203 418
348 1164 1064 339 1870 1129 1172 1120 1845 1119 329 1113 374 1137 1110 1839 338 1867 1872 1109
1292 2269 2310 1323 1617 2179 1333 2090 2066 1248 2290 2251 1319 2199 2195 1360 2089 2165 2301 2229
530 2030 815 9 543 2011 2022 511 806 0 20 67 535 538 795 48 23 529 799 823
321 1857 1133 1853 1859 1833 352 1899 1867 269 259 1854 347 301 327 257 1824 1900 1823 353
291 304 1866 302 221 269 1851 303 1923 265 210 1930 288 213 283 1880 258 1916 218 292
1291 1312 1285 1328 2143 2253 2258 2256 1252 2226 1254 1326 2263 2228 2074 2269 1239 2067 2141 1281
1302 1319 2302 2245 1308 2243 2099 2238 2103 1354 1339 1299 2161 1335 2258 2303 2247 2067 2109 1315
226 251 274 1875 240 200 241 209 286 1870 267 1910 1886 296 1911 216 300 210 278 259
1392 1566 2215 1382 1555 1569 1550 1431 1453 1418 2254 1458 1448 1449 1546 1587 2259 1474 1359 1575
638 1925 271 656 203 1934 1923 180 268 276 1924 1932 625 711 1962 1940 1910 667 199 1915
2102 2144 1191 1218 1214 391 385 416 2167 424 1251 1192 1187 451 2318 1254 426 1293 2140 410
794 828 805 2028 760 860 796 2017 761 788 2020 835 843 841 945 2001 795 2024 2054 777
59 2030 829 565 524 2050 2032 767 71 69 513 77 789 845 5 2016 715 506 527 2000
1244 2193 2314 1267 439 1662 1284 1629 1600 1355 2165 2324 2093 1690 2220 1631 2162 2149 2177 1327
1605 1662 2162 2251 1674 2226 1686 1581 2276 1702 2249 1580 2202 1584 1611 1660 2188 2163 2197 2192
418 1262 1062 2193 1023 1229 430 1310 379 2164 1275 442 412 2211 1194 2082 1313 1268 384 1291
234 1876 1883 207 650 230 1885 275 268 1920 655 346 220 241 1869 283 1889 663 1849 302
974 2046 991 984 2055 528 2044 464 2070 770 475 780 2054 977 830 931 461 496 487 985
1592 1627 2259 2270 2199 2194 2180 2229 1681 1654 1609 2264 2261 1669 2280 1630 2232 1651 2174 1612
339 1871 1834 313 1109 315 1771 231 325 660 334 1133 1769 239 1095 250 335 356 1806 299
2240 2267 1356 1305 1298 1574 2202 1578 2245 1583 2251 1676 2217 1382 1649 1290 1604 1672 1353 2216
1344 1367 1317 2196 1343 2250 2264 1390 2279 2222 1333 2199 2174 1383 1321 1322 2235 1379 2182 1360
1600 1635 1676 2169 1663 1632 2267 1658 2244 2242 2204 1677 1626 2272 1592 2167 1593 2264 2235 1620
11 532 24 509 1988 117 1991 763 38 25 57 537 89 741 543 582 2033 3 14 520
530 2030 2027 522 48 2 799 800 24 759 553 2052 518 820 498 817 766 2006 750 832
1904 1913 208 1887 633 316 636 1933 213 250 649 1928 327 643 263 1881 631 307 201 302
408 1286 432 1262 1283 376 1197 1271 2316 2228 2311 1227 2106 2248 1220 2257 1310 387 1308 1314
57 1981 80 602 161 547 1963 567 581 11 536 68 15 2009 1977 146 2 163 521 735
1474 1481 1433 1537 1484 1578 1462 1549 1577 1504 1450 1451 1439 1469 1487 1479 1529 1547 1543 1454
211 1881 195 199 320 1926 262 319 646 240 226 274 264 243 1913 191 334 1912 1887 185
2197 2287 2290 438 1276 1310 1316 431 2272 2180 2221 407 2292 1622 2318 2204 1246 2207 1243 2242
1668 2261 1256 2185 1689 1586 1692 1649 1250 2192 2271 1677 1359 2229 1354 2301 2175 1688 1578 1272
671 1888 316 659 268 307 254 656 283 303 644 655 210 298 1946 270 675 297 1937 1943
368 1096 1051 361 1174 1091 1157 1770 1071 1031 1038 1154 1083 1167 1155 1044 1087 385 1068 1069
1621 2194 1680 1598 1253 2300 409 1588 1626 1655 2212 2297 1643 404 1628 1236 1595 1241 2303 418
1619 2233 1289 2261 2236 2187 2197 2221 2247 2225 2195 2255 2212 2213 1606 2269 2171 2240 1374 1651
458 2081 397 1040 1241 1252 434 934 456 1041 1015 965 1025 439 968 2075 437 1308 1044 1311
499 519 528 500 2050 536 481 463 2064 952 2035 513 503 965 484 2057 961 953 2052 491
84 141 709 116 569 157 17 1988 702 26 608 40 166 1964 590 582 91 128 154 566
9 2025 104 529 18 557 2036 791 2006 820 27 2035 741 11 518 4 2001 832 542 719
183 596 116 90 611 109 81 1971 605 114 190 1938 1927 130 202 582 1982 579 623 599
1145 1774 1769 1785 1818 1127 1815 364 337 1775 1758 1148 1803 1776 1117 1757 1106 1134 1807 1756
842 2015 857 0 519 854 734 575 21 799 511 525 862 801 2019 63 1984 2016 3 2007
241 256 220 1872 308 311 326 212 296 1899 1885 224 207 1861 327 330 323 1882 227 299
325 337 347 1809 333 1832 1776 1818 1102 1875 256 1829 1803 1795 1134 1109 1854 1826 305 1133
411 2080 414 1173 1043 455 1261 1300 1315 2309 422 2118 2183 381 1271 404 1320 1030 397 468
410 2089 2162 1235 453 1181 2315 2145 446 2099 2171 456 1226 2166 1029 2289 1056 449 2160 2072
298 1925 1902 697 247 672 218 322 1917 228 1930 706 636 1871 1914 1918 633 1938 1952 1882
1394 1422 1474 1470 1366 1460 1410 1453 1360 1382 1578 1451 2215 1575 1444 1459 1587 2254 1351 1471
123 616 177 596 571 591 576 5 81 80 138 615 1990 147 613 140 1995 113 624 172
1271 2153 2115 449 1285 426 2154 2290 2185 2283 2200 1242 1287 423 2092 1332 401 450 2064 1224
1417 1480 1531 1529 1553 1433 1549 1437 1403 1554 1535 1427 1573 1564 1488 2248 1562 2250 2252 1456
1114 1137 1135 353 1148 1138 342 1104 1149 1766 338 1108 328 1815 360 1118 344 1112 1810 1805
1982 2000 748 7 109 782 565 10 1998 43 152 1996 5 1997 729 577 117 1968 1965 572
1277 2084 419 1262 2076 474 2271 2064 409 468 1254 405 2061 480 458 2209 2142 2080 404 401
