175 318 641 681 228 282 250 598 218 781 621 336 191 285 179 355 192 274 257 223
366 496 498 338 429 480 626 580 521 553 538 335 624 575 544 618 486 606 592 586
789 818 587 310 406 460 820 299 423 491 817 419 303 316 328 507 340 477 443 362
377 552 582 395 547 368 539 438 322 328 445 599 586 351 370 625 535 491 332 422
367 497 437 487 526 572 405 544 362 520 344 611 356 619 622 379 372 496 323 363
468 546 528 378 470 464 463 393 515 452 587 357 577 477 623 628 618 424 394 433
538 619 332 402 374 321 325 349 616 499 354 375 373 544 816 423 590 448 792 532
247 731 60 0 110 661 103 707 35 144 189 250 258 704 253 252 64 688 747 125
27 247 103 265 233 14 742 31 702 699 240 106 18 744 66 671 175 65 148 47
578 798 576 528 364 459 368 630 583 531 348 451 333 469 818 415 336 543 558 478
395 456 556 382 346 595 479 508 585 356 492 448 619 544 529 354 791 526 370 592
789 804 502 367 501 323 623 443 327 569 394 609 562 626 397 373 365 566 368 459
88 710 248 38 12 241 56 32 701 68 75 117 76 80 31 702 54 733 30 240
6 674 111 682 147 177 703 5 27 172 279 695 185 10 108 182 723 640 202 144
493 585 523 464 535 582 638 617 603 466 785 579 439 336 396 452 813 564 550 461
380 493 351 326 552 545 389 573 557 427 478 498 361 559 613 442 462 517 377 526
157 264 643 309 273 155 229 263 173 3 208 697 284 690 190 287 197 304 226 209
175 269 134 194 693 8 262 208 136 688 203 686 679 772 244 301 140 224 195 202
386 606 809 513 417 451 337 520 605 635 548 439 488 512 498 306 628 456 621 585
572 631 365 355 335 346 332 300 331 288 296 174 151 789 418 520 458 577 544 637
239 672 69 39 175 721 171 263 223 273 738 686 304 81 288 80 96 719 28 306
9 34 6 658 22 246 233 55 112 737 26 138 262 36 92 270 660 133 735 28
153 237 183 229 247 188 133 37 75 67 688 157 192 285 33 41 670 51 266 184
272 282 171 191 315 132 155 182 187 285 227 302 219 297 261 627 17 0 644 664
564 635 621 650 289 523 167 348 659 420 404 322 406 609 365 427 535 165 500 462
379 545 356 446 581 628 353 419 390 370 539 789 531 548 496 403 361 479 601 562
20 726 728 23 89 141 110 689 91 73 79 266 732 655 112 252 663 59 72 730
43 126 274 85 130 694 710 273 170 76 711 172 735 697 698 706 670 235 84 278
243 688 245 87 16 77 125 261 116 80 119 188 680 250 718 179 78 31 68 668
367 486 387 563 555 584 428 446 317 517 542 618 550 611 418 596 619 408 342 320
220 664 6 675 107 312 662 167 245 244 289 660 657 655 18 215 20 317 659 198
127 656 633 726 246 9 670 210 676 315 6 722 206 683 132 163 273 234 39 20
644 678 262 735 629 54 7 323 624 322 185 698 56 177 637 733 234 725 199 648
513 790 393 793 346 480 475 613 504 409 800 506 778 444 403 521 822 374 819 818
534 602 322 444 315 607 421 508 412 558 306 461 525 335 610 503 805 537 509 388
271 302 772 199 784 152 627 179 283 293 253 673 122 676 771 17 118 298 125 342
166 203 217 156 144 665 675 642 295 223 681 661 662 151 630 282 149 132 170 636
114 240 658 695 21 24 156 159 139 687 726 663 140 694 681 30 90 720 107 249
169 214 195 622 178 665 228 227 623 125 153 268 651 220 222 170 672 673 196 319
427 475 445 551 520 579 402 353 575 403 557 477 504 523 430 407 356 482 390 517
354 524 622 333 800 339 457 528 350 503 602 324 394 326 797 822 611 455 565 628
341 557 632 514 547 791 344 429 481 306 328 594 451 585 473 469 371 644 459 503
670 692 254 192 238 4 710 671 123 170 687 74 269 649 7 235 678 37 119 199
453 504 357 335 508 791 599 534 376 374 588 501 407 356 476 412 385 583 416 480
177 272 212 256 274 282 634 188 298 222 166 304 321 153 692 197 214 149 251 316
321 620 440 494 339 649 501 616 537 520 535 825 504 470 352 377 384 637 804 310
264 652 276 304 21 158 653 330 132 185 180 670 260 679 4 210 23 146 695 247
137 664 254 172 314 133 212 232 40 241 131 262 177 695 681 29 652 205 271 641
89 732 118 723 23 716 697 117 701 227 127 32 747 70 680 27 9 229 111 228
34 65 59 53 232 82 694 29 108 77 687 110 24 708 257 20 106 246 684 680
295 635 342 375 657 506 785 788 199 650 566 149 197 610 145 281 354 321 363 558
221 642 152 667 587 323 134 275 669 227 346 165 674 315 202 158 131 324 188 647
615 825 334 561 404 333 807 434 478 324 407 387 611 804 418 385 614 813 503 586
344 595 780 378 539 497 417 394 529 612 341 415 562 361 521 821 585 495 625 345
2 687 724 35 242 235 692 272 6 158 275 264 654 690 23 666 39 110 16 92
119 244 272 3 43 95 237 275 716 269 715 271 677 64 742 79 744 190 671 708
4 657 264 299 206 295 24 54 190 17 662 247 116 223 679 49 198 128 104 256
120 152 283 716 290 250 39 163 256 46 23 662 689 182 266 185 114 165 196 217
480 582 346 463 553 581 799 464 552 514 398 519 440 525 331 611 803 438 418 787
466 566 822 536 405 628 471 482 408 594 586 446 632 514 438 431 807 484 338 814
584 791 366 356 820 536 580 614 603 417 373 397 579 785 446 599 338 778 608 783
188 233 75 663 132 17 81 25 240 229 309 278 740 160 261 235 239 648 187 650
179 306 301 678 309 338 296 209 331 675 670 354 601 315 606 131 656 295 254 637
219 239 27 114 142 287 194 195 193 709 101 107 732 7 88 135 733 284 74 233
370 535 551 319 526 382 358 505 488 520 636 420 593 634 631 576 473 356 470 611
432 473 572 376 580 411 502 355 513 348 388 476 347 430 508 570 540 482 475 397
396 591 792 585 313 451 788 586 383 441 800 543 416 514 625 622 506 810 499 381
326 786 292 358 294 601 650 636 385 616 783 825 352 468 329 368 809 450 470 589
89 686 262 246 653 729 86 666 685 264 675 723 665 157 151 60 99 17 80 44
536 617 606 473 426 604 428 597 329 315 628 412 471 467 366 533 791 562 347 563
713 720 120 49 109 44 92 712 14 45 95 679 75 48 15 691 82 97 735 716
10 96 62 668 670 724 75 0 245 55 674 122 61 251 669 715 26 102 79 114
67 686 20 230 259 653 38 104 728 151 31 120 147 227 43 118 708 681 73 702
240 668 79 732 213 294 684 280 245 49 661 7 199 712 643 281 300 44 45 680
229 698 719 680 120 187 701 265 188 139 722 687 63 95 200 113 730 717 149 35
496 562 488 435 590 626 807 627 377 392 501 394 813 570 463 498 489 406 541 556
377 473 612 573 485 526 606 489 454 380 487 500 434 514 610 410 404 476 382 563
4 137 27 156 15 8 287 267 278 49 653 291 663 186 6 718 642 29 190 638
520 582 423 601 484 559 518 502 591 823 627 418 541 358 538 628 613 579 797 356
71 687 102 98 660 1 49 149 229 247 92 2 661 82 658 86 120 69 144 259
681 691 235 56 692 156 121 64 80 649 130 710 11 707 190 124 243 222 258 292
350 600 312 339 355 808 564 372 562 472 571 579 401 814 520 471 315 396 427 598
428 570 637 800 477 396 804 821 525 519 400 784 576 545 524 583 447 438 582 461
610 633 548 561 350 287 815 602 359 191 551 532 324 654 190 529 151 474 804 383
404 452 601 588 389 451 791 541 467 790 626 429 402 357 504 380 597 512 633 517
320 346 480 483 800 629 465 812 445 532 772 539 453 537 565 358 392 168 613 821
143 274 174 642 276 28 140 139 638 116 148 279 306 295 192 650 154 6 195 141
519 561 537 353 604 469 374 797 346 388 559 357 818 443 795 543 594 476 496 603
95 713 103 680 102 90 55 675 251 233 34 72 707 11 53 63 77 237 238 230
77 96 39 47 102 245 17 6 97 227 9 106 714 120 114 116 121 80 700 683
556 623 520 518 350 644 554 485 615 584 578 787 169 435 458 165 563 376 565 573
202 677 45 720 259 99 281 291 161 38 227 300 247 725 700 706 12 235 231 261
354 388 503 358 334 795 348 464 525 782 631 802 470 632 817 557 581 469 562 372
13 30 125 26 5 691 84 271 235 149 695 671 96 32 27 156 124 58 722 86
524 570 817 338 491 551 525 538 428 621 438 581 411 806 571 415 397 603 548 386
50 713 724 4 710 19 57 114 15 3 23 697 121 37 228 53 62 52 251 93
446 783 318 636 581 542 568 564 296 433 349 473 591 415 510 585 769 576 467 595
91 237 233 137 703 255 108 112 9 198 107 22 40 698 20 123 152 27 650 662
5 269 144 159 301 48 36 192 162 673 718 263 3 45 154 288 163 278 98 155
373 425 365 429 582 458 608 417 426 345 359 468 346 786 337 413 592 500 406 368
395 577 456 368 615 373 609 441 822 639 529 507 371 439 375 419 541 453 603 337
400 573 374 821 486 493 528 612 819 572 350 537 581 357 432 381 419 806 470 443
362 785 417 526 602 398 301 775 768 536 589 302 505 544 793 513 439 401 304 461
564 632 405 286 617 529 554 164 350 184 334 800 510 273 416 165 794 438 158 156
211 653 179 291 297 298 127 261 161 113 193 652 140 11 130 654 205 22 136 171
87 699 31 737 46 38 28 722 71 243 724 25 241 69 14 109 251 113 61 84
514 590 334 389 422 603 460 518 606 570 469 341 539 634 807 394 596 332 572 374
454 506 503 557 540 415 610 530 556 404 427 563 585 397 391 343 617 523 399 624
412 468 491 398 497 504 543 478 792 585 592 387 448 529 508 443 430 386 518 574
162 676 103 267 126 1 209 242 691 43 189 160 175 21 202 125 286 142 114 731
78 104 664 10 673 80 91 718 111 118 57 12 702 246 36 50 42 138 96 112
153 279 195 11 290 204 125 132 120 115 236 671 175 677 283 199 681 194 285 269
422 485 401 369 559 410 604 428 512 430 587 467 338 337 471 475 558 365 457 564
500 628 427 568 281 290 452 287 341 339 382 791 365 502 612 598 464 323 595 471
155 643 141 7 326 18 126 144 182 188 267 197 211 137 233 139 201 657 606 166
254 691 234 176 81 667 244 182 251 709 45 30 647 6 87 68 717 673 676 240
4 150 632 234 23 31 91 232 645 683 123 643 251 717 638 100 636 55 149 140
130 649 161 669 222 127 110 637 32 2 47 654 264 16 632 690 697 99 184 652
699 715 17 19 689 662 256 266 663 7 229 45 81 14 685 664 248 235 257 676
389 465 783 325 343 460 492 618 436 404 615 341 495 438 505 351 594 350 417 577
178 310 270 601 146 267 603 247 162 622 625 187 776 176 632 127 635 271 126 322
287 675 698 229 251 765 255 249 691 203 100 288 642 660 11 125 27 643 160 695
533 604 317 553 332 340 469 408 791 464 351 429 413 431 402 585 573 539 356 620
540 602 632 555 432 364 810 554 446 606 391 633 797 470 433 497 584 349 804 566
426 554 472 501 539 503 587 523 341 521 623 455 630 348 473 581 340 514 446 578
123 156 630 267 130 99 53 144 68 19 115 138 705 233 33 153 45 161 663 303
80 244 691 7 57 743 657 681 724 669 253 138 48 251 61 267 718 717 704 192
301 768 273 157 330 322 184 174 787 316 305 750 324 656 788 667 662 149 207 288
94 245 269 717 91 92 127 40 116 44 86 55 33 231 699 70 272 79 48 4
362 442 332 354 540 786 318 341 513 473 546 396 350 505 597 314 349 373 309 623
247 713 112 265 662 74 77 89 697 261 60 746 119 127 65 242 224 692 17 729
397 518 512 595 506 574 571 521 369 537 435 519 438 441 788 478 504 795 596 470
316 615 662 807 332 600 292 549 490 403 511 427 433 428 561 347 590 451 565 284
397 599 543 581 346 399 541 485 389 458 614 818 432 325 533 456 803 820 318 489
93 678 116 225 686 165 653 715 274 47 707 287 704 252 250 650 699 58 178 13
676 731 268 660 260 127 305 734 285 182 21 89 61 173 12 126 689 710 736 51
440 535 590 488 349 353 397 444 428 347 486 573 613 520 467 592 379 437 483 595
335 584 808 429 396 514 375 530 822 515 415 587 406 512 601 341 513 347 546 571
296 317 177 788 644 207 139 183 155 610 346 199 793 613 764 589 590 679 332 669
187 674 144 669 307 703 274 186 313 244 683 183 216 292 176 212 234 147 119 315
398 794 437 557 552 434 448 447 499 620 388 435 468 513 487 485 599 452 613 376
386 461 438 444 628 475 784 786 471 548 632 593 436 351 491 611 578 572 371 624
334 596 411 406 499 393 565 403 417 552 302 514 616 571 520 372 383 497 489 612
399 553 394 582 513 519 357 367 791 495 796 409 458 484 447 475 437 573 633 385
610 791 332 526 429 617 365 774 601 385 448 308 328 424 441 598 562 348 440 780
318 353 544 553 636 610 484 587 554 338 448 652 660 602 655 519 408 512 333 819
124 137 686 655 713 732 667 222 705 142 691 184 658 704 240 272 648 669 662 180
25 146 192 696 84 151 661 645 141 665 257 273 184 247 236 105 149 107 659 41
25 40 65 66 116 108 665 686 11 719 127 148 76 70 690 261 86 122 677 258
390 552 604 612 790 597 342 472 631 394 458 417 498 426 624 591 788 429 561 325
