1414 1424 1405 928 979 1392 964 941 1416 919 1423 1407 1458 910 896 1456 1395 963 932 1427
600 839 482 834 903 597 790 511 478 950 468 634 846 635 755 650 776 770 693 830
828 928 784 653 765 553 703 704 687 604 818 959 836 862 637 549 940 811 851 868
750 960 887 978 646 609 775 600 839 692 546 816 633 758 722 1407 1396 986 577 581
572 772 507 867 794 525 324 457 768 542 649 953 466 829 559 335 531 655 701 891
620 804 605 752 463 943 659 642 871 815 559 878 601 519 656 945 792 940 440 713
656 726 510 611 615 490 761 720 982 861 730 805 608 718 719 613 541 774 577 832
565 865 543 768 612 758 466 951 553 541 529 940 582 471 929 776 952 919 692 707
50 69 74 63 33 87 59 92 0 47 9 101 107 49 17 102 39 98 66 61
988 1007 1031 832 951 947 981 839 1390 936 1395 869 1030 896 935 868 882 958 909 972
882 946 904 840 672 886 703 968 715 651 656 925 564 1002 687 643 745 1427 666 796
444 565 862 727 582 495 855 701 429 486 815 712 877 350 461 909 835 806 752 567
1063 1273 1088 1263 1051 1270 1054 1262 1313 1053 1281 1083 1304 1035 1247 1306 1241 1239 1076 1254
930 1414 656 842 764 761 645 731 704 743 806 803 977 998 835 1419 729 1451 856 637
1393 1423 1462 1439 949 903 1418 1434 1449 963 1008 904 1435 1424 1009 971 953 886 1401 918
1068 1091 1176 1251 1105 1250 1252 1260 1073 1090 1134 1138 1187 1067 1104 1143 1108 1066 1146 1135
165 199 206 191 239 181 203 171 238 212 135 143 156 214 138 211 145 169 179 158
361 627 681 327 342 672 699 474 647 575 447 665 864 341 791 731 371 609 800 872
1082 1190 1091 1231 1246 1135 1073 1244 1057 1193 1169 1064 1080 1221 1108 1241 1228 1232 1234 1187
850 958 606 806 805 976 649 664 1407 777 997 723 590 593 780 701 1399 659 625 836
742 914 977 1407 545 737 541 841 785 932 590 589 811 791 530 699 814 801 700 786
1111 1206 1165 1131 1135 1180 1098 1124 1097 1083 1181 1118 1100 1152 1117 1210 1084 1095 1173 1164
477 684 662 321 484 325 457 866 772 596 465 452 646 515 538 711 619 618 316 847
1138 1187 1121 1118 1148 1225 1123 1107 1168 1141 1233 1212 1106 1176 1203 1204 1219 1177 1125 1143
564 774 658 925 637 715 900 557 661 662 949 871 756 475 796 776 535 972 820 473
793 944 586 856 873 805 560 637 589 984 689 814 732 770 659 972 702 624 839 763
1036 1277 1367 1026 1297 1372 1017 1369 1355 1323 1055 1304 1279 1276 1034 1357 1040 1293 1360 1280
650 744 566 802 885 895 836 785 949 366 522 883 632 759 710 984 591 603 807 497
1390 1417 1001 930 967 887 960 1463 1005 937 969 1002 1440 1395 1432 935 916 1454 970 1405
1148 1159 1163 1170 1162 1165 1137 1180 1112 1177 1169 1141 1184 1121 1109 1097 1160 1198 1167 1168
14 78 16 46 60 63 30 81 64 91 76 67 69 83 31 87 24 65 90 38
352 412 359 350 404 419 333 446 422 396 334 456 356 439 339 355 411 383 436 384
1048 1273 1301 1300 1276 1262 1269 1049 1253 1292 1021 1039 1267 1019 1055 1031 1015 1033 1369 1263
368 382 444 431 457 350 559 375 393 454 430 442 333 323 627 619 426 360 446 373
662 788 549 577 523 578 846 832 709 746 899 784 580 935 666 526 508 475 589 517
810 955 686 893 829 527 656 731 851 1422 591 663 555 1411 1406 971 1404 553 595 640
765 874 656 609 612 720 881 832 965 628 617 920 886 732 996 988 878 766 561 741
664 703 474 483 568 545 763 899 532 585 694 596 948 488 582 668 736 507 887 674
248 291 230 218 293 286 212 285 269 249 294 223 239 247 215 232 319 308 279 287
652 939 675 367 571 526 852 556 655 528 822 891 579 754 880 972 825 837 910 727
41 72 73 71 78 33 62 75 0 27 69 64 94 31 90 86 36 29 53 87
599 662 331 890 644 590 689 816 779 885 566 533 488 623 485 525 862 597 896 819
1276 1293 1274 1297 1332 1314 1328 1317 1348 1034 1353 1041 1273 1032 1261 1036 1057 1055 1364 1360
752 953 722 580 888 805 798 544 822 817 523 1394 649 955 909 555 607 606 739 742
489 670 885 607 884 611 518 800 801 814 627 895 834 497 496 828 503 793 314 679
504 677 687 688 705 574 532 603 648 799 862 839 581 642 716 827 328 623 690 541
899 1425 959 898 962 718 631 1448 902 909 680 805 1454 968 817 786 747 620 998 903
978 1013 1025 826 1414 1049 883 817 985 955 889 891 960 1402 855 811 1396 820 805 990
684 790 515 694 969 889 668 828 939 540 651 538 812 484 558 792 775 488 463 961
793 941 873 541 600 642 949 1413 526 650 592 988 910 934 813 1404 1420 926 820 689
523 771 651 598 729 465 649 717 921 647 795 758 544 583 656 652 933 803 603 628
476 652 506 815 532 580 681 503 369 610 466 712 547 774 608 515 828 868 900 511
587 757 900 832 874 697 732 789 651 854 492 783 864 465 836 628 809 660 843 597
646 775 894 456 572 895 474 641 976 503 853 462 835 764 707 369 528 533 916 708
703 825 578 963 864 738 881 856 816 906 608 609 645 884 590 912 984 951 929 576
632 875 613 803 768 545 563 532 952 919 760 970 683 869 902 525 569 880 757 886
574 842 812 905 720 614 558 516 925 562 813 554 566 635 627 715 540 899 828 604
714 936 765 965 773 636 546 512 571 829 660 722 734 655 591 635 800 559 735 726
649 776 929 660 455 730 643 570 375 637 700 529 770 774 749 554 772 540 750 527
1368 1378 1371 1356 1302 1376 1300 1272 1277 1367 1351 1034 1032 1390 1353 1298 1043 1041 1379 1038
507 547 780 731 531 546 518 513 550 686 527 652 564 689 729 320 454 457 456 545
105 142 164 201 55 160 58 61 190 136 168 106 108 133 174 56 181 135 124 195
736 954 888 1406 951 877 986 761 615 641 650 785 530 1403 724 994 580 586 1414 927
1161 1454 1185 1428 1440 1475 1444 1110 1439 1477 1459 1422 1482 1107 1432 1164 1140 1489 1418 1167
1060 1246 1061 1252 1239 1264 1083 1265 1243 1248 1268 1275 1261 1076 1069 1054 1231 1259 1058 1070
797 979 1407 633 609 806 690 783 954 764 582 745 555 615 920 917 538 782 897 629
1166 1184 1142 1085 1204 1196 1465 1133 1230 1477 1190 1159 1218 1463 1132 1111 1122 1178 1461 1165
219 248 270 171 216 184 296 238 249 178 271 272 279 241 263 172 291 194 220 255
738 888 735 853 542 777 964 982 599 772 576 812 781 575 932 956 702 516 1410 530
844 894 936 959 647 631 964 1008 721 895 685 553 905 638 746 705 807 537 696 664
361 403 381 398 413 362 339 385 411 327 360 638 346 402 641 561 424 449 386 627
1276 1286 1273 1341 1033 1293 1361 1358 1347 1357 1300 1296 1321 1271 1352 1311 1345 1326 1270 1303
541 554 644 573 611 878 598 471 796 646 741 761 647 712 567 745 544 572 875 520
335 405 471 417 338 385 448 476 322 356 477 424 368 344 469 443 481 352 349 447
647 853 521 477 630 726 724 850 543 770 491 481 546 768 987 634 526 707 541 704
813 978 1005 607 915 799 786 667 810 775 977 593 873 844 581 850 701 749 670 920
1093 1109 1124 1179 1238 1171 1142 1121 1087 1161 1159 1091 1152 1240 1202 1180 1151 1089 1195 1169
1419 1449 949 1467 1404 944 1473 917 1478 908 946 1165 1406 1157 968 1420 1429 936 916 1174
717 909 1001 603 633 947 965 933 726 649 710 648 954 600 703 879 988 835 628 704
1 67 20 68 58 25 22 88 13 21 7 70 93 39 0 42 15 77 55 99
622 880 354 691 457 800 828 810 799 458 480 763 770 773 628 496 466 519 707 804
633 714 746 567 936 682 893 718 618 937 468 804 704 535 900 516 982 546 490 898
670 809 537 975 509 823 596 917 681 925 867 981 580 663 829 841 718 482 973 894
559 582 372 847 645 880 753 896 909 867 625 476 707 560 576 771 572 802 815 565
549 568 729 919 837 613 883 480 733 821 534 716 849 776 884 576 886 788 867 531
295 303 255 324 259 293 265 319 249 250 254 274 244 267 309 316 257 280 272 271
674 812 772 516 927 971 873 513 570 893 547 965 897 823 896 686 854 494 825 514
1168 1476 1184 1175 1131 1109 1434 1122 1180 1186 1128 1465 1464 1178 1104 1495 1488 1193 1478 1466
738 900 969 601 758 778 616 800 760 595 621 804 898 534 881 764 672 811 549 797
504 521 702 668 460 799 671 678 764 752 711 819 625 779 847 846 725 724 537 549
544 593 766 573 723 808 654 568 474 603 580 560 853 838 625 825 700 641 689 860
370 472 524 508 525 660 578 455 391 356 559 414 534 329 372 497 602 417 392 485
811 901 869 638 571 950 977 937 874 664 728 906 704 820 867 679 758 791 736 815
697 917 557 613 987 656 680 530 637 585 703 534 649 1390 626 824 901 788 831 909
1117 1185 1172 1197 1094 1153 1127 1204 1160 1088 1234 1228 1190 1141 1144 1150 1092 1229 1120 1214
1218 1233 1198 1202 1237 1188 1090 1200 1102 1199 1243 1220 1124 1231 1113 1246 1236 1223 1128 1225
655 860 503 829 754 709 798 844 564 805 448 485 909 505 810 984 486 832 610 872
1050 1277 1268 1254 1367 1291 1372 1275 1021 1033 1272 1045 1029 1035 1313 1054 1048 1052 1302 1051
446 631 788 522 559 373 669 471 554 740 381 348 516 580 845 639 336 550 515 857
795 985 1004 540 904 948 978 549 599 774 606 603 922 585 923 692 955 528 652 984
471 639 482 459 563 687 716 875 748 696 837 891 823 456 623 512 691 322 332 317
466 580 585 562 663 725 578 850 537 805 932 729 639 624 619 523 442 435 348 621
1230 1245 1191 1207 1195 1254 1206 1186 1063 1067 1091 1197 1129 1065 1120 1089 1201 1083 1072 1124
528 859 990 587 735 546 937 630 947 763 692 626 583 935 524 510 875 575 631 644
695 723 907 882 971 732 887 694 530 659 923 678 934 902 860 870 717 709 984 551
460 552 497 716 625 593 461 606 369 798 557 824 569 787 334 488 509 878 549 527
593 860 489 533 570 764 482 784 713 700 718 870 499 787 866 736 630 705 996 894
1204 1219 1120 1140 1181 1104 1186 1094 1115 1180 1144 1098 1236 1123 1201 1223 1088 1114 1110 1097
904 918 942 783 751 778 946 959 1007 1400 768 965 971 955 842 777 816 839 867 838
306 326 348 370 353 374 283 288 332 263 364 321 352 366 584 577 357 344 262 491
506 584 612 567 570 317 449 593 816 642 652 809 510 503 509 827 504 898 487 775
240 282 248 263 209 242 300 210 293 275 292 227 264 299 200 254 265 234 320 221
1417 1451 1408 1432 1395 958 1402 1159 930 956 946 959 950 886 889 951 963 908 1448 937
357 392 620 373 423 329 389 424 644 410 466 406 384 453 399 359 327 416 409 338
449 580 740 560 365 437 769 677 721 384 614 502 892 680 552 861 690 688 643 785
548 567 571 550 868 652 530 494 442 815 476 641 717 623 696 760 458 917 614 913
738 984 737 993 636 623 912 836 701 974 538 796 1404 933 861 935 544 898 981 574
1401 1426 977 1441 988 1007 954 1462 889 887 1442 885 1443 1425 1395 1413 974 968 958 1427
1347 1355 1301 1354 1307 1308 1369 1363 1288 1360 1299 1359 1341 1323 1316 1320 1296 1283 1298 1339
540 564 769 802 473 565 596 628 468 572 485 613 821 663 502 681 798 569 793 541
592 709 565 591 715 839 690 558 828 534 773 922 799 899 761 969 679 951 927 682
979 989 913 974 1024 942 771 936 880 973 1390 784 751 788 801 1009 917 859 755 778
561 606 814 509 872 808 482 371 597 460 325 498 804 528 372 692 651 474 712 721
715 762 917 629 570 863 705 905 610 895 517 936 932 966 668 533 969 820 683 747
1301 1319 1276 1347 1311 1355 1290 1287 1272 1292 1337 1366 1293 1327 1274 1283 1359 1345 1269 1317
579 928 458 882 775 790 925 511 816 894 999 455 491 692 670 701 934 831 531 796
571 821 700 911 971 876 590 981 502 870 781 546 537 588 841 731 745 466 884 951
177 193 196 201 210 168 179 204 199 163 111 213 227 233 169 220 126 123 137 190
706 751 754 867 640 557 951 647 735 646 629 736 651 581 539 780 516 553 672 703
417 447 422 413 354 452 408 538 331 440 580 532 333 339 403 527 648 528 439 474
286 304 268 275 274 276 237 270 311 296 298 313 250 300 307 319 301 326 287 242
1092 1189 1105 1073 1244 1122 1104 1237 1136 1212 1227 1129 1186 1071 1120 1084 1213 1141 1236 1132
459 519 469 719 470 763 672 340 322 796 849 392 507 557 371 586 526 342 466 634
129 141 206 126 176 159 160 169 170 99 194 132 168 109 128 134 122 133 108 166
466 656 737 325 366 828 604 780 747 516 717 936 522 660 722 809 618 547 941 795
642 706 583 481 591 373 733 791 522 529 443 490 525 643 894 932 502 595 616 467
246 277 245 279 238 315 276 219 231 211 222 240 293 273 218 297 274 311 234 239
617 810 941 983 725 717 481 868 534 847 507 520 838 743 924 472 586 468 594 466
278 305 312 274 287 252 290 283 240 296 261 238 232 311 318 275 289 307 253 231
765 857 707 521 571 562 943 763 534 597 928 915 872 705 711 834 723 642 585 524
1112 1161 1084 1085 1142 1471 1230 1472 1172 1194 1087 1175 1125 1141 1165 1453 1199 1456 1156 1109
749 887 639 959 607 521 904 632 779 936 637 730 873 784 908 653 874 667 616 754
738 907 558 672 621 653 779 522 945 627 538 977 663 589 951 1423 933 552 722 971
1251 1261 1273 1271 1255 1052 1265 1081 1078 1266 1035 1051 1074 1264 1276 1072 1069 1252 1075 1239
559 789 714 654 367 493 608 866 491 611 980 796 713 864 593 443 756 697 765 547
455 542 691 752 514 692 448 332 606 410 435 653 381 816 859 665 654 875 336 475
624 772 620 465 675 591 615 626 803 680 698 844 621 858 582 950 590 448 360 823
795 924 719 620 571 614 688 515 896 656 592 958 810 832 952 917 987 724 575 871
42 76 30 40 41 68 85 58 82 91 63 88 74 37 25 54 60 90 95 50
693 742 889 890 833 702 970 691 490 802 777 961 904 767 679 797 794 855 876 863
