492 1557 530 529 1609 462 1534 1556 1524 1525 510 535 1586 457 2334 1520 515 1581 2337 487
883 1890 867 1870 1944 1942 1876 1877 1936 1914 868 901 882 880 1898 1893 900 893 1910 889
910 942 1984 1977 947 1930 963 1972 1981 907 941 969 2003 967 1947 920 960 1996 943 1935
416 444 449 2310 2315 396 463 424 460 2339 384 452 448 1511 1533 1502 2302 2300 1545 2311
95 109 59 61 2069 2107 78 120 2095 2077 44 127 140 2134 2100 2094 71 118 2074 2130
519 1575 1574 2334 1539 2338 1613 1555 485 1573 1603 1644 470 1641 472 494 1562 1589 1632 1639
194 2217 295 318 265 2188 177 208 209 215 2186 2230 2139 144 2194 2226 290 2176 2224 2133
615 1731 710 777 716 760 1757 748 697 701 771 638 700 1726 624 751 596 588 1675 1716
1313 1925 1301 914 898 1321 1906 1311 1295 900 874 868 1908 901 1904 889 903 1936 1309 1944
558 1626 1654 1625 1601 547 1635 520 543 1607 1619 1666 509 1658 1600 567 569 1660 1661 1672
243 2159 277 211 2240 220 2161 2151 2146 2137 226 293 190 218 201 2179 2163 109 248 273
227 241 2242 2220 2176 2227 190 187 2142 2212 2158 2238 246 239 186 243 2182 2172 2165 244
2180 2201 184 2158 267 272 2170 285 204 260 146 2185 164 228 155 185 310 2152 2224 2188
1077 1098 1114 1041 1035 1099 1045 1070 1105 1081 1087 1059 1074 1034 1084 1108 1046 1104 1040 1082
556 560 1647 539 1619 1657 538 1640 1661 1612 1633 1673 550 537 1654 574 1618 1599 543 568
1485 2332 416 1530 1539 1511 336 1593 1518 351 397 410 1483 1553 1474 462 484 1509 1531 1448
70 2073 71 65 2076 2065 91 2051 19 2089 2082 26 84 62 2079 2063 80 2050 2074 2102
623 1731 775 772 774 760 1695 685 628 687 1694 689 1708 1716 641 1742 1705 1710 778 711
930 1945 886 896 904 1935 935 905 1292 1953 960 1932 1995 1298 1971 1986 938 962 1302 2001
1955 1971 962 1950 1288 910 1233 897 1982 1970 1952 905 923 1228 1984 921 1983 926 1957 924
2148 2172 162 258 2177 151 223 202 119 236 114 139 2196 2147 249 111 2192 185 208 203
2014 2042 2039 2061 45 2013 9 2005 44 23 2010 35 38 2025 66 2016 2054 67 55 2033
799 810 808 1822 1789 791 1784 1781 1833 1857 1775 1844 1852 803 1805 1765 812 796 1837 1818
991 1007 979 1000 958 996 964 956 1030 1016 1009 1022 1042 959 1029 1004 1023 967 951 1035
526 1545 1537 1548 1519 530 501 1643 1524 1527 1630 2333 1569 476 503 1559 1560 1631 2313 1615
664 1665 1656 717 558 1727 1688 667 600 703 645 641 589 1726 712 687 1714 1676 686 1681
500 516 483 502 1571 525 495 468 1513 1546 513 531 1527 1535 1534 1633 1594 1579 1580 486
891 903 929 937 1982 1950 1995 1993 1992 1989 1914 1968 1976 1892 878 1906 1967 924 1980 1921
427 2318 447 2323 367 1515 412 327 1531 1500 446 419 471 1493 439 336 1524 2309 404 394
602 651 693 586 1695 1694 1698 654 1664 579 639 1687 598 622 616 648 642 1688 626 1697
1511 2312 457 1534 2329 1538 468 2308 1498 435 493 327 461 436 1522 451 397 1491 427 469
767 1767 778 1717 1723 716 1735 1810 1727 714 770 724 1773 793 759 715 786 1761 765 736
1294 1931 911 1268 919 897 1279 1911 928 1304 1920 920 1283 1309 916 895 1300 913 1927 903
242 2197 214 237 298 182 2210 2236 2172 255 195 282 280 2238 2182 270 224 288 2150 2204
181 203 2171 134 2128 2226 178 205 238 197 159 2134 2208 2198 224 2142 243 2190 2194 2153
477 483 1530 1535 2329 502 458 1519 1525 2310 1527 447 1573 2338 488 2320 466 489 1593 1598
735 759 1802 1769 1687 1799 1811 1751 1692 1750 744 1783 752 1798 777 1813 1719 1740 1688 719
743 1693 1682 642 616 1769 628 577 596 1776 1764 626 722 1664 637 760 1670 762 716 1724
964 1950 1931 1935 1997 923 928 1930 1296 1969 936 1295 1993 962 977 976 935 963 892 907
769 1733 631 1706 695 1760 1728 692 1754 673 1730 622 600 701 1765 1773 615 1723 743 1716
1169 1202 1156 1147 1198 1220 1231 1197 1221 1225 2299 2296 1149 1148 1199 1138 1161 1962 1229 1218
384 421 403 381 2305 419 350 457 2316 459 452 2326 362 369 391 433 2321 370 440 443
351 2339 1569 1508 422 409 490 416 472 456 1499 1492 413 1442 1588 369 458 1521 485 1493
1022 1048 1084 1009 990 1006 1065 1019 1000 1055 999 1016 1073 1050 1014 1033 1042 1047 1040 1067
754 1704 1674 734 737 777 699 747 770 652 698 771 746 656 743 644 1750 1698 1813 1762
172 2178 2163 200 286 193 130 261 146 224 266 281 136 254 2143 2151 188 2160 257 143
873 881 1886 1925 867 871 1929 887 1903 1924 1877 880 869 1932 859 1889 1939 1901 874 1871
1545 1557 533 445 489 1536 460 463 2328 484 447 444 1567 1573 531 488 2335 2311 1529 2319
1590 2333 341 344 1447 338 352 435 535 1561 1559 343 1524 1491 1553 1456 1494 1515 444 1591
628 1669 708 686 563 630 1689 588 616 675 1667 674 676 623 681 1700 678 662 1723 1728
24 2100 13 85 17 133 86 119 2108 50 38 132 131 10 59 145 2112 2062 12 1
1592 2334 551 2336 459 434 2321 417 2331 1496 1602 384 548 2333 484 1502 513 1562 1612 1498
2206 2223 2242 227 206 294 284 247 175 253 2207 2238 178 312 199 267 250 307 288 266
1503 2310 422 377 1479 1532 1481 365 465 2302 333 1528 372 393 436 357 416 432 1535 1547
746 755 720 1800 1740 777 1802 1696 748 1724 759 766 1777 1734 1719 731 773 737 1725 1693
325 2307 405 2233 408 302 1490 341 435 430 2245 318 2283 395 366 457 350 2295 460 2322
1616 1630 1646 1614 568 1649 563 511 1619 540 1602 1618 515 524 514 1625 1611 502 1623 505
499 523 1629 1605 1596 1633 1529 1641 1513 529 508 517 1542 1540 1597 509 1533 521 1574 472
1287 1941 1284 1949 1262 937 1938 1279 1951 1939 1920 1298 1976 876 1268 1982 897 1297 918 1950
134 2171 159 206 142 286 246 2175 146 2136 158 241 183 245 292 2146 2137 172 288 266
746 1782 781 782 846 1784 1737 1781 1808 728 743 779 1774 1711 719 1703 1700 748 722 1708
779 1752 771 1772 1814 716 795 1836 706 734 852 796 792 713 783 775 1731 1810 800 760
128 145 194 2136 132 176 144 191 2169 136 164 2186 153 2142 2097 198 146 126 173 175
559 1624 1662 1638 1611 1625 1599 555 1647 548 510 1644 1650 550 562 1609 1643 560 1640 520
561 1674 736 611 679 627 1682 634 656 1709 1664 566 697 742 553 715 648 639 707 608
504 1576 1589 1539 515 1566 1603 1543 1620 482 2335 499 1556 2332 2326 500 1606 1510 519 1519
314 2209 2251 2267 247 245 257 270 2190 2306 275 213 199 307 2268 2307 187 2199 241 2197
251 2234 213 238 265 2253 2152 304 241 2213 240 301 2195 2166 2245 212 2243 219 2169 257
1291 1971 1227 1263 950 926 970 968 1275 908 1950 962 922 1944 1919 1278 929 1947 897 1998
919 940 896 967 969 1953 900 927 970 1930 926 975 953 1980 2002 934 1943 958 899 903
178 2186 289 129 2170 159 2138 262 225 132 2192 2167 2155 176 2206 202 295 210 2205 152
1836 1852 835 1826 825 828 805 841 787 1849 840 819 784 827 820 796 1859 1860 848 830
1896 1917 1900 1932 1884 1901 847 1928 861 1929 902 897 1909 842 1891 893 1904 855 1310 856
691 1698 664 573 1728 611 1673 638 660 618 733 706 701 1725 602 640 615 749 1739 711
1813 1823 773 1805 791 778 1796 780 802 812 1795 810 1834 786 1792 825 811 1825 1811 807
78 110 114 76 2066 37 0 2142 124 89 133 53 2155 119 123 87 120 2080 64 35
528 1608 1588 534 522 1627 1609 1623 548 1645 557 492 531 1580 1556 1550 1595 1604 538 535
1377 1395 1388 1392 1412 1399 1401 1400 1366 1354 1369 1393 1384 1365 1378 1361 1348 1391 1409 1389
511 1604 1548 501 554 492 1516 1616 547 539 1519 526 489 1536 538 1544 496 1517 536 507
876 889 1931 1899 1917 866 1892 1930 897 1882 905 879 1920 1898 859 1887 1895 1875 1922 868
1291 1979 1937 1280 1297 915 893 1950 950 911 1296 907 956 917 2000 1284 962 922 1958 1303
299 2194 2180 2179 2251 235 2287 206 308 2163 2272 2178 210 217 2184 229 171 201 321 156
642 1676 653 568 668 578 644 696 627 585 1660 1685 1721 713 1705 601 1670 1692 659 581
253 2163 2185 191 2156 228 2154 193 194 2230 192 128 147 273 2135 223 2210 2202 2144 2208
852 1860 1906 1853 826 811 1793 823 1846 856 1862 1797 1773 1822 809 1844 1866 1809 1820 1794
302 2252 2282 2220 2276 2210 261 296 2231 257 325 315 255 2205 2221 2249 322 2219 272 320
1624 1647 533 563 1633 514 503 586 1603 572 1612 507 520 1610 510 549 576 543 1649 535
770 792 1799 1846 1830 782 1800 1805 765 808 754 810 1809 1801 1817 1839 761 813 1833 755
171 2146 132 250 120 167 215 2132 2135 2138 2195 208 2148 175 2155 2113 2110 125 105 260
1284 1297 1258 1930 1285 1302 1280 1288 1934 1263 1277 1296 1262 1918 1313 1303 1308 1943 1256 1977
1285 1988 963 1956 1309 2009 1981 1290 2004 923 1269 1944 1977 1985 1263 1926 920 1943 1288 1972
1808 1812 829 1813 1805 850 767 819 769 804 811 788 1828 1804 1822 758 1783 776 764 1790
583 1722 680 759 639 622 588 601 589 1731 675 1643 616 1742 576 744 613 1711 598 1690
148 195 184 154 207 185 2158 221 227 138 173 177 186 175 2134 225 2171 216 196 117
150 184 2172 143 2203 222 2143 2195 212 211 2181 168 227 2131 2210 2109 2182 181 2108 120
482 1591 526 506 523 542 1581 1519 480 501 454 1531 511 1515 1511 491 479 536 493 500
6 2063 2037 90 2029 21 2056 4 53 2035 2077 3 2085 71 2064 2084 81 54 2033 2038
167 181 2170 146 2134 128 209 2199 137 164 2206 2168 220 135 2197 162 169 2128 2102 210
217 2178 147 244 251 213 164 235 260 2147 2213 192 202 266 287 2188 159 271 137 136
2153 2180 229 2146 213 2203 239 268 111 201 164 206 2206 173 161 2207 182 156 2193 105
728 1784 1678 737 1713 1707 1685 694 793 752 1809 1781 1674 789 1747 719 845 738 736 1700
1125 1130 1164 1136 1099 1132 1137 1134 1106 1146 1147 1104 1153 1161 1102 1120 1157 1112 1144 1107
142 2152 199 2161 2187 252 238 111 287 137 195 239 286 2174 123 202 220 160 2190 122
1842 1849 1826 846 827 796 794 1864 1831 840 1848 826 828 1824 1825 801 1835 1833 815 814
426 458 2308 1542 427 1547 2314 1544 484 420 1493 1546 403 431 406 1516 392 1559 1558 1524
237 2227 281 2226 256 219 2160 247 2242 2177 2251 2246 2165 2175 224 266 2200 250 214 2258
1674 1688 704 1697 712 1705 749 591 615 1696 1714 1661 658 1702 734 735 560 1718 668 700
138 2110 118 104 189 95 90 168 2168 172 110 166 146 2109 128 187 143 2095 2136 99
229 261 233 2149 277 2168 2160 2225 2251 2233 2145 283 203 274 205 2226 241 271 2150 237
212 2226 220 246 2246 2236 2195 201 2149 310 308 247 2173 183 181 2238 2222 2142 306 257
637 1679 1704 646 579 714 585 1699 669 1719 1685 640 1706 695 575 677 622 1721 656 601
402 2322 1545 375 461 1542 466 1451 380 470 1518 376 1508 393 1543 1474 441 2329 1471 457
92 113 2105 65 97 2083 2154 2112 116 87 2147 64 2104 130 150 112 40 107 2074 2068
2280 2289 380 2276 333 376 365 372 2257 1182 335 1187 2261 2288 2304 295 2308 1199 2268 341
545 570 556 1614 1581 1659 1626 525 544 1601 1613 575 567 1611 1662 1656 1653 1623 1578 1569
756 1742 763 784 1794 744 1707 685 735 740 1756 1709 1761 745 1745 1735 700 736 1793 691
1411 1424 1384 1434 1419 1432 1375 1438 1428 1412 1403 1399 1109 1387 1422 1111 1388 1379 1407 1401
727 1707 750 737 1696 701 717 576 1758 1706 1718 1669 1774 1779 716 715 656 574 739 1689
795 1791 1764 1850 1843 1803 1813 786 804 1761 1756 1836 1810 1800 750 798 813 1759 789 1806
54 2064 22 9 2082 78 2054 6 31 2055 2051 70 84 2068 2069 2033 2103 24 2093 21
1526 2320 412 408 436 401 425 1513 487 2301 427 1465 2333 1530 1516 1478 1512 1557 432 1537
667 1725 649 669 1687 700 1718 592 771 681 612 688 1746 674 609 613 1661 1707 654 655
222 249 255 2184 2208 2200 2193 251 273 2152 2215 2147 279 183 245 209 2245 2241 2186 191
803 1851 828 1868 1799 1838 1816 843 1792 1778 1846 1784 818 830 1776 1795 1834 826 1807 797
624 683 591 651 604 1664 1658 1676 674 657 1669 630 680 1674 644 1721 602 647 641 595
755 1758 1722 703 1764 1759 1710 1728 1773 735 717 1777 1730 1721 766 1720 699 721 776 742
525 1540 1628 467 1626 1648 1645 457 2338 475 1629 1522 1613 1534 1518 508 532 498 444 1568
913 1947 910 947 2004 899 1949 884 1995 1985 1287 1296 880 1931 900 924 1932 929 1965 1984
801 1813 1784 1843 763 782 856 1855 795 1776 806 1839 1852 1811 798 808 781 785 767 1850
896 929 1961 901 908 1906 918 1980 891 1971 1937 1901 958 950 1926 1959 1939 898 952 1983
79 2046 2030 2094 2053 2039 65 90 59 11 49 2019 2081 55 19 2103 21 2068 2100 72
1944 1992 1943 1924 923 952 883 890 887 1986 1965 889 2009 884 897 1985 1969 920 943 911
732 1696 641 1678 638 1776 753 596 1774 1772 1761 751 1743 693 1778 659 1745 1675 660 1727
1464 1482 1458 2323 1483 2308 2329 1480 2303 1454 1474 1477 1475 1446 2314 1466 2325 2321 1473 455
867 1927 895 853 1923 1916 1302 1899 1928 1938 1881 1906 861 1300 1947 1307 863 1940 890 883
1471 2330 1507 478 1453 474 448 1552 1556 348 2335 469 1510 342 442 1530 410 1502 1475 1562
936 1984 1971 1945 1979 930 935 1999 904 2010 953 907 1942 1952 969 1225 905 922 901 2009
947 1979 958 2000 930 1297 987 999 1947 907 900 903 1990 1943 1944 978 914 1958 983 970
644 1680 656 720 660 603 570 623 724 671 583 728 608 702 592 599 1697 692 625 605
320 2265 334 2206 2288 324 2287 2309 2304 2264 318 2295 2251 2254 2245 2278 298 307 2257 2217
0 20 2101 2053 49 2077 2073 2074 60 58 19 83 2097 36 2091 2041 2086 22 76 2094
537 1598 1569 1618 1654 541 502 518 489 1572 2339 1614 540 1646 511 531 1655 1553 1573 552
1504 2336 2305 443 451 1516 1503 2314 1584 1538 2325 2320 482 2318 1571 2324 469 1582 478 1463
405 2323 452 1464 373 365 1474 2308 1524 446 440 1552 2317 1558 2300 1517 1491 1472 1526 1505
446 1508 2310 1482 2309 2311 2302 1526 465 2339 439 462 435 2325 1511 1549 429 1493 452 420
59 2086 2041 2072 38 106 2070 77 51 56 20 72 66 2069 84 2060 2079 8 2051 15
421 443 1501 1511 427 1530 456 464 1531 463 2338 2322 424 477 2332 1502 442 1529 1508 2323
1555 1591 1545 553 549 1553 1566 1615 550 462 489 551 471 1606 1527 1603 1586 2320 1568 538
630 1689 1732 1680 624 1733 729 1730 666 684 1669 736 1666 675 1710 718 1679 599 611 1723
46 79 2089 15 2098 56 2052 8 2057 20 2065 59 2 111 100 2093 2101 29 2046 2050
