190 785 805 205 859 768 207 735 1109 799 852 760 770 844 1022 757 163 1090 162 734
1030 1084 703 766 234 239 757 707 713 1074 1051 212 629 1006 1099 1044 1091 777 1018 758
145 965 102 1128 124 88 137 620 159 657 704 149 89 1126 29 948 41 693 705 36
111 1155 110 144 1151 1175 853 1225 161 1171 101 1138 126 129 1188 140 166 149 957 92
107 141 1231 133 127 607 15 1196 915 1118 46 872 1216 38 877 111 1219 894 963 137
1237 1245 1151 38 1194 1246 1174 1253 1162 1192 1220 1158 1210 3 1145 1189 1242 1222 1181 1215
105 125 1217 1194 908 112 138 875 1150 867 155 1212 1223 1140 959 856 881 905 176 852
131 1153 955 1151 179 85 1150 71 174 173 18 1204 1218 146 1115 163 11 1216 967 96
223 1100 733 1083 729 1037 813 241 736 230 215 800 789 1094 797 204 221 1078 746 222
206 805 859 858 179 211 195 199 1085 786 754 761 823 836 844 1116 825 766 757 845
64 956 623 1138 631 70 664 911 1159 950 35 914 611 967 980 659 978 138 968 705
500 532 560 580 1297 1301 1273 576 509 510 463 558 1294 478 1270 1295 536 581 1267 533
941 963 687 88 651 920 678 1141 1160 595 599 964 919 930 653 933 62 44 28 68
233 252 1032 1090 1072 736 735 756 1096 219 237 281 298 1081 222 241 742 213 267 737
472 1364 1294 1365 1352 480 1372 413 425 1367 1334 1283 513 482 1359 1318 434 412 451 495
162 185 195 619 109 110 189 105 157 203 662 115 762 693 88 1099 118 827 614 828
84 1155 1220 167 959 624 67 27 1237 119 596 929 153 1171 36 33 150 1232 160 76
374 393 1373 397 431 347 1368 390 1366 443 342 447 364 345 441 1374 372 438 1376 391
197 810 1087 177 831 172 790 1103 210 759 1122 1090 186 758 181 180 1121 806 214 1124
462 509 1327 1266 1366 493 523 500 1364 557 1369 538 549 1348 1268 1274 1313 459 495 564
97 131 26 23 1135 95 975 1215 884 1230 1115 21 901 73 974 159 76 34 1218 147
22 84 586 974 1162 49 1217 594 66 911 965 959 606 1140 584 1 1228 884 933 60
664 720 640 734 923 785 979 993 170 1132 1018 952 1024 1000 1014 764 765 945 647 709
628 985 657 601 620 968 681 996 142 73 942 676 920 46 37 990 615 599 678 613
101 866 1215 849 913 155 1217 79 1234 905 1122 169 74 896 1126 1121 1189 31 137 1119
46 603 155 84 629 923 30 626 92 19 902 950 87 141 975 978 969 959 611 566
437 1334 415 463 456 388 1348 382 1339 472 469 387 1349 466 449 426 1338 1374 1352 406
649 694 630 155 137 1001 633 662 148 654 690 716 603 663 1026 706 135 958 652 1005
177 196 824 164 1100 810 784 1103 135 843 1128 849 129 218 1015 845 168 833 151 842
762 1035 781 192 1103 1017 758 803 715 209 195 1034 728 750 222 185 734 1091 236 1009
26 1208 115 30 131 595 76 883 19 1191 1219 1224 1167 1175 1171 901 1216 83 1247 41
687 1017 972 1120 685 1131 1028 700 1117 617 913 1061 971 1065 1068 1064 1044 1007 689 662
2 1166 10 1124 1200 44 25 33 1146 117 0 1171 8 902 1156 43 1145 46 1152 880
32 968 122 1257 581 92 1155 1229 627 604 1185 11 681 129 97 1166 1167 587 1200 14
302 320 310 324 258 341 338 301 264 318 330 282 342 274 275 343 252 347 314 346
29 137 1124 88 630 646 643 1187 90 138 1222 111 87 1141 901 597 1145 608 1202 962
139 896 106 957 143 1201 606 877 72 631 73 906 97 635 1217 1134 14 6 1195 915
590 931 44 947 979 69 987 915 565 967 966 973 972 615 914 974 934 938 610 977
291 313 281 280 257 330 268 283 339 285 304 346 301 294 248 296 260 267 322 264
1110 1127 682 880 679 147 105 737 858 162 171 784 854 214 145 1137 87 825 829 207
937 980 159 601 80 72 82 943 689 69 597 662 47 165 1002 963 672 973 629 656
428 450 401 406 1340 1344 1319 1371 413 388 1337 1368 440 1335 1372 438 489 381 485 369
830 845 1114 173 1123 781 795 176 854 1095 194 779 859 871 189 850 223 793 1100 1101
460 1315 1276 509 1295 1363 450 484 1340 1359 1342 478 1367 1325 1318 1321 1337 519 480 1351
203 218 179 804 171 181 841 786 759 764 205 820 1100 1093 752 813 773 790 1114 192
750 1023 778 1089 649 1088 1006 1036 1000 779 229 981 1102 757 735 1013 1105 222 232 773
1123 1160 863 121 903 797 154 949 163 29 1190 811 1113 182 896 2 1142 193 661 194
186 812 137 804 201 134 1129 199 178 212 156 1096 834 768 158 842 792 1102 220 196
779 850 124 1019 764 835 876 810 824 854 1130 825 871 870 209 1096 1136 819 813 182
130 184 128 1141 1105 1115 825 888 782 769 1144 794 1132 163 1156 807 799 798 800 82
979 1003 941 994 137 653 669 945 1006 678 62 627 971 932 141 589 70 1026 995 618
115 861 1125 818 793 1164 836 882 1141 1191 1160 791 133 801 1127 93 859 908 1168 1114
900 1241 44 1258 131 944 118 133 1127 1215 74 1197 100 913 140 70 882 1217 1210 27
497 1302 543 490 1279 1300 541 1312 546 523 1317 534 1291 515 1265 1280 1309 460 544 539
747 1069 1096 1099 1050 1072 1015 224 1083 775 1031 1097 769 767 1023 1067 779 228 1056 1075
155 865 641 908 914 1180 179 963 1193 1129 1120 69 691 1167 796 646 870 876 44 51
9 870 853 882 1157 858 37 1172 1125 123 101 158 1205 1177 128 1225 110 130 1240 103
934 954 1161 978 34 943 698 573 65 621 30 586 971 1163 146 583 988 133 690 151
482 1289 1369 488 1340 489 499 1274 454 503 1366 483 1357 466 1303 1362 1379 1268 1275 451
84 960 98 1186 908 1207 1156 1149 1205 972 600 2 899 951 54 695 624 5 665 963
67 570 147 138 537 84 624 977 959 641 590 555 580 534 1258 625 567 88 906 627
538 563 507 597 527 502 1259 1255 515 1258 564 512 62 519 595 537 1265 496 1276 600
122 1200 880 888 1130 180 1145 1230 1116 20 150 1168 178 111 1131 1127 165 877 1172 32
104 864 1137 866 101 908 1187 157 849 881 34 808 902 140 840 96 97 82 133 13
82 608 100 104 89 1157 600 631 593 158 969 1132 951 118 963 880 1197 144 1147 1016
667 1025 1046 1083 1081 710 920 767 918 696 706 1061 965 783 957 1065 628 947 1054 158
78 122 149 871 897 131 652 883 647 594 49 1157 633 898 599 902 579 875 62 1150
686 948 697 156 899 1017 971 27 986 682 1022 955 1005 1119 650 88 152 934 896 939
317 333 295 281 287 313 349 316 274 309 322 360 325 342 286 311 273 284 338 291
477 502 526 510 550 1379 536 546 1292 1265 461 1281 1340 1365 472 468 1368 1289 1335 1374
77 651 74 718 948 57 1161 1169 947 648 692 656 992 900 64 702 20 917 962 18
223 1073 1111 830 218 1057 764 1045 219 1106 740 206 252 249 772 234 1021 1109 221 761
912 1202 126 676 1171 904 925 963 1155 1198 23 651 965 81 1136 962 45 152 1224 88
26 910 1147 1154 974 152 91 934 590 1223 77 156 1177 137 122 930 1237 1231 62 933
659 968 38 705 71 989 975 169 164 606 61 148 692 628 41 591 612 131 720 934
457 1337 502 1377 425 413 426 453 1329 1362 431 1284 1358 1372 1280 1339 1336 452 421 1363
446 1372 480 1320 433 471 1353 1323 457 473 1348 455 1378 454 411 448 442 1366 486 1326
572 584 635 84 562 564 526 536 86 622 57 614 27 602 918 611 66 575 42 525
108 1211 144 895 112 865 166 875 1225 1223 1213 1231 1215 913 1 4 1221 161 860 31
189 215 228 797 763 223 839 1129 168 1084 803 1105 799 233 776 213 800 162 224 1075
1017 1049 988 1043 1063 643 1065 746 695 1072 743 736 985 680 1014 1058 731 697 767 779
287 319 337 306 342 325 264 276 309 284 262 291 285 280 318 258 321 333 268 300
1123 1136 884 28 23 198 143 792 1112 165 1197 84 195 781 1219 765 172 806 1153 877
75 928 921 651 1143 918 52 970 89 931 902 957 650 111 940 116 1174 134 945 587
1045 1089 1070 735 1112 231 1100 755 244 241 782 197 191 772 1048 1079 206 1080 201 1023
13 1219 1229 1166 123 1196 1243 1147 1211 31 1232 1141 1230 1186 904 1221 82 1218 1205 903
714 1000 985 996 627 625 1010 934 729 725 1008 711 662 978 992 675 1025 972 630 626
138 1148 1211 1191 866 7 653 154 1235 67 1124 637 1141 870 859 15 1216 40 1154 632
895 1191 21 91 1216 18 954 956 141 877 897 7 1146 915 112 1189 1224 130 1181 2
958 1164 896 1214 105 920 943 15 1178 941 1183 648 1222 1128 1169 103 938 973 1140 148
951 1162 89 929 92 1196 662 104 650 75 1227 897 896 923 883 38 118 1212 1208 132
75 945 42 107 968 895 1152 649 104 655 156 970 674 66 644 102 105 610 646 150
821 852 1131 862 173 1096 832 1091 1095 208 879 763 118 162 828 120 1110 164 171 866
666 1013 1037 1003 751 1022 712 1058 747 631 1011 971 683 635 1047 1049 157 948 155 1057
51 612 66 147 647 944 934 35 644 71 643 954 86 578 1011 920 625 590 632 621
147 634 687 632 918 102 962 37 970 1011 1019 141 974 1002 109 98 955 81 164 692
155 176 961 1017 652 55 156 158 780 51 794 184 621 869 951 58 98 128 207 627
88 886 942 1150 865 62 945 603 1183 119 44 966 106 1128 900 875 604 170 1194 102
585 930 564 954 960 587 74 946 991 538 926 989 936 39 548 82 61 927 979 947
897 1130 852 157 1235 146 23 1224 896 177 91 21 892 865 1146 869 163 665 1225 667
696 959 156 1013 635 945 1169 662 37 147 1023 692 638 92 630 70 71 986 73 87
93 1187 158 1215 903 58 971 910 1181 70 110 1135 84 108 1238 883 114 897 151 50
472 1294 1304 1303 1281 1372 479 1348 509 1351 1337 1292 451 493 1360 1367 498 1341 1378 492
824 1095 819 176 196 207 749 811 1088 1076 190 1110 835 223 238 738 191 241 743 855
15 126 1170 878 874 1151 128 1180 10 19 155 14 873 1126 117 887 164 6 1140 1132
582 630 47 583 933 606 609 28 976 1029 645 540 708 558 68 628 640 77 1003 982
35 125 884 867 1131 46 60 1240 66 1123 1244 946 909 1156 72 945 169 135 1145 183
209 831 202 217 1104 230 823 215 856 852 201 833 206 837 175 177 810 762 1097 220
26 1154 13 1198 1165 597 69 958 1156 84 1136 1218 86 91 135 1225 20 72 114 1253
689 965 713 700 649 166 638 943 76 970 1125 147 629 947 152 937 1127 1016 653 46
959 1147 1157 1197 53 954 16 1191 71 943 41 694 1214 1198 1204 4 1186 74 1165 908
727 979 664 600 607 642 1079 967 960 632 1022 983 973 925 625 673 608 750 968 712
460 1379 450 416 1369 1359 392 1338 407 474 1351 470 1375 500 497 1282 1321 469 1352 1346
211 227 197 761 1036 738 1104 1114 1083 236 180 803 742 225 794 183 178 201 216 199
468 491 460 497 463 511 526 521 1356 1378 1316 1267 1347 1359 1361 473 532 1362 502 475
861 889 810 1142 79 14 168 847 9 1163 782 106 159 1196 1141 23 785 880 1136 909
903 1159 1204 965 12 142 1158 1138 98 909 74 141 101 1199 1242 860 120 10 1161 1169
35 966 632 130 945 705 1205 1198 901 131 924 1160 95 971 694 77 1195 645 589 18
151 906 1145 65 176 1207 37 883 68 98 882 941 100 69 613 135 604 935 17 947
777 1097 774 853 769 843 1105 182 1111 1023 810 1096 1015 728 745 854 759 230 792 1119
180 783 149 158 735 731 794 827 1095 208 183 139 1122 839 824 1017 128 805 763 716
797 1091 767 1126 730 823 756 732 747 865 233 185 793 836 207 856 791 802 753 208
451 488 486 1334 1292 456 1376 493 1348 1305 1321 1315 1290 518 1289 520 1366 436 432 489
664 716 715 661 1040 770 147 718 660 724 668 973 1024 708 671 1035 989 903 651 162
658 1017 916 692 992 960 730 1069 690 696 654 1026 953 176 661 705 651 642 614 163
71 650 642 927 134 720 971 972 936 984 568 142 933 157 976 692 89 693 1010 917
530 1274 1270 576 487 1272 1279 569 1292 560 1295 571 1267 497 1262 518 500 484 534 506
103 147 694 165 625 872 883 913 144 1132 114 9 857 1219 655 603 1180 1207 1130 91
357 371 378 341 420 432 439 390 403 380 346 437 431 329 351 372 428 396 402 340
115 1179 1188 10 131 901 152 13 870 113 1175 1143 1227 24 7 149 1203 102 909 89
127 174 97 770 859 970 1154 105 1139 107 4 125 1105 33 165 796 1102 795 172 202
236 1071 1078 1048 262 756 1037 1049 237 222 754 1067 256 225 1094 1058 748 746 1030 1099
20 43 608 1242 1238 1130 596 99 585 47 970 1245 595 82 1184 103 943 584 1141 1134
1320 1368 1327 1349 424 469 1309 1375 477 395 1315 408 455 1365 1322 481 1376 487 1321 473
706 721 639 998 739 642 772 783 719 638 649 1001 735 697 966 1008 982 771 749 773
172 789 158 1125 729 674 148 860 149 205 687 794 115 1098 1105 849 771 155 1113 787
1009 1029 773 719 725 630 972 970 738 1022 1014 631 999 677 755 635 639 1082 611 779
581 602 35 50 154 571 49 978 37 598 562 540 614 593 75 553 32 46 29 47
233 765 1117 1024 1091 1094 764 1119 269 260 185 825 1106 1014 802 813 762 244 254 741
822 1104 759 859 1117 821 846 173 184 199 195 1086 749 207 204 760 732 219 824 1100
1130 1200 86 177 173 27 1225 682 148 1228 688 890 1115 1213 789 1199 158 670 873 785
358 386 382 378 404 359 340 435 366 336 411 373 379 443 405 399 437 389 369 354
1148 1184 87 1197 19 114 1206 133 1134 111 92 1237 882 1219 8 904 1169 137 127 868
667 957 149 700 146 142 660 1146 1122 1126 1151 103 670 73 895 61 682 662 40 697
107 1169 1210 906 19 1219 83 890 898 897 145 1178 1204 1216 916 98 1196 1199 863 961
55 905 900 69 914 161 73 942 926 92 1209 933 627 565 570 1131 621 77 659 1198
24 1239 111 117 1227 899 95 115 17 951 891 1251 1138 1226 1145 93 1178 76 1191 877
65 575 533 79 612 609 540 908 959 145 547 952 932 151 529 32 548 637 642 940
735 781 834 1041 782 810 1067 1073 759 1064 1059 1087 1125 1040 727 753 1062 204 719 193
8 98 895 1143 1204 71 1172 94 92 15 1221 965 78 1235 880 956 73 885 22 959
