157 229 114 249 279 610 281 158 601 211 69 142 111 557 182 87 1459 1448 265 198
214 1487 232 290 124 207 296 181 1299 1270 1284 530 515 227 1317 333 191 1272 129 55
1298 1483 27 1396 166 1422 7 225 1262 185 83 1503 268 19 525 98 58 1485 1491 1515
813 925 800 768 864 862 752 829 793 701 962 959 695 1019 845 789 703 1002 977 916
356 435 444 367 438 286 391 388 313 355 402 323 412 359 451 479 405 382 341 387
922 981 1032 826 778 837 880 907 906 757 792 1036 771 896 1021 992 842 817 886 787
309 1439 511 333 350 1447 32 1281 259 18 321 352 1410 2 478 258 1530 1419 506 344
26 1377 1245 1455 66 175 1234 1309 1269 1383 55 262 8 1312 1327 1378 43 40 202 1423
549 631 753 582 725 534 138 520 229 223 1482 714 218 736 591 726 580 688 164 245
293 329 372 466 299 1518 273 268 1479 10 479 461 1459 178 320 364 357 278 367 1445
112 1456 524 27 568 531 103 1265 307 278 508 1421 1290 1503 1466 1437 225 10 1445 202
1061 1173 1202 1164 1148 1136 1067 1073 1108 1127 1118 1080 1131 1072 1193 1114 1223 1052 1015 1231
867 987 980 870 824 822 866 1033 881 928 912 926 968 965 986 860 1031 762 807 847
35 1259 1485 1327 1445 17 96 103 1287 1294 230 1369 1293 1524 203 1461 1348 92 101 183
745 816 710 879 730 891 647 749 666 725 701 823 761 789 665 768 702 637 973 815
1295 1340 1236 1244 1516 61 1424 1320 1289 1253 1325 7 1214 1453 1525 1224 1430 1375 1498 1326
102 231 236 33 556 174 124 153 276 627 1411 173 230 516 214 1405 553 265 573 139
146 251 113 177 570 61 90 169 134 95 278 126 101 258 1452 218 1484 261 596 610
425 447 386 355 454 419 463 489 405 406 423 430 371 446 456 382 379 343 429 469
101 169 1491 552 216 527 49 75 287 1481 283 1478 247 589 223 60 543 1461 28 197
911 994 910 835 785 1014 922 1005 762 822 881 800 1127 764 920 806 950 1129 808 933
1249 1415 277 1511 1275 279 1405 1526 1293 1326 1463 1402 42 1324 1256 256 1229 199 1287 1364
1260 1427 1301 1453 1431 1261 1263 61 51 1233 3 71 1235 18 288 332 1287 1298 1363 1462
19 183 237 1478 303 274 1261 1395 1240 228 300 1474 28 38 1247 53 1416 1252 1439 221
245 515 174 1466 139 75 528 649 290 1470 223 190 116 609 1479 150 121 1503 320 187
88 1472 1449 130 1441 95 533 10 1478 1409 7 229 8 1480 140 287 250 176 542 260
262 520 1410 478 81 307 1469 1451 229 497 512 187 521 548 310 233 156 513 510 298
36 231 550 1424 229 628 601 64 1314 1394 1287 93 213 146 503 598 83 272 1472 121
1230 1305 1380 1166 1524 1284 1214 1395 1335 1449 1445 1163 1521 23 1417 1500 1439 1525 22 1480
297 351 19 7 509 268 197 281 377 1430 1487 350 11 1513 2 306 272 372 1425 189
701 785 642 612 948 666 823 933 763 751 815 849 662 827 838 800 878 622 900 671
222 550 87 556 610 1488 618 78 159 596 520 660 517 123 260 178 1491 245 1480 136
1045 1179 1094 1075 1066 1106 1146 1111 1117 1020 1149 1185 1207 1126 1234 1073 1022 1219 1076 1205
824 950 783 810 846 840 853 702 872 968 1028 899 962 722 1026 771 998 772 904 972
1402 1501 347 1451 1410 1277 114 10 168 1253 1488 486 301 1324 520 1437 1310 1244 46 344
188 566 1443 687 178 532 198 1425 1400 131 66 288 210 653 1413 533 103 144 297 255
130 1481 1440 1480 17 1416 526 5 301 1525 592 185 581 1402 616 38 34 1508 71 1489
1028 1097 1154 992 1027 1136 936 1207 1199 966 1139 1174 1193 1197 962 979 1191 1142 1115 951
173 587 97 579 656 1484 571 132 603 649 226 582 19 648 135 576 1476 186 154 180
314 464 498 357 442 322 408 1445 432 385 444 315 421 275 470 514 271 422 290 478
238 566 257 1476 548 1466 1464 686 563 623 162 588 676 578 606 269 171 673 509 690
88 126 238 63 285 622 194 1491 1475 520 582 134 257 60 36 27 102 44 84 600
277 316 309 310 499 1499 1518 113 131 223 1443 466 21 1458 89 1452 1472 501 54 1523
1415 1510 1307 1484 316 1253 1518 291 269 1323 1292 1271 496 1513 25 281 1247 1275 69 1457
1019 1120 1133 913 1214 948 1144 1185 959 1084 968 932 1164 1127 1017 1006 1031 1175 1183 1113
1480 1487 334 1418 275 26 1517 520 525 155 1460 1481 31 111 4 91 290 237 78 7
1280 1335 1338 1504 9 1330 1487 1519 34 1312 52 1267 1241 1515 1304 1237 1486 0 1233 18
70 1453 226 1532 204 1457 1298 310 67 1487 28 566 233 292 118 293 537 260 164 137
427 449 353 487 432 455 465 405 490 348 435 464 385 421 339 362 431 471 477 451
498 514 298 1441 548 508 342 232 238 273 1525 354 528 87 1519 471 168 231 1504 517
317 1494 1507 13 289 202 219 1442 1437 16 69 269 1315 12 1472 1501 277 333 1268 276
175 217 553 126 502 532 161 1463 1474 260 106 88 490 200 107 1455 185 174 538 235
30 1286 43 1513 1479 1222 29 1484 1273 149 1225 191 1387 1445 59 1458 1341 50 88 1432
1248 1325 1241 1301 1227 1409 1206 1314 1231 1311 1200 1329 1327 5 1350 1208 25 1239 1376 1324
117 508 1451 490 1515 41 536 217 1486 463 507 75 320 303 606 36 273 64 542 1493
213 517 254 261 477 1471 285 544 190 164 1463 267 1440 149 1464 552 198 268 1459 526
766 816 676 848 944 979 880 893 938 896 846 755 723 796 800 693 834 725 671 853
384 446 370 489 390 481 350 404 459 393 448 415 423 400 477 436 414 373 352 412
40 1267 1280 63 1462 1509 1237 229 1261 236 1334 219 91 210 1295 1424 19 247 128 143
41 75 553 47 1302 94 135 1413 106 1265 1281 1483 111 86 1410 64 284 63 544 537
702 718 784 733 662 743 835 864 694 842 731 732 779 827 663 657 651 826 646 755
18 1511 1300 1250 67 1266 1335 294 255 1262 209 311 1480 1487 1460 333 1343 312 1473 328
103 1477 1448 258 86 1499 599 126 198 19 125 1395 87 68 1473 1431 170 537 110 594
1016 1053 1121 1007 1074 1057 1035 1194 1076 947 1100 1068 1092 1172 1135 1141 967 1048 974 1038
62 206 148 549 52 217 61 1417 1279 202 1453 1316 1463 258 21 143 64 230 1444 141
93 259 299 57 594 1470 578 111 233 113 490 266 591 16 204 1419 278 540 159 148
173 548 566 286 42 583 554 636 175 287 523 257 1482 653 1414 263 609 591 617 237
95 519 178 1491 1479 121 33 256 532 241 567 21 162 56 585 57 1489 552 188 545
149 581 662 261 625 186 212 37 1468 618 50 549 582 565 223 253 554 575 524 125
21 1280 275 1257 1223 1232 1424 190 111 1248 293 1339 1220 49 201 1436 1408 1255 1422 270
1224 1283 1458 1139 1448 1494 1314 1410 1370 60 1530 1361 24 1527 1420 27 1419 1142 1293 1287
724 863 854 934 825 876 805 963 999 631 645 979 892 775 971 856 920 763 857 980
1059 1141 1071 1195 1007 1116 1180 1081 1210 1018 1227 1182 1150 1103 1118 1036 1131 1039 1228 1111
341 449 311 361 402 388 1507 1503 486 418 298 417 397 1531 495 414 1526 1441 373 347
68 272 295 234 99 1520 193 2 27 103 143 1490 137 260 127 1483 543 529 205 1473
1329 1410 1501 76 1332 1368 1370 75 1325 1270 1273 1460 80 57 1519 99 1458 1230 1265 1296
667 698 657 580 636 750 797 564 743 840 733 581 573 755 611 630 809 721 794 778
264 1437 1435 131 225 189 68 19 250 216 37 244 1449 115 181 1439 1263 336 44 514
1419 1515 192 1245 1383 1460 328 339 208 1318 1273 1327 55 1299 36 1253 319 285 1462 1511
277 1444 1459 1433 192 478 133 1524 1417 225 230 1464 1437 145 1456 1463 1474 1447 131 130
819 958 961 1030 833 894 754 817 821 857 802 826 690 751 950 728 960 871 891 801
241 655 597 1461 609 74 794 72 614 518 172 44 1458 152 683 104 141 107 237 564
935 1024 789 994 828 1171 772 960 979 1030 1097 971 983 866 1040 943 798 1015 823 784
689 821 918 953 900 612 716 654 917 966 598 663 837 735 780 604 965 872 728 634
1242 1256 1305 1302 1401 43 10 1200 1296 1424 1327 1279 5 1402 52 33 1416 1307 1309 45
123 188 241 237 15 223 548 290 262 86 238 595 40 1485 80 575 1465 31 8 605
180 1475 568 54 155 94 1410 1478 163 533 513 56 153 151 295 139 553 68 256 31
68 222 295 207 1446 1495 1 517 1313 127 529 179 1413 1310 160 518 1492 525 530 1412
108 1446 536 1449 1416 1481 1522 35 1486 199 112 1279 521 1520 1435 1308 80 235 213 1302
230 523 67 97 567 118 1489 572 300 596 258 531 89 1494 57 260 152 579 557 305
192 507 46 579 7 256 24 1447 240 511 141 202 119 151 156 293 1437 205 1430 250
122 1409 1331 597 171 1469 87 583 46 1529 63 1270 286 1281 575 269 543 29 1467 66
1220 1268 1324 1389 1383 1403 1431 1509 1327 1307 1149 1298 1237 1143 1456 7 1151 1136 66 1521
1324 1340 8 1424 1314 1369 28 5 1414 1321 1368 1257 1404 1308 1397 1327 6 1225 1277 42
79 161 203 35 57 1403 85 119 267 1407 569 552 59 547 224 134 233 1400 1405 562
1130 1168 1107 1053 1209 1054 1186 1052 1226 1070 1220 1099 1048 1026 1228 1088 1028 1042 1093 1175
16 1427 297 1312 8 340 511 1274 27 1422 289 1320 1444 296 1302 183 1376 303 29 268
26 87 47 99 278 1253 50 1249 237 141 86 84 1458 152 33 1433 222 28 186 267
555 613 120 642 105 73 684 124 72 725 614 538 156 530 138 545 599 248 177 663
221 495 566 158 40 161 213 152 277 275 233 272 327 479 47 38 273 122 452 1502
1086 1119 1132 1172 1166 1118 1155 1006 1215 1216 1053 1052 1176 1188 1186 1190 1074 998 1169 1061
10 1439 38 326 1 289 41 1376 56 1233 1488 49 31 48 1313 331 1394 1500 496 184
861 926 952 757 839 941 914 981 916 780 879 973 829 968 766 862 932 1014 935 856
1279 1382 1408 1312 57 1257 1519 1406 58 1284 1418 1334 6 1486 1230 43 1317 1325 1272 1453
826 963 726 992 786 709 722 861 957 749 996 717 955 777 935 886 906 983 858 707
767 923 999 918 1000 757 997 727 817 758 764 799 874 854 943 830 688 786 877 732
1287 1381 1428 1230 1324 1419 47 1292 1237 1301 1509 1298 1266 1501 1485 1400 1322 1263 1481 1332
174 204 175 208 53 503 207 518 215 528 283 602 606 587 56 28 44 112 206 1472
806 914 765 874 905 745 878 747 711 858 910 842 638 836 1019 875 979 1003 832 851
1149 1203 1336 1133 1231 1052 1123 1075 1013 1365 1096 1205 1164 1043 1126 1371 1086 1249 1030 1342
1278 1390 1507 1458 1431 1386 1449 1522 1429 1326 3 1499 1300 1519 18 1350 1 1480 1304 1217
498 1441 322 259 188 1431 6 1515 279 354 12 1296 453 1280 1500 16 352 1445 1466 462
762 804 890 793 765 662 792 816 681 696 868 837 811 726 799 882 835 820 901 706
325 1437 1424 1290 1528 499 263 282 350 322 5 1422 373 344 1411 272 1469 298 506 303
714 828 969 775 618 869 842 751 791 763 956 769 957 808 774 880 967 974 868 979
63 1443 500 73 530 191 107 1451 120 1490 334 1515 57 1449 1284 539 162 1452 263 193
672 790 772 675 725 929 722 681 682 824 952 738 842 704 942 654 763 735 575 616
303 521 218 525 1458 334 189 235 344 524 115 493 1504 219 349 5 242 191 68 551
240 277 563 74 184 173 293 146 1467 636 266 580 1515 294 316 498 1514 1494 54 65
852 988 958 812 1010 791 758 722 918 917 800 785 989 736 1030 857 772 723 941 878
211 276 530 49 510 97 1480 1503 109 54 1490 122 41 60 1530 326 116 1512 275 167
204 561 626 163 95 637 534 280 1412 44 76 184 185 668 556 267 202 172 557 56
1265 1325 1374 1276 1508 1 1369 1309 1339 1437 1288 1394 1293 1242 1373 1271 1423 1524 45 1348
1093 1211 1122 1081 1080 1335 1146 1162 1016 1019 1229 1137 1339 1233 1196 1188 1199 1113 1250 1123
1018 1107 1133 1017 1041 923 949 985 1033 1049 1201 1161 1126 989 1166 892 986 934 1128 998
1041 1129 1187 1066 1101 1098 1189 1114 1204 1057 1028 1160 1078 1038 1197 1071 1162 1150 1091 1174
353 477 368 372 343 485 302 280 467 468 508 456 443 439 472 289 517 1501 306 1528
288 327 219 1444 0 1416 302 224 467 464 1448 318 216 103 100 516 475 83 81 193
641 743 799 863 696 552 672 821 698 787 615 792 245 712 575 749 726 733 789 849
110 279 287 183 1464 107 50 1432 500 44 87 1440 262 1463 294 559 22 54 491 562
830 930 1020 842 817 746 721 978 749 901 891 957 788 809 840 880 1017 705 884 803
89 1475 577 121 133 30 254 590 230 548 88 154 600 1425 167 102 608 582 571 272
208 572 503 647 137 281 221 142 1465 614 504 642 61 179 294 112 92 271 286 575
455 473 435 301 295 513 402 449 451 448 458 300 383 366 361 493 352 393 317 319
167 278 1408 268 1418 73 534 559 478 84 511 1515 271 139 175 8 1409 321 259 536
667 738 784 589 884 681 569 835 881 823 662 588 850 778 763 619 760 707 584 866
641 692 670 620 780 674 767 600 667 755 583 804 776 723 686 737 547 661 618 603
1259 1424 1472 193 1270 1385 1220 1452 268 1276 1296 1451 1343 1445 1281 1420 48 22 1401 1390
803 881 699 880 761 618 635 634 805 919 854 796 640 647 804 620 733 982 623 701
733 832 884 855 872 820 807 805 708 764 735 710 618 925 833 686 626 976 741 816
1059 1093 1128 1205 1048 1001 1169 1064 1199 1012 1015 1092 1042 1079 1085 1207 1122 1096 1150 1033
1084 1179 1027 1114 1118 1200 1145 1103 1224 1085 1038 1190 1125 1162 1029 1069 1077 1210 1008 1185
153 581 53 184 680 121 248 261 662 151 682 78 180 528 627 185 634 170 179 626
4 1269 1414 265 1298 1431 1404 1375 1443 1460 1374 1305 1244 316 64 1325 1528 1324 1265 1512
1309 1528 17 1285 1479 44 1265 1266 1270 1396 329 1502 499 1326 1445 502 1337 1414 273 276
43 249 1291 64 1449 1262 67 54 1410 1452 1466 606 98 269 1456 1447 599 183 210 40
770 902 807 800 843 894 708 930 785 1005 837 842 767 927 879 832 819 681 1012 908
724 768 950 677 868 707 905 667 689 716 920 626 786 637 828 722 857 612 840 808
495 1441 354 1308 1436 1472 1453 363 295 468 2 1266 11 518 501 218 1305 257 214 298
295 324 471 1461 466 194 1417 1510 23 292 255 336 1506 520 198 259 1440 1499 482 182
