326 352 327 341 310 411 406 334 316 358 308 350 337 331 298 402 385 356 305 339
253 272 10 681 295 213 21 288 694 190 266 38 15 16 229 703 225 692 200 695
189 209 203 246 202 713 224 247 181 9 708 37 47 239 231 44 268 167 707 271
57 673 31 0 682 32 643 61 96 711 663 678 20 675 17 78 11 19 670 23
7 707 46 231 17 278 45 183 54 176 5 199 274 216 703 209 49 182 27 709
227 691 194 672 236 279 214 240 237 207 36 7 664 57 40 247 9 22 662 217
20 187 698 41 229 672 58 212 231 257 28 685 224 183 26 680 192 220 27 195
95 104 116 662 650 651 600 94 681 82 121 90 114 84 571 132 573 77 128 599
29 685 47 93 23 700 661 11 70 35 680 256 187 231 8 32 44 713 7 38
80 604 596 657 678 601 627 615 577 622 59 574 647 636 578 61 69 645 599 592
19 705 235 209 178 712 212 34 28 37 236 46 35 49 187 666 197 700 265 262
331 348 328 305 408 322 383 316 353 364 317 303 309 360 405 396 300 374 346 397
64 686 190 207 617 60 700 261 236 708 243 40 192 676 619 626 46 45 195 674
18 60 667 8 219 707 55 709 224 244 180 44 190 633 706 642 661 632 650 649
35 217 670 708 54 247 56 201 222 204 19 237 189 695 38 254 27 705 194 16
57 625 43 682 611 702 40 688 8 93 641 89 698 1 643 665 65 79 671 39
457 471 504 431 448 426 435 433 453 441 498 510 420 442 470 508 432 444 513 439
592 606 86 90 84 609 589 618 92 615 565 562 596 80 561 94 632 656 602 587
253 706 44 269 665 211 677 17 223 285 212 186 712 219 47 708 241 267 189 218
459 476 434 430 506 509 510 518 429 419 455 477 456 474 507 489 443 418 426 508
46 67 689 16 12 226 8 212 624 611 48 698 11 41 631 646 647 73 44 617
434 454 457 462 497 421 474 424 417 450 445 491 412 403 439 409 426 437 498 436
442 484 418 457 458 477 425 471 520 440 468 514 476 494 467 480 512 420 453 509
238 711 256 15 7 39 275 3 29 37 682 704 214 678 182 223 692 691 667 210
438 452 481 440 420 475 468 423 482 464 474 404 495 403 491 416 432 490 473 429
34 675 45 17 25 214 33 229 48 28 687 53 192 220 698 35 231 93 245 246
18 55 231 669 46 184 11 213 703 35 84 696 2 247 207 15 21 5 51 655
90 110 621 603 69 654 130 102 597 125 637 602 136 631 606 622 71 571 616 643
461 501 416 481 464 499 470 447 428 521 526 459 432 472 439 525 505 463 496 488
57 669 93 624 16 66 678 704 90 657 97 20 29 685 55 40 31 32 37 52
277 704 5 672 292 276 687 682 667 671 3 39 298 686 250 280 235 41 665 702
241 262 3 19 187 240 278 274 689 244 699 201 232 47 220 200 196 214 249 206
0 216 52 692 665 187 248 188 28 713 217 259 680 708 244 16 208 47 60 179
123 171 564 168 101 145 178 142 561 119 172 190 126 188 124 177 98 108 127 180
267 283 264 708 292 249 199 215 711 695 294 220 290 712 307 252 244 686 689 701
136 163 106 137 182 169 135 107 173 123 115 132 175 140 188 185 144 172 110 189
88 621 678 606 598 607 594 605 75 665 104 62 67 625 646 74 648 65 99 682
239 250 277 224 206 705 265 694 680 11 255 22 191 32 679 189 690 686 190 221
380 412 388 409 444 432 389 431 357 428 400 433 391 443 407 381 451 347 395 336
656 669 64 666 702 695 62 705 617 711 99 683 620 644 90 661 680 610 635 79
50 713 184 70 646 25 247 671 28 266 698 42 683 677 4 270 258 662 265 6
73 635 638 620 618 70 46 683 614 43 615 658 654 42 69 671 677 684 77 631
60 81 80 13 40 25 43 41 634 604 58 73 19 16 679 627 8 632 673 694
96 106 79 663 119 655 575 85 667 597 570 650 123 592 579 679 673 652 659 571
38 249 268 31 30 207 675 676 280 220 657 232 42 285 198 201 266 691 49 238
525 533 511 554 538 502 512 486 481 542 520 534 510 518 546 537 547 514 548 516
23 193 4 222 254 256 176 201 267 191 669 228 186 700 170 244 57 8 33 238
13 239 35 681 9 215 234 41 225 257 19 180 177 26 255 671 679 62 16 195
436 469 465 457 474 405 472 456 416 513 483 491 434 440 464 511 470 413 443 488
557 573 107 561 532 547 540 598 543 556 96 600 584 544 102 104 565 115 541 542
292 314 264 330 297 268 271 340 282 298 317 279 328 281 337 302 263 284 283 270
338 376 372 379 398 393 307 401 381 353 322 362 365 355 400 406 321 356 371 367
343 391 367 394 412 373 333 381 392 314 334 426 325 353 316 420 408 421 390 400
16 698 49 663 672 20 239 6 18 0 264 54 177 702 685 53 11 56 709 193
675 687 253 270 46 189 692 258 699 664 58 670 54 238 251 673 52 81 197 32
196 679 91 698 10 69 85 84 249 90 226 261 685 83 76 88 661 666 60 55
654 679 76 55 54 27 677 672 14 704 20 77 626 628 262 43 53 612 70 660
201 712 34 4 183 265 7 246 702 699 211 46 235 182 13 263 264 205 267 185
82 612 663 616 677 63 647 621 83 604 66 632 54 41 683 67 657 593 589 40
461 493 426 496 427 435 430 473 482 419 522 476 525 449 450 438 428 422 479 502
50 81 83 89 98 5 66 94 55 657 649 629 681 667 208 9 659 40 72 69
35 707 184 676 660 668 209 239 42 229 13 662 23 39 276 258 212 34 28 224
490 520 502 479 485 468 537 487 503 524 525 488 459 508 499 453 491 529 476 533
23 253 711 7 191 282 48 47 175 238 695 196 689 273 15 707 666 53 686 201
33 678 29 34 88 658 210 26 662 242 50 660 255 695 64 215 688 229 195 205
280 713 706 6 704 701 16 693 19 671 7 46 215 240 303 271 291 48 295 273
613 643 620 646 77 618 649 603 590 591 593 94 625 608 642 597 75 85 68 51
3 711 193 11 196 228 241 275 712 704 4 177 675 24 40 17 269 684 268 267
45 241 76 20 77 56 232 267 689 655 44 227 694 21 42 265 707 283 685 28
76 618 91 615 596 669 42 595 60 681 633 639 94 662 638 599 592 77 620 70
0 36 71 65 253 175 684 216 37 674 701 249 38 195 11 709 185 702 69 200
61 687 243 0 52 673 631 193 712 659 237 678 667 711 657 198 691 90 654 224
47 227 691 43 21 209 277 22 661 206 676 681 222 30 84 263 27 644 52 6
578 592 558 94 568 106 563 596 603 555 602 113 616 95 562 598 571 103 111 600
85 653 652 91 600 54 597 675 78 609 47 44 665 98 48 601 87 599 51 100
130 149 102 176 131 124 173 133 160 151 104 155 143 141 170 136 159 166 123 162
230 245 33 278 20 698 239 255 210 233 262 190 231 209 23 712 31 207 12 21
219 688 242 269 22 249 658 230 234 56 36 669 70 211 34 659 28 241 1 708
209 256 704 277 52 36 248 195 216 43 233 186 276 10 196 683 255 223 275 46
524 545 544 556 511 526 565 534 564 482 509 481 504 518 498 516 517 550 500 538
240 259 188 199 236 683 684 194 7 39 263 264 223 191 192 712 195 8 244 27
89 666 50 0 708 52 657 94 595 63 697 27 37 673 85 49 648 80 65 688
219 265 8 274 49 217 700 17 52 287 279 190 16 212 53 701 227 232 285 256
93 118 85 601 581 604 678 597 682 620 160 84 143 134 612 653 565 617 619 142
14 222 11 231 706 50 59 221 696 187 229 242 5 671 261 238 264 193 679 179
198 257 225 706 281 201 286 38 694 246 191 11 244 255 283 207 684 710 224 186
307 332 310 302 299 344 390 328 389 362 317 316 295 380 347 318 285 364 327 282
92 667 628 94 59 71 17 6 621 712 695 41 14 79 655 625 26 593 665 599
210 711 181 199 703 184 262 53 180 179 680 3 279 44 9 35 39 683 27 684
252 701 666 273 217 250 272 28 711 709 202 27 204 287 56 212 699 225 712 54
20 227 44 688 192 9 195 699 697 713 218 34 241 700 219 39 185 711 694 29
86 625 637 632 685 639 619 99 59 61 664 90 677 89 682 672 673 669 101 73
604 617 635 85 660 614 576 618 65 622 623 578 644 586 88 606 63 75 93 83
113 135 109 98 111 572 112 101 97 577 129 579 117 169 119 120 162 160 147 155
204 243 255 268 205 257 235 187 14 250 700 253 233 182 265 679 711 698 194 709
651 665 623 2 66 671 69 5 698 629 616 632 67 621 100 87 692 674 642 645
409 435 385 423 452 443 426 450 406 466 442 414 422 381 392 402 356 434 449 350
191 692 200 64 663 257 4 234 171 667 264 182 265 1 207 192 173 43 52 664
91 604 643 672 69 648 677 664 103 685 605 591 582 73 646 639 584 590 652 619
127 144 168 137 110 120 132 162 174 135 136 172 169 102 170 158 119 117 156 107
605 632 640 621 613 612 94 611 627 587 71 660 62 70 662 618 635 654 608 619
187 211 703 237 245 238 252 177 248 253 35 18 41 50 700 190 259 230 19 693
113 579 125 145 591 557 567 598 105 590 552 137 133 571 570 576 565 138 114 601
197 695 244 696 1 183 670 33 708 688 61 4 192 712 5 195 678 211 239 257
224 698 259 49 233 52 271 202 32 255 43 44 270 194 37 7 668 269 663 689
206 246 678 278 277 197 188 191 215 194 679 691 195 51 229 712 46 10 704 708
124 154 130 131 139 563 114 181 165 133 149 125 155 97 152 177 101 117 112 175
411 443 409 343 473 435 460 383 481 423 449 466 384 392 456 417 402 408 420 455
672 705 22 199 227 246 266 57 278 211 51 251 249 188 13 30 263 265 257 99
341 354 315 380 353 358 405 399 376 385 383 313 333 311 373 334 362 367 360 394
209 706 678 194 690 44 12 286 41 28 260 259 693 24 269 25 51 697 182 257
669 686 42 79 40 69 209 100 262 6 72 270 700 97 93 19 666 62 244 45
308 328 290 284 341 329 294 322 331 295 304 301 324 326 344 360 289 343 310 336
59 624 57 698 633 622 650 63 599 68 2 42 89 688 83 10 641 77 21 644
504 516 538 494 468 503 531 480 496 532 472 527 484 471 473 508 498 506 470 488
546 562 124 576 551 533 527 558 119 122 534 566 564 583 539 529 545 120 548 543
29 686 195 210 271 250 6 21 182 1 226 38 10 232 269 694 14 659 663 16
108 581 126 550 93 564 601 553 558 596 556 600 87 576 107 607 92 136 88 97
246 262 291 45 211 681 277 42 683 201 259 193 248 292 18 289 689 39 290 677
263 289 282 237 250 259 1 296 231 308 233 236 212 311 694 264 287 197 692 683
404 430 339 380 446 351 370 464 353 444 458 415 346 412 441 409 423 443 386 418
28 675 680 42 713 71 19 223 75 659 684 73 692 11 91 259 225 25 27 53
39 674 702 10 248 36 84 48 99 64 35 42 672 232 96 50 6 667 694 659
259 691 29 275 693 269 680 703 211 61 217 209 681 702 216 15 235 260 224 187
437 469 515 432 406 444 434 403 410 433 398 443 412 511 470 436 441 509 459 508
529 548 520 486 574 504 488 523 547 540 524 496 514 493 566 494 515 511 503 500
599 605 614 635 596 645 89 642 72 629 79 85 598 87 92 639 86 591 636 630
87 102 682 86 608 126 125 57 129 85 640 635 82 574 627 100 585 61 578 646
140 168 117 134 172 151 119 165 189 150 118 155 141 180 127 159 171 120 164 144
343 357 408 361 365 409 396 314 395 386 319 335 412 338 399 317 376 356 370 333
530 558 552 493 502 506 544 588 580 551 535 513 559 556 591 522 499 537 495 573
63 641 687 65 77 55 71 607 693 618 679 79 691 54 67 638 606 89 639 56
432 473 505 491 516 403 429 418 413 474 404 427 497 405 406 494 485 476 397 458
408 437 429 340 390 357 464 421 402 453 482 460 348 376 395 409 426 346 442 445
262 703 689 187 27 39 43 48 30 44 668 290 14 269 671 281 215 184 34 701
39 235 669 216 23 53 241 687 288 287 203 262 278 34 21 33 666 47 242 13
203 222 194 278 185 268 24 30 257 49 204 180 688 219 25 262 681 713 20 697
80 613 627 652 642 95 640 98 612 60 76 79 70 595 93 48 67 635 69 64
352 382 373 366 390 401 414 408 384 344 334 385 406 393 331 372 322 330 357 335
196 695 693 189 277 266 261 267 712 14 664 264 206 242 36 273 16 249 33 676
210 241 20 706 25 49 199 278 45 708 207 15 6 680 679 252 231 703 12 265
673 689 691 671 708 69 647 54 237 188 239 70 220 215 249 4 668 62 71 693
151 173 141 147 116 180 156 124 162 138 129 183 126 132 188 140 163 185 133 130
677 707 80 683 711 258 698 62 31 227 30 54 41 53 196 184 8 46 264 40
31 178 253 171 196 168 203 233 152 674 17 156 238 159 256 10 12 235 187 5
192 712 234 699 279 668 710 176 247 272 270 204 705 262 6 249 188 277 711 245
14 259 272 251 189 208 30 234 54 254 23 211 263 5 45 191 289 705 220 21
205 695 10 193 52 282 8 182 676 682 229 274 235 18 21 262 232 197 707 208
248 705 685 200 31 7 282 10 680 19 275 688 16 689 666 278 270 237 283 193
28 684 74 683 7 62 189 178 267 208 52 221 242 40 266 686 211 700 26 231
