812 832 849 792 822 794 805 856 866 860 826 865 788 830 803 877 847 779 854 848
130 160 164 146 107 123 147 163 87 109 197 132 128 158 94 194 193 118 142 104
12 36 3 88 15 6 76 85 8 64 72 84 45 50 61 7 9 49 13 37
712 743 695 683 770 721 775 763 784 777 711 691 774 730 692 726 783 762 748 757
533 548 535 511 568 496 561 576 527 500 551 585 524 503 564 522 569 512 577 494
533 548 504 507 491 583 505 568 567 564 498 537 503 492 575 509 513 494 524 577
76 88 114 78 96 61 125 127 133 45 107 60 118 51 111 116 33 73 62 30
1028 1068 1062 1064 955 968 479 1006 1091 920 1041 943 1047 1035 1011 998 1033 507 500 966
728 742 708 718 747 698 754 730 786 772 723 743 755 719 705 736 746 741 739 785
17 54 103 62 0 42 94 49 85 37 66 79 6 55 67 41 97 32 36 98
157 171 216 145 219 193 215 208 152 218 199 126 143 151 187 144 179 200 136 192
321 338 336 322 324 296 358 375 320 314 340 349 368 318 374 307 366 347 354 373
948 1033 1060 917 929 1007 968 1091 961 914 1005 933 1026 964 890 1087 990 870 953 902
965 1092 520 906 516 509 969 938 526 917 1042 1015 1065 940 1013 496 911 514 1040 1026
894 949 1080 1087 1031 913 1050 918 1070 957 912 909 929 1066 1033 926 1063 870 1071 1028
349 386 391 411 334 340 315 388 384 417 346 339 325 393 328 394 358 377 416 379
74 86 28 125 33 6 39 100 48 93 110 17 66 70 107 26 31 123 58 121
686 701 659 700 668 731 693 664 658 729 708 673 720 704 683 675 671 662 660 722
965 1076 515 935 1014 1036 491 929 475 1022 471 968 473 1086 1028 903 1011 1015 989 527
937 1046 1080 1060 983 1029 936 1094 960 881 959 953 1076 924 898 1004 1050 992 939 950
367 403 339 447 343 437 412 338 365 382 349 445 394 380 337 402 449 369 387 427
881 889 945 891 942 841 859 879 943 1041 906 939 847 842 927 901 882 865 915 874
143 185 178 175 121 115 216 161 196 228 195 129 211 149 201 208 230 125 119 117
979 1009 1077 1076 1054 1069 970 1083 1050 1036 983 1007 999 965 1011 1031 1016 1048 990 1002
586 600 614 607 561 551 550 606 552 584 612 555 553 623 587 574 602 628 557 626
479 1066 472 519 486 1014 1003 511 1009 901 911 506 1048 492 437 482 438 937 518 999
604 626 570 608 577 584 636 596 654 619 592 662 606 601 632 663 612 643 617 658
987 1037 904 902 894 993 1036 968 1028 947 1057 909 892 937 919 1038 1024 903 975 1017
680 689 645 705 654 658 647 672 718 644 691 708 648 712 702 700 646 696 677 688
337 351 308 335 325 323 309 387 314 326 355 375 376 341 366 370 349 320 342 331
297 309 333 318 345 301 282 311 261 280 262 298 308 324 284 342 335 269 319 291
624 644 664 654 640 641 605 634 667 671 601 643 628 647 670 614 676 599 678 637
216 251 228 242 173 286 199 281 206 170 218 209 211 225 245 180 203 176 205 179
869 923 834 1043 1042 1028 855 945 1030 1087 845 875 844 1070 862 938 943 1067 897 1046
396 416 412 458 462 443 426 378 389 354 383 454 441 442 437 373 418 413 387 455
921 939 876 1089 963 925 1047 1090 874 966 936 895 1079 937 865 1091 897 1066 883 1018
632 644 607 610 612 673 678 664 633 649 666 680 618 671 605 622 620 648 608 606
0 73 63 49 15 105 101 96 31 118 45 124 57 117 19 71 120 27 9 24
195 223 210 237 213 163 250 172 249 211 156 193 165 153 229 161 231 242 206 190
908 936 1089 944 930 941 1063 1076 864 860 961 1057 1052 962 878 905 1028 940 1078 956
623 658 652 592 595 625 671 676 635 609 675 669 678 672 616 598 606 657 651 643
114 139 66 99 131 113 133 153 94 162 78 128 127 176 100 90 180 166 84 71
570 580 606 593 537 617 536 556 567 544 610 587 551 586 614 539 533 597 612 563
859 907 861 1020 894 929 1046 884 865 866 893 950 908 917 920 1059 953 850 871 909
329 338 361 304 342 357 369 371 374 315 370 349 344 325 317 346 363 367 311 316
280 298 259 243 292 268 311 304 250 257 245 329 285 258 253 278 242 240 302 328
100 120 116 147 71 106 69 78 119 141 138 126 130 52 95 156 49 101 89 139
352 373 380 411 356 329 391 340 336 383 360 404 322 357 415 351 387 355 349 334
836 856 887 889 925 854 822 873 823 920 814 843 816 838 846 881 877 875 812 859
933 1077 869 478 889 994 914 507 500 1078 958 481 503 880 472 973 1052 996 888 970
905 1070 993 870 1019 484 872 1086 1029 904 952 1032 1013 954 1031 959 949 1018 1048 1017
240 274 262 286 266 207 205 226 227 252 234 218 271 259 223 297 225 222 208 204
875 908 1094 1078 833 1052 927 836 873 919 939 1026 943 846 1087 892 839 838 938 916
96 111 106 114 118 74 140 128 98 95 66 54 94 142 144 141 77 134 87 119
543 571 581 515 504 570 541 579 512 597 538 595 518 580 584 557 587 530 582 585
907 1064 1038 1087 925 934 981 882 1086 939 953 880 1027 967 1040 1005 997 870 1019 955
931 948 894 1045 926 860 1075 1017 884 958 942 865 1093 921 964 907 1058 1084 1046 954
192 237 168 200 262 267 169 211 258 166 207 175 255 178 213 210 265 157 149 197
29 84 96 110 121 77 72 66 82 35 100 118 48 103 56 69 34 63 116 53
25 55 79 67 41 5 31 75 72 43 32 6 37 49 33 10 74 101 17 12
497 1080 928 1028 1087 911 973 922 486 510 974 1055 1029 539 491 981 507 959 503 992
391 424 454 420 362 437 405 448 406 447 393 375 352 397 400 354 348 366 440 427
273 285 302 306 234 271 277 262 275 239 296 250 297 248 310 236 272 274 260 243
521 536 1077 553 511 543 488 529 546 1090 1082 556 547 480 489 473 570 495 474 520
945 1033 889 895 907 987 974 1075 1058 867 915 892 886 1067 869 982 1064 993 951 911
461 1082 490 969 423 1020 447 991 475 1055 914 1016 924 994 1027 453 485 464 1012 949
381 405 450 428 410 359 418 349 417 354 420 429 394 395 397 427 382 419 398 426
92 105 55 107 60 45 82 127 73 108 123 137 120 42 58 88 87 67 138 80
965 1084 515 1006 935 1083 510 1058 936 1081 513 1020 477 948 487 1018 1066 1030 933 915
954 1083 512 913 467 481 956 900 1029 475 970 1042 495 942 486 904 982 501 499 1030
1016 1079 927 522 1018 514 913 477 491 914 1083 1024 1019 526 922 1077 1046 1051 500 1007
690 704 697 687 663 661 691 669 692 703 671 721 713 689 733 728 694 664 714 685
900 925 1069 904 923 1043 1087 1094 1053 931 1026 960 878 1067 959 918 1047 898 877 939
620 652 621 602 629 603 674 667 668 634 600 609 670 642 684 593 675 662 669 623
905 1034 926 1033 935 936 902 1052 987 989 967 893 1069 961 932 874 900 914 964 911
138 182 220 142 226 176 197 154 157 180 169 211 158 120 148 149 129 163 107 195
916 1021 1039 902 956 855 1077 959 925 960 897 893 860 1082 1029 993 929 867 900 886
986 1054 1087 967 1090 901 948 1030 1042 1080 1034 895 907 1088 1057 979 1070 932 1029 1001
285 291 297 294 293 305 319 277 311 253 259 309 266 261 282 292 307 275 248 300
874 1033 867 922 913 854 936 892 951 903 923 986 868 967 1087 872 847 830 966 856
88 101 116 38 105 71 84 53 67 83 82 121 47 114 130 76 79 135 128 39
282 296 308 256 306 318 321 316 326 261 250 267 268 262 253 312 285 305 248 291
8 45 36 14 82 39 26 77 61 40 19 48 85 25 89 6 22 50 16 34
473 522 461 1078 437 450 494 536 448 509 1068 1070 534 454 438 547 511 484 479 498
925 1023 951 1089 856 994 956 1069 890 1004 998 1058 982 1076 888 1048 1062 886 1007 1050
577 603 563 550 578 586 572 587 547 618 580 556 604 545 621 566 608 592 626 590
371 382 362 359 399 343 419 396 337 388 368 409 381 346 341 354 364 418 394 426
918 1077 865 1053 1041 916 1092 996 903 955 1058 965 1010 949 875 888 1075 905 525 909
974 1014 949 995 984 1058 1070 1053 1038 982 958 1052 1061 986 963 999 1046 1015 1060 1024
245 260 257 246 256 261 279 224 232 233 276 228 223 211 266 264 243 229 203 234
94 126 113 99 138 123 54 162 63 144 65 134 132 76 116 146 131 112 154 137
884 900 892 917 1055 903 879 934 1032 926 859 945 1039 1043 931 866 919 949 861 898
134 171 97 198 143 225 182 87 219 118 154 88 138 139 136 141 113 200 189 187
20 47 38 85 45 67 15 35 1 40 50 9 37 73 55 83 60 51 91 58
244 266 271 290 286 278 276 263 298 238 212 264 229 260 234 249 287 231 209 223
35 79 42 48 66 54 108 44 5 4 70 52 73 37 8 38 23 51 60 127
885 926 944 862 873 921 851 924 857 1025 1076 1030 1039 1031 1061 1063 1017 1037 1043 897
925 1089 894 1087 1053 1061 978 979 896 509 529 461 927 937 900 875 972 931 887 521
121 141 124 180 152 82 147 113 89 111 115 99 81 155 184 129 169 112 118 183
521 1075 529 1033 942 944 472 981 1019 978 985 916 917 1002 496 1029 1023 1036 1084 1086
518 1081 923 1022 466 1018 547 511 1048 932 984 525 469 945 982 492 481 468 940 558
881 926 959 929 846 883 871 928 1046 906 960 895 849 1072 1062 1045 880 1086 934 865
494 511 528 452 476 527 513 520 1076 482 457 514 1086 536 499 1084 496 497 550 507
34 57 56 61 15 59 58 101 42 67 74 28 37 90 52 41 55 104 71 39
744 790 765 805 763 806 723 746 783 711 758 751 709 778 807 759 808 810 802 773
794 816 792 823 783 788 830 834 831 803 769 772 752 838 767 822 789 814 754 832
762 806 719 775 737 811 769 825 751 804 740 749 716 730 746 822 787 714 793 748
661 680 682 666 637 647 679 656 650 625 702 631 701 660 655 640 703 626 711 628
939 1066 941 486 514 877 1081 1050 1074 484 1084 503 1029 1025 513 931 944 916 971 902
501 528 485 563 1089 475 463 514 517 533 1075 486 502 1091 481 531 470 545 558 1093
427 455 397 459 492 460 477 502 431 471 405 482 474 458 500 444 456 426 391 499
514 1075 529 473 1090 1014 907 554 489 491 956 501 949 1017 1007 1045 540 987 961 903
910 941 1014 946 1067 1013 938 1089 947 1060 1008 954 933 1074 952 883 1085 1031 940 1046
864 925 1033 952 862 1051 1076 867 958 859 834 1041 1087 860 1029 898 1061 942 850 1049
476 1077 471 516 967 436 1026 520 930 964 970 1046 502 928 1084 505 1037 1007 496 519
905 958 973 933 1051 951 904 1088 1091 1048 924 864 1065 1083 1085 982 983 936 1087 923
460 481 426 425 519 420 1093 1089 437 430 427 454 489 457 471 441 480 517 1067 1092
975 991 1065 1086 1057 1055 1070 1051 973 976 1067 1001 1041 999 951 959 1077 1066 1073 1083
1056 1081 902 908 934 983 515 904 973 897 1014 955 989 1079 528 1029 1006 521 1033 972
207 220 171 177 217 205 242 164 165 181 180 212 227 213 252 168 197 221 225 172
915 1042 902 985 954 1041 1074 943 913 919 1075 864 863 980 934 1085 897 939 854 1033
984 1083 509 978 477 928 929 960 1001 492 1036 479 954 463 962 504 493 497 488 1007
579 602 611 559 626 576 550 595 543 606 607 614 621 575 561 632 597 613 562 596
908 1060 1004 1082 982 971 963 1075 903 869 894 917 950 1005 870 1001 872 867 1026 1037
421 460 436 471 456 431 387 509 503 395 415 388 491 483 407 457 390 408 454 392
476 501 1084 490 528 522 484 1085 527 467 478 506 479 512 453 470 544 529 1080 469
496 520 487 485 1079 1067 1070 519 1074 486 470 513 541 494 1072 529 560 525 1093 469
846 860 894 856 891 829 889 893 822 881 920 927 916 831 877 886 880 919 882 828
393 418 422 427 464 439 403 453 416 414 388 430 423 385 360 395 419 400 381 351
876 912 907 929 898 860 847 927 843 862 1072 1041 919 1036 1077 1062 1088 841 913 1067
912 941 1034 884 902 882 1062 1052 1048 934 963 883 866 928 918 1046 1010 856 1030 916
248 282 249 276 207 223 268 269 237 285 254 215 244 292 245 258 230 288 233 301
531 568 576 580 517 548 586 543 549 504 506 496 513 571 541 489 508 582 534 558
879 894 913 872 908 887 851 857 900 885 874 853 921 866 932 1043 848 858 856 854
481 1088 1026 1002 1048 453 983 1008 926 484 1070 1058 984 1074 1082 1040 1005 502 967 509
239 279 278 242 194 264 225 210 247 251 230 221 214 211 229 197 223 295 280 208
547 569 575 587 540 543 527 517 559 552 601 599 511 598 600 506 549 576 593 588
1028 1083 1075 1010 511 492 1076 934 910 1015 949 1020 1062 996 929 488 477 894 1058 514
882 916 901 1089 949 1070 956 921 958 862 864 1068 912 919 929 1047 940 1048 1075 861
967 1094 464 907 946 977 982 956 985 980 925 987 1087 923 927 504 905 1085 522 497
602 624 592 632 572 611 623 614 574 640 660 625 588 655 659 633 629 628 651 620
910 1078 859 464 1080 1055 1070 1044 922 990 495 1008 964 864 461 1027 1001 473 1071 1025
1051 1062 974 990 916 887 901 943 971 1038 1082 970 928 959 963 1076 958 1068 905 914
870 920 1051 837 950 1031 1036 1064 911 830 944 898 863 938 954 1058 869 913 852 1063
564 583 614 595 589 526 619 570 528 540 587 569 615 596 601 590 609 592 617 551
804 814 785 774 779 769 835 776 761 823 783 822 797 837 778 812 816 821 824 770
961 1082 469 1000 984 1083 967 920 942 1009 1069 1067 1078 492 1047 499 1073 978 934 938
754 783 782 817 749 803 768 810 806 727 772 780 811 761 813 799 739 796 744 720
974 991 1062 1071 999 951 1005 1019 1080 988 995 1013 1070 1067 1016 998 950 1031 1006 967
855 883 939 917 912 891 874 870 841 931 830 854 1037 943 849 941 869 859 831 850
