845 943 945 871 897 881 879 954 878 960 865 846 930 905 807 910 880 857 808 896
293 324 264 359 262 357 265 271 316 341 348 275 266 356 281 308 273 292 305 343
26 744 60 76 27 114 53 34 68 747 719 20 770 748 16 977 983 50 759 740
745 776 81 986 734 80 774 63 780 757 728 989 981 803 717 966 794 785 814 57
849 868 810 815 867 959 837 951 943 968 850 800 859 938 880 961 853 870 830 823
425 439 406 557 454 566 465 420 453 416 418 456 553 415 422 458 399 457 550 419
156 256 125 126 190 286 181 285 283 241 208 158 185 278 227 194 218 168 122 261
803 977 808 843 961 754 1009 806 830 798 781 981 782 988 794 774 802 838 750 816
468 496 471 506 447 498 502 470 451 465 476 495 443 472 449 486 497 484 467 503
189 223 244 158 199 211 219 273 232 142 210 260 252 145 202 216 257 254 143 192
14 38 82 746 92 88 0 74 112 130 64 94 117 132 66 7 107 53 110 63
884 952 894 924 926 835 905 843 829 940 899 887 880 923 897 882 947 854 886 912
18 124 143 150 73 10 107 70 155 45 111 41 763 26 118 65 37 119 92 115
435 556 634 453 446 421 573 624 635 552 443 554 454 625 410 561 400 449 455 633
425 436 556 562 456 414 412 450 422 401 411 427 435 563 550 444 460 407 446 416
764 975 843 24 990 751 806 791 816 793 803 757 755 769 13 789 834 969 810 807
321 346 364 353 303 327 304 359 343 377 368 325 311 323 352 365 305 312 331 370
721 742 758 96 704 29 5 768 92 709 716 58 54 983 8 759 59 90 40 89
408 443 461 462 445 459 415 383 407 466 392 382 427 430 406 556 377 437 464 386
596 667 687 648 617 585 684 677 609 682 688 579 608 569 658 689 611 616 683 592
50 105 26 29 23 107 60 19 153 129 736 151 120 3 734 12 143 738 84 47
192 244 142 177 260 167 164 209 235 160 232 165 253 266 270 239 272 265 249 183
677 687 605 697 660 672 668 720 598 705 595 646 596 708 586 592 688 713 676 654
881 963 824 938 960 798 955 914 925 848 910 947 789 921 973 927 886 933 976 961
418 551 405 433 407 408 411 434 567 428 435 561 560 420 443 432 414 395 399 430
32 125 20 106 60 54 30 140 11 7 165 55 96 47 123 158 168 28 121 171
112 151 24 147 4 138 2 157 89 52 120 175 1 59 189 116 93 181 9 34
796 976 785 799 971 811 770 999 766 1010 810 814 809 843 973 1006 1001 995 816 758
427 437 446 562 553 561 418 419 400 412 463 551 403 564 459 461 443 559 556 457
648 667 582 585 661 687 572 665 586 677 644 645 588 664 566 623 673 568 679 672
1011 1023 1019 791 983 790 1014 978 1028 1001 1032 797 1016 980 999 986 1018 785 778 1025
302 321 318 357 268 341 270 301 307 348 315 280 351 353 316 290 346 293 314 313
408 421 560 379 422 427 430 440 395 420 405 441 428 392 431 396 561 551 555 451
705 738 772 749 113 687 103 736 686 757 114 716 92 707 691 734 119 98 761 728
798 989 783 977 803 805 1016 773 964 1001 978 745 826 765 990 986 969 809 828 846
877 945 901 875 956 840 895 958 935 908 850 899 913 936 942 872 834 947 865 888
266 300 297 176 286 253 251 320 238 246 325 196 314 195 204 193 337 179 150 217
888 944 847 949 877 906 931 961 852 874 884 924 943 922 854 925 934 958 851 914
383 399 401 372 378 362 418 420 402 358 394 376 415 396 421 368 410 359 390 361
171 238 268 265 166 276 167 255 281 233 139 214 254 237 256 251 267 232 179 222
364 397 353 413 335 342 345 387 350 383 372 348 340 373 416 412 418 369 414 421
21 76 1 4 128 112 121 123 131 51 19 54 52 89 117 0 744 14 23 22
1028 1036 1005 1022 1012 1026 1020 1027 1009 999 1004 1024 1010 1003 1013 1025 1011 1008 1019 1001
607 650 571 575 665 652 656 648 630 671 566 674 603 646 609 596 586 636 626 580
21 88 49 41 19 115 14 109 746 59 93 10 126 112 47 52 742 764 43 48
185 236 188 170 276 190 143 174 162 158 217 168 203 193 221 239 234 265 210 251
869 931 894 906 897 877 954 957 836 896 937 941 924 847 878 876 907 871 961 891
24 84 92 75 76 83 80 113 12 69 81 124 123 129 21 27 29 56 87 125
554 571 661 590 565 424 658 592 408 589 444 633 561 568 638 637 410 558 601 403
429 561 622 559 425 550 558 411 446 402 633 407 621 636 436 437 444 408 556 577
303 332 347 326 282 334 310 274 287 278 357 362 348 327 275 276 307 336 346 268
150 256 119 285 262 245 155 106 180 151 290 275 226 248 122 277 193 108 234 265
579 609 608 671 566 611 567 639 560 573 590 563 617 601 634 646 591 676 656 614
193 219 236 264 214 215 171 192 252 261 181 210 162 183 266 243 208 160 178 279
778 993 992 976 761 964 1009 994 801 750 799 1020 748 1000 744 805 816 775 973 741
429 456 480 431 433 453 551 476 485 406 488 401 475 490 489 419 470 563 428 441
870 917 924 946 868 906 911 884 962 963 918 952 953 842 958 893 940 926 929 854
607 626 632 634 645 573 677 662 585 629 604 658 616 676 648 582 606 555 620 635
591 663 650 604 685 576 671 667 582 605 601 569 615 610 640 679 653 694 686 645
837 953 891 813 974 864 806 873 827 829 898 955 825 870 880 789 949 867 956 836
693 729 737 709 759 753 715 757 714 696 721 683 677 712 676 704 672 678 675 702
631 651 682 660 582 565 585 572 558 561 602 655 571 627 649 668 674 580 634 581
786 806 1007 779 802 825 780 844 976 752 793 970 847 969 803 851 771 755 968 776
580 623 583 640 566 593 638 672 595 663 612 601 662 653 615 576 625 567 659 664
871 906 833 894 884 907 873 965 936 847 899 952 849 930 905 900 959 845 937 878
823 960 814 899 964 872 874 865 822 904 819 848 816 831 944 943 784 905 883 873
662 686 694 657 641 688 601 656 690 588 681 597 574 663 596 639 644 676 613 614
241 269 286 150 257 251 281 225 187 179 161 155 246 228 204 224 207 304 188 192
92 743 985 124 723 135 108 112 93 64 17 746 100 731 13 719 778 76 49 116
338 350 335 326 316 351 307 308 373 304 300 299 346 339 360 372 377 340 361 356
580 616 640 602 559 598 563 628 581 626 564 637 620 576 573 665 589 618 657 638
811 847 850 955 988 883 843 943 871 788 964 972 812 867 977 892 862 860 893 974
981 990 1008 744 791 784 994 969 974 795 793 810 762 815 800 790 802 971 812 819
52 96 133 121 89 16 75 93 69 108 741 48 22 38 102 0 113 128 82 37
600 684 695 623 659 682 704 598 596 597 662 638 579 637 574 683 685 706 673 613
17 118 745 96 123 128 129 166 102 13 87 49 85 9 765 48 152 33 37 734
91 127 60 110 126 101 132 95 162 174 108 160 133 24 26 31 114 44 38 119
155 262 166 279 242 249 141 156 253 165 238 269 240 251 167 126 177 289 256 272
594 610 646 656 609 627 630 652 669 580 637 584 668 595 616 645 598 651 592 564
286 307 319 256 272 168 167 170 346 254 308 178 344 275 253 161 309 260 304 303
822 858 898 920 787 897 976 917 959 802 955 945 882 970 826 886 942 915 928 850
235 252 200 163 279 261 197 260 232 217 194 234 263 155 258 204 250 179 274 201
166 266 189 298 188 279 123 126 283 155 152 211 207 291 145 130 125 120 255 142
168 220 271 163 263 269 224 172 137 278 279 138 223 229 253 203 216 199 210 178
139 151 176 136 160 159 126 138 191 99 172 190 270 180 195 163 166 183 124 264
910 919 854 886 951 926 945 918 921 958 876 861 942 925 859 909 849 947 885 873
775 804 809 755 781 988 834 989 1005 850 832 818 823 798 1007 984 1011 844 848 762
759 773 736 17 997 994 793 982 987 1007 9 775 739 979 16 792 789 733 983 786
182 259 171 215 226 208 278 166 211 273 199 246 174 223 206 275 217 270 169 245
569 586 646 665 561 657 595 621 640 634 601 662 671 642 626 572 631 579 581 589
594 614 580 682 670 650 585 664 666 607 597 584 669 641 649 644 629 673 567 647
574 653 596 577 621 628 676 580 623 662 614 668 650 604 591 661 559 576 612 642
932 947 887 839 940 933 926 846 914 876 865 963 935 854 849 885 889 893 856 919
607 671 590 673 610 606 627 663 569 661 654 587 615 674 642 623 577 622 669 583
974 1006 846 844 797 828 807 966 808 756 823 783 779 963 801 1003 831 753 989 839
419 449 564 438 565 457 559 465 396 437 424 468 439 405 557 440 400 553 443 474
322 339 369 355 363 312 338 310 295 314 350 319 318 301 343 321 306 317 298 290
422 552 446 415 442 560 436 561 554 431 558 408 566 567 427 555 400 404 399 556
876 948 890 909 919 879 889 881 837 932 864 934 955 866 935 902 834 847 892 964
804 1003 831 775 842 783 961 1032 967 822 829 1001 760 817 963 825 768 840 849 974
639 648 607 624 634 570 589 569 670 602 679 563 640 630 605 662 673 671 656 667
2 62 746 133 747 743 52 63 86 38 50 89 22 47 48 102 96 87 68 103
615 647 616 621 656 654 628 638 644 675 632 595 636 679 659 666 585 573 562 637
293 300 289 302 325 344 290 333 261 327 309 342 282 332 329 283 262 305 299 304
781 988 1000 964 994 820 800 1010 772 780 767 789 1015 1013 983 801 790 821 797 788
236 257 186 150 261 203 205 157 174 170 198 290 265 223 208 212 202 154 151 250
160 268 249 282 301 248 114 147 208 257 137 158 274 120 196 112 297 247 299 252
123 167 204 279 90 139 9 3 249 124 266 283 30 88 103 6 211 229 280 276
149 177 199 200 243 265 248 147 159 221 156 186 249 114 283 279 278 241 183 155
734 753 992 981 711 780 736 761 756 973 104 757 975 991 728 125 723 785 737 703
856 925 946 965 872 938 868 932 820 833 933 970 862 864 825 823 968 903 844 917
597 618 668 645 641 557 592 667 671 642 682 573 672 669 675 582 593 634 657 583
340 364 391 354 315 361 376 337 356 378 388 351 343 303 373 390 321 322 392 298
178 275 146 167 145 181 291 171 190 212 257 273 150 239 243 143 160 228 165 197
60 103 115 146 734 54 124 90 62 76 91 39 53 56 105 141 137 21 104 748
243 263 203 279 217 196 285 198 233 222 268 220 225 290 201 173 171 162 272 159
174 289 246 224 213 222 285 191 232 310 142 288 287 272 138 221 280 282 196 274
556 572 612 619 554 647 611 651 594 602 550 427 406 570 423 613 579 658 632 573
125 735 147 89 128 145 715 25 1 8 747 34 716 22 727 116 165 737 106 5
193 267 284 205 220 243 213 151 189 148 287 217 228 170 167 242 266 257 142 198
571 578 669 618 631 609 561 557 623 582 644 628 588 584 563 668 646 556 616 647
867 930 907 841 837 894 835 905 961 833 934 887 843 896 840 869 888 855 872 947
684 691 695 670 724 705 702 730 718 672 657 723 712 693 707 709 595 666 681 660
726 747 735 752 78 57 83 92 776 772 54 982 84 28 711 974 783 771 61 694
177 272 273 159 297 149 274 251 257 187 270 238 173 245 223 175 138 246 218 201
385 409 372 395 389 381 368 417 427 424 387 371 425 411 366 397 375 382 446 563
677 688 710 681 668 602 660 692 647 648 658 654 608 702 713 645 605 701 649 719
178 231 203 172 243 219 217 145 283 185 287 245 250 141 270 191 259 159 284 222
160 182 165 249 213 192 205 197 232 220 128 242 241 224 230 117 238 137 243 266
881 947 965 850 926 903 835 910 885 888 909 845 955 860 896 908 895 949 842 912
310 328 282 312 300 359 294 358 335 293 348 356 313 360 352 304 333 291 336 342
753 778 792 815 809 810 731 1009 726 762 993 984 788 803 747 735 768 764 777 722
773 1006 768 1029 753 993 999 769 770 786 807 1017 775 780 738 1023 977 981 746 785
555 635 656 411 557 622 587 584 413 632 425 634 430 420 636 621 569 442 565 641
152 199 178 191 278 258 269 164 159 125 279 221 256 189 177 123 139 266 215 135
818 834 961 868 979 815 846 810 967 981 799 874 959 960 833 785 855 875 781 866
743 773 797 7 39 971 49 782 809 729 972 61 84 20 710 86 974 802 970 22
872 900 951 944 861 838 963 870 855 834 850 962 869 899 864 879 917 937 938 847
92 103 1 138 41 118 116 735 86 20 46 12 55 22 91 137 54 115 87 74
998 1013 1016 1024 797 763 1019 1014 788 794 1010 1008 1001 1031 791 768 984 989 978 1015
751 768 731 734 766 794 789 787 765 732 998 722 754 797 965 762 976 1003 786 755
627 642 571 590 637 593 619 626 668 670 556 661 562 665 616 607 574 565 631 561
804 993 977 756 783 994 836 830 967 842 796 1002 1006 799 969 807 786 983 759 998
803 833 982 807 996 953 983 776 991 844 785 980 1004 829 787 767 957 805 954 843
137 151 163 134 263 138 104 274 102 153 111 95 190 162 126 192 278 733 262 166
19 98 69 40 52 766 81 29 21 1 64 46 58 66 143 63 118 92 765 131
194 242 271 175 258 217 272 176 273 251 145 168 148 170 185 221 143 193 244 196
171 236 207 134 289 174 247 218 184 186 277 129 219 265 250 148 185 213 288 286
6 760 727 128 130 771 38 973 83 87 747 979 105 731 986 10 63 748 750 738
200 279 241 294 188 166 298 162 172 189 217 251 220 171 175 190 184 214 228 167
