199 603 468 472 302 116 163 232 121 649 452 677 187 244 459 407 422 167 141 174
502 548 474 525 408 580 504 477 543 505 527 550 452 577 410 462 592 566 490 533
730 778 703 854 681 755 639 666 742 832 651 674 830 865 855 708 679 823 754 672
1168 1261 1134 1214 1195 1237 1187 1238 1209 1191 1245 1147 1229 1129 1272 1263 1124 1163 1235 1194
194 294 210 244 613 203 362 129 427 193 181 323 255 399 339 172 257 363 348 131
1165 1202 1153 38 31 43 1115 1170 1132 18 1200 1154 40 1142 1181 1176 29 1175 1186 1239
70 140 162 238 77 93 124 186 183 55 180 187 64 68 351 363 221 161 364 202
491 533 447 475 496 442 545 556 543 504 526 502 515 482 494 497 493 455 552 499
1132 1161 1270 1242 1183 1213 1231 1257 1103 1129 1198 1130 1139 1090 1030 1200 1169 1184 1163 1177
181 366 170 312 211 276 371 275 242 239 629 614 84 332 140 225 203 108 132 604
670 758 809 622 736 711 725 798 783 605 709 673 817 825 752 606 845 795 625 717
1106 1242 1045 1015 1047 1149 1215 1037 1163 1011 993 1079 1236 1218 991 1093 1194 1182 1217 1092
448 561 576 472 480 419 582 418 610 621 500 530 393 432 496 488 577 557 460 538
829 865 875 806 921 795 896 944 943 827 812 881 864 793 757 935 750 883 962 871
834 951 974 793 953 779 837 922 932 829 947 946 886 855 868 778 865 767 845 986
787 824 820 833 779 848 798 923 939 767 863 777 905 908 898 735 745 818 792 736
123 173 138 52 41 327 182 194 91 295 393 312 211 304 308 177 57 241 363 208
853 940 755 969 900 822 979 835 783 977 775 878 824 916 973 761 867 786 844 1006
736 775 755 842 851 670 788 837 717 860 829 662 849 715 702 800 655 758 786 749
20 1201 100 1195 25 1257 81 1267 1131 1231 1246 1125 1205 63 1183 1213 1249 1228 37 112
325 347 413 342 319 196 267 253 215 287 217 269 115 628 275 116 410 169 125 371
832 937 912 977 966 881 967 964 863 763 955 762 776 825 800 862 761 942 744 910
549 571 487 415 530 615 585 492 613 518 457 605 575 406 434 589 533 587 385 402
745 853 791 917 695 702 670 834 950 835 715 697 783 706 718 826 830 827 774 691
419 608 214 604 196 206 380 613 634 225 433 387 645 430 412 367 453 605 460 382
203 278 248 428 211 319 149 134 333 627 265 607 280 616 368 622 304 301 145 625
9 1186 1125 1229 1176 70 98 1196 1249 1131 1267 85 1201 13 86 1250 1225 1202 7 0
951 985 850 1013 906 891 988 1064 905 958 919 977 897 858 996 833 855 1042 1021 917
792 870 764 924 966 856 831 912 830 752 729 753 825 801 768 793 903 815 877 893
1178 1204 1233 41 44 1166 1211 1189 29 1124 1143 1182 1115 1135 1255 1160 20 1113 2 1117
145 207 124 160 239 308 325 89 413 303 200 226 84 151 250 270 168 182 154 625
811 851 808 877 860 930 917 945 731 791 892 949 814 800 923 741 789 790 890 754
848 905 965 835 839 939 826 947 757 951 904 869 969 945 767 849 902 976 929 909
937 963 836 897 848 991 917 1027 849 1014 1023 887 808 1012 916 1007 865 949 910 1004
921 973 1018 986 908 948 1038 832 960 856 956 1011 912 922 913 944 974 1042 873 816
166 343 258 397 317 107 274 287 224 90 606 374 157 324 185 614 92 114 225 75
1118 1223 1253 1230 1089 1252 1148 1087 1180 1242 1229 1132 1130 30 1266 1211 1274 1039 1228 1040
1214 1231 1206 1160 20 33 1242 31 1188 1211 1264 10 1133 1241 24 1189 1152 1128 1179 46
1139 1241 1254 1185 1172 1134 1227 1145 1149 1112 1230 1213 1179 1098 1271 1152 1140 1266 1202 1268
158 231 370 341 399 388 240 111 309 397 281 189 362 366 419 375 127 373 177 236
1005 1127 1020 1197 1249 957 1227 1212 1153 1229 967 1105 1167 951 979 1248 992 1148 1025 1166
326 346 350 277 242 369 115 279 239 248 411 392 359 627 142 227 327 220 415 177
667 734 798 593 776 666 752 763 694 753 728 705 670 595 772 643 785 647 741 719
1108 1134 1170 1219 1259 1131 1161 1227 1022 1234 1023 1253 1189 1040 1094 1187 1261 1144 1016 1098
1153 1243 1172 21 1196 1262 3 1129 1152 1253 1221 1194 1106 1125 1128 1151 1127 1195 1241 1271
800 913 736 720 773 759 752 925 871 874 952 747 749 865 768 870 947 786 799 956
1203 1266 1236 1113 1207 21 41 31 1167 1190 1220 32 1188 1112 1170 1257 1185 1237 28 1149
460 564 593 498 558 433 561 396 552 391 610 615 565 630 609 629 576 490 551 397
726 779 873 793 823 782 699 649 692 849 804 795 842 827 722 685 724 736 778 861
1048 1087 1011 993 1053 1080 1041 1102 1061 981 1098 1116 1057 1054 1100 989 1044 1113 1091 1105
77 139 215 149 235 2 242 150 233 42 36 351 6 192 166 210 91 174 117 162
1023 1112 1237 1111 1253 1207 1035 1242 1115 1136 1228 981 1003 983 1263 1260 980 1134 959 966
430 470 394 624 582 391 413 552 390 572 477 553 596 643 454 502 542 402 403 626
226 276 188 273 371 221 406 360 213 254 194 343 224 401 183 304 402 160 352 143
213 376 421 386 387 117 207 258 373 216 413 328 214 223 133 575 164 175 248 584
106 189 421 411 601 350 387 418 262 125 400 46 141 184 234 344 277 24 291 176
278 362 281 399 366 155 646 235 241 231 177 161 640 180 293 222 341 165 172 168
246 367 292 298 119 364 341 227 423 408 179 626 135 393 385 249 146 381 300 333
442 472 485 492 574 570 422 405 496 501 401 540 624 533 477 412 446 621 480 406
869 964 936 789 902 993 889 781 776 885 1037 961 1036 963 818 742 925 745 959 988
748 828 814 726 840 940 727 710 833 880 781 868 709 755 857 756 879 913 850 831
431 475 537 538 628 542 421 464 623 612 436 578 380 632 534 451 557 461 376 535
129 170 44 360 95 385 186 212 357 349 163 407 320 145 33 47 161 363 374 147
1121 1264 1204 1118 1258 1244 1263 991 1090 1042 1018 1241 1122 990 1189 1164 1128 1180 1120 1101
1142 1176 1170 1199 1189 1232 1157 1267 1105 1205 1134 1219 1173 1234 6 1193 1092 1180 1264 1246
1120 1193 1176 28 1218 1261 7 1020 1007 1103 1101 1230 1012 1021 1090 1190 1150 1274 1242 1254
1047 1116 1245 1137 971 1215 1019 1040 1130 1202 1033 1203 1142 1259 1235 1069 979 1250 1241 1199
197 329 314 316 154 246 183 109 190 341 232 278 211 120 346 180 247 318 239 630
129 339 125 382 257 135 190 258 341 413 298 35 403 370 99 388 169 375 387 234
235 272 366 308 274 265 326 349 124 256 343 262 359 217 166 416 418 126 191 347
1002 1042 974 1119 999 1048 1025 1003 998 1054 1116 1111 1039 1068 1113 1009 1106 1015 944 1057
350 384 182 571 366 185 369 215 600 317 148 300 570 580 581 625 425 198 231 565
204 344 251 168 307 415 143 599 186 390 287 416 198 104 252 419 260 388 135 173
835 913 958 758 797 860 829 939 928 750 768 854 744 883 839 973 908 851 852 850
480 590 561 389 446 662 483 642 530 658 657 460 439 595 378 372 614 497 586 393
254 323 384 231 173 175 212 259 249 397 286 256 195 234 252 274 336 416 333 218
1187 1203 2 23 24 1274 0 1228 1233 1116 1124 1252 1166 1146 1215 1167 1238 1170 1240 27
971 995 1008 1033 1005 1096 1095 1098 1124 1105 925 934 1001 939 1046 1087 923 1086 1017 1049
447 472 451 424 551 502 540 570 564 592 422 597 611 452 464 577 413 510 474 467
199 415 275 206 322 588 140 280 344 434 613 357 331 268 191 608 131 414 196 548
212 272 346 420 304 362 403 109 189 156 262 111 402 230 302 120 323 226 180 107
200 288 125 297 159 322 599 209 164 269 106 345 202 389 137 600 337 243 108 605
634 673 754 368 723 578 711 429 760 758 724 757 647 747 590 359 430 648 566 649
425 613 586 385 669 198 592 407 430 209 665 192 543 617 551 368 548 654 379 413
11 79 175 167 58 168 80 52 150 1224 70 125 21 35 130 3 95 1218 149 1178
1005 1093 1021 1116 1069 1035 998 1132 1094 1025 1061 946 1030 965 1079 1102 1010 947 1127 1033
421 432 362 623 453 360 580 469 562 583 490 544 200 617 600 445 646 632 433 481
952 1011 944 1113 966 905 1002 847 942 835 876 933 1021 884 1005 967 992 970 941 957
391 421 444 478 564 365 382 373 626 194 206 428 230 405 199 555 611 617 198 187
1180 1266 1244 1255 1241 1120 1232 1167 9 1160 1111 24 1 1156 1263 1144 1121 1261 1264 1200
235 254 121 208 223 229 335 397 218 408 230 284 161 405 369 271 312 150 301 378
374 397 222 229 430 561 202 578 206 221 366 254 400 274 331 414 348 597 174 641
154 315 228 161 362 305 332 313 262 253 70 114 263 407 368 194 96 366 241 390
204 253 404 218 155 294 302 324 285 297 381 186 360 126 594 401 311 305 346 612
223 270 361 299 109 417 419 354 124 261 125 245 401 285 180 302 287 264 119 188
746 852 786 718 747 872 720 881 871 783 681 726 840 719 868 823 816 716 918 702
906 974 818 989 903 859 825 1026 855 952 944 905 1029 800 939 1013 907 967 838 805
358 607 676 569 453 385 378 248 462 315 437 560 659 349 559 449 613 113 199 256
1154 1206 1261 1253 1129 1255 1122 1165 1264 16 1181 1233 33 1164 1270 45 1214 1170 0 1136
1138 1274 1254 1245 1235 1107 1258 1170 1145 1248 1152 1135 1264 1247 1119 1131 1252 1249 1234 1221
215 397 307 168 434 117 576 626 340 296 190 561 299 221 199 161 170 293 424 146
806 837 739 771 808 887 891 801 733 800 848 766 888 852 916 849 728 940 782 798
716 750 707 736 766 624 665 657 735 642 834 856 669 849 687 794 747 860 649 780
36 1212 22 115 1171 1128 1231 73 1272 1190 1132 1221 117 1209 34 147 1229 1127 148 1237
826 940 765 798 1010 830 779 921 977 745 914 806 905 743 902 960 955 885 971 945
455 541 580 595 527 545 608 546 543 445 468 603 415 422 427 503 530 575 542 604
70 155 18 63 201 6 153 202 21 312 114 144 345 82 390 152 378 132 295 92
194 274 258 417 614 242 198 177 294 415 427 249 212 330 382 333 113 172 252 220
1178 1251 1228 1166 1218 1156 1214 1164 1266 1189 1265 1181 1176 1201 1208 1141 1194 1119 1150 1120
902 971 956 793 1017 895 1009 809 957 922 864 824 839 934 1041 999 947 926 1034 929
128 199 83 95 230 106 620 421 240 170 387 60 612 67 379 629 239 42 277 153
338 378 430 416 211 278 165 279 432 243 411 190 370 221 142 327 160 637 585 391
388 583 550 224 316 598 350 192 544 414 365 217 266 410 602 281 233 568 308 572
1161 1262 1236 1211 1193 1203 1172 1113 1135 1114 1244 5 1131 1239 1134 1128 1137 1156 1237 1248
183 285 225 321 356 288 349 224 296 411 111 313 148 141 381 291 165 178 330 116
1184 1236 1202 1195 1266 1141 1268 1251 0 1246 1224 27 1109 1179 1113 29 1270 1226 24 1261
434 538 630 426 521 509 596 620 571 483 484 608 464 418 503 583 461 454 387 610
18 98 169 1184 112 86 59 13 69 144 134 108 35 95 1214 1202 1194 1195 1192 28
204 395 164 222 622 166 293 109 215 159 587 245 356 599 243 586 365 148 431 144
927 977 811 992 1013 950 805 954 865 1059 936 819 933 1029 929 872 1008 995 800 1052
171 385 133 154 222 257 619 431 556 367 338 114 71 564 85 122 258 212 88 182
279 394 603 589 608 426 436 181 297 388 425 254 178 230 635 190 575 359 305 236
90 168 92 367 394 5 322 161 363 187 372 374 295 69 346 308 306 246 58 351
158 225 413 245 94 365 401 355 350 402 380 390 407 183 308 221 302 136 111 241
1 1193 1122 1216 1178 1255 1121 7 1273 1189 1162 90 5 1118 92 1154 1167 29 1207 45
494 528 516 478 448 463 441 434 536 498 473 550 492 456 504 454 472 561 510 497
425 460 584 613 490 619 592 377 396 561 623 433 209 443 636 557 451 202 556 603
139 212 113 357 360 131 381 375 596 67 349 219 406 93 96 53 399 62 380 606
753 817 894 786 768 845 717 733 856 810 849 667 930 742 773 852 841 802 751 880
833 909 911 860 753 790 815 936 760 883 840 944 834 837 971 826 954 940 925 968
1169 1216 1195 1118 1160 11 1259 1197 1265 6 34 1214 1188 1262 1261 33 1260 1231 41 1172
671 764 619 683 865 602 615 687 681 720 626 713 807 709 674 716 868 816 789 599
1159 1258 1187 1122 1118 1246 1255 1124 1243 1270 1119 1181 6 1191 1229 1245 1143 1126 1177 1198
14 1201 1257 1216 1152 1259 27 1251 98 1238 110 1187 23 28 106 1212 1249 22 1207 35
872 921 842 871 951 934 828 960 959 783 822 764 824 782 939 835 975 821 829 797
135 372 235 633 637 247 607 302 320 47 358 604 590 310 431 294 105 189 366 263
162 214 359 372 240 118 59 97 127 288 185 177 197 189 78 204 613 105 603 384
85 118 236 26 7 115 52 30 135 18 90 89 17 230 217 222 216 173 128 189
419 449 628 426 193 573 229 495 374 545 220 618 200 554 401 624 387 582 190 564
235 334 233 387 270 345 239 151 385 249 162 293 256 205 278 276 192 161 391 242
401 643 686 708 183 636 405 720 623 364 399 193 430 426 403 412 255 724 347 662
318 344 213 380 360 289 314 178 154 375 351 161 126 165 267 311 115 361 206 363
165 369 231 144 411 113 137 320 96 619 283 281 206 160 208 94 254 212 290 353
825 934 1016 802 758 905 961 912 791 858 907 939 830 845 914 935 888 789 837 899
215 407 122 244 645 225 147 123 386 619 348 260 354 434 222 290 163 422 287 643
734 753 663 782 704 772 721 727 674 826 859 717 807 711 651 796 838 719 863 678
1123 1269 1248 1094 1235 1017 1177 1014 1245 995 1236 1037 1273 1127 1004 992 1257 1039 1117 1214
385 438 297 460 411 450 493 587 575 467 344 557 236 306 338 271 318 209 349 455
422 640 578 199 630 435 665 218 684 636 556 576 193 554 403 208 574 477 368 696
486 509 507 562 451 513 476 441 534 547 500 564 521 449 448 462 529 519 495 431
