490 958 469 381 458 384 1022 481 448 463 505 425 541 1014 961 986 923 429 427 520
586 604 1054 575 619 607 1058 1072 514 557 585 1065 636 1035 627 537 611 542 1041 626
316 378 899 318 430 379 445 979 340 330 393 909 359 306 348 444 832 950 335 910
252 752 166 261 815 831 274 797 275 292 733 176 169 842 806 222 754 170 698 178
833 858 756 767 910 312 922 410 264 372 227 238 752 788 395 386 326 790 390 876
1052 1075 549 1029 501 1061 1033 1060 503 623 618 601 513 617 564 548 595 515 496 534
297 893 402 400 820 399 322 903 284 274 327 911 313 263 289 277 316 271 279 412
159 174 680 189 199 673 676 229 187 112 687 761 758 732 236 127 221 230 183 209
93 130 11 706 135 114 28 134 61 132 12 179 629 75 64 643 72 116 713 178
230 813 806 248 737 843 726 725 722 196 165 218 240 816 759 850 825 166 282 254
743 778 169 143 788 152 816 248 719 181 803 735 707 786 716 739 151 146 736 727
261 802 823 217 285 843 224 816 758 751 782 207 724 848 832 300 228 291 769 763
202 246 775 226 254 736 169 234 739 763 284 737 680 696 225 697 732 800 713 185
146 656 175 207 68 188 614 66 703 24 652 185 638 717 678 190 198 166 654 616
23 704 34 101 648 628 21 635 63 102 73 639 198 755 703 653 760 674 685 208
426 908 440 354 991 413 926 449 876 930 468 476 464 358 369 339 325 980 360 336
570 607 560 1036 1019 538 644 624 648 627 643 1041 509 558 1033 1053 1074 1091 536 614
132 648 651 130 47 99 615 716 32 67 106 626 159 8 201 152 19 116 126 173
942 992 492 929 1014 437 1024 391 498 450 986 996 491 969 396 1007 440 944 456 959
408 943 887 388 486 417 861 470 962 465 443 463 992 405 1002 1022 426 460 997 360
353 888 291 348 312 283 364 935 338 911 400 382 337 292 340 850 344 371 373 322
393 849 466 889 858 987 970 365 966 386 389 859 974 337 952 917 835 426 830 959
125 147 215 79 72 133 77 156 176 746 159 637 717 52 205 723 658 115 190 642
744 767 252 140 748 200 190 247 201 746 711 217 273 210 143 219 178 794 160 235
506 564 470 479 596 567 522 580 557 1030 1019 541 1006 546 1002 516 517 487 525 555
744 787 812 824 761 145 219 750 230 788 789 155 199 257 838 275 265 701 815 259
106 709 755 200 42 65 655 52 768 201 767 17 96 107 135 747 94 214 719 670
7 61 59 141 648 137 623 20 138 98 77 44 124 76 86 50 30 142 129 99
237 271 195 812 768 831 774 249 771 860 855 201 286 178 789 742 820 811 780 804
33 632 629 706 68 106 616 118 16 101 659 694 4 85 55 23 120 673 644 696
168 225 732 199 209 777 683 213 182 184 165 782 758 791 167 827 671 833 222 721
723 753 795 241 700 170 828 812 197 265 228 826 272 227 163 273 791 683 268 777
604 611 1054 539 644 1074 622 546 1081 584 646 1036 547 639 603 592 595 1071 536 1072
340 882 298 925 322 295 902 357 302 399 433 848 371 907 843 303 876 874 380 293
461 503 567 1020 427 443 494 491 977 1028 937 460 528 938 1006 1025 471 568 530 1045
619 1078 1053 1072 605 609 1075 1067 636 592 635 1061 633 1086 650 663 656 1088 1083 596
223 258 837 783 789 177 785 265 247 181 761 807 747 792 822 205 304 800 207 293
69 127 70 639 626 90 174 81 86 23 116 722 143 635 118 89 103 85 629 117
864 922 847 904 938 934 930 905 969 959 841 982 298 932 335 356 282 287 333 294
205 728 691 674 793 208 173 679 670 146 823 129 810 708 671 115 258 690 143 808
21 644 667 609 624 96 93 121 656 102 641 107 684 97 654 699 628 660 19 649
297 805 771 727 319 840 339 274 906 320 833 783 332 369 910 254 317 798 829 823
426 886 993 464 994 916 474 425 898 460 465 390 331 985 286 864 358 950 423 991
358 911 916 860 450 305 316 395 371 369 295 848 856 383 896 381 311 405 899 945
360 900 907 862 876 886 839 934 883 347 331 909 294 361 344 896 388 322 844 400
138 168 213 209 665 112 154 731 730 198 176 53 755 51 195 185 742 686 184 211
431 982 861 992 866 441 1010 950 413 478 389 453 860 409 395 1012 863 959 400 932
294 859 310 256 340 384 830 870 413 835 377 259 283 829 392 915 824 293 381 876
189 676 719 784 234 763 632 647 699 712 141 624 217 142 686 742 232 154 225 776
885 932 322 848 1003 377 294 381 970 356 363 413 370 425 998 846 345 461 959 865
389 458 416 897 336 365 859 945 472 940 857 998 483 489 462 501 446 377 905 363
559 594 513 1021 1064 1019 495 558 629 609 596 1032 600 618 549 612 615 1007 607 597
287 822 224 845 283 310 339 336 327 735 347 821 882 770 299 295 290 317 848 773
179 762 261 725 743 802 705 249 745 753 831 801 748 171 241 170 800 198 212 768
17 634 12 96 121 27 667 116 663 607 627 662 54 105 80 2 657 3 82 118
315 381 973 934 883 453 371 942 424 892 849 865 879 422 295 931 312 907 867 912
281 809 212 287 839 866 220 319 724 254 819 736 875 250 263 222 274 322 223 823
925 985 960 999 939 904 344 869 973 460 366 885 940 478 411 910 975 1022 357 933
26 78 0 104 135 716 647 648 59 641 90 100 149 13 47 637 700 64 114 632
612 640 24 59 661 134 1066 689 687 635 672 696 1088 1065 58 656 622 19 654 591
63 715 15 97 0 116 636 664 668 627 58 737 741 732 743 708 54 103 646 691
752 819 249 820 260 769 834 178 698 267 718 233 713 809 205 265 775 704 253 295
242 807 253 731 795 751 215 291 758 722 184 265 801 267 780 268 752 261 229 785
404 998 434 435 975 377 979 354 1015 349 410 379 423 885 476 872 859 376 468 1023
270 325 225 841 754 898 859 385 909 351 323 371 890 352 875 876 895 784 918 315
180 236 734 693 694 774 182 211 278 790 781 149 210 725 754 813 251 129 261 150
269 302 770 753 839 245 338 754 866 904 344 361 248 351 891 882 855 229 238 901
58 70 57 115 17 71 30 127 699 72 87 107 38 108 50 641 73 696 628 80
719 780 682 817 141 185 732 819 201 173 658 191 126 692 264 756 132 670 253 215
609 1065 566 570 636 644 598 538 561 1091 638 615 626 619 1043 1086 1042 1088 1077 643
253 802 843 753 815 797 744 209 732 225 233 816 717 830 809 287 789 783 242 722
100 647 29 607 102 52 680 140 678 682 649 624 668 64 83 688 51 716 71 661
216 765 196 713 701 725 775 777 826 832 698 708 819 711 699 194 265 811 807 724
399 893 434 374 985 411 959 403 987 873 908 383 890 362 435 427 367 997 991 898
351 929 324 968 352 382 386 377 991 340 380 344 466 994 847 349 320 348 424 990
317 886 923 915 297 405 268 839 411 892 420 843 365 349 914 356 388 389 270 322
314 355 309 310 416 350 879 919 261 275 329 874 306 384 409 397 351 271 878 866
312 369 335 876 892 333 879 327 285 281 835 272 316 260 914 366 913 362 904 303
400 868 944 933 979 417 334 856 323 951 434 341 925 968 837 338 294 300 980 889
398 862 997 998 408 962 980 957 274 431 345 415 834 459 936 437 841 301 942 457
346 901 395 907 860 411 406 388 876 337 915 870 910 879 400 886 914 854 345 342
166 657 128 688 668 748 41 23 753 228 162 707 617 127 677 680 642 633 694 179
266 296 297 808 281 337 298 749 361 744 886 836 364 239 280 786 809 315 884 831
122 716 52 62 157 704 667 794 128 121 210 230 657 224 663 780 57 706 138 111
455 1006 937 1032 950 926 927 425 395 435 390 1000 387 493 464 416 417 450 1021 910
7 121 76 650 41 79 77 83 75 63 157 708 36 703 65 100 15 685 692 146
435 488 368 989 414 375 940 394 917 453 878 969 974 477 1000 365 908 947 1037 970
224 241 197 764 829 791 273 748 248 843 798 279 249 722 245 220 809 785 735 261
414 858 352 842 387 348 462 409 961 974 374 292 969 916 271 868 265 834 377 386
950 969 1022 403 955 971 1021 483 1016 989 998 390 1025 935 932 478 1009 972 936 493
495 1026 545 1054 547 540 452 575 1003 1009 551 485 522 579 1005 492 494 1050 493 1031
303 820 227 892 754 879 808 870 265 763 214 868 226 336 727 909 327 376 900 788
42 693 668 28 9 651 694 4 662 636 646 29 88 182 7 207 3 640 724 43
237 791 822 784 212 177 188 746 723 202 283 827 714 284 783 818 825 248 281 767
42 662 175 93 647 157 132 49 184 76 188 69 676 689 7 126 143 67 716 178
166 663 180 615 217 660 763 175 740 693 676 758 674 194 213 716 168 764 689 209
659 676 203 197 727 622 682 143 47 621 163 152 158 661 177 21 40 46 636 45
935 956 953 428 994 958 398 452 980 959 982 905 961 368 362 450 957 472 358 445
1064 1078 579 619 556 618 1060 570 540 534 1051 589 1088 1087 1074 1059 567 617 1047 587
621 662 642 595 2 171 1086 623 637 168 702 705 672 706 684 643 157 142 611 149
513 1033 1050 487 1057 1009 585 1045 1012 561 1032 1007 575 470 486 1025 533 1046 1027 551
232 819 716 781 815 766 296 173 182 189 732 178 718 204 267 199 186 813 248 266
474 983 1006 493 976 923 920 501 946 401 955 950 452 932 395 397 473 389 988 924
12 677 631 708 627 729 728 705 199 95 654 690 177 19 94 659 703 644 76 65
338 883 934 322 354 374 924 288 893 282 299 423 880 844 910 875 392 917 394 911
406 989 988 1026 1013 982 356 471 897 1025 1009 414 464 439 344 362 925 927 930 852
455 469 394 496 398 452 982 992 406 1016 1023 984 495 485 972 481 505 494 923 963
117 724 760 764 7 765 162 805 687 708 103 701 707 726 145 818 748 678 212 665
151 731 815 188 813 754 204 213 654 232 163 777 154 233 806 171 217 192 248 801
117 132 163 645 57 174 140 636 65 709 145 176 33 146 24 18 644 172 195 131
497 557 503 466 602 1011 1037 486 955 550 987 996 1017 474 949 1061 950 584 596 529
390 860 844 401 908 442 987 441 362 830 348 431 393 969 285 268 834 843 954 997
459 1024 396 975 503 939 511 1015 952 402 972 1009 990 535 574 1018 430 499 920 504
425 933 352 345 961 440 881 376 1002 447 968 446 1009 476 966 470 991 972 388 463
6 633 643 52 59 608 44 664 117 697 670 641 708 606 81 687 83 18 622 676
398 981 332 458 459 1019 871 440 928 935 370 887 360 481 357 996 854 429 995 880
280 861 834 785 842 826 804 409 239 272 324 237 418 289 915 397 775 820 229 415
280 791 856 308 278 875 718 852 745 719 878 255 807 888 767 276 274 755 235 317
703 723 784 192 50 226 771 128 41 229 116 794 674 649 83 661 236 785 137 101
407 916 302 949 881 976 986 870 337 322 382 444 379 911 345 321 457 367 928 895
185 217 681 212 798 136 170 261 769 192 194 729 796 696 163 692 688 827 818 158
66 137 152 174 94 198 83 709 50 629 133 195 52 154 201 660 70 73 722 200
176 665 128 642 239 672 683 155 182 752 721 627 680 129 663 776 782 742 133 174
123 638 662 120 161 68 19 684 724 74 6 15 91 79 155 639 645 2 58 655
68 92 41 131 714 103 29 83 56 146 635 84 713 44 65 112 97 627 150 53
888 907 283 932 384 398 419 308 343 323 389 402 436 424 304 412 924 335 334 861
429 977 454 463 406 493 467 484 465 474 400 396 455 432 442 479 445 413 913 939
738 778 148 136 263 825 187 156 165 833 171 205 777 699 787 259 157 704 709 237
411 882 444 430 397 400 840 321 980 977 944 376 997 302 413 853 308 381 388 445
410 1001 471 1017 998 885 926 396 420 515 879 467 1020 976 955 413 869 930 972 908
301 902 910 895 404 303 264 337 276 413 278 312 850 810 816 265 904 918 923 270
786 813 190 804 788 743 281 785 210 242 262 761 180 229 214 279 740 276 223 759
858 904 888 873 852 906 903 400 934 871 926 405 923 831 851 921 861 414 370 362
242 835 812 724 725 201 288 243 732 266 207 864 745 882 313 755 233 195 876 765
50 104 637 110 151 0 6 12 13 36 635 108 94 138 655 641 60 140 59 82
502 1029 480 1000 539 1045 999 503 534 1032 1050 579 527 484 533 995 529 1056 1026 1046
534 563 495 1035 494 1048 1065 486 585 1017 542 508 570 513 558 529 1055 515 548 554
536 561 605 1055 1044 606 556 490 541 576 516 560 521 1033 569 491 525 555 1021 527
751 833 142 851 274 719 849 169 725 307 237 190 813 173 784 257 245 304 197 797
553 574 516 496 511 585 563 508 543 567 592 1046 1020 506 566 512 614 520 1013 541
201 236 263 757 144 143 782 714 811 776 183 820 689 276 809 803 740 165 209 146
507 549 1063 1022 600 477 551 597 543 535 487 513 582 473 568 511 546 519 506 1064
14 53 82 631 126 10 136 690 91 109 688 648 137 78 683 105 49 80 142 714
469 491 457 441 451 1027 405 965 1046 419 1033 972 1036 475 505 961 946 994 1015 486
761 817 738 291 178 771 845 833 839 171 263 717 265 207 164 295 798 193 774 217
528 590 556 623 551 1018 628 499 496 488 1036 599 1071 539 530 603 509 1054 485 1030
885 926 896 850 840 469 923 869 993 356 363 311 341 916 985 393 299 904 462 415
327 837 797 308 244 915 917 789 780 823 242 389 350 861 252 812 776 392 365 276
300 317 882 291 921 805 889 281 373 881 843 809 886 873 906 831 323 266 910 325
29 86 45 46 32 19 144 712 145 148 650 120 52 34 18 101 107 102 39 647
