51 124 49 128 137 1069 1035 1065 132 1018 1007 54 1021 151 24 111 72 1037 62 1030
360 397 330 435 399 445 429 400 423 418 341 444 426 357 420 339 440 364 462 458
889 902 886 917 960 5 958 916 862 879 850 876 955 919 954 888 852 859 965 4
250 265 373 207 158 166 168 248 209 193 245 295 215 206 267 282 278 246 276 219
14 1039 951 49 50 70 111 966 125 968 83 114 1031 954 901 998 3 6 996 962
50 1034 1025 44 118 1014 920 1031 57 961 1051 1009 963 921 1015 129 25 117 3 26
527 567 476 487 578 549 481 554 552 507 511 512 505 477 486 521 546 534 528 540
302 465 503 455 495 451 337 291 336 469 475 464 509 508 474 479 496 358 227 354
5 34 30 26 1013 1022 983 18 6 949 43 1027 4 996 46 58 63 31 49 1031
286 304 337 213 309 300 260 335 374 354 287 288 471 209 330 264 376 272 207 310
188 203 152 154 252 182 187 190 196 197 270 277 251 218 274 273 192 236 194 193
472 501 482 311 509 329 493 551 498 519 530 488 504 341 496 331 565 531 514 335
24 928 1019 66 990 974 902 1027 911 944 926 9 5 60 954 971 959 7 903 964
896 982 84 88 71 843 68 855 845 963 981 918 848 1 949 967 964 23 28 66
143 153 149 165 246 156 171 249 182 1034 158 141 125 128 163 145 186 1070 206 1050
3 972 885 29 961 964 9 41 918 74 57 944 981 882 977 966 879 12 86 877
266 277 275 197 369 239 173 190 267 172 385 246 373 189 241 269 290 202 286 375
893 951 930 851 975 854 50 913 859 24 957 983 898 47 922 33 860 971 938 846
294 341 318 240 292 351 225 315 331 215 221 290 444 376 357 316 295 328 320 461
361 388 359 379 397 419 368 365 360 442 423 393 385 398 370 273 354 408 433 446
993 1033 124 44 38 32 4 981 69 16 1026 966 144 974 126 975 1014 83 62 50
296 458 467 288 362 447 236 466 333 310 462 235 326 341 470 335 242 451 512 300
509 566 426 476 474 567 568 448 499 460 482 569 503 561 513 519 535 517 553 531
490 502 472 517 546 481 566 528 551 507 567 504 468 559 570 477 534 536 552 509
193 272 200 263 284 202 286 159 387 380 265 167 245 247 283 273 209 242 372 385
883 901 874 970 875 903 919 9 852 866 956 863 923 5 914 949 913 856 864 851
197 270 199 160 268 181 242 170 179 166 253 174 195 374 384 185 157 276 165 207
240 296 283 338 243 306 265 319 219 225 224 291 218 463 209 334 302 226 289 202
416 443 417 453 386 371 419 449 408 436 402 425 387 458 421 366 412 441 456 424
167 246 238 289 234 260 194 170 179 269 220 287 173 247 290 292 282 277 181 154
552 576 518 575 517 525 498 486 483 553 534 482 516 506 529 528 484 530 567 540
1004 1030 1014 1031 1022 0 1005 6 7 1034 58 26 993 119 1003 13 40 123 5 134
5 1029 964 12 1053 25 71 34 1000 17 906 49 46 1018 1015 1030 984 1038 1012 40
52 67 1001 1026 61 133 79 89 988 960 1024 999 1035 1013 75 996 1012 43 994 83
363 457 387 477 344 380 506 334 437 402 312 479 320 366 296 434 327 317 499 468
65 995 21 1036 999 976 58 961 83 42 971 7 970 1050 993 34 1059 59 55 35
300 336 236 333 222 218 371 284 377 474 346 373 307 466 364 477 335 343 297 476
132 1029 29 136 51 46 57 23 146 1013 69 18 1000 21 115 6 10 56 3 1034
224 241 266 237 217 1019 277 296 304 165 290 209 1022 231 257 261 222 1025 269 278
497 555 483 505 553 488 513 463 489 481 500 577 532 570 569 529 537 575 458 540
337 466 314 335 317 499 517 367 516 360 469 341 322 301 353 513 366 444 294 483
396 447 470 333 457 509 379 337 410 373 405 390 367 458 419 468 466 444 349 406
189 273 381 206 265 288 380 283 156 281 194 375 171 159 191 275 188 243 386 377
71 994 28 983 42 35 962 12 963 1052 68 17 14 982 978 1056 1029 958 30 996
969 1000 1039 81 908 985 957 31 891 55 53 982 26 1006 956 50 866 970 889 877
1050 1066 85 1074 76 73 147 84 56 51 1062 64 142 87 89 149 1034 1033 1079 116
482 552 550 476 520 524 540 494 484 574 560 562 504 532 466 533 468 319 542 327
1021 1027 5 229 22 17 56 230 31 36 32 1038 136 126 999 19 1026 7 26 60
482 496 464 545 524 555 533 556 503 502 516 324 539 325 564 470 526 497 506 459
278 289 304 231 334 277 283 237 267 265 379 335 366 206 258 255 351 386 263 350
171 208 215 283 262 175 170 241 181 168 173 287 245 258 220 184 259 162 195 156
79 989 52 75 85 963 67 64 7 19 1 10 42 955 76 51 0 1052 81 996
43 944 38 1014 961 941 58 50 7 939 948 66 0 121 904 40 912 936 30 5
140 213 146 205 1068 142 1033 126 113 250 229 116 1052 206 118 1058 114 150 1071 296
168 177 203 215 209 245 210 167 195 157 248 150 193 159 152 166 213 186 241 188
205 256 194 271 221 151 195 200 209 292 188 261 191 181 192 238 215 180 222 154
511 543 530 461 436 557 567 522 518 499 564 539 508 488 576 439 561 532 515 555
486 533 506 557 463 569 476 555 472 469 483 561 495 529 478 564 544 548 554 471
25 51 137 915 1056 71 12 73 960 1002 64 975 1021 31 138 925 29 910 988 19
263 371 272 265 373 341 343 346 248 172 370 394 389 196 243 207 357 284 260 447
125 1035 139 53 991 1039 992 1036 137 115 1032 1007 111 74 1067 123 1 1038 63 998
390 403 455 363 375 400 382 431 414 373 396 427 404 405 437 447 347 369 448 348
211 260 199 147 286 220 176 372 234 221 193 373 174 267 158 209 257 171 204 293
337 477 306 507 465 489 449 291 349 336 297 350 445 545 496 487 360 359 338 509
340 384 475 354 322 377 277 348 314 358 440 289 372 395 463 439 299 404 350 296
390 397 388 381 349 347 383 437 440 430 442 372 361 398 447 359 403 412 377 373
160 247 198 274 152 216 249 291 214 196 263 150 172 175 163 169 211 170 205 255
957 997 10 1039 19 70 847 2 979 1037 47 842 858 1032 933 926 844 977 35 989
980 1000 966 1014 1009 20 13 1011 56 27 71 988 953 947 3 58 983 985 1039 10
39 963 44 962 124 64 6 961 899 1021 904 56 947 1017 19 971 66 895 1035 953
249 281 257 171 292 379 370 202 209 293 233 207 348 153 263 283 218 169 269 262
849 923 958 26 966 15 17 964 49 862 16 851 886 30 35 852 19 929 916 932
352 441 349 377 288 285 391 392 330 323 439 290 356 287 348 336 396 345 386 450
0 1013 964 1014 37 1050 11 973 1054 76 918 52 66 44 1011 48 59 60 1024 121
221 251 172 266 295 201 280 168 209 214 242 244 164 291 198 227 159 239 262 245
8 953 843 12 860 25 1007 1029 964 58 914 72 1006 979 1001 78 915 994 1028 1014
361 442 395 337 351 366 360 398 437 417 419 459 388 445 407 397 451 338 377 389
121 1016 54 1068 122 44 1032 37 1066 1033 142 35 1061 999 116 125 1006 150 113 47
151 1061 145 112 213 1062 54 203 114 1033 158 1036 57 132 1034 118 215 1052 1065 125
89 992 61 1002 27 86 34 983 1004 35 971 69 87 981 38 964 46 53 979 26
902 966 919 988 15 855 882 844 1001 884 11 862 851 67 888 979 20 13 859 998
365 432 418 384 334 276 331 337 338 458 402 349 426 378 504 348 396 413 460 375
923 940 13 847 848 907 4 6 912 938 911 943 30 962 851 963 945 5 46 942
910 933 969 841 957 41 36 4 879 861 877 900 42 843 959 45 919 923 975 896
481 541 500 465 563 553 565 315 501 536 476 496 510 474 495 326 554 479 324 527
471 532 547 567 450 300 476 463 518 316 549 454 511 309 445 543 347 447 482 550
50 63 962 31 9 127 993 71 78 972 123 5 1004 34 137 1038 975 59 990 976
64 974 57 21 23 890 11 1010 975 1039 51 1011 872 906 32 60 959 65 996 1031
40 991 919 914 964 52 955 68 978 10 906 8 30 982 0 51 917 1028 1021 2
869 965 72 888 863 954 865 847 920 1001 997 862 20 1 31 857 923 3 961 948
866 887 912 909 967 959 915 856 964 848 960 969 847 958 970 910 914 855 906 962
503 535 510 482 560 539 464 545 478 528 573 500 534 538 548 557 480 523 563 488
462 485 480 473 317 524 545 557 313 547 543 310 363 360 508 469 349 509 532 519
1006 1022 1035 999 71 14 227 120 69 23 124 62 224 993 1003 996 57 129 1015 38
428 436 452 420 456 440 507 419 505 387 442 385 448 399 361 368 388 457 382 359
318 340 447 300 325 347 329 471 293 287 322 474 449 479 315 478 380 385 382 451
407 443 341 439 337 436 394 369 455 378 422 450 429 441 392 352 374 343 388 381
64 1029 35 14 1058 1003 121 1038 32 82 1005 13 130 1007 960 123 1004 1032 20 19
166 205 242 185 155 200 171 233 235 153 157 151 217 178 164 234 197 244 168 239
123 995 1017 978 80 1003 961 1058 969 953 82 1000 119 39 972 1052 977 42 1030 1010
477 501 537 311 334 562 555 554 548 316 509 534 458 531 556 497 541 460 542 310
313 467 486 331 510 330 504 507 311 296 333 319 315 479 466 493 325 343 457 505
33 64 71 956 971 961 917 920 38 941 972 12 928 127 8 57 75 919 124 36
895 950 868 966 999 892 35 921 15 845 37 50 863 3 858 9 847 36 913 21
0 1037 977 951 113 914 14 919 1030 33 982 115 1060 1003 32 45 121 11 1000 909
969 992 908 2 16 984 1039 37 1005 865 63 47 906 28 967 9 38 78 1003 19
1109 1153 1108 1095 1154 1150 1164 1098 1107 1099 1165 1163 1151 1092 1156 1162 1106 1093 1159 1100
907 955 915 57 27 867 41 970 841 967 14 957 877 956 896 17 25 904 45 924
19 951 918 906 74 856 1009 977 960 915 989 22 922 1027 867 948 871 50 932 928
121 1015 1004 38 45 1011 33 144 113 36 227 1026 131 111 55 128 2 1065 126 1025
134 1069 119 138 1039 1078 1003 1028 115 1062 1052 126 123 1074 149 1033 1050 141 1051 1077
61 990 1004 56 967 1008 117 66 1054 2 39 16 1001 71 44 79 69 963 15 958
914 959 895 22 903 928 885 34 850 26 25 893 919 993 50 952 927 978 923 24
135 149 164 122 1030 213 1066 167 132 1003 150 55 1059 125 114 166 130 129 205 154
849 877 865 866 887 907 853 900 957 898 886 858 948 863 950 891 919 909 843 867
375 440 407 408 411 443 404 421 419 278 383 271 345 366 264 386 267 283 400 270
165 173 158 156 243 148 248 178 213 191 200 211 186 264 149 205 207 174 255 257
309 475 493 521 328 539 528 330 485 526 341 467 314 339 511 488 470 494 512 541
315 470 467 303 488 350 457 324 308 530 512 518 504 456 494 458 479 517 480 346
359 385 270 372 388 391 466 373 371 424 354 346 390 404 338 407 422 355 269 465
208 258 276 290 181 291 241 203 257 292 176 264 266 144 198 286 172 221 225 183
506 556 500 513 466 488 468 529 473 532 470 465 495 535 467 481 469 527 547 485
59 1050 89 1003 1061 14 27 960 121 31 65 11 85 1030 1054 1001 73 77 70 1060
2 1010 133 22 56 1018 1027 907 915 61 0 1016 980 1 1033 15 43 905 1004 1022
227 295 237 305 350 344 1021 462 332 224 243 323 1014 301 242 238 289 210 1024 328
141 1050 1070 153 116 117 217 0 1063 1030 122 124 89 1052 127 63 1071 86 114 83
943 956 952 22 859 980 1000 923 898 960 966 35 915 38 8 873 991 906 994 935
889 977 913 968 56 69 60 886 1000 11 972 896 876 861 914 68 65 994 891 971
854 884 949 881 952 890 970 919 973 883 882 921 852 872 909 967 892 859 867 862
250 272 233 173 207 170 279 386 284 187 374 226 159 377 268 160 292 210 216 370
491 556 482 461 471 513 504 559 567 533 531 472 529 564 528 462 552 573 483 492
23 54 918 132 1032 920 1012 20 1001 63 130 124 65 996 942 923 5 70 973 79
456 516 500 443 300 388 325 438 461 370 533 432 484 444 528 318 312 310 315 299
489 545 538 570 502 500 511 560 484 462 464 465 566 509 532 555 496 469 550 490
370 444 441 408 272 374 267 369 446 469 375 364 334 467 353 425 409 390 356 464
72 82 1032 62 1002 985 1006 1033 1038 995 53 6 87 970 989 0 10 1056 7 1
40 947 916 1029 18 988 15 13 965 863 952 35 26 127 122 128 932 9 954 854
473 503 478 495 341 529 470 525 482 569 303 493 454 447 479 573 506 536 310 523
7 972 961 56 1012 50 27 36 906 968 877 63 40 1011 946 45 956 975 880 904
301 338 362 446 469 366 225 371 294 453 457 329 354 315 460 470 461 368 320 296
320 452 463 467 374 345 302 471 446 479 509 384 348 513 364 453 382 300 371 347
255 289 200 295 296 259 346 337 334 283 276 222 166 262 273 290 174 240 220 287
120 1014 146 1032 111 1001 1000 40 2 1004 20 7 1065 44 1033 5 1067 226 39 59
124 1015 1050 122 141 1052 38 41 145 24 138 44 149 1019 1028 1063 1014 23 1057 143
250 263 162 163 220 226 377 282 237 217 260 244 202 198 160 211 373 283 164 256
156 210 196 169 229 203 178 211 221 290 243 153 174 215 223 181 144 247 1092 259
387 438 416 390 353 392 457 276 415 375 345 379 459 444 381 412 413 364 422 452
395 425 368 371 367 415 374 505 382 424 446 430 510 414 514 402 429 411 420 389
1038 1050 63 111 49 135 1052 74 992 1068 6 56 86 64 46 1051 26 121 1 79
392 452 474 357 433 326 373 438 410 362 434 375 422 412 359 350 342 376 509 413
