37 54 344 287 20 341 31 321 330 280 82 49 70 316 334 44 288 302 81 284
137 466 480 444 380 141 174 415 474 107 96 425 138 416 160 94 151 378 472 451
94 481 485 448 449 147 162 451 83 460 66 157 128 152 69 97 95 113 153 70
383 445 415 459 474 394 457 475 376 438 483 434 407 470 465 423 446 441 397 426
405 459 413 383 149 460 384 483 374 443 378 429 145 441 146 433 444 411 428 158
47 289 281 334 53 14 61 344 285 297 75 292 4 44 250 19 264 348 65 5
334 356 336 70 17 57 365 35 283 301 297 289 371 12 300 355 366 374 61 13
162 236 255 262 244 473 159 245 155 123 252 192 246 135 204 170 457 141 198 232
326 350 318 340 365 75 331 264 297 68 265 16 17 52 38 49 43 42 364 301
46 293 36 16 339 72 286 331 40 342 56 337 285 268 280 322 308 288 47 42
182 251 173 210 280 167 226 190 287 277 168 243 260 202 258 278 212 152 290 222
144 476 179 137 152 111 130 461 162 465 166 446 89 110 191 471 127 186 190 472
332 344 287 318 283 55 12 23 27 331 6 336 65 338 323 350 58 41 340 273
130 469 107 128 104 466 424 98 475 163 136 414 105 85 474 109 94 143 454 412
49 315 58 312 15 326 21 65 273 317 314 262 307 281 344 313 9 297 320 75
135 166 104 156 232 254 137 255 182 209 150 230 99 201 249 142 202 90 213 251
265 313 318 16 255 238 19 278 30 332 36 58 245 235 0 75 42 74 268 260
191 225 230 155 219 238 226 258 164 165 198 160 260 184 182 229 236 158 180 150
43 346 320 39 281 299 277 349 74 347 340 284 278 60 325 44 317 12 26 52
401 444 456 386 428 395 402 466 485 440 414 476 393 373 433 372 374 375 460 422
408 454 457 464 469 480 475 398 385 466 451 373 395 151 473 412 455 444 439 379
94 107 145 147 85 129 65 111 126 114 140 485 142 89 143 88 125 87 120 127
177 245 271 269 280 207 239 248 167 187 194 226 231 200 174 243 146 229 223 140
40 304 271 12 48 35 73 7 307 1 53 74 299 289 265 328 280 0 301 32
15 294 252 10 341 339 308 323 52 254 47 253 23 0 290 59 267 71 316 2
150 468 220 141 149 192 222 191 108 109 480 425 413 131 98 162 133 174 218 478
167 463 467 419 475 133 217 212 222 206 235 249 185 243 252 184 478 197 380 224
265 306 29 37 289 40 299 318 1 281 243 72 238 273 70 59 256 272 342 71
311 325 78 301 40 12 36 42 260 272 329 340 323 19 294 263 302 34 268 336
32 315 17 325 41 310 49 311 25 29 13 346 74 31 278 23 317 316 273 36
367 377 383 357 408 434 386 466 446 455 394 450 387 470 409 412 353 421 354 428
28 323 48 268 27 43 75 32 21 271 283 31 41 277 35 325 317 57 344 13
175 223 233 213 138 209 183 256 182 144 155 139 150 148 244 249 137 208 161 216
31 322 292 34 318 313 335 294 16 316 260 329 33 72 311 35 48 22 42 68
389 454 399 375 432 393 370 486 391 433 159 421 457 397 394 471 481 155 424 378
20 297 18 7 37 325 39 309 10 66 252 313 304 322 272 2 73 3 262 314
262 270 307 186 285 287 303 228 205 274 336 328 310 304 264 311 204 338 259 229
265 299 313 319 30 243 44 11 17 289 305 262 73 13 326 40 43 266 19 275
364 384 456 430 437 421 349 411 463 402 444 445 380 452 345 358 359 449 342 446
153 185 469 208 247 254 473 202 133 120 218 231 216 160 465 477 238 103 250 454
49 296 301 273 265 65 307 72 339 291 8 15 287 312 39 289 297 342 7 326
279 338 299 274 305 43 320 271 40 337 312 355 296 303 17 243 240 248 252 347
398 424 449 471 399 371 415 466 448 400 428 461 425 379 457 427 403 411 445 396
260 308 311 306 60 202 25 41 8 276 298 2 47 305 200 340 231 18 15 322
112 143 123 195 473 110 129 133 463 130 467 119 138 84 468 140 74 188 77 160
19 28 316 58 298 319 63 294 47 299 61 302 344 13 304 34 323 4 10 306
4 334 293 331 280 338 17 7 68 12 325 41 282 275 53 11 56 22 335 315
340 347 13 360 52 364 350 297 59 362 275 7 62 338 296 29 299 38 305 283
65 283 93 88 299 86 55 62 75 29 312 74 336 279 290 300 80 303 59 293
270 299 261 25 271 67 305 256 1 64 264 318 10 249 53 50 244 0 2 76
163 233 151 194 478 203 224 179 243 248 242 483 140 251 193 466 221 237 209 127
175 236 171 146 201 164 182 212 188 232 222 228 237 261 152 233 137 195 172 221
314 322 273 20 265 317 59 277 269 331 12 279 77 292 8 17 22 38 26 291
373 434 354 438 415 352 458 427 386 404 381 449 433 356 351 461 423 368 406 457
193 210 256 188 155 209 227 250 185 179 157 245 149 174 187 220 151 233 212 208
257 279 232 239 270 318 210 336 308 52 207 48 75 57 254 190 253 251 185 322
27 44 340 9 280 281 285 14 23 13 341 0 295 69 286 65 277 20 74 284
259 266 226 227 274 298 277 210 330 287 179 242 282 182 188 238 184 283 267 273
49 281 276 260 290 294 35 45 252 61 283 7 315 289 25 242 1 313 22 66
102 134 97 95 91 137 85 115 84 475 484 74 121 111 486 68 465 80 169 113
69 323 265 102 31 14 22 90 349 28 34 1 274 74 55 334 42 58 72 13
378 428 362 358 453 409 384 406 410 455 400 404 412 452 369 449 469 391 357 447
19 37 34 25 334 312 338 292 332 38 320 21 318 44 300 351 54 51 67 7
395 424 381 400 442 433 459 440 402 446 455 434 372 377 373 394 463 380 405 472
375 456 479 411 427 159 361 452 422 423 455 418 429 432 377 154 480 430 155 376
403 455 388 443 440 436 485 400 421 465 477 413 478 415 382 470 410 482 431 402
166 461 224 227 210 469 432 157 256 156 446 203 486 431 415 425 476 213 147 192
246 288 48 195 253 324 335 27 211 280 251 65 342 70 274 66 73 180 328 237
90 486 460 452 162 76 143 123 82 134 122 75 447 67 117 108 129 100 111 118
404 446 426 444 439 429 396 452 377 428 409 411 478 413 378 457 374 450 390 485
191 236 147 226 163 220 144 221 170 210 254 189 218 180 214 256 151 183 143 185
160 468 462 427 152 168 227 447 203 464 486 223 465 218 472 202 187 122 242 463
8 303 255 50 340 290 330 337 270 6 254 314 343 19 266 344 53 41 21 263
197 252 240 286 152 247 229 254 163 151 174 177 223 159 283 181 208 224 258 294
75 99 297 479 150 105 324 91 319 285 152 101 103 325 133 51 274 90 52 334
63 327 268 275 274 297 4 346 51 53 76 50 61 322 12 311 3 80 85 350
11 29 52 4 66 320 39 43 36 292 41 286 19 328 1 10 45 319 289 348
374 408 391 436 366 382 356 403 367 426 373 454 443 447 359 428 435 384 361 380
397 439 467 422 418 426 410 416 388 429 469 417 458 386 468 419 372 394 461 396
402 457 448 388 159 155 406 449 153 415 435 416 382 417 486 374 397 472 443 442
330 341 278 267 44 348 4 57 287 9 283 10 353 19 289 276 31 279 305 63
104 485 118 126 484 477 69 92 110 76 98 482 89 105 86 120 479 75 151 124
130 163 178 151 253 88 457 481 208 188 81 225 486 200 465 484 201 150 160 155
60 271 75 27 301 26 38 313 338 291 30 81 337 79 89 32 73 250 329 46
59 308 341 263 299 284 332 77 271 8 290 85 259 276 83 342 288 319 72 73
254 260 227 240 172 264 300 322 277 178 284 246 196 247 173 301 216 197 231 205
216 251 204 157 155 234 224 185 282 288 230 223 186 191 220 198 203 279 184 159
62 315 33 17 70 16 39 271 268 79 327 82 341 73 88 14 67 279 340 30
5 331 276 314 15 22 37 61 51 68 25 341 45 350 65 277 345 281 333 348
338 358 328 281 295 337 41 272 329 48 304 365 384 274 377 386 313 277 325 297
175 257 234 306 288 209 189 159 267 137 182 244 241 207 269 222 247 148 295 233
91 146 204 68 78 484 201 203 139 135 132 193 101 479 94 133 117 75 481 461
161 462 465 170 417 419 410 411 172 464 484 253 137 477 428 420 421 210 242 381
161 472 98 484 160 475 458 242 130 162 418 189 471 96 213 480 102 218 107 154
297 313 258 271 44 256 36 4 74 29 294 34 266 298 16 282 54 20 251 279
400 446 390 398 402 453 383 404 397 416 424 395 371 392 368 411 447 405 444 457
15 34 327 292 66 55 45 17 280 44 290 299 302 316 331 291 341 335 315 60
152 219 485 138 235 97 128 222 153 191 170 122 241 139 211 95 161 120 154 454
27 310 347 339 338 306 313 329 1 30 46 314 41 291 69 284 281 259 340 282
166 238 140 471 141 263 484 142 167 203 212 466 459 146 265 224 219 168 464 477
180 221 242 144 237 210 179 250 253 151 227 164 175 256 211 249 192 243 257 245
101 149 203 104 99 110 150 461 100 202 207 479 80 82 69 472 486 210 130 116
57 311 287 342 285 78 58 82 276 344 43 317 295 270 2 72 310 296 13 332
367 375 443 397 366 454 355 396 434 386 457 414 399 345 445 376 361 418 344 428
302 330 296 272 284 276 58 40 311 28 62 279 300 316 61 13 38 321 19 348
397 443 425 384 399 474 448 387 412 381 372 376 370 422 419 452 478 463 470 382
153 167 189 126 115 244 243 159 251 485 206 220 196 193 116 198 150 173 229 456
386 437 367 441 442 466 456 468 454 420 373 426 433 389 431 440 365 388 381 364
336 355 281 40 380 332 45 31 272 276 315 372 65 28 73 61 64 290 297 274
42 285 301 37 75 251 28 327 34 290 242 346 59 264 21 51 61 343 47 287
108 152 78 114 484 126 77 101 110 107 183 97 73 234 123 223 153 202 80 224
24 323 47 54 73 331 349 29 28 314 65 46 313 312 33 337 278 273 258 281
290 325 287 49 311 6 9 328 282 7 59 286 29 289 254 42 48 63 292 304
55 299 11 63 345 67 25 344 18 54 274 323 82 324 325 297 310 66 336 57
48 77 98 301 53 335 71 297 302 300 12 282 64 126 51 340 18 316 283 16
135 172 168 200 221 175 93 146 237 114 88 232 218 173 198 115 97 470 140 124
79 102 62 118 80 123 92 485 81 140 128 64 68 480 93 481 142 54 69 113
160 481 98 486 132 215 116 482 90 95 119 479 224 480 91 117 151 218 232 449
187 260 326 256 246 310 209 248 301 249 188 316 318 164 253 298 297 223 281 172
105 127 90 473 469 151 106 100 468 480 102 75 78 156 145 97 93 152 475 83
197 224 213 219 157 251 196 159 189 174 221 195 148 158 169 223 176 230 163 188
102 120 471 87 480 94 479 137 158 155 74 141 143 131 124 481 70 482 84 152
6 47 317 38 298 293 44 343 28 330 33 37 346 63 279 284 25 338 7 312
144 160 243 145 246 116 202 486 163 231 91 132 152 208 467 215 101 162 474 188
282 337 77 18 339 243 348 354 263 328 255 287 25 320 34 8 332 342 251 304
112 486 74 117 103 101 136 124 153 454 92 72 120 449 131 102 126 97 459 161
171 230 176 207 247 165 166 183 201 159 226 261 240 141 217 182 136 257 135 197
166 463 222 242 208 142 188 146 384 130 450 255 168 186 139 250 215 476 485 160
5 328 338 260 75 307 60 50 277 19 287 267 319 2 61 26 73 76 349 301
263 303 31 317 3 331 59 70 312 12 306 230 237 295 6 39 246 15 45 18
179 253 169 184 180 248 251 262 161 219 268 244 275 142 158 234 141 189 222 173
108 149 91 120 214 132 119 190 189 147 118 75 82 466 484 456 473 138 90 88
306 340 272 267 268 316 77 8 260 14 329 21 330 66 288 57 273 0 11 40
58 295 315 266 274 281 20 52 251 321 260 40 336 13 36 280 346 46 278 273
60 326 331 318 22 42 329 307 54 9 282 269 27 320 304 293 280 10 12 334
368 441 446 404 394 373 376 437 428 430 356 422 454 379 423 352 426 459 465 366
0 51 41 284 6 283 23 46 7 296 349 63 8 347 74 32 40 30 294 39
308 326 51 298 16 37 35 70 54 256 312 307 56 272 258 337 44 63 76 261
252 292 206 4 53 18 64 272 51 326 340 287 334 283 293 42 74 6 37 260
351 361 345 374 340 383 377 336 337 372 331 349 344 362 343 370 353 387 37 376
6 296 62 12 47 51 253 38 71 258 331 293 303 252 40 54 19 0 326 308
389 418 413 417 464 382 480 401 428 447 391 435 475 443 393 371 430 478 453 442
364 436 444 457 455 341 438 358 347 374 454 460 437 397 398 369 376 354 386 392
343 358 12 11 337 3 63 320 294 306 353 383 379 354 386 7 323 318 311 293
298 315 1 280 59 339 312 329 52 6 17 75 289 43 48 7 35 322 253 320
138 174 471 217 166 117 102 248 93 243 224 86 226 105 229 463 81 165 125 89
169 254 236 139 143 294 253 459 225 170 292 227 164 231 290 219 131 180 142 283
148 166 100 236 143 201 485 188 474 238 172 193 253 119 122 179 120 202 181 466
382 432 378 369 442 362 402 392 433 358 459 405 379 359 469 387 423 458 386 415
91 142 132 141 177 462 151 86 180 127 104 182 116 123 125 69 90 66 130 134
