1300 1372 624 496 348 390 646 627 577 394 1373 374 541 355 582 1277 1391 540 628 1325
704 762 714 723 39 57 20 800 780 718 24 788 676 708 694 683 784 684 739 687
632 1368 379 368 661 475 529 1262 1397 592 1245 668 1286 568 447 453 334 1402 1256 586
531 1367 481 408 649 613 492 341 421 563 609 505 453 1424 1362 354 415 1306 425 521
123 284 142 316 140 322 221 1455 229 133 144 304 222 242 281 276 245 108 177 88
533 1329 565 1223 528 350 503 569 505 600 1287 598 490 1359 1313 541 653 376 1391 1374
62 87 713 108 19 44 725 752 63 192 21 9 718 11 13 82 91 65 740 90
491 527 1331 954 1416 329 346 573 1399 564 510 338 946 403 377 667 597 660 618 355
23 746 103 40 77 169 676 101 761 178 787 712 72 56 679 745 94 783 682 680
608 1325 1213 550 1345 530 1271 389 1242 387 1329 375 337 620 634 1314 467 365 403 1330
658 674 490 520 778 636 790 471 691 601 462 672 1431 576 549 496 1395 341 611 742
514 1312 1210 573 625 1294 491 1226 1398 542 459 1390 1221 356 1339 405 508 591 1387 629
478 523 586 1446 636 417 449 525 931 1390 1461 414 949 579 598 349 663 1368 437 1316
1286 1317 411 490 1257 1393 1389 428 534 595 1350 520 613 413 1346 1238 487 1216 622 1361
365 560 434 333 425 428 368 959 664 506 548 945 361 550 966 477 662 541 965 355
470 643 573 1376 571 660 450 389 500 315 314 1321 1401 601 422 583 547 617 575 1419
387 929 484 452 516 413 581 385 569 564 957 417 1400 1039 388 424 1385 517 892 559
1319 1385 448 335 552 548 345 614 1440 1288 1229 557 1451 1336 539 410 927 1423 392 607
408 945 907 1344 1436 904 453 1412 401 949 919 1358 1056 486 1391 975 455 478 519 602
384 418 913 602 955 1329 522 579 452 645 609 353 604 1398 478 1383 1347 1343 1429 553
683 743 115 700 69 25 77 43 1463 722 100 17 70 768 741 24 755 91 80 60
1053 1160 1012 944 935 994 983 978 1021 988 964 1000 1058 998 968 1066 945 1169 948 920
948 997 1014 476 452 1003 382 989 613 447 954 444 939 965 928 1027 533 490 495 481
1108 1174 1054 1211 1052 1051 1068 1178 1053 1080 1140 1192 1153 1144 1103 1079 1148 1197 1048 1074
473 658 962 535 668 1331 617 597 551 479 1364 558 340 567 484 329 915 1432 424 1357
134 208 173 277 299 107 685 267 283 1457 674 115 185 167 678 264 278 186 254 172
441 952 1327 530 1127 1060 937 990 991 421 631 1330 1032 1326 1316 568 1443 919 927 944
593 1308 359 1404 1227 363 1319 486 362 377 426 521 442 1310 644 528 607 506 628 1385
467 518 657 505 375 1368 1312 965 393 1389 479 615 649 580 1452 483 1363 383 486 1413
405 1423 387 1367 403 671 414 536 941 352 397 451 658 1433 417 1409 1385 472 565 919
142 222 125 269 674 155 183 255 272 151 172 273 106 133 277 290 177 1462 113 312
371 454 539 1396 1334 413 1444 625 543 572 1455 453 364 504 601 547 484 1354 552 463
889 899 839 887 937 884 871 912 468 467 828 819 890 910 876 922 900 923 873 843
484 655 1321 641 1358 448 663 335 597 470 924 1397 412 558 483 1416 618 1395 411 599
355 1402 1447 1378 1390 1321 367 1342 1360 1379 332 401 585 566 306 921 402 311 302 543
351 666 407 1429 606 424 489 439 342 420 1438 1391 401 324 403 329 493 584 352 520
541 1332 656 440 575 511 1214 512 555 1282 382 1219 372 1331 345 458 1253 1257 352 483
122 196 111 245 277 236 213 134 302 155 1467 143 173 241 227 180 297 279 124 162
509 947 1350 968 552 392 618 474 336 480 1037 429 1408 1344 1033 1054 550 623 600 1020
1261 1366 1403 1359 557 601 505 433 427 1287 635 1313 941 529 1397 1318 597 342 587 590
401 562 1349 1358 1338 637 667 918 503 939 495 478 1364 938 1350 512 1373 531 453 1393
910 957 930 977 907 935 892 1035 473 389 926 1119 1068 401 489 357 877 1046 393 526
396 1429 1408 640 499 532 570 316 661 488 434 942 660 564 433 471 1317 1407 1327 1390
937 1446 966 943 311 508 1019 303 426 988 1431 662 330 466 666 482 1020 1006 1055 629
146 248 305 307 198 139 298 1464 320 688 1468 98 148 141 682 292 301 162 226 264
688 761 136 56 741 760 780 140 790 702 711 1457 11 137 773 774 145 33 770 728
1212 1286 1154 1375 1321 1254 1292 1239 1305 1390 1266 1175 1331 1218 1345 1280 1273 1276 1387 1242
225 277 256 112 109 220 167 175 171 319 216 327 271 264 136 306 173 210 145 115
1056 1084 1165 943 977 1087 1063 948 963 1045 1143 1043 1048 1190 935 1088 941 1012 1027 1000
559 1297 446 1319 565 1314 1232 492 346 487 370 560 1260 375 464 539 1252 1296 507 643
1102 1117 963 1129 966 1151 1200 1073 1170 1103 1152 1175 1057 959 1043 1074 1204 1131 1182 1153
239 260 297 284 163 212 279 301 1461 137 192 196 114 263 125 122 318 267 310 241
899 917 429 438 1023 1027 914 1010 428 881 454 920 885 930 875 910 938 949 895 451
87 180 131 223 120 260 70 233 65 121 196 92 73 723 222 273 282 86 136 101
657 1437 383 395 1396 321 639 410 473 675 488 1380 365 373 470 500 516 1395 574 1458
883 914 1030 421 470 418 870 448 942 898 472 886 817 960 1003 889 868 431 416 451
1305 1345 1240 1239 1209 459 1253 495 622 455 1352 549 1220 1280 1338 434 345 600 1364 546
236 289 120 225 290 1467 254 157 260 268 155 204 330 214 317 307 245 163 202 224
356 1384 1316 501 1378 1291 436 1314 400 1392 323 1341 505 320 441 606 455 383 504 531
254 321 112 659 202 666 271 233 162 308 278 179 168 281 354 152 236 652 211 351
367 957 1327 1164 541 1428 443 515 585 631 1334 384 611 396 370 324 1312 1363 482 1381
25 734 102 73 731 682 760 750 737 751 687 68 157 108 53 763 166 709 83 759
518 957 424 591 439 509 451 601 515 1327 592 642 368 360 1037 1333 1358 1029 519 1027
609 1309 359 543 439 331 1385 486 662 590 654 1408 490 1330 1342 339 340 1325 563 585
56 766 721 52 674 756 85 161 76 725 789 758 689 183 184 87 6 33 757 751
1181 1192 1129 1089 1163 1088 1064 1227 1221 1185 1060 1104 1131 1083 1207 1162 1114 1233 1184 1097
1045 1136 1144 932 1101 1152 960 1195 1095 1131 978 1025 1027 1158 1119 1166 937 1162 1094 945
1018 1053 1142 985 1123 1179 931 976 1082 1103 1105 928 907 1169 1156 1041 909 912 1180 1181
135 297 678 185 147 128 211 150 236 137 262 330 173 1459 304 153 250 276 292 673
14 94 88 734 717 761 104 75 52 171 748 169 126 86 91 715 189 737 765 192
902 1012 928 971 878 894 460 968 904 879 938 470 962 913 969 907 929 883 914 1037
1118 1163 1083 1117 1190 1165 1049 1183 1138 1133 1175 1157 1079 1189 1140 1180 1062 1206 1149 1167
475 548 928 1426 344 620 1425 524 1387 421 419 514 659 412 1424 627 1431 497 602 1446
465 896 563 841 513 941 1318 386 1389 1326 552 646 420 642 372 902 1329 884 416 1375
840 862 834 841 817 838 780 871 843 781 842 824 830 820 882 854 837 804 860 895
421 545 352 487 1331 515 444 1454 937 1335 1391 1393 1309 1443 541 571 497 1377 1371 1422
313 1428 115 672 1467 451 454 1399 1403 406 432 1459 121 346 1397 426 496 136 629 234
507 1326 379 1335 412 457 599 1318 361 1366 1404 652 349 647 1373 959 1223 525 440 1220
1385 1410 351 1466 1364 1430 1432 621 589 520 642 1427 650 549 1458 384 1336 502 933 1412
109 267 81 292 313 735 72 136 68 84 315 291 76 67 206 201 738 304 182 246
520 579 1361 1309 1338 1380 630 458 1367 489 652 539 335 1326 500 1411 490 1311 1342 391
149 277 1467 145 282 92 318 183 209 165 138 157 147 124 1462 266 208 217 161 186
396 1398 642 1284 1346 1430 1341 628 564 1427 569 501 1397 354 1347 509 459 299 318 482
1075 1136 962 1197 1183 1149 966 972 958 960 1058 1097 1062 1178 1099 1106 1122 1174 1170 1121
402 923 1037 1307 1441 384 961 557 588 577 542 905 1040 426 534 416 1428 605 419 954
476 1460 131 567 1373 515 1346 528 1456 933 412 1138 1329 496 932 1393 582 1400 937 551
753 778 695 842 50 747 788 815 764 737 751 681 49 760 735 686 712 769 37 812
531 1407 1388 408 1429 619 528 1387 430 1347 367 331 585 422 494 650 423 1396 557 330
1021 1038 999 956 1046 994 938 1120 933 1009 917 939 1027 987 919 1041 1060 1072 986 959
1240 1365 1317 1403 607 530 1257 1340 387 1275 496 623 1265 1232 1301 435 1408 644 488 637
646 1418 1400 505 1448 331 549 1351 1371 660 1339 562 354 532 1408 357 324 608 536 503
157 210 45 242 168 18 182 206 137 216 131 224 12 204 39 35 283 170 178 161
782 856 678 765 846 674 762 802 882 855 849 839 794 883 841 835 812 763 813 787
443 529 1343 1372 608 1320 963 397 638 957 456 429 1432 1431 411 346 359 955 650 1380
1211 1333 430 447 1201 1259 1252 1371 420 1223 1216 1361 593 512 1330 446 1194 483 1169 1229
349 370 937 615 353 485 496 388 1312 441 613 955 564 1325 604 390 662 649 1373 1324
905 1023 888 1024 1062 474 1009 880 970 891 1033 1046 1061 467 902 919 873 930 1010 1057
158 208 236 28 214 152 118 159 43 194 301 178 102 283 272 93 245 305 51 279
1406 1450 417 1341 354 941 1400 1386 1451 629 1404 683 1453 326 1320 465 613 504 656 1442
1133 1185 1108 966 1122 1127 1207 1119 968 1043 1146 1196 959 1080 1085 979 1195 1164 963 1072
228 294 181 327 258 245 111 186 310 118 141 114 333 176 281 135 156 240 162 155
462 530 613 432 388 1465 924 904 1382 653 623 444 1456 537 369 1360 634 947 1322 1303
685 748 769 713 678 28 71 15 149 737 780 96 750 73 773 785 1467 717 36 1464
369 936 342 1335 968 1365 1336 337 1348 940 1025 588 402 385 897 1377 340 632 1048 1330
995 1054 1123 989 1017 1036 933 978 924 1173 1119 1167 930 947 991 1165 1082 932 1018 949
394 1310 1241 576 654 1448 517 1259 513 1358 1244 951 381 612 602 957 421 604 398 1346
904 927 908 1005 880 486 417 1008 1030 926 919 447 1018 1003 1027 888 418 429 433 1397
895 923 463 399 842 944 441 875 416 921 1385 1043 903 897 867 888 1031 950 390 1003
170 274 77 93 266 143 218 197 328 286 225 84 73 205 181 121 92 255 87 29
589 606 1331 534 416 1394 383 451 658 523 1365 638 365 413 439 374 366 505 430 611
478 920 474 1025 1327 1414 1461 1433 349 931 554 632 1363 530 468 645 615 617 1038 1362
152 238 125 84 284 169 24 29 77 30 306 103 10 80 155 38 226 231 293 237
208 242 103 256 282 161 274 263 229 198 279 236 151 219 294 191 299 0 194 97
377 1369 1357 425 1279 476 379 648 929 1287 1373 1317 955 397 961 639 528 412 612 1341
1281 1373 529 1385 559 385 1302 1286 1352 435 506 1412 535 555 646 1219 1411 566 1402 1235
1392 1448 545 1381 377 419 1329 441 664 674 322 621 486 652 522 635 1398 1297 507 518
1042 1129 1160 1005 1029 988 1204 1075 1139 962 1038 1056 1100 1133 1011 1068 963 917 999 1028
510 532 520 472 375 579 455 943 484 957 511 1428 1366 489 1404 1401 376 967 407 382
138 312 172 1402 195 1430 1459 285 328 272 173 1436 200 659 124 1454 118 130 136 113
555 1315 543 1375 491 1387 472 522 403 458 1299 562 1361 564 607 1353 381 1237 399 640
596 627 611 404 618 1376 447 1421 459 1331 1388 594 539 325 1333 1377 586 657 1436 1371
553 643 1409 580 1411 549 422 367 1336 665 356 353 1369 1307 565 1408 445 537 579 1423
425 1330 455 594 1385 1281 609 538 496 1274 488 1325 359 484 473 623 1229 400 1453 1450
475 1365 471 657 619 630 405 1423 1304 1432 1408 535 963 1330 1262 360 421 1402 929 515
490 557 540 1305 498 327 372 1413 1310 389 447 434 433 562 597 462 435 650 407 364
133 213 161 298 265 96 144 282 164 284 186 310 98 179 261 1464 232 238 224 266
386 455 657 1404 641 1416 1352 617 456 1399 663 451 599 382 565 447 568 1407 966 556
183 214 297 39 305 84 223 76 60 111 33 13 174 35 88 92 159 166 290 279
1005 1053 1092 1086 1133 1177 1023 1034 1109 1080 1039 1103 1036 921 1067 974 1169 944 928 1119
562 645 491 450 501 1381 373 1376 410 664 338 319 428 515 565 1405 1333 522 541 1335
367 484 365 642 430 966 550 1349 441 624 1332 927 442 336 501 503 1366 591 936 536
1144 1212 1180 1085 1313 1084 1306 1146 1330 1046 1151 1100 1077 1061 1319 1173 1250 962 1267 1354
381 665 483 627 538 561 386 680 419 942 566 568 589 639 390 466 323 939 474 1370
383 955 415 529 1049 498 1406 612 1447 972 1387 646 503 1024 919 1391 936 653 406 477
246 317 349 315 636 668 272 284 203 248 212 166 639 1442 296 187 239 638 198 305
385 1426 470 1399 494 1418 1468 612 545 672 654 342 640 577 924 664 1457 391 582 1429
473 1373 577 1265 490 465 1468 1434 1303 460 1249 1319 546 1419 957 442 423 444 1255 379
530 1397 348 927 545 532 335 1419 646 1304 419 661 415 551 504 382 299 1366 432 428
468 599 616 646 461 559 1359 1357 482 1366 587 1370 576 440 633 1465 928 531 667 400
1082 1140 1079 1073 1091 1114 1065 1149 958 1148 1171 1122 1175 977 1132 1057 1179 1206 1107 1199
416 933 481 650 596 1449 526 501 385 952 670 536 1387 438 913 357 1343 1032 614 470
358 379 947 1429 1446 640 397 1343 541 651 1352 932 328 669 1411 517 404 665 457 580
497 1386 625 1298 1366 595 608 560 527 630 350 349 1428 388 318 1408 1368 933 645 453
78 105 279 106 65 33 66 37 22 84 98 96 147 196 180 18 131 82 209 48
519 549 418 489 1309 563 1380 954 627 384 354 1327 1355 1334 629 529 527 372 510 596
1224 1273 1334 1324 1287 1255 1195 1329 1301 1294 1217 1383 1203 1218 1326 1194 1215 1346 1288 1250
473 1335 640 1279 1282 1219 920 1215 933 1251 474 410 451 503 1286 1427 561 448 459 468
472 896 579 654 609 410 368 1332 553 597 883 396 1423 838 363 1352 389 948 401 1401
71 749 156 1 675 86 19 718 728 721 7 691 757 774 786 98 716 85 713 50
31 719 74 742 748 721 761 50 59 20 8 85 73 91 181 82 83 731 710 86
