107 367 419 153 376 138 161 391 336 355 131 404 108 213 17 99 118 322 192 166
129 200 107 193 322 221 227 348 182 111 216 160 314 83 217 224 180 176 167 387
165 313 333 328 294 327 309 159 186 116 322 290 366 153 158 134 126 379 383 195
109 193 169 389 185 159 144 119 382 118 367 166 102 17 334 373 110 360 21 356
201 367 128 149 398 129 180 353 94 7 363 418 168 330 108 215 147 110 150 191
345 422 354 353 373 368 18 21 193 367 386 379 20 357 201 381 170 35 102 380
98 336 209 375 363 20 70 351 104 339 355 367 43 105 319 88 21 219 220 80
192 215 213 147 176 86 129 173 123 185 327 105 377 370 221 320 89 201 218 379
110 421 108 111 365 211 368 349 186 326 372 381 142 390 205 329 153 101 104 98
146 325 141 337 203 168 320 373 126 291 207 204 326 171 319 156 296 377 136 115
113 138 341 416 377 210 347 384 145 381 161 382 184 164 311 371 363 411 192 144
30 408 26 393 363 364 101 420 100 16 352 24 373 37 345 29 1 400 343 4
356 388 0 402 3 176 339 378 97 316 361 188 331 384 386 10 191 103 179 105
165 371 352 319 97 2 167 185 316 382 190 164 141 103 318 343 373 156 151 392
122 143 176 418 387 309 196 169 331 328 174 95 183 390 119 371 306 140 410 125
292 310 144 145 166 321 336 313 309 156 168 337 298 316 322 134 318 162 141 159
195 344 324 106 372 395 173 417 126 202 192 318 387 206 386 353 131 374 345 121
83 211 47 61 115 332 335 85 108 102 37 31 67 36 38 215 221 35 100 114
173 196 228 361 181 342 349 323 360 114 413 89 368 352 318 127 138 372 338 325
114 146 415 416 201 356 410 379 307 414 355 138 334 113 157 378 104 176 409 386
190 375 412 368 9 399 334 122 14 117 400 211 105 144 342 332 171 129 315 202
338 385 22 195 366 196 347 111 105 413 355 311 197 365 370 190 21 165 193 350
314 349 335 167 131 368 319 348 185 382 332 341 391 334 376 171 321 110 392 300
340 374 111 349 160 129 164 102 158 121 171 151 140 372 149 392 400 192 311 368
322 358 379 376 297 405 157 327 406 151 203 398 335 181 383 152 184 410 298 182
118 190 391 91 96 368 413 130 93 412 378 222 188 323 357 349 166 109 219 395
31 58 5 22 26 25 75 95 23 76 87 11 62 53 39 100 77 46 54 2
203 324 118 202 337 169 364 104 356 140 353 326 174 197 105 320 218 328 144 200
18 411 117 173 379 26 348 19 25 99 20 49 21 33 369 417 110 390 361 9
120 405 364 211 349 156 355 418 384 143 317 393 155 396 145 212 133 108 195 111
208 332 358 369 221 105 192 222 333 367 349 79 323 366 205 378 375 225 320 328
39 62 72 44 30 420 91 66 13 417 68 31 6 88 101 98 95 75 40 412
136 318 367 371 345 375 142 191 358 145 124 315 151 106 185 168 314 114 355 137
119 146 406 90 197 410 331 202 358 117 144 370 129 93 208 150 186 364 384 361
176 397 385 17 345 357 400 331 347 355 137 415 420 25 396 150 151 105 18 180
164 383 372 336 11 199 22 189 360 379 320 364 198 328 371 358 126 119 120 345
352 375 191 339 402 23 398 144 134 187 392 171 201 123 418 349 336 116 354 4
161 313 375 338 341 290 332 166 350 118 149 319 329 144 317 125 115 162 348 113
177 376 194 108 19 371 103 336 113 358 6 170 8 397 193 381 338 408 132 123
32 100 413 95 390 64 420 86 43 76 349 409 92 183 366 411 368 332 418 338
176 402 28 367 379 322 323 119 159 147 182 24 158 410 383 408 419 13 320 372
139 186 138 115 389 206 143 390 154 315 112 367 327 310 418 373 369 407 411 204
171 320 193 301 345 347 310 307 176 323 180 354 292 170 294 342 135 203 128 143
331 371 317 388 130 176 173 207 358 184 9 313 147 140 168 323 365 300 151 372
105 385 321 120 389 354 169 334 353 415 215 137 186 193 97 124 164 114 362 352
349 420 125 378 352 401 414 198 393 174 36 129 351 412 314 329 99 392 186 402
152 379 320 113 172 158 131 198 342 310 319 356 199 183 169 107 155 360 153 17
25 73 419 396 99 35 389 382 84 76 30 100 384 374 86 375 22 33 41 57
151 321 200 301 149 177 331 298 378 129 368 114 290 362 376 150 178 374 361 305
307 327 361 364 370 128 134 313 296 311 359 310 367 131 356 157 154 146 124 198
339 375 312 336 2 398 105 19 399 155 1 98 9 373 154 181 396 360 142 172
121 196 191 137 228 143 336 358 393 392 375 117 323 98 386 346 351 412 144 122
50 63 69 34 82 21 26 46 57 92 73 93 88 91 66 30 16 19 77 48
17 381 26 51 38 2 53 143 131 136 162 383 144 360 372 345 108 28 15 1
108 339 144 191 126 184 372 322 416 391 140 422 94 106 145 359 309 25 404 365
164 312 130 124 319 163 189 302 336 374 185 121 343 299 191 168 195 309 169 333
124 135 187 165 100 137 315 418 312 389 194 109 98 142 328 310 323 387 170 110
131 325 124 196 121 320 367 383 361 319 152 297 313 192 371 290 337 164 303 130
140 306 156 201 154 110 148 105 157 144 191 315 328 375 109 312 152 108 367 376
70 89 77 118 42 92 112 107 86 56 63 209 53 99 214 37 21 66 61 76
32 59 102 57 88 21 66 400 82 55 34 90 50 89 77 421 91 63 43 19
103 353 199 36 179 370 114 324 86 180 33 104 9 8 25 85 352 200 29 5
111 162 94 192 342 324 165 161 325 362 202 184 403 146 124 97 416 100 323 87
120 207 75 327 157 80 381 405 119 140 108 411 316 112 98 324 143 170 84 165
2 26 100 74 401 46 422 47 71 405 36 49 354 381 37 10 391 53 394 407
84 205 99 108 340 329 65 44 199 209 88 45 29 58 49 75 89 51 347 53
77 89 203 110 116 23 24 27 71 217 212 197 224 74 103 41 80 95 205 28
136 315 326 344 319 381 305 339 154 135 105 189 307 123 168 127 177 302 157 202
117 213 95 385 197 368 175 422 207 412 128 96 194 376 408 159 349 380 158 375
120 193 124 128 383 185 105 162 216 146 195 222 333 100 106 189 99 367 386 182
184 314 137 118 377 114 131 173 339 338 185 171 291 384 174 134 368 369 324 299
28 96 8 45 214 369 373 122 218 27 29 103 55 19 88 410 408 2 185 14
114 196 166 123 154 341 347 344 145 161 399 198 409 120 119 141 116 324 180 133
4 354 372 9 193 400 202 7 8 107 99 16 327 31 112 195 29 364 6 336
150 181 354 204 113 373 325 386 308 331 418 422 123 406 380 114 138 120 409 313
40 91 8 220 218 95 78 41 11 19 97 115 50 14 226 34 195 210 75 71
313 348 128 312 400 191 165 404 391 422 123 116 394 139 373 133 395 323 372 329
106 157 176 318 135 18 92 180 420 317 30 333 410 356 145 376 377 190 187 78
157 322 138 109 152 199 113 383 145 194 154 135 156 106 344 172 324 174 376 310
28 421 68 80 84 347 393 45 129 378 186 180 77 74 366 353 54 65 177 37
367 418 400 98 199 329 28 389 347 128 160 391 198 191 137 129 375 395 127 12
50 79 216 73 84 48 25 27 91 54 42 72 21 44 47 107 209 43 59 22
356 396 153 422 29 193 105 103 189 405 176 363 371 195 12 2 410 203 22 366
124 156 370 176 383 168 375 98 180 381 141 205 164 390 385 107 206 202 201 146
113 419 329 41 420 127 191 400 399 122 402 139 385 164 376 380 33 414 390 18
361 405 27 30 115 18 175 384 325 8 99 195 11 353 375 12 17 413 183 188
85 110 125 132 153 329 148 328 113 65 156 143 158 404 122 208 406 334 167 72
14 39 13 15 21 42 55 88 28 381 420 97 75 30 417 110 81 9 382 90
308 337 422 377 379 317 114 203 333 96 326 361 150 157 417 160 208 144 143 209
318 336 190 155 290 110 308 175 188 365 192 371 213 368 325 103 372 312 344 324
116 171 148 130 170 191 190 106 412 186 105 370 212 394 422 385 356 178 317 133
363 398 386 100 348 350 152 354 12 321 372 339 198 371 322 31 28 405 356 16
89 105 136 33 127 66 74 409 39 372 186 212 139 114 135 17 34 164 415 203
310 341 114 410 377 411 311 393 167 205 421 131 154 106 390 203 151 338 392 422
187 330 99 415 134 318 103 324 417 386 388 165 343 378 179 361 350 115 315 357
180 412 157 339 123 327 154 140 415 350 195 201 177 41 403 29 187 189 25 39
322 367 177 421 147 102 169 166 403 203 155 122 336 115 404 141 392 118 413 16
153 368 13 19 112 388 312 413 329 386 370 115 138 374 306 175 145 131 189 325
28 93 96 45 46 382 9 25 103 53 39 77 38 421 114 208 81 413 223 50
373 409 341 408 329 108 370 31 13 122 401 378 167 188 345 8 420 100 165 164
219 229 194 81 214 88 80 216 87 210 77 78 213 103 83 95 92 89 195 207
96 118 141 106 389 335 329 49 149 158 112 206 207 422 379 130 23 346 375 142
181 371 201 353 325 12 318 158 204 377 103 108 0 335 373 197 388 101 392 146
367 403 353 120 165 159 28 405 320 179 413 378 110 136 351 186 163 169 404 382
48 91 42 102 216 53 86 21 76 107 88 25 79 67 197 77 58 69 75 78
39 79 51 212 7 78 56 71 206 207 10 100 62 411 219 9 213 13 75 102
7 357 203 367 5 146 372 192 383 356 190 110 145 103 409 396 15 414 102 400
106 186 391 105 21 123 184 421 103 26 20 405 180 87 348 167 138 153 383 384
84 222 44 67 28 98 210 56 211 195 71 79 55 93 66 76 32 109 85 90
195 314 212 366 337 377 99 132 299 320 164 131 350 165 293 347 367 340 215 194
111 135 374 140 152 122 125 182 396 150 322 88 139 420 391 319 367 422 364 329
97 370 137 175 42 101 134 187 182 219 85 135 84 81 198 170 345 159 113 13
128 384 30 142 340 327 160 344 361 204 417 324 104 196 140 132 184 117 335 150
140 380 373 340 370 142 11 105 420 410 154 371 122 12 357 111 169 118 178 182
192 370 162 87 174 376 21 107 410 134 374 202 408 2 159 320 91 193 347 325
136 320 324 187 138 381 348 350 120 104 182 375 306 148 109 372 197 170 154 345
134 203 357 115 350 229 377 326 120 192 97 347 372 315 338 375 323 186 118 227
118 155 419 142 304 327 106 422 397 362 111 147 366 195 412 136 317 124 312 119
134 367 191 104 318 413 18 147 372 416 107 403 409 3 178 390 150 395 347 344
67 74 37 22 44 56 83 64 32 92 49 97 57 100 84 43 88 93 85 38
115 196 348 394 151 117 323 422 319 126 324 336 412 89 170 395 133 227 131 347
41 60 86 416 414 10 415 51 77 87 82 90 411 417 73 46 95 12 420 69
189 414 159 31 386 378 203 353 139 132 173 351 387 90 32 179 19 124 26 370
26 397 100 374 9 120 92 113 23 359 17 117 14 41 99 84 107 176 80 64
114 319 193 202 197 189 418 360 192 390 381 188 103 200 182 207 347 398 115 99
80 87 99 96 49 74 98 113 114 70 57 79 50 110 97 212 224 112 72 65
98 211 192 103 223 339 40 184 112 198 357 20 126 119 216 42 30 350 335 205
357 392 353 408 110 360 32 388 115 410 401 343 122 147 124 395 386 2 389 15
145 312 122 158 369 297 198 133 372 370 317 113 325 299 148 359 129 174 296 376
23 385 107 8 127 412 383 386 403 166 93 177 57 48 186 164 185 345 5 66
348 418 28 380 363 378 114 411 353 194 383 413 119 407 390 391 416 103 315 117
175 409 326 343 404 183 178 381 373 416 350 174 407 330 25 195 352 347 360 137
76 97 85 358 66 188 338 80 196 202 211 124 36 24 95 377 347 186 114 216
113 330 310 205 209 97 190 329 419 162 365 214 104 395 356 137 94 304 364 412
171 329 319 130 192 210 168 306 372 127 365 313 378 203 174 195 296 173 297 178
104 132 324 414 30 83 180 318 354 123 358 192 107 204 368 362 125 366 182 92
317 351 3 329 337 420 403 146 387 302 133 120 382 322 162 401 115 314 389 171
372 415 419 371 163 186 100 352 413 37 107 33 138 113 405 36 149 376 393 399
315 324 194 205 161 332 136 107 179 337 327 335 345 365 195 333 112 122 347 314
182 320 335 135 300 194 328 312 302 162 138 307 342 152 136 125 415 346 332 411
96 111 141 341 332 21 135 418 360 127 359 342 393 324 179 122 170 388 129 28
184 191 161 158 335 322 392 164 137 376 363 373 344 131 202 387 320 110 196 145
115 332 119 322 182 402 154 371 126 358 97 142 345 185 209 341 213 344 180 339
86 202 191 93 137 336 117 118 344 130 358 95 59 201 71 126 205 354 198 347
325 368 98 322 109 204 351 112 108 19 386 143 142 293 150 412 190 338 402 7
372 417 168 357 171 353 392 329 137 197 95 331 179 27 105 124 26 194 100 362
187 215 321 114 135 160 228 330 365 323 198 386 319 208 368 93 131 151 329 143
55 88 64 70 71 45 83 105 209 110 44 26 68 225 54 194 192 56 40 207
31 64 29 80 52 26 24 102 73 15 27 37 416 90 397 38 97 394 82 22
368 394 136 134 179 328 326 2 182 145 201 146 372 406 157 419 180 334 149 119
