78 119 111 584 99 121 114 100 113 24 90 87 4 8 51 132 131 133 68 571
524 581 519 600 504 67 540 68 568 487 60 552 554 63 38 525 582 563 45 522
175 237 270 210 263 183 264 246 148 144 195 197 145 213 178 225 215 201 238 196
514 560 486 577 533 25 41 504 526 23 503 583 12 568 592 528 516 15 492 484
351 383 405 378 332 353 370 411 341 374 438 376 385 310 398 362 413 327 359 368
32 96 69 20 578 103 89 6 98 140 585 16 135 12 554 602 19 99 577 593
116 137 128 151 5 150 71 171 83 104 146 145 94 141 165 117 21 97 72 48
69 109 11 574 578 25 32 589 98 28 111 13 106 4 1 102 73 572 567 141
320 341 315 328 432 430 349 288 352 297 309 369 338 333 310 390 281 318 291 304
536 567 505 504 18 503 528 3 33 10 599 580 55 546 488 582 45 15 552 562
443 469 371 486 455 502 386 417 413 457 401 380 494 382 424 428 418 477 454 369
9 589 567 43 110 24 592 108 498 562 113 499 587 80 509 551 599 76 66 18
4 605 556 517 31 49 83 573 498 585 559 66 54 589 569 501 519 98 500 91
18 74 599 36 62 63 124 69 65 573 595 551 122 118 569 111 98 560 604 79
537 552 590 535 562 583 42 518 503 534 592 550 495 546 589 599 29 27 536 515
144 159 112 136 129 171 106 179 134 147 114 190 153 199 197 158 151 116 176 195
381 404 356 380 370 321 378 400 333 451 434 366 431 346 442 345 322 327 341 413
137 160 139 187 117 157 102 192 188 118 76 107 63 57 181 56 86 116 66 167
370 423 432 422 321 417 401 400 410 425 391 364 339 397 453 462 349 328 412 386
528 582 51 569 16 483 4 538 552 52 44 512 39 596 524 523 42 533 532 508
0 65 552 62 589 8 523 116 571 78 43 107 27 92 90 503 49 509 4 520
327 340 315 389 285 391 375 372 408 429 371 397 409 386 427 430 326 313 415 344
390 434 443 453 350 432 399 400 458 405 345 423 440 329 385 411 446 412 470 348
334 371 402 290 434 312 330 446 329 369 355 366 376 426 291 431 349 320 397 420
338 400 446 453 396 297 323 441 367 425 295 366 376 301 455 335 334 412 381 365
416 441 368 349 380 461 456 390 353 340 442 475 460 377 471 406 420 358 357 339
8 74 61 598 519 50 547 564 567 586 561 110 20 5 496 22 508 98 517 131
5 94 47 511 576 8 597 12 118 56 99 603 32 124 107 558 555 64 499 83
176 221 185 144 189 200 220 266 141 250 168 142 155 272 274 225 209 234 164 151
328 394 351 314 426 396 305 315 300 353 442 443 381 342 440 347 281 436 304 356
142 149 160 193 157 189 183 127 121 176 111 131 126 180 179 158 164 85 151 191
337 427 445 410 398 415 323 314 329 424 463 392 327 441 360 310 342 457 408 373
296 324 385 309 313 387 351 318 319 286 375 291 304 301 299 368 374 331 311 288
63 588 76 68 111 77 550 0 556 586 48 92 563 56 596 54 113 21 7 575
567 597 504 9 63 559 549 534 587 598 5 582 501 37 40 29 584 65 8 595
37 561 546 567 505 537 42 118 28 66 26 38 560 535 595 4 35 128 549 584
554 573 496 25 1 579 553 570 493 32 492 532 506 557 546 48 519 69 514 23
23 574 92 112 74 3 569 84 580 42 524 527 526 54 19 501 123 555 586 31
192 247 270 271 190 170 279 268 249 145 238 258 224 237 266 223 259 244 166 257
28 577 505 579 29 86 522 17 502 19 508 533 73 582 105 30 13 55 551 554
375 433 334 398 363 333 367 351 356 409 378 444 393 352 350 385 435 373 395 319
376 407 356 369 429 353 334 396 344 357 395 340 350 435 325 405 418 383 408 329
507 574 51 2 47 523 60 40 581 501 599 65 43 559 13 18 58 487 62 7
338 386 296 320 328 391 407 433 303 457 434 447 420 379 333 416 345 346 408 358
168 208 142 271 238 136 153 275 167 197 202 201 152 171 230 150 147 274 234 154
545 555 530 519 563 26 605 546 24 564 595 586 22 34 5 36 535 558 537 557
423 462 369 392 492 426 451 494 382 483 459 479 381 345 398 355 465 457 342 346
8 84 510 28 36 570 118 571 565 126 46 91 105 97 85 83 138 503 20 22
191 234 166 144 251 221 153 175 248 232 154 203 222 271 201 210 236 168 147 262
52 122 134 63 119 36 565 57 152 59 56 116 29 4 33 25 88 559 38 579
56 106 92 69 107 586 138 576 121 72 109 600 70 591 2 104 593 603 22 95
8 563 518 101 36 601 539 33 541 91 576 103 537 565 64 578 513 516 26 582
13 560 597 15 535 90 98 1 100 566 84 513 583 562 565 578 69 33 6 10
382 415 343 436 421 416 437 361 358 452 451 334 438 350 425 354 440 359 378 453
47 126 109 45 6 604 62 601 565 91 140 63 559 573 159 76 7 67 135 576
18 62 584 66 591 5 79 10 3 67 600 134 589 561 116 587 550 12 576 577
565 581 555 58 559 557 62 51 65 55 591 71 512 31 562 523 38 563 584 597
13 103 67 33 60 66 563 70 88 502 76 38 578 82 50 58 586 550 1 595
391 430 381 396 387 392 421 433 414 329 327 459 463 440 418 422 429 397 395 355
102 141 177 75 185 158 104 112 19 4 9 62 69 188 47 27 76 140 0 39
15 581 91 542 3 544 524 73 39 21 573 97 121 87 13 85 506 115 516 35
498 532 471 535 531 559 485 476 517 567 543 477 469 547 479 530 467 462 0 492
461 499 435 567 421 535 558 419 431 549 9 400 536 468 518 465 573 561 444 537
456 482 419 385 519 414 429 431 448 465 395 520 443 366 449 477 526 446 467 476
17 121 590 569 117 76 151 97 507 566 570 65 46 124 113 574 505 593 116 596
125 149 184 19 47 197 23 50 169 37 63 52 42 198 155 120 69 33 146 108
77 127 568 98 116 135 89 19 5 62 133 35 85 150 68 48 597 154 20 95
73 593 19 128 100 90 113 101 118 32 72 560 565 28 95 47 12 566 8 133
134 152 80 101 200 98 85 91 199 192 61 165 153 74 116 44 78 187 136 194
69 109 14 139 593 1 30 122 7 15 78 112 584 97 90 62 133 136 52 121
504 533 539 562 556 535 537 467 577 8 499 551 474 11 547 518 485 506 496 565
549 568 599 572 65 3 29 53 21 43 510 38 490 595 509 31 551 525 598 564
83 592 35 98 70 6 604 82 141 90 75 577 99 574 80 20 552 126 595 114
15 571 589 595 55 98 1 504 536 122 43 577 594 580 114 591 570 35 65 502
353 409 336 309 343 304 356 402 303 400 396 388 452 364 344 349 416 366 361 436
1 76 558 97 571 501 573 31 91 84 116 127 140 39 96 111 79 504 595 498
544 554 489 511 45 14 491 560 525 530 591 23 527 517 595 504 51 505 490 564
32 106 62 59 60 69 585 603 20 6 7 13 17 67 39 138 582 553 96 43
182 267 187 154 211 253 179 210 183 261 238 247 262 195 225 239 205 186 226 213
564 598 508 497 528 555 551 560 13 542 10 98 536 601 520 519 29 3 531 592
8 44 97 127 514 50 99 43 102 570 88 66 117 37 113 507 558 499 581 110
22 585 95 505 100 59 571 54 21 106 47 107 19 575 593 93 40 583 586 81
366 443 329 446 452 426 450 396 402 324 369 487 454 419 341 344 413 346 348 470
434 454 460 397 376 366 479 427 488 380 470 383 369 431 455 453 364 346 355 343
368 456 337 316 342 458 390 423 311 392 457 353 397 335 352 369 489 416 394 452
336 424 418 365 374 441 440 340 410 343 298 308 367 353 405 443 325 361 307 350
191 270 146 205 148 142 206 220 160 278 161 240 234 192 154 174 212 144 238 190
35 553 510 130 577 14 94 526 505 562 46 511 4 104 97 514 90 540 131 103
182 241 276 209 236 225 165 147 169 205 252 164 203 186 254 173 246 211 275 226
1 98 576 575 88 81 497 510 584 585 564 121 111 100 524 69 53 61 114 553
437 468 461 380 504 403 469 415 427 351 392 370 396 476 388 454 378 355 346 495
362 439 319 329 400 374 401 323 409 467 416 472 422 354 445 394 454 479 466 404
400 440 447 358 423 363 472 338 433 392 373 344 463 432 469 448 397 390 399 406
494 509 546 578 503 552 467 480 526 530 507 583 461 506 483 484 569 468 463 541
54 98 587 113 599 12 562 22 582 3 584 53 101 561 79 8 597 94 595 69
478 521 520 484 509 482 444 514 535 556 502 475 573 500 505 571 496 503 548 499
173 221 240 223 252 204 147 224 151 172 205 203 246 214 197 139 162 211 236 178
47 135 82 602 109 6 4 604 161 128 587 46 112 96 147 145 162 159 574 93
49 557 80 23 2 126 508 81 516 14 54 568 128 32 545 507 590 576 30 601
37 560 528 101 588 553 103 73 576 605 56 52 85 507 31 49 508 499 545 16
357 398 382 361 417 385 455 456 367 381 405 348 358 460 359 390 311 377 392 394
353 407 310 430 409 368 448 397 345 388 354 433 331 434 352 305 387 393 411 336
11 565 572 76 526 600 65 501 566 49 567 508 562 576 603 571 102 531 30 536
134 157 49 128 149 92 139 142 145 84 101 131 192 102 113 187 57 162 108 141
51 579 503 541 46 588 556 18 605 15 598 507 512 533 509 89 513 103 575 9
26 110 566 27 131 124 39 145 85 74 60 52 70 17 29 56 118 568 554 569
349 386 430 440 302 308 383 315 427 397 343 449 352 322 401 357 314 407 376 321
53 580 33 79 111 102 74 9 114 32 131 564 87 572 44 590 80 39 511 558
546 587 494 41 505 576 489 75 17 583 523 64 58 62 573 503 516 570 54 563
489 506 556 549 528 547 522 578 566 536 571 567 560 559 1 531 4 572 454 462
181 244 215 229 177 273 258 274 161 174 159 210 180 191 251 262 156 166 160 269
72 101 109 13 2 114 569 20 68 138 564 3 568 136 140 29 127 579 588 7
564 605 76 533 550 50 17 516 40 82 577 552 31 599 15 49 600 590 505 574
507 545 546 522 558 538 567 0 537 571 582 569 587 487 512 489 492 588 466 560
99 122 155 85 35 101 114 31 119 117 139 43 68 73 604 57 51 153 111 109
128 152 64 117 61 90 134 42 141 75 172 200 112 145 69 94 85 155 122 187
414 450 400 350 355 351 337 477 416 396 387 363 474 344 434 481 455 384 377 456
4 75 74 599 86 133 94 85 570 509 140 14 69 505 103 87 551 521 514 507
555 578 72 78 496 77 16 511 516 553 53 31 554 3 570 52 502 497 599 543
405 445 411 396 457 379 461 402 383 426 441 477 439 350 356 456 421 365 384 443
468 481 469 455 443 506 525 430 451 431 460 446 482 442 504 508 444 464 512 461
309 349 295 367 285 360 416 307 405 283 365 355 370 334 323 426 313 397 420 433
192 216 278 262 212 172 248 143 179 251 198 268 156 271 230 218 219 182 209 167
555 573 510 578 546 515 558 51 605 2 70 527 58 526 523 48 1 576 63 547
22 98 24 555 136 507 63 120 66 36 599 75 563 102 574 73 104 565 46 20
459 485 523 449 490 440 482 497 509 478 501 527 488 520 405 411 406 447 409 389
337 417 412 440 379 418 361 320 301 314 441 369 415 400 408 357 431 435 335 324
548 578 62 504 535 602 29 6 516 557 80 506 522 582 61 554 40 505 569 540
47 132 77 2 54 8 59 85 76 87 159 560 566 567 149 48 579 114 36 599
9 587 91 550 502 69 598 549 604 112 578 553 95 76 543 567 556 506 100 51
412 448 356 474 383 441 362 446 489 365 405 357 396 414 454 360 386 398 402 490
94 130 153 19 151 24 5 138 27 36 80 17 131 43 598 79 591 147 601 593
568 598 539 532 551 583 42 48 21 15 17 536 45 602 1 566 596 9 498 58
347 388 438 415 315 357 306 432 312 304 305 433 331 318 411 377 397 405 321 424
184 261 170 161 275 151 230 173 213 249 181 269 171 143 193 215 245 241 208 239
314 364 337 378 451 350 356 294 358 432 324 420 345 361 416 427 415 426 439 360
115 140 60 26 135 162 144 153 121 43 35 33 48 186 59 7 176 136 22 185
6 43 598 102 605 56 550 82 568 62 92 9 495 512 97 556 79 520 578 116
479 522 538 508 547 580 571 9 507 567 521 0 577 495 7 523 552 452 6 562
391 423 372 435 396 389 381 329 343 349 443 388 366 377 465 395 363 456 345 361
371 407 325 334 405 390 362 413 414 415 335 446 331 396 457 369 452 450 399 416
540 567 35 23 37 494 490 25 594 504 67 24 507 17 603 575 511 43 532 590
179 219 204 154 198 205 151 257 176 261 195 245 170 189 171 249 139 169 196 243
43 556 105 20 540 7 83 53 118 33 123 601 538 10 542 515 1 133 594 18
8 595 511 11 33 566 577 500 114 104 579 3 4 515 501 9 98 564 592 42
14 104 511 111 96 68 9 108 590 75 76 50 574 562 7 24 77 71 86 598
331 366 417 364 326 451 301 329 379 418 441 458 389 336 401 423 412 295 428 328
340 426 465 324 405 390 321 319 438 399 428 464 380 326 430 328 416 412 393 408
187 274 198 170 205 224 176 154 139 197 260 153 270 257 175 220 264 229 188 182
183 243 160 268 169 194 209 140 200 233 166 256 231 196 163 172 244 148 138 234
