803 840 678 739 855 626 598 582 795 752 860 716 597 672 832 666 904 630 867 869
431 575 643 442 642 205 817 805 288 566 225 252 277 234 197 808 364 209 221 193
1228 1319 1431 1457 1472 1300 1290 1183 1242 1454 1318 1485 1182 1263 1199 1340 1292 1191 1366 1296
383 623 370 407 573 557 455 236 664 787 387 696 210 811 416 780 205 410 782 646
1182 1191 1328 1280 1341 1167 1154 1153 1243 1258 1245 1327 1247 1150 1228 1273 1323 1210 1225 1331
1437 1452 1323 1463 1263 1325 1353 1456 1417 1198 1199 1420 1427 1256 1489 1432 1413 1261 1197 1322
779 901 790 921 823 788 773 994 932 695 945 978 641 621 699 870 805 813 855 807
1290 1318 1350 1229 1228 1468 1369 1212 1279 1459 1291 1436 1454 1296 1489 1448 1247 1191 1332 1354
830 847 908 826 762 739 685 743 673 610 599 683 742 754 641 900 807 730 607 822
405 464 355 559 476 445 539 562 553 380 292 439 495 370 499 283 581 544 413 596
19 1395 1403 1382 1481 39 1336 117 1384 1335 1369 55 1373 1506 1569 1319 129 151 1385 1583
911 974 743 786 918 782 1032 690 697 1068 959 761 717 752 1062 706 726 1051 933 805
162 1576 85 1552 1567 1573 94 175 1548 166 1551 134 1602 1557 1524 506 1577 135 1555 1597
600 806 657 388 852 599 572 865 570 677 808 863 800 658 640 591 790 840 780 813
779 869 789 898 598 852 797 722 887 941 608 713 756 850 753 827 607 772 750 618
627 831 781 873 629 630 659 685 695 780 816 624 785 797 814 702 890 409 808 396
277 308 652 660 657 670 288 418 329 272 571 567 345 271 374 356 404 251 354 261
413 574 343 598 801 441 631 400 283 582 804 660 238 285 623 286 271 260 334 349
1336 1390 27 1263 1333 1229 1526 1349 1515 1283 1407 49 1213 1413 1309 1258 1478 1380 7 1194
207 495 409 500 461 448 196 421 380 401 481 519 231 453 422 493 167 383 423 462
21 75 175 1574 130 172 1407 512 1383 503 160 1582 43 109 188 184 1571 1572 1394 112
692 820 833 589 805 309 276 777 676 565 582 319 661 580 598 325 665 896 770 800
1356 1387 1339 1408 1207 7 22 1399 1203 1271 1473 1505 1252 1349 1247 1499 1398 1392 1198 1311
1042 1111 1049 1127 1153 1027 1041 985 1117 1017 993 1164 1102 946 1037 1075 1090 999 1116 1128
134 1524 152 1400 143 35 1537 1509 122 168 121 1521 138 56 1402 1573 1572 42 1488 1512
111 1515 1398 1584 122 137 1387 1495 1599 146 1521 1539 1528 1537 116 124 1500 145 1589 50
74 181 90 522 117 154 173 67 238 43 41 143 68 515 147 235 140 9 108 186
196 502 252 515 231 89 75 525 430 249 198 442 225 433 82 185 204 425 501 461
28 132 1602 126 1552 26 1576 164 119 108 16 109 60 156 1503 1 27 1582 1521 8
205 485 518 243 480 472 490 417 264 497 511 390 510 528 222 553 541 244 445 502
746 866 1011 652 868 814 883 683 759 1014 733 897 779 685 738 954 931 910 888 691
91 1596 105 188 71 135 1595 112 51 90 94 102 171 1599 1575 77 1571 507 96 76
1236 1372 1346 1345 1277 1221 1311 1327 1356 1206 1313 1312 1362 1257 1396 1243 1399 1363 1210 1222
1224 1269 1309 1227 1451 1306 1206 1220 1444 1295 1180 1238 1225 1229 1449 1359 1284 1453 1201 1372
602 773 647 768 746 860 794 870 900 786 815 582 859 385 887 853 593 706 797 911
362 815 269 874 664 849 282 331 274 844 582 636 307 604 407 565 878 698 399 778
287 322 249 558 272 346 279 270 416 366 823 306 237 573 572 305 265 326 424 396
693 911 948 728 791 679 605 884 652 691 768 682 935 872 790 759 971 626 780 965
364 376 361 657 295 275 420 407 232 340 368 408 384 255 543 386 818 566 289 284
840 870 657 886 945 859 933 628 734 904 681 756 732 790 885 773 828 937 634 947
801 853 728 629 860 599 767 645 836 774 810 796 671 889 740 826 614 663 624 859
364 381 326 591 264 279 592 421 375 411 397 248 346 258 305 630 298 579 207 402
865 918 960 937 731 813 1016 940 823 933 936 660 674 892 909 692 1010 820 927 1022
1032 1115 1082 945 1072 1035 1155 1009 1000 1129 1022 1041 1099 978 965 1144 1011 970 1015 1130
773 848 588 847 842 931 662 903 905 922 859 882 631 737 845 698 934 768 633 634
236 545 417 343 262 210 456 421 265 497 544 408 473 461 355 521 220 240 505 455
313 677 583 597 785 890 565 799 278 834 877 647 852 843 592 840 695 369 373 855
288 353 230 554 570 328 287 282 301 296 553 558 243 363 316 412 299 342 576 372
1203 1475 1422 1265 1332 1282 1314 1190 1430 1200 1425 1428 1414 1323 1453 1415 1285 1226 1370 1246
925 951 765 706 1068 737 725 957 998 761 766 1004 959 1057 1042 1007 888 1029 1047 1058
1403 1496 6 1347 1531 1521 1567 1548 1493 1332 73 131 1415 1337 1323 76 1427 17 79 1383
1232 1328 1331 1361 1335 1305 1197 1310 1242 1339 1395 1225 1224 1259 1346 1465 1323 1450 1304 1321
1199 1452 1226 1130 1429 1141 1338 1467 1362 1242 1315 1289 1180 1343 1140 1217 1329 1488 1472 1142
1244 1380 1350 1372 1339 1330 1307 1302 1351 1324 1473 1210 1264 1279 1383 1299 1397 1325 1250 1474
740 909 771 963 778 917 960 781 634 943 905 754 887 752 995 888 739 842 832 734
373 430 406 593 322 644 425 592 385 536 358 293 345 261 251 411 434 483 318 340
631 710 734 866 823 696 910 755 871 659 898 929 918 891 843 816 873 809 855 592
1204 1277 1280 1433 1361 1311 1236 1223 1469 1368 1461 1210 1446 1338 1248 1364 1209 1454 1192 1365
184 225 210 539 1578 171 487 74 385 97 1590 415 457 151 447 451 403 83 199 144
324 822 642 292 599 586 595 323 259 366 625 307 306 348 321 702 695 765 843 646
1333 1464 1471 1197 1226 1209 1251 1241 1269 1264 1362 1259 1279 1211 1441 1303 1345 1323 1287 1227
1093 1154 1061 1045 1170 1187 1108 1137 1051 1149 1105 1179 1111 1079 1112 1075 1042 1041 1152 1020
1151 1199 1321 1161 1191 1192 1239 1278 1172 1314 1099 1279 1256 1476 1346 1107 1119 1153 1269 1097
84 185 13 206 1573 68 1 152 69 528 1571 38 209 151 202 53 23 1587 205 96
225 448 578 429 570 472 410 442 414 544 186 491 184 222 361 231 427 567 458 540
871 899 944 974 746 720 776 927 1009 632 663 876 659 785 784 771 846 685 985 980
1505 1575 1498 1605 91 100 1577 1393 120 1 1552 1390 25 113 168 46 1387 1516 70 1603
1282 1325 1451 1262 1242 1229 1447 1322 1453 1310 1220 1181 1486 1303 1448 1210 1456 1276 1364 1342
440 469 194 292 577 295 528 414 511 363 490 471 352 371 348 410 456 351 552 513
1203 1328 1234 1437 1304 1259 1470 1386 1338 1303 1315 1225 1219 1240 1402 1336 1358 1206 1149 1461
684 759 929 843 910 769 880 730 674 903 926 577 745 638 731 691 747 606 624 885
76 1576 165 1590 172 137 511 180 1523 1556 139 17 110 89 1565 18 86 1549 122 144
102 1402 14 152 1353 78 1530 1561 167 121 64 1394 1364 1495 1498 1387 22 1357 1419 1370
1185 1340 1177 1194 1383 1490 1481 1282 1231 1178 1147 1480 1151 1236 1176 1345 1152 1424 1245 1193
1005 1060 1066 965 989 725 925 1115 1075 1119 1033 1067 999 890 902 1016 727 1121 931 1104
1240 1278 1313 1243 1262 1244 1198 1320 1322 1309 1225 1327 1212 1468 1484 1289 1447 1283 1294 1300
399 460 459 423 496 360 281 449 362 225 560 548 195 552 448 381 473 541 223 577
617 825 689 615 600 686 363 847 817 781 835 648 301 712 801 693 873 780 870 586
1040 1139 956 977 1038 1093 1023 1075 1006 1132 973 958 1019 1187 1200 1059 1078 1124 939 1008
1246 1348 1263 1184 1476 1412 1492 1450 1396 1300 1194 1389 1487 1336 1493 1488 1312 1408 1431 1281
22 1393 158 43 1578 1506 1483 1488 1359 124 1503 45 18 157 69 53 1401 1400 1324 1408
1208 1336 1458 1413 1383 1209 1326 1350 1411 1482 1276 1186 1481 1237 1462 1306 1475 1435 1429 1405
769 834 928 786 887 824 737 733 914 668 763 686 731 811 711 917 851 647 845 875
256 440 407 460 374 475 255 199 371 232 469 488 420 399 466 410 423 484 536 214
679 696 312 651 733 315 576 689 853 752 615 854 671 845 602 732 750 705 828 825
184 232 554 434 366 1584 1596 468 166 453 354 405 427 1581 265 458 509 415 519 490
249 361 266 383 660 818 397 821 518 341 183 409 244 388 551 330 380 529 445 527
583 790 734 772 620 659 758 848 377 674 689 730 606 604 878 605 664 613 394 639
786 823 739 301 784 849 922 759 751 747 832 920 791 820 715 779 720 638 623 794
204 266 522 369 539 381 498 342 179 553 452 322 219 246 413 274 290 507 514 555
435 581 464 487 488 660 394 360 572 664 654 597 615 681 665 678 595 219 244 233
473 513 155 517 528 537 522 541 74 436 546 178 62 461 232 494 563 423 560 77
602 854 882 924 749 719 811 384 707 800 601 396 894 829 798 628 793 670 741 871
1297 1442 1208 1453 1278 1243 1437 1280 1226 1262 1339 1212 1349 1294 1283 1293 1210 1267 1325 1270
672 778 781 600 783 912 895 921 610 816 710 860 914 894 303 579 718 314 627 692
237 450 380 538 224 417 424 266 566 393 358 198 418 195 428 516 231 290 452 557
1088 1143 1175 1067 1158 1122 1181 1156 1046 1090 1114 1037 1170 1023 1032 1120 1048 1063 1019 1191
46 1578 1558 1560 1503 5 1391 185 31 170 1525 1529 109 80 17 86 159 87 100 168
1576 1591 1498 173 139 58 1585 84 121 25 180 1602 153 83 149 165 7 1499 144 184
583 797 614 635 908 573 758 868 596 812 881 746 373 729 889 860 587 893 670 379
326 366 234 300 578 426 455 577 336 559 663 339 575 567 283 430 262 341 550 343
764 915 936 649 744 727 745 837 772 927 898 647 848 1011 689 780 722 964 886 800
754 909 912 898 1018 629 832 838 604 1010 808 731 831 913 853 979 970 711 869 989
206 454 202 538 398 390 580 245 535 545 444 427 503 387 570 219 549 561 547 450
768 901 835 588 680 695 880 714 774 603 621 775 1011 788 839 869 911 653 655 989
11 1396 1510 1586 1413 1256 34 1367 50 1326 1386 8 1381 1484 1370 1335 20 1509 1247 1518
584 821 594 662 703 360 671 866 316 623 804 311 276 822 665 652 281 834 620 850
71 1571 1580 1505 192 53 6 146 60 104 89 156 1401 106 182 194 47 102 73 96
1515 1600 1516 81 190 1565 183 1534 1581 140 1394 1553 125 1586 123 18 1400 0 1491 100
993 1055 1097 968 985 956 1092 1108 895 905 746 1077 1112 729 1040 902 1136 1042 963 1017
728 856 797 832 702 884 843 921 850 941 915 882 838 696 987 799 786 1002 711 747
887 914 996 847 858 899 866 935 756 954 1014 923 772 784 931 948 946 782 672 811
707 919 750 868 683 1000 811 937 909 954 625 970 592 900 812 650 876 637 628 963
479 490 460 205 422 430 465 558 506 217 508 544 539 194 238 184 527 204 500 518
916 931 697 980 801 898 877 1028 724 750 999 953 1006 997 761 965 880 1017 738 747
1301 1316 1227 1481 1305 1485 1334 1229 1232 1288 1447 1325 1205 1328 1184 1277 1331 1192 1215 1200
3 1574 147 1393 110 1563 1602 1394 19 1506 9 144 143 61 26 66 83 152 82 1539
727 916 951 960 635 996 1000 740 693 843 764 699 810 954 891 873 902 924 939 988
884 937 1059 681 1045 912 976 811 792 876 737 712 942 860 953 725 748 788 800 893
750 907 725 948 627 774 913 717 994 788 882 966 931 626 805 808 920 775 999 811
487 505 466 241 182 187 225 81 486 441 226 219 540 511 221 541 482 449 495 528
1086 1169 1017 1112 1193 1052 1115 990 1151 1198 1015 1183 1194 1143 1149 1180 1067 1088 1037 1060
630 790 765 836 809 858 617 875 644 737 771 911 906 676 801 905 688 816 735 622
368 458 566 452 403 818 539 382 317 415 826 242 431 255 290 643 572 404 244 406
281 355 330 376 412 267 246 248 232 277 442 348 263 822 256 328 262 307 309 295
543 560 201 530 527 257 206 523 337 407 271 415 298 348 290 532 535 582 565 500
1243 1368 1460 1321 1207 1228 1255 1485 1307 1200 1187 1450 1367 1339 1211 1403 1370 1316 1300 1234
1301 1326 1220 1352 1293 1466 1271 1489 1297 1273 1401 1186 1189 1278 1432 1447 1279 1306 1474 1443
1446 1481 1280 1343 1457 1304 1357 1176 1347 1392 1458 1493 1496 1327 1197 1394 1388 1303 1261 1317
628 848 372 901 738 634 610 677 775 887 844 904 670 833 661 817 883 667 812 757
825 844 731 863 689 867 310 834 672 300 710 887 587 639 600 273 366 898 828 592
489 498 473 223 215 83 462 81 512 183 464 198 459 201 236 538 181 472 249 542
471 549 412 391 386 226 407 499 418 450 200 362 372 395 425 394 360 225 545 397
241 503 175 444 80 402 362 160 170 428 475 294 517 289 366 495 82 197 220 268
1019 1076 935 992 1070 931 1116 894 1094 987 1065 1072 1098 1125 1078 914 965 1045 991 940
270 405 568 451 464 265 367 238 299 593 379 344 356 218 216 263 330 572 343 335
59 174 105 151 9 5 70 511 17 191 164 205 100 103 13 141 498 0 166 58
25 155 517 10 31 162 29 1578 1399 157 11 126 508 41 68 154 44 64 13 147
720 769 784 913 736 916 685 726 946 837 626 864 755 818 885 857 694 903 924 599
634 772 738 677 897 593 675 888 649 619 831 577 904 865 657 377 869 817 678 763
616 795 392 852 888 694 897 769 720 604 835 626 588 759 673 580 904 762 629 730
304 349 568 375 244 328 380 264 664 306 376 346 286 825 332 561 666 337 552 266
462 475 395 566 458 203 550 396 502 439 464 206 242 493 543 533 509 422 451 489
383 467 558 554 563 387 286 392 374 457 406 459 446 259 234 208 513 627 233 493
697 904 974 903 818 700 788 760 925 803 743 666 888 682 977 593 766 733 937 1019
625 644 792 714 595 841 686 374 398 607 891 875 639 589 708 626 636 681 788 631
548 556 280 378 361 387 398 550 422 246 491 558 272 494 421 410 445 565 459 286
93 1592 1521 64 1572 188 142 103 1587 1601 1506 1508 1584 189 1511 113 48 35 1509 105
393 552 483 286 491 437 284 371 210 470 469 605 615 547 379 538 229 461 599 359
265 415 565 263 459 540 209 377 363 426 594 305 448 203 349 360 403 393 289 412
