1389 2935 1208 2046 61 1209 1221 2008 2914 1214 87 2047 2920 1357 2883 89 2853 76 1997 2023
992 2817 1259 132 859 1260 2805 861 2840 2809 983 991 1015 876 2821 2810 978 867 667 642
1442 2920 2069 1481 1458 2893 1430 2073 1529 2094 1447 1499 1501 2093 1423 1466 2928 1477 39 2912
2064 2110 1183 2123 1368 1977 2063 1894 56 2074 1101 2011 1901 1383 1999 1347 2030 1401 2756 57
21 1439 2912 1559 2104 32 2924 1596 69 2062 1526 2772 1433 63 1515 2043 1437 1415 2926 1484
1242 2859 1227 1041 105 1244 2865 1380 2832 1033 1043 1018 1226 1248 2879 2858 1382 1015 104 100
1990 2112 92 1999 1105 93 86 2053 1433 1082 1949 1361 1367 1346 1176 2759 2072 2125 2767 2012
1923 1937 1928 2754 1914 1872 1913 1894 1911 1912 2750 1883 1929 1967 1916 1905 1892 1950 2056 1954
189 360 184 245 389 402 2202 204 413 2188 2180 236 2196 199 2163 233 421 391 398 208
1097 1184 2997 1181 3012 1157 1199 1060 1183 1164 1153 1057 1075 1079 1037 1162 1127 2966 1089 1063
1941 2060 33 1363 1978 2085 51 1391 1361 1902 1994 2054 1928 1387 57 2759 1924 95 2049 1353
1974 2771 1378 1990 1943 1936 1980 1364 1946 2055 5 1377 2753 14 1365 1367 49 2011 25 2010
409 2173 881 576 197 161 495 184 484 768 609 789 2188 338 717 651 377 742 800 703
1066 1111 1022 1061 1219 1047 2986 1224 1081 1159 1230 1049 2963 1031 1016 1068 1169 1179 1163 1085
3 1623 2766 1570 2042 42 1638 59 2008 1606 1512 2027 2053 1522 2059 1502 13 1579 2014 0
840 864 880 720 943 928 711 862 899 936 697 940 900 2167 901 2800 2164 660 2814 2161
1560 1583 1623 1595 14 1643 1521 1319 1593 1509 1534 1491 18 1607 1306 1622 1522 6 1499 1615
1201 2121 3008 2859 1218 79 1054 1063 1426 69 1215 2080 1152 1055 1192 1205 104 1109 3035 2065
1151 1160 1213 1072 1121 1124 1185 1159 2968 1044 1047 1112 2124 1127 1171 1168 1208 2972 1113 1186
1281 1311 1277 1265 1317 1298 1544 1553 1349 1346 1542 1325 1564 1306 1290 1547 1269 1302 1363 1565
180 378 1769 168 2179 392 223 399 172 354 2176 2188 222 373 160 400 2189 2183 369 176
1084 2084 1150 1215 1096 50 1160 1953 63 1191 2966 1095 1118 1030 1165 97 1405 1965 1050 1359
928 2798 2824 663 946 117 125 964 2814 122 931 121 972 2802 112 650 952 2803 116 960
1087 1183 1103 2974 1026 1065 1168 1229 2088 1166 1030 1156 1181 1111 1201 1110 2081 2980 3012 2981
888 929 2807 932 898 2159 919 865 966 785 2803 948 968 858 931 872 2810 923 933 2153
422 2173 418 611 752 196 2197 839 730 620 735 613 391 880 713 796 361 2212 2193 816
1884 1930 1940 1874 1488 1856 1863 1925 1911 1848 1879 1872 1971 1896 1890 1852 1915 1965 1944 1950
1157 2973 2998 1056 1224 2977 3010 2963 3001 2956 1042 1126 1174 1183 1167 1114 3012 1123 1163 1032
11 1633 2044 35 1581 2026 1619 1998 1560 1564 43 1991 2018 2006 2003 2080 56 2045 1572 1531
1403 2088 47 1376 2900 1180 1209 2025 1188 2007 77 1178 2064 2012 1085 1449 2904 88 2055 1108
1089 2986 2084 1193 2118 1224 1116 1018 1190 1166 2982 1183 1119 3014 1123 1060 1105 1076 2961 2123
238 276 1720 255 354 251 366 263 355 207 1724 1734 265 363 303 244 212 347 268 1725
827 2168 720 762 665 767 641 784 704 655 872 666 672 2200 583 2190 728 729 128 370
414 426 412 382 350 2152 203 173 194 373 366 151 335 401 374 2161 2171 436 196 338
1319 1347 2103 1322 1313 2122 1298 2123 2775 2832 2776 2095 2838 1339 1308 1388 1306 1341 1285 1370
1363 2876 1393 2937 1413 2099 2844 2783 2871 2043 2878 1419 1422 2098 2036 83 1315 2933 1418 2108
655 2798 848 128 849 2161 124 654 667 2152 2801 2822 980 2789 647 2827 867 2790 2804 870
706 2170 798 835 194 890 898 673 187 820 660 352 2175 745 2166 843 365 2181 750 601
1314 1369 2119 1313 2097 1555 2013 1341 2860 1356 2063 1542 1355 1544 2087 1287 1543 1376 2839 86
2007 2083 1393 1432 66 1962 35 1403 1444 1997 1401 1422 62 1379 1413 2070 2094 1420 2123 2049
1524 1540 1466 1562 1570 1612 30 1305 1452 1495 1458 1577 1483 1573 1598 1600 1572 1316 1557 1482
26 69 2 1422 106 1493 2004 1366 1432 49 2077 1425 110 2037 1391 2111 1512 1996 2053 2771
1452 1490 1504 34 1537 1524 1495 2112 2091 2908 1523 1446 1895 1617 2929 2924 1491 1521 1422 1489
1313 1344 1539 1375 2036 1337 1560 1306 1369 2782 2836 0 1390 2121 2028 2780 1378 1367 1277 2776
146 150 433 453 2211 489 2201 2175 486 2177 145 470 2212 2197 465 456 154 492 2178 463
1567 1592 1560 12 1548 1312 1309 1509 1623 1632 1530 1642 1306 1314 1606 1315 1564 1504 1640 1644
257 295 346 223 276 1724 339 258 231 334 218 286 329 285 1722 308 246 300 263 249
1260 2045 2795 2049 2073 2760 2826 2788 22 2775 2766 1242 2850 2851 1344 97 1998 1266 1262 1330
502 524 515 551 563 539 528 2205 2196 520 554 624 637 453 518 623 505 449 526 622
1202 2976 1169 2128 2092 1094 2942 2964 2111 1156 1159 2101 3031 1109 1193 1182 1096 1394 2983 1185
1096 1221 2962 1235 1122 2987 1123 2968 1161 2103 2852 2967 1039 3007 2854 2858 2997 2958 2993 1107
39 1613 2010 1529 35 1437 1434 2080 1648 1433 1587 2031 1538 1582 1555 1520 1581 1650 1438 1508
44 83 1361 93 2128 2006 97 24 1499 107 43 2100 2071 1505 1989 16 109 1513 1403 63
84 2097 82 1217 64 1371 76 87 99 2024 2060 2011 1986 1218 72 83 35 1399 2009 75
2902 2932 1415 2916 2907 1451 1431 2939 1430 1438 2911 1427 1440 1409 1414 1410 1406 1402 1408 1420
1388 2078 2099 2867 2022 1370 1338 2014 15 2943 2081 1 2024 1385 19 1402 2 1400 44 2105
708 735 754 2155 820 2167 836 697 741 709 2178 765 825 2161 799 764 699 2172 827 767
1433 2081 2927 1417 2066 1470 1496 2894 1186 30 2008 1476 1399 1434 1940 1942 1173 57 1190 48
1092 2981 2118 1040 1048 1052 1210 1073 1116 2961 1088 2951 2998 1114 1212 1063 1039 1045 1069 1223
1048 1079 2971 2953 3000 1049 2846 2951 2961 1227 2105 1044 1017 2126 1013 3022 1089 1186 1117 2098
762 2174 424 354 507 2153 731 2189 144 685 219 329 356 761 412 481 770 2196 210 808
411 2174 191 837 389 641 377 2179 611 407 592 612 664 635 414 728 380 410 595 495
805 2152 799 2179 817 2161 2166 851 815 789 830 801 429 2172 618 699 844 734 865 433
1386 2865 2077 1405 2035 2020 1375 2128 2009 2772 2831 2076 2112 82 2041 1228 2944 1394 1996 1995
731 2167 685 197 2177 178 802 128 799 781 815 776 573 578 808 700 194 707 865 193
1262 1277 1276 2044 2857 2843 1267 1243 1263 1330 2837 2839 2784 2774 2051 1268 1248 1325 2846 1357
188 2159 713 909 377 929 660 764 168 721 426 705 942 161 393 719 919 857 228 2207
1706 1716 1679 1733 1734 1713 1737 1692 1700 1693 1726 243 1710 1731 1676 1695 1689 1685 248 259
2017 2119 1411 1186 2065 1435 45 1383 1102 1343 107 1970 1992 1990 2000 1944 1213 2105 88 2787
1043 1095 2118 1152 1034 1009 3019 2101 2121 1233 2964 2966 2091 1061 1007 2092 1011 1204 1125 1193
2020 2092 2078 66 1329 2094 1410 24 2757 2100 1180 1346 1098 1353 51 1946 64 1453 1401 2079
725 752 719 775 708 816 848 2189 805 773 843 732 2163 852 723 2181 790 707 2162 2175
1088 2113 1359 2971 1108 2986 1183 1983 1201 2980 3023 2977 2127 1059 1048 1032 1181 1973 1101 1084
1190 2955 2122 2977 2094 3032 1054 1160 1169 1231 2963 1090 1176 2945 2975 1195 2105 2098 2095 3031
1191 2079 22 1954 2031 2080 2084 1960 1075 2047 1185 2955 2025 1408 1423 2116 1228 1412 3029 1118
1392 2872 71 58 80 1403 2849 2019 2064 1414 1352 1424 78 60 2128 79 1214 1362 2009 2876
1416 2067 2077 2927 1434 1420 2079 2935 1432 1531 25 2871 2878 12 2043 2033 1959 2918 1372 2075
176 404 399 191 190 341 411 2170 345 2165 2181 426 2169 374 343 2172 196 230 2168 231
207 2194 224 231 251 474 734 2168 508 628 218 2182 217 365 568 709 594 726 2211 730
66 110 115 2058 1385 23 2834 2100 1389 29 31 1364 1413 21 2083 2013 2017 28 1423 2071
599 2165 783 848 177 181 735 904 905 606 730 2190 720 727 686 407 2207 738 733 203
67 1415 1383 1403 1445 2120 2039 2935 2085 1433 2081 2125 2903 109 2919 2052 2937 94 10 106
1351 1367 2040 1340 1337 2840 2057 2876 2084 2850 2033 2861 2036 1343 2030 2781 1282 1316 1338 2097
1431 1452 2081 2930 1461 1382 1487 2093 1437 56 1525 1469 1504 1463 47 1381 1476 2886 1481 2062
1092 1107 1069 2957 1193 1091 1182 3013 1052 1037 1038 1199 1185 1153 2093 1128 2086 1029 1178 1209
1409 2077 54 85 1388 2027 2920 1433 14 1430 1965 2108 1205 1941 2048 35 2080 47 2018 2903
1523 1584 1558 1552 1519 1510 47 1572 2010 1458 1623 7 1568 1492 37 2009 1643 1489 2005 1563
2005 2775 2774 1263 2065 2088 1 1965 1371 2087 1512 1342 6 92 1260 2025 2006 2011 2113 1259
732 792 714 2176 867 692 783 873 2188 756 688 754 861 2193 2181 843 793 851 686 860
214 254 181 264 329 345 178 287 2188 2209 256 398 266 2199 348 240 227 381 228 248
2946 3056 3021 2940 3049 1202 3055 1198 1207 3047 3028 3023 3034 3018 2950 1227 1182 2971 1188 1391
242 2211 201 234 1731 237 2171 2195 2213 1736 220 444 194 200 150 2179 445 249 216 2180
1036 1225 3005 1019 1186 2967 1176 1246 1188 3017 1003 2989 1392 2954 1055 1069 1110 1217 2961 3016
804 871 769 2797 752 2154 2160 2805 925 892 749 760 2804 761 678 2151 794 680 915 796
1104 2122 1351 1340 2081 2973 1110 2076 83 1349 2971 2091 2080 1335 1096 1042 1128 1196 1085 2087
1073 2968 1178 1196 2977 1044 1094 3022 2973 2998 1061 3033 3005 1120 1200 1151 1045 1087 1076 1216
2075 2771 2036 1451 93 52 1953 2001 92 2016 1972 1419 1946 1942 1933 87 2047 2763 2775 1421
874 887 900 941 873 2168 859 2170 937 912 851 849 905 940 777 2165 791 909 871 922
604 2167 874 610 685 2151 407 2154 128 730 818 2202 200 136 815 2196 357 369 621 689
990 2824 2816 1011 931 1003 117 988 985 2127 2126 2805 937 2841 2786 1263 2829 1259 997 118
1467 1894 2060 1447 1849 1859 1941 2761 1525 2074 1934 2768 1513 1528 1472 1901 1854 1888 1876 1475
18 2054 1356 1368 2095 1369 2008 1899 1557 1543 65 2760 2051 20 1994 76 1346 1596 2053 1514
1433 2906 1477 1390 62 1436 2933 2886 2107 2931 1460 60 2099 1385 1455 1500 2077 2067 1989 1457
207 394 216 389 221 408 2177 1778 357 2191 2197 213 211 191 385 336 2195 2169 1768 2204
1435 2082 1947 1482 2090 2883 1359 1380 2072 1997 56 2891 2909 1454 2124 1465 1401 2886 1492 90
1186 2122 1179 104 2067 2100 1087 1384 1420 1386 1399 71 2090 2968 1151 75 1192 1122 63 1167
1383 2036 2028 1353 1321 39 2849 2082 1339 52 2071 2101 1261 2091 2061 1433 2067 2852 2757 2878
1696 1715 248 1749 1680 1700 1693 1698 1691 1724 1681 1736 1675 1720 1719 1717 1682 1712 1733 1703
1402 2072 1387 86 44 1204 2895 1211 45 79 1379 2896 2119 2085 1392 1203 3 1360 49 2115
15 2039 1564 2757 1349 1598 2041 1973 1516 1575 1584 2065 2784 1265 39 1264 1633 2761 1522 2776
147 150 461 495 2176 444 165 471 162 2211 483 161 141 159 2204 447 456 139 144 2191
587 619 2205 585 600 586 604 2159 588 519 2178 624 566 622 562 531 2198 572 571 617
196 387 2172 1775 2165 1765 406 1778 378 173 2188 230 1763 224 180 223 407 423 216 1777
208 241 228 410 249 357 217 349 2198 1720 334 350 1732 215 411 216 362 343 222 363
1046 1092 1017 3013 1216 2840 2119 1105 2118 2110 1007 2109 2835 1118 1040 1082 2848 1196 1034 1080
733 2158 419 801 938 661 907 931 959 965 688 727 714 789 587 854 2173 936 637 598
212 373 2178 351 387 220 357 415 375 380 179 2188 181 2203 190 226 249 372 248 175
1109 2991 1119 3018 3002 2090 1098 1029 1094 2124 1127 1037 2971 1040 1058 1211 1068 2996 1108 3016
1386 2849 1209 1232 87 80 118 1387 2065 1353 2115 2114 113 1425 111 1388 2941 64 1028 2850
1051 1218 2092 1247 1018 2844 3008 2991 1184 2855 2989 1099 2960 1221 1205 1100 1390 2085 1204 1089
391 2183 2159 569 173 2155 169 168 594 421 2205 600 741 487 470 163 2184 455 413 481
1066 2955 2965 1043 2998 1030 1225 1017 1181 1077 1080 1018 1202 1193 1108 3031 2951 1052 1122 1056
73 2067 110 1381 2764 2060 1407 2020 1377 2082 35 1942 1399 1907 1916 2085 2027 1898 1960 86
1175 2121 1056 3006 1212 1378 1127 2068 2123 1339 1367 2069 83 2065 1994 1401 1396 1185 1112 3020
1497 1592 1575 6 1545 1637 1540 1613 1541 1465 1539 1619 1542 1593 1646 1608 1632 1495 1443 1441
1046 1211 1077 2094 1092 1008 3028 2127 1389 2847 1403 2840 2080 2861 1111 1399 1096 2084 1005 1089
1024 1252 2990 2842 2828 1233 1271 2834 1005 1224 1002 2845 1007 1033 1222 1084 1011 1254 2840 1031
1519 1538 53 1526 2004 1611 1564 1612 12 38 36 42 1451 1467 1579 1307 1621 45 1314 1599
364 2196 565 150 366 526 350 171 2171 2156 545 415 236 383 548 188 370 419 749 221
2880 2911 1454 1372 2886 1370 1420 1431 1384 1432 2866 1430 1400 1448 1445 2887 2930 1456 2868 2940
690 823 856 750 744 697 754 681 719 671 705 694 2152 809 669 813 838 805 715 806
1303 1571 1618 17 1288 1331 1554 1280 1640 1314 1562 13 1503 1507 1498 1522 1292 15 1497 1359
1376 2031 2048 2122 1379 1403 1428 66 1985 2837 2767 2855 1360 2012 2101 1416 1401 2011 2020 1334
1203 2092 2072 2005 1048 49 2860 1172 1090 3007 1998 3022 1068 1997 1222 1354 1438 3005 1195 1238
1092 2980 1015 1154 1110 2129 1046 2991 3008 1026 3022 1045 1103 1215 2106 1112 1226 1019 1053 1195
549 578 581 577 587 537 2199 547 566 518 539 629 2186 2194 2154 2197 512 572 2203 508
1118 1191 1170 1063 2102 2992 1160 2092 1211 2952 1232 3000 2106 2079 3016 2119 1137 2986 3025 1176
1998 2039 2778 2752 1947 2005 1421 1423 1966 2116 2066 1952 1531 1418 1344 1429 1391 2040 2751 57
995 1009 1245 998 1041 1240 1036 1015 1025 1045 1004 1024 977 987 961 1047 1244 986 1236 1034
1629 2014 1567 1959 1585 1593 1653 28 1639 1576 27 2078 2786 2758 1539 2120 1376 1398 1380 7
2027 2781 2758 1896 1256 2786 1961 1392 1385 67 1983 1997 2020 2794 2077 3 2024 2776 1323 2064
1969 2080 2769 1180 2030 14 58 2104 1204 10 1363 1452 2116 50 2069 1932 2766 2004 1985 88
55 1501 1588 2047 1505 1405 1996 2001 2004 2095 1518 1581 1529 1560 2064 2120 2002 75 2091 1621
2866 2944 3027 1385 3053 1364 2878 1402 2888 1406 2960 2839 2959 1226 2876 1211 2849 2885 1378 1409
1409 1988 2111 2064 2891 1966 1426 2016 2901 2914 1991 1388 2047 2882 2048 2067 2900 74 1970 2119
1067 2951 1107 1211 3028 1079 1047 1090 1166 2994 1082 1023 3035 1120 1158 3049 3032 1212 1220 3002
37 2042 77 1379 2758 2768 1333 1525 55 1971 2790 36 4 1357 1449 43 51 63 1352 41
119 126 2163 136 139 2157 2128 108 2843 2162 2787 2160 110 2129 2819 2813 116 120 2788 2824
1859 1878 1876 1843 1826 1862 1915 1909 1923 1845 1901 1886 1853 1860 1885 1912 1648 1897 1482 1829
1058 1086 2952 1184 1073 2975 2954 2965 3004 1183 3026 1042 1175 2967 1020 1152 1061 2951 1106 3003
