38 209 251 1041 28 74 238 1014 54 47 8 225 1115 1086 1111 201 193 229 1093 44
86 98 1044 66 111 1025 1094 1048 181 130 1108 143 107 1028 9 5 167 1050 1111 184
143 1141 12 1034 1127 3 102 133 110 72 99 1120 13 137 1130 56 1082 22 1037 136
156 1080 1067 1068 79 67 1096 178 0 1072 1071 1137 1114 1085 1108 147 209 1147 123 119
243 277 327 334 229 256 189 353 310 180 220 333 154 319 214 184 336 370 309 369
978 999 939 1036 934 940 778 761 1035 769 788 997 751 925 1033 776 895 956 892 1038
813 879 791 794 891 857 858 875 1007 863 809 869 839 956 796 860 970 807 824 871
720 756 814 669 749 881 820 852 765 735 830 709 727 847 696 702 780 657 808 773
279 300 301 292 328 294 217 291 369 270 428 277 226 274 349 285 282 330 225 232
919 931 899 903 33 1010 910 1021 897 997 971 1019 936 1026 37 964 970 955 1016 967
896 1000 968 774 763 956 778 1055 1019 959 984 940 983 1005 883 56 1046 878 1051 1043
683 728 701 642 770 626 857 691 786 596 695 777 792 824 837 800 607 673 733 700
145 176 19 197 122 236 1139 1074 11 162 85 163 17 1142 206 235 1055 4 246 250
800 823 863 738 857 811 772 878 891 867 725 873 876 727 778 881 773 788 824 875
77 182 83 1052 155 1131 1076 1129 248 1075 76 82 67 79 215 1107 1102 44 100 1038
734 775 717 831 723 674 724 856 844 687 887 731 808 828 671 786 682 720 739 809
1013 1046 91 158 20 1087 1007 1094 157 159 89 32 1086 980 929 1067 954 962 27 143
751 837 752 755 743 760 886 756 893 771 875 790 800 838 769 887 857 880 982 727
16 47 49 192 1093 215 84 1038 1067 208 1113 65 1026 1020 1047 1059 1117 1046 189 163
614 687 630 635 592 604 621 666 731 691 624 594 643 709 598 609 582 575 684 561
1095 1139 177 103 156 35 1120 206 170 26 209 55 1046 1029 83 107 1086 142 1058 160
909 917 969 28 882 1025 918 1018 907 31 1001 967 889 46 947 986 1015 893 999 927
178 1125 1055 162 1149 183 196 86 240 222 44 87 1130 150 1063 1097 75 202 1080 70
82 1032 142 75 1078 190 1020 993 1076 1072 5 1023 191 1068 182 1083 988 1138 1064 181
117 1069 1014 15 104 145 13 1019 116 96 149 140 173 114 1058 162 1097 112 1036 1081
171 210 23 27 98 29 1088 216 24 1070 51 1142 1107 15 198 78 19 1131 270 229
413 584 671 376 565 367 347 574 416 355 538 387 621 544 632 388 591 550 338 551
152 1078 1052 185 207 203 55 69 125 193 1028 226 1059 1046 113 1041 230 1064 1023 139
349 567 600 344 593 268 618 426 409 602 411 278 612 318 309 532 620 355 583 548
290 323 423 390 445 249 296 238 352 277 294 428 388 239 377 337 435 276 302 287
598 654 398 559 548 606 577 644 716 588 547 573 676 605 412 670 663 627 710 688
118 149 95 1047 1044 1064 176 1 1101 201 239 184 168 186 175 131 202 1143 235 1072
927 981 955 948 994 781 914 966 1026 974 892 879 1009 939 884 943 38 951 973 875
1070 1129 153 208 186 1138 207 1075 8 1072 41 190 1047 1068 1023 36 1119 53 1094 1140
152 1139 1113 1122 1084 244 1097 1101 216 60 243 202 1106 109 1066 1069 85 1060 213 20
730 753 759 981 674 791 805 870 785 703 714 876 802 706 772 762 895 738 798 758
286 318 319 434 317 245 250 349 300 348 296 335 357 280 289 424 257 320 437 423
726 854 827 764 845 873 727 848 835 863 677 672 826 674 680 753 834 853 836 684
193 251 220 173 291 234 1087 40 186 267 53 197 153 300 1103 1107 211 229 159 77
1057 1102 106 221 1001 94 43 204 1074 1096 1022 105 26 40 65 229 21 1040 13 146
736 881 747 898 779 798 809 972 977 969 715 676 909 849 903 862 686 855 812 705
741 760 792 795 802 781 798 868 746 888 979 739 839 814 890 845 846 972 983 750
343 421 581 375 305 422 264 570 539 564 563 344 318 356 345 384 347 388 263 530
106 1144 159 1084 163 1044 1049 1037 177 179 120 70 1097 79 2 1080 53 119 164 168
360 560 275 326 264 367 612 311 407 290 340 322 384 395 294 412 396 583 287 327
91 123 1141 1112 1145 1041 1048 12 89 1113 61 138 4 174 11 1136 1095 1094 1037 107
737 757 789 877 975 817 774 870 721 978 742 832 692 851 730 842 987 871 705 748
945 988 961 775 950 1014 1000 873 972 982 935 1008 958 776 767 989 764 952 1007 1034
627 679 601 687 593 604 605 669 713 594 589 717 580 598 714 583 728 576 646 732
356 557 289 359 543 539 274 584 602 323 388 278 575 354 320 343 550 540 316 325
870 898 980 842 999 1017 738 937 731 912 1021 815 963 1019 960 1007 899 928 812 893
933 974 761 931 758 900 875 998 905 987 1000 972 1015 932 921 954 918 904 930 946
581 638 551 579 591 391 629 590 573 654 676 553 644 599 702 697 564 583 584 545
1045 1128 18 46 88 42 85 1126 152 1144 1022 141 1111 1121 1031 1143 84 211 1103 1016
882 905 919 780 748 772 964 951 1007 746 986 744 936 803 890 756 754 1000 761 911
333 381 261 305 434 400 568 383 441 339 442 372 392 391 385 382 563 336 321 416
61 150 161 1056 55 57 1065 139 192 1042 1106 215 1122 1015 1027 8 211 1061 76 208
935 996 978 999 893 875 1043 1029 1050 924 1035 951 1038 889 926 995 947 1015 938 880
162 238 1077 174 201 269 100 155 204 1109 223 1128 167 290 1060 141 246 226 225 284
0 1110 144 1033 52 1102 1015 138 64 1114 60 110 220 148 1047 109 168 189 131 15
370 413 351 421 570 386 549 337 559 578 579 406 390 594 382 320 355 528 533 408
618 644 665 658 686 701 594 706 645 700 553 672 613 576 704 581 614 711 682 705
137 1142 1128 1053 117 1083 167 1052 150 1047 1139 175 1048 75 83 1103 1071 70 5 1122
413 598 642 390 427 658 342 547 551 679 692 402 404 398 361 575 576 531 651 552
72 167 155 191 166 243 57 1075 1050 138 1081 1 213 104 1035 204 1025 168 132 133
50 1085 1087 210 35 9 1097 197 99 1010 40 1043 1146 1135 147 1128 1013 41 212 179
887 971 948 917 1017 1015 969 921 937 764 793 909 961 987 891 782 772 922 753 915
12 91 118 72 1140 60 1033 1043 79 208 1051 1030 0 30 89 94 120 26 1122 9
419 555 545 383 407 580 617 390 374 414 319 412 402 316 385 549 425 375 567 551
77 145 144 105 1107 59 15 185 1126 1101 1035 169 69 11 115 159 152 1026 1024 1039
1040 1071 1138 1140 39 167 27 1016 105 1137 71 1039 1048 1000 1031 1074 119 180 59 1096
134 1076 1056 112 149 118 1066 173 143 91 1146 4 135 24 1137 56 95 29 74 108
154 1102 170 95 1050 1132 198 1048 243 1119 224 1042 1138 66 89 210 1090 1070 99 45
243 294 424 329 267 214 198 266 156 185 158 423 189 259 357 324 152 218 264 194
642 701 663 628 635 750 644 683 679 678 585 634 653 622 741 731 744 689 724 651
107 120 2 1069 156 1061 1146 160 89 75 82 150 6 1086 85 1087 76 1132 1135 98
36 1136 1133 1059 1007 154 1112 52 925 24 1015 1022 1081 46 93 1062 1030 1027 1124 176
392 581 412 657 365 658 539 644 637 614 360 561 563 564 368 320 345 570 361 337
52 195 1027 1053 82 1092 159 46 1055 1081 1008 1033 47 147 25 1010 183 245 199 231
169 215 183 1094 204 185 44 10 50 60 1100 261 214 194 191 17 241 38 51 156
562 596 681 553 356 686 406 567 363 533 345 577 531 409 578 347 354 373 594 634
285 362 257 274 275 417 297 247 337 267 565 234 340 355 562 415 398 412 262 272
1133 1149 1147 1053 1115 1105 52 1095 37 104 26 1109 43 39 1128 1068 1137 13 163 1127
387 428 518 568 299 368 388 532 350 308 440 431 323 452 524 584 410 399 449 301
228 1101 273 1034 267 4 1134 159 14 1115 81 1097 279 86 270 1058 211 281 1114 7
975 1023 29 773 57 1003 5 1025 1016 52 915 18 899 903 872 966 0 19 881 991
88 129 1054 1020 1032 1081 152 162 1028 1069 116 1095 69 181 133 67 1116 147 1122 1058
795 832 981 759 979 749 880 809 718 802 777 734 791 857 847 822 810 812 893 886
736 809 709 883 832 690 860 861 841 850 691 692 806 711 834 685 715 798 774 838
168 1105 92 76 217 1133 245 7 1110 1125 178 1123 189 1130 185 1147 1121 20 225 139
744 830 850 828 767 742 727 797 866 775 719 848 762 878 880 843 845 714 869 698
185 1127 195 1054 243 13 88 1123 169 45 10 1065 212 1037 1113 151 1136 1108 1107 89
362 387 384 278 411 354 550 367 314 361 574 570 394 272 368 379 373 341 417 581
303 436 524 343 422 540 439 438 415 309 353 430 471 322 254 541 431 465 428 351
44 64 1068 190 65 1058 55 12 1127 136 915 1016 1036 179 1088 187 185 145 1061 1053
286 338 274 379 290 261 406 323 444 392 294 250 258 353 372 375 307 300 384 302
787 809 871 777 745 767 884 980 895 770 728 844 888 858 759 875 778 761 748 825
63 78 1057 1037 1068 1099 1024 142 147 1106 1047 94 98 204 1120 1040 131 189 59 87
13 50 1134 1017 48 160 139 1018 1149 1093 64 1107 63 144 217 205 200 34 44 1046
758 844 829 845 793 841 749 736 806 718 865 705 815 740 732 827 768 877 972 729
593 681 619 638 550 656 592 618 637 400 594 649 624 399 612 578 620 403 714 623
232 288 211 307 365 260 193 427 153 212 327 328 262 314 323 329 1092 277 304 201
1 1102 171 170 144 17 169 85 62 1042 1123 1061 1121 1111 61 112 1119 1135 1086 1143
29 918 193 192 984 180 1091 980 209 1124 179 1058 187 990 3 988 1017 1131 1011 1135
850 865 754 789 872 816 890 790 876 792 851 753 791 795 982 984 834 755 743 751
543 591 575 579 393 376 523 613 596 662 641 379 536 666 592 386 375 537 664 548
190 215 1111 56 1110 10 44 81 1102 59 279 89 31 259 184 72 249 221 187 255
928 1009 42 59 890 1041 992 60 978 967 1034 885 927 1051 957 896 1037 1031 889 892
584 603 563 675 405 387 647 636 404 546 579 674 683 537 415 407 599 693 582 663
801 841 868 890 851 891 834 782 721 737 764 753 877 761 719 811 726 717 769 822
37 177 65 84 1087 242 25 1108 48 68 1071 73 1046 1147 1107 1132 930 204 202 1028
643 703 661 609 642 646 629 665 591 749 744 653 614 715 611 671 647 757 640 650
80 147 1050 1041 174 88 1104 87 5 1052 100 6 85 1043 61 83 1057 1110 1086 1025
357 417 286 407 426 290 316 325 592 376 284 353 561 338 294 523 383 317 534 539
691 728 769 627 851 730 845 828 654 835 750 754 836 776 857 798 635 659 610 695
349 415 418 556 552 293 555 524 325 353 578 383 392 312 595 264 528 597 388 362
453 512 503 508 472 529 510 455 426 524 428 521 488 482 499 459 483 518 480 494
934 962 903 1000 919 926 986 963 961 989 995 959 895 983 921 974 933 931 906 994
443 518 310 525 436 327 332 517 496 458 459 455 338 485 441 524 494 512 435 326
37 61 1005 201 207 1048 212 1144 1022 9 1114 916 55 172 205 28 928 1049 181 186
347 435 403 428 370 427 332 341 398 324 301 313 444 410 318 423 520 267 473 433
767 815 864 892 805 896 984 836 883 798 832 746 788 872 980 728 816 823 976 749
904 983 795 788 951 894 906 940 790 995 759 755 909 908 1004 878 781 783 932 1003
671 706 688 636 637 647 708 687 596 713 604 710 733 672 684 757 677 746 658 675
176 1124 1061 1086 1127 160 1130 156 58 175 167 25 1065 237 1069 73 245 190 246 217
743 847 708 776 754 819 786 818 861 835 785 758 838 694 729 869 853 841 790 882
70 1113 1117 1050 1018 1045 72 1032 9 24 223 10 190 206 78 1035 1029 228 200 1046
646 701 686 667 724 668 640 613 634 737 727 660 620 710 692 732 588 610 606 582
412 559 433 581 373 341 366 369 543 544 343 335 395 612 346 607 394 352 552 600
770 851 849 752 789 890 764 735 740 769 716 887 806 749 876 833 826 722 804 742
18 1041 1071 61 1020 1064 62 1034 1114 185 179 169 54 165 207 1070 1066 91 155 1057
913 989 914 941 979 1014 891 870 998 880 986 959 1003 992 758 935 924 1034 882 967
798 815 765 746 823 828 744 785 870 892 773 737 738 741 800 872 831 769 864 772
32 1010 1034 957 1112 1132 214 1028 209 908 1089 14 178 39 956 1013 188 1087 984 986
753 788 710 723 708 790 859 804 855 850 711 792 862 785 732 789 749 812 837 735
946 998 1011 1053 989 971 1050 1009 978 1007 981 952 901 1022 1042 913 1039 962 887 1041
476 503 436 468 467 458 494 497 465 505 492 460 481 442 524 446 437 478 488 441
25 203 1078 23 28 1055 155 1134 83 257 235 219 1094 1018 151 77 231 1041 1061 68
739 800 759 885 890 851 812 756 889 866 846 810 751 852 745 863 881 691 829 731
112 1073 20 113 164 82 143 1138 1077 1140 1070 1143 1015 1135 84 90 1025 9 87 1141
36 1048 919 1013 211 1115 1132 142 111 167 916 162 1039 917 1103 921 47 1129 185 1049
73 137 1058 3 215 169 16 19 116 1045 59 1032 174 1101 72 26 1138 200 82 60
632 687 624 656 681 600 649 694 581 675 727 699 692 685 662 618 697 672 737 653
70 190 202 222 17 5 1051 1083 151 1119 224 42 69 1032 1120 25 1044 67 82 141
899 1002 951 873 884 757 908 1051 925 945 1056 943 882 1048 1043 916 12 32 959 887
194 1114 1129 1085 42 185 188 2 1087 63 230 215 87 169 202 203 85 31 254 57
736 776 862 694 734 777 712 698 863 705 765 853 700 748 847 794 808 890 832 827
383 419 399 319 392 575 574 570 525 320 528 363 546 352 409 561 529 360 552 558
265 358 232 230 271 269 239 562 334 352 379 347 380 208 359 413 552 382 390 238
311 431 306 528 540 468 335 418 355 534 338 356 296 349 425 440 287 526 460 283
