510 1629 581 377 358 442 187 405 79 424 32 178 1701 1581 25 1604 394 550 543 408
499 1602 284 186 15 306 434 510 508 401 346 253 428 332 386 410 324 377 334 1581
82 513 1671 1741 1597 507 99 1616 541 1694 1665 1598 76 142 1703 61 548 1589 174 89
124 136 1735 62 168 89 78 147 170 553 1747 129 120 1725 1724 535 96 137 150 106
740 767 795 717 775 774 799 665 772 785 724 732 681 723 761 796 721 673 664 779
594 618 606 576 1693 619 565 1671 1692 607 621 1666 1645 1694 1676 1686 1679 1652 1688 583
1438 1455 1421 1402 1399 1483 1414 1447 1443 1387 1390 1431 1441 1479 1426 1407 1405 1394 1422 1491
1060 1112 1150 1041 1122 1136 1126 1108 1152 1094 1085 1130 1086 1114 1145 1028 1034 1163 1154 1079
1309 1346 1389 1334 1306 1289 1366 1315 1277 1373 1227 1223 1278 1228 1371 1341 1361 1350 1260 1267
353 387 377 25 343 186 15 1587 404 184 1536 1610 20 1524 1539 1640 1576 1589 1577 366
99 132 542 135 1722 549 1741 1727 144 95 134 541 93 80 131 156 90 1723 1736 108
550 1644 57 165 1731 364 137 1673 1676 55 394 371 1649 1656 548 1651 1623 366 552 1706
67 1621 432 554 344 0 360 1712 1720 40 45 436 165 74 343 1723 349 193 1631 135
796 829 860 795 798 792 777 759 769 794 825 823 808 771 806 802 788 814 811 843
1287 1311 1263 1247 1349 1223 1295 1288 1324 1283 1235 1250 1221 1282 1253 1309 1355 1327 1322 1246
396 1541 334 1549 184 1531 386 268 1562 298 416 1601 1633 1560 183 388 287 367 414 369
434 462 1619 446 433 1632 496 491 1597 497 1610 409 1622 500 437 420 476 1599 1614 436
1076 1104 1069 1108 1162 1148 1134 1056 1095 1145 1125 1106 1042 1071 1138 1111 1132 1070 1062 1077
59 157 38 1747 1702 346 534 75 45 1739 512 517 1699 1696 176 1717 1744 557 138 145
1321 1332 1285 1289 1279 1346 1283 1302 1319 1363 1286 1309 1370 1313 1354 1374 1362 1306 1337 1340
3 33 209 355 364 1610 388 1742 197 391 27 516 260 407 186 22 1729 30 395 1596
76 345 85 533 1730 518 48 1568 35 1713 1732 1536 522 344 322 348 77 94 130 1741
402 1629 367 1545 421 1639 364 570 528 181 557 1651 1592 1637 556 1623 1541 573 431 366
535 1680 1602 178 52 1708 1688 1742 599 69 157 1694 1670 1641 38 1630 517 81 1656 554
2 193 217 32 276 347 37 52 254 1618 1617 232 1607 238 219 268 199 29 214 1630
678 704 705 682 665 643 722 710 703 751 645 737 664 699 685 701 708 749 668 700
34 1598 490 1618 410 334 374 406 183 515 298 14 1582 1596 286 2 448 405 3 68
399 1642 566 434 541 1672 523 1663 1550 540 356 373 1610 40 1560 585 436 538 1645 432
436 1632 1641 424 367 178 19 459 493 415 534 362 509 167 575 468 1619 1608 407 425
58 1729 1742 137 138 88 1731 1603 178 133 518 525 540 1613 1714 1700 547 383 1728 174
127 149 548 66 541 1725 527 1730 99 115 128 58 1715 1738 1734 559 1712 93 530 538
1017 1033 987 1000 1011 1052 1071 967 1041 1039 1013 1018 997 1027 968 1060 1058 970 1066 1037
535 1628 1664 33 46 1621 420 556 39 1733 31 540 410 1626 62 1656 524 152 509 1608
517 1604 322 423 1592 64 556 427 348 395 289 1666 385 1593 60 304 72 426 1576 373
47 1722 28 63 165 546 78 167 1746 1619 1742 544 1704 556 50 1698 186 79 1717 1732
508 1737 1631 39 66 1590 85 533 34 1614 87 36 1582 51 1606 1702 1703 492 487 547
1193 1222 1155 1246 1281 1244 1278 1298 1239 1161 1240 1282 1175 1236 1174 1268 1248 1235 1206 1302
3 193 52 1634 170 200 13 47 362 1612 262 365 384 201 348 1609 274 61 226 239
377 1603 174 295 322 1623 415 532 31 177 194 293 1604 455 1539 1647 1544 309 35 505
384 1548 252 370 280 1648 1633 1597 1634 192 287 282 1630 1617 355 249 1623 346 260 321
1282 1298 1222 1266 1348 1295 1235 1272 1347 1315 1328 1281 1242 1277 1310 1297 1224 1338 1225 1301
868 896 832 841 915 833 851 838 887 826 830 856 894 897 916 865 935 925 854 892
490 1596 185 389 258 1615 307 284 358 1587 1589 391 489 266 448 1605 431 254 320 313
567 1641 411 368 1718 349 373 398 564 1640 376 1700 583 1631 1709 521 574 379 1675 1637
290 1599 1612 496 456 270 185 449 384 38 467 298 1607 307 1583 1507 365 1565 399 1513
440 459 485 1624 498 1625 1621 435 1596 468 414 487 469 404 1610 401 1618 1627 464 412
226 265 246 1600 306 241 280 8 286 15 252 218 189 301 203 191 243 182 215 1572
238 263 278 1565 1579 210 206 291 1572 10 191 29 246 256 1530 1534 1555 1563 1574 1593
236 276 255 1540 293 179 316 246 194 1522 180 281 1564 271 199 209 231 181 198 1560
728 766 667 681 684 721 759 790 777 742 780 760 800 729 749 673 730 704 676 682
392 427 18 40 1612 63 459 28 411 438 1559 1632 1614 415 485 413 10 36 1605 1565
550 1678 144 527 588 1623 158 1722 165 160 82 595 522 1629 516 1704 1682 1690 1603 1695
605 1681 1666 1647 1657 516 1653 616 608 548 586 1670 555 1664 584 534 615 1696 593 1673
362 1550 18 1611 69 318 272 344 334 189 1553 1634 268 1591 1648 163 1652 277 1625 1540
383 1641 358 1634 183 23 58 510 557 61 1650 530 1608 392 79 37 1591 568 566 73
1167 1185 1120 1196 1104 1126 1199 1116 1141 1115 1111 1100 1143 1121 1144 1108 1211 1173 1174 1136
306 1511 1595 261 1569 245 1525 1528 1490 1497 267 1555 264 1575 1563 325 282 258 307 265
51 398 25 1631 1634 1563 190 1539 549 15 84 1542 177 1557 63 1641 1609 75 44 393
361 1631 1544 318 524 509 1636 530 1647 1566 552 386 69 362 339 345 1612 1635 78 1535
1655 1694 555 1647 1711 1648 600 1709 550 1702 532 529 583 1745 1695 515 1657 1683 609 511
1344 1366 1407 1310 1355 1308 1397 1352 1327 1383 1360 1332 1389 1365 1324 1299 1378 1290 1399 1335
291 1519 1497 303 1552 1495 1545 232 222 1515 1526 290 1532 257 235 1508 1517 1575 304 328
217 272 238 203 293 291 268 33 1590 232 1585 235 266 0 278 200 3 255 28 319
72 1606 1720 29 7 1632 441 374 1716 1714 90 297 1629 1710 501 354 59 284 413 191
673 717 664 746 653 681 658 702 667 710 652 735 729 748 641 644 692 740 707 659
531 552 1637 80 1681 138 1632 162 184 515 1700 74 1737 1613 1606 1649 156 176 139 141
514 1670 1704 1706 76 1583 42 606 1686 502 1663 505 1576 520 1742 1625 524 601 1672 495
224 266 234 4 227 233 315 277 293 1524 191 1571 1588 1539 1595 248 1566 195 180 1555
530 1684 514 1631 511 79 1677 559 1605 508 174 77 507 1665 1633 82 537 1703 1634 1632
853 885 799 926 862 925 854 835 822 821 872 828 905 846 901 865 887 803 856 890
597 615 1645 599 624 604 567 593 583 575 627 585 1670 590 579 601 1687 1691 586 600
1547 1571 408 288 279 1569 1536 396 361 1561 383 374 1596 389 319 1531 1538 410 269 316
88 1746 522 562 75 1712 101 140 555 58 537 523 184 1722 516 167 181 535 1694 171
318 1559 1534 341 391 361 294 280 308 1550 285 1515 1513 281 1574 186 284 398 381 324
557 1617 549 1627 536 497 140 1741 424 542 79 6 571 355 553 1692 501 1682 1648 1693
430 461 487 1610 492 466 403 412 419 404 421 42 474 486 1625 402 469 1638 1623 1605
965 980 970 984 972 988 941 939 1000 948 951 1485 943 961 975 1484 960 936 981 978
612 1673 1669 1661 1650 1682 613 1655 1668 581 596 525 546 533 537 608 591 1684 532 604
389 1545 21 36 33 326 1625 413 292 1613 338 1641 1561 182 180 250 1567 1535 1540 317
577 587 1656 1654 1630 595 1665 558 564 1674 598 1649 1672 1685 1636 570 1693 1688 1673 569
1180 1207 1189 1224 1231 1135 1182 1188 1144 1235 1176 1155 1152 1166 1241 1214 1221 1187 1168 1164
587 1675 1692 1686 1654 1703 514 566 1661 553 560 590 512 1683 1695 1700 1667 570 599 1684
68 361 1713 62 371 1733 1571 380 150 89 372 1622 1535 529 340 1648 1581 1568 1547 25
662 703 682 652 704 684 679 667 671 699 640 645 677 722 726 711 712 654 708 691
1359 1401 1354 1374 1371 1346 1414 1387 1336 1416 1384 1343 1422 1398 1396 1397 1358 1315 1385 1352
1325 1354 1341 1333 1362 1304 1290 1321 1282 1380 1370 1391 1298 1356 1383 1284 1385 1302 1326 1288
1079 1130 1088 1062 1076 1059 1151 1123 1049 1137 1122 1120 1108 1128 1048 1061 1068 1091 1134 1069
45 1606 1744 458 526 32 391 1745 542 318 522 523 29 8 344 1618 288 548 48 488
329 1587 1574 336 327 1588 1562 1544 365 176 186 273 1531 256 326 1537 1536 1603 290 294
161 1703 1705 509 348 542 1728 138 179 159 562 342 541 1674 359 339 361 191 147 1685
1227 1283 1301 1248 1270 1321 1242 1306 1231 1203 1256 1323 1271 1228 1215 1197 1207 1282 1205 1244
366 1576 1534 1609 309 1616 1618 171 255 346 355 1601 262 1564 363 339 1535 1613 1621 284
77 1717 166 527 1734 1745 190 1727 1744 1712 1721 1746 383 563 566 139 51 91 83 62
347 1647 1675 1636 178 601 1644 387 1560 333 507 528 540 1674 1662 591 358 1604 374 70
292 1513 1522 1593 1553 270 1515 1506 247 1505 255 1571 1491 1492 278 1543 1586 1502 1501 1489
399 429 437 1594 1603 1644 1547 12 476 1588 1635 1630 1633 1562 45 29 433 414 1622 391
383 1636 190 175 1559 21 1666 62 379 349 1638 1609 1647 360 581 1618 1551 1641 582 555
49 1613 80 547 23 527 83 1714 414 67 22 34 180 366 374 1720 446 428 1628 5
679 714 694 691 747 668 742 706 661 696 673 669 718 665 750 740 749 689 746 700
57 159 151 1613 80 1718 539 1624 1745 46 540 38 37 85 183 1609 169 523 345 158
1020 1036 1050 1045 1006 1066 1003 984 1061 982 1038 1037 979 1022 1052 1025 1075 972 996 978
154 542 158 1642 509 1665 1715 1712 1737 1741 1619 147 358 155 84 53 1696 42 52 345
182 1728 336 134 526 259 1719 83 1624 338 273 45 167 29 359 1699 397 1638 368 176
382 1647 405 411 361 64 1606 556 1609 591 380 1616 29 1677 400 24 1633 384 1630 600
1604 1626 538 62 59 348 1650 453 33 489 71 340 262 415 73 518 1639 184 382 296
347 1607 434 302 493 184 378 415 20 16 456 290 51 75 26 547 428 411 1532 392
521 1634 1628 180 1704 1583 386 352 1640 1718 59 404 378 1585 1636 401 1694 1732 1737 169
498 1609 1629 53 432 54 378 1597 544 394 431 12 379 29 1616 387 5 39 400 369
59 551 1681 167 54 183 1628 1666 70 65 1740 561 550 74 1605 1716 554 48 85 1712
293 320 1583 1590 1539 294 1528 1574 264 345 338 1534 336 357 1572 1578 303 1522 355 1514
957 981 967 943 1024 929 997 958 990 936 949 1006 1011 1483 998 968 931 921 948 964
397 1578 284 283 269 314 1579 320 340 39 394 272 1564 1599 404 14 293 51 273 1616
1711 1745 85 186 508 47 559 134 1728 180 39 42 56 1701 1737 86 561 171 146 525
85 151 555 95 150 359 521 1704 76 1741 527 1745 539 1733 1726 1721 526 542 47 134
1378 1388 1376 1375 1390 1354 1400 1411 1413 1423 1349 1339 1335 1327 1348 1427 1420 1373 1426 1397
1370 1400 1356 1355 1411 1428 1424 1326 1426 1430 1358 1409 1359 1377 1439 1374 1337 1368 1442 1346
843 859 861 879 823 802 887 866 818 862 842 894 824 795 814 845 788 816 825 811
947 980 962 1007 1018 1141 1011 958 1010 1481 918 966 950 1015 1000 1142 973 1013 957 909
409 417 1588 1533 419 1626 378 1628 33 1576 421 420 1635 1632 1625 31 427 387 392 426
1489 1508 323 1530 1475 282 1516 1464 1484 290 989 1524 1494 1458 313 996 1477 302 318 1462
1641 1669 518 1662 601 1652 589 1634 1616 514 1651 381 413 525 536 1653 556 379 522 355
853 873 866 825 904 899 893 867 845 856 868 861 906 869 852 915 839 860 842 828
57 516 144 170 550 86 1599 36 37 134 1712 1651 34 177 1656 359 1736 1639 1698 178
763 779 766 745 829 774 780 732 759 747 767 794 843 786 731 742 828 741 738 823
392 1611 520 66 402 534 419 1595 1582 1648 43 451 447 1547 1622 1601 538 185 524 553
351 1599 432 171 338 443 1545 289 388 513 355 255 264 288 356 1529 164 415 490 510
76 141 1704 1706 46 140 154 528 550 1620 541 38 167 1630 87 143 59 509 164 122
21 1606 495 1625 403 355 32 290 61 256 366 224 206 209 548 545 372 296 451 47
974 1000 1018 972 961 1003 949 1035 953 1006 952 1009 997 983 947 1010 1020 957 976 1002
1697 1738 171 574 520 524 77 544 48 1712 86 1736 155 1694 1656 41 1735 507 1655 31
373 1608 1628 1647 395 191 399 45 409 1565 1534 11 1544 182 361 376 389 1615 1594 333
559 1657 1691 1652 582 1742 572 1695 1674 1665 1642 1692 1670 1641 1653 526 542 1667 166 1647
1133 1162 1137 1072 1099 1164 1165 1153 1161 1152 1124 1092 1083 1074 1118 1134 1155 1169 1197 1140
38 43 1604 75 1734 408 64 1742 1745 544 33 511 192 1613 516 1728 81 190 401 1611
726 753 675 788 724 727 674 772 704 688 710 719 700 676 691 666 673 685 756 790
49 86 1625 72 509 1729 1722 548 165 134 1726 103 133 544 20 30 90 32 186 183
1059 1091 1090 1123 1116 1126 1076 1125 1085 1043 1158 1097 1114 1162 1106 1030 1081 1054 1129 1164
358 1566 1548 394 255 34 259 275 78 32 1615 179 386 1614 404 359 1617 79 1530 252
257 1587 26 362 283 360 288 504 202 320 1595 1560 278 308 1559 275 29 301 317 340
72 509 185 486 163 155 514 156 1645 57 1604 1625 165 78 61 1700 521 66 1583 515
265 303 236 310 322 1502 1538 1531 239 6 261 189 1580 290 1546 29 299 1522 8 1512
229 261 1593 204 227 210 1551 196 315 287 303 1594 194 1537 187 209 1578 14 224 1588
309 315 356 1536 265 335 1606 322 1498 1553 1519 1530 317 1593 295 328 1501 249 1604 349
250 1555 334 231 297 189 286 20 323 248 383 302 347 218 1574 367 273 225 204 259
1707 1747 1713 48 558 69 133 1702 552 53 44 1738 567 66 158 566 1732 147 144 1700
225 265 1540 274 256 28 191 1558 1550 185 189 184 1581 1555 9 1583 1537 316 1575 22
197 219 33 37 0 275 41 4 274 291 209 207 20 35 208 16 287 233 174 281
877 896 863 881 876 905 884 883 851 860 844 899 930 926 862 866 929 922 932 920
912 944 880 1138 931 906 935 953 878 940 958 956 1139 882 946 1145 916 933 893 884
1356 1368 1323 1373 1371 1405 1366 1378 1354 1355 1330 1388 1365 1345 1381 1324 1369 1344 1318 1364
