635 1330 1350 626 1236 686 750 1234 1343 451 697 1215 656 572 575 442 764 21 1492 646
550 1209 1189 762 1184 90 46 1183 760 749 440 71 1217 416 1497 457 389 132 407 1226
752 1485 589 76 428 580 722 377 1317 1188 597 1211 385 755 443 85 445 742 359 1499
229 258 230 915 266 895 897 246 253 279 224 222 268 270 225 218 898 893 911 916
388 434 384 730 552 833 152 763 848 742 551 146 740 437 817 1482 1220 379 1492 390
73 428 765 427 438 760 1215 92 1211 75 125 1229 1478 1409 103 86 1469 1420 44 98
784 1470 763 788 437 1456 778 364 793 1463 74 1165 775 371 361 61 103 749 64 151
1298 1503 30 1236 575 1266 1493 1232 1231 1251 598 1510 27 1513 613 55 2 25 1516 593
433 1225 1305 452 588 59 595 1221 1295 112 1332 1235 73 411 1311 1212 81 403 1316 774
1013 1071 995 1064 1066 991 1101 1102 987 997 1028 1104 1106 1074 1029 1122 1045 992 1068 1091
459 1331 1217 601 1324 450 700 1472 1350 429 18 1346 762 1341 460 1485 717 1352 1400 448
389 1185 1414 1202 757 127 824 1213 123 1214 756 786 767 1206 1208 124 102 763 796 847
804 1181 1458 1192 1210 398 70 1180 336 78 385 767 1165 433 417 76 381 370 137 802
35 592 730 60 1230 1477 69 68 1330 603 1240 1321 622 11 598 596 64 54 1220 612
1245 1322 40 713 1231 9 560 1301 1260 1498 38 1294 1251 1266 1308 544 705 547 719 1509
472 538 1397 697 536 500 517 650 471 1442 532 453 533 1447 1420 1415 699 1371 1459 1338
736 1221 1236 1491 600 1299 625 606 370 629 1233 425 544 1501 69 1326 10 62 558 546
998 1071 1029 981 1020 1079 993 1056 1086 1023 1065 1047 1093 1005 1066 1051 1058 1054 1000 1107
1486 1494 17 1247 746 450 587 1500 635 594 1223 1217 630 736 1197 636 734 15 733 769
52 1293 581 40 583 1329 1278 25 601 54 68 34 570 1318 1270 576 1279 604 37 1244
396 1474 67 848 1464 1413 1489 1163 55 764 400 437 1219 746 381 85 59 88 46 1217
372 746 1331 347 359 734 341 421 1209 375 762 415 1203 423 1476 749 1489 339 383 1185
56 1301 1298 1322 0 1499 1330 55 45 1259 1316 1240 1468 1309 561 558 1296 17 728 51
562 1299 582 1205 23 1292 5 31 560 448 1503 548 722 623 1477 1230 1282 433 1243 19
113 1165 88 1190 1199 87 329 389 1210 1213 167 344 763 1179 1474 1154 89 157 1462 1214
365 400 1206 124 356 403 789 336 115 742 1464 129 775 856 803 348 409 809 100 1459
757 1198 61 1232 1199 1487 1329 1225 360 442 758 89 751 392 1186 353 1339 1196 1332 774
1244 1486 1488 546 1495 1508 1240 595 605 425 1505 557 1214 451 774 727 1255 443 82 576
293 870 177 282 278 970 214 976 975 194 215 299 304 187 868 205 179 202 860 974
405 1214 832 829 781 616 572 1195 784 731 1198 1481 750 743 96 76 87 32 1462 821
662 1341 518 725 659 556 1367 462 1332 551 645 1345 1351 510 683 724 697 453 446 633
278 288 305 245 304 964 219 965 972 189 267 246 966 240 241 223 968 226 224 287
560 1226 1320 442 589 1205 20 56 1256 1259 435 581 434 1213 1299 613 1303 60 1327 1477
638 1347 634 1329 689 706 518 514 1360 525 1363 682 644 704 684 688 521 543 637 696
975 993 1012 1008 1015 982 299 284 999 1061 282 1069 312 971 1096 1081 311 1087 1073 1060
376 404 1166 1193 323 393 1181 402 769 419 1458 1210 1476 743 821 796 1420 803 110 852
435 1416 764 782 61 417 401 390 134 414 62 1232 813 560 1222 74 374 77 448 480
561 622 573 619 621 630 11 436 1305 633 1335 1230 720 1221 605 725 25 1256 716 9
328 825 779 113 159 1182 1064 852 174 116 330 143 358 163 777 132 385 340 138 404
105 767 331 405 164 763 361 89 1456 332 804 81 168 113 1408 330 1459 1188 349 403
128 830 831 149 137 1159 330 133 803 855 108 93 82 815 1413 129 836 816 347 422
168 314 1062 1063 870 305 827 330 1165 302 122 869 847 101 295 187 321 109 146 183
274 295 305 311 193 252 984 227 215 251 189 872 970 243 226 286 296 971 875 283
27 59 1321 625 82 78 1309 16 1257 620 1301 86 34 1335 14 1332 1204 29 1239 731
215 910 222 301 250 206 200 204 260 916 874 233 208 887 877 255 265 883 882 295
490 1381 1454 1335 1425 1391 538 1442 1450 524 1432 1423 461 1361 512 1430 1452 478 1374 1387
563 591 1260 734 1329 40 1294 1209 1297 732 728 1223 1298 1511 28 1248 54 1310 578 31
288 304 320 297 213 277 185 988 872 967 204 866 981 322 311 966 313 970 976 965
623 1251 1238 1338 557 31 32 556 624 44 1494 1499 1324 35 569 567 1489 3 1490 621
729 1333 1244 572 1342 1489 748 764 1319 1321 1301 1345 1474 652 1317 432 461 739 438 615
61 437 119 749 392 433 775 457 1473 1211 1336 552 1223 1484 45 400 768 756 435 1248
794 1462 138 1438 128 147 776 842 451 405 1419 1441 760 1206 1450 154 808 332 121 748
422 1475 1204 30 1420 456 1404 1171 558 1418 383 1197 141 741 393 1410 77 557 781 27
1225 1490 55 16 1253 1506 1245 721 45 1481 1207 1476 589 7 66 742 1250 716 1475 0
660 689 632 630 710 676 1331 1358 641 662 626 671 664 1361 673 682 647 1369 1360 1340
468 1398 1334 539 1391 511 499 1400 1445 491 500 1402 496 452 541 1356 1443 1382 1350 469
66 1193 1468 810 376 1194 86 1416 1227 447 440 811 61 800 41 1204 121 450 126 417
218 245 921 225 300 906 923 197 905 219 294 242 240 256 267 204 884 239 257 272
319 843 777 792 375 405 305 397 414 303 344 1110 350 306 161 152 323 390 797 864
454 1429 1340 419 487 427 1477 479 734 1415 1210 535 811 442 414 1436 1196 1433 1337 1470
327 847 331 806 867 1058 410 385 834 366 1057 127 1060 795 836 358 349 406 394 823
993 1078 1067 1029 1039 1007 986 1077 1003 1051 1057 1081 315 1037 1020 994 1104 1110 981 1032
638 662 644 634 1330 624 1335 1366 702 1352 649 648 715 632 650 1348 539 651 1367 1341
745 1220 381 615 577 1474 23 1207 551 64 13 1312 617 61 3 11 1482 772 601 21
784 849 367 166 838 864 91 164 1208 828 126 812 121 323 1415 853 775 113 321 421
29 1505 547 1217 1502 44 1508 606 16 1231 1321 19 600 721 1300 573 10 584 593 568
395 1477 789 413 402 1173 404 612 386 790 741 759 725 562 453 1174 1326 87 1470 362
513 1342 516 664 1427 646 721 533 663 1361 1338 1430 454 704 1335 666 670 650 1369 657
23 1481 595 1478 544 1487 1471 71 22 565 85 6 1477 0 1323 624 1472 1256 747 83
461 546 1211 1398 1408 1329 1410 529 1396 542 543 707 1413 1350 486 1399 555 1466 624 502
403 420 409 1187 364 373 113 1202 1480 846 1194 1410 404 783 436 1404 769 342 822 119
461 550 1238 721 712 1230 1321 1458 1350 1214 1478 513 1427 425 1315 1496 1421 1463 1322 1345
608 618 30 1505 1258 727 551 1331 25 591 1217 1215 732 1484 1203 1295 1503 1262 613 575
202 910 891 299 924 892 228 1542 929 918 871 1538 185 213 219 1532 230 928 293 908
591 1507 1223 1483 561 599 1308 1226 18 5 614 582 1247 1230 1497 1511 1501 1305 1233 564
268 279 969 237 298 226 275 964 239 225 276 250 220 223 970 287 280 263 278 253
65 1237 553 1260 1184 740 1316 1314 736 40 1242 737 1206 38 1227 0 1229 558 448 1207
539 651 650 488 673 550 485 663 535 531 637 454 695 1333 499 690 666 529 699 1364
1216 1229 1201 555 762 571 562 1323 1329 753 33 617 711 761 450 1322 449 1218 778 754
229 276 233 906 908 265 242 239 912 897 909 214 896 918 250 891 286 259 271 241
438 764 563 1419 389 130 346 57 70 1420 400 443 370 1326 1236 409 1239 335 783 1493
994 1014 1027 1069 1096 1112 1066 1047 1020 1104 1113 983 1084 993 1010 1030 1092 1071 1061 1110
66 1212 620 414 619 397 1473 108 1229 111 456 1317 116 733 1235 720 425 597 440 606
593 1260 1227 610 1228 1327 561 562 1491 1492 1510 52 567 1284 4 1254 1485 1509 565 606
444 455 1480 1231 468 746 1230 1232 448 1494 425 1413 1223 1211 1203 464 1338 1451 722 751
737 1489 1482 1223 1310 1303 763 591 377 18 1201 431 435 63 17 1504 1244 757 580 578
480 1358 1408 1369 669 678 487 1335 1438 545 1382 1366 686 1373 1372 1430 1378 673 1443 458
359 856 399 187 871 141 371 755 390 867 766 346 420 754 152 339 793 821 843 419
688 1337 455 730 632 445 623 718 700 754 675 1363 1371 762 655 736 753 650 508 654
1331 1490 744 58 1209 655 704 596 1308 729 612 46 1239 447 7 608 1337 454 1318 545
1003 1042 1012 1102 1016 1007 1077 1095 1013 1070 994 1063 1111 322 1110 1126 1036 1033 1106 1086
442 765 436 778 570 1190 450 145 345 356 134 445 1337 103 437 367 392 568 353 547
820 845 1162 389 782 778 1157 136 396 394 805 855 129 111 335 356 1410 161 96 863
412 784 1172 321 1205 1473 803 1421 327 839 151 119 1179 369 417 346 436 1197 429 388
156 862 113 174 193 318 781 152 1175 866 105 394 878 824 328 846 306 337 826 401
621 726 425 427 448 715 1203 1236 559 1482 19 1333 552 569 429 725 1218 611 8 730
780 1193 39 800 1426 377 62 798 423 815 1479 1175 446 1209 143 1412 1462 811 411 41
416 431 376 116 565 1484 129 1426 397 424 1167 1431 797 134 1178 136 343 368 345 84
58 1254 1182 1250 1499 590 621 734 729 75 1504 11 57 17 1471 1188 18 85 1295 599
1344 1363 1400 710 1431 505 708 692 719 662 552 1437 1362 1385 470 551 680 455 660 549
275 294 874 236 876 266 313 233 181 229 975 292 268 293 238 263 204 192 177 970
1339 1420 131 657 685 728 627 780 670 548 496 637 463 507 757 743 796 527 784 1426
829 1170 368 144 1161 171 786 380 1159 828 110 160 839 402 326 814 90 104 413 355
395 1459 782 411 773 1447 1413 140 158 114 389 116 421 757 1202 123 430 107 381 812
43 550 33 5 60 13 1193 744 22 459 19 1337 37 1341 587 1200 572 61 585 551
810 1461 1416 467 409 118 1448 145 1163 1422 449 422 830 1463 1451 1423 1160 1403 75 837
902 1524 1520 211 1530 1532 889 927 907 223 206 908 221 1526 891 1525 914 224 925 910
98 839 1209 413 1417 167 829 825 788 151 110 1201 852 125 790 777 1426 1461 857 1469
453 710 1434 1224 1333 628 1468 1198 629 752 635 626 1231 663 638 651 1474 457 551 1339
120 774 1484 775 127 1193 95 139 1171 425 1416 395 96 1177 1221 424 338 1485 132 1205
785 1171 416 844 783 359 1416 769 851 846 1463 118 112 391 164 159 121 413 1178 422
326 820 1158 160 137 1418 312 832 129 168 322 1161 142 803 1183 361 407 1157 113 351
930 1538 904 909 1518 893 1528 1523 940 1532 222 1520 902 934 896 935 1519 905 921 927
988 1087 1037 1045 1062 972 1035 991 1112 993 1104 1009 1106 1044 1113 1010 311 975 1056 985
446 1339 529 447 644 1490 1206 719 723 1478 463 672 683 747 432 714 767 653 501 1493
8 1506 587 1253 1510 1218 23 552 1300 12 1493 1225 562 1521 609 1223 621 17 565 1511
698 1343 1353 646 679 1360 501 662 651 631 1333 546 1366 647 1375 458 638 659 1432 453
536 1334 1346 1354 1479 671 696 475 1359 1358 614 1220 1327 464 35 653 636 425 524 681
1238 1314 1306 9 1236 26 719 57 1325 560 1312 728 711 441 1487 1485 1221 1239 1295 1502
296 869 850 184 283 187 974 192 309 215 866 198 880 848 878 222 849 857 316 860
387 746 767 1228 363 1226 550 790 1467 442 436 826 379 144 1338 1327 348 1474 1458 1318
715 1498 1249 1228 1207 754 1481 1323 1339 29 625 629 552 649 721 755 445 1326 1298 1345
679 1338 1342 685 1326 551 524 1335 675 445 742 1212 499 638 669 521 555 527 510 666
1227 1477 66 1219 1296 403 746 1486 103 728 108 745 1245 90 1197 124 1488 397 1251 622
1193 1465 1187 1443 1200 761 123 1192 90 105 743 153 1469 85 771 1204 1485 122 812 154
785 1193 829 1208 84 328 813 1471 389 1216 1419 441 66 123 779 837 161 81 834 116
10 566 561 1331 576 1243 1227 598 610 591 570 1232 15 1242 1206 1498 1486 571 47 1213
447 756 442 384 752 1334 1463 735 417 1476 1461 1201 415 410 1193 1222 372 1319 1233 758
189 207 855 165 297 215 184 186 171 885 212 214 314 308 905 166 870 201 309 223
109 148 351 1468 835 126 85 768 798 1210 332 833 181 1408 134 338 1466 404 71 392
144 1167 784 389 1152 1175 785 123 795 118 819 777 148 128 116 396 149 1168 1196 853
222 239 926 250 913 905 230 294 276 241 261 278 213 265 267 249 215 269 217 927
562 613 52 1337 603 1508 1251 17 1213 1250 1507 556 723 1310 725 1294 46 1297 1220 432
402 855 397 1211 858 130 870 384 416 1199 842 439 1478 867 758 153 428 852 844 361
558 1206 1178 3 89 542 388 1463 139 763 1321 1224 437 1231 788 736 441 85 390 141
1394 1455 100 514 808 506 532 512 453 1387 1391 518 1396 1426 533 481 498 497 1450 769
212 217 890 202 908 205 872 882 262 905 233 230 266 187 906 228 902 873 290 911
79 769 789 1411 397 380 838 99 346 45 152 737 759 446 1213 1462 1412 1188 370 338
69 1474 1489 397 1481 433 134 82 56 380 757 79 1467 739 562 1424 52 728 1490 418
133 829 1181 803 354 129 846 365 170 343 1196 841 1191 105 122 1176 171 1462 378 408
776 1458 330 1213 348 384 1201 148 1429 346 1417 1485 1177 1416 810 403 450 773 772 401
6 591 1246 576 1514 1229 555 590 1332 1491 621 569 44 1329 562 8 11 1228 43 1259
743 1492 761 1198 1201 1199 424 1494 1467 1332 738 627 1245 1493 632 547 1336 448 1209 770
593 611 1297 588 1511 1218 559 10 38 1477 1479 1260 4 563 578 0 1217 1505 601 573
549 1314 452 1255 1505 30 1222 1258 563 559 1489 459 1224 1207 1225 1319 712 1482 1228 35
129 427 327 731 796 1472 163 1411 550 1188 450 844 400 152 1331 1179 1459 756 850 348
795 1469 459 1463 80 814 344 846 742 154 450 91 369 47 1158 133 1434 1161 773 159
445 558 1317 742 1243 750 1205 1502 761 1343 439 428 1485 756 760 738 1333 545 459 616
229 908 930 1545 237 1538 1536 1540 931 210 1531 225 274 882 221 933 1516 231 203 926
391 841 1169 1416 89 315 160 769 163 1173 800 372 370 105 386 421 431 329 389 312
