76 703 773 673 704 807 61 44 844 9 717 67 33 46 42 20 792 741 18 696
69 630 18 713 607 35 697 12 28 86 609 668 650 92 766 830 644 839 85 81
116 715 753 725 132 763 114 93 152 768 743 102 112 142 141 59 764 37 65 145
951 970 979 988 996 937 962 934 933 918 952 943 998 948 969 997 922 919 940 957
186 197 1127 1022 1070 1219 1076 1002 1010 1143 1046 188 1051 164 1024 1211 1094 1134 1049 240
952 979 995 982 943 997 964 921 990 1004 961 989 950 963 956 919 991 1005 932 975
156 1070 1048 1077 168 181 1062 222 1043 137 179 1084 1099 1051 132 1088 143 131 209 1102
70 686 830 725 89 815 693 83 776 71 634 652 768 670 12 790 700 641 61 31
1246 1291 1259 1257 1312 1288 1294 1231 1237 1275 1285 1209 1229 1316 1227 1274 1295 1249 1245 1240
466 523 513 463 453 504 552 542 510 456 447 459 512 464 500 475 541 544 527 482
268 1130 1216 266 1187 176 277 1151 226 1139 257 1303 1210 1207 307 1309 192 1306 248 256
769 846 807 821 775 763 848 822 877 99 866 76 132 97 129 130 722 792 100 757
52 683 18 800 12 66 667 788 31 713 720 11 717 42 656 80 36 47 37 691
1131 1158 314 212 253 258 188 1310 1147 224 1197 1111 1120 1196 245 319 1132 290 281 193
1029 1050 189 177 210 204 167 1074 1037 1087 1076 178 1071 1098 1042 157 1081 192 1020 1025
772 832 736 816 96 104 781 835 876 884 782 862 118 830 866 107 734 753 723 840
1068 1089 1080 1039 186 1049 160 216 1099 1077 1096 189 151 1084 1098 155 1065 1072 208 153
20 706 107 7 695 98 721 651 18 697 732 63 62 751 69 700 59 753 764 32
938 946 1001 1000 924 918 905 957 933 916 947 958 928 965 945 909 996 956 1006 967
569 573 580 559 557 560 571 564 575 568 555 572 584 579 563 583 566 558 570 578
145 1087 1049 153 221 130 1117 1092 215 1073 1099 201 222 165 1119 164 154 114 131 146
72 645 83 678 640 685 835 64 700 17 697 642 786 621 727 804 623 776 766 824
241 1153 291 1042 215 234 251 1309 1297 1201 202 1220 1146 1123 301 220 217 1211 223 1197
108 131 707 775 141 154 713 716 799 106 164 743 156 749 737 694 128 774 117 741
1201 1306 252 1169 1277 1136 248 1184 276 1260 268 243 270 1316 1235 253 246 265 241 240
712 719 741 759 701 131 114 801 771 732 53 71 761 795 113 125 743 735 117 769
745 812 849 814 732 701 66 124 702 115 68 80 778 783 695 798 763 769 802 795
222 1309 1232 201 193 239 1225 1033 1154 1072 1288 1176 1076 262 1308 1109 1306 236 1214 1027
107 704 15 103 9 742 101 137 88 740 126 771 109 721 739 683 755 90 119 38
811 850 775 801 858 68 803 807 857 899 782 870 851 95 67 791 804 93 59 860
214 1057 254 1209 1070 1198 1190 250 1068 1072 181 1058 153 1202 1102 246 1042 1050 1005 161
878 907 820 917 918 810 877 843 789 893 806 776 853 927 794 879 926 886 839 913
127 747 811 706 82 713 734 777 139 71 708 94 755 701 66 107 779 844 715 148
210 1048 1207 1095 1183 1211 1067 1093 1160 1049 1155 1217 1002 1186 178 1134 1018 212 1009 1143
802 857 63 736 731 798 773 870 837 827 87 831 793 810 101 883 854 808 91 885
732 780 879 57 700 792 68 873 62 756 129 140 888 863 727 841 78 857 100 714
264 1188 291 1191 289 1300 1316 1138 274 1160 1295 1170 210 1187 1167 231 1137 213 230 218
121 151 745 85 1088 1081 95 1096 100 179 174 186 84 1113 1056 765 709 148 1112 746
4 64 88 826 14 711 801 32 712 790 51 760 718 731 58 10 0 657 738 35
814 861 841 815 901 877 860 864 65 765 86 775 858 773 883 68 836 903 820 904
1262 1278 1252 1286 1299 1306 1271 1280 1260 1279 1259 1295 1287 1273 1266 1313 1288 1274 1285 1309
327 348 366 304 305 337 342 355 364 362 302 353 350 372 356 310 343 306 331 316
809 851 899 866 836 807 67 739 886 77 99 57 876 895 98 759 737 104 749 89
660 683 71 621 628 59 703 40 82 2 641 627 20 671 44 665 58 672 686 679
1143 1174 279 233 235 226 221 300 277 289 1136 1162 297 1208 308 209 271 1175 1141 315
1072 1108 155 207 1050 219 149 1095 146 1091 168 227 1062 223 1074 1131 162 145 1052 156
763 835 857 113 766 802 121 71 874 90 844 801 89 877 81 88 737 119 77 714
775 885 917 119 759 899 731 798 715 97 117 771 838 62 741 897 857 903 68 114
950 1000 1007 190 988 971 943 1027 1012 933 983 196 194 1011 999 1019 192 1008 1013 926
440 494 503 536 554 539 484 420 461 451 450 425 485 436 505 431 547 513 465 481
1262 1301 1222 1203 1274 1251 1183 1258 1209 1228 1197 261 1280 245 1304 1281 1316 264 1277 1210
273 1167 1134 1138 1135 234 289 1166 1142 1184 253 1162 209 299 1195 286 1190 1189 220 1311
479 523 507 547 485 443 498 455 535 471 542 524 441 541 439 449 450 463 513 555
225 1221 221 1062 1072 205 212 1026 1298 1313 1102 1020 197 1156 1205 258 1005 1175 251 1028
235 1119 242 220 193 245 1106 1138 1137 1220 1117 1209 172 1306 217 1073 248 191 260 243
309 316 269 336 331 270 273 265 1180 329 282 1172 1154 1165 304 276 292 321 328 319
1062 1089 1058 1091 1104 1051 1076 1078 188 1102 1099 1074 1100 189 151 211 1113 217 222 148
101 758 756 768 826 74 770 87 752 781 84 83 59 842 776 751 848 791 67 823
881 892 919 841 778 909 826 104 838 917 853 796 897 819 797 861 928 916 899 770
1054 1089 200 219 1094 142 203 154 179 1050 1107 1020 1091 1021 217 196 232 1087 178 1023
945 964 914 949 965 917 948 946 967 1000 982 1007 941 943 975 998 971 926 993 972
101 136 1088 739 763 772 680 848 106 107 752 810 709 126 698 109 158 873 721 748
243 1174 1203 1010 1198 1166 1210 1128 264 231 276 1148 1296 318 1150 212 1127 1033 1206 1298
220 1095 194 1150 1181 1315 1120 1171 182 1168 1175 1229 1019 1205 1100 251 206 142 1176 216
291 1151 1141 229 1169 255 298 1159 1181 273 254 1194 302 1196 1163 323 322 1200 279 234
81 836 83 858 814 739 787 676 790 632 838 774 703 681 808 670 109 638 807 801
309 1162 295 326 1133 299 221 228 302 307 270 332 222 290 241 316 1310 1313 1192 215
260 1129 1208 1150 1104 238 274 1201 264 1122 195 285 1106 1149 1108 1151 243 1211 273 184
219 1176 1065 1062 197 210 1049 217 299 1097 1303 188 1143 298 1210 1108 235 309 185 297
239 1031 998 217 184 247 202 1150 1190 1004 278 172 199 1297 261 187 178 1051 256 1008
441 490 470 520 522 496 549 457 427 455 546 469 471 481 539 450 538 514 524 552
226 1194 1155 201 1297 1178 264 1177 1147 1229 284 216 258 1035 268 1157 182 288 215 1182
231 1308 1298 228 1225 1008 1206 269 1195 1281 206 1169 1144 1265 209 270 1111 1199 237 258
239 1021 173 1038 1127 1126 279 188 1129 220 1124 226 995 1037 1301 1193 1034 201 1053 236
1144 1157 228 1193 196 1191 204 1131 1128 1175 1206 1196 1204 215 300 261 1164 1176 1158 1143
654 673 68 94 73 98 91 37 692 80 4 14 680 55 12 38 627 638 93 60
25 709 743 27 85 4 745 711 764 715 642 756 676 651 87 674 648 740 118 112
683 708 769 686 91 673 741 700 711 743 81 697 57 713 42 698 87 639 82 26
101 790 117 776 824 82 708 138 724 774 877 783 864 757 650 123 738 814 869 121
1045 1067 1099 210 1070 217 1013 1042 145 1021 192 158 226 1084 1098 1004 229 198 171 231
776 852 107 806 736 72 114 814 867 894 781 842 111 712 86 73 886 94 794 750
903 923 919 928 911 896 933 873 965 934 926 864 944 862 954 869 884 930 870 888
1001 1009 207 950 958 219 987 1017 234 959 947 997 952 1042 945 195 993 963 961 991
1252 1272 1270 1255 1267 1274 1306 1276 1263 1282 1250 1299 1290 1301 1304 1269 1295 1241 1259 1297
1095 1113 1075 1073 233 150 1090 229 186 155 206 1112 156 197 181 136 1129 224 194 1047
212 1176 1091 1023 1017 1224 264 1179 1071 174 1018 1204 1308 1314 1002 190 1187 251 1060 279
107 795 855 784 742 102 717 879 875 117 738 853 705 846 736 96 129 847 881 114
783 822 873 723 756 85 105 844 797 710 790 874 880 77 784 827 802 726 840 821
51 83 848 68 110 60 787 792 750 783 32 851 16 852 30 76 820 694 673 65
167 1105 132 224 1116 218 135 1044 144 165 158 1052 1067 189 219 223 212 1046 169 207
299 323 338 300 1150 314 1166 1171 1158 301 330 1181 322 1165 265 275 348 292 282 290
774 791 118 102 114 84 69 879 78 734 63 828 105 756 853 857 881 53 782 724
1228 1249 1209 211 1310 1255 226 215 1207 1242 1247 1211 1290 1202 1204 202 1304 1278 1263 1305
802 840 728 824 871 828 892 825 733 103 54 97 876 788 87 883 875 845 873 827
143 174 192 209 167 153 1046 1040 1020 127 1074 206 205 1129 1110 114 166 1059 1027 162
98 793 704 84 80 102 118 654 784 72 799 882 699 888 732 88 707 733 109 79
88 821 688 764 84 877 90 115 110 771 859 684 868 704 879 679 86 644 109 756
789 857 844 838 108 748 737 105 780 864 738 774 753 718 717 875 53 886 79 798
1057 1103 1058 210 1124 1125 1083 187 205 179 211 1061 207 149 1087 1119 167 174 228 1043
804 885 873 889 792 747 78 839 868 71 827 782 903 842 93 88 781 733 96 904
732 781 740 707 711 867 787 869 71 69 80 765 859 105 721 110 81 138 724 814
767 789 106 841 107 131 54 769 819 809 124 805 810 720 882 67 725 117 840 740
608 615 594 612 623 646 631 609 648 617 638 598 605 616 603 645 654 622 595 639
814 860 872 77 792 743 859 60 851 768 798 878 57 766 807 825 783 795 777 86
241 268 210 289 1150 1218 1168 1155 251 1203 1141 204 1012 309 1316 242 1138 1158 1163 297
168 1074 1057 1117 1070 227 213 1092 1116 1118 157 1102 153 1034 1109 1123 221 1098 182 142
116 142 771 104 153 1089 174 758 741 1093 118 726 1070 1085 99 759 163 770 103 723
102 872 853 708 140 731 772 851 813 741 732 789 824 804 76 857 790 135 90 86
102 792 836 741 71 59 720 753 879 819 876 849 867 103 725 786 713 743 804 104
636 673 657 91 83 61 676 639 648 30 678 36 50 35 671 49 658 59 85 80
197 1016 1145 995 239 1044 1124 1078 234 226 997 1057 246 210 1068 1104 188 227 216 240
169 189 191 149 1004 1109 192 147 1057 168 174 1098 1068 1125 1105 1139 1082 1104 1066 178
116 775 78 724 83 745 749 751 149 858 753 824 107 114 820 839 838 777 135 772
65 778 101 891 884 758 34 794 90 842 51 708 783 857 757 645 725 847 105 815
374 391 395 397 398 369 389 373 412 376 386 383 363 388 406 419 399 378 403 379
231 1122 168 1103 170 1118 195 1138 172 196 1140 1187 173 1026 1050 188 272 251 1308 1310
224 1069 225 1067 1226 154 215 1055 1186 1078 258 166 1315 1145 1171 1234 1049 220 259 235
69 78 19 638 90 645 66 679 97 819 741 658 829 753 725 45 796 732 807 54
1122 1137 1169 251 255 182 237 258 200 270 163 185 240 1150 198 179 208 1110 172 199
154 183 120 207 1128 1085 123 1028 152 1019 1064 1036 1133 1115 121 182 1105 157 1082 184
1056 1068 1080 1086 1035 183 144 150 1100 1044 174 1055 143 1066 1057 186 1039 1019 159 1102
625 654 672 55 653 15 648 642 29 28 603 33 82 693 23 683 619 671 37 32
202 1048 1095 1148 203 1096 1072 1032 1081 1076 233 1137 1028 1046 1042 1067 1027 219 225 1079
202 1029 235 1015 197 209 1127 184 1030 185 1027 218 1013 1008 1060 182 1074 177 1108 1142
770 832 805 112 102 869 852 105 876 750 809 792 67 114 859 752 825 722 79 837
446 486 502 431 434 548 468 518 449 484 546 459 465 510 515 538 475 447 426 501
1035 1060 179 1029 1086 203 998 1034 1051 1110 186 1015 1097 195 1019 230 198 148 188 240
446 494 448 520 488 524 465 489 464 530 536 483 485 424 450 480 430 431 516 523
304 1169 1310 1190 277 1155 291 268 296 315 1166 217 1186 273 245 1183 1177 236 1143 235
245 1160 288 299 272 1179 218 1124 1305 244 1120 1315 280 1122 287 1184 1146 1010 276 1145
263 278 224 1202 291 1142 287 1153 266 1186 248 262 1307 268 225 280 237 319 1306 1137
74 642 102 750 729 765 22 95 622 777 61 832 83 15 791 831 644 38 754 698
693 710 18 26 740 81 722 91 779 113 7 770 27 117 76 735 649 106 708 54
1001 1016 960 997 219 976 1020 243 972 194 236 234 1008 988 945 210 1032 942 963 178
251 1199 210 238 1305 1174 199 263 1150 1122 294 246 234 260 223 1124 1142 230 201 256
47 698 78 692 697 106 745 743 736 56 693 18 735 2 36 737 26 663 86 751
1132 1202 1175 180 176 1199 1171 210 265 186 199 255 1185 1138 1122 191 244 1172 1229 198
1084 1098 1103 1088 152 165 1071 1043 207 175 1075 1121 1120 1077 176 219 201 161 1059 217
935 958 990 988 995 966 908 985 945 951 991 965 910 993 984 901 923 907 931 937
100 878 918 894 124 851 896 771 817 833 804 123 642 819 76 700 793 799 686 747
1261 1278 1252 1307 1301 1265 1284 1251 1310 1282 1264 1286 1268 1280 1293 1303 1248 1262 1256 1300
797 851 64 719 761 883 758 804 724 739 73 773 832 62 850 67 818 731 857 844
1281 1316 257 1191 1205 1270 212 253 1158 1159 1193 245 254 1262 1293 222 234 271 251 1284
485 515 446 474 502 543 503 461 454 558 479 490 459 529 471 487 439 457 520 506
1258 1286 1297 1250 1284 1300 1264 1303 1278 1247 1306 1290 1279 1261 1248 1246 1265 1274 1294 1315
774 853 794 94 791 787 748 770 112 878 800 826 105 125 717 864 832 883 785 801
487 508 536 458 480 489 477 521 454 469 546 538 490 530 448 520 548 479 556 540
91 858 783 757 654 878 632 102 662 786 818 875 805 775 780 827 881 66 694 779
799 820 726 859 751 844 865 741 54 860 843 98 867 70 826 57 846 84 889 818
154 1110 1122 1131 135 1108 234 149 156 118 235 138 1103 191 1077 1133 163 228 192 1130
