1200 1219 1106 1332 1192 1170 1205 1171 1225 1144 1316 1237 1287 1305 1294 1105 1134 1300 1251 1165
318 331 1566 616 361 1635 337 605 1512 1622 341 1619 618 193 740 742 537 722 192 738
480 535 219 484 897 793 776 901 445 926 505 942 979 459 478 824 887 986 802 542
192 243 282 225 316 132 333 356 172 348 152 558 291 260 1580 107 1562 309 128 560
143 220 178 338 139 716 113 273 1659 553 195 578 1620 707 1593 265 1600 332 119 575
377 803 901 905 478 457 362 453 468 517 778 556 449 747 343 417 345 879 91 418
1502 1557 1604 1477 301 1526 218 185 1572 248 1714 105 1543 1458 1619 269 316 221 153 1462
549 559 864 98 404 298 225 771 386 826 551 415 427 221 711 701 406 565 845 476
105 540 185 383 320 533 176 98 542 428 468 392 0 545 859 541 561 867 505 140
375 895 921 119 362 812 404 564 519 101 396 341 754 759 134 94 912 96 499 929
393 846 559 384 382 558 865 357 397 822 517 403 364 352 419 557 768 810 895 101
196 1714 780 758 709 545 1657 1519 182 97 702 1507 254 613 558 364 156 1568 1534 191
555 695 853 587 390 187 101 795 331 858 582 706 710 805 185 727 891 720 415 685
277 295 1547 175 120 254 132 248 1542 281 1530 223 187 122 217 243 253 265 1539 257
360 703 717 553 762 689 215 723 100 752 545 539 891 685 138 191 787 769 559 890
378 911 885 487 961 473 339 922 351 489 528 828 490 574 484 957 344 444 858 460
172 302 1580 1524 1581 121 551 320 293 81 629 254 201 125 622 226 143 623 185 168
1504 1640 1725 1527 1661 1526 1701 1600 1557 1564 197 214 1506 1666 1668 1532 1664 112 1628 1483
141 243 81 253 230 1530 212 1531 182 201 138 299 240 1712 284 289 314 247 77 1537
892 904 950 546 944 940 523 933 495 914 850 460 418 922 945 489 392 539 526 402
231 1704 115 1707 149 568 692 154 133 547 553 333 286 130 1585 1544 1569 307 340 571
368 802 325 793 784 425 323 755 432 482 858 777 474 466 332 384 208 401 861 414
273 662 298 1541 311 239 659 307 300 245 668 268 228 286 312 267 186 690 656 680
418 556 549 842 410 237 405 235 897 521 546 222 858 194 774 760 229 751 500 427
505 831 884 524 507 531 396 365 803 874 892 545 469 551 479 758 918 770 419 412
818 866 352 510 858 781 801 881 896 773 395 862 852 367 369 370 874 860 871 833
456 536 473 373 390 873 442 100 224 575 207 105 815 517 853 138 437 529 393 480
630 708 613 539 568 556 235 575 737 234 700 593 332 357 626 297 540 770 639 686
1496 1505 1487 1556 1450 1620 211 198 1595 1561 1619 1564 1626 1470 1484 1521 1578 1557 200 1555
533 844 754 866 350 470 479 460 120 777 876 371 449 779 825 456 207 850 411 375
375 519 537 126 828 873 336 785 794 901 889 115 338 910 89 823 354 123 754 835
129 178 574 230 99 102 90 375 91 555 251 539 152 258 272 1519 105 234 87 1509
301 1558 130 175 128 165 1618 690 1484 255 1482 1643 1598 636 1492 683 118 137 679 1509
1307 1326 1236 1313 1292 1234 1346 1325 1228 1291 1204 1226 1337 1298 1244 1200 1324 1323 1209 1212
1467 1487 1523 1431 1524 1592 1422 97 1426 1505 1587 1427 1473 1474 1441 1459 1436 1517 1477 1472
191 350 229 83 152 717 92 217 626 102 700 355 376 366 242 1567 321 392 267 330
32 51 1118 15 27 91 68 88 1405 1397 1407 1410 34 1138 76 1125 10 53 29 1412
1459 1473 1481 1452 1423 1470 1474 1493 1426 100 106 1572 1482 1487 104 1499 1436 99 1454 1479
254 631 613 1721 692 1574 717 202 306 1545 654 1580 293 206 650 291 1561 645 709 179
313 1592 584 108 575 556 1509 225 346 342 783 290 1642 542 311 297 1513 702 636 1505
1622 1669 1573 1580 1616 1657 1644 1698 1510 1642 1595 1564 1493 1606 1505 1593 1587 1636 1623 1581
568 788 505 776 808 726 444 434 847 488 489 304 208 853 411 850 415 472 734 586
1501 1580 1455 250 1550 1453 116 1548 1588 212 1482 1721 324 1615 309 351 1485 1579 235 1454
63 87 76 161 33 100 85 10 444 443 110 112 137 1131 164 1416 15 364 3 116
916 960 979 948 991 454 510 472 522 957 892 462 1026 953 874 411 503 921 900 415
1529 1722 166 1695 1570 1605 1713 1579 1545 1712 1659 276 1664 1675 260 228 190 226 1523 230
563 722 214 100 408 734 121 118 331 783 585 382 188 365 93 725 574 568 328 196
270 676 292 271 644 290 636 624 664 630 287 634 267 1542 264 623 656 265 633 246
241 1532 1607 238 1603 1592 1581 248 207 1541 210 270 1599 1568 1520 1526 1512 1544 320 275
329 1618 699 1581 757 623 219 769 202 326 1616 223 328 302 198 1634 191 1502 609 1568
290 309 218 280 330 552 113 185 191 585 122 579 188 1579 208 315 297 145 251 1582
97 110 9 542 373 1505 86 151 166 185 1510 98 201 206 116 3 1499 369 0 435
89 116 33 200 1516 246 381 92 379 210 194 368 343 341 1413 1577 129 35 534 177
363 898 488 349 445 131 193 390 788 818 907 915 509 958 388 534 801 110 102 776
411 788 900 786 873 503 456 838 528 783 419 916 346 361 506 773 567 403 420 863
23 1375 87 1390 58 60 1369 1112 63 1132 86 1335 1377 1131 1147 1423 80 1368 1395 4
481 949 496 404 549 926 420 429 470 988 534 390 980 397 491 817 550 978 538 811
1558 1590 262 1542 1608 1486 182 248 1566 1709 1585 1635 1530 1511 256 271 260 1490 161 1578
902 930 982 906 494 932 434 516 918 873 879 875 397 497 439 534 468 375 533 471
1127 1166 58 1120 26 31 1165 1225 63 1206 27 1110 45 73 70 1134 1154 41 1205 1202
487 775 833 706 890 329 721 840 819 489 909 443 573 562 972 401 323 606 882 808
1541 1590 128 193 1609 129 1560 236 1556 232 1550 1494 1649 205 311 122 210 1549 244 324
435 516 537 429 464 915 934 827 901 921 554 531 918 894 475 371 929 443 383 895
1138 1222 1123 1242 1148 1213 1181 1327 1180 1301 13 1149 1218 1167 1285 1156 1178 1142 76 18
418 534 776 371 912 121 198 336 364 430 791 95 344 466 760 472 773 500 202 860
1680 1725 1691 200 1688 1537 1534 1630 238 1570 1708 1654 1560 1662 1697 129 1635 1692 232 1721
453 528 401 457 490 482 821 891 460 904 525 366 500 410 872 427 786 519 553 846
360 532 550 95 852 712 851 220 193 575 735 848 760 350 826 196 123 868 340 506
17 1128 1415 1116 1110 1376 1169 92 46 1412 44 16 1120 1160 31 1372 62 11 1134 1129
467 523 936 431 980 366 443 903 420 512 369 429 946 778 440 976 371 511 397 412
562 710 184 103 788 302 130 362 113 730 367 794 725 709 621 756 530 790 603 197
72 82 120 32 53 39 57 61 27 142 29 121 144 107 13 135 24 1413 146 1122
499 813 453 401 455 442 870 522 362 814 798 553 524 872 827 943 421 413 789 771
217 1618 543 1573 1706 1583 759 544 1703 1611 537 220 1649 331 774 362 1721 332 225 264
494 953 492 496 766 955 479 468 817 482 875 489 916 417 894 978 970 407 464 478
125 156 202 295 355 546 297 172 88 541 562 286 579 251 244 1520 369 359 1539 288
220 267 678 555 1656 576 235 690 322 574 141 738 1576 1555 108 689 1520 744 223 687
1520 1725 1588 1710 1579 1697 1713 1543 115 157 165 147 117 1701 1679 1719 198 211 151 125
789 834 347 378 440 421 826 878 505 801 584 863 482 843 436 568 547 374 377 740
501 924 942 981 811 502 808 925 475 904 814 948 499 532 829 868 772 921 816 469
1160 1177 1234 1155 1194 1149 1176 1136 1206 1238 1217 1228 1120 1184 1236 1131 1124 1222 1119 1147
220 349 248 188 557 143 750 380 768 329 1530 174 383 115 333 553 200 1519 147 618
550 740 233 187 719 728 889 811 548 815 622 116 893 99 406 575 702 201 483 784
108 532 1507 428 133 89 390 338 792 95 222 317 399 80 210 825 101 143 536 207
571 711 701 543 581 326 593 347 790 625 377 371 702 560 225 689 117 103 620 784
434 553 466 598 521 861 423 708 353 369 424 511 568 841 542 920 386 784 538 823
1208 1224 1284 1135 1316 1338 1234 1146 1189 1254 1285 1145 1158 1233 1147 1325 1306 1245 1198 1104
217 779 235 211 445 110 1526 615 1652 1588 348 593 849 342 472 135 1572 600 369 1661
267 1554 170 669 1602 248 634 1550 303 1525 217 631 1610 635 1540 261 1516 1505 197 313
129 1570 1595 363 573 1476 208 325 561 260 1535 201 1723 1722 210 1544 246 343 82 544
319 1603 321 237 784 1715 256 548 765 1518 365 191 253 1719 347 585 1645 593 116 127
230 631 1555 191 251 267 158 292 628 220 203 623 1566 1702 600 332 598 688 1714 558
322 1607 189 679 1557 762 588 1581 1511 1614 343 358 195 325 620 607 1506 757 600 347
462 942 421 881 809 504 849 817 850 822 893 828 981 382 901 491 915 916 788 451
290 305 308 152 232 348 681 231 263 560 314 250 196 637 201 310 143 663 116 139
888 922 468 936 480 972 845 541 522 377 392 447 847 870 448 478 839 370 405 853
501 885 428 875 418 922 814 397 807 823 896 516 527 398 946 406 921 453 353 846
103 568 546 609 744 386 384 777 114 604 318 363 1496 552 237 104 548 598 580 547
556 878 516 711 122 705 784 590 101 840 318 386 810 438 783 818 429 322 567 458
360 775 528 449 778 498 610 608 588 338 376 184 503 789 881 776 791 326 119 702
995 1030 983 1031 970 977 989 1063 1033 1087 1009 1045 1028 1085 968 988 1067 1013 1091 1041
593 622 700 739 352 354 633 227 317 356 779 335 597 337 760 636 339 728 310 234
109 376 532 852 520 1501 221 797 159 770 370 811 570 802 847 198 838 387 314 209
1570 1727 255 1550 1484 1680 1703 312 1717 1648 1497 208 1682 212 232 1572 1701 210 1506 243
105 346 528 76 92 747 583 1578 1502 443 185 567 732 531 740 695 121 374 1483 89
1439 1477 1438 1577 100 1510 1445 1417 1473 1567 1418 1578 1569 1571 1480 1502 1449 1470 1427 1463
344 382 201 444 817 421 215 479 871 216 529 561 567 564 789 763 843 806 428 726
224 694 1725 119 122 255 683 179 742 596 201 1704 1515 207 220 1711 620 1534 243 1708
767 796 360 520 745 477 451 714 333 339 361 372 593 605 725 724 209 351 841 790
448 812 791 545 427 789 360 490 546 421 839 817 798 834 534 807 778 474 790 479
539 789 558 708 526 523 372 458 362 365 98 734 488 712 843 126 419 849 516 438
487 907 884 855 387 388 916 523 982 454 870 420 829 808 404 881 449 421 423 952
1238 1282 1316 1239 1217 1219 1221 1259 1158 1193 1204 1327 1205 1283 1237 1274 1320 1322 1306 1243
535 816 834 125 886 206 373 529 791 384 93 508 192 200 212 822 746 740 132 324
546 747 522 877 347 553 433 743 577 191 449 330 823 117 412 452 586 346 528 775
376 528 392 936 500 479 762 129 908 419 371 451 202 540 398 578 776 518 877 782
1140 1225 1209 1147 1208 1170 1325 1251 1112 1162 1304 1164 33 34 30 1148 1160 1195 1210 1203
375 455 431 910 780 567 401 464 854 476 87 394 816 100 752 894 205 468 771 452
393 445 766 843 519 478 778 794 508 451 447 556 874 426 90 887 799 101 455 523
114 571 440 593 222 138 155 362 777 616 129 161 252 1568 1507 228 382 747 253 694
407 479 436 493 538 558 924 765 442 397 508 948 424 982 409 486 770 900 408 825
217 1534 610 168 743 341 163 263 614 713 299 694 607 548 281 763 367 1557 1554 326
199 1728 580 1712 229 612 158 719 324 106 119 1523 1531 326 146 358 1569 261 308 1550
1066 1097 1085 1083 1026 1095 1048 1067 1115 1099 1101 1089 1041 1072 1032 1044 1084 1098 1055 1027
193 266 636 337 241 1726 175 350 1602 1724 348 334 110 657 575 146 161 546 134 152
252 267 1568 303 1716 1552 289 127 1547 232 1715 163 243 664 690 1581 133 1571 217 1566
317 1709 555 1704 1653 580 760 327 220 602 559 315 772 706 581 630 767 770 1591 1685
247 310 242 1583 140 219 138 254 327 687 1606 297 1714 352 1562 177 216 136 235 1543
83 1393 1125 171 58 34 1388 141 183 1404 1399 1406 92 1128 158 1373 1384 166 1419 151
125 1523 1581 219 147 323 302 245 159 1546 369 356 312 1603 217 1577 126 230 557 385
482 803 969 450 858 527 368 959 521 810 927 778 908 442 805 439 855 918 486 761
356 891 732 852 407 782 903 510 898 385 533 337 464 406 591 874 522 778 219 774
16 1114 96 1205 1409 1113 95 1207 73 1157 1163 1116 4 1137 41 1118 1209 1393 1152 1420
545 831 215 582 376 560 432 715 881 748 495 391 409 396 794 187 440 104 126 114
709 774 693 365 309 382 440 786 626 743 724 594 814 220 598 222 771 798 409 611
208 690 766 325 1538 737 611 298 765 688 1506 1654 537 364 1581 780 1695 752 1614 587
686 715 289 597 593 342 557 721 275 356 720 207 585 674 298 754 264 256 726 717
294 685 581 706 187 176 671 210 272 623 611 585 324 312 264 594 306 593 178 647
452 829 407 846 866 450 443 529 366 394 470 854 893 426 428 474 880 812 784 778
1652 1684 1613 1654 1663 1707 1688 223 1687 1563 1581 1678 1630 1643 1623 1625 1645 1703 211 1628
47 1411 18 30 1418 1424 42 4 1385 1400 13 86 77 76 8 27 25 1392 65 1126
286 297 676 207 312 309 1532 222 265 621 257 686 218 682 262 320 299 329 627 206
20 89 35 183 1421 33 111 91 367 181 1142 186 1406 23 95 1403 107 126 105 103
393 902 440 523 920 517 767 453 815 766 496 386 410 779 420 479 436 895 506 897
365 441 405 422 201 428 807 880 841 889 133 122 516 220 515 883 830 424 815 759
1665 1688 1668 1669 1718 1638 1655 1691 1690 1683 1614 1583 1617 1609 1625 1667 1597 1724 1641 1598
485 810 854 872 425 406 942 502 917 391 951 957 428 953 400 871 411 863 866 913
388 910 958 415 905 458 430 939 472 495 769 534 520 556 513 435 801 526 933 107
414 911 888 924 945 457 477 939 836 860 889 964 791 786 770 404 408 516 871 545
1482 1503 1552 1442 201 1453 1580 100 1502 1528 1583 1601 198 1529 1575 1505 1631 208 1550 1567
