154 199 245 104 123 108 163 243 119 137 117 230 151 192 235 156 186 244 128 173
138 186 103 146 86 193 176 150 156 87 207 139 140 183 172 212 148 209 142 107
24 61 79 62 53 87 33 88 78 20 73 54 35 83 9 34 6 29 43 49
133 154 123 200 194 209 174 160 182 99 102 215 84 204 109 210 156 208 108 152
113 171 160 175 182 202 219 174 126 110 206 141 80 224 122 158 133 106 136 155
91 133 102 203 188 55 168 87 198 137 130 140 151 56 108 177 147 149 122 165
208 222 105 162 255 182 119 206 112 138 248 122 174 171 118 236 113 183 193 188
141 183 200 123 163 211 189 105 118 143 231 115 191 227 89 161 124 207 102 158
112 175 174 189 121 123 101 190 116 139 94 160 176 136 199 218 198 213 223 147
127 167 135 159 203 148 219 175 174 142 133 189 89 187 87 190 102 109 122 171
32 57 4 29 78 50 22 55 68 44 38 52 73 84 43 18 1 27 51 72
69 83 122 82 49 42 94 62 131 116 100 53 64 98 95 90 105 43 40 93
107 195 163 95 188 249 217 102 105 231 175 79 178 92 190 126 119 215 202 80
107 131 201 91 129 179 110 136 178 193 202 153 181 188 186 125 146 204 104 154
143 193 240 192 230 159 105 235 214 87 138 201 171 120 226 109 100 239 196 103
281 303 318 261 304 286 284 290 308 285 309 276 307 305 314 287 291 268 316 310
15 32 41 14 69 70 36 33 43 55 16 3 39 45 9 44 60 63 47 50
5 35 20 6 44 65 3 47 71 54 50 41 34 8 64 16 70 4 60 0
223 250 239 221 269 175 188 165 226 212 225 248 194 218 170 181 203 224 171 234
136 169 168 216 219 203 98 116 114 91 162 206 107 121 194 181 126 96 177 192
162 186 127 224 230 150 207 156 190 218 189 181 188 104 107 120 152 199 180 114
91 100 155 201 113 158 197 81 109 159 133 196 69 191 116 60 89 188 90 135
98 110 141 99 115 127 168 139 180 126 88 195 202 135 111 182 181 209 151 155
96 165 95 87 67 163 110 131 75 155 200 164 147 198 83 82 113 97 103 125
187 235 121 134 152 263 205 224 103 184 109 207 151 208 189 92 128 127 154 114
142 166 182 193 94 144 138 87 192 207 98 107 188 92 184 194 133 129 131 108
220 248 246 217 188 152 247 221 250 165 268 164 244 228 213 193 147 252 267 258
223 237 245 169 260 257 168 204 205 229 231 219 242 235 178 248 189 213 187 210
16 43 60 18 0 29 2 3 48 75 38 33 55 15 49 50 65 32 62 45
133 159 188 92 124 138 112 194 184 186 135 167 180 90 109 130 218 172 219 199
27 46 42 21 57 7 58 68 8 1 53 30 13 38 81 73 54 70 78 64
121 153 180 114 88 168 113 206 165 105 134 183 123 152 161 143 90 195 103 96
22 61 82 42 67 57 90 7 21 17 74 71 53 6 2 48 41 4 37 91
155 202 176 211 222 162 158 154 192 99 173 174 200 124 183 96 164 132 137 242
4 30 28 48 26 46 6 52 20 3 44 70 43 19 53 69 2 27 24 34
9 22 37 62 23 7 8 44 31 57 47 55 50 32 0 41 30 67 66 38
268 277 319 306 310 273 284 252 302 278 266 304 283 314 276 290 275 254 289 313
93 113 139 203 62 152 195 202 91 90 173 120 174 116 73 165 126 123 69 102
132 151 114 169 173 102 174 180 185 189 110 191 194 218 215 217 208 198 152 178
294 311 319 278 265 289 271 317 312 308 281 299 297 291 272 267 264 282 296 310
161 203 104 136 228 195 234 138 224 96 113 127 176 148 249 125 193 241 152 250
157 181 105 145 195 100 106 180 196 158 113 152 184 212 231 197 97 228 146 215
268 274 316 277 285 275 318 254 283 317 262 261 300 313 239 319 265 312 299 294
114 181 137 165 110 227 208 111 206 224 115 228 135 203 97 221 87 168 231 132
232 240 209 208 195 197 179 207 243 255 244 224 206 188 267 194 253 263 210 216
142 208 94 237 120 159 177 143 216 194 233 223 198 160 183 251 116 241 100 244
114 170 118 182 112 98 111 217 129 220 121 104 132 143 201 147 95 177 214 190
266 275 263 317 312 310 284 308 249 316 264 250 269 307 261 318 300 267 242 304
101 146 201 197 74 212 114 151 130 192 217 162 109 168 113 132 208 112 119 100
158 184 106 161 221 195 139 116 231 102 190 232 149 120 134 141 150 123 143 164
13 61 71 47 91 16 21 77 49 51 55 81 37 59 33 83 32 39 25 17
197 249 263 130 132 118 139 107 128 221 109 245 234 203 167 103 127 114 204 149
123 176 155 213 81 198 158 214 152 224 157 133 208 147 220 145 106 116 191 107
143 177 101 100 128 98 192 196 211 230 147 201 202 138 144 109 168 122 113 137
63 88 119 131 31 59 124 147 148 42 53 108 107 22 121 76 49 50 140 48
224 237 246 175 259 178 245 256 243 254 190 174 194 266 199 202 248 188 209 244
123 186 153 107 101 163 234 177 217 81 214 231 157 235 106 125 227 230 104 103
98 143 138 133 140 161 217 191 132 124 123 76 208 148 167 142 156 106 116 152
272 302 296 292 274 258 295 310 307 318 306 309 257 298 301 317 293 281 289 276
132 196 92 230 180 221 110 212 139 122 189 204 94 222 138 150 137 155 200 145
228 259 282 199 193 195 187 276 190 177 212 264 288 277 185 258 238 179 178 206
165 223 198 203 245 114 218 249 206 238 104 190 247 120 109 117 96 140 200 209
152 217 112 186 193 238 90 194 249 145 169 188 192 203 106 114 149 159 213 239
257 262 273 263 297 218 266 249 284 251 279 231 264 240 294 241 276 239 295 247
183 217 234 203 186 181 249 96 201 159 115 145 235 187 92 222 233 112 185 123
88 97 141 166 180 120 114 61 115 160 48 191 177 62 163 176 111 151 53 182
142 171 104 114 228 94 91 196 187 209 197 186 164 119 203 127 210 145 161 224
34 58 47 81 55 78 70 0 89 25 60 83 19 46 29 22 87 33 71 67
276 319 278 277 290 289 271 299 293 257 311 309 275 281 287 304 273 266 301 307
188 217 127 220 198 237 192 128 180 133 189 228 179 99 110 109 173 242 252 225
108 207 78 172 166 114 220 180 178 191 149 142 89 90 239 202 204 117 123 131
177 211 191 246 238 130 94 190 102 172 140 125 221 181 225 163 104 160 153 146
24 38 59 74 44 49 27 39 28 45 75 41 10 50 40 17 54 8 25 76
22 63 28 23 88 64 20 62 72 60 40 57 61 87 52 47 92 74 31 33
128 191 172 90 159 230 153 216 118 227 114 121 193 113 141 243 183 185 125 154
135 175 205 127 215 220 182 162 126 179 227 145 155 195 112 93 111 214 110 118
103 168 157 191 144 171 209 167 116 214 174 114 86 221 149 120 197 159 189 210
8 42 63 80 5 35 65 39 6 17 0 47 83 76 71 81 9 16 28 56
157 181 149 203 97 155 103 144 128 116 93 190 219 112 111 135 100 227 183 178
111 175 83 161 200 95 126 204 172 118 208 153 137 160 179 92 98 115 220 103
17 42 79 21 16 23 67 59 49 8 82 39 5 66 18 65 70 24 53 72
270 289 319 268 274 262 309 254 297 285 302 263 293 292 315 279 271 300 264 314
52 81 32 8 109 57 19 49 44 21 112 43 54 105 64 11 73 69 38 110
228 240 213 190 183 250 251 173 181 234 230 217 170 252 253 244 257 200 256 220
132 184 84 155 136 89 103 180 106 217 135 98 223 234 154 232 149 156 221 107
14 53 35 83 46 77 74 16 47 85 23 36 13 72 63 20 84 17 60 38
121 163 92 168 104 175 113 100 89 146 126 117 110 143 141 221 169 196 137 197
0 22 55 17 41 63 47 56 54 4 36 31 23 32 66 58 10 15 46 5
147 201 160 244 195 142 138 206 89 210 155 250 135 116 91 243 165 209 149 205
14 49 4 88 50 34 7 87 61 82 20 12 73 43 23 29 70 26 75 6
39 59 55 37 48 88 7 32 84 92 60 82 22 58 42 4 52 49 76 27
96 185 234 177 227 187 183 104 164 118 82 110 212 168 171 119 233 186 113 76
212 235 231 253 194 262 240 155 195 208 206 162 169 246 154 185 142 151 203 236
39 49 63 65 67 30 68 55 0 15 21 48 6 7 17 23 75 13 80 38
178 207 91 162 217 229 110 98 215 234 245 125 127 213 168 136 140 226 171 119
88 128 142 150 116 154 76 123 96 177 196 110 85 62 59 55 101 186 53 51
261 270 262 319 267 248 241 297 287 318 246 254 250 252 271 276 260 243 286 316
57 88 66 114 139 89 106 116 107 136 31 101 41 142 137 36 108 102 122 53
196 242 126 124 151 263 128 239 236 116 227 152 106 240 169 232 222 115 226 208
174 223 132 217 139 93 203 173 166 253 199 208 250 121 164 171 191 131 239 98
171 214 151 172 173 232 118 167 93 206 222 231 201 239 250 158 241 162 252 94
238 257 254 259 207 196 229 247 240 255 209 277 248 193 224 274 246 198 212 219
129 187 207 117 180 126 236 223 97 198 219 111 195 206 200 205 208 221 179 143
35 47 34 59 80 44 20 8 83 49 18 62 9 0 48 64 23 84 31 45
10 47 18 1 69 55 52 74 66 86 81 49 46 13 0 14 20 56 43 75
128 183 192 97 200 130 197 163 224 136 153 118 133 223 227 218 196 226 88 127
90 152 72 111 119 188 205 114 135 69 93 123 54 216 174 108 181 65 101 53
152 205 118 153 190 116 168 165 199 184 105 102 143 242 106 157 94 160 218 136
273 304 263 292 311 267 303 294 300 256 285 279 288 278 281 310 319 262 275 274
195 223 118 162 205 181 102 250 121 179 227 123 206 200 251 183 187 171 177 144
107 188 197 190 99 225 120 157 220 222 227 217 231 96 183 115 202 142 189 196
46 69 78 32 41 74 99 82 55 37 14 24 89 84 52 27 95 100 49 43
128 194 162 178 200 179 198 93 209 220 141 126 103 152 159 155 244 191 160 165
270 308 309 299 298 297 258 276 274 277 286 275 263 284 279 293 261 281 310 288
47 75 77 15 60 67 49 2 104 5 52 92 61 0 35 73 90 18 20 14
269 301 311 281 316 307 303 295 258 251 250 256 315 293 264 262 300 257 278 253
216 241 186 196 266 252 169 168 245 213 144 155 212 173 223 258 153 138 185 163
59 80 111 104 27 34 41 24 62 92 16 23 66 46 105 52 11 84 86 110
299 315 279 273 276 303 288 287 283 317 284 292 286 277 304 310 263 278 266 296
266 291 309 269 296 282 251 264 271 295 284 257 247 244 318 312 254 286 280 301
199 229 103 162 183 152 136 243 166 201 212 167 109 142 251 154 245 143 230 252
83 114 197 170 93 109 60 207 99 173 149 192 54 103 125 52 104 174 148 185
289 314 317 303 285 288 271 273 279 262 310 263 311 268 275 281 305 292 276 304
73 87 89 76 99 36 43 135 95 70 40 90 131 137 116 42 121 139 56 138
49 85 27 18 135 22 12 72 43 118 23 15 60 121 48 116 67 26 31 34
131 182 217 183 152 207 230 116 220 117 95 216 101 134 202 112 218 200 197 90
252 263 280 303 268 261 266 296 254 275 218 251 291 258 215 225 294 292 262 300
272 295 292 314 259 288 260 302 265 315 309 310 289 301 278 290 304 287 311 277
177 212 187 139 245 159 130 178 101 127 208 106 192 180 240 207 142 92 219 174
100 179 88 196 84 211 190 117 187 70 132 195 135 112 113 222 80 145 209 108
296 312 317 301 319 264 298 283 304 297 289 303 276 285 271 293 299 314 287 265
243 267 227 288 283 272 293 209 208 192 284 264 232 191 196 239 198 206 213 303
262 293 261 251 246 242 267 253 318 307 292 290 237 283 264 315 286 243 295 314
217 256 254 189 150 234 230 152 204 148 255 232 144 202 193 238 165 199 139 198
32 71 67 39 35 59 13 87 37 7 50 65 88 84 45 60 70 9 8 53
307 318 284 310 279 268 277 269 283 275 274 308 272 297 290 296 319 281 278 295
14 47 61 84 27 1 53 10 26 28 86 72 2 46 59 41 36 21 17 19
155 183 154 125 198 206 90 139 209 230 228 135 201 192 96 137 186 91 214 117
22 57 12 89 6 73 19 86 45 87 83 88 21 20 7 46 33 2 10 29
115 161 107 206 120 177 117 216 195 178 104 204 159 198 215 209 103 212 82 197
100 148 136 173 214 105 89 79 167 106 73 127 157 184 71 94 189 140 204 99
236 258 246 225 252 229 271 190 199 210 198 191 273 268 280 251 216 241 221 222
156 217 219 255 142 234 168 220 193 157 143 247 172 90 176 196 236 232 133 108
278 315 301 262 282 265 279 286 298 268 297 318 307 294 314 310 302 276 299 289
92 149 153 101 129 219 157 77 188 218 79 90 120 95 179 193 155 61 60 128
108 140 80 136 93 78 177 200 181 130 94 195 209 153 103 116 144 192 89 101
213 254 133 177 164 155 131 220 232 168 141 137 267 252 265 163 160 150 192 240
94 136 104 132 64 139 206 203 188 214 134 186 178 123 140 182 100 155 176 96
281 318 299 263 298 268 311 319 276 269 260 286 313 314 316 307 259 305 310 303
195 222 181 176 132 149 165 114 143 134 204 242 145 248 120 203 96 238 117 170
