199 218 597 220 600 138 575 250 618 82 614 253 186 606 179 99 159 631 118 102
24 52 19 553 69 595 45 16 578 65 70 64 55 577 565 89 20 85 95 47
272 578 73 270 603 7 238 563 126 608 105 216 156 84 74 564 264 100 658 33
239 292 588 219 215 615 278 627 314 644 290 301 232 272 642 640 623 612 628 277
205 229 570 263 112 634 632 102 204 240 631 262 134 323 306 108 206 322 230 243
584 622 91 26 590 599 252 627 636 113 86 601 610 183 216 79 240 574 559 65
182 605 623 181 250 279 248 185 604 578 584 281 266 120 647 635 261 97 211 147
221 591 61 569 109 67 85 230 160 254 139 590 597 613 39 318 158 165 588 80
94 201 55 624 628 608 635 191 46 64 232 124 235 222 159 603 221 592 170 618
25 50 83 49 594 45 8 568 87 27 591 80 557 64 558 588 14 85 575 91
272 617 153 585 108 92 235 113 99 582 151 177 599 623 281 609 221 293 148 232
226 631 157 298 95 118 645 300 212 572 600 571 310 246 640 260 125 586 259 213
130 159 95 614 131 109 631 166 556 210 145 188 198 563 206 599 150 119 567 121
244 259 204 225 610 589 598 570 643 253 317 321 619 625 216 593 241 637 645 644
121 190 181 136 582 560 193 133 98 629 633 632 135 166 159 116 84 168 584 585
577 605 144 618 119 48 582 13 117 167 67 126 614 108 169 147 7 188 68 282
442 467 479 440 429 449 463 441 425 501 424 505 417 470 416 455 472 443 435 487
89 213 585 579 94 247 145 86 79 45 93 91 190 592 591 97 618 624 122 198
265 284 296 638 646 241 277 601 283 239 282 579 254 272 594 260 242 253 615 602
11 50 571 78 579 12 47 88 18 33 35 63 588 31 8 572 24 76 3 582
114 174 192 160 222 627 93 577 99 156 622 97 231 620 193 161 190 576 121 644
178 619 267 621 182 84 163 607 141 636 606 200 249 617 83 644 99 276 86 273
91 609 621 573 267 148 236 259 190 598 204 104 595 114 580 584 250 96 149 205
202 231 576 323 122 232 317 242 599 634 290 575 164 138 228 96 250 180 220 118
656 684 674 675 648 657 650 270 266 696 663 276 695 698 282 275 682 281 654 673
452 488 477 455 522 468 512 509 433 520 483 422 508 429 446 486 463 439 467 437
100 223 606 186 213 230 112 104 575 613 217 121 225 182 578 319 221 142 563 130
92 178 596 78 151 57 132 582 85 134 124 179 116 209 160 188 79 606 136 40
228 245 280 102 620 111 218 290 90 97 105 116 260 284 212 242 580 637 115 100
247 290 213 619 270 253 615 322 643 576 302 289 308 301 206 216 255 222 581 592
695 710 668 680 660 661 691 685 678 690 708 704 648 658 709 671 687 662 666 663
261 577 620 200 564 270 563 309 77 275 17 634 240 585 236 75 109 276 46 245
166 567 27 193 140 186 170 599 132 83 542 592 587 550 49 212 56 104 585 255
284 604 216 298 223 145 248 69 146 261 278 207 217 263 91 60 592 140 95 121
271 299 274 226 325 622 278 575 309 582 227 293 601 600 655 304 281 297 576 243
3 54 46 77 583 572 36 27 45 9 93 556 6 593 589 99 62 561 49 574
66 78 4 109 18 611 581 40 215 609 597 37 77 68 93 574 12 79 595 25
213 589 71 108 49 606 244 80 583 84 594 619 621 149 576 266 96 248 116 62
231 616 316 304 188 145 288 201 624 264 176 639 614 589 222 209 238 289 191 200
76 577 583 135 128 29 250 256 269 70 186 565 114 163 100 192 271 94 558 253
125 643 126 555 148 90 89 282 191 567 193 107 616 198 160 247 188 652 99 654
508 538 510 535 555 490 548 477 517 519 553 468 543 488 512 501 564 502 542 504
203 210 638 106 570 139 211 247 141 187 114 572 132 197 95 220 305 170 602 186
213 245 635 597 302 137 313 108 211 305 284 264 258 614 262 297 195 149 601 254
358 366 398 374 351 367 391 388 332 348 344 400 353 394 349 399 393 341 368 333
17 565 71 584 53 2 62 88 23 111 50 41 170 583 13 40 120 538 580 44
452 479 464 491 431 475 501 513 470 474 486 502 468 426 499 453 445 430 505 471
134 566 606 559 89 164 587 8 88 644 596 638 72 623 182 34 544 213 65 57
444 457 461 482 441 431 500 481 479 415 428 435 419 447 499 483 423 442 459 463
487 510 544 468 524 474 534 448 548 454 463 457 451 532 540 472 470 550 528 511
180 582 229 69 619 268 24 26 96 128 205 139 157 9 193 648 263 44 634 616
546 566 142 557 505 65 3 44 40 79 575 124 154 141 571 513 563 67 74 553
108 633 191 137 94 182 231 197 243 584 622 179 130 215 111 620 296 645 93 216
493 509 532 551 479 454 459 473 470 475 514 543 502 535 486 472 513 468 517 455
137 560 188 57 164 549 539 113 96 127 131 621 45 179 590 88 39 112 160 558
261 644 315 637 610 582 577 243 272 229 178 583 132 646 636 258 275 314 251 626
102 631 598 568 613 99 179 578 126 164 150 593 202 231 249 130 78 579 295 140
218 306 588 578 328 122 621 615 264 215 243 602 285 91 625 209 127 311 246 266
216 596 156 171 59 279 638 194 570 75 599 214 198 264 61 212 109 93 67 138
363 386 402 387 372 345 346 411 338 340 419 375 350 407 409 398 348 410 344 380
237 597 222 148 310 303 109 610 279 568 189 257 175 212 144 248 634 641 207 72
244 260 287 255 610 213 279 234 250 221 281 580 219 646 635 312 204 591 233 232
371 416 385 360 387 375 390 403 429 442 363 406 426 404 395 444 398 379 358 394
152 560 636 123 532 619 196 650 541 169 51 133 527 564 177 175 539 204 533 211
320 329 290 342 302 313 340 250 299 347 297 326 244 246 291 243 343 334 333 301
146 593 155 168 74 93 588 86 105 233 51 52 576 573 71 550 607 619 256 242
26 51 553 570 569 74 7 559 561 62 88 46 5 4 564 568 18 30 60 600
413 433 471 432 417 447 431 400 388 406 380 385 378 369 459 470 394 396 439 446
568 582 602 588 571 622 610 617 216 572 559 269 210 224 159 612 245 204 240 102
102 578 206 87 263 27 566 72 170 172 14 614 115 159 222 598 189 117 581 22
156 587 563 251 601 255 269 219 216 61 567 59 616 259 110 73 102 179 183 143
141 606 637 62 591 265 231 252 159 604 267 63 121 70 226 554 596 573 225 205
279 636 277 177 634 126 247 138 627 224 133 155 116 235 653 293 282 307 182 647
56 558 50 87 579 531 72 1 571 577 145 53 44 158 155 11 570 601 134 117
137 159 585 96 170 613 626 587 635 104 569 131 560 172 151 606 163 126 646 211
233 592 635 218 180 263 306 109 617 234 172 219 206 299 93 265 570 641 201 209
66 588 153 97 193 108 82 210 276 186 90 595 564 155 609 582 161 262 233 236
76 585 167 10 270 139 570 616 177 95 178 209 257 14 30 248 589 38 275 19
224 614 104 256 262 258 635 259 609 84 616 617 570 142 182 623 134 116 194 300
25 75 609 590 90 72 63 36 93 2 56 54 58 567 592 604 0 96 51 581
167 185 131 208 94 590 157 649 117 606 636 107 617 571 188 152 621 579 138 136
145 183 192 642 198 612 111 561 181 605 149 650 213 169 168 553 103 602 132 157
301 321 218 316 326 253 318 262 231 338 225 219 274 222 230 257 282 302 329 297
671 680 699 659 705 698 696 691 665 700 670 681 646 711 651 668 703 653 686 664
495 536 494 520 515 526 460 537 471 503 509 565 459 561 485 469 464 560 557 532
356 374 403 346 392 398 419 381 336 413 349 414 402 357 365 340 368 405 407 420
111 141 83 550 172 613 80 192 232 113 150 559 207 96 155 92 190 133 637 146
86 91 94 581 128 609 558 570 100 593 155 193 148 59 106 214 111 591 208 153
250 592 584 139 231 76 277 610 86 210 53 145 241 183 92 163 78 317 176 142
128 600 174 263 592 237 277 622 568 617 565 165 583 62 67 78 601 217 633 640
175 570 14 225 589 176 182 114 637 616 233 215 248 262 168 204 43 200 254 561
129 630 135 592 597 231 105 205 183 173 94 93 616 190 156 169 599 146 182 259
200 235 102 594 249 223 608 202 293 607 201 250 268 244 308 131 618 169 105 265
147 575 605 263 154 641 246 566 82 37 208 94 70 597 174 628 231 613 118 225
441 471 461 450 477 420 434 465 499 488 428 437 495 424 493 480 478 440 426 453
87 100 37 561 174 88 162 99 135 53 145 177 151 79 209 137 119 606 44 114
178 620 106 254 279 639 220 575 152 159 594 216 217 617 218 123 156 90 601 291
109 150 557 581 602 560 567 564 556 164 79 585 97 218 216 190 625 590 134 199
129 215 243 169 203 116 251 121 598 119 585 193 625 310 594 630 312 201 87 248
208 577 9 14 5 94 594 186 105 561 139 100 30 259 227 111 84 602 556 245
75 99 11 86 188 566 108 89 572 179 209 82 227 621 579 587 53 172 128 91
140 577 28 84 223 23 189 32 44 99 27 41 231 77 40 211 638 30 48 50
99 185 181 74 112 188 603 202 567 105 141 228 179 642 166 588 620 208 627 614
167 187 93 140 120 132 213 114 185 115 612 134 130 121 647 215 623 605 616 634
668 709 690 650 678 711 660 645 692 701 691 653 658 688 647 702 695 646 699 651
162 571 73 3 59 97 142 176 165 621 563 602 78 551 11 164 586 213 118 141
584 619 563 264 242 56 167 63 593 211 172 10 73 594 27 109 188 620 247 41
485 502 513 528 460 516 483 452 508 491 482 454 505 521 537 541 545 449 540 496
163 211 119 616 118 581 198 305 90 620 154 627 127 94 648 601 85 586 185 230
613 626 187 160 175 643 263 286 588 260 633 235 126 89 244 291 199 201 143 109
308 332 226 290 212 322 299 326 363 300 220 223 243 344 238 327 348 346 213 244
646 656 647 151 171 696 178 273 277 162 248 653 648 637 654 672 681 142 255 651
114 227 555 306 169 593 254 231 148 233 214 139 582 91 120 259 559 176 215 101
144 614 594 550 220 284 606 119 582 151 599 122 203 215 99 565 192 637 81 184
557 582 267 229 577 223 563 593 166 135 204 62 75 196 81 583 100 141 2 34
194 590 610 208 60 276 207 35 58 264 77 635 145 252 640 178 186 611 147 235
221 317 242 99 585 601 103 588 223 245 114 330 208 603 599 591 108 309 296 202
113 611 93 195 570 278 219 190 630 265 157 629 637 617 275 638 136 127 599 182
190 217 613 189 633 569 635 303 91 641 205 88 255 598 113 230 201 646 317 235
60 576 34 271 177 225 101 564 261 211 577 562 137 554 242 76 15 183 217 212
493 516 461 510 542 547 488 552 471 467 555 495 535 470 476 487 478 453 489 548
172 188 131 157 624 608 161 582 606 165 622 564 93 587 616 149 580 576 584 610
102 173 120 215 104 130 146 136 642 147 137 579 77 635 98 119 143 152 127 113
261 587 642 641 60 112 204 616 639 250 590 313 140 225 603 631 113 84 86 30
132 211 637 219 603 613 597 135 237 246 622 170 121 120 215 567 554 204 247 563
283 600 619 159 602 163 634 608 231 586 105 604 125 292 61 611 143 274 220 87
134 595 231 51 137 76 116 165 88 177 98 187 110 159 582 619 593 79 143 581
522 543 509 564 539 552 551 532 488 538 548 560 523 498 506 520 517 518 559 565
191 215 198 134 109 638 136 120 612 112 115 143 622 618 124 196 643 213 238 170
163 600 104 164 638 136 578 92 205 597 195 228 155 201 586 73 209 567 108 199
378 402 386 430 433 373 368 359 389 360 400 426 412 369 384 422 409 377 374 421
121 181 193 599 554 112 149 645 584 564 162 109 565 227 212 577 604 641 131 152
467 482 442 500 485 440 476 464 506 473 508 496 445 468 434 436 512 450 477 495
103 580 11 26 75 585 268 68 262 229 47 87 635 130 14 54 4 575 221 211
570 594 93 191 602 583 616 567 233 21 136 142 209 12 621 151 234 182 175 29
374 394 425 401 353 362 393 382 377 351 413 404 384 424 379 373 378 428 416 357
102 573 615 600 147 574 145 54 179 568 621 177 206 81 42 225 58 152 1 610
218 311 119 129 227 592 283 208 316 315 593 577 83 323 328 230 126 324 285 630
96 576 9 25 56 250 563 552 628 241 178 1 609 170 571 220 584 211 126 268
259 318 616 642 235 291 644 585 281 265 248 582 634 277 222 298 579 328 636 230
143 167 90 116 120 547 166 574 634 118 110 104 587 578 555 171 125 141 106 561
170 189 112 144 99 145 597 98 167 591 168 132 607 121 587 164 142 627 129 117
192 630 120 621 94 247 267 594 580 289 583 230 224 635 640 619 173 177 150 226
357 372 349 344 374 366 398 345 350 383 414 390 396 341 365 348 389 370 340 395
52 593 620 112 19 70 191 197 34 151 58 96 613 559 260 4 189 103 585 243
111 224 142 571 310 634 178 188 235 560 236 213 314 167 622 144 147 589 584 174
35 564 85 94 49 124 158 550 75 42 2 70 116 162 17 6 101 576 72 552
136 196 179 626 151 616 124 640 140 556 242 154 615 150 603 230 577 558 627 112
292 631 638 273 648 145 242 105 293 267 639 249 120 216 147 225 294 630 634 275
135 583 232 235 162 29 11 56 28 149 572 86 131 553 126 198 36 200 563 571
