70 100 955 960 958 49 66 226 7 149 160 956 177 284 176 54 93 102 162 290
4 91 104 287 145 83 246 310 281 443 218 228 217 97 21 284 195 185 177 44
793 831 892 752 818 860 766 947 788 907 739 809 798 791 899 920 891 842 754 912
457 496 426 447 470 262 634 456 601 519 528 270 629 630 288 622 626 633 520 507
117 292 417 296 991 238 84 1000 219 107 97 209 418 38 252 299 278 321 114 211
408 419 357 429 317 406 573 564 320 348 296 520 415 405 333 566 387 299 325 339
878 921 993 920 811 1009 1003 970 956 968 815 871 976 855 833 800 864 879 861 977
36 184 953 76 955 273 148 139 173 985 250 119 165 205 957 253 140 129 177 108
387 409 372 571 338 328 320 307 429 558 355 433 377 576 416 572 408 353 404 385
34 61 915 67 270 222 260 958 115 150 177 72 232 979 219 81 158 107 172 965
840 866 907 880 869 774 949 944 762 884 801 858 938 889 750 896 935 827 830 956
629 679 468 676 733 738 472 633 619 638 484 634 630 497 480 717 659 482 729 648
142 181 163 82 130 25 73 136 44 107 106 162 1008 78 125 210 81 991 160 171
376 562 396 406 367 385 417 315 519 321 384 388 352 527 378 386 568 375 365 339
46 988 264 964 229 997 84 929 43 18 53 931 167 136 924 277 124 937 938 922
322 381 282 429 556 335 357 341 569 363 557 378 524 290 340 526 292 367 564 438
703 733 627 768 657 788 724 705 708 764 632 654 679 729 620 782 641 634 635 649
631 689 661 692 473 640 652 642 477 483 693 655 471 636 653 707 682 635 733 619
631 688 678 670 705 707 665 659 618 637 628 633 725 710 671 729 620 624 484 724
481 637 678 429 697 458 466 698 279 712 615 435 686 518 683 666 280 514 445 598
290 477 472 457 468 454 617 444 496 638 629 120 476 478 275 262 484 112 447 486
279 437 504 50 415 91 1 423 500 127 435 459 296 112 320 252 100 432 469 13
479 504 425 468 492 438 458 626 515 633 422 628 303 630 619 313 629 301 451 639
120 226 66 234 57 67 85 123 20 195 41 129 149 235 963 5 298 16 53 242
347 527 344 498 502 521 429 604 385 328 380 339 428 300 506 601 310 563 609 312
45 1012 975 200 74 53 187 983 236 176 961 278 235 65 957 96 185 262 4 937
905 969 803 802 37 142 995 1010 973 66 972 201 929 852 809 919 215 938 186 796
62 252 39 112 240 957 446 956 953 306 256 114 962 111 264 108 1005 227 72 948
10 52 969 283 237 282 988 143 161 217 176 193 116 84 191 149 35 226 959 249
69 983 97 984 112 48 287 233 2 1010 245 929 211 182 20 967 968 240 925 6
9 92 282 951 5 178 66 40 128 65 77 175 955 283 37 310 33 281 34 992
642 694 611 656 699 718 698 628 680 684 682 621 487 701 693 692 664 674 697 647
56 170 247 74 111 282 90 15 253 89 951 132 203 3 44 233 255 992 86 288
3 240 250 1012 99 296 82 167 186 974 60 304 968 271 211 190 183 950 33 219
40 1003 951 70 236 8 156 46 943 278 62 164 183 912 224 115 950 237 205 87
6 99 153 77 88 208 268 143 49 60 139 155 970 56 106 961 145 76 235 259
626 692 458 466 481 640 667 681 459 656 608 648 630 464 641 490 624 735 696 484
0 126 85 977 988 151 269 300 8 115 60 75 135 91 101 950 216 983 206 138
804 893 840 959 917 914 923 846 810 891 781 947 921 886 855 805 943 936 867 809
825 940 846 871 950 813 970 980 848 1002 920 918 857 816 994 837 963 927 935 832
303 415 243 345 381 99 293 392 378 261 229 514 114 122 426 339 260 284 518 300
897 926 32 985 816 965 997 802 858 986 1007 805 962 800 941 841 1004 852 990 864
42 243 281 68 1001 285 993 54 102 0 166 162 185 278 215 91 212 234 1009 306
134 209 256 224 17 153 113 33 240 1004 259 108 1008 262 105 214 1 965 991 125
790 869 949 924 814 916 736 771 905 799 778 781 957 735 766 737 751 738 962 762
936 1008 864 197 970 941 909 134 866 919 124 140 982 78 915 82 183 867 179 947
943 987 151 91 31 925 859 22 145 144 199 994 74 159 88 871 219 837 962 107
88 143 23 994 36 252 304 17 52 92 982 116 295 1005 249 227 101 142 221 111
925 968 198 950 4 943 836 860 158 81 804 184 999 1010 1001 210 193 69 48 877
754 839 889 773 885 923 873 706 856 739 896 760 826 702 794 901 732 864 930 716
805 909 998 767 790 840 938 816 794 867 879 933 760 857 939 856 877 828 787 772
310 336 365 431 399 416 253 367 437 333 389 506 291 445 326 438 427 89 249 519
7 105 157 71 54 279 126 52 109 35 274 293 1012 60 169 25 208 114 253 87
45 998 55 990 123 85 44 228 142 1001 263 236 162 262 977 28 72 979 261 79
33 108 262 996 251 919 278 139 247 965 200 212 938 24 164 87 55 217 178 986
86 309 191 50 247 141 58 184 260 361 982 984 95 57 275 202 55 240 63 210
300 409 390 377 370 314 425 246 271 98 563 553 248 312 252 318 443 351 564 418
923 993 171 864 966 84 801 924 211 930 188 854 958 180 39 948 123 880 93 176
450 483 625 626 597 256 497 241 429 616 428 472 516 458 454 612 593 457 460 595
55 183 177 206 1010 953 199 133 210 124 180 139 269 1005 31 87 249 27 196 235
852 920 1008 867 944 842 874 805 780 794 833 970 960 895 34 804 813 910 911 968
22 982 975 113 924 130 957 164 104 81 232 179 13 4 1005 210 62 920 1008 157
932 974 64 137 798 198 1010 80 136 964 951 955 886 830 880 191 918 817 847 949
384 414 437 353 347 369 522 389 320 517 363 574 402 526 295 579 340 425 319 569
204 272 161 979 456 166 155 977 131 284 183 64 457 436 454 955 1004 177 294 175
1 282 155 268 466 231 428 202 454 81 30 433 158 472 35 66 109 33 164 986
42 167 171 111 86 221 272 143 277 202 106 6 58 186 163 241 989 48 1004 109
779 825 923 770 867 897 753 754 752 831 935 761 916 814 906 800 944 835 928 756
361 573 341 550 314 591 403 393 419 368 404 413 590 324 418 304 561 321 326 377
315 368 296 239 550 360 523 420 289 367 399 332 373 431 334 243 326 568 529 440
10 1004 203 926 122 137 71 158 230 277 969 41 57 107 965 176 109 917 5 939
139 995 983 15 117 237 91 2 39 153 159 156 226 11 214 16 934 234 976 10
132 1007 122 189 913 1006 290 74 26 221 46 6 928 172 288 57 55 18 124 151
782 888 963 853 938 786 881 829 903 852 814 870 790 759 844 805 784 726 755 753
12 1003 40 90 896 253 981 176 85 936 193 189 974 225 933 74 5 262 918 976
223 229 197 311 254 185 258 979 112 146 69 130 997 309 147 312 957 96 140 1
800 868 864 963 873 827 952 816 769 791 932 763 891 844 918 811 759 955 854 914
12 60 57 215 254 983 113 963 83 291 190 285 253 35 37 221 17 1 158 237
98 230 99 229 1000 157 198 16 82 0 35 991 216 40 232 250 197 289 155 977
5 211 43 52 248 230 174 77 950 278 101 213 48 87 982 269 131 275 93 285
15 72 91 267 21 40 965 60 152 984 186 76 63 108 970 88 53 141 157 37
64 95 965 289 271 63 241 124 978 214 996 93 225 263 245 36 138 199 154 165
326 372 320 305 555 554 371 575 335 332 314 392 418 550 563 522 319 409 411 401
886 933 813 971 848 888 837 936 781 839 948 816 949 808 972 946 827 826 836 41
766 806 917 892 804 792 770 899 826 803 737 801 839 935 919 807 733 760 771 755
790 843 854 920 765 857 812 945 739 938 782 760 895 789 862 911 908 942 933 763
877 952 945 43 4 56 891 770 925 866 1011 975 3 915 66 1012 834 931 0 784
47 117 290 973 970 8 945 163 263 140 250 154 173 110 111 27 950 993 182 125
68 243 119 982 301 108 67 998 437 227 297 136 218 102 29 288 165 83 50 73
755 811 812 863 861 912 940 702 831 835 714 867 845 752 846 824 724 767 896 781
296 345 267 74 277 498 431 217 128 400 382 525 434 225 445 315 442 372 324 365
807 895 790 916 942 838 979 801 953 978 934 949 786 772 860 928 950 778 761 936
802 882 821 958 954 941 962 803 925 756 762 922 854 820 804 779 776 948 932 947
124 278 455 188 248 997 239 431 273 271 92 441 153 45 59 67 221 184 222 112
736 767 803 690 704 846 820 840 651 814 774 807 821 649 697 769 716 696 658 750
91 271 128 87 81 125 132 41 47 234 10 36 308 219 65 86 122 5 242 460
72 969 110 999 242 136 57 958 222 238 168 924 955 951 971 899 179 133 104 18
277 298 461 117 73 109 441 38 94 64 267 121 263 37 310 122 451 84 456 120
153 197 131 1003 21 961 114 159 206 96 964 995 216 46 177 41 25 26 119 97
147 995 51 1006 987 3 142 168 920 938 109 242 162 118 73 927 160 213 975 1008
97 232 59 205 252 309 216 285 41 137 162 977 52 84 281 199 975 258 50 19
153 220 5 97 245 194 199 977 143 137 23 187 1000 1005 17 185 222 282 41 141
22 74 993 13 23 228 151 69 284 173 166 7 205 265 54 1003 216 18 87 49
880 923 941 802 807 770 960 996 813 972 805 37 962 945 984 948 772 773 829 782
103 979 954 157 100 221 84 937 22 248 227 302 33 924 941 141 183 253 186 201
113 229 980 49 129 6 14 310 56 31 68 128 984 305 213 109 91 36 1004 105
193 989 143 999 1011 249 257 121 89 126 107 119 100 933 246 155 114 183 995 971
15 138 960 225 224 151 118 990 68 951 965 99 232 154 35 186 11 984 261 88
96 219 76 147 267 271 205 151 954 97 106 295 25 46 27 993 997 1010 201 213
834 879 809 919 805 827 876 808 813 783 942 839 779 833 916 791 894 941 954 946
21 49 288 113 1011 190 162 151 22 1009 115 97 78 981 263 271 134 94 183 158
2 190 1007 192 81 1005 945 49 235 176 62 986 72 22 69 157 241 964 278 247
0 271 166 217 67 107 294 245 286 287 73 5 79 944 56 173 289 445 174 236
234 287 450 435 129 320 330 223 296 12 261 454 445 39 269 225 983 310 318 335
108 281 156 274 33 71 433 439 228 309 292 442 99 226 987 135 49 244 68 212
45 983 101 1012 179 147 242 936 144 951 21 203 288 56 78 119 239 219 87 104
208 260 46 299 270 285 197 23 55 1006 70 230 458 64 33 71 113 80 28 176
217 957 889 114 196 958 1005 58 849 851 200 127 237 108 203 266 852 874 33 900
362 557 593 568 395 526 386 558 418 340 507 524 516 327 394 512 336 566 328 316
40 278 480 130 181 245 33 432 123 290 94 104 231 150 84 483 303 293 454 145
868 941 953 896 795 993 803 27 976 826 789 887 935 889 918 838 866 891 858 981
23 166 189 279 220 959 77 127 972 193 68 199 975 12 9 19 276 119 215 81
797 845 753 843 760 800 770 857 813 781 757 846 807 802 779 920 952 792 793 921
98 280 10 311 288 303 57 30 996 158 201 119 1009 129 316 36 50 60 283 202
861 932 783 795 799 971 917 909 990 828 969 849 906 954 769 939 964 999 988 907
65 955 180 181 230 36 23 221 865 256 183 852 122 164 935 1000 929 101 119 123
65 172 196 240 106 282 230 183 104 21 146 198 171 271 210 233 158 280 958 80
187 202 72 8 969 956 96 114 1008 223 254 44 36 984 225 49 15 73 207 34
773 841 904 833 946 766 815 871 906 775 909 874 764 890 771 887 938 733 910 807
670 716 750 639 706 668 648 617 654 714 634 684 762 757 631 770 771 681 715 772
908 979 199 964 184 859 224 903 144 991 48 895 145 237 233 967 900 997 39 229
122 228 124 55 108 223 991 70 104 997 207 40 1003 21 985 107 300 72 212 195
7 277 163 155 77 968 959 229 116 30 979 240 61 74 266 211 192 34 305 971
50 118 64 193 286 88 22 122 294 275 157 225 949 46 101 137 257 206 154 218
111 1000 238 920 77 52 29 69 965 269 150 129 241 123 186 971 267 940 972 272
837 858 828 857 946 766 862 893 843 877 773 934 780 823 785 778 931 947 960 807
641 687 709 726 674 608 622 483 697 685 733 708 651 729 646 624 670 731 679 707
11 139 51 991 150 112 156 59 202 253 151 129 952 98 42 995 77 124 222 153
96 985 961 1005 942 963 211 39 85 909 907 941 25 927 103 226 238 278 280 945
643 665 623 648 682 710 486 673 666 609 616 718 679 719 490 683 726 711 647 738
879 921 813 1006 936 946 850 961 937 795 809 773 33 934 767 37 976 32 872 798
129 975 277 242 1002 6 144 170 36 924 31 901 113 72 67 152 292 267 23 980
930 1009 51 141 27 914 55 798 835 878 231 182 924 937 245 62 123 156 864 964
848 932 896 878 959 989 850 821 968 951 782 859 963 1004 840 830 791 935 39 863
642 678 727 707 609 628 673 696 684 643 712 640 650 618 667 647 688 703 711 617
84 254 67 221 1000 138 111 1001 113 981 72 100 207 238 228 23 89 87 134 268
381 567 516 420 410 328 338 553 397 341 360 350 520 349 376 527 322 415 332 319
25 953 147 159 1006 5 53 919 31 225 854 152 933 6 176 199 209 127 217 926
255 992 441 50 117 17 112 220 949 954 152 7 125 85 997 51 31 162 912 199
137 174 150 145 274 181 25 997 77 250 153 964 219 51 1005 973 28 52 10 129
