223 1124 327 1047 176 331 1235 1077 1021 141 1153 244 191 1095 1238 148 139 1042 1022 302
355 361 342 349 1290 366 331 1285 353 364 362 1284 343 360 354 1276 1270 1292 1259 1288
132 1149 1133 197 186 1177 181 225 212 95 1167 171 106 126 1122 180 217 173 158 143
205 1027 297 1225 1132 299 1192 80 228 1064 291 298 242 1101 3 32 211 1228 188 1149
213 1202 256 1203 202 1068 1189 317 1159 1205 291 1237 216 1147 1123 168 1144 313 214 1111
27 323 206 220 78 13 1230 342 205 1016 28 62 1000 20 3 0 1217 1228 219 1018
182 282 241 1206 1088 267 266 190 1219 237 160 310 1065 245 131 1104 219 1078 298 178
202 1069 94 192 1045 1056 1214 1119 1040 1155 1210 1057 293 269 1064 1105 314 1226 164 305
89 1083 228 239 1109 260 90 246 162 195 82 243 203 248 304 210 73 232 310 1104
178 195 281 222 289 175 279 1210 92 194 1228 217 1188 1158 96 1141 147 1086 230 1164
24 56 80 317 0 59 1035 46 984 1005 351 90 320 318 82 997 34 333 1021 33
202 235 1231 1200 173 170 190 288 272 268 214 1199 1123 281 1021 311 91 1193 101 1068
198 1064 1094 315 1227 1196 1120 1160 1229 201 1224 310 71 1132 1234 1036 1137 182 285 1203
238 290 1073 1058 1091 278 189 1162 258 1157 1152 306 1159 1063 1222 1104 1053 1090 1227 1068
87 208 199 201 1048 1079 1054 292 232 1100 90 287 1134 1021 53 1077 1028 315 253 1235
317 1227 287 88 260 48 316 1239 197 325 293 212 257 313 344 190 251 288 207 1204
201 1194 226 1201 318 1206 1102 194 1145 267 1162 304 305 1207 193 98 1186 1073 90 1120
91 180 264 1055 273 1137 183 1113 1052 316 121 141 204 213 1110 252 1054 259 47 1218
216 1068 1060 219 1043 251 1201 194 1049 1096 239 1044 1193 1038 1105 310 217 230 172 280
154 1130 272 266 249 193 1139 1200 1127 149 81 145 124 309 1101 88 1186 199 289 283
175 1166 1156 160 227 1187 241 1218 289 292 1070 159 261 1056 211 214 299 204 1071 233
234 314 78 1200 335 1066 342 177 48 93 1201 58 334 1234 1045 172 272 1078 1185 333
161 179 286 298 1212 1108 207 304 289 138 237 1173 1149 211 225 1191 245 1167 233 1163
1146 1190 1113 208 236 1136 1204 1208 1228 1119 127 1137 176 147 1134 279 162 317 235 153
313 1204 273 1150 1241 1244 1160 318 207 167 329 259 1163 1207 295 1145 160 340 1130 165
173 1206 1136 178 1208 199 1134 1153 1078 1220 279 228 1086 208 1133 169 1050 1158 194 1094
2 976 966 1035 1005 347 319 22 1243 964 1038 51 1040 79 1028 9 995 37 334 15
295 1061 175 213 301 302 77 1082 221 291 318 1235 1183 1144 199 1175 312 250 229 1158
223 260 1223 1155 295 215 1065 277 1146 161 240 204 1156 227 1231 211 1078 210 174 153
1051 1082 62 1079 297 251 287 192 188 212 167 274 78 239 202 197 1026 195 1093 241
1290 1318 1304 1283 1285 1307 1311 1266 1324 1300 1314 1331 360 1312 361 1274 1277 1305 1297 1301
217 1202 181 282 1081 1092 248 1230 1100 1200 1041 1026 1130 1107 299 325 178 1211 210 190
189 230 272 214 314 302 1207 282 152 257 1181 176 216 203 129 246 96 287 1085 1148
1286 1308 1302 1265 356 1267 351 1288 1274 1272 1335 1332 1284 369 1275 1327 353 352 1324 1300
984 994 973 4 39 17 10 1005 7 18 24 9 1020 27 14 987 20 985 971 1011
171 269 235 135 283 254 1095 191 1055 1169 198 147 1150 204 1088 1213 230 1077 1083 225
245 1045 1074 291 287 301 1017 1179 215 244 220 216 1215 1210 296 1041 1094 225 1229 71
173 1072 159 1166 1053 80 1201 224 277 1151 1058 281 1078 172 223 300 274 259 1158 1168
212 1238 242 1042 1143 1082 189 1144 1203 1085 1060 306 1223 193 255 298 185 190 313 1224
236 272 1051 163 187 180 213 234 1222 307 261 1059 151 154 214 1197 1219 226 244 1094
193 218 1111 197 1222 186 1074 1195 1019 1215 1080 177 1139 1237 1238 1218 1057 1144 213 1103
91 209 1226 1044 258 74 285 99 222 319 329 301 244 1046 1095 305 81 300 1080 1048
183 293 203 1098 209 1106 1208 146 228 1069 214 1074 247 1067 250 152 1105 95 164 225
293 317 328 231 295 1069 311 212 188 160 300 55 339 63 1055 181 199 331 344 341
1198 1215 254 304 167 268 1223 255 223 1133 224 279 1153 1166 1180 316 1164 250 202 301
189 1154 1058 222 1073 1121 172 310 244 212 237 1090 269 127 1173 245 1134 293 181 1060
145 1142 107 1204 1115 131 1175 1184 191 1183 154 232 172 143 1122 1179 1196 105 133 178
296 1141 285 260 1073 1227 1190 188 264 1207 214 163 272 140 132 1234 1206 1116 185 1171
209 1147 294 304 239 92 1046 259 1193 1092 204 286 1191 180 1228 1079 1122 1021 1088 1223
199 1119 1129 187 270 1217 76 174 302 186 292 97 1221 91 1204 1078 1136 1042 218 1135
197 1043 1021 165 1210 1020 234 1057 298 1083 72 191 188 159 1118 164 1142 1194 1198 1202
187 271 1054 148 1042 185 210 155 298 154 129 156 1072 1069 1149 278 1198 279 1155 260
195 1232 1086 1162 165 1160 1113 1126 242 217 255 246 1163 1251 1105 1111 1150 1216 1132 307
215 238 285 221 1022 171 165 1088 169 1050 1077 1157 1103 1055 243 329 322 1236 1020 1220
177 193 1047 169 1079 1054 288 1226 1068 201 195 312 1060 269 202 260 1202 309 1232 198
191 1092 274 308 1048 161 232 156 1160 128 1146 1183 1221 1109 1135 193 1056 277 307 1076
87 1117 316 161 187 165 153 312 39 38 1037 1083 1028 1114 1092 1095 84 1121 83 1131
232 288 300 167 177 1145 1225 1199 180 157 1061 1083 285 198 1098 156 184 317 1232 260
90 1089 292 290 1077 278 281 1122 1083 1057 112 79 50 100 258 1106 1025 80 163 1115
1166 1185 229 304 1204 1199 1208 156 128 178 1142 252 154 108 1136 123 1207 1165 256 284
161 1117 148 217 214 264 132 297 185 1133 137 1176 195 1129 1210 1145 278 1153 1134 311
246 1045 239 78 1161 1055 77 161 251 1033 1058 1217 263 1180 1100 177 190 277 1223 275
297 1143 1227 277 1110 1150 1176 212 227 1194 1153 254 1116 275 1098 239 177 1187 1182 1068
269 1202 1162 1096 1195 1205 1138 1091 1089 1207 1212 171 1153 189 211 1101 272 1152 1161 319
1111 1129 210 192 1088 1187 82 1147 1094 1139 1083 204 132 130 1132 1199 200 1127 158 1101
237 1188 251 151 310 145 129 321 1071 134 1054 166 1087 1105 317 1208 193 124 150 300
240 1101 1094 1071 1156 167 163 257 273 251 291 1171 161 296 310 156 317 1172 253 208
131 1170 271 1130 1135 112 146 278 263 1181 1173 248 123 95 144 181 110 1168 288 242
289 1073 247 248 1068 296 1183 226 174 88 1206 241 256 1049 1089 67 293 1070 275 1084
1275 1288 1310 1306 368 357 1316 342 367 1277 1311 349 1263 1264 360 1267 1303 1290 1265 1253
164 1098 223 247 250 1175 263 121 1154 242 241 1107 135 1164 1190 280 1182 256 1108 1183
999 1015 11 41 27 43 33 2 1025 1046 48 51 80 996 1011 23 45 44 54 31
20 61 48 43 331 353 1240 63 1013 354 93 1026 1036 19 73 1028 21 98 56 328
306 1155 254 92 170 292 1172 200 1082 310 167 1180 318 232 204 1061 118 1057 182 320
104 131 79 186 180 88 1133 98 124 1125 102 1160 177 1171 133 1129 118 1145 1151 1181
260 1210 167 237 162 151 1154 235 1102 287 1075 1222 1188 1200 1078 191 224 252 179 297
1072 1081 224 196 63 211 219 1060 265 1058 266 1036 79 238 69 1037 176 198 284 1090
125 1159 1148 1179 130 247 93 1156 101 1206 151 264 1167 115 238 1199 169 1166 1182 97
4 1021 54 224 975 94 999 980 73 55 90 31 45 344 1006 998 12 1 200 978
67 1082 1050 254 332 266 66 1042 1021 1105 182 1066 297 89 168 64 301 34 305 1098
0 350 20 991 339 1261 68 79 1266 2 1284 344 57 1033 1237 323 63 30 8 6
163 1172 1204 1182 283 303 245 143 1153 1101 1196 1127 156 1148 1108 236 1124 1198 1213 124
182 298 1216 153 1213 287 1181 225 139 255 1196 1061 282 293 172 1185 1063 134 1049 1100
171 236 246 1153 1086 187 1100 1139 1057 230 1076 1044 1168 174 1174 1189 1047 94 1051 1152
145 1156 126 124 1110 194 118 141 1210 1201 171 127 99 208 1205 151 232 158 226 108
202 1075 223 1057 1182 228 1136 269 1234 1054 1150 1073 166 1133 1195 1148 216 1220 1135 215
163 181 140 1193 291 256 261 195 166 1175 1097 1050 234 1091 1080 230 193 160 1127 1219
140 167 128 1081 1148 257 1184 99 228 163 1071 291 210 280 232 184 162 241 300 301
60 1013 52 1019 39 49 14 1023 5 87 69 1010 88 1024 73 323 1041 1017 1001 34
186 1159 220 221 126 257 1227 307 1162 1105 1085 1170 1098 92 95 306 1056 1093 185 1141
348 1253 1282 334 19 1248 1272 355 349 363 359 320 337 1263 1243 45 1252 1265 1244 1281
269 293 192 280 1212 1104 1200 318 212 207 273 180 1155 1060 291 1210 206 1052 196 193
1188 1198 1142 1208 1135 202 219 1187 1217 193 1222 1218 224 123 1133 1129 269 158 1211 122
1022 1049 9 64 1013 3 215 1006 40 1077 196 225 227 271 56 54 1065 70 33 1070
302 1194 283 158 266 1148 304 332 1053 199 279 233 1172 1091 278 1057 1096 1195 227 1059
1036 1072 1 1038 257 198 63 1023 212 1095 1069 297 221 302 1035 1058 18 1050 10 175
247 1092 194 1079 1231 250 84 310 1120 236 219 264 183 1094 1074 1049 259 1221 168 222
239 1098 1057 262 1161 1092 290 276 308 226 249 1076 1180 1068 1218 1093 185 1227 1117 1221
163 270 1199 191 293 1125 1151 146 300 259 1074 1213 251 1208 298 1127 147 1172 1164 1185
60 92 168 31 79 189 318 97 1003 85 6 327 4 49 211 1028 184 1005 1135 1123
174 1212 1150 160 236 282 1227 165 195 135 1186 1208 1157 1183 192 1217 314 306 1166 185
156 170 228 136 207 302 274 297 1114 303 1138 1152 1085 145 1201 255 172 292 1166 142
177 1201 1214 276 1046 232 319 1197 273 1083 1164 1134 200 132 143 1127 1232 125 1226 236
107 1164 158 111 260 1198 1180 245 307 1200 88 82 309 162 1203 108 118 1140 80 117
79 1027 81 41 78 221 211 1028 1111 85 1024 73 75 0 1088 91 97 312 1081 16
181 202 1219 1056 208 180 216 1026 268 239 1153 1101 1194 1076 313 147 135 200 127 1102
168 270 237 1047 1168 252 1213 1215 190 233 1102 1203 1220 179 1045 143 1188 258 130 224
66 1235 230 20 1247 1050 1065 53 1039 1075 195 80 71 32 49 1240 221 1228 41 1029
1125 1198 222 1149 89 1233 1104 1200 135 317 1143 318 152 1113 1229 146 193 137 311 87
973 990 991 999 992 1002 965 994 17 996 15 1006 25 976 967 1001 26 1007 1005 971
38 994 75 1010 8 0 1017 81 37 996 333 1006 60 40 319 11 85 19 59 33
136 184 1152 173 167 1194 104 1100 92 185 103 271 1170 288 1215 1222 109 1050 255 156
239 1105 85 244 183 81 1136 268 254 287 86 1138 304 1081 71 307 214 230 286 260
194 1096 1218 258 1183 213 211 265 1213 89 232 1091 1143 1219 1188 207 155 86 318 163
85 1053 1060 1114 192 1130 276 308 1024 1096 1032 176 214 31 301 1132 1055 103 32 59
201 1131 231 159 252 1090 1221 1124 297 1022 1085 287 132 1226 1197 235 157 288 1156 199
295 1087 259 1233 322 283 1179 65 1062 311 305 1050 74 1090 1053 225 317 68 1158 288
1102 1120 174 202 1112 1143 1092 1070 215 216 153 148 276 1091 151 1117 289 311 168 297
1250 1270 1236 318 1252 1234 1272 1296 1287 348 1286 353 1290 351 1258 1256 1254 1249 1297 323
1141 1198 1202 1118 304 183 1108 140 1188 265 208 1136 254 268 150 1110 180 272 1120 1142
199 1187 217 312 1217 1114 213 311 314 1142 1133 126 1185 1151 284 196 1026 156 1021 145
1092 1108 1140 1086 167 203 268 258 1109 81 255 246 199 202 276 229 147 1048 181 207
181 1213 155 298 203 1224 1067 182 284 153 1159 1149 1197 266 166 1165 169 289 1073 135
257 1054 1228 1199 149 80 230 268 1162 1086 201 178 1075 1094 198 238 1188 267 176 197
335 1259 1272 7 318 29 1276 1275 328 327 1281 1 333 1247 17 11 1258 1257 20 33
218 236 1233 1157 1230 203 312 186 1171 261 255 1225 1145 1116 1192 234 1076 1167 220 288
69 86 39 1109 88 82 317 13 30 41 1017 1119 999 1047 55 1058 1063 321 1056 1008
47 332 1227 1005 8 1246 40 349 308 9 1230 32 1238 66 35 1226 29 6 61 1012
990 1001 995 1006 1003 47 29 978 56 1014 1025 991 31 33 1004 52 24 74 65 27
166 1080 191 1054 142 1048 194 237 253 233 66 1089 1161 1049 91 300 199 129 1065 185
195 1235 1207 247 283 1141 1051 327 1067 291 1089 1124 1120 1057 1093 1157 173 1193 290 244
199 1055 1161 185 1114 1093 1085 1069 1182 87 74 205 1235 1064 75 207 231 1088 1050 290
17 48 985 315 16 974 1240 55 990 81 51 44 94 20 42 28 1235 53 33 1037
245 1097 1121 1099 1225 1222 1157 1182 197 1085 1226 1125 1221 1051 207 234 199 1107 1045 1175
60 94 25 1003 210 193 1034 40 1022 31 65 322 107 128 327 1020 177 38 32 183
960 976 969 1001 1002 19 968 995 992 7 989 988 5 966 20 984 961 17 1000 997
221 248 1114 1152 1022 1064 1088 279 225 1182 312 220 1184 1143 216 1199 1179 273 1077 1210
245 1078 200 1055 1212 1231 183 261 244 1178 185 1064 1054 159 167 282 1098 1041 1095 212
78 201 321 1182 161 106 1004 1235 1026 1204 313 86 105 255 1129 47 1140 205 1161 1160
306 1055 302 1132 193 238 1180 1154 269 170 77 258 1193 1218 189 337 237 202 1160 1070
99 133 1132 98 76 171 1188 182 65 209 195 1155 113 1140 138 314 57 202 154 71
309 1153 83 200 180 1146 137 1235 1183 154 1177 167 77 1142 97 245 1236 145 1211 182
1012 1019 56 988 1038 39 44 33 46 205 218 77 1007 993 6 14 24 66 29 93
155 1194 187 142 1192 1218 1107 128 279 292 1175 1123 319 1159 132 272 1131 1162 1222 257
296 1234 1105 1178 177 1051 1070 11 166 1166 16 1220 0 1082 22 194 338 199 329 1246
26 1024 85 1238 984 10 999 1028 41 43 351 1006 333 1001 1011 48 199 217 50 34
1155 1184 1146 222 114 265 241 1122 223 236 1186 279 141 262 143 1141 1189 173 1214 178
203 1041 1186 225 5 250 1113 257 1122 1115 1147 311 1137 283 1015 1215 1091 220 65 218
225 1153 176 273 125 1096 143 1121 120 1025 1130 190 291 296 268 1165 1145 1215 147 1225
184 1071 192 1202 298 218 311 1178 270 182 299 304 1207 279 1191 228 87 1058 138 82
