9 433 435 393 412 46 31 32 407 445 447 444 26 8 401 17 39 430 53 13
213 275 165 509 533 215 520 308 319 185 277 247 506 505 239 230 241 283 261 305
228 287 212 191 205 233 328 330 284 296 314 319 308 255 312 192 304 241 254 321
91 116 449 93 101 492 89 69 488 475 57 500 452 513 531 522 105 55 473 135
53 55 463 58 99 37 66 17 88 76 452 25 479 8 471 32 426 82 59 57
10 391 371 373 7 420 27 16 376 53 9 13 433 414 19 411 46 409 436 440
416 438 410 435 45 14 26 28 392 400 414 413 397 21 46 427 11 51 32 403
106 501 147 483 79 503 198 473 64 185 162 524 192 80 63 457 204 153 498 88
294 320 229 308 295 255 284 279 303 319 272 254 288 314 239 280 247 267 264 248
47 442 402 60 53 52 456 436 443 43 418 413 33 57 432 21 433 419 68 61
26 52 37 59 72 444 419 423 65 5 38 43 439 458 51 430 53 459 40 57
184 215 255 199 266 498 244 285 512 511 280 186 526 236 224 515 190 207 142 270
469 488 55 171 137 155 528 467 489 456 514 151 193 77 153 520 123 121 56 90
76 461 452 121 475 73 66 104 118 108 488 464 81 63 103 465 462 82 53 476
178 502 103 501 177 518 532 122 136 147 488 208 218 164 523 473 135 131 507 522
190 489 172 202 217 108 464 115 472 92 159 223 525 197 156 218 153 502 212 133
103 127 120 157 97 85 524 155 107 482 89 467 95 529 477 495 499 143 68 505
212 243 503 272 194 168 262 225 192 211 502 222 505 527 529 184 186 206 231 515
163 216 247 215 267 143 170 498 233 208 262 227 144 229 513 520 230 147 286 185
30 434 407 32 4 444 447 389 448 22 398 424 10 12 388 33 390 425 427 403
128 524 116 500 162 176 471 521 493 529 169 477 535 211 129 502 165 172 198 507
114 531 68 203 202 127 459 93 461 513 491 521 66 166 126 453 86 475 213 131
241 285 282 243 217 262 271 236 273 319 240 225 261 266 264 329 302 317 257 204
222 241 238 234 192 210 243 286 265 175 194 277 289 246 244 196 253 264 294 185
251 272 274 286 254 291 302 306 232 303 202 225 210 213 197 206 218 294 311 309
232 292 240 206 307 317 207 234 229 314 211 268 270 248 329 272 254 247 294 325
270 310 248 304 318 298 227 290 325 262 225 287 294 297 284 236 259 258 268 265
12 438 400 391 417 10 393 423 6 47 46 31 453 424 398 20 50 40 51 402
59 477 516 511 512 118 93 532 525 78 455 57 461 515 99 138 149 447 82 137
194 500 224 170 502 169 210 155 212 202 121 143 147 533 163 218 477 490 195 174
93 476 102 504 509 106 493 86 99 466 80 497 513 486 495 450 523 91 520 524
112 460 508 454 501 77 94 82 111 471 128 116 526 475 476 124 90 103 464 511
247 268 301 304 196 306 197 282 206 266 216 201 299 252 249 275 303 307 310 223
71 459 119 63 81 469 52 57 470 452 445 73 66 454 51 55 75 89 483 464
500 521 188 107 536 115 143 119 116 122 178 529 527 474 488 470 192 155 183 172
136 147 183 496 514 163 488 502 519 125 505 156 196 181 189 493 121 474 162 491
166 184 525 501 206 497 152 517 191 506 149 504 131 154 202 198 223 481 220 512
478 509 518 121 162 462 513 163 97 144 161 534 64 532 201 484 148 107 76 516
210 230 157 255 228 262 292 175 506 516 263 293 162 510 256 181 174 249 259 208
17 431 445 39 410 439 425 9 28 13 47 442 391 42 3 2 417 404 4 48
206 265 229 172 258 288 259 530 154 251 166 179 510 225 311 175 295 186 173 535
8 440 433 419 436 36 420 444 48 406 45 42 424 441 430 389 407 432 398 439
217 235 527 248 242 185 278 191 236 521 514 510 531 279 203 255 231 292 197 167
218 512 517 204 241 169 510 199 263 165 205 251 188 156 210 121 474 179 280 120
201 520 503 532 531 180 200 196 121 173 158 129 141 151 150 174 492 188 110 497
53 416 73 457 405 47 9 447 22 5 421 31 435 71 25 62 441 396 6 449
106 495 191 166 74 147 116 133 101 69 460 196 70 142 466 83 155 68 140 144
200 525 208 173 510 245 212 532 498 123 255 475 153 247 253 184 193 227 481 209
39 438 8 401 417 398 49 435 22 54 423 414 433 408 432 399 416 430 449 436
116 536 201 93 219 214 463 76 94 522 101 122 194 61 456 502 79 459 528 481
133 155 163 115 120 479 125 142 169 523 150 170 186 202 486 140 129 512 194 157
104 127 123 68 467 512 92 60 79 454 93 535 162 458 484 74 126 495 532 90
150 494 140 496 470 464 143 475 98 117 512 499 119 476 160 111 132 155 166 179
127 531 532 96 122 117 500 484 100 142 139 510 497 162 133 520 123 167 99 111
71 466 483 90 100 472 47 104 66 127 470 68 479 120 74 451 125 107 93 461
129 163 194 158 137 149 503 523 131 511 509 489 164 200 521 468 209 497 115 205
165 510 193 519 190 476 507 515 187 489 110 473 138 119 194 204 191 121 134 522
83 458 61 70 450 116 445 110 474 119 59 68 67 58 472 63 465 84 52 90
237 256 224 249 235 273 296 295 297 231 251 275 232 286 201 222 265 264 245 277
200 220 268 241 198 209 184 517 180 514 224 278 509 286 169 534 229 495 138 510
263 319 246 303 274 312 315 245 213 211 326 222 272 261 299 234 215 242 282 285
101 128 515 155 86 105 160 499 471 510 76 151 97 498 139 144 92 81 126 493
240 249 222 298 257 292 256 210 267 268 260 255 223 234 274 250 282 238 296 293
35 403 55 422 414 408 32 398 451 13 44 38 418 8 423 444 405 2 429 24
252 295 217 211 311 317 220 272 299 236 312 249 305 332 214 278 231 241 203 270
457 472 92 136 521 97 468 80 52 84 129 53 99 101 95 486 465 510 478 463
504 536 180 530 173 498 474 196 147 141 152 104 131 185 187 130 197 502 137 477
168 522 486 208 507 489 530 162 114 174 161 180 491 509 115 187 515 529 472 182
0 388 432 13 439 401 413 434 16 415 436 410 44 54 24 437 28 4 30 1
13 398 435 376 430 17 11 377 12 4 30 448 39 382 411 378 385 407 32 24
124 495 157 131 529 152 206 113 477 465 532 159 501 533 92 141 181 521 525 510
168 209 201 253 221 485 156 266 131 498 513 487 214 239 185 529 171 183 134 255
97 484 481 463 74 495 194 496 95 58 512 511 477 111 529 519 466 146 98 165
125 475 94 66 138 110 505 493 83 508 90 490 534 536 469 79 112 65 533 140
194 534 513 531 501 473 124 208 146 205 532 251 219 140 491 504 249 197 144 481
290 320 236 302 288 272 325 321 243 291 312 235 273 282 322 309 253 317 229 303
157 178 160 521 498 491 492 132 207 183 175 528 516 522 187 189 197 499 176 153
149 517 487 211 498 117 503 205 524 494 209 480 212 520 144 145 138 160 142 171
105 486 127 501 181 527 487 454 165 60 508 189 128 73 462 91 514 80 525 469
432 440 20 407 427 434 450 413 403 437 441 45 4 23 453 398 400 35 404 397
186 507 157 122 207 153 202 219 514 158 208 486 527 116 506 492 132 120 150 531
132 186 147 209 509 119 187 500 210 201 180 169 151 172 141 204 476 171 154 510
0 434 398 26 413 390 37 431 423 427 23 394 395 406 16 419 411 46 48 36
276 300 210 315 323 240 251 285 262 307 330 245 226 326 321 277 287 299 222 221
96 449 488 431 66 83 99 119 436 28 71 469 100 42 36 127 485 48 73 461
137 188 125 504 506 186 118 169 516 124 132 511 505 475 127 501 140 192 187 153
195 522 472 111 480 505 220 226 153 181 150 516 136 535 152 511 163 151 203 528
189 501 102 145 498 141 227 508 130 488 205 497 225 136 211 203 507 534 491 512
54 446 23 68 75 5 456 37 444 420 30 49 28 416 426 2 34 98 35 79
166 190 142 205 527 227 218 189 159 157 508 223 194 201 213 134 148 164 512 173
144 518 212 145 143 517 153 161 175 510 520 136 170 204 508 495 126 499 139 129
133 186 147 135 181 124 115 164 188 211 116 204 154 119 148 180 114 184 202 208
291 313 302 262 327 303 326 251 227 256 331 316 324 280 299 304 288 283 243 271
392 415 28 429 412 440 421 403 18 39 436 0 401 9 30 54 414 404 374 379
159 201 490 507 245 130 513 200 144 231 511 519 502 229 246 232 166 494 517 492
155 202 164 173 168 160 254 176 478 193 250 158 523 483 148 256 151 229 520 147
124 511 175 154 499 137 117 173 115 101 209 143 150 517 471 104 106 212 119 161
26 409 384 405 394 390 448 41 429 420 432 381 8 387 9 393 431 44 36 24
457 475 464 70 56 493 97 500 499 447 522 126 79 72 502 523 533 74 54 104
225 275 315 296 218 313 297 303 245 326 301 261 226 182 321 196 272 244 193 327
79 462 120 99 114 458 447 119 82 453 115 77 109 80 477 72 76 471 68 121
478 488 514 477 119 87 169 65 456 467 79 168 67 159 534 507 104 116 101 135
151 489 479 516 467 166 119 535 536 180 181 490 182 142 97 100 164 481 160 201
27 432 404 36 411 407 41 405 397 415 442 3 2 426 408 390 450 13 446 402
197 504 477 193 218 173 530 135 202 535 493 136 118 117 139 187 121 155 505 134
126 522 97 165 492 109 154 215 101 163 478 162 491 158 178 475 90 174 106 144
5 388 37 368 367 438 375 13 421 8 430 392 427 424 437 396 420 409 414 418
18 417 413 43 398 19 29 27 48 54 420 38 437 26 33 405 13 414 53 408
142 177 515 206 487 151 528 511 510 124 135 475 485 175 191 154 224 144 131 495
475 532 522 487 129 494 197 199 506 71 126 512 535 141 96 92 140 483 212 89
300 312 323 293 284 250 325 302 332 253 265 310 281 299 328 322 262 279 261 288
383 405 27 370 369 430 390 45 433 419 0 371 361 38 410 7 411 438 424 18
55 464 81 466 80 79 54 84 102 126 65 488 82 43 107 94 452 35 73 474
114 459 469 461 56 132 63 104 498 103 534 111 126 107 491 73 514 69 97 78
1 418 436 38 441 406 439 407 15 438 44 431 39 48 33 403 42 390 417 36
57 88 86 450 52 49 121 464 94 478 461 67 457 56 110 114 59 454 71 476
72 475 524 512 78 477 527 55 480 122 96 99 517 56 535 69 483 135 61 83
313 325 296 288 328 283 259 282 327 260 287 274 270 302 262 294 280 298 261 305
98 482 126 185 119 477 471 65 503 192 500 486 463 92 172 183 95 70 496 103
94 457 107 101 77 485 487 123 468 55 76 61 119 66 72 110 472 73 70 102
10 435 444 2 413 448 13 408 418 0 18 54 421 391 43 22 416 412 438 442
30 49 72 456 63 449 2 41 26 76 70 397 447 34 19 431 416 457 73 394
48 439 36 68 49 40 403 11 453 430 438 408 433 62 41 426 3 432 28 67
215 256 196 199 299 223 186 532 510 262 246 220 236 169 201 198 218 287 248 166
270 290 276 232 246 310 260 321 325 330 243 305 326 250 278 214 318 247 294 320
282 314 240 330 235 326 280 272 305 309 316 253 223 275 256 260 285 311 310 219
247 284 282 208 274 276 194 195 216 297 255 207 264 266 204 290 292 317 215 202
69 447 1 476 30 37 109 77 477 63 87 53 425 3 105 22 433 471 89 467
42 443 447 423 59 26 51 398 412 0 60 433 4 425 38 52 17 36 12 438
3 439 416 412 443 10 398 432 434 37 41 31 394 44 24 407 450 38 47 51
107 498 456 501 164 86 492 172 474 207 483 101 91 471 77 500 533 92 503 85
13 441 22 396 409 430 413 17 433 426 5 49 443 420 19 447 445 15 405 54
482 497 146 481 101 138 107 87 504 187 172 132 105 125 122 174 534 169 111 126
127 133 143 188 102 177 185 180 114 522 519 468 182 154 526 92 161 479 145 533
168 484 191 154 93 493 132 196 184 515 187 207 469 525 512 158 157 476 519 134
169 204 250 520 533 494 173 239 212 518 165 247 488 505 207 135 220 521 133 235
38 416 419 415 452 36 2 393 15 407 396 400 428 450 11 13 394 43 29 20
136 168 121 202 492 531 175 152 219 180 184 498 216 179 147 527 506 214 186 511
124 503 479 118 212 190 483 199 106 123 175 155 513 516 469 165 517 522 482 151
369 385 405 372 409 383 404 392 379 397 412 388 375 390 389 391 415 376 416 396
43 395 56 64 434 8 416 21 433 38 398 7 444 439 383 384 36 10 410 413
65 118 98 486 47 121 499 493 55 107 527 481 109 522 471 66 463 73 532 477
113 481 129 528 509 473 485 501 91 107 188 526 464 82 150 105 151 77 516 486
66 458 54 468 98 48 100 459 461 95 121 75 469 99 472 455 43 69 482 74
194 535 145 512 220 122 137 160 167 201 473 536 527 521 489 170 126 520 121 221
90 476 60 133 485 140 459 463 472 98 86 126 497 494 72 510 530 97 141 519
64 120 127 482 93 135 467 112 471 457 516 114 68 100 99 522 50 497 43 466
3 46 438 26 437 38 7 441 453 401 416 439 451 428 407 0 4 47 444 417
49 427 403 38 441 33 450 416 421 440 420 70 32 429 408 48 50 451 4 431
185 204 520 483 246 529 146 256 179 502 166 138 527 504 217 525 200 148 228 501
