239 251 1808 176 223 938 228 244 196 200 976 1809 273 914 1804 1812 1007 949 960 201
1492 1513 672 1495 772 621 56 823 101 688 23 643 809 687 92 1517 1480 1560 115 722
197 911 271 251 909 247 921 221 990 972 887 194 183 983 171 1002 273 207 901 877
2062 2083 1109 1144 2041 2098 2086 2044 2080 2050 2104 1130 2070 1170 2087 2095 1129 2079 1198 1183
190 230 887 150 203 249 899 1005 222 996 143 919 1000 912 922 931 895 149 240 252
41 681 1570 741 618 29 1475 1379 700 702 1425 1619 625 53 1559 56 1636 1591 1444 34
2100 2120 1155 1171 1164 2110 2126 2094 1183 2084 2113 2079 1194 1216 2089 2101 2134 2086 2098 2139
514 561 498 541 595 538 548 580 1437 577 599 521 536 546 515 593 501 499 605 600
1698 1735 1688 1737 611 1655 1756 1676 614 1670 1658 1725 1748 1729 587 599 1728 1749 1718 574
1894 1910 1855 1860 1945 450 1836 1905 1951 1258 1259 1941 1870 1884 1900 1866 1925 1906 1248 1927
1667 1678 1698 617 1731 1705 1654 1720 1703 635 1648 1697 1682 1687 1662 1627 608 1653 1710 1728
584 1478 710 615 520 567 732 40 714 598 28 1694 1690 534 1450 526 757 1415 556 47
2152 2191 2196 2197 1271 2141 2185 1259 1282 1218 1256 2188 1280 1260 2131 2198 1270 1285 2144 2161
656 1651 1685 1667 1578 642 1623 718 15 1627 11 39 1656 0 1501 1655 1365 1649 74 1490
20 671 50 1374 1414 1442 1601 1387 699 1588 1366 1429 1341 1426 1438 607 1604 1358 1421 665
726 783 1533 1566 77 685 1541 1538 1505 680 1495 703 752 822 1525 668 82 677 821 1518
2131 2180 1252 1281 1217 1231 2183 2162 2145 1257 1242 2159 2174 2147 2186 1235 2132 2184 2141 1272
672 688 1440 683 1552 27 1565 1451 618 69 1582 1560 1617 1443 1412 1453 1354 1566 65 677
6 1428 680 65 1487 69 1591 1478 1397 1412 12 594 598 1645 1634 39 1362 1351 605 714
418 440 378 436 468 471 481 388 439 483 380 422 478 435 438 426 406 383 441 384
651 1358 40 1609 16 32 1481 702 1372 71 1578 34 1333 30 595 1342 1489 1334 5 1581
272 279 992 237 281 960 247 1036 285 1822 946 255 1964 919 934 951 1026 965 301 1819
1174 2025 392 1156 1185 2017 2097 1204 1169 1076 2040 344 337 1143 1999 349 413 2042 1051 2045
2 621 666 1628 1445 44 1434 1457 600 1624 1618 1377 1451 1382 593 671 1422 673 62 639
582 599 1352 1437 592 558 605 1709 618 628 563 1698 557 1394 1460 577 614 1692 1410 621
632 1413 615 727 48 631 1602 1369 1440 671 1430 568 689 1372 600 1632 1353 641 715 1617
1002 1010 259 1976 320 263 365 331 976 945 927 996 952 944 946 1019 986 1026 285 906
269 953 254 256 293 234 1818 933 1008 235 966 1025 257 227 1004 277 267 940 193 880
304 1947 1999 1950 1909 1916 289 1044 465 1040 1896 1801 1989 464 1994 1057 476 326 1938 1936
293 1971 1025 1987 1066 1828 359 1014 1826 1063 372 326 1052 1997 992 291 318 362 994 375
746 1580 1559 109 3 97 732 20 110 1519 765 1574 718 1531 1396 779 69 1381 673 756
233 907 189 965 956 989 174 157 204 961 881 947 269 247 249 167 930 933 256 913
711 1369 1378 88 28 610 606 714 764 768 57 704 743 707 644 1555 1345 767 1597 6
657 701 1584 1409 42 14 1657 1362 71 1636 761 1364 671 1475 751 748 734 759 1655 1624
903 943 974 216 998 996 252 977 242 957 262 905 187 224 868 976 239 997 237 236
1075 1980 1063 2016 1978 1966 375 1077 1085 394 304 324 280 1127 1141 1025 405 318 1972 1018
1117 1124 1080 2020 2078 1130 2000 370 372 1995 2009 2006 1089 1101 399 1148 2055 2012 400 2080
26 1636 1403 1433 1436 626 632 663 1592 642 1476 1646 1485 1645 1653 1648 609 1604 81 1616
1031 1971 290 354 1809 2004 1091 1817 1999 383 1967 1996 1052 282 1058 1008 998 322 390 298
456 1919 470 404 1890 439 1873 486 468 1842 1829 1896 1897 1951 474 424 1948 423 491 1914
1460 1591 702 1417 1482 599 35 1404 759 744 734 1498 624 602 2 1447 732 639 670 682
1179 2065 1208 1109 1181 1210 2033 2089 2052 2085 2104 1155 2042 1154 2110 1158 1121 2036 1150 1108
768 809 787 1515 786 861 839 796 1547 860 838 1510 789 827 705 779 862 737 835 1482
791 1560 100 801 813 1485 694 1578 767 88 1520 837 830 760 743 826 799 105 75 1530
65 95 1503 688 91 1385 1574 726 1368 127 1378 673 85 715 34 83 683 52 8 126
173 187 121 162 133 228 934 891 234 938 217 941 236 201 223 883 918 131 157 903
1479 1613 1584 53 1504 644 1412 676 18 630 708 602 608 1620 690 1570 641 1427 709 1465
811 868 915 1518 1535 821 1532 911 910 860 897 882 784 783 829 1544 914 790 883 796
62 1510 681 32 731 805 1591 655 5 1390 1528 647 699 1523 1394 1508 690 821 2 1502
32 91 1492 29 94 1623 119 1601 1498 1615 700 1558 1488 1568 71 703 4 1431 1482 736
318 1965 284 1987 2008 276 958 986 950 346 1084 1016 963 937 353 312 1092 1990 1001 278
985 1016 350 225 266 1001 1000 248 1976 936 994 1811 247 299 320 915 925 1982 986 908
1042 2002 1150 1960 2028 1030 386 397 1130 1057 282 1099 337 403 1974 1020 1111 333 1143 328
332 390 1070 304 2030 1059 944 1998 2041 2012 1969 365 1089 402 998 1014 355 1958 1823 1978
202 969 1001 327 191 978 215 919 316 950 942 275 997 948 941 210 954 169 337 332
1216 2108 1161 2116 1164 2194 2094 2127 1158 1229 1233 2106 1212 2196 1157 2085 2132 2083 1193 1206
478 1933 1925 1781 460 454 444 1804 1857 1902 446 1845 486 483 1784 1837 1856 1958 1783 472
190 888 904 908 919 944 857 865 974 949 243 966 900 920 912 964 138 167 869 192
1092 2024 358 1063 1972 2003 351 1122 1084 2006 1997 1077 1193 1996 395 2054 363 1198 1107 1179
1018 1959 1920 263 496 362 1983 998 284 370 1819 1820 378 997 309 1039 258 353 381 312
1276 1303 1334 1310 2159 1242 2141 2184 1249 1239 1297 1869 2149 1284 1296 1866 1293 1290 1254 1289
632 1599 1485 1402 1666 1388 736 18 670 1624 650 53 1375 1664 603 1436 659 1480 7 37
638 1613 1443 1487 56 1452 1610 1636 43 1488 601 633 1609 1390 1386 1455 610 1493 57 1673
732 1597 645 1520 1527 1613 1412 95 85 1483 1399 1405 99 81 1522 8 720 754 617 1617
1130 1138 1122 1989 2076 1124 1127 1119 2002 1999 2085 2020 2077 1144 2005 2008 2086 2068 1987 2074
921 974 249 242 276 279 333 966 285 987 233 909 216 311 880 281 263 230 905 885
1321 1336 1338 1304 1307 1342 1301 1309 1310 1341 1302 1328 1315 1325 1344 1297 1340 1350 1334 1322
281 1014 1985 329 1809 270 360 325 968 1003 317 337 1805 368 1954 1981 1033 343 328 991
678 1494 1515 1595 1648 728 701 646 692 1437 1479 784 29 619 685 1475 1627 1646 670 1467
1024 1989 1090 1003 2019 1036 1097 1122 1144 1102 1819 1012 1099 300 1132 330 386 1070 1077 1035
1459 1632 685 1406 36 702 1399 1627 33 659 1641 1585 1424 683 624 1583 631 1413 686 674
340 1960 280 1049 995 288 958 1928 1007 1820 1093 2028 1919 1984 1096 1077 1987 487 335 2005
665 1622 60 1498 1631 711 618 676 1421 1618 1424 725 707 1351 1356 1423 1419 1433 44 625
1038 1047 1085 1055 1810 397 1015 1808 1998 1823 1811 1033 353 1820 349 1974 1017 1082 377 354
201 220 180 937 914 953 262 898 181 244 172 905 910 926 253 947 928 901 952 225
241 918 247 905 213 921 1005 998 917 927 211 993 253 168 898 267 924 867 944 210
822 859 1550 873 910 909 1551 1549 897 1557 787 887 813 791 785 854 1542 786 1526 880
1853 1897 1765 1789 1836 1901 1918 1865 478 1877 1902 1888 1886 1785 1935 1875 490 1788 1790 1861
646 690 51 35 1568 652 1358 1454 625 1491 1404 1586 1421 11 708 728 32 1649 4 705
1860 1868 1264 1873 1899 1933 1886 1828 1841 1856 1913 1267 1930 1932 1829 491 1827 1268 1914 1273
700 1618 644 5 1474 1550 1650 25 1616 6 724 35 1634 1403 729 1375 739 717 702 741
1091 1974 1105 363 341 1097 2036 1996 1030 353 355 306 1956 1983 1995 274 1963 2026 295 401
577 592 1434 518 1415 1704 1346 1697 540 621 1340 1444 620 1342 1439 1699 1445 1374 1400 569
3 683 640 1511 714 1627 708 1345 64 1592 675 1573 599 1561 1650 733 736 616 702 1615
1671 1700 1716 1744 1725 1734 601 1721 1723 1640 1629 1649 590 1704 607 1625 1694 1651 592 597
1597 1632 647 1619 1611 1660 1657 604 698 662 712 645 15 615 668 714 1649 1575 711 56
172 238 261 242 239 912 165 970 124 155 125 241 937 950 164 198 138 271 982 213
621 1483 665 41 1441 5 1389 1408 1636 1379 1403 1384 58 1635 1437 3 1396 1470 34 1639
251 1804 1838 236 230 1845 1790 925 254 218 995 937 1011 265 278 970 1846 1844 921 268
578 609 1641 600 24 519 1484 20 1393 564 1715 1405 1464 542 1414 1382 1353 7 1356 1584
17 1458 43 1586 630 676 1581 1364 1428 683 1473 695 1614 597 1368 598 698 595 9 703
1686 1698 1737 1655 1682 597 1732 1718 574 577 1709 585 1676 1665 1719 1742 1717 1708 587 615
242 907 874 163 249 970 974 234 962 175 214 926 866 240 983 185 224 950 966 986
497 511 474 1948 1949 1958 491 1832 547 509 1821 1955 552 1954 1940 1826 485 1838 551 472
716 1421 49 1411 1417 1447 655 1551 33 1466 1519 683 574 1477 714 723 667 106 685 69
452 478 447 454 1835 497 1945 415 1838 1935 1834 440 1928 1809 1823 426 1822 481 437 1922
1064 1073 1047 1093 396 2036 1984 1111 391 331 308 1049 1082 324 385 339 342 1106 1033 1076
296 1027 346 1005 1947 1052 335 1038 358 1952 1981 330 1824 1820 341 995 389 363 387 1949
520 577 512 1471 532 557 544 582 1438 1694 602 1470 1421 569 1444 1442 498 596 546 501
8 37 673 1490 97 677 1609 1355 1421 32 20 63 1352 75 69 705 1422 1399 1579 1369
33 637 626 1644 1624 1642 1647 1576 1432 38 657 1472 9 29 1416 27 1362 639 47 1374
761 1528 828 1510 1574 1575 140 703 120 1536 710 1381 1592 1506 1501 128 1558 834 1542 116
209 921 966 173 198 887 915 1003 890 873 991 950 888 191 260 177 271 277 228 210
236 945 201 326 324 327 193 253 200 280 904 214 966 232 932 888 1001 973 205 933
85 730 81 672 1413 24 45 1605 670 1408 31 754 708 108 776 726 50 72 120 93
39 708 82 1601 1405 1434 1625 1488 1496 764 1622 1564 681 1512 49 105 1503 44 712 622
355 2020 1146 1192 1951 1098 1137 1994 336 1986 1042 1948 1941 1199 1940 1188 325 369 1059 1820
322 1002 1971 1818 1059 265 1057 213 1007 349 369 291 1990 1079 1959 2013 1028 961 1996 223
1749 1767 1784 1841 1741 1801 1860 1842 1775 1834 1781 1795 1757 1735 1728 1851 1787 1758 1725 1833
823 1514 109 1530 1511 76 118 75 688 729 1491 812 1534 1541 92 1554 106 822 731 805
1259 1892 1270 2144 1856 2141 2179 2160 1262 2163 2198 2145 2137 441 1858 1260 1258 1228 2153 2187
381 1823 304 1065 1027 401 1945 1017 368 1986 334 1022 1776 506 1081 2008 420 1854 371 357
15 68 1443 1373 98 1585 93 1502 1374 1460 109 1649 1640 1603 634 1415 1446 1598 609 721
704 741 63 1528 1507 1398 55 1470 112 46 75 1592 82 709 1559 1401 77 1595 680 1475
181 914 165 215 970 971 214 222 871 213 899 160 189 924 192 999 950 163 884 274
619 1373 1617 1682 711 693 720 621 656 686 638 585 624 713 1372 650 1391 1399 1597 12
890 966 176 984 265 957 209 907 949 857 1006 894 948 933 283 253 856 272 849 212
1070 1085 352 380 1109 1106 1992 2047 355 396 328 1097 1098 366 2048 2010 314 1055 344 404
213 965 921 959 970 198 313 895 949 239 926 924 245 973 997 186 945 934 175 206
622 1588 710 50 16 1610 1646 1495 1464 37 1430 1371 749 659 704 1341 1466 19 1593 677
268 306 322 982 1993 1812 1027 1038 1829 906 1960 350 275 1942 1020 286 939 1053 976 226
630 665 664 715 701 1573 1442 1488 707 691 677 1370 1373 648 54 1602 1416 1430 1662 1398
179 922 981 144 988 221 203 157 230 128 242 241 207 269 980 153 984 999 194 995
635 676 597 71 1581 1459 89 1356 708 629 14 51 622 680 719 1649 620 1414 1377 1399
737 1586 721 695 53 641 1393 112 1373 612 1602 754 1466 1580 4 735 1506 650 689 684
1500 1559 32 781 696 684 661 1498 689 1572 75 1573 719 1564 1473 1515 1579 1472 55 92
1886 1931 1867 1884 1891 1950 1934 1874 1956 486 469 1941 1905 1892 1877 1266 480 1954 490 1961
997 1012 235 915 335 267 1002 1010 1013 268 324 1969 365 238 362 1971 977 287 914 912
1388 1451 647 646 59 1403 1408 720 664 728 732 1481 624 660 684 756 641 604 610 579
1016 1965 289 986 1002 282 350 379 335 271 268 333 349 1978 1983 977 1077 376 334 974
1044 1994 409 1092 1139 1084 1143 1131 1016 316 361 1147 1051 406 286 388 391 1063 1024 1806
40 1411 733 84 1486 1473 723 79 708 615 89 77 1376 1364 599 705 1394 35 683 579
780 1496 1523 755 758 1476 1522 723 748 1513 1505 54 651 21 634 665 81 640 31 1601
278 1982 323 258 282 943 1975 967 1123 368 377 980 1101 1963 249 978 367 1119 270 379
1449 1586 1623 617 27 1492 1404 770 1401 738 1601 1416 632 1628 623 1562 1412 1422 613 1583
483 1949 1899 1810 303 444 1785 471 508 366 352 1815 475 1816 1897 1825 1943 1819 309 1809
614 665 1572 721 60 1408 1618 1391 1593 725 12 1422 707 690 1609 601 58 1472 667 698
317 1010 1056 288 1008 363 377 1816 939 1068 984 1052 1063 269 1971 261 1072 259 353 1076
327 1810 945 338 1814 1068 1823 985 286 1817 375 967 946 1070 370 1013 358 935 1002 288
323 2009 316 2043 1042 1962 1056 1058 2003 337 989 359 973 985 1075 1805 369 289 1112 1156
1679 1711 1649 1745 1684 1751 596 1713 1677 1741 1734 1693 1719 618 1739 1653 617 1733 1690 1651
59 1506 29 1484 1568 721 1483 687 1557 1554 1394 694 704 668 660 676 1490 661 639 672
1025 1037 1816 1051 356 1023 1017 402 1068 299 2005 275 276 1990 2002 1053 1013 1802 1966 1070
39 1620 1424 660 1642 1630 706 670 1494 1428 1413 1590 1389 1588 34 1621 1574 653 1394 1368
328 1024 1971 372 1998 341 308 951 1049 1065 950 382 1009 993 1033 977 995 963 1989 311
0 1456 1442 26 665 1593 1367 1653 1382 670 40 34 1595 1437 11 716 652 1358 564 1646
1343 1358 623 22 680 1374 1348 672 1318 620 35 37 634 1316 592 34 628 640 609 679
692 1622 1380 92 39 1602 1559 743 1611 661 1470 76 1604 1416 1400 28 94 681 630 1621
16 1347 1394 65 1404 1600 659 700 1492 1461 1603 1639 48 23 1647 1361 11 1645 1334 1332
218 982 213 193 239 155 967 258 978 191 911 333 216 162 957 210 1016 323 917 897
