80 113 756 202 678 65 31 708 83 121 204 706 156 112 768 108 175 135 64 681
365 402 454 394 302 396 367 426 279 444 331 413 283 491 387 337 386 286 430 492
368 488 273 518 382 451 284 281 295 528 471 314 282 366 532 387 445 472 308 334
15 685 678 722 85 660 26 748 730 33 726 92 733 682 713 69 39 9 707 54
49 710 740 10 30 705 109 717 93 760 114 6 745 702 50 751 2 77 679 743
15 714 703 10 0 39 766 686 689 701 58 61 759 706 84 762 749 739 77 713
47 716 654 686 755 661 695 759 745 121 35 683 667 20 657 708 49 765 710 650
677 688 89 11 734 723 642 708 652 757 736 80 743 712 87 644 76 760 713 702
170 207 186 197 117 178 183 114 249 137 157 240 159 136 94 172 208 171 169 122
690 736 725 686 682 689 734 66 660 10 95 699 664 687 733 721 728 73 661 751
26 697 79 63 91 703 720 103 86 740 68 90 9 61 16 47 692 695 6 668
628 641 645 648 646 674 605 614 640 622 658 590 598 601 604 611 631 662 664 612
38 683 114 686 70 5 688 93 754 77 684 690 6 753 44 656 733 695 644 689
443 482 517 306 346 528 331 372 531 436 421 398 434 342 356 437 316 296 475 344
22 95 690 56 89 742 107 729 38 91 699 110 124 710 26 170 47 64 167 718
321 459 323 400 293 271 331 470 269 475 258 427 480 318 424 320 361 440 387 396
296 381 370 302 257 481 337 421 388 327 259 289 458 467 387 436 266 262 400 422
153 782 185 748 123 164 86 149 104 106 132 205 138 156 783 197 756 169 774 107
308 393 298 300 257 268 464 363 415 406 362 462 410 293 389 263 287 295 487 405
56 726 21 766 73 697 85 123 759 51 14 673 12 712 650 748 59 681 102 711
651 699 96 764 637 617 686 711 65 41 749 46 33 679 677 701 647 92 9 6
271 354 447 313 382 379 315 364 397 323 449 234 482 474 230 259 476 276 371 292
522 574 575 590 614 601 503 562 600 594 561 558 527 566 587 596 592 602 612 537
324 487 517 508 287 285 401 495 494 406 509 381 296 335 328 311 323 488 391 351
117 193 223 228 95 84 136 155 157 171 122 63 229 128 191 178 203 94 102 201
55 678 755 763 720 7 646 53 43 101 757 652 695 659 1 650 10 88 663 59
283 330 290 263 451 363 377 328 305 243 471 315 405 308 489 467 464 293 369 269
403 422 352 481 325 381 424 339 454 391 374 485 383 405 389 324 400 293 385 431
232 269 315 267 294 190 236 288 370 363 245 157 254 234 356 152 337 255 298 318
1 682 32 45 7 711 24 746 4 49 728 697 753 78 73 77 8 56 748 84
5 743 725 665 36 685 656 58 713 658 94 35 43 661 27 717 89 769 698 66
84 689 140 71 116 6 703 746 700 68 664 669 89 755 58 4 659 81 57 683
133 775 225 198 189 201 125 149 164 798 792 224 134 174 132 784 90 782 137 753
99 699 140 97 663 161 171 23 184 803 680 160 83 740 760 142 657 80 176 135
498 544 526 495 510 577 581 546 545 580 487 472 543 477 595 567 484 486 488 512
160 796 759 800 207 101 152 93 228 119 198 214 215 750 151 156 140 118 100 210
406 455 477 468 320 333 420 480 289 290 471 439 322 441 384 332 380 311 414 307
261 283 240 357 291 308 333 292 298 224 373 322 217 241 296 289 221 293 360 327
232 266 196 267 321 326 153 314 363 253 271 365 207 303 200 152 248 342 289 318
328 458 319 456 299 400 276 433 337 367 390 405 363 421 339 394 480 450 459 346
32 70 682 45 699 757 747 681 702 119 697 26 674 715 73 705 36 755 106 31
10 677 31 27 79 24 33 669 687 680 77 720 67 697 749 62 43 668 38 649
304 351 432 410 344 433 391 365 309 386 451 260 263 406 387 327 359 258 400 383
13 681 646 54 741 65 652 105 693 35 92 109 686 89 689 75 12 707 27 694
750 786 797 152 23 70 108 28 711 120 30 723 739 66 710 693 708 680 71 106
749 803 99 780 18 773 148 675 120 21 30 738 726 142 44 679 668 694 710 672
125 172 116 141 88 153 65 177 211 170 165 191 64 201 114 166 146 75 135 195
123 221 84 142 132 255 155 796 779 162 785 187 136 237 134 96 158 786 213 780
67 725 5 122 675 72 693 669 48 752 36 20 73 680 62 60 100 115 666 15
308 473 381 289 426 256 266 379 331 491 279 460 439 512 390 302 395 478 480 275
308 443 369 384 451 411 469 273 450 335 264 362 438 407 256 434 323 313 413 465
517 570 544 587 595 548 486 481 528 539 499 612 519 477 559 569 526 560 610 599
360 489 469 380 528 327 524 486 451 282 479 278 279 332 462 273 396 494 373 319
120 217 240 167 130 783 168 188 247 178 78 259 213 187 159 777 180 782 795 237
700 739 731 87 650 710 83 693 46 665 77 26 35 714 727 72 735 769 92 723
145 220 260 784 208 181 217 228 793 100 262 782 786 102 111 195 210 173 185 156
623 636 609 606 588 635 659 662 646 611 604 593 599 647 653 643 601 655 581 600
291 367 391 337 404 252 336 315 244 308 305 405 361 373 253 355 284 407 297 364
91 155 70 801 744 128 183 150 725 178 151 698 17 721 88 77 40 160 30 686
265 309 334 446 407 323 310 349 429 439 461 454 233 330 342 480 293 246 386 387
35 680 76 759 686 1 742 7 659 746 695 650 66 719 105 665 684 717 707 757
394 457 346 313 384 485 399 395 340 296 341 304 382 293 328 441 421 316 456 286
162 796 196 770 100 781 136 145 135 185 221 139 193 126 210 120 102 141 82 173
28 78 102 45 10 688 113 57 758 726 685 741 111 686 702 84 687 50 727 99
403 434 428 477 393 487 486 293 297 324 372 469 379 423 463 328 338 311 339 362
102 729 160 100 138 63 701 674 705 95 133 145 11 673 696 694 37 730 743 33
21 86 114 692 107 161 68 746 745 675 750 671 736 689 688 53 168 686 719 105
351 450 296 397 291 323 451 275 319 484 370 472 328 448 435 353 284 274 452 329
12 95 175 716 686 112 725 25 147 165 746 48 158 747 178 743 129 679 62 167
654 735 89 769 758 649 668 685 663 98 648 104 624 1 682 83 622 768 687 657
190 206 250 113 114 228 243 220 185 161 244 242 235 253 209 211 145 162 172 130
390 470 465 420 348 341 456 336 367 313 497 399 347 498 382 480 443 455 448 438
274 346 240 455 294 361 296 300 469 280 468 275 252 305 293 362 482 285 364 401
405 472 495 449 407 323 293 393 427 321 351 484 308 374 430 348 309 453 475 458
663 680 654 703 69 32 675 37 60 681 2 747 87 706 745 751 711 700 743 690
759 774 156 692 126 777 133 134 694 735 795 751 749 761 148 781 55 755 703 786
60 754 49 116 691 742 46 108 48 0 800 788 792 763 58 753 785 790 74 682
213 240 269 167 241 132 161 131 184 134 253 231 199 262 139 225 255 216 194 259
680 721 19 760 91 681 15 10 726 45 705 698 763 697 739 2 732 708 757 58
23 41 753 718 111 751 681 114 116 112 84 52 90 740 732 13 107 674 679 58
286 305 372 400 402 354 272 448 374 357 259 384 422 246 480 394 449 348 318 250
26 674 43 673 98 737 65 655 666 670 709 753 654 676 664 84 712 7 665 48
122 178 159 793 79 95 164 131 112 198 222 52 98 216 146 189 797 149 181 53
11 734 16 20 670 650 101 701 718 77 713 111 112 700 749 72 0 661 61 38
308 400 469 320 267 425 403 290 455 256 422 432 482 360 328 377 276 314 345 458
566 597 591 588 571 635 542 528 520 619 630 581 613 631 604 534 561 545 544 540
152 791 770 108 224 161 796 172 94 150 165 115 101 230 210 127 795 87 195 754
338 388 294 491 406 269 296 434 322 311 319 431 334 299 317 268 428 383 382 384
688 739 678 22 740 35 39 734 101 72 700 653 726 723 693 751 658 710 1 744
183 210 200 236 172 242 166 171 256 155 215 191 213 232 98 249 250 93 111 107
125 800 791 173 782 86 183 211 110 53 61 760 91 84 138 126 89 802 780 777
61 707 716 700 31 717 685 108 8 76 100 726 9 84 1 111 714 80 69 50
273 339 248 479 486 457 400 310 344 477 235 253 259 387 402 338 481 326 485 282
320 381 467 447 464 342 330 445 400 414 357 369 397 472 356 270 401 273 476 305
37 706 699 683 756 18 753 73 0 49 40 682 657 42 68 12 670 650 663 64
37 115 35 16 87 745 180 81 14 143 152 698 135 770 111 190 109 60 47 62
461 488 482 374 490 411 468 431 296 515 311 481 343 303 522 400 485 447 469 371
71 683 764 687 736 97 63 738 95 667 88 724 40 734 646 759 91 43 754 74
677 744 44 675 686 651 740 88 108 725 774 51 79 722 670 57 20 76 60 77
273 364 345 379 369 361 485 389 322 271 276 251 243 398 486 462 295 363 490 293
30 752 12 715 100 80 742 708 91 79 10 676 711 83 72 736 698 732 782 684
116 161 118 216 141 162 43 170 223 148 176 120 802 117 178 227 62 792 210 800
18 109 740 730 733 188 85 748 755 150 166 745 685 766 678 739 719 734 38 91
247 296 324 408 346 443 262 227 221 417 289 274 339 322 468 251 200 352 197 325
4 44 731 33 699 83 15 10 38 103 111 60 702 716 722 99 20 727 39 43
32 101 132 704 17 54 726 701 183 143 716 125 108 52 35 149 8 59 98 689
625 645 693 692 591 639 689 607 686 630 640 679 597 641 643 649 603 621 624 593
740 752 18 1 789 46 763 655 107 80 95 5 751 800 801 680 729 649 753 796
138 222 214 174 152 107 143 203 240 247 186 154 191 144 150 207 796 166 85 114
258 288 224 279 265 233 401 312 372 286 264 380 400 311 211 394 246 318 391 259
504 521 557 575 538 551 485 572 506 547 477 471 535 523 546 563 565 470 562 541
16 34 86 10 48 57 41 61 91 703 38 4 115 708 105 720 682 688 701 694
7 700 724 21 111 697 667 713 56 743 11 74 674 28 73 77 55 33 705 751
89 134 144 698 149 153 100 5 96 710 146 42 105 7 729 181 155 13 165 47
676 747 107 20 54 680 685 731 21 754 767 0 708 105 64 67 736 44 778 694
120 182 123 798 114 221 214 229 132 795 56 103 47 803 192 785 204 96 149 228
304 373 281 410 380 427 269 371 356 416 252 279 456 253 266 430 350 442 322 437
515 538 490 572 530 545 536 533 582 568 503 559 549 585 564 507 576 486 588 574
345 484 497 329 281 284 312 291 285 507 363 292 504 325 464 289 371 443 517 512
108 132 221 186 176 100 54 795 66 204 55 787 766 29 138 25 801 154 171 147
653 719 91 744 619 12 739 83 693 748 689 54 70 762 86 645 726 35 57 729
19 46 69 30 119 760 685 701 110 674 738 91 11 702 698 694 49 681 48 710
334 369 380 293 337 351 472 356 488 471 374 275 355 346 447 403 467 280 329 365
113 771 48 741 746 197 170 142 166 72 171 200 40 167 791 165 137 138 160 773
67 99 92 108 129 111 743 160 85 706 52 716 33 729 721 91 717 731 46 59
21 727 768 43 56 656 653 685 49 668 69 669 716 111 670 681 85 756 651 1
22 704 76 21 78 0 648 736 676 29 713 15 698 31 102 56 53 19 654 725
388 482 316 443 353 488 526 504 461 414 377 465 455 424 466 473 515 314 463 371
402 467 410 290 424 383 499 301 382 388 317 329 335 334 362 484 309 431 443 371
422 478 423 472 458 293 449 362 455 495 404 365 380 438 353 347 348 432 388 315
729 748 677 75 651 4 690 32 81 736 68 689 6 59 102 707 731 15 769 669
552 585 522 506 562 539 613 544 593 598 586 563 504 594 553 607 516 524 565 616
94 721 174 38 11 653 694 49 691 59 39 660 665 86 182 756 650 670 747 67
20 86 127 80 46 90 156 132 700 15 130 698 140 71 65 752 144 160 100 77
6 108 28 714 695 165 734 151 128 122 146 24 35 729 685 173 707 49 801 54
26 719 758 764 104 730 34 737 64 763 30 25 734 727 664 756 720 84 1 9
612 628 631 639 647 662 603 595 586 616 661 591 634 652 642 636 583 576 637 592
2 745 769 10 64 781 684 707 718 15 25 70 692 71 105 73 724 72 20 48
156 184 138 125 178 106 224 116 204 171 109 102 221 159 168 163 208 94 173 230
485 500 508 486 482 516 381 510 520 544 474 443 383 460 481 549 498 393 343 332
9 30 25 4 0 24 74 696 18 709 23 70 748 19 13 106 62 724 670 73
41 704 684 64 7 70 3 47 49 88 110 752 750 10 747 745 33 61 714 648
576 598 548 628 611 600 624 605 608 563 589 607 609 524 566 593 637 590 523 550
132 774 101 788 220 162 189 141 136 146 109 184 214 773 135 223 130 86 759 142
99 165 127 188 180 92 708 695 42 151 28 33 36 40 77 135 214 153 196 742
269 343 474 256 328 277 263 334 359 492 362 357 365 331 301 452 386 335 254 314
703 722 683 51 52 76 736 760 24 21 5 657 697 27 686 653 25 732 42 70
96 722 65 27 734 735 679 669 118 112 672 663 45 80 20 4 707 675 125 135
188 222 261 139 135 231 190 187 116 245 132 216 156 236 196 258 208 224 203 217
405 456 362 411 403 476 478 415 459 393 449 342 306 382 439 454 390 455 336 333
