620 686 708 738 778 482 1592 695 554 694 1686 1086 1106 1586 629 575 703 571 730 1105
282 1259 390 386 1177 343 1279 250 359 1390 1216 362 1158 218 230 206 312 370 314 1183
4 1516 1517 1046 785 762 2331 150 58 63 1492 1490 760 2311 76 1040 1475 49 784 2350
1108 1148 613 466 625 1141 1096 655 451 565 648 309 322 687 1151 493 303 1176 659 304
1238 1261 291 1191 1220 319 1216 300 1221 1225 322 1282 1233 1264 1200 294 334 1395 1203 1182
607 656 1606 1075 615 500 751 1650 743 1097 1590 1099 1132 734 613 1064 1593 1700 1152 574
1934 1976 2020 1969 2087 1902 2005 2043 1994 2053 2073 1938 1930 1912 2067 1924 1898 2010 1973 1900
1197 1259 312 1283 1167 1207 325 1273 319 1161 292 1414 296 1208 326 1390 1284 1218 321 272
663 1579 1068 616 623 2276 1672 636 711 713 1072 605 1552 2275 662 727 1698 642 1621 1124
283 1179 1240 1249 1209 370 234 329 1250 334 1199 361 1236 323 1189 225 396 255 310 1163
461 514 1089 437 368 365 1715 463 1756 565 1162 1769 2020 372 1724 1100 1094 585 413 425
508 1714 549 1620 1131 1110 1759 1092 1690 567 1119 1730 1648 1710 1744 457 471 1773 1688 1691
64 159 2319 192 153 1438 852 111 2335 109 870 21 1477 92 1436 2343 2327 799 81 1519
1942 2056 2099 2052 1903 2021 1957 2023 2105 1905 1994 1992 2120 2086 1928 1894 1941 1922 2136 2084
22 818 1504 905 904 944 892 93 932 880 855 44 887 1529 72 791 854 27 865 924
144 216 65 108 234 76 78 180 248 1473 119 296 281 293 148 158 161 88 87 170
902 1040 1002 924 794 1003 967 2323 853 889 2316 854 828 21 3 1492 927 1483 946 872
1931 1950 2051 1920 2015 1908 1887 1945 2069 1899 2000 1892 1937 2071 2056 2041 2050 2047 1946 1980
533 1674 1128 1749 612 617 1691 567 1734 623 514 1108 1720 1783 1164 475 1725 1686 1773 587
415 433 395 472 406 340 374 350 1161 410 341 1160 366 494 428 1143 493 462 510 380
702 1086 748 638 652 630 1590 555 1129 558 697 1570 772 762 589 620 1136 1616 1096 700
1536 2340 112 781 179 138 158 114 766 197 1475 149 923 868 762 756 2318 164 767 1453
182 241 1482 205 1474 283 1427 114 1442 118 265 146 302 1419 229 1424 1422 320 292 219
647 1607 1566 686 763 690 591 595 631 1126 1136 1110 1612 586 1608 759 747 740 1688 645
154 1472 1474 209 2343 211 206 179 161 1461 1449 158 111 1437 1489 1433 244 201 153 187
531 626 622 1150 1718 1742 611 569 1157 487 499 1701 1725 535 660 519 517 1105 1727 1685
580 625 504 1638 522 594 1636 1098 1161 1145 558 1690 1698 564 538 1759 563 1749 660 1702
808 1495 835 110 83 131 27 1522 880 841 18 1502 1512 145 2324 49 90 863 117 57
1214 1252 1428 1172 1220 1264 1431 1191 305 1164 1424 1182 1178 1247 1166 1259 279 1173 1222 1284
368 395 1177 1151 431 1283 459 333 437 1159 1291 308 382 1182 380 329 312 285 1152 348
634 1609 588 665 701 544 1624 514 1108 574 543 1061 668 1064 1599 1124 710 732 519 1695
808 1485 857 211 882 204 810 934 147 94 1479 208 159 210 90 165 886 852 926 2329
216 286 359 121 207 249 291 190 1477 364 123 1242 185 238 268 278 145 1451 1473 126
646 756 697 1135 622 726 760 714 1559 781 616 1548 1077 753 763 626 1144 1142 1121 771
1768 1803 1869 1704 481 1845 1829 1844 490 1848 1812 541 1771 1832 538 599 1804 543 567 594
1680 1725 1650 1755 1610 1662 1572 1644 554 510 496 1738 1641 501 1687 1789 1592 488 1573 1709
843 1054 924 1084 1050 75 1034 922 939 810 662 101 926 79 790 1113 1476 889 87 81
119 192 233 244 189 263 249 2339 220 1424 203 231 209 194 256 148 1427 1443 99 191
120 2352 884 2343 166 41 170 1497 808 67 2327 28 1503 878 1506 152 839 157 897 1519
2260 2297 2277 2313 2234 1561 2278 2269 1568 1560 2221 2317 1544 2215 2272 2220 2286 1567 1551 2263
79 1479 838 888 2333 184 1458 788 52 874 161 142 825 2330 797 906 1465 1512 213 109
2227 2247 1581 2179 2263 2190 2282 2267 2277 2222 2275 2214 2204 1562 2220 2248 2216 1584 2279 2210
529 1776 487 1704 1841 546 1129 1752 1763 515 554 1757 470 1800 1134 560 1145 558 1834 532
257 342 1183 443 1156 390 183 224 424 358 236 1264 312 315 400 262 409 1459 401 391
595 1627 1579 659 1626 1667 603 1696 618 538 1609 1685 590 605 1692 1618 543 513 498 1689
1821 1882 1836 1869 1889 1880 1766 1841 1754 1753 1885 1759 1733 1815 1861 1913 1843 1752 1798 1912
1514 2349 21 835 1542 9 195 67 917 1489 921 1517 899 145 1508 786 55 1506 202 2317
1083 1118 533 509 1139 1067 520 1128 469 483 667 657 770 1056 769 1145 1150 1116 705 558
174 203 152 1481 2347 2351 97 239 1479 121 265 214 1489 280 2353 91 161 2341 114 83
772 1504 716 47 1489 91 756 64 1485 1054 705 707 102 749 1501 800 2332 1075 1481 1511
378 406 1283 354 383 280 330 367 436 374 360 314 322 377 394 325 418 270 426 453
76 895 1483 133 22 82 879 861 28 108 851 33 1494 1036 52 6 72 1066 817 938
1099 1124 656 579 475 1135 543 1078 706 502 626 610 1047 631 547 696 595 526 1048 514
176 267 254 301 209 111 1444 367 2338 1431 311 248 372 307 1194 331 1490 225 1428 1435
535 1710 1782 572 1674 1739 577 476 547 1107 1154 1771 473 1722 601 1130 1743 1163 1082 571
1301 1345 1386 1328 1307 398 1325 1299 411 1296 1298 1316 1289 1285 1306 1381 1322 1279 1341 1352
524 1727 612 492 1691 517 1089 1128 529 1112 555 1136 1090 1668 633 1711 1743 561 1670 1699
1090 1115 530 1064 507 512 667 1170 1077 1074 522 544 463 516 1131 1119 1098 1140 614 702
718 1583 1566 615 1697 1533 1536 1065 1580 714 655 1691 775 661 1615 1602 740 643 696 1685
165 2339 149 220 784 810 69 26 865 1527 2321 1444 2343 84 884 1458 147 1488 46 1476
688 782 1094 1104 14 1503 1607 1052 12 75 777 1581 602 1105 1535 1508 1590 796 1091 616
221 269 159 138 244 277 169 255 1171 1167 168 163 135 1443 314 1180 1451 332 308 241
529 1717 624 1118 1126 555 635 1086 602 1763 475 1696 626 528 1794 1740 500 1713 1770 1105
327 1168 255 1175 277 305 1152 339 376 1272 287 1245 374 1264 303 1200 1158 1248 392 1111
1256 1391 1411 1241 1421 1237 320 1163 1181 1425 291 315 1216 1260 1422 1270 1409 1243 283 1417
696 1084 1083 700 705 1125 685 578 1048 541 623 1067 561 1055 601 603 552 672 760 602
281 1227 1202 363 1163 1404 374 1157 1234 330 210 349 284 366 333 1278 287 261 1419 1208
1955 1986 2039 1907 1983 1902 1952 2027 1904 1974 2060 1940 1918 1998 1969 1914 2079 2072 1923 2006
289 373 1266 265 1193 391 214 1196 237 271 312 1191 1226 411 348 1214 263 1178 1230 386
1881 1910 1888 1974 1985 1793 1904 1909 1878 1990 1889 1914 1815 1847 1884 1967 1882 1940 1894 1833
557 1103 1641 1163 706 1083 1761 515 553 1706 689 543 1129 564 1636 647 549 1784 1155 565
641 1058 1035 1119 1099 774 1102 662 1083 1115 713 1127 856 716 885 670 709 764 730 590
364 410 408 450 402 347 396 324 375 1297 445 1170 429 1176 303 1183 288 1286 1303 283
708 769 1097 752 1086 1500 2334 773 650 618 1503 1073 45 1519 1087 668 1516 1615 2335 662
463 1108 1114 354 1062 480 581 563 1113 1117 513 670 1075 436 592 1125 678 515 419 700
768 1092 490 712 528 1123 40 516 1527 656 747 1134 1142 553 575 1141 696 1159 1156 715
23 1495 894 1524 83 2314 26 1486 14 858 867 2346 72 1 907 88 1490 2321 831 806
343 413 361 275 412 272 1180 375 268 328 357 369 407 378 453 1169 300 439 387 444
123 1458 1499 191 113 55 151 198 2337 1480 1423 2340 56 1483 174 114 95 207 110 1438
1 891 32 1023 2351 52 37 2344 1045 147 924 1071 897 1510 780 837 1529 909 33 827
69 861 1054 784 79 922 25 1050 101 843 883 948 960 2344 163 116 1467 1512 24 48
299 1214 399 250 1274 1187 1417 1247 1211 1182 1216 256 1189 1418 1165 1411 354 303 1179 223
304 374 440 1191 427 352 328 1221 1176 369 271 1397 265 332 297 392 1231 217 386 1255
459 518 1105 473 1774 532 581 1140 1752 1129 477 1134 559 511 369 481 528 2013 606 1690
741 1609 761 1587 1550 701 648 700 769 728 661 754 1691 669 672 719 710 656 705 644
1176 1248 1184 295 349 272 366 357 1114 1113 1397 293 1203 1223 285 1153 322 1144 328 1245
495 540 497 1097 494 1674 619 1729 445 1095 466 1757 607 1111 1130 459 590 1735 450 513
516 1734 1089 550 472 568 1663 475 1767 1161 602 449 489 447 1160 1136 1803 1723 1748 464
291 1247 1276 259 268 1256 218 1234 1261 269 215 1253 301 222 1270 1211 306 360 303 1217
198 2348 900 1504 1471 1478 1516 808 903 2327 228 43 897 799 884 1520 887 24 145 99
73 822 1485 908 79 921 1499 935 929 105 32 898 859 1476 862 884 2318 799 778 800
720 1541 2304 781 751 1521 614 725 656 1070 1526 688 1580 1559 620 1602 640 2323 739 630
29 2323 842 867 1526 33 35 57 2342 909 14 821 1550 68 824 1556 764 797 846 6
269 1412 1365 1381 1246 1383 1358 367 311 1362 1393 331 1233 1248 1401 286 1424 267 1377 278
1783 1863 1710 517 1715 554 488 584 568 1906 1807 1892 1723 585 1718 571 1850 1741 1881 1837
169 212 224 205 199 310 163 266 1446 304 281 284 1445 2338 188 1438 1478 228 277 1475
1909 1974 2059 1863 1880 2047 1922 1915 1916 2084 1888 1985 1947 1943 1941 1885 1986 1935 2049 1991
192 2344 157 1515 1471 197 119 216 211 145 28 2336 2338 49 91 1525 278 1518 1447 908
578 1738 1645 1671 1715 583 608 1718 1147 1773 1081 1160 1131 586 1714 1654 536 1808 1790 1149
545 1152 530 1182 1653 1109 550 511 352 1096 1757 1727 574 1099 1763 1783 346 582 1165 298
54 806 889 929 1495 817 883 917 19 1511 902 953 23 72 1487 26 799 102 911 810
897 1485 2348 1039 1477 1521 989 1495 116 0 25 148 901 1458 183 791 1040 2321 30 800
247 305 363 335 1224 1164 370 178 230 1237 365 1182 319 281 219 1170 1197 166 222 1268
335 389 1225 1288 353 384 1239 256 1183 319 347 393 1167 333 1179 1232 370 262 336 1302
2191 2214 1554 2186 2220 2155 2234 2159 2147 2197 2250 1556 2216 2225 2270 2247 2139 2145 2160 2233
489 621 532 603 719 1751 1149 1145 1655 571 1763 628 1724 1783 1082 1062 1750 1698 551 1094
877 2338 27 202 902 800 890 84 776 14 159 909 812 50 85 2336 849 204 952 2330
15 84 1511 58 1481 883 1526 804 41 95 132 50 142 1475 83 763 170 1514 796 824
1921 2009 2013 1943 2004 2007 2000 1984 1915 2051 1995 1873 1895 1893 1909 2075 1908 2064 1955 1996
7 895 9 786 1069 96 924 2318 2353 2330 977 41 43 69 76 934 892 29 86 893
528 623 656 1665 510 1116 1655 1753 1797 531 1777 538 1769 1714 564 508 459 668 1674 1675
657 757 1135 1608 748 624 45 1121 1548 726 707 767 1078 48 1538 631 39 1593 606 605
1245 1409 1165 1399 268 1403 1379 1429 1221 1192 1212 280 281 335 1254 326 1177 1441 1375 1266
515 556 1784 1739 468 543 1139 1703 611 1706 1719 595 1156 1745 1097 610 1640 1667 518 2013
1632 1643 1741 1712 1710 1610 553 562 1629 1645 1575 566 1720 609 558 604 581 599 1653 1732
1874 1924 1824 1864 1956 1841 2004 1941 2002 1979 1907 1940 1854 1819 1953 1839 1947 1792 1936 1796
1717 1746 1769 629 1785 610 1660 1677 623 1706 1721 513 1633 1672 1833 570 1661 1674 596 1702
567 1696 1160 1783 1103 1584 609 1669 1724 1152 508 1620 1747 549 1781 543 1729 1690 1700 1107
274 1240 330 226 366 1200 1211 332 1265 1175 1192 300 201 241 1203 219 243 277 307 1394
96 847 812 167 2338 829 873 917 1484 83 142 936 1482 201 1038 795 797 205 89 1052
1575 1688 657 1618 584 601 1561 630 1554 1673 622 1556 1538 518 736 616 538 1713 716 1689
2091 2129 2119 2013 1982 2054 2065 2147 2140 1985 2053 1968 1998 2095 2165 2108 2017 2134 2121 1979
441 1147 521 470 308 1153 1094 484 487 625 504 644 418 1137 627 511 377 1087 355 1131
888 1508 70 758 878 1035 965 845 2340 953 922 905 1070 2333 2348 849 1024 802 1499 814
666 1605 1052 1568 743 636 1059 1135 1579 1091 1551 1138 1609 1542 1617 720 600 669 715 1056
634 1693 567 1739 1128 630 549 667 596 1716 1087 683 1088 1615 535 1609 1731 712 1610 608
591 1093 702 1094 630 1652 648 588 1725 1079 558 1137 1130 1660 1691 703 1746 660 610 1722
1695 1717 513 1617 614 510 512 1680 1764 1666 1671 1691 624 1581 1679 1580 1713 509 1622 1774
934 2352 183 1018 115 816 856 805 137 1509 938 2344 195 911 197 882 156 995 1031 1508
894 1028 2336 1011 1490 2345 834 875 985 1500 2317 906 1067 792 1493 895 896 932 1056 964
1677 1738 1609 1787 1628 1684 516 597 1729 613 625 1664 1647 481 547 556 1823 536 1748 620
1254 1416 1183 313 1407 1452 227 328 322 1168 1241 218 1194 297 1268 1165 1237 1249 1276 1441
1526 1564 2345 1610 796 2347 695 2325 2344 759 1538 2328 1556 684 765 2312 2333 1598 754 783
704 1583 719 1121 610 1610 729 652 718 1585 632 1692 640 748 783 751 1062 659 758 1548
545 1092 626 1712 1160 1132 1662 768 1701 1099 1776 1156 600 1711 1787 1724 624 1060 668 635
1767 1833 1821 1814 485 579 1809 571 580 522 1849 1899 1852 1729 563 1759 483 1728 1780 1865
1619 1682 1589 1712 608 1658 609 691 1633 687 1588 542 1561 615 1661 548 1618 1587 1672 573
889 2339 1507 875 950 1470 84 1528 136 949 929 169 914 1063 204 12 913 1508 853 1537
320 364 1163 1237 1232 373 285 1233 1243 359 259 1222 310 1224 352 381 1253 264 370 354
1998 2085 2025 2014 2029 2112 1956 2044 2145 1986 2052 2000 2134 2037 1938 2051 2063 1991 1995 2133
2031 2088 2053 2008 1941 1978 1948 2096 2022 2009 2097 2013 2000 2107 1988 2074 2066 2007 1968 2080
796 1535 92 780 896 863 858 903 2316 2297 873 849 2314 22 1515 17 822 64 816 890
1841 1890 1820 1920 1879 1794 1746 1892 1929 1815 1918 1830 1851 1798 1894 1774 1828 1825 1788 1766
45 766 40 673 36 650 2318 95 696 774 60 726 46 685 96 1079 26 107 814 743
820 943 84 994 1014 928 835 970 44 911 793 783 801 840 977 856 957 1012 42 907
435 486 605 424 1162 1090 1770 551 610 522 1092 1727 622 1744 1158 1106 1778 606 321 1113
419 461 395 482 448 363 350 356 1161 1107 498 315 325 1130 516 495 1115 518 1148 503
2152 2195 2239 2174 2249 2231 2081 2240 2196 2111 2218 2221 2162 2142 2199 2147 2175 2075 2101 2132
753 1513 1479 1517 7 2341 724 695 1580 1551 69 67 1546 4 771 1481 683 759 662 18
642 1111 674 1139 1058 1690 1095 571 509 738 761 573 1089 1167 1147 483 534 719 1079 485
