125 137 2789 348 98 1166 357 1194 355 143 394 1154 160 412 1179 117 1142 108 2774 149
710 764 776 822 742 813 824 840 831 810 870 862 873 688 833 871 737 881 700 750
319 1253 398 230 366 448 402 217 359 1234 410 1271 358 401 457 399 247 450 229 347
521 1353 544 1382 489 1384 535 1363 1307 549 513 522 1377 528 1310 1344 520 1389 634 1298
1036 2689 2648 1016 1011 1024 1075 1057 1100 1044 1050 2662 2681 1046 2654 1088 1090 1004 2659 1008
1964 2157 2101 2109 2032 2080 1997 2027 1951 1967 1931 2186 2079 1948 1963 2009 2177 2187 1933 2044
1837 1861 1659 1819 1866 1790 1766 1854 1896 1763 1778 1764 1768 1872 2295 1807 1780 1864 1904 1908
20 2727 1073 2740 81 2738 2704 55 53 1078 1186 78 1188 1210 30 1211 45 1222 2743 38
1938 2038 1964 2170 1982 1945 2104 1969 2142 2069 2144 2031 2227 2023 2175 2067 2177 1978 2071 2171
74 1116 2745 1096 43 115 1208 1169 2731 1134 1215 1127 85 1101 76 2758 2732 79 1104 77
1664 1814 1763 1844 1649 1711 1708 1756 1693 1828 1737 1732 1798 1647 1771 1652 1829 1768 1750 1817
2400 2450 2419 2489 2470 2391 2484 2420 2381 2405 2392 2453 2388 2463 2502 2432 2462 2481 2456 2369
119 1215 1177 1138 70 2749 2788 1137 38 86 388 2729 363 1155 131 1151 1211 1190 407 2775
468 495 455 1262 1370 1260 1336 1302 1277 1309 482 478 1325 488 1303 1333 1310 1354 1313 1296
1953 2207 2174 1983 1936 2000 2179 2304 2025 2152 2018 2209 2238 2230 2056 2221 1950 1942 2218 1932
1839 1876 1844 1786 1869 1916 1822 1884 1753 1778 1770 1832 1820 1807 1841 1887 1849 1879 1836 1746
477 1334 520 505 610 602 534 554 517 465 466 548 541 1282 1310 557 1341 1358 1299 1357
465 1275 478 428 1324 1304 1278 1342 1308 1337 452 1301 471 1297 448 1258 481 1293 1241 1244
2715 2725 1062 1196 2740 1199 43 1223 1053 1064 70 1209 2728 1052 2707 1061 40 36 63 1215
173 279 188 337 239 212 184 287 349 210 372 351 343 180 336 322 342 346 385 333
375 2782 1179 2784 2741 235 2742 1128 1220 185 2791 1206 314 2745 1196 190 394 2769 99 213
80 1224 106 2751 2773 1118 1122 1177 1218 2774 57 1162 116 2754 1242 1176 1096 1104 2779 434
408 1249 175 386 1235 167 449 349 1257 399 351 292 381 201 1222 144 1226 400 129 214
606 634 572 619 655 581 596 573 1350 651 628 1319 632 603 623 630 1351 633 585 1337
188 223 291 260 331 332 1258 274 301 239 300 393 381 228 298 425 384 231 178 258
942 2591 2584 2621 965 2549 899 2612 882 951 726 2532 939 2560 2630 2533 2644 909 914 873
1349 1367 525 468 498 621 514 527 1392 535 604 1327 470 480 1334 629 1354 620 551 1391
844 2552 855 837 898 2536 876 943 925 2573 791 951 711 918 920 963 726 770 2580 790
2015 2043 2163 2210 2074 2119 1996 1955 2032 1968 2175 1951 2066 2017 2002 2241 2121 2212 2242 2149
251 406 395 1207 176 280 104 365 363 374 309 381 322 119 405 278 1240 346 230 313
847 2542 763 748 2578 711 726 967 757 922 968 965 2548 2532 936 894 879 2533 2527 916
979 1007 2685 2639 1042 2637 2652 2609 2651 2686 2630 2683 2599 967 1033 2620 1041 2658 2621 2672
172 343 193 265 209 390 176 385 313 336 188 288 1240 263 234 423 223 339 268 418
1535 1559 1539 1525 1595 1735 1537 1583 1571 1676 1551 1572 1582 1695 1686 1596 1714 1511 1509 1754
233 426 310 306 332 333 189 370 1265 213 325 223 440 262 322 237 441 230 266 1255
614 1362 531 1333 514 1324 1387 541 1314 1329 620 506 509 598 585 586 626 610 1318 1321
937 965 2551 2532 2654 2521 2635 2651 991 940 917 2539 916 2520 2537 2523 2667 975 2587 2620
124 406 127 324 82 279 1189 192 1220 280 2803 1200 152 1134 1185 2798 245 171 1145 217
803 882 768 2581 2534 844 853 808 780 830 905 778 2538 887 819 888 740 2544 2583 904
1951 2167 2118 2236 2123 2107 1932 1950 2009 2170 2205 2090 2216 2122 2227 1930 2129 1944 2020 2098
2044 2108 2159 1946 1966 2023 2181 2190 2111 1947 2128 1968 1997 1961 2213 2154 2005 2162 2106 2088
9 1146 64 1147 1153 113 1122 121 2744 1127 2796 1198 107 12 1188 1123 377 1166 1145 1102
744 908 830 850 782 771 2596 808 2515 817 2566 897 719 822 702 2582 2533 797 2529 2595
199 234 238 210 347 424 332 195 361 313 167 273 1262 228 418 241 382 169 393 277
1957 2051 2044 2138 2250 2018 2244 2135 1948 2209 1984 2043 2128 1994 2195 2103 2198 2031 1978 2049
5 63 2805 30 1194 1154 2787 1103 2788 1192 80 60 93 10 31 6 1190 88 2 2739
403 1210 142 363 60 78 2762 222 1217 423 1243 52 343 314 101 104 146 254 190 191
539 1288 436 1342 421 1302 415 495 578 429 1264 1261 523 1267 486 511 427 419 1361 563
122 365 355 202 2791 317 1168 310 1132 1143 1188 326 268 275 2807 1201 109 155 136 133
2317 2329 2302 2346 2360 2282 2242 2289 2273 2301 2287 2300 2294 2314 2345 2315 2349 2339 2275 2245
1076 2686 2705 2701 1006 1039 1074 1030 2670 1099 1004 1057 2688 2696 2690 1067 1047 2708 1102 1061
515 1333 523 1386 1388 616 608 1306 605 482 541 1300 620 474 1345 1309 1323 508 483 1305
2155 2169 2120 2018 2200 2108 1977 2070 2096 1943 2107 2199 2206 2129 1982 2111 2219 2112 1961 2047
190 351 176 302 134 365 415 247 139 299 141 273 413 220 198 378 164 370 240 181
234 411 154 1226 261 1219 247 180 347 166 368 1213 199 1221 259 292 283 391 399 1238
2699 2713 2674 2715 1084 2703 2730 2714 1054 1070 2709 2702 1058 2680 2701 2711 1079 2733 1107 26
2177 2232 2283 1959 2046 1930 2010 2030 2262 2123 1988 2076 2237 2122 2130 2049 2203 2026 1931 2273
2525 2566 870 943 2509 2506 937 949 2585 2558 852 856 911 2586 855 956 2540 857 801 2510
2200 2281 2219 2031 2065 2265 2179 2168 2236 2250 2044 2038 2040 2057 2230 1924 1910 2042 1943 2266
1290 1303 1264 509 452 613 477 495 528 1282 515 468 420 511 614 490 1277 1259 1308 1323
661 674 690 649 666 653 642 673 685 676 669 681 654 680 687 659 641 689 638 646
1760 1827 1844 1659 1653 1751 1544 1762 1814 1764 1864 1834 1758 1792 1729 1784 1812 1853 1813 1661
1235 1265 150 1213 400 1246 153 440 354 413 1275 1225 1294 455 443 1212 1262 416 355 1215
1230 1260 232 438 234 412 409 431 1215 1238 97 469 99 2774 240 421 1220 1212 447 1258
198 305 406 167 162 258 224 387 317 424 296 328 421 433 206 329 395 301 341 401
2039 2075 1941 2126 2104 2240 2094 1969 2175 1998 2010 1965 2076 2199 2144 2172 1989 2235 2028 2195
749 869 741 738 2528 858 771 782 860 2553 2539 924 893 754 765 706 2516 812 811 2571
1222 2757 2767 1249 2778 98 2734 1214 2739 1241 90 2781 2741 411 91 2768 431 1091 1194 77
2216 2258 2037 2318 2288 2307 1937 2197 2207 2049 2239 2053 2233 2211 1924 1919 2263 2287 1949 2065
493 1355 529 552 498 610 1364 1314 1362 487 1320 546 532 489 471 1308 592 630 1350 1342
327 370 374 172 174 1194 2777 207 173 1179 171 1191 1146 396 387 181 1244 155 238 1250
1883 1916 1899 1865 1925 1871 2197 1851 1855 1918 1828 1910 1928 2192 2223 1935 1807 1827 1924 1933
2757 2801 380 379 86 104 141 139 2791 117 2800 2 127 107 2792 132 2764 374 378 381
449 1249 333 1327 320 321 466 1325 450 1272 1233 1260 414 1222 1279 420 1254 463 319 469
738 769 852 803 746 2582 743 936 801 744 861 2620 925 839 863 909 919 879 856 705
34 70 85 1088 108 107 1218 2757 76 57 15 64 2753 2749 2744 1092 2737 1103 1116 102
1215 2741 56 1145 359 1223 125 111 61 2726 42 68 1217 366 2795 130 358 126 1208 1221
1646 1744 1758 1776 1545 1833 1702 1657 1814 1795 1844 1797 1631 1825 1536 1769 1756 1781 1767 1638
1820 1848 1747 1793 1778 1807 1733 1815 1888 1792 1859 1669 1791 1858 1853 1754 1868 1777 1780 1670
1052 1071 2678 2706 1082 2721 1073 2659 1076 1077 2681 2648 2709 1051 1038 1088 1046 1056 2710 1057
1068 2728 2711 74 2737 1215 2710 1224 1197 77 49 1081 1218 1038 1205 57 79 1076 2680 1090
1634 1704 1546 1586 1565 1658 1607 1576 1742 1637 1699 1650 1692 1707 1689 1647 1727 1553 1639 1745
228 379 185 301 1215 249 242 385 1179 233 240 1150 370 1194 1186 1171 1193 348 1198 2798
325 1251 216 341 182 228 349 218 1266 444 230 441 271 176 193 416 360 267 197 385
230 326 276 237 273 176 312 322 202 342 183 186 249 282 231 169 425 294 343 378
44 88 2780 1229 2748 1154 2758 2747 1213 38 2739 1133 80 1207 1220 82 24 1152 1174 2762
522 1381 1328 1339 1334 1324 547 529 1356 559 495 530 501 500 517 1399 497 549 1316 532
76 101 1212 71 2770 2774 408 2771 96 61 2761 2795 1147 1214 1181 1180 2732 1140 1217 409
354 1192 145 336 407 221 2744 205 223 379 235 135 238 328 107 331 1170 161 1153 2742
109 1210 151 2753 126 2733 2804 37 105 32 1179 2740 406 1116 1236 52 2744 1215 385 2783
162 191 125 180 251 291 360 175 300 286 354 275 192 201 250 210 279 276 427 399
1744 1769 1556 1740 1532 1842 1822 1530 1732 1725 1806 1547 1681 1661 1554 1572 1559 1573 1662 1829
2121 2149 2102 2035 2159 2147 2039 2098 2106 2082 2014 2044 2123 2051 2130 2156 2145 2015 2085 2027
739 903 823 824 778 779 2581 887 715 863 825 813 2597 2579 866 796 712 843 2594 834
1970 2038 1977 2170 2192 2216 2089 2172 2098 2035 2165 2066 2087 2099 2187 2211 2219 2131 1948 2234
2529 2565 948 2551 947 851 855 961 889 786 2538 832 859 2539 876 931 2552 779 891 2578
1103 2756 2697 2785 1082 2737 2769 64 2690 1094 19 2805 1203 2733 2776 16 2775 49 45 2786
495 1315 1333 463 510 497 1280 444 1300 435 491 434 620 543 552 465 1372 507 1375 1374
730 853 786 2579 791 2544 867 2575 801 841 748 895 2557 806 757 882 2550 771 2584 2506
2203 2223 2039 1929 2238 2284 2187 2058 2066 2269 2065 2199 2031 1912 2225 2059 2174 2193 1956 1937
1 1140 94 132 118 19 1127 1194 117 34 373 1126 1150 366 1115 0 93 363 1177 102
224 370 353 376 134 307 104 393 1135 274 152 401 279 349 203 426 1149 103 1139 362
1741 1761 1650 1558 1677 1802 1751 1570 1830 1689 1682 1717 1750 1675 1773 1760 1679 1742 1791 1833
868 2513 764 780 884 742 909 809 725 2497 899 2544 805 2585 2474 2589 808 2565 866 723
1470 1480 1508 1483 1439 1494 1500 1441 1448 1479 1481 1460 1437 1490 1451 1440 1469 1497 1467 1471
1745 1771 1565 1731 1714 1743 1531 1729 1537 1815 1816 1768 1655 1810 1554 1662 1734 1819 1735 1765
278 343 149 186 229 180 285 205 365 335 307 196 251 377 288 351 276 197 223 427
162 328 149 224 247 169 388 396 404 160 147 386 1243 196 402 426 330 240 123 124
2065 2179 2101 1940 1924 1935 2036 1923 2024 2086 2128 2014 2069 2046 1925 2137 2023 2181 2171 2111
2223 2245 2278 2307 2317 1951 2043 1923 2262 1945 2297 1932 1912 2251 1909 2039 1906 2055 2219 2225
157 182 239 313 277 189 235 310 396 308 153 224 346 149 285 326 156 232 284 1239
128 389 374 296 1133 167 212 124 83 1141 395 143 173 1192 380 1184 1137 387 354 1188
1549 1576 1738 1520 1689 1523 1633 1552 1561 1700 1582 1718 1670 1714 1720 1708 1537 1547 1615 1521
165 205 289 317 316 385 378 304 195 398 249 230 393 331 332 326 190 295 405 376
1009 2651 1034 2641 997 991 1036 2635 1002 965 1033 969 2668 995 1018 961 2631 2654 1015 963
455 1254 1278 317 442 445 1267 1272 1251 1240 1274 429 1253 318 480 423 1226 324 474 335
1980 2167 2198 2221 2203 1991 2018 2130 2118 2031 1978 2184 2147 2194 2028 2183 2140 1990 2156 2136
1731 1829 1675 1572 1715 1688 1743 1735 1695 1684 1693 1654 1662 1541 1680 1656 1542 1801 1719 1784
1230 1250 450 83 2791 440 1267 81 428 1273 337 2793 2790 1257 425 437 1252 409 408 323
740 749 800 813 874 2582 756 698 824 881 841 725 791 699 879 774 727 2596 804 866
982 2631 2605 2611 2612 1019 938 924 1041 997 931 2627 962 968 2634 956 1025 2606 2628 2620
1597 1704 1730 1573 1693 1713 1716 1626 1605 1634 1581 1661 1670 1653 1683 1654 1735 1563 1547 1571
1397 1414 1377 1399 1376 1428 1418 1381 1383 1404 1430 1398 1419 1379 1392 1372 1375 1424 1425 1374
1950 2235 1930 2168 2031 2170 1959 2273 2221 1996 2227 2004 1990 2009 2252 2232 2258 2287 2256 2294
814 868 852 2589 2526 901 886 2541 835 2538 799 910 2537 2525 781 912 2557 2568 898 719
2350 2389 2366 2427 2356 2382 2438 2380 2359 2445 2358 2328 2407 2447 2410 2352 2354 2324 2319 2430
2393 2449 2478 2368 2428 2372 2359 2419 2407 2492 2422 2377 2447 2432 2375 2360 2448 2454 2364 2390
242 431 449 420 417 363 1227 1255 362 385 222 323 387 278 1287 1284 1243 1228 413 350
91 1120 1220 1211 84 2727 1136 2751 76 117 1196 1142 2761 2764 60 111 1189 46 1222 2753
732 788 864 743 796 823 875 708 819 704 2570 737 967 734 770 913 727 815 699 826
835 2562 2565 910 940 2532 875 883 742 842 2497 751 843 2569 2579 796 906 2578 895 2522
2064 2136 2159 2113 2069 2063 2053 2147 2162 2140 2025 2196 2009 2075 2154 2033 2057 2014 2126 2034
599 1343 1356 479 541 604 1341 521 611 1362 559 516 531 1385 566 524 525 543 562 1342
1934 2222 2276 2203 2250 1931 2192 2184 1956 2260 2043 2037 2207 2042 2165 2266 2308 2268 2274 2301
27 2733 2754 78 1218 1175 81 1226 1113 1135 1146 1111 2716 66 2746 2718 1092 51 1176 1196
2032 2111 2037 2130 2146 2240 2013 2233 1994 2014 2121 1963 2202 2226 2017 2244 1935 2192 2084 2115
1637 1656 1639 1635 1726 1710 1699 1615 1593 1827 1817 1692 1694 1745 1671 1610 1655 1844 1691 1592
1178 1213 371 2754 26 2801 1154 81 372 383 1199 89 1220 2777 46 100 2741 1164 123 116
1476 1508 1495 1531 1455 1443 1492 1450 1482 1512 1493 1526 1442 1486 1462 1528 1475 1500 1540 1535
963 2616 2582 2649 2644 2639 2605 941 2665 2593 989 1003 943 2546 2571 935 2555 938 2621 2592
2589 2615 901 992 934 2585 908 2610 2606 981 919 746 867 902 953 958 959 726 991 2626
878 2567 813 2583 2565 853 931 840 2532 2548 955 940 809 897 735 915 780 808 786 2555
225 308 399 284 254 293 267 357 286 364 320 213 406 290 430 371 338 414 426 345
1135 1175 1133 113 1200 2732 1154 1150 77 12 2796 1121 126 1162 2799 128 1105 379 1215 2798
1753 1817 1737 1759 1734 1715 1829 1718 1552 1848 1845 1777 1783 1550 1839 1544 1681 1756 1788 1545
727 803 2582 2567 2570 813 914 712 2592 841 844 771 862 799 804 2574 880 775 901 2556
197 235 227 411 397 349 379 365 275 159 252 194 169 413 1263 183 384 428 265 390
2513 2524 918 2532 842 2565 914 2518 2508 873 2534 925 2510 2536 848 2525 2564 2469 908 2538
738 862 841 920 730 784 839 850 2526 890 2519 857 2563 797 802 911 933 790 2584 2513
194 363 161 234 421 121 354 325 246 122 116 1150 361 305 143 355 368 1155 207 166
