427 525 540 401 645 522 410 459 651 523 619 465 562 595 501 417 394 524 514 636
965 1000 947 1028 955 1032 956 974 994 973 977 993 961 998 999 1010 972 951 938 1007
138 869 833 53 46 62 58 40 855 55 170 64 884 36 104 76 154 44 883 877
774 788 786 760 812 765 803 742 808 762 766 806 785 771 773 802 821 745 794 744
1204 1392 1192 1218 1369 1395 1394 1386 1381 1373 1408 1184 1372 1367 1203 1207 1374 1401 1378 1209
238 327 375 223 229 284 324 214 215 718 298 717 699 706 365 299 395 309 392 204
54 76 857 131 851 839 122 106 906 38 834 880 166 119 41 47 56 124 43 173
372 532 609 586 433 628 234 661 340 428 420 635 617 362 505 576 550 254 559 625
41 79 44 104 42 137 112 123 111 119 118 900 927 132 3 173 46 176 894 839
1137 1188 1152 1132 1202 1209 1181 1109 1165 1128 1127 1151 1118 1101 1114 1156 1157 1107 1138 1105
211 715 683 740 201 275 204 281 699 236 244 222 208 280 251 277 218 267 711 730
388 537 422 230 385 387 412 418 600 667 603 364 515 352 421 330 630 419 405 327
393 417 240 488 586 472 471 536 448 510 446 578 443 241 434 513 512 461 392 402
215 687 213 703 284 264 672 286 191 262 272 178 198 238 281 259 200 219 182 277
1144 1189 1138 1207 1214 1183 1122 1130 1121 1103 1213 1160 1134 1187 1203 1142 1199 1125 1127 1116
976 1020 1016 1033 961 1028 971 1018 996 964 951 1000 948 993 988 965 980 1025 960 1008
406 484 526 385 431 564 553 439 404 383 528 514 540 555 461 498 378 426 455 545
63 838 843 904 95 868 65 88 68 46 869 120 72 128 74 839 80 134 847 143
984 1014 1024 961 1013 953 985 1016 1019 1010 975 986 1005 1033 965 1000 1021 995 959 989
1243 1309 1292 1307 1249 1348 1319 1294 1229 1246 1277 1344 1334 1247 1297 1269 1296 1265 1263 1291
159 193 9 62 149 52 155 139 171 188 21 63 145 205 210 136 213 202 44 64
537 594 646 609 624 541 411 638 374 510 381 408 423 392 544 656 384 566 614 559
7 162 911 906 148 49 21 939 11 179 24 188 921 198 1 169 143 20 138 61
844 862 866 110 118 818 139 869 821 873 896 74 898 78 889 865 102 900 822 827
21 160 188 50 898 41 171 9 150 907 1 935 925 164 199 37 933 910 26 6
411 569 623 448 456 539 433 487 515 455 540 408 447 472 445 421 426 453 491 602
23 932 42 953 960 954 907 915 40 909 939 931 154 27 962 913 908 192 941 961
225 290 196 546 279 727 263 382 679 287 349 729 395 719 377 713 210 214 718 227
528 563 527 585 652 574 579 592 660 541 629 508 569 609 602 566 578 415 419 510
389 399 498 495 570 416 568 541 381 406 535 316 496 422 352 552 556 403 246 517
746 768 808 766 762 795 785 775 745 779 759 730 796 788 716 770 753 735 750 784
106 846 123 113 835 64 853 902 63 878 55 86 889 104 819 863 125 865 855 75
1110 1134 1103 1100 1089 1168 1170 1107 1164 1131 1119 1193 1158 1149 1187 1159 1128 1199 1115 1101
1122 1149 1108 1192 1169 1137 1183 1181 1131 1171 1166 1141 1151 1168 1184 1201 1117 1178 1191 1167
1123 1173 1198 1143 1110 1174 1184 1111 1150 1176 1133 1116 1137 1138 1118 1142 1100 1157 1177 1179
1234 1281 1223 1263 1332 1255 1239 1219 1266 1325 1242 1268 1324 1249 1238 1359 1358 1246 1285 1362
492 524 656 648 554 603 443 613 604 496 641 578 630 521 534 431 587 574 569 638
527 583 438 632 523 400 495 579 607 560 440 1364 551 510 1345 563 619 532 537 433
70 149 164 82 857 19 160 887 141 903 837 159 48 121 842 65 893 88 873 95
647 1334 1226 655 530 1361 1221 1331 1360 628 595 1317 549 620 1338 624 1364 579 610 669
502 521 569 553 394 486 432 382 633 399 621 522 455 551 554 536 452 644 649 481
401 487 515 448 392 452 562 497 533 496 548 543 404 449 461 362 413 516 364 420
32 67 865 862 895 854 15 921 909 887 107 51 85 65 61 932 89 911 917 172
117 865 837 143 81 72 896 63 78 881 115 124 891 92 894 129 113 860 869 119
447 486 403 438 413 420 400 518 514 488 409 499 410 455 505 500 452 519 456 508
613 658 601 645 555 595 558 674 577 653 581 631 687 553 617 1370 547 611 616 551
210 264 707 738 318 235 324 242 701 329 710 249 223 692 730 685 722 252 310 731
575 1363 1366 1385 1232 595 1388 554 1332 643 398 602 528 535 1331 645 539 524 1337 517
498 520 568 614 556 615 534 570 484 526 611 598 424 606 438 563 453 415 463 640
578 607 399 535 398 394 553 657 400 547 638 629 651 641 624 603 562 540 567 1363
1214 1383 1204 1377 1237 1359 1380 1212 1379 1190 1372 1307 1364 1242 1223 1205 1369 1318 1309 1373
1250 1303 1271 1246 1264 1241 1265 1251 1327 1334 1269 1305 1236 1272 1319 1270 1234 1247 1329 1330
145 167 172 78 147 82 91 196 33 143 77 847 86 94 194 38 40 63 200 53
221 284 344 249 280 261 682 270 673 243 675 246 242 719 356 667 195 669 388 279
1256 1305 1298 1267 1332 1244 1238 1327 1257 1215 1270 1329 1313 1289 1239 1232 1253 1234 1308 1227
138 901 140 917 865 63 870 89 137 46 129 904 52 858 921 888 98 919 104 878
225 551 609 660 373 547 692 277 670 515 719 415 202 257 687 620 705 725 231 619
86 865 146 97 837 145 65 877 149 861 67 845 889 859 115 888 892 64 51 141
535 615 623 524 566 382 576 590 374 588 635 649 379 372 658 582 412 506 385 607
643 1335 1307 608 1344 660 1226 577 1319 1358 534 1320 1220 525 1357 553 601 1364 539 1368
1129 1153 1166 1177 1174 1137 1104 1116 1112 1110 1195 1188 1194 1172 1187 1143 1173 1192 1176 1115
676 703 561 213 553 729 557 666 250 258 233 253 664 734 726 249 251 214 558 228
290 321 300 385 232 305 714 371 242 248 316 234 282 239 279 724 337 334 301 376
1129 1189 1168 1124 1103 1170 1127 1143 1148 1101 1118 1163 1201 1185 1171 1164 1102 1132 1111 1136
1124 1169 1149 1139 1197 1122 1154 1145 1132 1110 1120 1098 1174 1141 1199 1114 1179 1102 1130 1178
394 424 226 561 542 236 584 479 573 420 580 566 217 498 563 446 377 508 538 397
532 551 566 369 579 599 231 372 525 620 593 529 550 654 616 643 370 387 426 569
555 583 577 607 669 663 564 634 656 667 529 372 609 543 628 388 565 548 678 533
769 802 763 765 818 827 796 778 804 767 798 739 809 740 777 814 785 813 793 803
50 910 929 81 8 73 157 68 37 70 39 42 918 22 88 149 5 38 55 91
414 504 460 431 459 540 392 468 415 474 455 403 534 476 430 500 375 532 391 522
393 413 538 235 462 408 236 378 357 434 359 548 220 522 444 455 481 230 580 437
209 699 217 250 230 708 226 685 263 253 231 678 203 191 689 181 727 240 245 706
629 657 642 521 610 634 633 551 573 520 645 538 532 1352 1374 607 662 546 579 1369
39 58 112 49 63 187 57 92 5 871 851 140 890 884 93 916 1 873 921 901
526 604 491 603 416 653 499 592 392 594 383 514 640 415 585 521 623 637 535 608
133 857 106 159 887 93 868 115 103 854 882 852 873 125 865 81 54 69 60 97
69 853 31 58 838 108 84 884 35 111 52 94 131 840 154 905 161 889 88 67
318 367 261 360 345 382 257 364 343 316 358 320 309 249 402 279 534 298 290 233
161 194 62 179 208 156 10 41 178 209 152 67 159 150 216 43 185 164 195 222
206 709 676 237 249 191 210 691 192 677 205 715 211 692 173 223 251 711 694 220
270 738 317 749 269 765 306 265 283 233 214 224 216 302 313 759 234 708 310 303
73 898 89 27 90 838 902 916 18 885 104 88 901 115 859 917 871 882 82 888
52 162 884 15 94 854 7 35 166 903 11 856 862 143 149 178 904 88 902 907
536 560 586 416 638 607 515 627 564 405 592 550 580 398 597 622 574 563 554 590
553 613 582 224 589 620 594 554 541 630 644 528 664 667 591 560 617 586 584 400
59 878 835 149 38 55 97 56 882 123 115 126 850 881 121 75 848 163 91 43
991 1002 1015 1035 967 966 978 962 1004 957 954 1008 1003 972 1036 953 1023 979 986 983
332 360 301 314 286 330 400 317 349 321 366 288 267 311 294 308 263 322 295 304
529 622 565 539 642 525 495 657 420 426 635 375 581 532 514 607 401 376 576 507
557 569 377 585 524 668 679 519 630 602 403 596 664 592 655 538 589 405 666 570
710 728 739 294 686 298 219 677 295 266 256 229 688 211 742 264 706 205 268 283
80 849 156 106 82 875 133 860 61 104 40 890 58 135 92 839 79 852 888 847
257 323 721 702 718 235 289 733 332 253 734 358 246 713 389 329 709 212 300 210
383 511 420 504 392 393 417 360 411 437 327 324 407 517 485 414 483 421 245 340
1147 1179 1097 1200 1133 1145 1184 1132 1120 1189 1127 1099 1142 1136 1192 1123 1103 1170 1176 1105
238 699 310 207 324 243 365 292 686 294 689 281 258 693 303 395 286 727 251 244
1229 1360 1287 1244 1335 1220 570 640 1307 1339 1314 632 580 1375 1209 1293 1346 1225 1359 1325
555 614 663 542 567 530 626 660 399 646 579 560 557 581 593 623 642 649 587 667
1243 1267 1276 1306 1229 1305 1275 1266 1224 1253 1311 1321 1235 1303 1323 1282 1274 1249 1298 1234
998 1021 1013 1030 1035 960 997 1015 963 974 1018 979 953 1014 1004 1032 976 982 962 1016
712 734 207 745 764 214 224 687 285 256 719 268 253 699 715 718 730 683 215 756
325 376 305 374 346 523 320 336 371 280 411 264 254 349 361 417 235 284 369 258
716 741 759 275 294 288 753 738 724 726 247 258 694 686 283 256 215 285 243 756
1176 1192 1194 1202 1100 1392 1124 1146 1213 1198 1183 1118 1191 1394 1112 1187 1151 1158 1163 1150
11 178 203 210 168 904 150 939 14 199 13 932 145 186 922 187 204 146 917 171
955 970 1023 928 999 947 1000 1020 942 933 988 956 926 992 998 989 940 954 925 972
1099 1123 1107 1134 1200 1175 1171 1120 1091 1185 1104 1173 1187 1113 1116 1118 1146 1084 1115 1119
237 381 350 282 347 691 700 412 548 523 279 291 315 400 221 307 417 215 553 386
718 747 696 270 687 292 694 773 697 210 214 221 728 269 216 282 237 759 248 288
473 504 486 529 406 409 491 512 498 423 404 441 405 399 443 484 400 461 428 507
401 488 421 558 462 507 375 454 423 460 399 524 470 523 446 467 364 566 405 468
245 722 725 260 689 231 720 367 712 751 283 741 710 694 745 299 293 732 737 708
1033 1041 1022 1024 1023 1026 977 1001 1037 994 1036 991 990 1004 1003 986 978 1007 979 1013
383 515 393 402 354 503 358 310 332 408 492 442 497 420 228 427 534 384 494 449
83 850 131 825 59 106 134 860 49 81 138 46 94 126 868 111 839 103 882 117
1272 1299 1234 1241 1236 1243 1250 1256 1218 1220 1300 1268 1305 1252 1303 1284 1263 1313 1294 1275
323 346 301 379 348 259 388 314 311 298 363 280 351 236 376 369 315 289 350 377
530 645 561 616 1345 666 410 506 1343 594 1349 566 500 608 411 394 647 508 1359 518
122 850 898 862 875 821 119 103 97 140 108 76 134 101 861 893 846 880 843 876
253 713 215 691 704 206 359 251 297 255 207 283 269 328 361 705 261 266 274 275
490 507 408 427 530 527 461 424 418 513 485 426 438 498 423 457 479 429 483 470
117 852 890 844 95 832 112 899 846 81 89 114 108 139 141 93 833 88 137 98
322 361 331 336 383 253 373 241 242 332 256 385 312 334 338 247 281 278 273 375
24 895 869 69 17 851 18 853 27 864 860 196 845 850 31 885 911 45 921 43
587 1345 554 1342 1328 533 1357 557 543 645 590 1226 662 1364 1346 1225 1352 1221 524 534
919 940 937 933 895 49 41 28 953 938 5 972 960 939 942 901 902 8 920 17
1246 1306 1215 1250 1220 1291 1232 1228 1328 1278 1258 1295 1331 1336 1252 1259 1311 1222 1251 1265
244 720 719 739 316 231 375 367 382 385 728 255 749 266 257 230 281 299 386 305
409 554 674 432 578 580 502 607 648 563 225 535 459 633 443 587 608 576 671 569
730 738 743 752 726 740 270 276 265 268 725 283 257 267 713 702 298 290 722 748
78 891 30 61 70 131 121 838 840 19 886 22 154 907 847 910 869 52 116 109
573 628 542 577 547 614 520 390 516 649 658 579 600 574 399 656 1362 404 665 563
72 859 845 868 39 152 84 61 135 95 895 94 99 156 825 46 870 68 879 831
16 42 915 69 39 160 29 897 13 171 28 894 912 896 18 918 65 7 177 143
761 794 745 768 765 731 754 773 781 734 743 791 812 775 808 820 780 787 750 748
457 510 435 407 489 509 416 476 520 527 426 513 387 381 530 391 428 461 485 467
539 570 610 414 420 378 644 1358 382 596 637 591 408 380 407 411 647 618 379 389
479 499 483 441 477 519 453 422 467 436 425 421 486 418 407 428 431 450 484 454
80 101 852 71 98 872 60 66 97 148 110 59 50 70 69 130 109 864 72 75
311 353 249 231 293 364 299 351 315 301 372 279 253 229 296 287 387 371 266 385
0 905 57 177 52 47 33 64 895 140 25 146 909 893 153 183 932 910 147 12
561 616 674 595 380 389 394 651 607 530 554 617 654 553 663 666 603 609 653 548
1236 1303 1233 1213 1302 1287 1296 1312 1266 1214 1275 1253 1220 1232 1301 1215 1313 1256 1258 1298
652 1372 1229 631 529 629 548 1207 1347 1224 1367 1369 641 552 555 660 567 534 595 657
1268 1307 1273 1283 1347 1281 1352 1323 1241 1333 1305 1285 1324 1341 1253 1243 1276 1237 1302 1345
123 851 823 856 892 839 69 96 834 109 829 131 71 91 858 95 51 142 99 83
61 844 100 105 36 71 138 137 49 832 89 127 99 48 31 74 860 897 34 857
293 724 344 725 232 330 247 230 228 272 365 736 224 252 349 338 712 341 284 322
1132 1181 1204 1135 1207 1115 1157 1114 1121 1167 1147 1184 1102 1145 1156 1186 1191 1164 1113 1108
