173 1163 1202 253 292 142 60 28 138 1189 51 1136 67 169 30 289 62 154 38 188
457 499 418 571 537 356 514 429 481 343 458 545 531 511 413 494 559 563 562 346
867 954 900 888 838 1005 1380 907 927 1034 886 928 1367 880 1009 968 938 1373 887 852
278 290 353 136 270 258 148 207 252 1267 261 323 146 254 332 372 302 1273 316 1274
691 797 705 586 607 590 692 615 753 581 553 672 796 619 596 849 752 598 743 750
996 1363 965 1063 1083 1292 952 1263 945 993 1395 878 1358 1023 1107 1019 1097 1379 1119 1053
1006 1396 881 1282 1330 1121 914 970 1127 1333 1099 906 893 1026 936 1033 895 1007 1046 1378
197 260 235 1203 301 134 294 383 151 1236 384 1194 1222 1276 3 210 96 307 266 200
1329 1367 1321 1376 973 1074 1350 1260 981 1319 1044 1118 1345 987 1093 1071 1065 1060 1372 1067
409 437 416 471 520 412 541 399 444 469 525 462 527 351 443 529 350 533 480 398
100 124 205 310 301 151 17 97 1124 289 336 90 238 76 1167 1148 1200 1138 10 13
1053 1292 1026 993 1057 1391 1300 1009 1042 1380 1398 1087 1290 1277 1269 1050 980 1119 1299 1263
126 282 90 1263 375 367 230 1209 61 1254 51 52 15 1138 1147 233 292 174 308 1195
457 541 548 683 521 572 549 440 483 543 538 620 422 436 481 574 681 604 446 500
613 651 753 723 743 691 667 616 760 570 795 587 794 682 633 670 565 745 640 636
98 236 8 1233 269 1148 1181 39 218 274 11 12 152 1169 1258 175 7 1209 1210 130
1147 1246 1115 98 1157 117 1267 1203 15 1178 1189 108 1200 254 1218 253 88 271 267 50
43 110 1172 1197 98 1193 69 92 1109 1166 1225 1157 132 37 1070 1232 61 26 1094 80
1163 1204 163 25 127 1253 1172 1155 255 119 1245 1170 1137 1207 42 1158 4 1210 16 48
1002 1357 1106 1069 922 883 1046 1030 1050 1256 1306 1274 1105 1121 893 1405 1382 1336 908 1277
1025 1406 1060 938 1080 987 1288 1265 1273 1090 1340 1114 940 1001 984 1093 1376 1346 1364 1048
594 786 846 595 544 568 695 691 716 779 733 566 861 517 596 649 754 648 812 781
549 680 591 779 772 621 555 739 632 623 657 507 792 673 495 605 535 616 602 654
615 643 621 756 668 622 734 596 765 662 649 676 733 642 789 790 731 594 700 577
1270 1374 1113 949 1309 1313 1381 969 1231 1003 946 1271 1079 1350 1290 980 1343 972 1298 1073
158 1226 1206 1191 51 1200 95 150 254 1235 11 167 240 1234 86 189 1241 166 50 1253
701 812 761 790 625 793 712 607 736 875 769 602 763 886 838 647 618 632 797 879
363 425 308 270 406 407 483 446 267 442 317 378 444 264 373 329 445 294 274 234
86 131 107 1200 254 1229 1178 31 1204 1152 212 49 112 25 24 66 306 62 166 279
203 265 363 1265 227 1213 1258 223 1253 1245 350 93 1227 69 1200 368 1181 11 196 333
1051 1304 1123 1131 1273 1323 978 1346 1344 1282 1348 1310 1066 980 1293 1042 992 1261 1331 1367
86 1146 1262 152 1217 158 233 269 15 283 85 122 242 1170 38 1204 1148 1213 1196 1111
145 265 298 289 1236 299 112 353 167 1239 179 278 369 1266 1219 51 37 25 1231 287
1112 1403 1116 1357 1400 975 15 1089 1007 1324 967 40 1265 1058 1123 1280 1135 1099 1293 1107
1294 1352 1370 1083 1368 1305 1106 1390 1124 1021 1099 1354 1026 1062 1065 998 1044 1045 1101 1086
1020 1326 1040 1001 1031 1332 1366 1022 1283 987 1371 1019 916 922 939 1038 1060 895 990 968
1059 1101 1396 1094 1093 1322 1295 1097 1098 65 1111 45 52 1041 1378 1057 35 1033 1255 1375
548 588 717 509 452 451 476 718 747 664 668 524 501 788 466 782 720 573 576 437
1004 1394 1031 1133 1386 972 1051 888 1260 1018 1109 1015 1112 1365 1110 1028 1353 1070 1402 1356
489 519 598 480 562 486 496 561 441 590 546 548 469 592 505 421 539 420 527 520
572 666 565 533 757 598 547 641 633 656 809 544 592 719 789 590 535 761 734 573
471 557 430 627 514 622 521 591 660 625 631 642 635 422 632 601 552 439 451 603
5 1170 53 149 177 1252 136 1197 83 1185 225 1238 250 254 142 39 1144 168 131 1209
1268 1374 1090 998 1132 1299 985 1068 982 1049 1221 1137 1077 1042 256 1406 1295 1302 1052 1144
793 878 837 918 717 941 931 936 666 674 822 858 829 909 835 862 873 697 866 706
246 346 236 2 1179 412 337 240 1252 395 267 369 373 1180 248 387 330 109 273 351
240 1241 1157 1195 273 219 56 1270 1141 1235 186 137 43 1169 226 248 1258 1226 283 292
1111 1371 984 55 1306 1334 1406 1403 1015 1392 27 1375 26 1345 1066 1377 1008 1353 22 1131
841 945 949 878 889 726 897 780 719 853 1379 737 876 741 845 763 747 874 904 772
803 830 874 788 882 904 837 678 900 776 717 906 771 730 745 756 933 944 841 782
1017 1363 923 1336 1319 1043 1297 915 1099 1109 934 1107 1367 1310 1040 1044 1384 890 891 1074
39 1131 1292 1163 1238 131 1370 1316 36 1354 93 57 1338 1341 87 1221 1072 1344 144 26
1101 1125 61 1317 1299 120 1399 1369 88 1049 59 1383 1134 1281 38 1319 1395 1314 1051 1268
595 614 520 705 583 660 739 764 616 630 774 629 556 704 657 551 585 627 572 555
685 785 638 651 770 666 774 661 583 735 623 700 782 802 596 744 593 658 716 692
945 998 1344 972 837 1369 1390 1352 1342 1393 1387 1044 894 927 915 926 1028 843 874 999
605 629 701 640 559 609 687 548 607 667 604 641 562 535 564 600 563 624 594 544
653 764 631 613 798 831 650 838 678 585 778 712 861 725 559 659 843 825 858 646
122 201 91 126 1126 81 304 288 1194 44 244 1169 1159 24 132 196 12 18 76 240
105 298 1128 99 94 53 1177 140 1196 12 51 326 154 337 1164 145 247 1144 48 40
206 1192 181 111 1214 120 84 248 149 138 1179 168 205 209 268 131 147 155 1167 264
10 1213 1146 66 39 244 1200 19 15 17 1242 1 264 1141 37 1167 50 1173 204 1252
78 1184 1210 23 81 114 47 280 1 149 5 135 43 126 182 256 1221 136 1245 127
121 1196 125 263 135 1124 25 1251 11 28 1149 279 117 1150 1242 1146 203 266 1187 179
579 614 652 787 585 649 790 613 550 561 707 619 693 698 701 582 638 596 791 702
870 911 841 776 772 950 996 746 867 813 796 1011 921 1019 913 974 907 930 747 932
243 1227 249 49 253 18 166 144 1267 362 233 1144 1269 173 201 57 1150 306 273 299
659 716 794 567 617 798 715 699 791 676 639 693 837 724 685 654 621 588 643 691
28 109 281 316 54 127 1182 333 1114 46 18 118 288 1167 1151 1086 29 1074 1205 1136
232 1250 1139 167 1230 1143 1202 1145 1211 1236 10 200 289 0 1187 1134 136 97 1294 128
274 368 206 1172 1190 439 90 265 377 374 413 254 1246 414 370 260 239 434 388 346
1038 1068 1011 1274 1267 1388 986 1285 38 1335 1033 1101 1377 1091 1339 1375 1018 955 27 1276
1025 1056 955 964 1401 1057 924 1114 1274 954 1291 1062 1302 936 1053 965 1301 1121 1263 1402
576 597 794 722 598 651 702 571 763 549 773 569 570 528 612 767 761 697 640 613
584 723 626 834 827 536 644 508 531 837 524 672 779 543 629 636 783 506 832 698
509 546 666 552 472 488 672 443 594 579 603 685 505 508 671 683 688 609 592 587
254 338 305 1170 1179 118 131 212 119 1182 310 298 1251 1216 341 248 225 220 235 312
645 723 690 748 606 698 716 681 800 559 581 666 724 643 697 795 651 661 796 770
444 548 419 540 388 680 346 473 450 552 457 357 675 547 517 530 538 668 451 485
1177 1202 163 209 1140 66 1150 258 0 273 27 1174 1216 72 183 21 47 97 1144 1242
1233 1267 1194 45 18 1281 1203 1059 46 1062 1253 1368 1295 1309 1290 1197 275 166 1265 1159
1 151 1224 99 220 93 1223 217 89 207 219 19 66 1147 141 1246 164 1240 73 1164
1179 1240 95 21 1158 1243 57 31 244 119 1203 125 115 60 219 58 134 7 129 1216
1302 1380 1109 1106 1371 1094 1047 976 1339 1275 1046 1402 1341 1255 1394 1000 1134 945 1124 1325
1097 1403 1328 972 1071 1368 1342 44 1012 1378 1285 1391 1298 1405 1104 1256 1337 1346 1056 1369
141 219 1208 216 228 134 40 1209 1233 227 267 67 88 71 250 1185 103 125 1166 110
5 193 178 269 1240 65 113 167 1172 14 1251 216 128 99 139 1228 130 1211 1233 198
78 1146 99 1150 1215 190 118 272 16 6 115 1099 96 111 1106 1219 1135 1171 106 50
978 1355 1005 1066 1284 1037 1085 878 1277 1089 1124 1395 1121 941 1345 1116 928 1093 881 1386
265 285 258 1238 108 1264 1 1190 1239 377 139 267 1175 74 134 206 1203 382 275 347
233 357 323 4 453 285 297 126 219 371 145 409 162 375 150 293 70 236 423 246
1099 1394 971 1396 1046 955 1097 1005 44 1129 36 1389 1126 1106 72 1006 1268 1071 1128 1390
145 204 1175 1201 232 38 176 208 94 206 251 119 1199 123 1210 273 181 88 1220 225
106 1186 3 302 102 323 1146 1214 119 1206 284 270 250 185 1149 21 226 188 199 272
153 1210 39 48 1235 6 30 1202 193 90 1212 157 122 86 1205 1158 16 81 260 165
992 1347 943 1393 1319 1099 1111 1288 1324 1359 900 977 1375 1108 880 1045 984 913 1018 1089
877 999 1016 1370 1341 1000 951 975 1025 829 796 983 994 1397 837 1048 973 898 929 1347
141 199 1224 82 139 1190 266 287 37 242 1171 1209 122 1165 21 230 1181 133 1201 1
191 235 101 121 1172 179 136 291 182 65 71 238 1239 5 152 171 1228 1243 87 1180
1016 1032 1395 902 905 921 974 1004 994 957 1338 1037 896 1392 1333 1062 1047 1290 1069 909
63 1257 1230 281 1353 58 1121 1292 1135 1103 1287 65 1208 10 233 27 1321 245 136 236
63 1092 1211 1376 1165 1362 28 1099 1180 1217 1194 1361 1338 1218 1383 1375 4 1367 1282 1212
77 1133 247 111 1119 1193 61 1218 18 257 260 229 16 1322 1303 1086 1271 278 139 1184
1166 1208 154 1247 79 1157 25 35 210 222 4 266 28 198 129 1183 223 1170 31 1211
78 234 129 9 83 60 1169 1137 288 75 144 141 0 367 1163 89 1243 372 58 1168
56 1223 26 1228 128 1126 1069 144 256 1129 1221 1250 9 1156 243 1165 1216 70 78 40
263 381 92 445 357 1256 1179 434 439 1243 262 340 354 1225 336 196 410 216 254 310
760 870 833 592 867 820 827 661 660 949 940 875 774 963 952 831 575 849 943 905
669 793 720 755 593 822 836 633 752 870 645 792 665 622 781 835 642 597 777 825
524 578 449 506 689 655 468 451 773 782 510 619 490 544 548 647 453 455 611 644
199 1211 1245 269 150 274 218 72 1230 2 36 263 81 1195 103 123 19 49 160 166
291 335 251 286 258 115 353 114 1160 104 91 334 245 263 370 327 123 242 266 131
577 773 768 538 694 553 659 557 518 764 755 645 618 856 625 785 779 791 759 772
4 96 91 195 31 80 114 69 297 13 65 205 1205 38 1197 284 1219 219 1094 97
1005 1378 1279 1280 891 1375 926 941 965 1129 1076 919 1285 1265 934 1112 970 1273 890 1307
24 1141 1201 7 1072 1125 1112 97 1084 1166 48 1159 1179 1108 1092 1200 1086 117 1073 1117
326 344 327 463 116 387 136 122 378 283 371 464 248 249 285 269 399 398 429 271
1069 1346 1322 1096 56 1260 1275 1280 1101 1347 1117 1325 1003 1047 1028 1374 1106 991 1076 1317
577 651 592 709 751 779 706 756 606 735 512 684 607 770 769 649 549 791 655 590
134 1202 238 1173 65 156 17 1149 116 264 1194 236 1249 220 1239 72 2 1142 1248 1192
434 482 367 423 490 421 402 362 424 369 445 517 498 471 427 478 533 348 525 368
135 1187 63 276 1196 265 0 96 1228 192 1204 1152 1155 1178 266 48 267 246 113 1176
837 902 834 893 853 785 1020 934 788 812 809 751 822 859 996 905 738 743 889 928
72 1247 1131 51 1138 1096 1192 156 123 1285 159 5 238 230 1103 257 146 99 1200 259
1187 1243 273 263 225 1174 1281 1152 1238 111 84 1215 56 1160 251 65 1213 1167 105 34
936 984 1402 907 1350 1018 1374 948 1395 924 1385 926 1370 828 986 993 1369 848 937 982
483 503 472 485 499 544 452 549 571 510 500 551 444 554 566 513 486 546 468 572
815 880 873 723 716 992 957 733 783 726 958 978 942 904 906 856 681 913 897 724
1067 1120 1365 1282 1376 1278 64 1345 40 1134 1288 1361 1098 1287 1083 1382 1063 46 1088 1389
227 272 240 1208 256 298 78 367 373 145 144 178 319 1175 202 279 191 291 343 349
506 555 633 620 509 495 508 468 548 597 445 497 579 544 574 462 533 528 607 596
1105 1292 1125 1138 1358 1045 23 1064 35 48 1390 1398 67 1051 1251 34 1040 27 1110 1287
89 114 320 1159 288 1150 97 121 338 203 273 133 38 1178 306 230 1158 82 1200 237
1065 1291 1270 1377 1365 1122 1023 1123 1282 1115 1259 1363 1035 1121 1370 1359 1353 1052 1029 1055
1186 1209 1149 3 1154 63 187 164 147 109 91 1151 122 64 179 1244 133 255 204 103
1213 1254 1252 1246 24 1126 1184 1238 32 1122 132 140 228 119 111 1193 1154 1133 1276 82
709 799 756 828 873 636 876 742 710 599 686 833 594 687 737 813 663 603 774 758
1105 1125 1352 94 1405 1346 1372 1382 83 26 1134 1344 32 1317 22 1371 58 1336 4 1047
2 269 246 168 122 217 151 1128 1197 369 1186 8 357 9 21 1156 285 32 1155 164
600 714 643 814 550 594 816 538 790 563 645 767 640 636 794 652 743 632 761 694
60 1094 1387 1345 1119 1091 1083 1378 1394 1164 1161 1200 1360 95 69 1222 1192 99 1100 28
91 269 361 1210 33 23 187 1193 143 263 154 291 231 1197 371 131 1254 1226 244 35
182 1172 1163 1196 162 1146 256 185 33 275 31 253 1177 159 224 144 177 167 215 15
93 1200 1154 1210 50 1220 1192 1201 267 70 1155 1166 213 297 244 228 236 1195 201 142
1073 1115 1364 1146 1278 1050 1045 1047 1270 50 1135 1347 1325 1082 1391 1061 1328 1320 1044 1030
650 766 632 664 611 846 709 734 817 802 744 583 832 593 689 839 711 848 606 771
563 669 627 596 530 510 649 616 528 808 663 569 667 633 737 763 630 645 502 794
594 688 741 652 776 541 789 695 805 658 817 644 693 685 623 619 596 729 647 634
155 184 1187 267 87 201 16 242 1190 230 1152 77 257 17 187 1206 196 135 1200 143
641 789 555 873 840 852 762 677 712 851 630 610 849 561 850 615 826 847 559 856
