986 1004 1085 947 645 617 1077 960 210 881 1162 927 647 186 920 537 951 523 1014 1203
930 1182 1202 1175 104 606 642 942 1168 504 995 900 515 227 486 958 1179 1001 909 224
0 1870 1880 1866 325 1423 1435 2371 1887 1463 1876 1429 1772 359 1446 353 1776 1427 1893 1839
1943 1952 2326 2028 2348 1882 1995 1923 2048 1925 1914 2047 1997 1888 2365 2330 2362 2318 1939 2359
438 1725 1716 1694 1679 1664 1728 449 415 1708 1663 1665 1695 764 1760 1689 1763 1761 450 1733
180 1196 867 507 491 596 939 1218 561 1181 183 621 109 500 1251 622 915 614 943 1158
89 95 85 502 507 531 1488 504 483 533 1467 372 494 487 513 515 386 76 1185 83
865 1543 1572 878 1560 182 1549 1169 1146 1586 1148 863 1155 1570 183 1556 1554 177 1551 163
125 579 1609 546 159 555 1613 133 1592 595 484 516 127 174 833 838 119 844 170 608
735 751 1468 721 39 720 78 763 32 1823 1443 734 86 52 370 1473 369 752 1452 56
592 1599 584 1555 143 853 1582 577 474 587 170 572 167 457 589 472 580 157 579 1576
1564 1600 166 139 867 1611 1549 1528 862 584 858 134 582 842 868 170 1536 1593 593 579
118 499 519 615 164 588 1011 1014 593 480 1520 601 571 1526 96 200 1190 598 1006 618
977 1010 629 1183 202 1000 1001 1182 1078 625 1168 203 1193 209 1158 548 1165 904 984 207
639 1086 929 1082 958 910 904 1195 1105 922 611 902 1094 181 913 202 656 925 617 1187
542 1173 157 937 569 1171 979 626 883 1002 884 962 556 503 972 985 536 1184 160 633
887 1153 167 997 1141 990 186 161 172 158 174 1174 156 984 1139 897 1160 1249 982 873
2032 2360 2018 2009 1936 2060 2055 2011 1885 2330 2006 2332 2053 2379 2334 2368 2372 1909 1942 2004
158 481 199 126 545 118 196 599 1179 606 568 864 1606 503 518 116 200 190 1569 592
624 635 1024 963 989 647 1081 542 532 994 653 625 505 1083 492 1073 514 1089 657 658
676 1035 1043 1066 666 664 1073 675 1068 1034 1041 1031 1039 688 1036 1033 697 1025 681 1022
377 407 426 1767 1472 80 751 379 65 435 789 764 51 44 387 400 786 398 73 45
18 1757 5 1803 1847 72 88 89 1432 1810 327 1813 92 1455 359 328 439 1816 1431 742
2021 2042 2036 2006 2022 2046 2367 1901 2334 2324 1905 2371 2332 2037 2364 2020 2035 2059 2010 2060
1284 1380 1283 1296 1372 1388 1299 1369 1374 1286 1394 1385 1392 1382 1384 1399 1280 1377 1365 1289
108 600 171 145 1196 580 119 582 1554 848 845 1480 177 132 540 1515 103 130 467 616
189 899 1168 975 517 636 906 1164 626 929 1233 532 500 621 1199 868 1202 1187 1249 1229
374 411 779 800 1460 758 34 774 812 393 40 744 1769 375 406 426 61 373 1467 1477
518 549 1164 148 195 474 1171 1224 1207 1183 987 160 599 110 109 121 554 191 107 601
986 1088 1194 1177 1007 1001 207 1011 1107 882 1015 1076 192 1158 187 631 1012 982 1002 875
439 1786 367 21 752 436 1781 445 366 802 54 1734 61 810 794 449 767 1722 18 429
31 774 419 1467 410 365 1810 785 1462 1783 1826 1792 411 1472 24 347 63 1817 1812 790
608 1186 510 988 623 1225 1006 1199 1173 559 1164 1001 630 1212 502 130 620 1010 1221 509
107 527 158 1216 511 172 570 606 1175 180 487 1184 1481 557 530 522 995 605 89 1176
175 491 1154 573 1012 1244 1202 1554 1156 1246 122 1205 856 866 191 876 1216 184 187 538
63 421 1454 359 64 782 411 1789 796 798 431 60 1793 748 428 73 1456 802 426 1770
197 1198 504 1229 956 545 497 1253 107 108 551 1252 1010 617 544 881 486 1213 962 1005
1437 1449 1825 40 797 1470 10 1415 1775 1765 364 20 1438 354 1413 763 775 345 1416 5
1970 1985 2001 2003 2011 1992 1987 1984 2008 1949 1991 2012 1964 1965 1990 1963 2007 2004 1952 2009
1130 1139 1093 1092 1137 1133 1124 1104 1119 1123 1115 1103 1149 1100 1106 1143 1136 1114 1138 1107
1667 1722 1676 422 442 1683 1710 1717 1696 1618 1725 1709 424 1726 1629 1732 1688 1622 1646 1708
143 1601 838 139 1552 563 583 1607 559 599 1567 1619 566 569 475 562 850 133 839 582
974 1179 202 504 515 482 881 632 996 209 483 901 623 915 486 1192 939 503 897 1170
1215 1514 478 602 197 188 175 189 492 125 1183 1503 1518 177 482 497 113 514 124 1230
1378 1394 1276 1419 1391 1393 1281 1386 1403 1382 1372 1404 1287 1407 1285 1392 1409 1289 1413 1400
118 591 502 1517 501 842 579 1527 496 533 169 830 1521 112 1191 848 573 110 593 1610
106 516 190 547 195 186 1487 99 531 1002 500 1198 120 118 1013 555 1210 539 169 1001
1606 1621 851 1677 1638 1689 448 449 1661 1553 125 1633 841 581 571 1654 1695 843 583 1554
901 1004 190 542 210 896 912 1246 1082 899 1244 1234 1012 494 919 636 1089 498 1083 640
470 476 504 158 522 110 570 587 560 495 489 509 535 463 150 610 165 569 466 605
956 1191 967 478 636 1023 963 987 214 929 498 1167 1189 624 542 905 962 491 485 604
1019 1061 996 1078 1011 622 1000 1030 644 628 621 619 617 1040 681 653 650 689 1006 1004
28 761 30 365 781 356 348 1792 58 46 50 1844 775 1821 366 1806 1763 791 1455 6
933 1266 208 973 1074 1270 905 1258 231 200 1080 1085 222 1009 975 1079 967 934 218 951
474 574 571 524 582 1561 612 540 495 177 603 136 1601 112 535 550 96 852 163 107
792 1454 794 347 761 409 1832 1431 351 1726 1753 34 406 363 1754 33 344 786 740 1825
77 1772 48 94 1740 47 1782 810 348 1753 1466 389 75 1749 1774 765 53 387 55 384
195 557 551 620 605 194 1249 124 964 641 473 176 173 597 475 531 850 193 1175 847
17 1857 1433 1449 1783 1833 1763 755 1819 6 1761 1858 1785 1822 1853 749 1779 9 1777 758
869 1173 625 914 609 481 549 870 1081 1205 885 200 857 499 1161 861 544 209 1578 1552
513 1174 219 538 1187 954 126 197 902 632 125 610 1207 94 116 119 619 1168 971 1178
153 541 115 1610 1571 1547 1577 1574 1215 160 473 110 537 1525 126 600 1202 1570 1001 106
7 29 1814 342 1801 1439 1744 352 1446 369 1804 331 1748 753 41 341 372 1790 785 31
175 854 1207 1212 844 1562 1194 503 1569 1001 1560 505 1597 502 1534 189 996 863 1172 1564
208 991 966 1161 907 543 1017 1191 921 187 1001 990 1162 1172 905 185 956 607 981 625
2074 2329 2065 2308 2073 1955 2086 2020 2063 2058 2038 2104 2081 2321 2088 2350 2023 2006 2049 2342
913 935 926 209 1022 937 1088 928 909 208 907 970 1018 1202 1076 888 1237 1180 1236 219
1100 1153 1122 173 897 165 1091 176 189 1138 1103 1098 171 1093 193 880 1113 178 153 1092
662 1069 1039 936 660 652 1064 1043 947 1031 639 1078 1042 1073 674 1046 644 950 1050 1023
206 1185 540 175 639 619 1072 550 1237 638 501 1173 1202 215 476 606 1239 554 958 194
528 556 1210 489 1007 611 108 128 168 591 196 1174 1006 127 492 524 183 519 542 548
201 1008 634 891 505 526 211 1024 553 490 617 924 931 899 209 1013 925 981 512 488
1386 1411 1282 1404 1390 328 1393 1419 1422 1410 1381 337 326 1402 1401 341 343 1417 332 1377
1914 2025 2024 2042 2336 1950 1900 1959 1918 2340 2363 2011 1908 2351 2036 1952 2350 1917 1954 1887
2052 2073 2337 2325 2311 2320 2355 2326 1911 2055 2016 2316 2309 2013 2057 2044 2314 2012 2053 2095
1953 2341 2340 2314 2034 1976 2362 2001 1956 2365 2331 2032 2333 2012 2361 2059 2332 2044 1979 1968
132 475 97 1598 491 134 1552 500 144 574 154 463 461 839 830 610 530 117 474 481
114 495 521 1193 478 606 535 178 513 1184 89 488 617 592 126 138 99 534 546 1480
1099 1127 868 872 1119 1132 1148 183 878 1096 1100 1134 1104 1102 1139 871 1103 1077 1149 894
899 918 1166 1017 186 883 982 984 938 1183 1202 983 1176 936 1157 900 1091 1252 1088 1153
652 1040 669 671 1020 713 715 1012 1027 675 1066 635 644 1074 682 658 677 679 1060 1023
789 1447 1449 1810 1459 7 338 349 1767 60 794 740 1453 745 404 798 21 36 423 1829
133 522 144 132 136 853 1209 165 1608 502 1550 118 1208 1009 1606 495 104 1010 833 839
386 1462 1732 810 1775 368 46 1482 53 1731 759 1744 425 55 740 802 796 8 90 1769
2242 2250 2232 2256 2265 2221 2240 2244 2237 2228 2223 2225 2234 2219 2262 2238 2217 2229 2226 2252
893 1151 1242 175 192 1157 968 874 978 1143 1102 990 160 1145 182 207 209 906 1243 1257
546 1221 472 538 1186 178 526 554 1181 169 1185 1189 206 1208 180 1214 1012 188 490 494
499 556 128 545 93 564 497 574 488 584 559 147 1005 201 173 99 849 604 135 504
614 1018 210 534 628 619 484 513 613 956 645 553 557 166 618 565 955 502 115 1085
45 769 796 783 1802 1456 415 1797 374 407 1450 365 799 28 1812 1814 771 1723 428 435
175 474 1552 194 1164 1548 1566 1568 1237 1177 160 1172 1238 599 494 1083 180 858 1086 1550
430 766 65 409 1750 1804 61 1467 1451 780 771 792 764 1764 20 788 49 25 1774 36
110 519 537 613 186 533 1180 197 522 1008 1490 469 471 552 482 1486 98 1476 1513 86
526 994 881 952 967 944 624 1019 902 1201 1181 1010 634 479 510 630 955 93 607 882
1561 1581 152 155 1553 1604 157 135 1527 151 847 143 575 1563 1602 1575 1529 1589 864 139
1632 1684 1615 1631 458 1708 1625 1610 460 1628 455 453 1724 1714 1693 1722 1688 1619 456 454
1947 2336 1921 2052 1885 2033 1943 2321 2059 1940 1902 2315 2069 1901 2329 1962 2045 2318 1957 2362
250 269 254 1305 278 1322 1311 235 257 1316 247 1347 1327 1321 284 1320 245 259 1369 262
111 1507 1492 1182 522 607 1506 498 540 107 529 1491 465 1474 1512 1219 615 1222 1516 524
375 1736 1734 1735 77 744 1795 1469 1730 1782 401 390 381 44 1480 1779 789 819 1454 84
1906 2348 1898 1926 2365 2012 2368 2013 2364 1934 1917 1947 2051 1938 1921 2060 1931 2361 1891 1889
124 564 477 148 126 475 552 567 468 189 147 504 151 548 150 837 142 132 572 462
205 645 980 1061 1174 1188 1005 941 532 632 540 216 1082 648 1167 897 955 909 661 526
50 395 1769 406 1734 790 1793 765 398 1467 814 389 784 803 65 1743 402 1759 363 805
2061 2328 1937 2314 2084 2027 2012 2320 2014 2324 2088 2313 2036 2045 2337 2026 1928 1940 2076 2065
1885 2360 1910 1933 2020 1946 2033 2375 1929 2345 1890 1868 2326 2367 2035 1860 1931 2359 1851 1891
1761 1781 1737 1476 397 755 1463 90 1799 363 94 412 17 810 77 351 39 809 1738 435
1998 2005 1981 2065 1921 1964 2024 1989 1932 1953 2023 2031 2326 2349 1947 2048 1905 1999 1917 1951
1955 1984 2350 2023 2037 1935 2329 2012 2034 2029 1976 1912 1993 1949 1931 2021 1971 1899 2015 1942
1246 1537 1567 155 873 178 1254 895 174 876 184 1560 858 898 1545 1556 865 855 871 194
945 955 988 1003 1190 1275 1070 625 1000 1267 1071 958 985 1067 907 1065 906 974 1196 993
582 1600 857 478 120 459 1573 457 163 850 1611 865 1572 1618 145 128 140 1554 1569 580
419 802 1475 435 759 801 421 1793 806 1727 428 804 1732 811 1782 1762 1766 44 394 786
896 913 175 994 222 899 1203 962 1163 938 1200 206 1173 1079 921 1017 195 917 1097 1238
1157 1166 189 867 207 1004 878 953 1088 1177 178 213 152 856 174 218 545 549 933 640
825 839 567 590 812 142 460 141 123 850 843 809 133 811 820 568 1605 465 464 1741
142 562 173 493 522 1597 1184 169 105 518 114 610 478 1187 573 593 140 1210 496 553
30 786 429 351 1470 782 350 1764 1803 759 413 20 418 1452 357 42 15 412 1812 784
753 764 370 405 1817 1467 425 42 1770 736 1767 1732 1779 1812 1803 1740 1766 785 794 358
738 1463 435 737 78 806 2 352 1 1442 744 73 727 388 386 422 1744 368 83 747
2066 2327 2053 2076 2330 2050 2051 1946 2344 2321 2056 2042 2348 2017 2008 2002 1953 2335 2049 2006
1924 2028 1929 2335 1946 1892 2024 2363 2050 2371 2031 2346 2009 2042 1887 2057 2018 2343 2053 2354
187 195 498 1091 871 909 559 1078 632 1092 1012 210 972 615 212 569 1150 1196 557 977
1919 1964 1886 2023 2035 1974 2039 2031 2342 1933 2026 2001 2358 1929 2045 1991 1907 1992 1926 1928
645 651 1082 1169 626 621 213 665 195 632 1040 1084 663 1166 1008 1176 1173 1078 617 1180
2 1417 339 327 313 353 1857 1 1440 314 1450 1399 1409 1866 1429 316 28 1850 1461 323
119 523 611 549 529 178 1190 171 582 137 1182 1219 566 1519 587 92 995 188 201 844
802 1769 441 1727 419 26 12 436 427 744 438 76 46 58 86 742 807 1743 809 13
2042 2335 2057 2046 2331 1931 2312 2355 2003 2339 2037 2032 2051 1902 2073 1926 2026 2363 2319 2325
1825 1850 1456 1822 1446 1871 1428 1775 1458 27 1427 1878 1812 30 1869 1 321 1834 360 1844
2315 2334 2313 2357 2047 2073 2340 2050 2080 2336 2065 2023 2061 2004 2330 2034 2019 1942 2345 2041
929 979 943 1092 963 875 939 622 1087 898 623 1088 945 1264 884 997 213 1162 1157 970
33 780 1766 418 1469 1455 1739 1755 1822 1475 377 1743 28 1791 55 45 765 420 29 1735
782 1786 430 365 775 373 763 1770 47 797 15 1735 61 52 1457 1806 1727 425 20 1753
191 1183 179 1079 97 924 640 529 1168 638 1159 624 888 1080 98 1166 894 1078 541 1229
897 1238 1260 1254 1076 987 984 928 225 980 1090 982 898 1170 1162 175 924 1250 888 992
130 524 992 477 836 484 185 1190 499 995 1197 488 165 579 140 171 184 1194 516 461
1934 2358 2342 2000 1915 2010 1955 2029 1931 2014 2370 2335 1923 2028 1884 2329 1894 1998 1913 2021
777 787 1468 410 63 1447 753 1741 21 767 42 1788 765 1732 418 44 766 48 434 1445
751 1822 1782 347 1469 1456 18 322 1774 759 369 781 1748 417 736 1452 1439 414 338 1825
774 1742 394 51 1800 449 39 793 1789 787 779 70 1740 775 456 1724 1803 1472 390 1816
1946 2003 1882 2364 1970 2036 2376 2000 1982 1929 1944 1999 2018 2368 1903 2325 2050 1965 1930 2370
519 547 601 1206 490 597 1016 1017 477 485 197 194 100 153 201 196 987 553 1164 498
166 858 1526 1157 1557 1156 850 539 498 504 154 886 487 158 532 488 1544 874 1149 1580
195 535 546 197 545 601 500 968 613 145 107 988 1219 991 542 558 915 1177 606 641
461 1616 820 1619 1654 1677 129 580 1636 468 1669 128 1599 1647 831 1623 1661 151 1663 577
2210 2243 2240 2180 2239 2178 2199 2232 2195 2190 2200 2191 2256 2196 2238 2201 2226 2206 2212 2177
157 589 842 1592 113 556 468 1537 584 609 1531 1596 601 840 152 1159 165 482 1535 1569
181 553 524 589 574 144 1233 529 158 1214 168 1094 578 1162 603 525 888 497 1092 883
201 552 559 889 500 1174 927 513 1211 538 575 921 492 1086 1246 1093 156 134 537 202
