176 230 248 240 234 224 186 208 235 191 188 159 200 155 151 232 171 170 150 183
97 614 62 58 57 72 78 2 83 593 110 124 596 48 30 116 7 63 613 81
577 594 31 4 39 586 544 19 53 584 604 602 613 64 1 587 619 617 11 7
167 208 164 154 170 223 224 173 244 187 157 228 146 152 209 199 171 200 185 207
128 139 126 152 143 137 113 104 115 95 118 103 160 159 141 106 110 162 138 120
158 190 155 207 164 169 144 134 181 120 165 128 213 115 206 133 210 153 236 170
441 505 547 551 454 519 445 437 475 478 493 508 516 515 470 526 489 442 554 523
508 563 582 519 460 480 447 541 573 513 542 503 451 534 524 491 552 529 492 482
438 501 467 520 519 423 515 429 474 457 485 472 549 428 451 557 440 508 441 461
74 108 79 606 65 101 138 1 616 124 120 139 2 593 52 3 604 583 611 35
81 100 38 65 29 48 101 39 45 616 122 611 55 44 111 600 37 30 107 54
449 472 483 430 495 506 487 446 475 456 447 488 448 461 489 473 477 441 501 445
174 241 148 251 235 159 215 170 172 177 245 187 217 218 182 230 160 195 237 207
566 585 564 579 16 512 521 23 567 77 530 55 70 604 8 601 74 607 46 47
391 405 429 406 423 414 424 418 413 398 404 421 415 390 395 396 408 397 420 403
502 524 514 569 445 505 495 536 529 522 490 516 484 527 473 486 480 471 512 481
399 407 411 418 425 408 395 423 428 426 421 414 427 415 417 424 398 420 410 422
423 437 465 469 504 505 473 507 398 443 488 495 429 402 412 403 418 400 453 503
87 612 4 85 47 18 609 613 66 37 120 97 35 599 96 29 40 98 22 611
157 171 115 217 216 219 180 125 233 142 240 156 138 175 206 228 122 237 169 167
163 207 165 152 142 169 205 196 172 164 190 193 171 240 158 220 215 157 241 221
91 621 85 618 75 123 87 599 613 117 14 597 115 607 71 34 51 55 61 108
542 557 546 529 533 525 563 567 543 578 580 505 524 551 514 582 554 547 545 534
92 109 64 103 105 134 617 135 56 115 127 610 41 66 60 131 113 46 149 612
595 606 67 86 70 583 584 74 610 88 17 43 619 605 97 66 571 618 574 13
435 465 493 450 431 436 422 459 495 468 421 434 475 505 452 447 472 483 485 438
81 98 26 41 46 117 124 616 67 607 54 38 611 107 126 128 587 63 106 57
441 500 474 443 478 520 462 423 557 427 561 489 501 522 475 503 560 458 482 526
450 500 517 557 524 560 436 514 444 440 473 516 555 489 551 483 497 522 459 466
442 464 499 441 462 457 500 428 444 492 466 433 491 505 497 439 460 504 454 426
103 119 142 615 68 130 89 82 132 612 47 104 99 108 150 159 57 46 611 157
55 97 103 82 116 11 59 605 5 75 581 16 40 50 38 61 589 47 15 125
29 52 81 24 88 2 580 54 48 75 72 106 577 70 79 103 69 601 614 44
39 68 6 610 103 48 574 59 66 87 93 110 2 50 60 23 105 585 71 95
172 241 192 149 196 195 216 232 176 186 150 217 162 148 203 211 242 222 215 220
26 577 589 606 561 549 68 575 0 6 18 11 39 591 616 44 62 78 46 16
116 139 90 113 91 158 88 141 115 118 95 160 122 149 108 94 98 117 123 126
585 611 587 77 606 103 71 25 49 618 10 588 560 5 37 577 24 68 565 48
154 167 188 108 213 126 138 202 169 160 203 150 185 131 214 237 128 170 199 116
408 429 411 426 496 446 421 420 423 409 392 414 444 404 443 415 437 425 452 451
399 417 429 397 422 414 424 430 423 402 400 426 416 408 404 412 421 407 420 419
88 122 73 51 118 620 134 152 91 96 139 148 89 102 144 53 38 599 615 77
155 179 160 170 190 132 131 233 165 176 148 113 239 137 186 238 129 234 188 218
172 192 165 230 229 170 211 157 173 234 162 177 167 202 210 240 179 161 159 237
17 569 74 55 620 552 615 561 53 49 616 558 529 586 10 7 559 19 531 572
7 76 609 105 46 585 570 588 592 69 620 611 1 53 19 44 43 601 577 18
77 604 576 616 22 27 61 40 96 23 84 50 62 44 30 57 100 587 592 105
221 236 245 217 166 247 209 240 161 186 243 179 197 191 181 199 200 212 237 207
501 526 517 516 479 471 487 439 535 558 563 569 438 484 432 551 528 453 448 461
507 518 441 508 503 506 475 457 447 444 520 546 543 474 495 504 494 548 556 434
158 181 178 120 208 172 129 202 223 159 149 169 226 151 141 199 233 162 165 224
158 186 222 117 214 242 208 191 174 172 138 141 144 195 180 132 227 151 240 160
44 62 590 50 9 585 613 4 582 38 619 34 604 56 617 46 98 17 69 106
172 197 222 220 196 158 160 161 194 241 199 206 162 203 204 219 200 155 212 168
512 523 543 560 514 490 525 527 531 570 533 529 550 536 556 515 506 510 558 548
576 583 45 544 543 590 48 592 546 0 558 36 528 28 19 565 39 56 567 555
286 305 262 291 319 294 314 303 297 290 266 260 268 313 267 259 317 288 271 302
83 103 52 611 37 41 606 42 84 621 101 125 44 605 104 598 93 47 129 140
460 495 498 466 471 472 489 477 501 497 442 459 474 483 510 429 450 435 494 491
261 285 278 253 298 254 264 300 288 289 269 286 291 294 287 273 257 248 260 293
4 571 42 520 540 55 532 72 8 591 612 589 619 47 554 551 541 43 13 78
93 618 10 97 102 99 32 107 112 21 59 34 105 117 116 24 614 4 26 33
36 73 612 596 6 37 35 39 589 75 572 614 100 581 587 51 620 3 26 617
18 576 76 562 57 526 545 547 589 16 77 588 48 611 620 56 19 30 610 25
131 152 117 108 170 144 145 161 111 139 174 148 158 165 110 177 130 153 104 173
430 446 465 506 499 500 480 481 410 504 448 439 491 466 507 472 478 476 411 445
185 239 243 248 207 246 197 232 184 193 169 210 231 163 172 249 179 189 212 234
47 614 81 68 620 53 23 48 91 58 607 44 6 3 75 27 598 11 57 96
586 600 38 0 559 72 582 599 39 64 30 622 5 63 80 21 614 594 25 50
574 601 47 562 20 549 538 3 79 49 10 75 528 578 21 45 82 524 614 35
174 231 177 248 245 220 200 223 211 148 247 150 181 243 190 229 163 194 172 212
32 582 63 613 594 3 28 52 591 589 571 15 43 34 60 46 559 592 66 581
199 229 193 168 180 203 231 244 172 194 235 196 178 236 201 163 211 187 243 225
600 613 83 9 608 30 105 586 103 76 40 594 61 60 0 616 25 578 73 573
51 600 38 92 47 86 601 91 37 77 16 23 22 28 581 81 611 32 573 100
478 504 441 554 546 479 506 515 453 477 476 456 518 521 438 547 445 491 499 503
510 527 563 501 504 557 524 566 536 561 565 514 530 574 505 554 522 491 490 547
161 197 167 227 188 241 213 226 204 129 201 234 177 128 230 211 244 181 121 219
78 96 85 66 40 19 45 43 99 103 76 602 55 48 617 613 605 62 601 125
1 611 29 584 52 66 590 99 19 575 81 613 40 583 612 74 11 24 13 43
466 494 448 461 500 452 465 431 483 460 463 510 456 434 497 440 509 506 487 435
434 455 486 507 431 505 496 429 454 503 424 426 446 439 440 484 479 487 463 423
159 175 192 217 189 140 208 164 156 220 188 226 114 199 179 219 186 191 228 211
24 55 77 28 27 573 611 616 53 75 30 72 26 608 619 74 612 84 3 106
255 263 259 268 262 266 246 250 264 283 274 278 287 281 288 267 244 280 272 253
66 82 592 59 102 601 27 64 28 53 609 43 34 613 48 61 614 50 54 45
11 32 79 41 607 80 70 570 622 616 577 581 587 617 87 31 8 60 588 16
527 556 580 562 502 581 501 559 575 546 498 551 514 512 535 584 504 513 500 509
163 204 238 216 148 201 152 230 196 220 207 240 182 176 244 146 144 195 222 151
12 30 77 587 78 70 32 570 573 58 52 73 41 56 71 586 79 611 589 57
63 83 42 101 50 88 90 604 99 114 103 606 105 51 96 27 612 64 82 115
118 157 200 209 130 129 181 211 127 103 143 101 146 178 208 168 170 128 173 190
28 65 615 623 68 29 31 607 600 105 574 581 53 47 92 598 74 96 106 587
174 233 224 219 200 232 180 239 162 150 216 230 152 245 196 223 226 168 217 237
4 47 89 15 608 53 68 609 39 600 54 579 13 587 2 87 30 578 14 95
59 80 53 595 65 73 615 61 89 47 52 111 75 591 66 609 84 49 599 605
73 607 69 71 80 34 618 588 48 615 91 605 617 610 72 62 587 68 81 44
467 487 436 486 508 463 458 493 437 475 431 445 484 472 450 506 442 451 453 489
535 553 537 555 542 580 561 551 570 507 518 581 538 522 497 545 554 498 519 511
117 125 126 86 124 109 154 145 144 140 139 89 147 105 107 148 93 94 150 143
299 315 312 281 294 290 295 316 319 311 309 310 301 280 305 307 282 289 317 318
46 603 23 43 10 41 612 4 88 593 87 29 583 80 585 596 17 9 31 587
486 507 522 460 435 495 433 557 518 559 544 484 502 480 477 563 501 436 491 509
87 98 104 86 99 103 113 82 121 108 70 46 60 102 34 130 610 595 66 606
62 82 87 25 595 102 612 591 112 75 91 603 65 623 105 59 588 92 34 617
402 414 401 421 422 429 397 394 399 423 425 428 430 398 417 403 424 432 426 418
79 601 3 94 581 112 608 80 84 76 59 585 87 105 605 598 50 66 77 90
61 108 55 127 83 619 92 114 49 60 141 130 43 41 89 588 26 153 78 72
179 224 231 188 235 156 174 242 245 217 154 162 181 206 214 175 244 225 218 178
18 49 83 596 623 71 86 90 2 78 589 98 40 586 103 92 96 27 33 575
150 157 207 163 105 113 167 169 152 109 179 206 153 192 139 125 117 107 143 124
247 260 248 243 256 230 253 234 254 220 279 221 272 276 249 270 274 277 229 244
464 493 447 511 466 453 485 436 515 489 430 431 449 452 457 502 443 434 509 498
489 500 452 437 473 562 558 462 553 461 472 469 465 492 511 463 446 549 471 506
443 499 511 526 555 458 503 487 433 461 505 494 524 430 448 424 472 525 497 444
39 614 3 589 82 77 45 69 6 29 22 5 17 15 581 577 595 25 622 93
143 157 155 107 106 150 194 158 190 160 178 201 145 122 142 213 198 121 114 113
510 562 578 560 544 536 487 492 533 585 584 530 532 574 539 570 580 534 490 545
421 434 410 444 424 436 398 390 409 396 470 456 426 490 417 404 419 408 462 469
81 90 65 114 116 95 122 596 73 622 121 40 27 618 92 28 44 609 94 604
578 591 565 62 596 7 606 612 564 561 586 78 33 563 614 597 601 553 554 64
49 583 15 607 604 580 63 558 40 560 22 101 2 559 617 47 56 72 575 7
105 116 153 90 133 119 615 74 68 149 109 70 158 102 132 84 92 129 108 139
587 608 63 64 602 616 31 560 592 100 80 97 49 586 84 53 7 30 33 35
166 230 203 175 242 154 218 192 241 185 216 207 161 247 158 231 183 202 187 189
106 614 142 74 75 57 619 66 129 21 7 51 139 49 34 53 151 146 13 76
122 138 87 131 153 136 94 143 139 147 144 145 140 135 142 101 96 124 110 123
166 204 183 230 229 234 190 181 162 153 225 150 194 205 219 179 227 152 198 235
585 602 71 588 607 600 91 589 603 596 84 52 584 16 50 611 60 5 47 575
35 86 123 43 87 65 589 623 582 594 576 74 107 115 54 76 2 23 80 60
213 239 173 193 178 242 206 218 198 215 221 166 175 159 217 211 168 222 171 216
535 560 508 517 548 555 504 578 559 580 586 575 506 556 501 579 569 581 576 518
14 574 47 525 546 549 560 575 587 576 557 38 545 50 580 570 17 32 599 30
299 318 315 288 313 281 310 289 316 317 294 306 305 295 284 319 290 304 307 300
76 599 582 43 70 45 62 104 49 600 579 590 1 609 21 95 99 42 56 73
529 563 549 539 517 533 530 569 504 542 576 589 559 513 547 506 531 556 551 561
118 138 120 89 141 108 140 99 147 144 156 111 87 93 115 137 121 136 100 128
165 184 150 152 241 226 230 218 175 189 161 204 235 164 237 158 148 210 178 159
266 288 305 264 293 296 306 286 290 263 274 262 301 304 268 253 300 307 302 276
82 95 113 116 74 613 79 124 121 623 32 599 38 114 619 620 106 46 73 29
156 188 116 164 133 230 124 184 236 217 127 239 226 163 177 243 182 179 238 137
108 616 133 102 33 8 48 146 597 136 39 18 0 145 147 106 123 1 596 75
62 620 54 103 85 63 68 605 619 599 49 590 77 57 56 79 60 75 604 52
4 57 603 616 42 23 44 610 609 623 38 58 91 86 618 6 99 585 46 5
229 246 195 208 181 191 235 216 230 218 206 166 257 251 231 179 249 256 248 212
445 499 429 496 509 558 485 489 464 523 492 434 467 518 452 502 466 498 493 475
268 277 266 267 255 281 294 284 251 279 286 263 297 264 252 296 285 257 256 288
311 318 296 299 303 308 301 304 307 302 297 294 309 306 291 290 310 305 292 300
306 318 297 303 312 311 288 307 313 286 293 308 299 302 294 317 287 300 315 301
43 54 586 79 67 60 68 21 40 594 61 100 70 44 606 603 77 613 579 578
