454 790 471 449 482 110 792 154 829 40 820 780 835 476 798 803 804 831 418 37
421 802 464 817 468 118 117 833 778 427 130 60 786 73 792 94 1046 112 115 399
130 800 400 92 771 454 38 832 830 143 153 1054 94 11 171 85 228 173 245 66
566 607 670 542 679 532 682 529 678 564 688 671 684 580 639 656 668 555 640 635
613 645 578 616 657 682 600 636 649 564 575 666 656 608 637 646 576 654 673 583
855 869 827 814 1049 851 897 836 831 825 902 883 813 1048 1030 889 847 1026 900 1033
840 1052 1055 1068 801 1065 1028 878 793 884 1067 954 1046 820 951 837 390 1023 797 833
461 779 789 67 806 453 444 23 141 56 102 832 148 820 440 50 773 818 831 63
239 290 165 187 689 721 223 19 300 228 749 179 302 152 729 314 709 140 715 148
519 557 537 529 534 533 548 574 528 501 596 511 539 556 552 581 582 496 525 486
127 165 284 1 811 193 235 129 795 229 262 37 3 144 44 205 253 132 53 6
26 63 72 164 802 809 739 743 106 445 137 92 135 167 144 758 764 772 97 125
189 757 255 769 228 744 192 754 291 6 219 285 261 723 215 29 274 276 764 220
157 768 199 130 744 105 232 407 201 229 268 221 259 766 3 235 195 408 214 97
174 201 766 160 772 765 758 783 244 141 725 182 163 102 175 295 277 101 715 761
840 877 855 1045 833 1036 907 886 921 1035 1058 947 819 1038 878 1052 858 823 847 822
256 673 355 574 570 171 721 593 270 275 683 648 634 651 707 589 249 716 167 332
463 781 111 437 59 432 142 452 444 158 168 119 426 112 438 33 467 413 170 84
11 149 203 227 15 127 123 744 782 156 150 275 209 214 229 42 107 106 140 242
1173 1191 1119 1127 1112 1107 1151 1142 1115 1147 1160 1144 1216 1199 1168 1105 1178 1158 1110 1206
222 726 271 3 262 749 142 246 34 218 199 197 140 763 760 139 194 183 717 204
185 296 279 729 281 155 292 742 245 345 325 249 243 259 769 238 344 317 275 762
779 822 424 796 814 163 771 430 29 772 164 395 764 50 139 1069 415 474 149 757
1101 1179 1193 1198 1192 1108 1138 1114 1143 1137 1150 1176 1191 1199 1170 1098 1119 1184 1140 1132
329 345 350 313 315 357 378 308 373 332 380 368 285 672 290 293 282 328 307 317
947 1036 1034 1063 1070 811 905 893 1038 884 886 1049 894 821 941 1069 954 907 839 910
181 202 743 130 734 753 282 164 174 745 158 744 257 295 738 716 215 227 209 198
679 700 676 311 724 325 247 614 261 606 601 243 372 219 340 672 366 668 342 238
1105 1127 1150 1091 1161 1194 1139 1138 1107 1111 1172 1193 1126 1171 1116 1163 1098 1095 1122 1137
136 261 123 763 217 692 199 689 153 114 249 795 125 173 245 239 175 142 780 40
272 282 203 220 243 317 664 305 248 231 208 161 683 303 252 158 227 314 211 204
208 272 170 764 756 280 198 142 751 755 291 169 141 251 660 223 744 182 183 189
24 77 784 430 768 171 444 151 771 799 231 34 433 157 103 762 63 141 421 223
252 288 715 282 661 290 275 729 166 181 262 201 340 675 693 231 174 227 209 172
872 893 1050 867 1040 855 894 876 1029 930 1030 921 1026 898 839 829 1053 901 1065 917
13 248 287 216 186 681 139 764 236 141 286 750 229 669 752 17 131 187 148 729
1021 1080 855 1069 979 1026 989 978 962 1097 992 1038 974 970 1034 1066 1079 1100 1075 851
143 277 158 155 14 102 219 789 201 747 305 278 276 244 767 247 122 178 96 109
214 723 252 738 141 152 158 198 182 221 758 703 162 238 759 216 210 695 277 172
112 413 134 108 786 160 801 50 784 418 135 421 54 830 442 74 816 126 51 820
139 214 238 176 152 167 788 183 770 135 742 272 761 136 705 284 35 206 202 262
837 1055 944 956 788 846 404 1058 880 814 401 860 1051 813 400 1087 873 890 948 871
196 292 253 756 185 138 155 140 296 342 141 257 154 772 320 177 734 276 198 193
53 111 56 798 786 435 49 167 807 157 116 774 767 32 128 34 812 95 15 818
22 772 180 805 25 241 189 452 795 37 798 754 794 5 440 20 191 113 100 123
333 672 253 596 622 275 678 307 703 631 673 623 300 322 652 367 365 617 305 265
1126 1181 1088 1124 1166 1160 1133 1198 1150 750 1113 1184 1195 1112 1159 1094 1151 1155 1171 1178
516 558 595 572 593 566 536 528 574 514 541 575 517 496 523 537 525 568 589 540
976 1072 1045 856 1068 1078 1082 827 1069 1015 848 949 1055 1020 836 955 950 1062 969 1091
135 193 114 171 21 729 769 774 142 199 720 222 216 18 36 244 733 6 228 19
880 935 913 916 929 1046 1049 1052 856 949 901 926 1042 955 867 894 945 934 1062 889
84 798 403 800 834 36 784 103 68 456 830 101 472 788 402 420 418 773 831 29
115 154 738 278 819 248 414 26 766 157 52 797 72 281 54 744 755 805 804 175
961 1034 850 864 871 873 1080 939 1023 1077 849 835 819 944 993 965 848 952 951 987
175 754 742 163 254 34 777 30 188 252 194 150 7 219 285 752 136 202 234 231
248 694 176 148 166 16 722 260 710 271 288 275 291 227 264 647 656 158 733 703
97 779 45 74 81 409 798 464 400 399 814 113 413 62 768 49 44 34 780 52
1118 1145 1126 1115 1148 1160 1117 1124 1191 1129 1189 1101 1139 1092 1095 1179 1163 1094 1137 1178
1110 1142 1117 1123 1158 1165 1099 1140 1116 1086 1189 1156 1166 1082 1113 1128 1085 1187 1137 1132
324 365 337 329 322 299 384 372 330 277 286 386 320 349 302 363 680 311 684 387
817 859 840 858 1034 781 898 440 421 867 863 844 851 1073 93 86 802 407 890 1037
512 534 541 532 488 564 545 543 542 511 552 555 550 528 484 483 568 485 517 501
29 114 56 815 78 97 434 399 793 773 120 801 28 15 140 431 72 435 30 26
356 674 238 327 324 689 601 613 587 308 709 653 582 628 345 310 692 381 571 370
127 816 135 769 440 443 153 53 56 13 165 403 235 807 1047 62 168 173 780 32
154 204 274 735 785 113 34 266 196 765 721 263 21 33 751 278 131 112 270 238
173 263 257 783 131 106 774 205 770 232 169 247 276 673 199 172 188 683 681 204
35 445 767 87 481 426 804 14 39 777 9 476 121 158 90 151 404 80 421 775
346 357 668 301 376 331 340 304 358 333 665 677 356 293 380 686 332 387 374 359
663 698 649 625 685 710 584 712 616 674 617 598 591 726 568 599 254 624 689 578
428 465 424 425 426 95 778 813 802 779 115 462 63 398 421 87 410 416 446 790
236 678 164 134 668 33 171 702 36 121 256 249 361 247 729 133 137 752 723 352
942 963 1010 875 1011 901 1006 929 983 973 1023 986 1046 1059 955 1051 1036 978 956 891
145 754 492 195 26 187 792 172 5 776 737 3 767 794 151 17 276 274 110 179
595 607 664 621 565 654 614 563 649 688 685 667 672 676 616 666 592 618 657 587
573 622 653 654 595 685 617 621 555 630 600 578 554 660 564 608 663 556 680 636
109 156 55 130 422 207 11 1 50 796 781 421 34 258 423 167 804 758 272 6
303 352 345 307 685 329 677 344 304 349 675 671 283 320 362 272 674 325 338 346
1167 1180 1138 1164 1161 1102 1118 1197 1110 1172 1158 1117 1148 1199 1115 1149 1183 1196 1135 1147
134 775 152 269 404 11 160 797 793 430 2 816 426 213 471 824 119 44 124 25
484 495 478 486 479 750 458 463 492 509 452 465 511 530 456 471 526 512 450 453
225 283 154 289 155 719 758 242 751 702 710 740 331 277 332 183 732 187 134 701
108 788 474 437 5 818 428 831 110 168 149 91 19 133 807 796 404 123 16 460
46 769 64 397 144 754 127 62 200 136 0 77 418 453 764 135 165 91 199 420
638 652 268 695 607 615 590 658 586 628 689 685 691 260 648 592 635 258 672 699
312 345 333 355 679 291 326 273 362 372 675 339 673 287 308 302 686 358 353 316
855 883 894 1048 1030 1027 1075 853 813 893 837 928 865 922 877 1034 933 1071 1038 832
605 653 608 256 567 644 589 650 595 670 609 693 619 597 637 565 622 582 593 686
400 785 801 824 32 137 65 58 827 394 34 838 53 384 427 77 788 105 104 791
413 455 80 776 403 471 464 466 767 787 111 798 437 389 450 791 834 488 123 467
74 798 37 83 464 804 77 76 52 832 810 779 84 473 109 781 404 796 82 414
1198 1211 1209 1190 1226 1224 1179 1219 1221 1177 1184 1180 1206 1192 1207 1172 1215 1212 1175 1173
179 278 206 216 777 227 124 198 287 197 305 763 173 120 300 230 752 294 743 201
423 814 1043 771 453 776 410 434 112 69 1048 1068 1063 101 119 835 469 127 1069 837
124 191 743 74 800 282 112 177 808 250 242 6 161 65 10 813 758 746 791 113
858 1020 970 1034 1029 964 1058 815 834 884 1049 961 1074 813 878 1080 881 888 821 967
179 763 8 228 132 762 231 239 749 184 748 232 248 204 200 256 283 292 263 19
434 816 125 1056 415 461 400 804 778 93 402 843 1037 832 774 849 791 425 432 106
972 1072 1028 1089 1060 1022 1019 834 1086 1056 1052 957 1051 996 1036 855 1061 976 979 1082
959 1048 878 1053 948 883 867 1079 849 1016 863 950 799 864 869 993 846 819 971 1068
949 1042 1041 1038 1031 1054 847 1060 859 846 908 895 903 1075 901 917 849 914 1056 933
146 190 784 262 741 757 165 183 95 247 106 149 7 760 29 168 203 129 125 133
175 768 106 19 256 201 219 288 234 127 176 270 34 153 143 246 290 763 115 755
183 232 692 171 255 681 246 754 158 144 289 287 162 291 36 680 3 148 695 693
690 711 223 652 218 250 728 254 258 677 708 671 217 229 651 636 644 673 264 679
441 803 830 103 125 442 429 464 107 836 99 88 470 70 456 821 56 416 432 434
294 326 301 262 298 322 360 330 302 339 367 311 200 306 323 257 351 264 352 321
219 288 8 168 312 19 241 281 264 326 130 165 270 26 162 284 314 262 247 704
774 792 799 410 32 108 752 49 418 79 480 419 768 145 26 90 93 451 756 151
143 785 394 34 437 228 475 148 779 261 79 425 786 237 472 275 446 113 443 56
100 777 149 90 423 775 422 94 420 17 394 475 451 454 455 139 468 802 135 27
176 204 715 219 216 152 753 165 215 150 238 173 136 201 140 225 244 222 765 228
821 868 389 813 425 879 1035 800 1072 804 900 1064 438 857 877 834 799 440 835 869
761 779 132 16 176 39 87 431 832 448 203 198 401 454 424 18 232 822 68 207
237 685 16 35 21 330 704 164 671 332 31 628 716 644 253 19 155 611 744 171
406 768 479 96 425 826 752 780 393 149 408 134 131 378 833 34 388 188 93 15
62 92 136 438 98 129 122 79 108 127 121 441 23 118 22 78 80 416 29 1
223 750 1125 710 768 18 218 254 2 290 188 233 169 130 713 166 274 1124 258 278
212 761 751 785 8 184 769 180 121 782 207 33 710 750 762 278 279 767 746 34
327 366 326 341 374 390 354 388 362 351 332 313 314 360 665 356 393 359 310 289
244 269 700 159 277 154 17 181 692 708 238 177 221 272 155 264 290 676 741 146
1004 1082 992 1063 1020 1089 976 1074 1027 964 1008 1088 990 1041 1079 1014 1080 1043 993 953
974 1012 1015 1078 1082 957 950 1016 1073 1077 1013 1069 953 1070 965 948 956 964 962 952
815 834 1053 108 1062 428 848 878 1042 1038 1023 1031 84 1041 422 104 426 1032 1043 844
425 441 465 86 807 395 448 464 408 829 831 458 826 82 92 817 795 85 812 410
1107 1155 1172 1173 1139 1146 1085 1177 1106 1099 1123 1169 1104 1130 1088 1127 1158 1082 1093 1136
72 88 446 783 773 21 439 30 44 411 28 20 102 106 429 441 127 445 423 64
224 703 694 766 143 257 719 271 160 655 661 228 127 754 161 758 743 245 250 732
58 108 107 811 143 123 41 414 772 781 408 155 62 767 47 18 71 810 93 42
674 701 231 265 332 323 728 310 613 255 229 603 649 641 266 604 273 318 725 680
606 642 592 600 586 647 660 617 593 677 634 624 587 572 580 681 631 691 610 612
105 153 225 218 230 106 140 69 403 138 809 791 813 811 77 110 418 770 414 128
60 439 431 51 114 433 426 52 49 440 128 119 398 100 819 44 445 3 469 39
591 623 676 559 672 666 667 622 615 649 577 641 600 578 594 665 640 630 663 654
221 702 165 718 168 153 731 125 726 167 169 708 750 757 280 270 132 672 716 264
181 757 149 772 237 9 140 267 210 758 121 16 760 236 171 197 119 248 160 493
953 1037 1012 958 906 1079 881 962 863 819 982 845 1046 1002 821 1025 983 966 943 995
974 1072 1041 1089 960 971 1067 857 976 864 963 979 969 1015 1039 868 1077 1019 953 1002
84 815 790 435 402 122 797 859 795 394 113 1040 398 411 852 412 125 836 427 28
617 680 337 666 372 685 592 693 333 331 585 619 369 230 242 241 322 689 232 364
300 340 310 298 359 343 351 292 316 356 330 366 352 306 326 354 308 689 278 345
1159 1179 1152 1126 1111 1150 1184 1109 1128 1115 1200 1129 1149 1139 1185 1189 1171 1155 1135 1183
1033 1086 997 1052 1031 951 1067 1022 875 1107 1013 952 1084 853 856 1105 1068 1007 993 1008
257 700 673 714 676 675 156 289 729 246 667 726 229 255 662 181 696 171 665 715
16 748 205 32 243 13 44 135 128 151 202 103 132 750 756 208 218 195 739 724
291 305 324 326 351 213 320 186 271 217 294 279 313 254 274 309 211 209 215 353
461 793 39 411 472 109 397 158 154 432 66 114 159 765 796 136 836 779 70 446
433 459 457 107 76 453 813 440 441 410 827 485 475 403 80 422 808 454 61 450
809 1066 440 124 1067 95 810 101 1063 969 963 1056 831 411 435 98 775 121 450 862
447 807 810 479 84 124 98 462 430 482 403 37 101 775 71 794 471 34 777 114
