970 991 923 1019 971 955 908 996 1042 984 1012 969 1026 937 1034 997 1054 1049 953 1000
540 645 714 698 600 557 606 807 594 694 618 625 624 710 641 686 554 817 464 679
99 1213 1220 1164 1237 1218 18 1191 122 132 79 137 146 1144 1233 114 50 97 12 70
1080 1104 1050 1081 1130 73 1047 1066 1035 1065 1121 1119 67 1028 1032 80 1072 63 1136 1049
957 1022 1053 1006 919 945 1015 1059 927 1056 943 1039 964 1003 920 1023 910 1028 979 922
901 922 934 964 875 933 862 857 948 861 925 923 920 944 935 949 881 876 916 961
550 646 437 543 487 579 706 817 603 690 551 528 423 806 636 811 457 520 569 527
286 372 186 216 297 329 340 305 219 341 162 169 387 177 170 167 221 218 217 298
903 934 890 878 913 920 947 909 864 897 883 970 958 888 884 964 906 967 945 904
426 437 414 405 474 571 394 461 467 403 510 517 450 543 503 436 523 530 497 554
211 332 319 351 263 281 191 306 185 360 170 225 180 307 210 279 313 224 327 331
594 666 835 647 736 538 521 514 573 755 502 601 509 668 485 616 753 570 838 562
201 339 278 292 346 318 191 182 186 269 266 161 198 343 375 357 249 297 242 247
5 81 78 1103 1239 1214 1129 31 118 1191 1195 1105 73 1106 1077 100 1098 70 1238 1136
24 1124 1165 134 1228 1180 101 12 55 26 1 139 109 28 1129 1089 75 1091 1113 1168
37 1164 132 1208 1219 58 124 1216 1239 1178 1204 54 19 1107 47 100 20 5 1185 1213
97 1183 1176 39 44 1148 48 117 1203 49 91 88 30 1204 1238 14 1210 15 53 1233
586 632 582 590 659 620 525 553 587 454 641 665 546 568 545 507 531 467 515 680
937 1024 976 1067 893 968 1086 941 1055 888 942 1069 975 985 953 1072 918 1075 878 881
291 356 295 218 341 183 161 159 162 303 177 192 248 314 322 326 247 190 182 170
497 623 625 639 491 602 565 431 551 663 607 658 597 499 688 421 592 477 504 501
835 888 874 740 704 752 702 839 667 770 703 873 929 749 864 882 908 838 885 747
700 881 645 829 852 937 713 869 708 728 654 782 893 653 801 929 785 949 791 818
685 761 811 647 648 693 744 689 848 705 621 670 637 671 814 615 823 757 664 834
248 340 323 365 342 329 188 220 234 297 191 208 240 243 366 194 174 259 331 324
481 586 520 513 483 639 569 510 624 447 566 528 521 675 573 619 577 584 491 484
111 152 77 1219 1212 48 141 91 104 154 12 149 105 27 165 139 103 168 82 180
5 76 1152 142 1129 70 69 1208 1133 144 1128 1196 145 1165 1160 1123 1091 53 45 22
555 655 812 702 601 523 701 454 631 411 414 472 680 676 422 823 556 654 482 525
839 860 808 696 766 767 790 701 658 895 799 750 818 803 732 817 718 698 670 687
177 230 256 284 222 166 248 280 276 231 192 202 347 285 360 207 352 206 150 243
196 333 167 264 270 160 157 345 362 274 360 320 169 280 340 170 216 336 304 352
716 861 850 654 845 893 848 785 890 828 838 718 650 855 814 880 853 822 643 801
1 1166 1160 84 92 1164 1181 105 75 1103 107 1089 1127 1201 134 1235 139 23 1195 70
231 271 265 178 209 261 344 329 357 217 322 243 319 317 219 190 207 298 186 354
76 1202 96 1176 1207 1164 78 94 81 1180 87 1147 1211 1153 1238 1130 1139 137 1196 1197
1136 1183 57 13 1206 1219 1085 1239 76 1143 1225 1151 1132 78 1200 43 1097 40 1171 1116
801 866 723 838 786 800 861 874 925 727 780 714 792 815 713 733 879 768 767 845
643 704 766 774 563 567 578 755 590 557 772 784 699 585 583 558 575 785 550 678
107 1220 25 1166 17 6 33 1195 1188 39 96 141 101 1178 44 136 1225 86 68 128
233 267 176 247 349 177 254 202 350 335 248 296 228 178 264 339 220 332 212 216
282 368 327 308 360 291 299 217 334 335 169 392 294 162 159 284 290 223 344 180
184 293 182 366 336 207 335 360 328 176 228 352 327 159 149 218 212 296 169 248
669 682 871 624 797 758 626 664 835 853 809 785 720 651 828 763 806 799 627 811
664 712 570 816 600 737 644 680 758 621 724 714 696 699 625 674 676 731 774 753
644 683 665 751 560 696 739 646 658 614 711 631 705 754 855 870 566 492 840 756
966 1045 982 1067 918 932 1003 967 1008 994 1099 936 1110 953 913 1098 1015 996 1108 965
223 238 183 174 318 255 262 177 268 235 273 322 226 259 314 326 221 285 203 168
964 1070 1031 995 1096 1028 948 984 936 1010 1019 1089 959 922 1121 930 997 928 1048 1036
98 1186 139 1197 109 127 124 48 1146 80 6 1165 90 13 69 1230 8 1225 116 71
59 1192 92 82 1138 103 1216 76 1207 1131 7 85 128 125 1110 1122 1221 1230 1229 73
594 662 732 831 575 630 841 507 666 485 508 600 565 838 752 677 697 619 467 704
300 360 373 316 308 277 387 315 337 171 237 207 212 233 199 326 313 334 282 323
1114 1163 61 33 1151 1153 1157 1238 47 1059 1234 1086 92 1065 1200 6 1184 1188 1236 43
63 1189 88 53 121 1222 1166 1210 96 1234 1127 1121 1161 1227 140 1200 95 1178 2 89
417 563 544 550 464 537 429 644 407 615 489 451 630 636 647 594 488 560 530 662
5 138 1172 1167 13 1216 1093 1086 1170 53 55 113 1151 117 129 51 20 1217 29 1227
736 793 669 729 676 689 705 727 860 877 741 747 709 876 716 695 721 657 774 891
91 1209 6 52 94 76 1160 1180 24 10 102 56 115 127 69 100 15 74 1219 57
407 534 616 571 520 408 404 602 465 599 382 427 505 587 604 428 596 620 625 507
695 760 773 636 834 671 768 675 853 690 796 794 682 747 693 783 653 878 688 639
514 581 671 414 578 553 605 464 530 475 526 656 589 660 600 607 522 515 461 531
91 117 0 127 1191 11 90 19 84 1196 155 1133 1120 1200 66 59 1182 8 103 1202
143 1235 0 1172 51 1159 168 134 167 49 109 1161 1167 1233 30 26 1187 14 1199 1153
670 800 785 725 737 739 706 645 774 622 819 733 811 842 702 834 856 654 593 656
186 284 157 319 363 305 209 211 268 203 231 216 358 346 201 359 294 159 277 178
463 579 587 464 474 403 467 569 488 644 481 637 633 570 643 626 499 564 471 647
156 180 175 116 235 317 247 183 199 266 323 117 351 198 283 290 137 277 173 272
203 232 193 302 212 167 190 330 258 184 312 168 332 189 306 192 342 240 313 171
571 636 511 433 440 548 465 539 685 550 686 617 679 488 520 598 489 590 605 447
767 863 857 732 666 740 880 823 832 660 774 895 752 831 717 747 704 711 769 662
565 579 636 472 635 668 638 639 459 659 602 597 499 624 453 673 511 645 600 665
936 953 883 892 951 916 979 907 970 1047 1024 965 1054 909 926 956 913 1017 972 987
391 417 376 505 546 535 459 394 428 472 525 357 460 512 434 414 504 398 399 506
1094 1148 51 81 33 1190 1064 1035 1172 1027 1170 99 1053 1165 1069 1042 46 76 60 1033
211 307 269 159 228 237 352 252 177 354 348 364 236 299 371 290 171 314 268 195
197 210 355 157 184 188 297 305 219 308 166 195 326 334 226 183 311 255 351 315
1104 1146 1098 21 65 2 1175 1178 1138 1095 1074 1099 1163 95 91 87 49 1154 1145 52
1203 1235 63 1159 136 1168 1196 1191 1209 64 1190 89 1223 1166 1170 127 54 68 70 1207
1016 1054 943 1097 1051 966 962 976 1112 973 1045 998 956 1085 988 1036 994 968 1028 1117
2 98 5 139 1081 74 141 18 112 1216 71 1208 111 1237 108 1189 135 1220 1179 1181
886 898 769 879 852 873 752 739 840 742 935 941 751 761 916 875 942 744 874 878
668 790 686 801 853 717 881 867 816 747 758 866 604 697 769 750 732 571 850 661
893 906 945 923 971 942 846 754 884 940 954 943 878 744 968 845 849 903 734 951
525 554 476 551 558 604 503 496 661 666 477 555 637 645 502 634 501 537 556 629
15 1122 1217 1106 1131 108 1227 1189 110 1102 115 36 1108 74 130 68 119 116 1220 1188
21 132 37 1211 1236 80 1229 1226 48 53 161 1089 17 154 162 1 147 1145 1181 1092
280 345 213 336 374 264 377 386 347 235 212 220 205 261 319 166 300 335 324 304
24 1196 51 1174 1121 1186 1106 83 1128 1221 127 1188 133 1169 1230 1148 101 35 45 1087
652 817 591 692 672 583 618 680 866 805 854 642 694 595 813 549 602 806 546 870
677 721 752 637 682 683 798 830 843 878 736 576 766 625 828 668 801 729 575 822
1024 1079 962 1131 1082 1125 945 1052 1099 977 1044 917 966 1129 1049 991 911 1124 1076 6
244 326 333 218 179 370 272 373 178 205 269 361 330 339 162 276 168 172 225 248
82 1225 69 1149 1221 135 1234 1131 36 109 1116 1174 1155 1111 1156 1139 1203 141 85 1114
747 880 776 801 763 744 799 739 677 682 847 766 700 852 771 915 671 810 839 707
20 1109 1216 111 1199 54 1052 69 137 50 1068 1099 1134 1149 27 1127 1205 1154 1224 1080
460 483 440 442 582 630 613 436 579 598 564 557 580 505 451 441 469 472 606 403
918 930 902 896 925 876 941 886 905 869 946 874 933 961 884 881 949 904 879 957
32 1127 143 136 102 10 39 33 74 48 70 1086 1180 17 1106 23 75 1225 1230 1123
755 804 723 862 720 893 710 749 693 676 733 722 678 873 703 661 746 727 860 655
83 1132 1163 1111 1102 14 33 1195 1117 1106 1104 0 1201 60 80 1183 91 1179 1189 45
992 1077 1047 1057 1004 1064 1020 1001 1063 1098 1105 1109 1066 1023 1040 1096 1094 1106 1044 994
1037 1077 982 1084 1074 1021 1054 993 1108 1052 1034 941 1057 1018 1051 1107 1071 984 1039 959
29 1199 38 48 1171 6 126 127 1104 75 1123 108 1238 71 89 1102 64 1210 11 1098
132 1191 1237 1172 53 109 118 164 1192 1165 15 82 160 22 7 29 151 86 1236 1173
149 172 306 297 281 256 333 323 296 328 277 135 346 265 329 330 222 151 264 259
111 1207 1195 158 128 64 1158 1214 51 88 56 103 49 93 1192 109 21 1238 1173 43
9 1077 1147 1000 17 1027 43 1132 1045 52 1163 101 1219 137 1176 67 1008 1211 1034 106
24 1131 1110 120 89 1093 1104 1208 7 97 109 111 1206 1233 1125 1189 1079 40 1239 1085
45 1154 63 1156 32 36 138 11 1151 130 81 90 114 1188 93 56 1107 97 15 9
568 634 507 654 669 578 481 473 552 624 573 430 671 486 447 558 695 502 658 583
265 343 369 185 341 309 268 232 169 197 215 246 322 360 199 221 210 266 288 371
361 387 414 338 317 365 294 395 297 359 412 343 344 369 376 435 427 388 177 309
810 859 794 868 825 783 840 672 856 892 832 723 771 738 753 708 895 770 873 780
706 766 780 666 784 635 755 710 636 649 879 673 808 714 878 675 864 671 788 697
58 1132 139 92 77 1191 112 1175 95 106 1090 79 1118 123 1211 1216 34 1213 1134 1129
465 554 456 441 564 576 466 471 645 458 476 594 663 622 602 464 434 577 544 570
450 556 529 484 667 573 657 619 469 566 459 648 397 533 558 609 447 644 572 642
1170 1226 32 50 1161 1131 100 9 28 98 1123 1227 1198 1155 130 1147 27 1129 1154 1237
460 575 627 557 438 411 539 530 487 555 417 540 426 639 481 574 647 520 572 605
113 145 54 170 1179 1202 125 84 7 1216 107 77 37 1231 117 73 1219 122 1174 160
488 636 498 429 448 595 638 670 427 696 664 464 440 616 602 418 708 543 586 668
37 78 1212 57 1116 87 107 31 118 74 89 103 1222 1205 36 93 34 1110 1174 140
260 313 163 239 234 268 308 170 371 372 169 347 305 182 369 307 346 279 324 217
540 579 561 471 625 457 636 426 526 488 498 432 612 460 656 496 467 407 564 521
473 624 438 518 492 602 479 609 421 499 654 508 451 416 465 497 485 455 649 603
137 1215 1160 1180 87 58 101 1190 1222 128 29 1187 43 1192 95 49 83 1164 0 55
700 843 628 871 824 894 820 873 638 702 778 677 634 755 853 672 865 800 803 664
911 921 1036 1026 967 930 896 965 976 978 1028 1023 953 901 878 922 933 974 1027 925
174 316 357 279 172 263 299 312 175 144 234 260 152 197 198 218 347 350 232 369
607 657 782 627 478 718 701 482 647 583 556 726 664 534 630 527 565 621 537 797
674 785 823 738 868 666 715 846 867 586 695 770 727 700 718 786 778 822 833 706
254 341 208 317 286 274 380 223 202 296 305 178 228 200 302 344 203 258 307 271
496 553 603 497 405 635 631 617 457 612 552 418 517 632 443 412 659 627 504 634
430 502 559 407 552 421 500 628 397 603 465 518 606 492 455 511 456 434 439 403
1147 1176 87 1129 1131 120 122 110 29 1118 1122 1098 70 108 57 19 1232 1105 103 130
93 1220 1158 1129 149 28 108 136 1160 11 35 1163 143 1216 103 1141 1149 71 10 1137
82 1224 1239 1219 72 54 1115 112 19 8 1106 1137 49 114 113 1173 1235 96 1187 85
660 695 605 813 597 869 755 758 725 610 842 643 743 854 784 570 849 734 665 696
257 342 281 268 276 344 202 373 377 323 260 374 341 335 294 187 243 254 190 317
403 524 445 535 523 408 414 562 413 589 586 427 389 583 531 451 534 411 409 588
700 876 787 791 655 759 834 805 843 771 730 776 674 885 731 789 903 850 881 844
138 163 73 44 319 294 123 331 67 7 98 175 42 58 4 198 161 180 1226 1184
916 941 872 1019 942 1029 893 887 976 945 932 958 1018 948 939 975 930 894 974 1021
13 1080 1218 1203 1232 9 1136 1098 7 1185 135 1031 1224 1008 999 1113 1077 22 1235 1156
691 851 705 676 656 769 730 825 718 836 672 664 787 682 784 864 756 884 875 786
589 672 564 720 538 724 823 709 759 483 715 486 766 507 547 815 795 631 472 481
1031 1068 1030 1005 1086 988 963 1061 1109 1054 949 956 940 1122 1079 1022 1004 981 1082 993
502 605 460 620 497 668 488 507 665 618 419 407 434 600 490 492 455 406 612 650
7 1219 1144 140 46 1100 37 86 1159 18 1198 28 47 1164 126 63 1195 138 1197 1179
