802 814 781 751 759 774 779 784 834 766 749 748 719 722 711 665 785 755 799 840
351 406 328 349 344 329 450 409 460 380 451 423 315 338 332 421 435 443 357 447
1049 1117 1081 1030 1010 1041 1153 1006 1023 1071 1025 1144 1032 1068 1044 1012 1134 1008 1021 1029
536 550 563 501 503 523 481 497 547 564 568 541 562 537 526 548 459 566 513 531
868 879 901 151 177 865 224 205 193 162 188 849 157 223 900 854 222 153 189 204
343 387 451 445 426 357 385 424 380 378 320 369 340 355 423 438 436 421 442 422
892 918 901 893 910 937 209 201 930 858 181 907 211 902 931 944 948 189 135 871
101 854 916 137 898 829 65 847 888 860 122 75 861 96 91 135 848 107 76 106
798 806 718 707 746 702 675 778 740 750 723 832 771 820 741 755 816 748 663 725
160 191 887 207 182 300 172 195 227 885 164 196 303 886 143 306 175 880 173 192
460 490 495 389 480 423 457 447 488 558 531 391 395 492 547 443 407 536 441 533
662 805 671 795 744 794 675 822 798 776 803 737 677 779 767 764 774 746 726 720
132 145 163 171 911 892 164 168 129 148 142 151 111 135 867 156 172 899 870 903
1158 1164 1014 1226 1024 1200 1177 1157 1131 1189 1016 1147 1195 1253 1246 1132 1186 1221 1193 1031
1158 1177 1237 1238 1214 1017 1134 1231 1233 1180 1175 1256 1203 1215 1137 1139 1208 1135 1191 1136
1066 1109 1010 1054 992 1014 1064 1132 1088 1142 1145 1140 1023 1115 1006 1008 1105 1133 998 1059
239 1209 204 206 253 244 1193 1199 203 1172 1186 242 200 1201 211 218 1214 202 260 261
1074 1115 1073 1146 1067 1061 1050 998 1082 1125 1085 1116 1130 1091 1150 1133 1044 1065 1026 1012
264 297 267 253 207 259 283 205 206 204 254 228 198 256 240 293 229 270 257 201
183 888 210 899 896 179 900 194 854 859 895 168 172 880 882 206 853 894 877 131
1037 1149 1086 1232 1004 1164 1218 1022 1158 1154 1044 1163 1161 1159 1226 1235 994 1066 1058 1096
370 427 412 477 358 356 470 331 390 458 466 415 416 357 377 366 324 472 383 337
25 43 58 30 45 64 66 31 22 42 5 52 2 41 37 36 20 70 38 44
719 764 776 798 740 751 725 690 661 700 799 672 773 669 806 747 712 762 680 686
342 384 455 322 381 334 372 390 457 367 444 459 377 392 373 414 387 346 410 435
662 719 810 753 733 643 694 666 704 658 691 655 730 745 738 739 672 639 674 665
346 439 323 478 383 401 366 472 398 330 387 466 367 375 470 344 397 461 350 419
629 644 646 636 621 603 669 628 630 632 675 626 608 616 680 668 681 614 599 620
1151 1164 1224 1173 1094 1054 1183 1236 1252 1243 1230 1233 1012 1064 1261 1057 1037 1047 1050 1180
688 706 686 710 748 666 804 653 723 749 664 684 681 716 683 725 667 727 735 712
1184 1205 1198 1182 287 1160 285 1185 1179 1162 1197 1210 1173 1166 1190 1211 1181 1172 1178 1191
592 609 591 598 582 563 573 632 586 613 630 636 611 593 572 589 566 612 634 616
739 757 683 705 728 767 798 763 716 737 722 761 687 675 662 766 809 811 792 808
650 689 636 747 668 665 734 696 728 718 659 625 626 730 742 725 657 647 695 748
193 215 176 171 879 241 190 866 884 233 207 232 204 872 223 226 867 189 306 311
966 981 980 984 965 941 1006 993 1000 954 998 1011 1001 979 994 982 1013 950 989 1008
185 306 290 865 173 205 174 188 322 318 170 297 165 287 895 307 876 286 190 196
349 432 470 433 322 406 462 475 436 408 443 474 434 371 480 423 377 361 422 445
699 754 791 776 734 704 731 688 811 755 796 792 804 711 819 773 705 772 768 808
703 757 796 797 746 749 814 782 702 668 727 677 680 673 713 740 681 791 787 783
889 907 124 872 922 942 851 886 850 891 861 216 893 925 141 180 183 855 932 904
1150 1252 1107 1245 1259 1147 1021 1136 1176 1011 1116 1133 1100 1253 1164 1013 1134 1118 1017 1054
192 213 233 177 234 205 311 208 173 200 875 240 880 308 199 863 180 866 312 867
801 823 789 774 727 729 768 787 848 842 743 772 726 807 773 664 724 764 720 805
1003 1076 972 1109 991 1081 1123 1148 987 1073 1058 1029 1035 1031 1091 959 1023 990 1013 1153
1151 1164 1094 1128 1231 1030 1205 1027 1146 1095 1033 1201 1018 1166 1246 1222 1145 1047 1079 1220
129 148 133 861 919 899 103 117 145 896 864 107 892 870 908 159 104 173 119 162
964 982 935 947 992 997 986 995 958 1003 934 970 987 1009 1010 996 990 968 946 983
1081 1150 1016 1090 1233 1258 1064 1243 1244 1099 1062 1024 1122 1252 1145 1101 1092 1033 1052 1000
1019 1062 1063 1139 1043 1037 992 1056 1027 1133 1262 1010 1097 1267 1041 1006 1107 1061 1121 1049
996 1080 1088 1047 1099 1007 1130 1054 1118 982 969 970 1103 983 1035 1089 1008 1131 1055 1024
215 226 300 239 232 244 298 291 895 231 227 314 863 194 885 278 310 230 315 313
1023 1126 1142 1058 1043 1005 1032 1145 1100 1019 1034 1047 1263 1049 1155 1262 1041 1115 1156 1013
400 453 394 472 490 409 457 345 382 361 420 352 375 509 516 329 522 466 479 415
121 156 176 95 162 110 144 133 155 100 169 907 166 855 83 859 139 114 107 113
84 115 93 830 146 154 112 834 53 833 65 856 831 97 108 70 95 77 86 149
603 632 592 640 577 647 574 648 607 591 642 643 628 649 585 609 606 652 596 654
215 233 870 249 232 223 294 246 209 861 285 279 276 189 280 205 891 245 314 869
1073 1134 1127 1079 1131 1085 1035 1029 1235 1263 1251 1113 1123 1011 1112 1248 1071 1017 1130 1077
507 547 556 457 503 530 554 563 467 481 532 548 454 477 482 463 539 540 524 504
862 887 893 205 126 214 897 874 883 914 842 213 145 201 203 917 859 871 142 125
670 708 714 642 710 703 658 724 643 702 650 736 739 810 711 715 653 697 700 660
1057 1120 1073 1034 1038 1039 1093 1049 1029 993 1053 1011 1110 1031 1058 1131 1020 1142 1107 1103
254 273 249 278 276 224 295 256 287 271 202 250 292 242 283 241 288 244 279 294
312 336 379 404 323 378 321 399 333 213 218 313 410 391 327 303 362 297 337 306
511 524 556 557 483 550 533 545 566 522 537 517 552 553 500 527 451 546 463 489
272 291 257 202 309 303 230 258 243 237 299 204 296 252 226 268 310 293 307 253
723 769 716 679 700 771 663 684 702 752 740 810 717 727 742 690 761 725 774 814
474 532 545 505 442 462 535 500 533 484 436 485 424 490 509 428 557 538 466 471
63 105 65 77 103 47 861 96 49 55 79 39 127 45 51 80 53 46 852 90
121 150 93 126 158 85 142 155 168 104 82 906 77 78 148 861 858 869 157 161
236 300 209 263 186 213 868 251 248 265 206 292 227 229 287 250 319 245 235 270
216 871 230 183 866 885 192 879 163 853 882 139 862 310 891 220 881 178 215 165
891 918 927 852 198 948 898 185 133 211 875 187 880 850 933 939 180 874 928 922
652 656 636 729 707 669 740 665 661 684 675 705 673 663 644 650 625 690 696 695
420 474 341 509 374 495 454 524 347 501 522 520 562 424 554 423 372 343 433 441
1083 1138 994 1250 1071 1054 1230 999 1117 1037 1143 1120 1031 1086 1233 1027 1108 1058 1030 1114
316 353 343 407 447 380 369 327 363 338 393 330 400 345 301 387 454 323 440 333
1153 1234 1179 1171 1194 1227 1066 1010 1019 1017 1135 1098 1047 1054 1139 1056 1073 1009 1132 1137
1031 1138 1039 1059 1131 1115 1110 1037 1259 1118 1014 1064 1009 1150 1093 1046 1040 993 1094 1137
915 931 131 944 925 908 918 900 852 891 928 947 943 942 917 128 930 948 913 851
1158 1233 1170 1189 1175 1034 1167 1240 1015 1251 1023 1226 1249 1237 1022 1028 1235 1194 1159 1195
283 304 233 204 242 293 311 300 302 271 196 286 229 201 239 194 231 224 274 320
176 186 227 866 155 199 300 231 204 164 182 306 165 887 196 153 304 871 890 874
117 861 103 853 90 862 873 908 148 886 106 890 144 102 100 120 94 123 846 107
756 767 753 811 750 659 662 743 677 738 748 783 704 723 660 679 673 806 749 801
1277 1285 1295 1283 1297 1272 1276 1265 1284 1289 1300 1302 1303 1290 1292 1298 1267 1282 1269 1299
217 246 194 866 312 192 199 265 872 274 277 233 205 249 213 198 286 887 203 315
691 729 779 719 770 704 658 777 737 662 659 713 674 669 786 693 814 707 778 799
1189 1233 1174 1245 1170 1164 1235 1210 1202 1169 1236 1188 1215 1144 1175 1176 1136 1201 1211 1190
754 801 758 703 817 765 764 796 672 665 737 743 697 699 698 720 714 700 809 797
808 814 676 734 797 743 710 841 775 746 781 830 745 773 672 714 800 799 718 834
1025 1114 1101 1131 1097 1151 1110 1018 1112 1026 1059 1153 1027 1063 1087 1100 1146 1004 1104 993
1176 1184 1233 1159 1162 1194 1207 1190 1199 1160 1173 1189 1196 1223 1235 1239 1213 1236 1193 1210
385 423 427 395 468 434 323 476 475 429 469 452 376 339 381 387 470 435 352 375
1151 1252 1066 1225 1266 1076 1244 1126 1006 1254 1027 1073 1118 1144 1052 1008 1095 1133 1247 1061
854 909 853 900 843 862 913 929 108 114 856 106 93 874 78 126 886 99 848 917
866 909 169 938 133 858 903 126 149 172 937 219 898 864 174 188 151 192 928 207
961 989 1048 940 1057 1060 1001 984 1053 953 1011 960 1017 942 981 990 978 949 1010 995
865 880 183 848 134 850 135 913 147 899 210 115 116 203 204 130 891 166 190 202
340 401 329 313 458 419 394 447 312 324 461 417 406 356 446 358 378 347 334 450
1138 1253 1149 1078 1054 1040 1235 1068 1101 1029 1159 1037 1231 1017 1092 1242 1157 1085 1071 1234
1060 1142 1224 1072 1258 1124 1246 1251 1248 1031 1063 1252 1120 1083 1128 1054 1010 1093 1126 1038
344 358 409 373 375 421 414 329 379 426 429 416 390 323 428 360 330 357 398 447
1317 1325 1311 1307 1305 1315 1330 1301 1312 1328 1332 1318 1314 1333 1302 1316 1296 1309 1300 1319
473 499 472 497 512 478 533 462 548 535 447 538 491 552 516 449 508 525 434 509
1149 1218 1082 1066 1052 1058 1055 1232 1102 1167 1236 1035 1077 1106 1249 1098 1030 1117 1008 1108
611 642 658 676 651 632 673 641 613 657 598 679 664 678 615 618 626 592 614 639
1143 1157 1046 1248 1111 1139 1172 1002 1148 1071 1198 1130 1015 1249 1220 1164 1037 1017 1155 1136
931 943 952 921 938 933 918 894 944 969 961 902 927 945 956 898 974 954 923 971
1235 1252 1192 1148 1266 1219 1137 1161 1268 1258 1144 1231 1229 1140 1195 1174 1267 1153 1134 1133
28 43 33 32 52 38 39 48 24 67 66 34 15 62 14 64 10 26 4 20
918 935 851 940 906 943 863 917 921 969 911 954 892 926 898 923 902 963 893 931
189 309 895 286 890 179 214 871 315 224 328 289 298 304 163 880 291 319 172 320
1192 1201 1198 1235 1214 1218 1228 1224 1179 1152 1222 1221 1188 1217 1158 1165 1233 1181 1215 1189
166 866 188 146 910 901 887 174 161 130 850 180 154 163 876 133 181 137 868 128
694 746 761 693 655 808 736 731 811 774 722 670 783 800 749 807 657 662 680 702
241 284 276 289 203 263 295 286 242 229 230 210 254 226 202 256 225 201 299 239
1001 1056 1023 1021 966 1063 1025 1148 1104 965 983 1151 1075 1078 977 992 1061 984 1097 967
461 486 456 408 438 480 550 446 522 498 455 395 435 516 493 426 417 390 490 513
350 402 382 415 394 357 375 437 383 444 421 440 424 406 359 442 455 330 374 328
1273 1277 1260 1289 1258 1291 1265 1259 1288 1285 1270 1284 1283 1262 1264 1271 1261 1266 1290 1279
580 605 560 604 612 558 627 577 600 624 568 579 557 565 623 602 571 584 609 632
1212 1219 1236 1222 1201 1168 1213 1223 1234 1206 1159 1185 1217 1149 1221 1226 1204 1167 1164 1230
348 404 317 388 435 407 419 353 445 381 361 424 410 323 398 438 335 387 372 355
199 251 185 181 874 268 278 172 175 207 224 168 183 234 308 277 201 285 233 892
340 371 408 323 427 347 386 341 419 416 336 379 392 343 425 334 352 420 324 403
389 430 393 431 401 453 355 360 403 465 359 365 338 356 335 397 324 358 446 440
160 173 175 162 169 192 140 133 152 156 164 177 182 155 867 186 143 199 168 201
855 892 94 138 122 133 199 119 847 828 832 215 901 136 911 875 905 124 210 78
187 892 901 211 204 922 860 212 872 923 138 926 158 181 881 159 899 865 168 863
451 472 528 549 434 386 421 402 531 557 532 534 483 410 523 359 544 547 404 501
432 461 429 468 513 551 457 401 435 413 559 556 502 452 466 519 554 463 454 501
1012 1151 1069 1002 1165 1077 1092 1160 1162 1107 1030 1186 1164 1234 994 1109 997 1054 1055 1156
727 789 735 791 780 725 731 806 766 801 674 748 790 667 744 691 799 687 738 770
619 632 601 596 635 641 631 651 622 604 607 652 614 645 637 649 657 644 599 613
349 374 380 384 379 419 317 442 408 337 371 412 316 372 422 423 347 368 346 340
721 807 750 824 671 726 742 803 654 675 783 667 712 832 802 707 734 816 727 763
225 305 872 183 194 315 190 293 226 291 309 278 292 181 218 239 298 238 230 294
1018 1075 1004 1000 1073 1135 1100 1144 1060 1044 1159 1030 1250 1041 1266 1092 1031 1154 1047 1096
363 387 421 409 324 442 453 359 323 420 342 341 392 403 375 321 332 405 386 454
463 556 503 455 497 562 441 531 451 436 518 419 568 576 474 469 509 541 470 528
750 781 755 667 789 714 756 806 713 715 802 765 718 681 687 751 704 703 734 720
1259 1269 1153 1264 1244 1270 1226 1018 1155 1282 1246 1019 1020 1234 1147 1257 1235 1224 1014 1243
269 277 238 267 254 299 228 247 298 285 268 225 276 251 293 281 290 265 246 260
1017 1144 1041 1223 1103 1088 1159 1005 1071 1138 1120 1098 1091 1225 1123 1228 1099 1101 1108 1094
264 288 200 268 289 232 265 205 308 306 282 241 301 224 311 280 262 281 250 307
1042 1133 1021 1026 1102 1020 1053 1064 1055 1143 1253 1033 1013 1014 1077 1006 1247 1118 1050 1058
1031 1131 1136 1025 999 1015 1151 1034 1110 995 1078 1142 1111 1084 1011 1123 1071 1088 1133 1047
860 897 141 841 895 845 922 837 919 107 130 834 127 865 885 882 867 928 854 209
