712 889 934 122 91 756 945 692 665 69 914 952 94 64 699 722 99 745 840 871
369 519 572 354 282 96 452 324 561 449 568 535 357 575 72 463 453 478 461 494
296 376 577 350 495 408 450 413 368 321 288 393 419 276 475 455 403 441 330 582
471 511 377 447 541 262 487 448 548 516 505 439 510 550 81 449 500 442 460 521
591 605 247 75 276 313 84 613 95 90 343 617 293 634 533 643 294 88 334 630
787 847 802 730 938 764 814 713 881 725 867 714 752 792 759 853 907 797 762 827
5 19 238 243 245 154 54 176 22 3 184 221 242 162 239 178 23 168 159 43
950 957 942 948 820 775 849 778 857 883 794 762 874 880 884 961 810 709 735 728
451 504 481 377 274 371 476 408 461 429 441 294 273 538 372 560 368 535 386 398
898 947 883 942 840 944 768 941 955 772 121 675 914 829 735 752 872 959 658 919
756 934 918 117 929 952 941 879 942 899 905 670 759 702 720 880 758 903 913 733
362 579 311 266 574 597 391 538 356 312 576 557 295 262 375 297 595 373 393 352
739 757 835 891 842 921 838 934 811 704 909 889 792 699 911 777 926 937 814 708
362 545 335 431 515 489 315 319 577 295 490 518 360 351 83 277 370 581 539 475
237 617 247 636 20 218 244 37 641 92 639 652 633 234 253 603 102 258 36 659
445 542 429 369 531 487 405 524 420 278 474 432 470 452 375 437 496 503 77 74
271 496 330 555 540 260 573 233 468 270 507 499 452 295 518 595 547 614 294 600
771 863 756 747 702 841 724 956 929 952 806 926 683 865 844 838 786 855 916 877
273 588 596 594 482 276 289 485 563 527 606 92 253 554 342 290 577 481 306 295
436 527 549 266 474 87 280 268 419 404 67 275 462 439 394 514 538 393 560 506
334 555 352 373 446 281 466 84 569 391 539 531 574 548 479 457 499 557 385 363
716 937 61 760 724 926 737 711 118 112 656 101 678 92 743 851 128 684 71 117
733 773 862 954 833 693 896 915 706 738 741 832 781 939 949 789 711 755 713 864
112 697 62 684 906 681 888 100 660 919 73 930 716 911 715 939 60 938 154 128
340 570 585 451 519 311 532 539 362 356 586 94 293 389 501 302 581 542 568 307
276 561 350 461 334 282 354 532 290 275 86 500 452 512 272 590 603 84 606 459
257 270 235 532 330 218 348 297 244 484 514 354 231 323 242 535 299 615 233 261
628 664 902 914 105 99 913 895 236 59 880 656 865 94 702 259 96 227 252 632
680 923 640 689 684 752 672 858 938 109 661 731 895 45 889 678 66 933 98 698
53 82 576 606 526 221 104 585 590 35 690 225 218 650 261 68 30 601 649 532
75 214 511 182 572 163 183 17 83 37 653 237 239 241 596 53 190 81 518 123
46 160 36 662 219 670 198 663 24 64 166 190 665 66 30 659 157 193 671 182
376 569 372 332 590 383 455 301 580 584 439 550 348 534 308 459 500 393 402 349
257 572 520 622 536 546 235 322 337 333 604 309 608 598 635 606 262 496 630 225
265 601 527 275 583 280 650 511 576 499 618 241 75 628 578 250 502 310 291 306
4 223 186 102 182 21 46 91 161 264 3 9 238 169 87 184 261 89 80 190
21 220 233 166 86 175 82 85 45 11 24 244 158 7 628 180 264 241 239 256
874 944 829 903 781 742 134 795 955 715 843 834 930 788 892 936 940 721 928 845
264 584 222 276 611 265 243 593 289 536 512 335 269 352 252 237 245 625 82 235
71 639 50 223 617 654 705 247 571 118 63 82 125 709 674 715 691 678 102 534
326 396 295 376 300 298 381 567 286 276 587 282 578 588 391 451 307 270 315 432
329 569 522 579 450 332 76 317 482 478 386 83 289 376 538 94 525 334 573 378
758 889 935 855 842 699 945 773 732 937 805 112 706 756 683 660 811 848 897 891
74 585 623 65 267 658 565 714 114 588 318 64 94 601 328 505 710 506 88 348
91 634 647 696 600 642 678 257 254 626 568 623 59 514 660 612 80 45 653 99
23 188 227 24 160 205 199 169 34 176 173 219 15 226 237 177 161 43 10 1
675 926 641 885 52 102 88 128 122 732 908 71 649 743 864 857 53 749 912 58
711 856 798 107 82 831 708 873 894 751 764 675 898 768 713 687 670 904 851 681
550 579 575 363 480 256 380 473 441 366 536 557 371 559 343 519 508 512 352 308
296 310 268 285 550 598 347 559 257 616 284 350 373 555 252 589 259 548 356 281
313 552 306 321 79 520 290 307 388 77 469 333 515 516 329 579 387 499 472 482
294 496 619 322 257 336 538 597 595 349 321 445 246 263 547 446 245 248 522 317
260 602 592 651 243 591 238 219 79 240 279 612 287 82 623 308 633 275 595 593
258 620 66 583 605 259 261 638 276 662 655 591 249 102 627 580 297 295 68 98
87 244 542 528 576 54 713 508 700 98 594 124 708 571 665 245 661 642 659 277
252 585 94 630 261 223 562 612 242 287 347 277 336 270 330 561 633 233 587 579
307 566 524 584 477 494 346 519 90 81 594 538 521 457 514 470 447 366 74 284
921 936 870 923 892 720 714 686 838 937 869 123 740 728 851 745 942 848 724 675
270 579 577 289 337 273 361 268 554 266 555 496 286 522 352 252 308 536 310 363
91 619 119 228 686 89 629 223 523 585 299 127 261 301 88 251 700 253 502 114
311 391 432 367 555 421 438 559 292 454 387 296 379 356 350 283 364 582 288 598
693 874 948 667 691 92 865 71 103 744 644 107 918 863 742 123 726 932 65 91
487 515 271 454 444 380 475 486 464 434 266 427 79 568 370 499 277 274 455 468
382 436 474 452 329 463 335 433 317 308 566 532 336 556 533 538 328 462 441 420
735 951 827 870 670 875 814 944 683 877 737 120 811 750 715 769 718 736 919 687
102 116 922 907 122 150 721 673 894 117 710 44 54 223 160 916 124 661 156 618
337 369 458 568 291 495 296 289 490 370 479 560 345 309 386 329 265 351 541 517
105 908 723 746 653 44 743 122 88 863 96 131 81 709 881 65 916 741 127 858
104 123 77 879 74 702 102 881 914 926 636 736 913 644 714 225 873 675 141 626
604 643 252 667 62 49 613 113 247 251 241 650 107 93 666 655 246 620 279 258
725 883 783 897 732 670 846 658 751 896 956 677 768 867 952 928 114 688 853 932
473 503 514 547 501 533 462 482 423 439 531 463 431 441 432 367 493 374 523 293
665 693 628 120 72 645 728 651 673 737 631 880 940 117 706 114 722 105 856 735
723 921 874 772 894 702 749 908 681 855 906 731 896 880 940 754 840 928 756 891
780 813 820 838 853 749 737 844 753 826 859 869 947 789 950 790 815 958 862 745
347 366 272 542 387 561 449 346 339 393 448 539 585 350 546 331 343 379 322 335
459 501 91 259 570 382 372 527 523 452 555 87 514 573 441 549 460 537 552 566
266 593 628 589 271 228 641 229 508 517 79 576 88 335 575 561 263 301 346 328
264 585 330 571 247 528 600 290 251 566 524 624 604 510 223 309 498 350 220 222
656 879 682 713 673 91 710 708 60 918 644 757 105 938 63 669 83 648 944 925
327 365 305 313 558 289 272 366 290 367 393 285 314 322 368 320 328 387 310 541
463 566 494 586 426 558 464 320 367 440 556 548 450 466 389 567 492 274 333 420
43 187 215 658 107 67 1 31 220 101 75 225 651 15 86 186 170 207 655 660
72 714 98 953 45 745 95 853 79 712 899 880 619 742 75 519 897 221 695 874
47 227 636 167 679 232 639 7 675 631 20 209 262 52 23 645 118 95 58 25
175 216 87 18 26 206 85 24 4 158 161 13 20 16 200 170 157 1 260 14
746 790 748 936 889 762 745 788 866 881 873 806 942 865 955 716 779 824 829 741
296 568 79 500 615 330 535 599 321 449 602 614 499 604 347 278 464 588 600 90
628 657 600 888 72 88 592 591 652 87 633 74 647 635 692 685 603 234 700 667
526 591 307 65 611 274 525 513 67 309 94 485 448 483 71 536 590 544 457 80
89 612 100 649 604 709 298 500 511 63 663 519 710 557 620 630 305 265 688 266
671 862 724 642 98 782 957 861 912 889 104 894 76 129 718 675 944 128 114 122
491 563 75 559 332 270 588 90 583 459 309 558 307 321 80 511 303 325 467 469
439 555 553 527 275 448 283 277 442 336 375 481 299 393 331 425 316 358 445 493
358 393 560 434 556 313 287 298 413 409 548 582 351 331 577 294 386 440 561 439
683 706 68 846 889 854 912 687 658 866 714 669 744 56 913 894 122 680 915 741
109 677 93 121 115 62 664 659 114 879 71 226 890 898 52 689 88 663 935 857
298 359 550 390 612 257 589 329 260 558 607 582 295 276 545 278 574 285 569 275
592 635 649 652 90 609 655 648 275 305 266 255 657 81 232 603 568 261 269 230
393 401 436 374 457 413 357 367 368 412 433 341 322 337 405 456 452 319 312 379
443 535 260 555 482 473 491 537 519 379 514 397 428 264 474 414 447 471 274 408
78 618 242 689 92 549 540 582 102 698 220 80 245 684 76 553 264 107 675 127
203 252 176 215 218 245 612 594 15 270 171 14 296 637 16 45 165 602 230 615
732 746 926 756 688 889 681 722 928 704 935 901 908 785 922 960 125 676 853 927
605 640 601 94 75 644 592 277 287 582 106 628 682 51 228 236 629 666 268 67
262 538 629 498 501 540 596 217 574 552 565 378 561 298 467 436 590 233 87 638
442 561 372 564 381 584 499 550 280 459 509 528 524 413 554 385 405 453 404 531
80 702 47 505 628 43 742 711 586 537 99 739 584 730 234 230 601 691 624 648
340 570 369 329 332 456 71 277 581 357 463 585 301 455 359 82 306 325 276 91
266 571 499 375 555 504 267 482 340 235 524 265 624 622 589 531 227 567 234 91
364 547 373 472 87 307 540 392 522 277 520 82 329 74 468 361 334 516 457 344
750 837 828 907 762 872 827 918 859 807 881 798 747 740 858 761 720 804 800 710
293 552 350 615 321 244 289 532 366 605 242 270 446 599 298 592 262 468 320 83
448 539 384 85 538 73 450 369 290 451 433 507 380 494 555 474 482 472 529 413
784 940 698 723 749 909 916 844 688 893 959 801 860 743 887 904 722 947 765 768
126 158 210 720 25 24 180 165 665 698 666 889 5 21 892 14 881 131 943 687
255 610 264 267 620 94 281 640 235 90 73 624 575 628 278 238 82 254 214 89
582 588 345 243 85 95 267 258 533 618 322 567 528 574 560 557 581 615 546 298
83 710 54 535 932 632 611 76 679 854 746 227 563 551 654 94 731 574 864 640
687 854 765 122 773 57 761 76 50 642 96 114 728 701 807 904 764 872 686 794
698 869 796 900 75 654 686 894 652 63 761 880 672 769 785 843 919 696 656 98
862 890 788 720 869 786 691 663 935 692 933 705 804 681 660 685 872 114 860 118
83 667 644 217 724 64 885 658 936 95 692 235 646 624 576 515 909 689 222 687
795 847 734 877 769 772 776 714 909 702 790 801 703 876 864 705 743 825 837 860
665 712 124 746 842 937 674 748 863 621 942 669 115 720 109 894 55 882 706 86
458 516 435 92 456 482 261 557 573 441 80 442 505 84 560 466 499 428 503 548
462 501 540 569 423 420 521 464 509 555 386 449 458 422 294 88 83 471 565 516
424 447 405 410 403 435 521 458 381 380 543 437 566 374 391 474 529 422 455 376
224 239 201 90 49 45 280 40 211 271 618 639 249 25 70 166 243 67 596 608
872 889 761 944 858 691 775 678 758 733 765 949 129 688 932 867 917 888 859 864
156 188 172 235 43 113 214 5 175 10 26 3 35 207 126 191 137 194 40 160
482 554 369 518 382 529 485 427 511 494 312 498 430 274 304 385 438 512 361 454
749 953 731 861 882 818 924 931 795 904 909 828 741 774 746 864 888 960 826 949
759 945 132 682 706 790 853 717 894 882 134 863 931 764 841 821 678 809 826 818
139 158 137 41 147 157 35 47 26 195 169 180 109 140 9 188 2 189 37 10
700 736 776 860 937 50 689 691 948 922 670 869 126 849 764 123 845 777 945 935
312 581 590 308 298 307 329 260 591 295 287 247 244 264 339 379 598 592 304 577
165 202 185 145 215 194 34 237 172 49 39 25 196 221 231 47 183 24 14 38
79 119 916 565 234 219 73 634 141 600 707 879 521 56 704 611 726 133 105 662
461 504 572 378 521 441 467 384 426 560 262 264 520 464 277 270 544 493 87 558
761 783 727 811 878 834 935 790 839 949 831 821 819 806 760 938 787 865 843 946
660 883 644 117 656 844 691 875 867 938 633 640 873 861 637 72 748 60 657 122
243 592 301 575 191 225 88 530 605 276 531 302 636 231 608 300 80 232 344 204
738 936 921 678 886 782 747 719 895 716 760 864 776 848 773 852 123 884 880 714
20 54 50 668 74 70 103 657 216 66 169 218 233 699 679 193 113 681 24 194
879 929 869 116 693 937 122 696 856 895 882 858 843 942 667 883 734 745 664 943
274 350 581 538 390 520 591 240 611 266 302 391 527 522 332 272 568 287 374 504
897 924 111 915 686 682 758 751 918 699 674 705 868 110 753 688 754 850 678 927
694 868 850 864 705 895 77 693 129 781 116 935 919 738 899 55 692 943 646 779
13 168 180 200 240 209 24 211 36 166 22 20 32 189 208 154 150 206 196 153
