1657 1676 1686 171 194 211 1692 204 193 1683 1663 1622 184 1658 1628 1689 179 174 1669 1651
358 2091 421 386 472 2144 344 462 76 367 345 2096 355 2064 2133 451 457 2111 39 2212
287 310 2123 259 92 99 946 943 122 306 333 961 120 328 319 46 921 2136 910 251
1736 1777 1800 150 1868 1718 1719 1790 2027 1796 1707 162 1738 1804 1735 1784 1754 1724 140 1791
452 496 498 483 380 396 2182 467 427 454 2164 2221 516 413 2103 389 2223 2126 502 2110
2290 2379 2498 2402 2330 2276 670 2258 2352 2309 2294 548 656 597 604 2268 2344 2270 2408 2495
143 1734 2032 2042 283 1768 140 276 2052 1706 154 116 245 235 1719 1704 170 2043 273 2068
1179 1316 1397 1246 1172 1140 1187 1489 1235 1386 1199 1418 1330 1476 1282 1300 1248 1501 1288 1419
969 993 255 932 1036 124 881 1001 927 144 901 256 891 2032 1045 883 110 964 882 911
2370 2400 560 2397 2437 2500 632 610 2481 2432 645 2295 644 2413 683 2491 2335 2461 2467 2374
339 2107 291 2174 79 29 345 2116 2070 64 30 490 2172 489 5 301 2166 2088 2106 295
238 2049 792 992 128 101 2003 1726 108 949 91 1824 1714 139 922 1809 298 2027 220 2000
1002 1019 132 993 960 1036 129 961 1044 948 142 2043 139 2031 241 226 268 2023 2029 975
731 2470 2411 705 704 2404 747 2420 707 2412 2460 2396 2401 2436 2491 756 2462 2410 757 2461
825 867 847 808 888 898 892 813 859 879 900 838 845 849 798 884 865 804 822 864
1498 1507 1241 1444 1527 1102 1269 1426 1093 1421 1511 1408 1396 1144 1126 1148 1222 1087 1460 1493
1136 1299 1175 1404 1115 1147 1411 1280 1300 1478 1245 1309 1171 1413 1255 1402 1156 1194 1140 1116
423 449 398 496 2207 2144 2096 2148 2181 2167 474 2195 462 434 479 454 2132 417 2218 2220
379 2147 498 2221 2151 2165 376 447 343 2229 2235 463 321 444 2127 64 42 2095 68 2194
251 2015 1759 992 1822 219 1839 149 245 946 2026 237 914 975 1760 1990 1034 1835 966 143
34 79 2200 37 386 373 302 2153 2074 2209 2175 100 35 11 45 2071 2180 27 2087 345
1100 1498 1466 1441 1087 1468 1247 1474 1492 1433 1079 1263 1487 1250 1146 1402 1471 1455 1063 1481
546 566 604 618 2194 2233 596 2198 2246 2257 593 613 2250 2362 544 502 536 627 527 590
1931 1942 1886 1907 1901 1909 217 1953 1949 1945 1893 1925 1918 216 1977 1919 1923 1951 1971 1913
1311 1319 1143 1275 1415 1384 1400 1228 1467 1295 1159 1304 1389 1399 1127 1306 1271 1484 1174 1133
534 2271 2183 485 2350 2316 492 2309 2193 2335 527 2304 2301 2324 495 2228 2311 560 556 498
1891 1926 1966 1955 1945 1967 202 1894 1847 1935 1943 1954 1962 1883 1861 1686 213 1919 1942 203
367 390 2144 2188 437 400 2197 2136 11 72 2177 23 46 403 451 2170 2185 344 388 60
86 2120 2059 485 481 2092 486 2110 2194 2056 504 2148 64 296 2154 287 2153 2161 2179 494
913 944 995 919 920 259 266 269 958 1001 115 967 114 998 2071 999 874 952 270 956
2328 2362 2333 660 2292 2367 2360 2335 2274 2272 2392 2371 2304 666 2284 2376 2342 649 2327 544
400 2229 2182 32 507 2208 423 438 2254 2279 399 2155 2191 2248 515 424 441 14 468 445
507 2196 2218 2201 368 369 529 2222 498 1 2191 502 446 2267 2185 2147 22 2168 2152 531
883 931 846 882 953 830 2061 2054 848 136 908 867 862 963 971 2063 91 970 854 902
1219 1485 1499 1270 1186 1268 1256 1304 1092 1134 1420 1277 1218 1424 1314 1177 1418 1490 1105 1310
188 1715 1643 233 268 1716 1775 1659 1660 133 189 165 1752 2024 143 178 190 1703 184 1625
2054 2069 956 2058 115 239 2098 917 2078 2090 295 98 89 954 1738 281 153 2101 340 66
2483 2495 672 677 705 2387 680 2392 2462 2419 2496 751 707 733 2473 651 2448 664 676 647
225 1813 2000 781 2021 250 181 1979 1803 1795 221 786 1998 1841 1798 182 1782 997 229 1845
225 780 790 1702 1784 2005 2009 1804 1805 1697 986 234 213 2021 756 1790 1791 782 776 777
888 922 258 948 113 256 298 111 976 894 896 855 90 911 272 891 923 857 289 958
1157 1173 1180 1406 1270 1203 1220 1212 1307 1159 1289 1290 1229 1228 1299 1313 1404 1158 1131 1148
1851 2003 1860 1793 209 1865 1978 244 1890 228 1832 1886 1789 1784 2026 218 1782 1981 1977 220
288 2036 266 276 1019 120 329 999 2064 1010 1001 1769 942 991 76 130 2094 1757 144 78
495 2264 445 2351 493 2198 2173 2174 491 2212 2297 2350 547 466 514 443 2271 2295 2143 450
1256 1422 1310 1303 1461 1103 1242 1244 1313 1091 1278 1471 1254 1400 1297 1290 1274 1473 1102 1253
1313 1505 1208 1494 1203 1223 1299 1519 1151 1171 1273 1193 1414 1472 1311 1118 1124 1411 1320 1219
918 964 116 140 258 250 948 963 973 880 93 122 241 946 928 915 139 901 2039 2041
420 442 2184 401 441 2155 460 490 411 394 2182 419 2100 378 374 422 2194 2179 366 433
149 1764 176 1801 256 157 2057 277 2024 142 1810 1704 143 1756 1817 1739 236 238 2010 1717
301 332 90 304 2055 299 328 2044 285 336 124 334 2097 2087 308 107 79 2060 87 321
46 362 48 353 59 2074 8 2082 2095 396 326 2158 403 2176 417 409 395 62 28 2157
477 510 474 532 534 2221 2224 2128 475 2244 2178 541 2252 2187 2185 2125 524 2142 2113 2184
1031 1068 1044 987 257 252 260 1080 1490 1079 999 2035 2025 1020 1009 1082 1469 963 1749 964
1403 1506 1455 1465 1108 1106 1169 1235 1230 1166 1278 1271 1136 1523 1457 1174 1317 1476 1145 1395
394 2103 469 2070 312 472 2228 54 58 53 2194 422 2147 49 482 313 411 2087 2154 405
1193 1276 1483 1458 1244 1203 1516 1195 1411 1307 1396 1475 1501 1238 1240 1514 1263 1132 1296 1248
1101 1501 1083 1494 1134 1294 1291 1095 1319 1463 1404 1292 1447 1430 1293 1082 1267 1410 1474 1499
991 2038 1026 1035 2034 281 104 119 134 1033 243 139 120 1718 291 988 921 2040 966 883
168 250 148 997 1024 1787 131 1006 1032 264 2015 931 1756 2036 1041 1720 1781 1798 1747 2068
374 2090 441 474 2183 101 2100 340 115 62 2136 2227 364 99 443 89 361 287 2147 459
1297 1438 1265 1269 1231 1505 1484 1277 1473 1136 1188 1232 1086 1199 1128 1209 1236 1263 1422 1150
1314 1325 1122 1367 1307 1475 1223 1265 1210 1365 1346 1416 1165 1502 1472 1377 1180 1344 1470 1323
1055 2024 2035 1770 1743 248 253 1008 2021 266 1805 1817 1779 250 1789 1020 1774 2003 1783 1024
1858 1893 1793 1912 2014 1930 1958 1947 1907 1796 1820 1773 1966 1990 1818 2009 1924 1994 1776 2013
61 339 25 322 2069 79 75 88 38 2134 301 44 48 98 93 2101 2151 27 2072 77
613 623 558 2415 655 656 2397 2402 669 650 2409 612 661 596 604 2363 2403 2373 2389 638
2143 2187 449 74 58 67 35 61 374 42 501 506 540 2179 2156 2230 498 418 325 357
211 1631 1705 784 200 1627 1985 219 197 1859 1678 1637 1652 184 1974 1706 781 227 1694 1653
2269 2278 540 481 490 2334 545 2327 2344 2253 2213 2221 2219 2312 2303 523 539 2350 549 2283
1003 2032 2050 148 955 958 256 282 1024 223 143 1052 996 980 231 970 964 1761 254 941
250 1019 1050 102 1741 118 1773 976 2025 1022 2004 152 1770 2045 929 1023 150 2038 923 1005
392 417 415 410 2148 426 467 381 449 2089 388 2139 427 2173 2159 364 457 2161 2180 2160
2296 2348 2252 2293 2259 2330 2321 2282 2354 2266 642 2356 641 2260 2365 2314 2388 2368 2273 2328
954 994 961 265 936 976 1018 107 2044 909 906 2062 2040 1003 1000 975 245 991 907 150
505 2273 2285 465 550 2219 2175 2133 2210 2178 549 518 529 2235 487 2246 496 2179 2239 2234
2473 2488 702 2429 688 668 2391 2389 673 2395 2502 753 2455 744 2416 2460 694 672 704 745
138 2074 154 338 2064 994 140 2041 261 89 248 2033 255 150 90 241 2095 155 900 899
1792 1978 1798 1963 1806 1999 1762 1763 224 1990 1855 1980 1788 1881 1773 1983 1960 1831 1987 1942
811 821 216 230 834 838 235 874 831 786 855 803 843 824 776 238 850 826 784 820
215 1999 1877 209 1996 1697 1694 1808 226 781 1711 801 190 796 2014 198 2006 2003 1695 802
357 2163 22 60 49 2106 417 2203 363 437 399 82 3 2197 2104 2150 472 57 36 40
22 2146 23 59 497 357 68 18 368 2207 349 471 33 469 2162 2228 61 390 320 334
742 762 718 785 780 784 704 2480 751 2484 725 777 2451 735 716 710 2481 2459 787 2453
1164 1193 1197 1408 1129 1134 1504 1279 1254 1187 1308 1245 1216 1316 1232 1224 1282 1143 1212 1314
1292 1485 1500 1254 1200 1114 1458 1269 1498 1403 1461 1248 1167 1512 1058 1432 1144 1225 1402 1427
915 992 902 281 131 1026 971 104 937 987 956 922 931 157 2055 2031 253 961 251 2037
1926 1947 1902 1958 1928 1915 1901 214 1935 1885 1941 1962 1891 1866 1950 1930 1939 1897 1913 1986
1312 1322 1123 1371 1292 1402 1220 1244 1412 1131 1281 1156 1276 1217 1468 1384 1127 1253 1392 1407
98 336 94 2105 350 56 135 54 270 271 914 2139 345 2165 361 316 952 107 309 2089
626 642 2396 557 2392 541 690 663 2397 632 644 651 2347 2393 599 2354 2390 2498 674 654
183 1713 124 1633 1666 169 184 1655 1758 262 1757 162 160 1726 156 1765 1704 238 1720 1658
482 2249 518 480 509 455 471 2122 2153 500 2197 2165 2137 2284 2231 2152 481 2288 439 2276
144 2049 943 95 1763 964 953 290 174 1732 107 1004 917 266 104 262 288 945 1753 1711
1795 1974 230 1875 1872 2028 1796 1876 1881 1986 1882 1801 2009 237 238 249 1985 1843 1802 2008
57 366 353 2156 2225 2208 2112 77 387 2220 13 327 2183 398 80 100 8 394 19 339
361 2153 2077 472 2115 376 32 54 2193 427 2121 2147 2196 82 2118 394 443 53 2211 387
1781 2031 1767 2004 154 1803 277 131 114 1766 1844 1865 227 241 1737 285 250 2021 1813 142
1316 1480 1144 1485 1070 1282 1495 1225 1160 1163 1220 1221 1099 1300 1059 1465 1287 1103 1124 1267
257 954 951 226 295 2074 1010 1723 1712 962 901 1766 982 2017 109 977 261 273 1715 276
2112 2144 8 355 52 2124 2080 294 2 498 396 340 2130 2168 45 2181 310 95 18 365
397 2208 537 28 514 43 2120 2188 8 2149 2265 505 544 2093 504 2175 402 364 358 506
20 378 371 73 379 374 342 353 2236 341 2151 32 2200 2097 2139 425 12 27 399 2148
709 751 767 670 757 737 723 763 712 2465 695 705 702 683 693 665 2494 691 661 662
1836 1891 1969 1949 1921 206 1911 1956 1875 1923 1781 1802 2012 1888 1961 1877 1946 1963 1847 1786
475 2243 2110 2133 2203 2257 2250 445 2168 2278 512 2267 2150 2222 464 2135 2109 2151 2198 2124
1269 1496 1507 1512 1121 1309 1175 1251 1257 1232 1437 1427 1282 1391 1109 1230 1195 1430 1278 1314
1394 1499 1466 1320 1511 1113 1267 1117 1472 1116 1380 1457 1202 1410 1470 1477 1397 1389 1276 1421
1272 1293 1451 1243 1137 1244 1491 1499 1509 1194 1225 1123 1313 1217 1506 1469 1407 1435 1512 1237
316 2082 391 101 50 44 2140 394 387 134 127 72 133 95 403 2057 2091 406 115 79
1226 1290 1294 1393 1423 1144 1132 1491 1179 1192 1280 1212 1503 1190 1493 1390 1440 1274 1481 1289
1808 1977 1988 1970 223 1948 1986 1846 1781 1939 1865 1830 1806 249 244 229 1810 1857 222 1965
198 1668 1630 1607 1689 196 1683 1677 1703 1660 1620 190 181 1644 1598 1882 1650 1585 1619 210
196 1590 214 1666 203 1577 1701 1552 1708 169 1702 1679 212 205 1626 1572 1537 1622 1707 1660
122 1011 142 152 286 288 949 984 271 1751 270 935 994 971 1717 1741 2074 141 251 101
1210 1410 1323 1301 1507 1276 1450 1498 1407 1228 1403 1179 1408 1236 1256 1221 1488 1316 1486 1387
340 2073 68 264 54 47 2161 333 50 2104 84 358 119 28 2032 327 2169 272 2088 2084
906 971 151 1019 1030 995 281 259 241 869 937 116 882 288 876 939 137 124 245 1000
231 1819 1836 2012 232 178 1794 1999 1811 798 180 1770 263 1749 785 1761 1860 1813 800 2038
2424 2453 2467 2392 586 582 606 592 598 2444 2462 2402 733 2492 583 597 2391 595 2443 745
309 330 2096 2139 2127 337 92 78 83 81 2102 336 345 104 2140 105 2067 346 88 62
332 2090 70 2100 102 2151 33 3 410 2059 2162 8 6 348 354 426 2149 419 4 417
129 2024 119 1006 1033 143 1722 920 993 2001 1794 116 226 1826 1750 157 235 969 912 1005
2413 2451 2479 596 2489 2464 738 593 2422 721 601 580 740 583 2447 2403 2385 610 2470 578
118 928 101 123 245 2054 312 100 116 1002 974 961 299 296 2028 88 269 987 90 2039
452 2227 2222 2272 2195 2148 469 483 437 418 510 385 2189 428 467 18 404 399 2106 2239
1253 1482 1245 1458 1219 1108 1188 1129 1293 1114 1196 1403 1290 1269 1137 1255 1072 1469 1281 1288
788 800 233 783 229 215 228 222 237 238 232 820 781 812 830 831 784 815 762 772
2449 2468 2423 732 722 2485 2489 723 713 753 736 2406 2414 741 748 2473 751 2410 2439 2500
152 1735 133 149 1713 261 2017 2026 1757 2023 1761 2030 183 168 2035 996 1725 1707 1768 1750
657 705 2396 717 2394 2385 692 660 756 633 712 742 2492 2380 2477 638 696 2368 670 704
1247 1446 1111 1081 1204 1319 1404 1409 1302 1239 1223 1077 1228 1270 1314 1472 1240 1292 1422 1502
226 2008 1815 1005 1833 1704 2027 1791 791 1845 1812 797 1766 210 1700 206 1967 1776 1973 812
140 262 974 295 170 99 105 2074 962 1720 2073 940 287 968 93 1745 101 943 1708 228
126 303 944 342 952 941 53 332 2129 929 259 302 996 1756 335 909 964 78 1729 111
240 1989 1995 1800 967 143 1772 210 950 167 132 1994 1812 1799 262 1962 1795 269 233 224
109 325 41 108 2121 2128 247 141 957 964 142 954 2147 927 2150 101 145 46 345 121
1238 1455 1508 1247 1090 1219 1104 1249 1255 1421 1467 1443 1182 1480 1095 1201 1296 1495 1202 1289
1252 1414 1219 1440 1289 1413 1214 1315 1143 1222 1267 1100 1240 1247 1313 1485 1405 1178 1136 1292
1242 1308 1119 1185 1196 1298 1292 1208 1323 1481 1151 1297 1514 1142 1241 1509 1445 1169 1159 1219
1724 1760 1781 152 2023 1047 1702 142 160 266 2006 254 1762 2012 1757 1790 149 1742 1052 134
2159 2180 41 445 524 365 515 59 379 348 473 377 354 2151 517 70 336 2201 2128 2161
677 2364 2323 2308 2393 2329 663 2390 610 717 2317 2303 708 633 2482 2342 2376 2293 2481 678
299 2126 287 2107 349 2101 268 2188 9 323 278 504 109 301 498 931 2110 2151 2064 110
745 2477 769 2453 755 750 2408 2493 2501 2414 2484 718 715 2419 2443 2463 2403 744 2475 2474
304 2053 2052 123 345 2071 1751 97 52 936 339 1762 91 251 954 2076 128 932 1763 285
180 1695 1674 177 1692 205 1620 1670 1706 1629 1617 174 1687 1637 1679 216 1667 202 1683 1689
2173 2191 448 2142 487 2115 2130 467 421 2124 376 542 59 2157 469 2148 2176 419 543 43
145 1706 252 2030 985 1005 141 1013 180 189 246 160 280 1691 254 272 125 164 119 975
2192 2225 2272 437 2260 28 2231 513 404 2131 346 347 379 14 358 410 2281 2184 413 2142
