270 1378 616 290 157 161 156 115 1389 669 109 19 343 288 626 46 12 289 333 29
986 1031 1136 1060 920 931 1080 1001 1144 1155 922 997 1133 976 1017 1150 951 1132 1012 949
111 749 660 676 645 766 702 681 750 298 654 732 691 43 790 1365 105 697 310 299
244 261 172 227 187 285 166 241 191 167 154 259 203 210 219 240 284 151 212 183
9 676 696 1340 3 678 341 85 129 738 669 671 40 1407 1319 351 59 32 651 115
16 1349 1333 1299 36 3 1285 660 722 625 65 1337 1390 551 1284 104 555 679 344 707
1197 1262 1272 381 592 1173 578 1278 380 1242 549 1174 590 372 1243 404 375 1209 398 392
768 783 781 840 708 684 730 799 817 805 845 743 771 756 766 804 786 826 718 717
53 363 57 62 4 67 676 309 722 373 1279 30 1278 402 558 32 1346 51 342 1329
1145 1174 1265 1108 1107 945 948 1035 1143 1103 1264 989 1259 1043 1253 1126 1027 997 1015 1190
324 647 34 106 312 643 623 1395 360 47 1301 292 676 1366 299 96 291 1331 652 619
939 1072 955 972 873 997 1028 1058 923 888 988 860 961 1080 963 890 895 1124 1007 1037
1011 1061 1049 1138 939 1135 943 1177 1161 1072 1148 903 917 1108 986 1106 1058 1167 938 989
514 533 509 506 447 615 476 532 420 471 415 587 441 456 519 436 608 408 443 395
702 724 764 23 768 672 756 789 695 60 740 15 52 26 766 763 16 35 677 66
1103 1123 1093 1061 1037 968 1042 1151 1060 983 1172 1010 1184 1122 1089 1024 1003 1016 1019 1077
98 1358 118 96 81 1378 742 355 1292 687 318 331 1364 1391 1341 1376 45 1362 1293 611
1362 1378 373 357 1369 133 667 317 540 1402 617 28 113 27 640 609 53 651 34 73
59 80 1407 691 380 1313 16 1379 104 665 1397 99 1340 1372 18 328 15 346 1334 349
979 1084 1029 1035 1039 1014 1019 933 1040 1171 1076 1092 1130 1055 1128 1110 1050 1007 1075 1107
1013 1158 1006 1121 1180 1114 964 1038 968 1099 933 1107 1072 1136 1071 940 1081 1134 952 1089
622 645 1359 657 283 299 405 1412 345 287 592 1343 655 1377 626 621 110 642 1351 648
73 713 18 107 1331 87 100 354 96 691 59 1314 743 368 10 66 1312 674 108 1323
418 615 393 583 522 1351 580 572 554 616 381 311 532 300 1380 298 411 320 1347 558
857 877 833 822 897 829 835 792 865 821 845 942 842 825 906 787 884 887 851 789
803 840 734 871 900 765 869 834 766 856 813 736 820 794 886 863 894 730 897 797
995 1037 1123 1064 1084 1040 1119 1093 1018 953 918 1128 982 958 1043 969 1057 1078 947 1111
980 1153 1042 1010 943 1089 1128 1097 1154 957 1192 1051 1186 1084 969 976 1056 1171 959 1012
134 163 203 105 1382 282 145 205 186 109 1375 222 131 221 167 297 187 1376 252 154
88 1386 1374 56 285 1347 38 18 662 1402 1387 346 335 700 276 651 358 1325 679 1327
95 726 684 75 77 317 660 44 327 648 735 1376 1404 127 700 114 351 802 60 81
322 623 21 1310 634 37 292 1320 368 657 310 1342 1334 93 359 362 9 675 595 344
674 758 1369 759 691 806 650 1387 1373 29 670 772 311 728 720 78 1366 788 321 318
457 484 426 420 444 499 464 497 423 473 406 440 447 419 488 496 530 417 470 503
408 518 389 521 451 1255 569 584 544 493 402 533 601 443 536 591 356 597 563 383
1053 1140 1023 1170 1044 1142 1127 1025 940 1017 1118 1073 1018 994 1005 1037 1071 1117 1119 992
681 711 1412 1374 786 664 741 62 33 770 702 3 1389 755 89 22 764 83 29 670
26 81 309 60 655 698 1306 1391 68 1295 122 736 669 301 16 1387 350 676 670 690
71 1404 741 36 1326 61 106 67 353 358 727 1357 740 676 302 319 119 110 1396 743
866 920 1089 837 951 976 805 875 979 846 1009 801 924 981 893 800 1040 898 1062 894
1205 1265 594 1238 1173 1213 1256 1338 1198 1283 550 1234 1203 583 1186 374 541 1189 1282 377
757 781 830 1407 817 690 707 792 776 685 787 711 825 833 815 746 727 788 739 697
437 492 436 442 475 440 433 508 439 431 438 507 476 532 444 423 457 411 446 434
73 1314 1398 1282 1281 1368 678 86 1309 695 38 1412 54 336 60 103 105 1356 711 1336
33 130 48 151 1382 332 1314 1342 129 687 328 1341 274 356 287 678 360 1393 686 701
32 365 563 734 72 1290 396 659 591 717 1388 567 341 96 307 358 71 364 51 116
318 1358 371 660 13 406 1371 311 1335 676 533 1373 384 1380 402 1340 51 1293 673 647
302 620 342 326 1385 1400 27 645 299 649 404 98 628 408 1390 659 22 96 13 351
418 503 572 436 517 402 492 447 597 541 480 551 523 580 531 421 495 550 392 452
652 672 321 725 95 610 711 1356 28 739 294 56 602 99 708 666 742 702 1399 707
729 762 100 677 709 736 687 1401 33 810 750 704 776 21 739 1400 663 717 803 788
1113 1163 1179 1043 1120 1010 951 1195 1171 1002 1058 1160 1182 940 1037 1110 1030 1147 1095 1019
1016 1180 948 1162 1256 1013 1133 931 952 1113 1007 920 1050 934 911 1254 898 1061 1146 1008
588 594 1275 407 529 546 1253 379 1360 1295 1292 1267 1243 1266 520 1245 371 598 1288 558
39 59 1344 314 22 5 18 719 1397 340 19 6 1326 694 664 1338 1411 349 374 361
810 828 804 892 850 767 831 861 808 847 803 844 787 805 882 864 841 791 900 908
1019 1070 1060 1083 1142 1131 1159 986 1050 966 901 938 1067 1062 943 980 1122 1087 915 967
632 1380 22 1410 339 283 4 602 96 83 648 665 82 86 290 647 137 629 326 655
386 1288 390 1247 1267 603 365 566 602 1333 1255 560 394 1279 536 546 581 378 431 1368
130 275 145 114 1374 13 1373 221 20 263 270 208 163 302 238 2 94 160 296 162
7 686 752 0 302 650 773 1400 128 304 117 103 1411 1408 26 2 669 1320 76 1307
13 60 364 123 69 84 1 318 1308 297 655 1410 130 97 85 677 335 1387 16 712
412 576 456 1253 1243 556 579 598 403 380 1236 562 549 398 383 600 561 618 597 1247
96 1354 679 635 732 49 322 294 637 129 607 33 584 601 348 105 356 63 1 1343
1230 1258 392 560 1254 381 384 1286 1265 1238 579 1191 1233 1248 1211 1237 557 1187 1214 577
857 907 886 879 975 867 823 862 828 947 926 960 834 1026 786 1090 903 1033 908 855
331 1406 710 1330 1337 1349 95 97 1313 294 1342 750 1380 124 383 92 737 346 319 1370
725 777 778 762 690 743 10 1409 4 701 33 779 727 669 708 17 25 755 665 731
317 633 311 355 69 309 1319 298 118 1386 1314 90 1317 1379 602 104 345 102 292 334
308 602 620 291 1400 407 77 280 99 296 623 315 676 409 281 1410 276 341 369 1406
464 518 543 416 488 415 469 548 468 480 425 483 522 411 424 408 537 503 405 384
939 1048 907 1025 1029 866 1141 1068 1098 1022 1158 1060 1018 865 994 903 1086 1076 978 964
344 649 1371 57 628 108 1411 1368 637 1309 1361 331 1326 1310 546 65 607 403 1378 1405
321 368 552 311 680 639 1332 119 401 322 1315 1278 583 1378 76 1274 74 362 1284 361
15 722 347 311 89 1402 304 668 768 300 663 123 332 1303 333 1299 1325 726 671 727
70 357 356 14 1297 576 1370 327 89 1394 83 1317 104 579 1312 585 723 4 1304 1284
440 466 472 482 480 501 442 514 492 402 497 522 411 410 401 515 518 426 394 414
54 365 32 1282 380 548 662 406 1413 581 595 376 1367 556 1347 541 369 1395 1319 1305
894 968 909 939 848 1015 1119 906 1130 899 1045 1150 1168 869 1107 1091 1058 1148 1172 1106
1001 1036 1167 1023 931 1161 990 1155 1134 917 1107 930 1127 970 1144 981 1117 1130 998 995
64 1323 1341 1401 356 343 1363 99 704 69 1347 364 34 23 1274 1405 695 1337 706 713
289 636 257 265 134 350 323 1363 98 128 316 1394 335 270 112 1384 1342 348 326 317
259 281 1397 246 258 206 252 230 153 158 294 260 126 1392 235 172 175 655 155 313
441 496 425 486 504 514 477 402 539 445 427 484 541 500 474 438 454 483 527 551
7 1384 79 283 1381 1344 1321 1401 284 1368 1346 611 1388 607 705 92 113 332 84 118
80 328 113 388 99 666 1312 1388 1299 1370 1301 668 87 640 715 697 1311 1326 633 88
914 1019 981 1065 993 877 962 912 1095 937 866 1001 844 1119 983 1127 1124 987 1009 1049
140 295 94 113 1372 131 135 223 208 606 173 626 1365 254 332 198 308 98 605 95
587 1289 1337 551 549 337 604 1316 334 1248 1302 568 406 591 1253 1327 1365 1353 1294 357
1235 1261 1206 1219 1208 1280 1244 1178 1275 587 1184 401 566 1273 1293 558 1202 548 1248 545
1057 1106 1155 960 942 1133 1116 959 931 1105 1003 1001 1130 1140 1117 1129 1005 1089 1080 1036
561 1253 577 1207 1188 344 362 1265 1245 1290 1198 543 409 1190 533 1282 1275 378 1219 354
923 969 1050 934 920 1069 1009 1163 975 893 879 926 1108 1145 944 838 1106 1079 1088 928
93 724 85 1356 1341 761 766 645 673 1409 27 722 1 115 772 1404 336 723 752 1358
360 409 444 462 340 323 1301 95 1360 458 608 1299 593 1254 571 376 58 1319 439 82
160 261 149 251 123 245 166 221 287 253 200 277 180 188 154 284 250 203 236 152
949 1116 1048 1096 1017 1174 1073 893 1150 898 1027 969 884 1175 1149 1092 1070 1115 1182 1112
356 1321 319 1293 1345 1347 85 1311 401 562 349 1280 405 1372 1330 394 574 1319 399 1356
56 371 1314 341 1367 392 1407 684 587 1332 1271 362 335 1269 14 1342 583 324 1371 1362
942 1118 1191 1025 1138 1098 1178 1004 1049 1083 1020 1170 990 1194 1099 1037 1101 902 1074 881
819 870 862 812 776 786 902 842 868 795 899 873 827 840 811 911 926 930 948 897
79 317 66 1398 618 1 1308 330 1383 96 1389 1326 320 315 653 363 610 34 1310 698
9 109 727 70 298 685 343 1324 327 746 119 667 132 292 332 140 295 357 333 286
835 898 902 941 939 855 1029 973 797 861 789 929 829 1019 944 853 1021 800 886 790
414 564 1272 619 383 539 433 546 385 369 405 587 545 463 449 406 529 1234 551 396
712 767 704 26 812 770 749 24 819 811 33 773 4 700 1400 1407 697 757 816 68
19 1363 293 349 17 76 699 1325 370 1316 643 615 639 354 73 311 8 545 705 378
23 729 125 90 748 801 357 678 122 358 1413 676 751 795 789 780 745 44 1320 127
378 1344 365 410 1264 358 361 1351 84 1292 1253 364 377 1300 1327 329 14 657 352 382
1266 1335 581 380 341 556 1332 584 577 563 1291 374 1308 375 1271 79 336 1245 571 1251
1314 1366 297 1281 1308 1353 688 1324 332 1387 662 20 48 1370 1334 623 4 1277 1369 340
321 1378 319 1351 340 1356 103 0 625 297 286 302 1310 1336 1301 17 644 1395 89 626
38 707 343 1356 35 785 1386 700 340 756 1294 656 766 94 1353 775 12 347 101 317
964 1053 994 1117 1004 980 920 1093 1013 1068 1060 955 1129 931 938 1091 882 1160 1032 1163
216 258 272 283 133 204 207 251 163 287 171 158 160 226 161 184 143 194 179 172
310 1394 29 20 349 644 635 601 25 641 308 1341 82 334 1402 97 302 329 1408 679
417 520 409 403 617 554 504 398 460 406 545 544 515 414 432 598 465 436 471 566
1031 1122 1132 1068 931 1001 1127 947 1123 1121 1102 950 1097 1066 916 966 1148 1124 921 1005
1334 1347 541 362 1292 36 562 96 1304 553 381 310 103 79 1344 396 1265 1296 390 1397
36 1314 1319 720 301 336 316 6 1306 1410 373 100 1286 1293 1331 668 64 94 1365 656
392 1263 526 617 1290 527 1243 1352 524 1194 1193 359 1269 1188 1287 1344 530 414 379 1227
184 262 142 248 137 255 247 218 195 174 157 236 158 196 131 121 261 283 151 146
700 752 33 67 678 681 754 750 718 16 693 6 763 105 11 748 787 669 15 1400
1339 1348 1 1361 77 347 29 389 76 65 36 1394 601 1278 1397 348 635 10 308 644
755 772 718 803 811 787 761 800 680 745 708 826 1411 738 742 731 753 1405 699 1408
702 767 79 738 782 781 729 33 94 685 1407 673 745 28 779 797 759 58 793 705
714 788 665 856 85 680 82 1410 31 688 829 34 770 719 38 15 841 851 837 840
1024 1134 908 899 1052 978 1040 981 1015 1067 957 1123 954 1168 1085 998 1144 988 926 1027
15 1359 1411 1404 364 347 71 591 1397 695 1351 392 100 651 736 628 323 587 13 1315
1017 1148 1092 1045 899 964 939 986 1039 908 1130 1067 943 945 1060 1186 1141 1007 1065 1151
405 524 1288 348 575 382 396 622 351 1257 523 370 1275 1252 454 427 1274 580 386 1345
1004 1020 1135 1150 1056 1055 972 1023 1179 904 1143 1167 1134 1114 1080 917 962 1132 906 1042
432 475 441 389 505 555 486 484 537 388 533 483 497 491 457 570 385 406 403 575
955 1137 1021 1183 949 993 952 1123 1108 948 1015 1081 1185 1008 1029 1083 982 980 1155 1130
1065 1110 1170 953 1017 977 995 994 1158 947 1043 1122 1085 914 1013 983 1014 1028 1051 1147
550 1258 603 1279 572 434 588 365 580 1215 1239 595 546 574 1276 361 549 385 542 604
1185 1262 392 1285 1207 1247 1161 1150 1241 1223 1142 1124 1240 1147 1113 568 1171 1218 374 1133
1018 1132 1181 978 1029 931 1111 1134 936 1118 1011 1052 1189 1089 950 1196 1051 1046 1077 920
104 1376 17 638 43 1383 636 662 346 353 747 1378 280 282 115 67 18 1360 292 1365
898 1023 900 1155 917 844 978 995 864 876 1013 1070 861 1154 990 926 1067 957 1106 1015
628 1362 1404 41 547 546 1391 1302 1341 390 656 1339 651 23 9 25 1399 87 625 386
37 354 1360 721 119 1314 1344 699 0 1308 1381 1411 705 1376 1398 50 1396 649 551 356
585 1279 1331 1248 601 371 419 522 379 577 1268 1325 368 358 524 357 1329 592 528 598
997 1029 1049 1135 1169 1044 1062 1179 1002 1117 1010 1107 1036 1035 1144 1162 976 1022 955 985
529 573 522 373 362 609 376 597 421 1290 375 448 440 1271 377 523 1246 581 514 602
430 531 373 393 543 575 441 550 566 580 450 528 463 459 556 519 462 400 452 399
162 248 242 202 281 204 234 245 158 170 229 136 166 134 164 138 213 216 132 196
923 1088 843 943 864 926 859 842 863 1021 921 1025 970 892 922 841 1136 1003 959 1076
515 540 609 455 435 495 348 396 603 463 476 607 1269 466 465 389 454 528 538 574
1016 1068 1128 996 909 1060 1156 1160 907 1102 1176 1061 1132 1080 960 1073 1157 1082 1049 1002
