69 159 35 378 142 291 420 74 111 76 1295 1444 1421 2117 1428 1 2109 22 40 93
289 1412 293 138 414 134 273 56 351 1429 2096 1367 2126 1416 1318 1427 1344 159 353 2139
1384 2107 1263 2158 139 22 1420 1519 23 1364 374 8 77 43 1408 373 1360 334 1434 121
618 690 580 664 810 655 683 611 836 568 626 672 812 807 730 802 702 691 612 699
553 665 586 658 680 570 525 573 521 657 523 629 588 576 601 522 701 662 609 643
1945 2005 1953 1783 1962 1863 1963 2006 1918 1955 1867 2015 1897 1860 1946 1921 1788 1885 1920 1844
1264 1293 1285 96 330 308 1246 376 358 1358 1387 1355 329 278 336 1301 1309 312 1217 93
315 380 93 337 1315 1379 1381 276 1297 348 1259 146 372 300 1235 1289 1294 1306 323 136
57 1438 1372 119 1496 1504 420 154 1428 50 1323 2120 283 1534 1437 2100 2187 1461 410 129
104 304 137 401 64 2170 1397 1261 119 269 2124 1417 101 170 1279 173 1447 383 1428 414
1633 1670 1701 1690 1674 1685 1610 1683 1641 1605 1712 1723 1603 1630 1645 1606 1644 1648 1627 1658
1325 1406 2101 268 123 2151 353 1439 1364 1327 370 102 339 1445 1363 275 1440 286 2107 296
102 1366 100 66 119 136 2130 51 314 1261 81 1397 2120 317 320 1429 105 1357 293 383
539 576 513 593 643 692 618 587 596 657 646 619 507 688 626 677 545 542 562 680
40 403 130 69 142 122 1370 37 118 295 1273 2140 2122 2119 72 411 1398 31 100 117
847 931 817 894 911 903 861 793 987 866 765 715 914 690 930 862 732 972 870 854
12 2130 1377 392 385 2149 66 114 389 133 2125 157 2167 108 1349 1451 51 379 141 1413
813 872 692 900 745 907 768 866 966 927 772 693 876 734 789 885 835 943 773 880
271 1345 113 70 276 1366 1292 1448 1385 1307 1392 336 1411 372 1457 301 279 129 1355 2165
2102 2131 124 400 2110 1399 397 1363 2135 1397 16 101 1371 426 68 1528 9 107 137 2086
49 150 316 2111 36 404 392 25 1404 24 1360 1401 155 313 1376 1407 1435 59 50 402
328 1230 1337 1242 1356 1377 142 95 92 1387 1383 1163 1187 395 1177 1147 1312 1405 1243 1326
1067 1170 1015 1057 1079 1049 1229 1151 1197 1009 1063 1110 1140 1150 1147 1186 1225 1121 1077 1011
1641 1685 1620 1687 1716 1700 1651 1642 1671 1703 1708 1608 1734 1704 1638 1667 1691 1678 1709 1630
1410 2101 122 146 281 91 274 370 386 1277 1409 1285 1519 1371 1291 1 52 426 139 2106
1387 2145 307 1407 83 335 161 2113 372 1421 386 91 289 2138 2110 57 1439 153 19 1445
1443 1457 1419 2145 14 436 1445 1 1347 2080 2176 1508 180 1339 192 215 2075 431 2161 1495
978 1032 1012 949 963 953 843 1043 998 852 973 982 1066 977 831 940 962 968 1021 961
1647 1699 1636 1679 1810 1655 1633 1659 1815 1741 1736 1693 1628 1694 1717 1617 1696 1668 1701 1729
2105 2124 2127 80 2087 1431 25 100 2104 2164 1517 1360 2093 57 1379 1435 45 1414 417 2123
390 1394 1351 31 1344 357 85 94 1410 2165 135 137 305 1260 1382 330 2108 406 30 65
1438 2155 128 1383 259 19 27 387 1436 1421 421 1519 164 1512 1487 2122 103 101 2161 188
1530 1554 2098 1483 1547 1484 1497 1557 1552 2089 1456 1528 1545 1565 2079 2095 1512 1495 1505 1454
6 159 1319 304 11 2158 380 41 2110 2146 388 156 1308 35 1376 1438 61 1433 170 149
1450 2160 1525 1333 122 1344 1451 38 170 1460 421 2092 11 184 105 172 1348 267 120 113
318 1228 1410 1190 395 1348 1181 1354 1246 1333 1392 1408 1304 1358 322 1189 1372 1241 1185 1242
109 169 101 280 1471 2138 118 1467 1429 125 1401 1326 80 1442 1446 48 1441 1325 16 2123
1208 1243 1160 1234 1092 1137 1091 1228 1270 1112 1086 363 1102 1163 1264 1111 1132 1173 1271 347
709 813 698 745 938 921 868 838 831 764 923 692 782 743 794 695 931 604 606 874
824 860 692 775 717 700 761 833 875 849 883 707 759 788 845 771 917 908 773 937
1828 1914 1882 1801 1896 1849 1993 1857 1959 1793 1975 1874 1884 1898 1937 1890 1877 1976 1809 1999
190 233 1466 1442 221 2167 208 246 242 248 245 2186 224 2183 261 1481 1441 2168 2172 257
1139 1208 1063 1242 1100 1154 1140 1065 1104 1240 1247 1118 1142 1116 1176 1202 1155 1060 1147 1186
89 1317 1313 259 79 2157 1450 373 94 42 1332 93 48 1419 2149 58 1435 3 92 402
547 568 671 681 545 680 506 534 676 510 571 639 627 636 648 535 584 663 562 614
87 1414 91 1404 413 1291 7 2128 1440 168 385 409 1396 2100 420 153 2138 2161 1290 417
1062 1177 1214 1108 1248 1011 1071 1148 1156 1063 1123 1099 1121 1110 1046 1243 1129 1031 1233 1232
270 1435 386 1448 1336 266 1337 76 1501 1420 1424 2141 1315 264 2183 2100 297 96 125 111
569 582 637 516 601 667 549 626 658 678 665 679 686 526 529 699 538 545 562 675
1399 2136 1376 149 324 332 388 2110 352 384 1430 390 368 366 317 101 1372 413 75 138
2097 2111 59 2118 65 47 2096 37 2160 2079 18 2075 1436 1380 26 21 2077 2146 1499 51
1523 1549 1427 1499 2090 1561 1459 1503 439 2077 2084 1506 1494 2083 2096 1458 1517 2087 1562 1491
939 951 813 957 789 799 910 869 890 981 792 843 856 824 870 872 975 830 831 860
1380 2130 1441 87 16 379 154 398 421 55 91 385 1249 1413 378 412 2121 2115 424 92
873 914 805 952 904 811 817 803 943 734 944 851 868 955 867 792 956 814 864 849
7 386 2149 1372 299 407 1306 1384 1347 2155 2166 113 384 411 293 2107 97 1386 1409 133
544 635 585 620 610 575 514 619 634 511 627 632 546 613 605 538 529 547 648 591
1932 1997 1868 1960 1910 1832 1779 1948 1781 1971 1780 1733 1826 1903 1919 1905 2008 1901 1880 1985
1582 1602 1591 1581 1577 1579 1624 1606 1578 1604 1629 1601 1600 1622 1572 1632 1628 1614 1636 1575
1496 1537 1566 1564 2095 1437 1490 431 2188 1509 1503 1486 2082 1450 2094 1438 441 1447 1527 1549
71 1431 2094 19 372 379 144 410 153 1332 1506 74 2098 2163 93 1409 17 1286 116 81
71 296 1321 1431 88 1369 39 2131 170 290 164 11 392 324 162 94 2121 1282 38 135
179 1457 273 109 197 1479 1438 2161 1431 2170 101 255 2089 262 2157 1485 159 1492 202 112
114 141 1444 117 32 372 405 103 1414 152 1418 60 2129 2165 346 143 93 1360 2133 70
1013 1052 1110 1082 1034 1050 1027 978 1090 992 1083 1024 1045 1091 1089 1117 994 1012 1036 1060
277 1449 186 1491 434 1480 1474 2184 2084 100 340 353 275 276 13 336 1515 322 1524 376
32 1441 167 392 2151 1477 12 31 1438 2153 60 422 1419 2102 89 117 1342 379 1504 1320
111 1339 1390 1363 1429 1309 17 2152 153 375 1422 103 1312 364 1319 128 408 1391 1361 164
755 809 808 704 824 698 892 817 754 689 858 881 922 841 937 868 963 796 935 853
366 1311 326 69 331 346 320 270 1402 1391 1344 1325 1366 1406 93 1330 276 1270 374 1337
1649 1669 1699 1726 1697 1683 1666 1638 1711 1670 1725 1626 1611 1614 1664 1708 1675 1710 1677 1702
330 1236 314 1149 1253 1196 1351 1404 1332 1313 1154 1158 1343 105 1308 1331 377 1210 276 1384
1382 2152 91 2107 406 2151 2137 2111 2129 300 2163 37 1444 419 412 1391 339 318 293 130
318 1412 1338 86 1232 1327 2133 152 105 123 32 1310 162 147 1270 91 274 273 1386 1451
782 819 761 850 931 739 922 896 841 811 697 871 737 808 797 893 828 969 771 770
892 926 768 943 967 910 906 862 749 937 767 889 773 745 932 758 964 792 963 748
262 1437 11 46 1449 1481 1501 1404 2173 112 2104 84 2116 2124 16 2169 280 271 1531 97
896 951 822 908 789 744 781 950 835 893 860 972 898 761 922 765 1000 944 816 845
760 902 784 899 763 724 807 843 712 771 920 776 814 707 879 801 936 856 851 706
53 90 14 28 2159 2151 2140 1407 2111 1368 1379 280 13 171 2109 1317 142 163 1431 1364
36 391 1436 1419 319 1414 4 316 1280 109 1429 28 401 305 61 2149 385 2159 1408 166
1757 1875 1903 1728 1742 1880 1715 1874 1965 1994 1772 1798 2001 1771 1887 1793 1885 1972 1928 1927
497 575 655 515 513 617 661 429 557 559 679 684 621 549 525 485 685 678 489 473
1353 2167 2181 326 179 1298 1511 98 277 2160 1366 2116 87 108 334 422 1409 1432 125 430
109 1446 267 276 1443 252 433 64 111 384 2180 266 2118 1463 2144 171 2155 10 388 2084
15 2121 1376 2107 381 2136 85 1399 110 2117 1440 2152 2097 2124 1443 419 11 134 2154 1400
1143 1166 1181 1099 1146 1088 1100 1218 1165 1193 1126 1244 1238 1135 1121 1160 1130 1142 1195 1128
4 45 418 1364 1413 2145 1346 154 172 48 146 1435 1389 419 175 2104 2101 406 140 1370
1734 1925 1764 1752 1849 1803 1964 1697 1988 1986 1795 1683 1718 1788 1726 1768 1969 1759 1846 1843
395 1415 1359 2130 336 309 1436 1288 2148 422 104 278 394 1287 1279 1303 123 424 9 410
1095 1115 1084 1133 1101 1195 1145 1208 1071 1146 1034 1065 1103 1120 1070 1216 1048 1150 1129 1126
1355 2144 368 119 67 1356 2094 1441 2142 122 1404 14 83 1379 1276 1382 1409 168 269 391
1066 1123 1033 1171 1189 1136 1178 1186 1048 1163 1017 1064 1172 1015 1029 1047 1061 1107 1040 1063
307 388 124 89 290 1406 351 2151 113 1353 369 306 1384 1358 1408 349 1375 139 11 1346
1354 1373 130 2155 372 352 1409 157 1433 1405 321 95 395 1366 1343 1447 1370 1310 309 2117
1582 1611 1578 1633 1618 1647 1620 1646 1573 1649 1629 1568 1641 1585 1593 1626 1592 1613 1601 1584
1085 1200 1199 1097 1222 1131 1065 1088 1033 1169 1152 1203 1194 1158 1156 1038 1242 1235 1139 1161
103 1434 288 2104 162 372 1327 1463 1509 417 1480 2180 131 1486 167 1528 347 2174 61 2119
453 479 1489 438 443 1471 2073 2074 499 433 497 1479 2071 449 1465 439 457 500 448 459
265 1434 1356 1514 37 2168 1454 17 1308 1352 2124 259 1411 1443 1466 1402 289 77 1465 2096
277 1319 382 1449 345 1279 286 279 79 287 281 112 1327 354 318 1405 1291 1280 258 378
23 1365 117 83 123 318 300 1289 134 1381 1290 42 88 306 156 56 2164 1269 291 296
3 175 1379 269 120 2128 77 2154 195 1425 1414 1345 124 17 100 1421 1362 136 390 197
78 1426 43 2172 2173 1361 1510 422 2164 31 27 163 1425 2104 2165 2134 412 427 1404 1400
1064 1085 1206 1179 1121 1098 1164 1197 1217 1124 1035 1111 1095 1059 1196 1087 1014 1128 1033 1080
103 125 1363 390 1402 1407 1297 1418 338 389 2165 92 417 1327 298 1354 12 24 119 144
841 953 709 752 858 879 692 735 809 943 789 736 770 716 860 822 803 903 985 951
424 439 1508 506 476 2140 436 2166 2127 164 170 14 479 426 1473 1451 1519 21 1433 1437
2080 2109 2145 1522 1496 1498 1539 2148 3 2091 2087 1450 1434 1501 434 16 1444 1504 32 57
2086 2095 2158 1431 1526 432 2080 1553 2169 2157 1412 2154 2140 421 1521 1530 1535 1433 2132 1488
322 1245 1405 1175 1219 393 1388 1380 1231 1373 279 1334 1254 1337 299 1410 1182 343 359 1361
34 377 1439 109 1395 1327 287 1338 35 1329 154 1382 2 1312 408 291 125 1275 107 2161
1169 1242 1268 330 1065 364 1134 1248 1190 1062 333 348 339 1194 1216 1084 1124 1263 1279 315
358 1276 1282 50 317 337 1256 1408 1388 34 1251 306 357 1269 1265 1308 1394 1240 324 1268
120 1434 2105 2137 1443 2179 1468 2110 417 1406 1393 412 342 1491 1333 270 1436 394 1399 414
2104 2150 2157 1354 108 1374 2118 13 30 129 142 72 1423 1375 2112 1450 52 1395 51 2109
1192 1240 1096 328 1225 1208 1272 1098 1258 1257 1167 1145 1086 1177 1188 1132 337 1150 1206 1187
674 703 843 621 653 672 761 579 775 718 850 610 629 858 618 808 578 656 767 600
179 1422 1468 42 102 162 164 1373 2186 127 1407 1343 1345 2172 51 374 74 34 84 105
295 1270 342 391 1373 141 378 353 1410 299 341 1401 1285 272 350 146 1397 124 1422 304
1966 1975 1903 1564 1943 1861 1937 1884 1986 1883 1864 1880 1978 1892 1982 1993 1566 1873 1888 1962
63 1380 389 52 15 164 2121 1412 373 20 1345 91 332 57 3 2111 397 39 1359 2115
73 94 2153 1448 99 72 119 398 128 86 1445 179 47 132 31 1367 2 2138 378 139
1202 1256 1251 1360 339 1284 1115 1292 1090 1142 1091 1279 376 325 1210 1155 1245 305 318 320
1869 1946 1984 1975 1950 1839 1754 1980 1857 1830 1939 1837 1945 1841 1753 1850 1836 1994 1871 1988
1537 2082 1554 2100 1490 1552 1548 2105 1531 2109 1550 2085 1549 1465 2089 1459 1504 431 2080 1567
1064 1147 1115 1170 1059 1158 1118 1146 1130 1035 1034 1133 1145 1094 1041 1148 1214 1205 1096 1107
849 872 750 692 970 984 819 779 952 853 700 751 851 969 919 971 929 846 825 780
173 1355 1386 297 2114 1464 111 1351 35 1409 77 3 1347 2163 1271 1447 1268 314 1370 367
377 390 357 69 415 66 279 106 353 2143 2136 1432 1259 309 1263 147 406 365 1290 163
52 1375 106 162 84 18 87 1416 1372 44 27 16 326 1363 122 2160 133 377 105 415
951 995 839 821 999 881 1027 996 957 918 809 1032 847 799 924 1052 895 930 837 811
130 1384 2137 1420 0 295 293 98 166 2155 1257 58 1262 1415 349 139 116 25 2112 147
865 908 733 758 824 816 942 818 754 779 833 738 961 800 953 938 900 805 871 831
760 883 788 932 796 716 868 886 730 871 938 815 929 908 905 835 703 873 706 816
2023 2059 2049 2040 2043 2060 2017 2028 2024 2036 2052 2072 2062 2047 2031 2007 2044 2032 2054 2076
1406 1450 72 1344 251 107 1274 431 128 343 1434 274 2151 1367 377 381 2170 2167 1493 437
123 2124 277 2132 279 2112 420 37 1386 375 61 40 109 380 116 1408 2166 30 97 1424
2103 2152 1364 1451 1516 2091 2134 1517 88 1512 2150 137 2117 407 2156 141 2119 51 52 1371
331 1244 358 1200 1227 1305 1262 1299 1157 1325 1369 1404 1163 394 1318 282 1250 347 1201 1312
1348 1414 2137 1358 1316 1362 2136 1299 275 98 96 1367 132 2167 2103 350 352 138 322 1287
420 1447 513 1404 1508 2129 2147 1407 1326 1516 270 1334 1430 402 1416 82 273 2183 2141 1469
330 367 1363 1256 1241 1316 317 388 355 1319 391 144 329 1270 1346 309 369 100 339 1247
1802 1812 1697 1765 1889 1801 1932 1789 1715 1839 1842 1852 1848 1892 1718 1758 1826 1704 1756 1933
1833 1852 1817 1843 1967 1978 1910 1906 1806 1721 1919 1968 1789 1980 1981 1936 1984 1989 1925 1954
1627 1652 1699 1614 1702 1700 1688 1672 1720 1618 1615 1620 1645 1690 1628 1640 1602 1691 1703 1682
753 912 879 705 708 823 781 882 760 748 948 895 770 747 793 905 759 768 891 794
82 156 2123 134 2166 79 139 387 105 13 404 1412 20 347 2132 417 1419 141 1437 1441
105 1402 311 1439 85 4 1409 1339 146 295 2155 299 1390 408 1437 293 50 1348 1398 322
110 1344 130 129 82 1410 377 1383 313 410 15 2 400 1457 125 78 176 404 298 258
