550 574 602 567 572 520 585 607 1768 588 1650 1786 1769 571 530 540 519 1784 522 1753
256 1172 1390 1167 221 1476 1030 1311 1353 192 1300 1076 1114 1186 1109 1100 1350 1049 1075 267
876 927 896 864 873 155 997 954 151 885 907 157 993 838 848 892 915 127 889 999
171 1226 1014 1329 1182 178 1165 1366 1296 982 168 152 1195 1340 1130 975 158 177 1171 1116
110 828 909 996 754 891 907 863 127 102 829 740 983 737 9 710 34 83 905 883
1497 1532 1535 1520 1519 1472 318 296 283 1531 1491 298 1479 1471 1555 1481 1529 1473 1556 308
718 762 697 764 753 96 713 722 134 665 792 727 25 64 757 14 62 870 37 751
718 821 746 737 65 137 785 756 49 8 856 139 73 784 48 800 814 96 957 52
1052 1190 1375 1220 974 1336 1094 1168 1096 991 270 264 1332 1297 252 1193 212 172 1235 195
245 1037 1432 1147 1141 978 1218 1434 240 1473 1207 208 1154 151 282 195 229 199 1385 1046
206 1384 242 1473 243 1190 204 281 1078 1182 1132 1204 202 1393 208 1083 1366 1155 1200 1174
505 1744 524 1637 1736 543 383 470 380 477 540 482 1586 579 1763 486 410 562 416 538
1099 1422 1415 1097 1395 1124 1118 225 1450 1158 1129 1417 1053 1144 1078 261 226 200 1084 1390
1036 1204 1355 1463 1150 1189 213 1037 1295 1443 1051 1152 1001 996 156 1366 1302 1141 986 1176
1188 1359 1446 1277 1168 1309 1209 1144 1454 1236 1222 1040 1099 1323 200 1441 1232 1395 1179 1465
99 759 37 111 784 63 703 787 917 897 39 75 102 798 85 928 888 815 749 114
1234 1280 1294 1364 1347 1357 1352 1330 1026 1165 188 1273 1196 1299 1348 1281 1239 1221 1199 1197
1213 1348 1146 1041 1189 216 1206 1244 1306 1340 1145 1239 1231 1214 241 219 1228 1044 168 256
207 1358 1174 1179 291 1210 1067 262 1121 1091 269 1338 1450 1225 1374 1349 1474 170 1431 1186
1180 1441 194 1340 316 214 1123 1472 1187 271 302 342 1368 275 1207 1143 1473 1329 1201 1458
198 225 1429 233 1337 1437 1064 1057 1050 1457 167 1081 1446 170 1045 1101 241 1400 200 1031
269 1189 1466 186 1159 300 1104 1179 1048 246 1309 273 1184 1173 1186 1306 1200 224 1195 1201
1137 1468 1211 1090 1209 1363 181 1553 278 1170 183 1350 1073 262 1197 1145 1173 1491 1489 268
272 1436 1167 224 1554 311 1353 198 1106 1394 1174 342 1116 332 1182 285 1185 300 1356 1488
696 758 90 82 683 790 833 100 768 805 760 661 705 779 838 58 717 689 663 832
416 1584 484 341 1692 1588 494 1595 1612 1585 1702 483 1645 419 1710 347 413 303 1569 456
281 1120 1402 1540 347 1358 349 1147 1403 179 1061 1355 182 1099 1510 1115 1118 1488 1172 1063
286 1485 1557 1179 1516 1462 1465 1438 305 1500 1367 340 245 1436 1535 315 288 1453 1491 1494
472 1610 408 1556 1691 442 448 410 497 1728 1563 1650 354 1696 1569 1631 1590 1575 495 436
921 936 831 937 991 141 934 104 806 798 860 96 106 85 128 938 987 899 926 883
937 970 1073 169 845 820 800 1051 842 94 907 1083 1076 927 1068 804 986 113 99 1064
62 815 797 683 820 888 63 831 794 793 943 679 102 721 23 866 740 862 672 781
110 737 837 865 98 72 928 76 665 842 717 864 843 135 694 936 776 109 675 885
418 464 1640 372 1628 1714 337 353 344 1689 504 421 1592 379 354 515 1702 520 502 449
635 657 1789 676 627 658 626 680 721 690 631 1775 604 651 616 644 601 609 665 636
232 1099 1432 1070 1358 1145 1109 243 1143 1091 1411 1441 226 257 1079 181 1377 1165 1108 212
1390 1452 1214 268 1144 1090 1352 269 345 1107 1114 317 1552 1126 1207 1102 1197 1105 1385 228
1187 1226 1031 179 193 1180 1335 1051 1442 1177 1332 1264 199 1149 170 1479 1117 1257 1280 1130
688 796 818 774 787 825 727 753 653 80 766 873 96 658 664 782 99 48 854 118
374 1674 485 1641 305 426 1551 1639 1653 401 1631 469 475 1707 1599 297 1579 1553 1585 1629
76 878 794 155 970 143 988 95 936 25 104 829 939 952 736 22 811 979 742 935
339 1618 1634 410 1557 379 1642 377 1604 348 501 475 476 1649 375 1449 421 515 290 1625
1466 1505 1128 1166 326 1369 1507 1181 1177 210 223 1474 1447 1147 297 222 1504 211 1449 1129
391 481 532 358 1712 1576 422 361 470 400 514 1609 415 522 1686 1685 416 420 503 439
741 838 822 873 20 716 968 825 862 731 7 787 788 715 11 736 861 940 860 125
744 802 125 772 771 92 868 153 774 99 680 37 683 24 109 142 81 807 108 88
265 288 1353 1555 1123 1546 330 1511 1375 1472 304 1482 215 1188 1128 1191 1389 221 306 1424
174 1061 1210 185 1046 997 180 1108 1121 1005 1193 1037 1139 1237 1227 161 1124 1146 989 1059
726 870 820 790 758 846 972 848 940 94 89 864 66 5 664 764 46 98 947 890
1197 1219 197 1308 1166 1208 1196 220 1275 1374 1270 1386 1031 1456 1136 1256 1202 194 1282 1317
536 602 495 1767 585 404 636 1633 499 598 1768 1659 493 488 652 581 1781 508 557 637
497 1628 508 1606 1577 1578 551 1717 472 1576 1564 443 1734 317 346 343 419 347 1669 1618
1054 1101 1369 246 242 1179 1422 1055 1161 963 1371 1074 172 1416 1409 1034 1210 1372 1174 245
1719 1727 494 1739 510 1704 472 471 1708 485 450 1655 1685 436 1667 1750 501 509 468 1696
1659 1726 1668 370 1710 396 447 459 1632 1583 1579 1661 454 405 382 398 1753 355 420 472
357 1604 489 373 522 425 486 1660 1548 323 464 465 1663 1668 504 428 1556 1600 1641 1553
488 1690 356 455 436 500 1665 1617 469 365 1708 404 1663 405 441 434 366 427 1688 1580
1181 1387 1113 280 1391 1184 1201 1059 1326 197 1365 229 1177 270 1277 227 1197 1352 1416 1457
734 803 107 943 662 703 794 818 795 830 58 31 765 133 824 720 126 716 45 34
501 553 1614 1582 617 465 470 488 1597 568 1789 1737 453 1596 370 1604 509 1579 1718 438
572 596 1753 1760 560 1754 642 652 532 1769 1793 646 559 583 618 651 640 504 505 631
1094 1422 1395 1376 1413 1366 222 1058 1387 240 185 1143 227 201 261 1101 1070 1140 1126 1360
69 814 974 119 877 700 104 959 122 731 63 713 65 710 845 867 889 936 80 29
1188 1285 1042 1037 1174 1370 1319 1146 1465 1475 181 182 1243 1127 1303 1226 1222 194 1225 233
273 1549 1587 224 1565 1137 1422 1560 1482 1146 1105 353 1182 1373 1540 1386 1168 257 291 1511
294 1546 367 1504 1519 1505 1498 292 1530 1532 1539 1561 1497 1432 1359 1570 346 258 321 1573
1075 1447 194 1419 1372 1106 1132 326 350 303 1377 169 1468 199 1197 1209 1055 197 1163 1186
373 1606 1597 501 381 406 1612 416 496 369 466 510 410 1624 1630 1577 312 331 328 509
278 1499 1157 250 1114 1153 1379 1120 1575 1542 1134 334 1401 1128 298 1431 317 1489 1488 1378
721 815 713 735 54 6 41 69 943 831 956 67 105 48 99 838 820 860 98 677
1564 1610 298 363 1592 1606 1638 1567 326 450 264 382 1642 345 430 355 502 1543 349 443
1691 1707 413 1708 1710 454 442 1660 1728 451 1715 447 441 1697 1705 1718 1668 487 432 1730
1348 1380 1234 1330 233 1065 1169 1421 270 1056 1075 191 1172 1051 1250 1261 1328 243 1211 1200
956 978 998 822 976 134 959 941 869 180 932 810 918 177 861 1015 809 886 1032 954
1106 1452 1076 1140 1560 1399 1048 318 1198 174 337 1206 273 270 1403 1081 1090 1447 301 1459
498 1584 471 404 1588 358 1608 317 414 549 1702 1621 457 370 1649 431 307 440 450 315
513 1666 410 432 1573 1631 377 400 476 365 1583 524 562 1647 1722 460 480 445 579 564
182 1153 223 1115 1089 1169 1475 179 276 1215 1357 221 1094 1046 176 1352 1348 1378 1386 1195
1152 1344 1321 1101 1318 213 1352 1198 1067 1065 1211 222 208 1033 1248 1333 1347 1034 1210 1315
871 949 869 19 917 140 982 790 95 18 867 743 857 722 715 862 78 968 986 132
1040 1173 1213 1472 167 1365 1049 1027 976 142 1364 212 256 1460 1224 993 184 1024 263 198
1186 1305 1342 1137 259 1140 1127 1154 280 1379 1263 1467 186 1368 1125 1380 1135 1310 1212 1170
180 1345 1251 1171 1183 1230 1377 223 1213 993 997 1470 1224 1130 1145 1182 1129 1155 1103 188
262 1411 1087 1198 1414 1185 217 1077 1090 223 1379 1131 1472 1404 1201 1202 1374 272 1137 1105
691 784 652 772 839 673 713 79 46 753 93 767 1 855 744 840 829 860 137 96
231 1195 1450 1113 1286 1396 1218 1382 1115 1138 1072 1036 1465 1187 1148 1219 1145 1399 1091 1064
990 1035 1058 1201 222 1060 1053 96 1221 903 1211 196 919 1036 187 153 102 999 1191 992
766 787 143 679 800 738 879 107 23 688 711 683 728 19 820 2 715 691 138 813
1116 1422 231 1135 1107 179 1043 182 196 1353 1095 1350 282 1387 273 1195 1179 1351 1096 1058
82 882 125 801 732 929 154 868 934 790 895 71 999 985 728 23 796 873 2 64
371 445 1589 1595 465 308 1567 1568 459 1601 1668 1558 324 1581 1563 1665 395 1706 1653 1556
80 745 898 92 125 833 679 899 894 73 667 873 880 820 671 93 701 778 766 773
178 1098 248 1379 1359 242 161 1136 1233 981 1238 1193 1344 997 1063 1054 1360 1109 236 1185
1153 1349 1401 286 1461 1353 1282 1095 1152 1438 1278 1200 1201 1051 1087 1034 1072 1127 1453 1321
992 1031 926 1204 895 982 896 911 918 174 921 1056 211 928 908 1043 931 1042 1190 95
702 746 78 65 55 848 800 696 98 111 57 734 723 52 785 750 719 794 49 115
1113 1454 255 303 259 1351 1484 1136 1399 210 327 1186 1150 1435 229 190 218 219 215 1065
146 876 939 137 944 856 864 115 1014 145 999 922 84 1030 125 163 1016 170 148 17
240 1094 237 1383 1144 1198 1050 1447 234 1406 1113 1066 180 1340 1393 252 207 1155 200 1401
196 210 1045 1380 167 1027 1031 1063 247 1216 1219 222 1109 1103 1379 1397 237 1080 1222 1462
116 870 954 755 983 733 732 927 882 750 118 815 877 966 730 751 925 719 713 724
1656 1680 418 1626 1569 526 469 1639 1708 376 535 366 1631 359 445 1648 434 504 553 365
1189 1306 1474 1237 1101 1291 1310 272 1200 1372 1459 1466 1130 1214 1179 1110 1032 1203 1104 1364
108 793 791 850 783 88 810 152 752 702 107 718 912 820 156 806 132 993 922 57
578 1755 1776 1785 550 526 554 587 539 627 523 564 512 519 630 1789 524 570 508 528
455 1716 1684 1631 1733 376 412 1605 1717 1611 1624 1664 1660 515 364 511 1572 499 1597 469
1064 1118 1105 184 1152 166 1169 975 229 1101 1367 189 1187 275 242 237 1394 1069 1185 1350
1377 1407 1410 1208 234 230 1061 1054 1104 1400 186 1158 1204 1175 1152 1396 1457 1088 182 1117
119 702 707 55 712 810 716 924 28 665 112 698 105 57 18 821 760 839 718 139
287 1433 1391 1567 1552 1505 1578 1103 1485 1106 1114 297 197 262 1448 277 235 1571 1412 1387
478 1730 1707 1583 1597 374 470 480 503 356 457 490 386 482 339 355 1643 1578 1611 370
501 521 420 1689 552 524 1615 1650 1668 1696 536 1686 359 1583 1688 1693 1584 528 407 1738
1066 1105 1180 1043 1403 1122 1148 211 1088 971 1366 1118 1085 176 233 966 274 268 1395 1158
910 1003 82 119 997 120 124 87 875 180 108 918 100 99 1024 102 170 990 150 122
310 1603 1598 1632 418 1431 1434 1519 1595 369 404 385 472 1607 398 327 1440 1445 480 350
790 822 819 943 865 146 20 846 95 820 871 934 821 768 94 688 695 775 779 733
422 488 1666 396 391 1614 1599 338 357 1616 1700 1694 358 1673 486 1618 400 470 491 531
855 958 680 870 836 681 803 807 944 979 969 1 719 840 699 826 930 691 960 872
833 952 878 682 737 26 135 823 128 719 822 1066 862 865 678 957 869 810 854 1061
798 836 783 857 809 95 882 74 804 144 835 114 680 146 876 143 11 879 692 777
509 1708 1628 574 1672 1722 1661 1744 568 1686 1641 423 452 445 1645 542 1673 585 410 1723
725 798 137 110 840 127 806 683 88 696 91 695 713 758 74 151 881 721 73 701
971 1065 1043 231 1039 1159 1366 157 173 202 1405 932 201 1403 171 1080 254 1054 188 223
930 978 111 85 168 872 181 926 851 112 920 961 118 875 102 161 963 835 1026 996
562 629 601 520 1782 648 650 537 618 586 515 1755 501 606 594 657 510 1789 1761 615
696 787 19 657 784 63 73 748 102 144 755 28 112 810 828 27 819 805 848 134
872 984 178 955 15 110 875 928 850 787 1050 951 994 1051 895 90 981 978 859 913
1508 1558 1599 267 1506 481 275 1545 357 390 1500 1554 1584 289 1479 1543 1638 345 359 1474
1659 1690 351 1636 1627 1577 397 395 1638 1583 427 1710 440 505 390 1621 1658 346 345 438
345 1611 339 411 1550 277 502 415 379 425 1636 370 507 1562 280 1654 284 390 356 1561
116 904 719 906 732 868 97 872 869 842 978 756 729 886 937 811 735 983 100 912
1554 1578 395 1643 299 513 1507 298 320 1593 277 355 1486 260 498 1627 1630 502 486 1508
7 827 51 110 86 138 135 723 146 693 956 50 865 954 770 714 752 711 728 776
227 274 303 1393 1221 1119 1184 269 273 1426 1439 323 1472 1404 1390 1150 1190 1146 1036 308
1058 1384 1053 1206 1167 1172 960 1204 220 185 962 157 1066 1049 1447 1124 942 1197 1035 225
492 527 473 515 395 397 1688 1723 443 1763 561 575 506 574 595 1716 419 413 444 1658
124 146 730 110 926 768 1028 1049 819 172 906 1007 779 796 774 160 94 788 115 983
1077 1368 1098 191 218 1193 180 220 1186 1255 188 1133 1064 1095 171 960 1459 233 1043 1047
893 984 1023 938 909 1016 927 133 911 916 988 112 143 904 945 885 1034 905 947 180
421 1578 416 369 1629 319 496 494 1610 520 454 1717 1559 1645 1680 363 478 495 308 282
1062 1113 958 1368 1188 953 1207 1438 972 1135 257 1372 979 231 238 1383 1075 264 1068 1400
491 1677 1703 487 355 1692 1729 1613 1727 536 1636 1671 438 1584 1723 449 1576 492 1619 372
303 1542 333 1528 359 269 1476 1546 296 366 1598 308 1430 327 1447 1532 385 1590 1511 1495
281 1575 234 283 379 399 1132 1561 1566 1397 258 427 319 417 336 316 1186 454 423 1160
71 734 42 816 797 723 667 848 729 889 725 805 22 109 699 14 812 786 762 898
569 1782 613 1776 623 612 629 1763 599 1760 634 1774 530 525 646 1773 1781 547 566 1767
1599 1641 1568 1578 367 390 1584 448 443 478 391 444 1644 1555 533 1566 338 1662 447 326
428 1595 1550 1709 1672 1719 330 404 1556 1570 1699 1588 1711 482 423 1572 1678 364 1681 1571
872 983 833 702 75 190 132 84 836 105 811 126 115 977 118 1034 922 99 179 918
334 1596 288 1629 1568 1631 337 1544 369 1598 420 1661 459 485 1602 1597 1611 478 392 1593
