124 786 778 134 33 135 12 817 759 4 788 761 126 806 133 789 26 777 47 807
52 813 45 799 776 824 31 88 32 791 85 743 754 19 34 771 38 108 131 86
483 657 671 569 509 646 553 691 687 647 459 706 673 665 554 510 711 505 548 466
481 495 556 554 455 439 559 566 550 467 646 670 642 451 588 452 442 464 513 682
211 263 187 206 192 308 79 215 313 252 93 221 173 272 91 76 314 276 82 214
445 458 459 492 455 384 400 420 395 444 486 443 490 432 467 409 398 495 419 424
306 333 302 318 359 346 267 364 328 312 356 253 326 350 264 298 294 303 304 341
41 129 118 779 16 778 795 823 102 108 112 126 116 111 29 757 822 756 820 30
409 424 448 396 369 457 453 381 429 372 408 418 411 370 451 383 447 412 392 365
552 581 720 483 557 627 535 699 574 521 722 485 658 665 663 482 488 610 681 512
48 794 123 53 107 744 795 108 754 65 64 110 96 44 111 769 810 814 131 1
584 593 623 606 614 595 570 655 561 481 625 597 600 607 477 579 612 617 637 644
9 773 783 767 778 22 24 794 19 799 804 768 40 21 11 739 782 809 715 37
258 283 313 193 282 210 251 230 229 293 198 238 305 175 269 248 218 265 270 307
388 448 427 484 395 472 404 492 347 488 375 483 464 437 353 486 491 382 430 487
153 841 833 180 47 155 179 135 836 147 160 82 825 169 80 143 851 835 137 175
387 400 414 437 345 366 409 447 436 422 339 395 341 431 420 462 461 428 449 344
4 24 787 129 782 821 16 120 716 47 121 784 721 23 747 46 724 113 12 729
729 772 668 783 548 698 545 22 670 31 666 685 742 547 760 695 793 669 687 751
413 446 424 385 409 412 390 423 472 414 397 376 462 379 486 481 401 469 395 485
703 729 757 678 694 737 728 710 555 665 716 679 677 760 549 704 692 814 759 669
390 442 416 487 421 393 362 474 488 486 425 438 489 451 471 355 372 477 430 387
409 426 433 385 397 366 387 440 448 384 450 430 393 398 437 424 427 372 407 449
323 340 315 362 344 345 308 346 303 381 365 343 301 374 348 387 325 357 309 272
750 777 702 51 796 723 22 790 776 709 23 714 751 793 791 698 816 717 819 26
592 615 583 608 620 566 632 581 598 630 578 590 645 559 613 635 646 625 602 614
817 833 132 764 177 828 846 128 160 4 94 847 138 123 57 221 181 803 763 98
170 181 263 160 249 169 264 102 155 848 843 831 184 188 829 255 187 84 103 194
145 841 176 828 99 127 130 183 132 138 93 168 81 146 82 184 77 853 143 178
494 669 563 642 484 699 732 680 497 709 688 565 562 578 681 538 571 684 689 535
269 296 294 275 233 189 288 292 314 318 228 268 208 305 307 242 290 298 258 252
346 367 368 375 321 334 354 310 369 313 328 404 316 306 329 355 345 379 341 380
692 705 754 538 730 550 681 728 668 717 703 722 735 539 736 743 725 562 564 680
2 727 696 807 803 709 777 675 549 778 670 677 547 723 694 545 765 667 779 782
497 555 491 520 507 561 690 577 537 533 473 572 535 645 635 514 532 557 688 665
715 757 756 802 809 731 555 804 762 666 782 548 669 662 800 40 739 790 796 542
748 787 49 779 752 57 122 5 804 15 14 729 117 735 119 53 754 717 777 799
47 804 2 76 751 38 785 830 806 5 104 43 45 70 54 741 89 102 743 117
671 704 717 571 706 691 755 690 655 563 666 721 561 722 667 542 738 649 494 668
487 659 569 482 451 655 510 674 478 684 509 547 670 474 680 548 502 654 696 442
572 587 611 653 651 667 482 639 584 661 600 593 563 673 537 595 558 656 636 616
47 96 824 228 105 170 68 829 763 827 756 168 831 40 190 67 745 100 750 103
543 676 677 536 665 541 737 708 556 718 696 691 731 641 673 507 655 545 706 549
90 163 55 92 172 152 50 144 200 44 174 179 168 829 75 89 815 216 811 841
204 263 219 262 278 194 82 280 273 96 312 313 86 253 175 309 222 85 184 240
244 261 211 288 225 265 291 219 187 314 270 310 281 267 302 232 305 167 284 185
34 765 749 118 772 46 20 802 717 123 714 29 745 818 129 769 40 743 723 789
48 90 833 187 158 798 760 745 71 810 224 46 802 200 61 188 794 849 108 170
141 839 126 831 98 184 163 822 227 44 88 138 127 158 48 91 855 169 128 820
700 737 702 664 4 773 817 666 752 726 764 553 552 547 775 767 691 748 749 693
461 482 405 398 400 404 449 454 512 479 475 489 642 491 638 558 430 645 504 476
625 646 681 656 544 636 559 482 561 684 672 593 556 486 481 548 683 552 557 581
581 657 641 579 546 694 690 486 714 688 672 559 575 695 679 487 626 663 650 555
724 759 790 4 550 723 816 709 676 791 667 1 721 685 767 819 21 776 34 754
195 256 305 303 264 181 224 280 238 202 84 227 165 223 176 270 295 187 169 835
16 25 731 772 819 777 120 749 721 755 19 46 744 792 33 37 748 727 728 781
597 638 619 559 633 483 593 648 613 575 628 612 472 611 573 586 640 654 631 602
58 96 92 81 211 158 188 175 72 75 89 219 169 210 848 64 79 742 61 847
583 594 486 662 578 620 481 608 624 482 645 646 623 609 625 477 632 634 474 591
578 607 568 583 484 660 477 654 636 624 658 544 632 579 604 490 588 479 488 621
168 848 832 228 221 79 76 80 844 95 196 161 99 97 181 240 244 837 144 195
428 445 474 397 387 381 463 486 427 436 449 438 434 477 376 395 406 411 432 435
557 695 486 565 750 707 524 562 696 684 731 505 671 741 561 555 528 718 484 710
26 771 1 739 23 738 729 766 718 745 118 814 769 741 724 793 821 744 25 113
139 839 829 177 121 226 132 96 129 848 853 850 166 50 833 122 828 149 92 137
362 376 400 375 407 412 356 388 315 345 382 389 395 324 347 381 365 421 328 340
412 420 425 452 374 407 448 382 393 376 410 433 377 373 368 396 436 451 454 405
580 648 685 672 606 578 655 651 590 475 663 545 664 642 628 481 602 662 696 582
777 790 14 795 760 4 770 782 125 24 25 796 32 15 774 766 7 29 3 122
371 401 330 455 422 443 389 333 453 436 356 337 342 335 452 454 323 428 344 319
666 684 555 719 694 538 656 549 569 576 678 568 648 651 571 685 724 726 693 553
570 662 556 647 639 583 559 710 665 482 697 537 693 670 567 651 489 480 682 630
54 801 51 789 769 76 53 11 110 59 98 126 781 829 93 807 772 770 9 742
57 751 695 814 81 97 86 725 763 91 105 703 734 26 28 811 49 798 804 30
831 851 153 822 46 827 104 817 176 50 65 856 158 147 56 162 98 201 169 818
493 503 552 521 474 459 488 480 570 471 483 566 456 645 668 514 559 681 530 545
182 190 252 242 80 98 269 210 90 227 169 243 270 830 224 78 87 96 240 85
137 821 30 24 22 144 825 8 805 828 755 113 756 748 63 120 824 142 164 97
638 650 589 631 580 566 555 653 630 554 698 482 676 473 659 585 582 625 583 686
203 260 190 90 210 76 236 158 835 89 214 206 201 187 277 194 212 304 225 193
147 167 228 102 97 161 90 845 235 828 244 135 211 93 830 139 172 148 155 221
119 825 818 821 3 14 30 9 140 73 97 811 115 92 110 105 134 812 814 89
789 796 118 814 130 795 109 804 807 780 2 121 778 752 784 805 44 749 47 1
551 674 504 704 707 560 563 661 505 716 562 496 506 573 574 735 660 497 672 515
19 738 118 797 9 792 778 786 4 715 692 30 769 696 122 35 712 750 822 789
88 192 84 72 821 253 104 815 265 228 237 196 257 226 203 819 168 238 103 68
769 806 22 101 823 87 822 808 58 717 105 119 719 61 798 815 109 123 127 761
628 639 555 488 611 636 563 640 621 585 480 616 574 666 661 570 617 568 476 591
574 602 584 552 647 554 635 668 643 600 620 603 598 637 558 490 671 648 593 665
97 225 238 842 246 135 216 66 86 99 827 93 96 156 853 59 260 213 209 217
756 810 746 60 763 122 91 34 37 40 824 720 134 711 64 81 98 3 819 75
772 780 758 787 715 763 31 743 756 771 32 736 750 737 789 806 30 770 796 752
91 100 844 86 138 159 845 103 848 183 209 231 230 810 207 164 43 46 53 180
35 758 746 113 765 54 790 781 128 813 127 749 787 743 118 786 46 767 772 51
503 558 486 487 659 497 524 580 634 672 551 510 562 645 479 564 707 641 478 670
542 665 682 660 655 670 644 581 562 558 735 578 491 638 539 496 580 541 540 680
694 723 745 721 758 649 736 704 713 773 672 658 754 717 716 738 675 712 14 729
697 733 8 657 771 721 740 675 690 671 717 750 555 696 561 666 692 756 669 691
656 663 579 637 632 687 705 667 683 647 700 717 553 537 572 564 642 560 587 676
250 266 176 303 196 251 255 245 272 296 305 316 206 181 235 304 190 173 222 209
40 772 732 14 779 820 819 21 133 777 821 741 823 795 126 770 105 12 42 102
82 833 50 193 201 208 167 836 186 816 86 110 855 135 826 827 824 47 220 156
635 657 608 594 607 701 700 484 573 587 704 706 683 563 661 480 639 658 676 575
778 797 794 742 743 111 47 14 758 105 29 115 127 765 777 759 130 106 11 799
16 797 814 823 787 7 5 794 105 722 724 50 25 821 732 791 41 112 106 752
10 807 799 768 763 744 5 733 798 764 103 801 111 9 726 66 45 49 13 102
434 474 473 378 428 638 396 497 424 398 384 471 501 457 582 488 645 635 400 636
675 719 566 644 663 653 562 698 726 667 2 569 771 702 764 690 673 739 727 568
50 839 86 159 223 44 76 138 145 743 226 169 796 104 755 805 824 172 80 746
86 820 109 4 186 182 71 217 845 11 831 225 172 800 175 822 852 806 753 98
81 846 840 205 72 197 826 175 176 161 813 848 165 206 178 87 815 149 49 214
191 241 215 79 256 217 78 169 170 95 214 247 239 171 272 242 184 836 179 202
419 450 487 422 448 414 403 392 463 476 383 380 464 418 442 470 482 423 449 429
341 374 355 326 338 319 324 416 349 311 396 354 306 401 389 314 377 334 317 308
686 733 716 644 10 697 698 710 509 774 562 713 540 3 666 754 529 649 700 2
679 701 687 751 695 503 700 717 549 705 752 731 561 531 554 646 749 557 744 672
564 648 579 667 544 480 583 669 546 558 654 476 503 585 497 661 633 551 531 684
12 740 749 719 770 763 736 44 728 715 797 756 692 766 823 804 701 726 824 17
764 791 817 719 784 714 110 743 770 13 7 27 725 733 737 15 760 783 713 34
45 79 78 810 114 108 831 763 48 174 749 124 166 129 7 15 14 204 754 838
275 325 315 342 267 359 340 297 284 286 295 362 238 360 304 260 358 339 319 257
302 307 255 261 292 275 325 314 293 351 269 284 247 306 308 344 260 348 252 294
124 140 122 28 833 759 126 167 104 802 153 834 842 110 150 806 824 22 139 799
363 373 380 316 349 340 315 379 346 330 409 375 360 382 311 328 402 359 332 355
46 52 813 117 830 57 65 112 805 42 832 56 83 791 11 106 80 751 3 800
88 203 186 253 96 236 216 851 816 199 158 65 75 248 847 98 220 837 268 197
485 497 521 443 473 514 657 472 653 563 659 565 662 542 661 639 581 575 469 658
154 179 243 77 193 829 856 205 83 219 207 256 156 228 259 100 155 159 221 240
65 814 28 95 105 55 81 77 816 8 123 64 730 107 834 112 742 746 114 757
2 725 788 820 777 9 20 752 733 0 776 749 692 703 672 715 737 726 759 750
88 852 85 50 826 159 840 164 51 824 227 821 192 174 160 210 808 61 834 154
206 253 164 215 193 192 257 236 297 96 302 291 298 304 98 308 835 77 240 274
396 450 429 401 358 447 411 399 377 387 479 375 459 366 356 408 372 477 420 469
765 804 103 133 114 787 109 47 126 790 775 58 737 131 799 63 757 42 29 723
645 665 675 727 698 474 705 706 551 481 586 478 488 476 724 715 721 587 714 589
159 183 85 214 147 150 852 194 213 88 265 201 199 138 260 100 196 92 101 157
583 655 494 555 581 634 616 631 559 626 474 609 681 651 648 707 627 630 475 585
400 431 466 370 413 361 381 415 414 409 433 401 399 437 450 436 430 377 379 373
528 544 739 649 488 510 648 546 715 531 684 725 662 485 541 659 493 548 671 518
377 409 417 414 453 370 330 423 419 359 447 440 388 422 358 343 400 372 353 404
611 635 570 574 627 487 629 606 646 478 650 615 623 622 480 585 599 602 652 589
596 607 626 611 580 589 581 573 642 627 632 617 588 585 579 565 639 568 578 582
494 554 682 717 632 661 666 538 460 587 565 515 722 696 694 502 509 526 689 655
12 740 51 821 708 764 16 806 802 804 789 801 736 811 774 727 781 822 751 730
97 228 837 199 850 818 56 49 201 102 220 814 91 265 227 851 841 824 222 251
16 732 777 2 754 699 29 714 708 816 669 703 776 775 692 785 724 707 712 751
679 720 649 5 653 10 743 644 647 677 657 697 701 752 771 548 675 750 740 693
500 560 467 694 524 667 638 685 577 493 680 635 523 568 510 495 640 515 530 660
82 822 829 46 214 133 19 109 41 193 169 752 222 18 95 162 91 194 132 208
753 774 820 7 767 50 723 51 34 737 15 55 45 821 698 58 812 722 791 44
