1127 1324 1346 3218 1123 1333 1165 43 1280 9 1075 1366 1311 3312 1335 1321 1064 1293 1351 358
1207 3255 3244 469 1114 1483 1191 1475 1609 74 437 1159 1210 1091 3242 3188 428 1230 1295 1205
401 1173 421 1120 3202 3207 414 1214 3282 1340 3321 3179 1184 1183 1331 1205 3233 1332 1193 1187
1951 2008 1883 2148 1940 1905 567 2030 1870 1989 569 589 1876 2064 1783 1834 1944 1831 1991 1959
49 3278 1259 1087 3236 1129 1084 1418 3245 1526 35 3256 3322 3292 1463 425 48 71 68 1433
2406 2481 2567 2479 921 2445 838 249 2483 2386 2569 2421 196 2573 2387 2456 2575 792 860 2504
817 2523 2403 2468 2463 223 2551 2455 796 921 810 858 2576 2662 2547 2504 2535 943 2514 314
1065 1104 1083 1357 3289 1060 3270 6 2462 2467 1329 3198 1312 1054 350 1051 2466 8 1109 3282
1635 3309 1443 3222 1640 483 1180 3325 3249 1650 1191 1587 1482 1684 1478 1620 1175 1162 1209 1633
1172 3181 3191 3144 3314 3245 1178 345 1174 349 3187 3247 15 3250 3195 1342 3154 1317 3196 1325
915 958 2443 923 3093 902 271 925 848 3087 977 3073 2536 279 963 2557 2554 2411 908 943
1158 3316 1445 78 399 432 1450 1183 3226 3247 36 38 470 1726 1456 3327 9 1144 1344 1453
68 105 1287 3298 471 3241 125 91 3327 130 496 3242 1258 3270 56 3218 506 3244 114 468
814 2556 924 2607 918 2588 2430 2470 2467 2428 2406 820 2532 2422 2613 2573 2677 2547 942 2397
302 323 2525 299 312 929 927 2448 3089 310 952 330 969 331 3109 324 2519 1002 3121 2450
953 3075 3099 310 903 934 2540 929 3103 2555 286 2436 2450 940 2530 299 3115 3084 951 939
1664 1704 117 3237 1645 1722 1709 1691 457 472 3261 3314 1634 1679 508 1599 1672 1603 1677 3236
820 2557 2531 846 2560 2489 2554 2482 2493 2504 282 2471 946 2680 947 2455 2514 2443 805 822
487 1641 99 1656 1725 1619 3241 1657 1600 1672 490 1722 477 1700 463 113 1681 503 122 466
1725 1746 139 1676 1666 505 3245 1710 102 1995 1741 663 549 516 1764 131 1675 665 1779 1673
195 719 1910 1838 768 574 181 194 183 173 1870 738 1801 190 1808 221 1790 718 2000 626
692 1982 1839 141 1951 1929 155 2026 1988 2000 157 201 644 1829 174 164 1781 1828 1789 1843
1048 2448 1335 332 338 2529 1330 1044 1333 961 2523 2452 2423 1036 2430 1324 345 948 2419 1102
462 3310 49 1117 3317 461 1635 3227 1455 3229 489 1434 1432 1220 3244 1678 491 1186 490 1668
1411 1506 1392 3270 3259 1519 1397 1557 1525 1489 1369 1410 1400 3257 3275 1434 414 1477 1425 3301
1580 3307 1489 1433 1177 1442 1452 1180 3205 3276 437 1640 3286 1173 1209 1559 450 1462 3291 3319
1822 2010 1989 159 1913 1784 1915 695 702 2063 2006 2071 1802 1800 588 2008 580 2090 1768 1791
716 1997 1919 2076 200 731 1978 1822 670 1875 1880 1988 1942 736 1791 586 658 1786 730 685
793 865 777 2390 272 786 213 2418 2571 2402 894 794 237 236 202 854 807 820 2570 198
3042 3065 3093 3053 3066 3076 3046 3072 3073 3083 3069 3026 3064 3033 3070 3058 3023 3086 3080 3045
49 1302 30 3269 3308 1285 1351 3243 1113 1086 1119 3200 3259 41 3268 3216 1264 3279 1388 1316
203 2400 177 708 173 2393 783 806 737 2671 703 2314 182 837 178 222 2674 784 815 183
1650 1689 489 1619 1690 1727 3247 3238 470 474 1705 1666 476 455 1718 1633 490 1608 1602 475
173 650 548 1750 518 2004 691 1815 1970 677 1765 744 129 1758 1739 1807 1787 698 1913 669
1912 2006 580 1961 735 635 1805 1902 1815 1866 649 1771 1883 1997 137 570 2004 1886 1974 1804
1412 1457 1445 1451 1438 1377 1454 1379 3275 3312 3231 3228 3316 3315 1387 1423 1419 1374 1436 1492
697 1935 572 1798 211 742 2056 1822 686 1775 176 190 1828 1776 156 2055 1947 730 1922 1928
2402 2417 783 861 801 2430 2481 793 934 905 883 926 242 885 837 819 2404 2406 781 2426
1462 3244 3299 113 3320 3248 1628 1429 1541 500 1212 438 1447 1440 1682 1225 1112 101 1700 1673
1123 3311 473 3327 1364 5 1118 1653 59 95 1476 3222 63 1426 1454 383 1463 1443 1085 1301
2830 2856 2809 2823 2878 2848 2836 2816 2877 2834 2873 2805 2850 2851 2879 2815 2868 2807 2886 2853
1429 1480 3253 1365 1406 1436 3234 1456 1472 1463 3296 1458 3246 1402 1382 1381 1367 3236 3267 3255
488 1676 514 1661 80 478 456 92 83 95 510 3231 1635 479 117 462 466 475 1668 1729
147 1812 2068 1880 707 566 1924 628 1994 1979 581 1794 1769 1837 698 2011 1905 1926 1848 569
251 870 231 281 2569 280 266 909 230 269 888 249 252 853 899 246 887 271 2409 896
824 2410 209 811 2449 2412 208 834 2581 831 876 846 863 2470 195 259 795 252 790 807
2088 2144 567 2146 2035 2106 1897 2018 576 1905 1978 2013 2086 1967 2065 1939 2111 728 595 727
1088 1339 1053 3228 3234 1358 3286 1360 1152 1095 1050 3292 3258 1145 3190 374 378 370 3236 3260
2470 2488 2565 807 822 2499 2411 2402 2220 2469 2485 2508 2423 930 2476 2431 824 2479 2500 2516
1218 3244 3242 386 1598 398 454 460 1163 69 1694 499 1466 1212 3321 3248 1599 1717 3307 1665
1439 3264 66 1182 429 1526 1478 1485 1559 3269 3230 1506 1098 3299 3252 448 3229 1476 1415 3210
575 583 584 698 1840 2078 714 2003 576 1911 508 2145 1884 727 1785 1833 629 731 2025 2068
1095 1306 1113 1152 3304 1046 1290 1313 3261 1293 33 14 1124 1061 3229 1275 1071 3310 1049 1067
797 807 816 2202 2521 838 2427 252 2487 2410 2566 2441 2420 853 2499 2402 207 2417 831 849
882 892 890 253 293 867 903 254 981 285 251 855 283 856 252 916 977 969 971 290
1305 3242 1557 1173 3268 3285 1544 1551 1608 58 1234 1296 450 433 1538 88 3250 1127 1694 1370
2755 2765 2679 2743 2740 2685 2738 2749 2670 2799 2785 2651 2658 2791 2773 2756 2801 2794 2736 2656
145 2072 722 2017 581 642 1988 1979 2074 140 147 662 1801 711 158 563 721 716 701 584
217 2676 2744 751 788 745 2743 763 789 2568 2653 803 2575 2734 2655 836 2408 2692 2404 2728
627 1909 617 1791 1784 640 1833 1962 701 585 2033 588 700 718 150 733 639 1960 581 2084
1110 1118 1068 3255 3212 1305 367 1052 3192 1122 1161 1315 3296 3193 1136 1076 1054 14 1091 1061
1080 3301 3202 1221 1489 1196 1125 49 1048 1209 3197 1113 3314 1150 426 3250 1098 1317 47 3288
1160 1333 1165 1287 1304 1061 1152 1102 3238 1360 3253 1124 1155 377 369 1071 1181 1353 2 1134
693 2003 1772 583 185 731 2020 516 1806 2026 574 187 209 173 517 1775 1820 1856 2053 1830
921 2557 2527 2422 2431 938 963 2447 2558 2516 824 2547 902 913 936 2560 300 278 273 2443
1510 1536 1540 1590 3275 1529 1561 418 1552 1506 1545 1562 431 411 3242 1588 1233 1509 3327 405
911 2438 922 285 284 888 295 2523 289 861 2428 2460 2472 307 318 2519 2560 881 1056 941
1533 3284 3205 3237 1557 437 66 3248 1456 3210 1552 1522 57 1454 1532 3287 3234 3275 1489 430
593 2086 730 2075 564 2153 2140 1975 150 1848 568 143 1900 725 625 1980 2152 2159 2020 1841
576 1929 2027 582 1807 1816 1991 573 508 1873 585 625 1872 1840 1950 1801 578 149 1917 1847
946 2541 2586 2603 2540 2465 844 2529 846 317 966 2538 939 2454 2440 3078 2434 3083 2433 2505
3231 3306 3272 47 66 1569 1181 59 1201 1470 42 1101 1102 3261 1459 1468 1189 1208 1641 3285
161 1786 1916 1977 719 2084 1818 1936 1797 574 524 1986 1995 1814 630 1926 741 1973 167 1909
177 1819 1891 170 2004 1971 734 696 1829 1969 152 2009 2072 2000 173 747 633 194 1769 720
1182 1209 3254 3316 383 1238 362 3262 3314 3310 1194 359 3315 380 3288 3257 3299 3185 1219 386
432 439 470 441 1562 1502 430 3254 3288 1263 1558 3276 3312 3227 3247 1233 1547 3326 1253 1506
1956 2074 2017 1923 660 564 2080 2010 1782 581 1996 167 2054 1784 689 1893 1986 1929 2035 1945
1730 3315 1144 443 1217 530 1724 1706 1214 1628 1726 1675 453 1226 446 1729 117 1717 1477 1580
1736 3244 90 3249 3260 535 1763 1677 1748 1585 1676 1729 122 1544 1451 458 495 1116 484 1126
798 2404 2402 249 2389 793 2575 2312 241 250 2486 273 816 2424 858 2395 239 2484 238 2309
493 1693 123 102 1641 3246 468 3247 459 509 1705 472 516 1704 452 491 1700 1687 117 455
1420 1469 3322 3291 1435 1486 3257 1377 1401 3237 3216 3217 1394 1381 1388 3327 1414 1498 3313 3320
818 2451 2423 2444 2453 2674 1103 2435 1040 1071 333 839 2449 2447 850 823 2483 230 1049 2567
1818 1955 1909 583 642 2034 2008 588 1906 1860 717 2141 565 720 689 1792 698 1809 2005 1913
2875 2898 2847 3004 2869 2856 2911 2905 3010 3011 2892 2860 3017 2868 2888 2848 2914 2881 2874 3023
244 773 199 871 778 866 745 270 251 225 237 223 881 880 2408 790 236 202 198 2413
1728 1739 1641 3325 526 558 510 532 146 1660 3321 534 1674 1744 1701 3247 531 1699 1747 482
343 1050 328 2448 2442 339 1348 2439 1023 311 368 2467 321 2464 1064 3188 322 1104 1036 349
806 2661 2530 2408 2746 2680 2413 2738 2407 2760 2651 2652 816 2758 2752 267 787 817 2204 2393
1829 1978 1880 1767 1983 624 695 708 2016 1810 1883 730 176 138 1809 574 1937 578 1963 1861
3088 3126 3062 3118 3129 301 3143 3108 324 3140 319 3107 316 3087 315 304 958 3106 326 3066
618 2186 2110 1882 2137 1887 2151 2130 2165 613 582 2199 2104 2140 1903 594 623 2243 2183 602
149 660 2005 686 690 718 1795 516 661 1805 1928 2077 640 152 119 1786 1808 570 153 541
713 1839 1841 1982 1853 150 2068 1929 733 2051 698 171 1835 2064 1915 1890 1990 1903 1925 1910
1263 3219 1322 1136 434 1243 3274 424 22 361 3282 1455 444 3201 1202 1417 1267 1150 76 1082
516 560 2067 139 1719 3328 544 1789 557 130 1800 2001 149 1982 156 537 533 1992 2065 654
691 1789 1918 565 1802 659 198 150 1753 1911 706 1813 1804 142 520 692 208 1931 665 2004
2131 2166 2093 2171 2111 2161 2096 2225 2233 624 2143 2211 618 2188 2243 2160 2192 2205 2119 2105
2873 2895 3012 3025 2852 2860 2847 3014 2903 2927 2888 2921 2890 2882 2919 2918 2854 2886 2924 3016
553 1993 519 125 1803 1734 1720 120 1754 699 2074 178 1717 159 525 523 677 570 2083 706
669 1760 1999 561 548 1741 3328 161 138 166 132 2079 563 538 1797 667 554 1780 1766 647
35 1153 1296 1274 27 1167 1111 1087 3284 1251 3320 1310 3247 1094 1123 1356 1306 1151 1086 3212
1541 3216 1084 3284 1281 3230 1072 66 1080 1462 3258 1501 1504 1267 1209 427 1548 3305 3307 1486
33 3275 1137 21 58 377 400 1318 368 1092 1145 60 36 1240 3210 3303 1439 1467 1432 1319
3246 3287 0 3258 1263 3283 79 1655 96 1678 1219 387 383 1232 3298 446 1721 1296 442 1103
192 2382 763 2389 2325 701 1927 2410 189 2670 2303 688 2330 685 2315 750 2287 228 735 198
1766 1840 1952 133 708 725 1814 173 646 1844 1869 1805 2010 2000 1842 586 2077 158 1950 734
821 2409 2522 201 2478 255 232 2405 286 800 2518 236 2428 836 2416 2563 2388 795 2670 872
1662 3253 1219 385 3228 451 10 432 1218 1486 1589 46 428 1633 1699 1188 1176 3221 1428 1637
582 1821 2033 1916 1781 1846 636 575 598 1952 2093 1837 705 2059 633 1842 1769 1862 2057 641
579 701 203 1976 737 152 1989 2090 1924 207 142 698 564 188 633 1915 2001 730 644 625
2515 2580 2548 2596 2540 951 2478 2513 943 2670 2452 261 2511 270 2658 2573 940 264 830 851
490 1701 1691 1637 3238 496 1630 491 123 1656 458 1628 1643 475 104 493 471 1711 484 1659
1659 3309 1212 57 487 3243 1119 1648 1679 1144 3320 1583 1581 1688 3214 1578 1692 75 1141 1422
1299 1396 1445 1433 1487 1343 1360 23 1446 1369 3215 1368 1458 1498 1140 1417 1346 1387 1397 1292
3229 3238 58 1548 3261 370 96 469 3283 1563 1167 3249 1103 1237 1647 3309 3311 1650 1182 1171
54 79 1270 3294 99 3295 66 3292 3239 1144 3284 3258 3271 33 1146 92 1290 1249 3327 3287
2589 2607 844 2602 915 939 2658 2640 2676 2611 840 2661 2654 2633 2516 921 2712 2557 833 2537
447 1251 388 422 1237 3277 430 443 1622 3241 66 3226 1261 416 63 1291 3328 1662 3302 1239
1116 3243 1300 1302 1601 1184 1446 1728 435 1673 1235 27 3315 1140 1484 1051 1556 80 3298 1085
3109 3119 3094 326 327 3076 330 966 311 3108 3143 3077 3125 304 3130 3071 318 965 1037 309
3239 3283 76 1425 1579 3195 1294 1678 491 66 3319 1491 1715 1591 1301 1552 1565 467 1557 1534
144 1763 1810 1840 2064 643 1745 1989 1757 642 1939 2007 1803 148 3325 650 111 2084 1778 134
844 941 861 956 2532 949 2559 2437 260 2472 2406 262 292 307 2471 2414 2397 2581 285 839
296 961 954 849 3134 3072 903 2451 2523 2528 265 925 328 279 978 283 892 3132 926 910
2506 2579 803 941 811 937 2678 2657 807 2677 802 2559 821 935 2502 933 918 2540 2569 2530
20 1165 1121 364 1185 398 1340 1119 7 51 1176 356 390 1150 1313 1120 52 1118 3202 3322
1616 1689 1686 3311 1657 3317 450 1699 1714 1663 3247 1696 1721 3313 1607 1724 1678 1656 1600 1687
1534 3237 1603 3221 1586 90 1303 1460 1305 1544 1440 1634 1221 1635 1569 1502 1477 1207 3318 451
1235 1533 1577 1521 1556 412 3238 397 3243 426 1513 1590 1220 1228 3270 1579 3293 3213 441 1250
1112 3221 1143 1259 453 1440 3253 1134 1570 1579 1073 1417 1312 1446 1506 439 1318 3272 3297 3266
1978 2070 1781 1936 1962 642 2089 1766 1931 1966 720 2016 567 1810 694 628 717 1982 1820 733
1103 2451 2429 1126 833 848 3206 2523 835 2436 3301 3258 1335 1127 3208 3306 2479 930 1040 3299
2553 2568 2513 940 835 819 2610 2604 817 2593 840 2665 829 799 2676 947 263 803 2516 2548
670 1754 652 154 1787 530 1781 521 533 1987 167 1733 529 523 148 544 1731 695 668 1726
1193 3206 3223 1263 1101 1149 1204 419 408 3296 1186 3273 1066 3271 1145 373 3177 1271 1195 3304
511 575 714 1917 584 1813 1848 2007 1725 482 2071 1987 2072 1960 110 518 2058 2092 1728 1712
1849 1909 1811 1941 1946 1870 1944 2002 173 575 1973 2000 1914 1887 1785 709 636 1886 641 1976
466 1607 1711 1668 1708 101 467 3226 487 3268 3305 3229 3262 497 1677 83 1682 1559 1629 86
457 1657 1717 1669 1705 484 3311 3228 3297 3315 454 1651 1724 3247 97 437 1682 92 3227 427
180 1985 574 1762 556 692 516 1938 515 2070 563 159 2090 685 1965 647 178 176 158 129
149 1783 673 679 1986 2081 2077 1996 1945 1981 524 576 2055 179 568 657 122 671 714 1800
1158 1281 66 72 3209 1146 1166 65 51 3315 418 1168 1358 3247 10 3244 1307 1365 31 1314
478 1623 474 115 3325 1687 503 110 501 1705 3255 1689 3231 1671 108 495 1717 3237 1694 75
1056 1100 1337 1313 348 2 3201 1357 3236 1356 1326 1074 1312 3229 3303 1360 349 3220 1095 3244
933 2537 2568 2578 948 2513 825 2661 2538 2581 2570 2509 2507 858 814 279 826 917 2418 2514
2511 2518 2437 952 951 2486 2576 834 297 920 2503 2561 851 2451 2489 935 843 2557 2540 2584
180 729 1867 1873 1911 1926 1810 749 633 1923 1977 1918 2384 746 597 576 216 601 1901 182
960 3081 281 3114 3120 2520 3103 917 287 322 279 2445 899 305 3071 3077 967 975 2449 968
1160 3240 1671 103 3328 3305 1359 3324 82 1309 1421 1352 1179 1652 1166 1435 4 1085 50 3297
