1833 1843 1914 1693 1698 2227 1755 2228 1721 1888 2217 1739 1742 2249 1805 1769 1753 1800 1845 1832
1838 1876 1865 1751 1692 1737 1852 1888 1883 1727 1909 1711 1848 2276 1859 1761 2239 1709 1868 2291
95 135 343 2057 2020 344 1995 197 217 204 117 2096 2117 31 2123 2113 72 375 315 360
75 271 250 1971 2014 78 1979 2019 111 161 327 85 153 146 412 264 122 378 282 195
1701 1770 1518 1604 1679 1638 1820 1564 1656 1596 1716 1712 1792 1651 1858 1615 1650 1659 1639 1533
882 952 1034 1102 1037 887 975 833 1095 885 915 929 944 1115 1059 1110 1056 883 987 1023
1350 1396 1216 1223 1313 1260 1392 1256 1404 1288 1329 1229 1294 1203 1415 1311 1219 1447 1397 1217
756 853 688 866 1018 932 842 806 907 893 885 725 959 1003 663 789 975 714 695 989
279 343 207 204 33 229 400 178 305 453 42 316 155 307 102 125 69 430 456 356
1845 1866 2256 2254 1864 1911 2204 1858 1778 1763 2283 1839 1832 1734 1875 1849 1917 1872 2228 1760
1875 2262 2273 1914 1857 1842 2219 2221 1858 2289 2209 2283 1836 2308 2480 2304 1868 2288 1891 2247
196 255 79 113 411 327 61 41 112 357 414 95 369 259 102 121 59 14 453 77
2010 2151 2137 2183 1963 1972 1976 2063 2125 2124 84 1973 18 2131 81 2173 2072 2133 2078 2161
206 456 70 236 408 427 243 447 411 31 219 82 297 288 280 296 279 413 117 307
833 969 1104 928 1083 849 1084 1130 1020 794 881 1115 977 834 1113 725 739 1142 1067 1088
870 1047 817 811 1159 878 890 967 1086 810 1168 833 959 881 1059 903 840 968 997 922
111 354 2083 140 62 2128 155 38 310 2129 192 2126 245 84 187 246 2080 2018 338 2088
10 357 104 133 2149 215 297 68 320 2153 330 2077 2052 73 280 121 138 2081 41 2019
69 280 442 101 339 323 265 314 117 459 2001 169 379 1989 1980 1992 120 318 262 10
1547 1675 1460 1611 1485 1810 1545 1529 1755 1762 1764 1723 1601 1709 1653 1600 1730 1630 1499 1536
175 256 217 117 329 357 349 422 18 441 409 33 195 35 292 342 82 264 216 254
22 155 299 173 91 114 2146 2101 300 2008 2023 2095 2076 305 2150 215 121 164 149 2000
820 875 719 760 859 960 1038 786 1057 1033 795 1026 892 1030 721 862 942 834 783 832
1954 1971 21 56 2003 2041 17 1980 94 78 80 2036 1926 72 19 2045 1924 1978 2012 2170
69 150 282 74 243 130 393 224 110 411 2136 238 103 239 241 262 223 51 1997 167
1223 1424 1405 1464 1147 1122 1463 1155 1175 1134 1232 1445 1247 1163 1132 1355 1457 1388 1170 1226
41 266 6 262 381 333 261 280 433 411 348 178 17 296 457 209 69 305 389 295
1979 2021 1977 2125 2085 1 100 72 111 1976 22 1929 2104 2176 31 2030 2006 2165 75 2171
85 1973 2151 69 81 253 2059 2018 2135 195 1997 324 261 207 389 387 310 381 1933 2037
575 625 661 589 637 599 536 618 544 638 530 576 571 657 603 574 550 573 548 607
167 369 104 168 328 146 366 22 131 265 191 166 1997 241 1985 80 116 278 25 92
907 1008 987 960 1033 1124 1153 1113 844 982 1096 839 1130 1073 905 976 946 922 1158 1045
864 1058 912 1119 1043 1028 876 835 881 1029 991 982 925 866 962 1003 804 929 1156 924
1879 1897 1871 2232 1881 2209 1854 1836 2293 2198 1926 1870 2207 2204 2282 1908 1896 1867 2249 2193
45 213 122 106 342 99 29 245 87 456 174 1971 23 1960 346 405 301 9 450 123
1022 1114 1039 935 1046 1188 885 1095 1068 1175 855 1191 1111 944 1200 1217 998 1069 971 1006
1284 1372 1119 1331 1420 1260 1414 1278 1353 1330 1125 1147 1290 1285 1179 1242 1277 1393 1446 1293
1549 1681 1669 1753 1552 1564 1677 1700 1518 1562 1744 1735 1683 1632 1459 1711 1590 1762 1607 1709
1610 1627 1625 1663 1709 1649 1557 1516 1725 1727 1536 1525 1740 1651 1571 1574 1681 1552 1547 1520
1864 2264 2483 1849 1833 2240 2321 2260 2275 2478 1872 2475 1886 2477 2314 2289 2303 2224 1910 2231
996 1115 917 1052 1182 986 1214 882 915 1063 1159 1047 1173 876 1086 974 845 1032 933 2409
63 402 387 264 235 89 336 375 396 114 7 1980 234 1969 312 79 61 373 399 22
1857 2220 2267 1935 1848 2234 2255 1931 1894 1912 1901 1842 2212 2230 1845 1892 1821 2198 2263 2244
1521 1542 1648 1682 1449 1460 1671 1729 1522 1585 1597 1588 1644 1713 1458 1464 1653 1497 1599 1670
751 796 725 662 805 797 856 851 693 722 699 862 694 860 798 760 711 833 841 704
431 498 375 227 234 332 295 174 201 447 236 434 49 474 337 491 327 458 540 554
2045 2092 145 19 1982 21 2079 2062 2038 1984 2122 156 83 3 2110 2116 147 20 2077 148
975 1128 1211 1122 1176 1273 993 930 907 910 938 1140 1274 1027 883 1062 1001 927 1054 1063
156 2105 316 265 1994 2120 2047 296 2111 197 112 58 317 173 1990 184 205 94 350 194
1291 1402 1301 1132 1201 1203 1403 1372 1347 1128 1363 1298 1387 1407 1356 1422 1120 1130 1303 1323
2 173 362 353 300 18 2146 123 114 176 219 408 0 399 77 393 2113 160 220 270
52 434 238 279 511 214 418 316 426 247 1959 110 381 344 375 191 226 485 1970 1964
10 131 348 31 169 307 33 103 2147 136 132 390 185 35 309 2150 70 313 2106 1984
1049 1149 1239 911 1097 1018 994 1303 1164 1051 1094 1086 932 874 1221 1046 865 1084 1034 948
1887 2264 2481 1883 2297 2190 2489 2474 1861 1899 2475 2183 2317 2186 2218 2311 2212 1844 1835 1893
27 289 386 102 2000 67 141 64 1970 363 358 103 128 333 378 397 32 297 301 422
458 523 682 400 555 254 393 470 514 519 517 223 216 541 495 488 564 386 423 473
912 1067 1143 868 1157 1160 1092 1011 1101 860 949 932 937 926 1021 1135 1071 871 865 970
160 340 106 311 1992 193 174 304 58 44 259 115 1986 45 264 112 9 402 148 396
511 548 550 572 694 637 461 641 434 455 639 564 488 565 458 634 566 532 562 464
1849 1875 2253 1901 1843 1860 1733 1758 2233 1884 1763 2226 1890 1913 2228 2283 1888 1854 1829 2209
175 353 58 340 123 125 396 296 69 7 313 5 335 124 105 106 283 414 213 429
1276 1417 1279 1158 1334 1321 1372 1274 1392 1251 1233 1319 1259 1420 1473 1265 1468 1346 1137 1128
977 1084 1155 1171 879 1147 1058 1006 984 1131 1121 1126 1159 897 1118 1134 893 894 1194 975
43 158 58 427 234 262 403 2131 33 295 1979 38 361 87 393 1964 362 377 2112 269
1288 1442 1415 1304 1486 1156 1355 1471 1305 1406 1133 1173 1260 1225 1413 1396 1479 1371 1231 1386
740 776 698 676 729 720 690 681 745 791 737 661 849 701 759 714 812 685 826 795
320 358 73 170 53 409 258 346 246 375 412 168 309 230 37 268 54 30 128 398
270 402 206 265 128 354 17 285 99 309 62 380 218 234 30 56 417 158 424 471
1100 1185 1130 1290 939 1064 1097 1216 1278 1420 1409 995 1015 1172 1060 1013 930 1300 1010 921
1083 1113 997 912 1157 977 957 968 992 1046 944 972 1086 921 964 1029 1124 1019 1276 922
2343 2372 2289 2356 2344 2322 2467 2393 2375 2428 2350 2454 2300 2417 2433 2371 2380 2347 2422 2335
1327 1355 1204 1197 1277 1433 1388 1265 1348 1352 1377 1207 1430 1288 1318 1365 1230 1320 1413 1346
95 275 2056 217 222 348 326 165 302 21 2010 450 231 1975 389 2000 2059 293 388 383
1538 1624 1697 1535 1515 1730 1530 1809 1688 1616 1598 1705 1639 1557 1583 1556 1518 1484 1692 1643
172 301 116 108 226 319 329 283 78 260 291 339 298 413 58 181 264 4 381 359
1938 1966 1917 1930 2005 2035 63 2143 2037 2169 2146 22 2182 1999 2171 64 1941 1945 71 2206
90 2058 382 2014 2116 88 279 1972 2077 11 198 366 2168 39 337 2022 2118 188 2055 50
1407 1443 1395 1324 1257 1316 1323 1421 1264 1481 1313 1391 1412 1488 1486 1376 1258 1512 1288 1472
17 1983 1963 299 157 127 159 67 190 322 379 1959 2162 258 2040 1994 26 2066 1967 35
268 455 77 508 492 277 7 124 109 257 356 29 386 51 281 313 391 471 3 353
933 1062 963 901 1156 949 1017 978 956 1107 1111 926 1132 995 1046 972 848 981 1163 1096
205 244 376 456 200 95 412 402 474 339 458 294 275 77 34 180 23 378 463 162
594 626 632 640 631 611 609 605 552 553 657 567 601 636 658 568 603 633 562 599
967 1020 1120 1047 1033 1058 879 1104 891 909 946 1066 969 1117 832 968 913 948 1060 936
701 815 873 658 841 812 733 657 731 861 785 739 743 865 719 662 870 746 858 727
676 803 777 692 767 834 701 641 782 766 677 527 550 778 732 753 720 868 703 738
760 794 711 710 667 851 816 751 823 831 852 665 687 788 846 750 833 774 843 771
475 544 654 567 455 473 506 394 483 582 429 417 530 507 468 486 250 522 556 529
778 819 827 684 875 733 785 844 688 690 788 826 753 735 791 718 766 848 862 716
560 608 628 624 579 578 627 563 516 545 533 590 574 661 645 603 596 653 599 638
127 267 177 344 52 102 423 438 188 296 323 207 2000 2073 350 316 40 416 360 81
509 553 517 447 515 461 582 505 466 450 512 570 656 669 651 643 658 657 539 484
1136 1173 1275 1303 1086 1148 1069 1257 1268 995 1109 1145 1016 1281 1245 981 1249 985 1232 1012
678 802 753 540 861 645 521 528 642 856 849 780 689 697 722 757 798 716 750 850
1017 1134 1251 1085 969 1101 884 1129 899 1054 1035 929 991 938 986 1055 1159 1083 876 1131
200 252 459 260 174 335 23 272 170 403 275 351 24 293 432 154 270 344 117 341
1206 1299 1301 1442 1098 1208 1387 1373 1406 1213 1128 1372 1368 1400 1127 1443 1153 1156 1203 1402
1459 1507 1595 1434 1518 1454 1499 1447 1445 1503 1464 1594 1598 1495 1558 1591 1683 1665 1527 1582
1255 1364 1230 1437 1134 1186 1357 1290 1289 1204 1446 1124 1303 1264 1355 1227 1370 1287 1385 1328
1893 2278 2459 2474 2227 2458 2486 2217 2333 2476 2253 2318 1877 1913 1892 2214 2243 2270 2257 2335
254 341 187 357 381 204 67 2 308 119 200 47 154 165 66 437 34 160 213 360
769 792 762 858 676 669 839 739 818 810 680 755 766 751 835 788 672 664 727 711
1298 1341 1413 1248 1186 1342 1201 1163 1361 1426 1387 1284 1125 1417 1124 1227 1366 1129 1412 1307
1049 1113 941 989 924 1167 1154 1022 1160 1086 951 878 1031 1013 949 969 944 1065 875 1219
80 143 2009 208 2123 2097 141 145 2060 1986 61 2046 88 2000 129 213 1988 257 305 239
1472 1560 1691 1701 1516 1651 1617 1687 1420 1676 1426 1428 1685 1522 1693 1707 1732 1641 1603 1419
985 1068 1125 1152 1017 1103 1115 906 1134 1113 1170 952 1089 1085 1014 1128 1105 877 862 1133
962 1047 1168 1022 1031 1065 972 917 937 1144 930 874 928 947 899 876 976 950 979 901
2 360 372 86 2110 1979 368 150 383 177 1998 161 245 1980 179 2085 127 289 2030 12
2368 2399 2295 2432 2333 2405 2419 2459 2372 2298 2318 2322 2416 2347 2383 2357 2378 2480 2363 2471
1119 1267 1394 1343 981 1326 1433 959 1216 1009 1130 987 1012 1080 1229 1112 1273 1090 1346 1011
1592 1704 1693 1532 1835 1686 1751 1524 1512 1508 1493 1818 1847 1752 1748 1541 1844 1838 1689 1607
1319 1357 1274 1216 1377 1325 1387 1404 1331 1360 1229 1438 1214 1230 1211 1232 1389 1323 1359 1413
1327 1365 1292 1226 1227 1249 1193 1197 1313 1318 1415 1202 1425 1278 1436 1244 1300 1329 1430 1325
998 1136 1199 918 1283 861 1127 941 859 1046 1104 1021 851 1137 884 1007 1179 923 1195 1128
249 302 235 105 218 301 414 174 106 75 407 209 0 101 377 351 180 418 213 308
536 555 459 505 573 648 584 668 491 556 677 557 682 685 553 692 589 479 460 665
139 2087 2064 69 2035 2018 2113 2122 2011 92 2049 86 1987 2078 348 152 32 170 2086 2025
16 362 352 87 207 81 367 2071 2148 190 58 2041 159 59 83 393 2 331 380 310
168 392 121 40 317 306 326 266 130 2000 139 120 453 21 458 232 153 276 314 37
1763 1833 1696 1644 1740 1751 1643 1768 1879 1858 1687 1750 1810 1788 1678 1823 1859 1736 1843 1692
203 384 89 6 413 355 249 307 96 158 205 304 254 396 452 306 369 157 297 280
1288 1414 1306 1268 1155 1399 1337 1158 1224 1167 1258 1431 1289 1344 1347 1147 1418 1232 1214 1415
399 441 208 38 210 514 283 314 281 58 169 206 347 377 247 249 306 466 57 236
1185 1407 1376 1441 1257 1390 1444 1222 1099 1254 1468 1345 1393 1282 1311 1110 1272 1134 1397 1362
1727 1792 1795 1766 1622 1761 1645 1555 1774 1729 1654 1589 1763 1550 1623 1565 1569 1690 1611 1539
2092 2133 1979 130 92 2146 156 2104 2028 103 2046 2117 139 2155 2111 2094 88 2050 2024 2115
112 2017 25 20 1992 2120 16 2157 389 324 290 202 367 2184 219 15 3 38 2092 362
724 767 821 752 719 754 835 758 718 845 664 837 692 779 679 763 743 769 856 847
1000 1147 1301 1086 1241 858 1186 1198 1034 1216 1088 943 1045 1145 866 1226 1093 1171 1225 1044
1246 1290 1390 1136 1192 1397 1248 1269 1178 1365 1314 1242 1225 1155 1163 1336 1267 1165 1167 1330
2354 2455 2381 2286 2433 2383 2452 2422 2304 2317 2329 2410 2297 2439 2457 2454 2434 2437 2421 2280
846 959 938 1039 845 1025 906 770 1114 812 772 1092 943 1121 1078 886 857 736 929 889
1290 1426 1392 1384 1270 1415 1181 1262 1425 1465 1441 1215 1350 1460 1121 1305 1249 1224 1346 1450
1923 2199 2205 2249 1936 2238 2185 2161 2196 1953 1890 2207 2215 1897 1901 2168 2165 2225 2230 1941
129 309 212 271 22 2124 77 2127 302 2004 253 296 16 292 184 284 311 232 32 442
911 990 902 1162 880 925 1072 931 871 884 1047 958 1057 1017 1071 1120 916 899 1052 839
1264 1405 1379 1172 1244 1224 1266 1186 1131 1149 1280 1364 1377 1430 1369 1333 1178 1218 1216 1256
220 294 439 35 380 413 163 313 77 124 5 316 305 369 215 38 365 288 184 433
212 266 181 52 184 313 220 301 8 115 44 269 419 431 356 435 374 284 214 179
1848 1887 1883 1705 2196 1733 1824 1854 1889 1835 1896 1706 1818 2259 2258 2194 2274 2273 1902 1891
1431 1473 1538 1558 1514 1249 1213 1314 1532 1229 1284 1254 1335 1550 1193 1406 1380 1404 1392 1440
1226 1365 1391 1394 1272 1278 1383 1280 1322 1359 1180 1150 1144 1412 1140 1330 1444 1159 1217 1259
646 688 547 669 590 634 676 521 734 648 735 546 633 606 528 764 766 537 690 673
71 306 1991 2002 351 286 360 2003 418 3 393 134 187 235 97 267 140 380 50 1965
168 334 386 1982 8 409 1988 328 36 355 143 260 350 166 80 227 72 406 255 289
112 258 434 2057 225 2008 2113 191 185 14 2136 371 188 376 453 56 459 2109 387 98
16 237 286 298 2053 158 285 87 218 395 352 2146 353 106 2021 120 20 2060 425 431
2321 2347 2309 2269 2285 2426 2479 2316 2298 2388 2429 2443 2482 2272 2457 2389 2481 2447 2455 2283
