555 720 801 624 546 768 691 576 678 684 528 668 596 604 673 747 579 644 789 778
1769 1794 1623 1062 1753 1783 1811 1637 1736 1816 1740 1657 1646 1659 1686 1069 1727 1726 1666 1714
2223 2247 136 389 2203 2210 406 362 145 174 1436 251 412 164 398 279 449 375 165 146
1275 1498 1307 1277 1188 1592 1337 1317 1378 1585 1489 1582 1205 1257 1318 1485 1527 1222 1504 1390
1684 1730 1550 1695 1562 1541 1638 1557 1640 1774 1565 1673 1717 1592 1636 1630 1753 1543 1555 1675
181 1389 1584 1365 153 47 211 1471 220 248 1353 240 1407 127 2256 274 90 315 1334 1416
972 999 1064 982 1049 1029 1100 1020 976 988 983 977 1077 1112 1085 985 1005 1108 1072 990
81 138 1479 2226 135 1401 1378 1423 283 1485 110 1347 230 271 1396 203 2262 2258 125 173
345 419 166 2175 525 314 378 410 501 494 456 294 477 2216 319 383 285 371 432 2222
143 2203 1361 1447 190 168 135 282 126 136 291 402 1364 1422 18 2231 90 213 463 360
931 1915 1879 851 1862 995 1925 917 858 868 1924 1905 1826 907 904 986 1955 1939 1885 1904
1377 1488 126 1439 1494 1437 1379 1 1255 1345 42 1319 1342 52 1408 1399 134 1265 2 1325
2192 2233 2185 298 412 2201 362 442 364 485 484 492 2227 2248 2155 370 348 479 378 478
381 2182 364 307 2194 442 479 514 2122 301 485 334 2169 519 304 2168 493 448 456 2195
1217 1300 1442 1263 1483 1431 1221 1363 1365 111 1421 1235 99 1337 1225 121 1420 1247 1486 1120
288 2246 309 286 296 29 90 386 250 2255 2223 184 231 174 377 428 2190 423 97 3
1374 1487 1321 1292 1266 283 117 1262 248 1334 1352 1502 260 1245 1286 1343 1453 1538 1525 102
661 701 754 620 740 630 648 642 757 569 690 798 807 600 756 744 638 624 727 612
7 1324 128 170 271 1432 1392 111 107 1496 281 1242 286 147 244 1446 161 1459 1434 231
1519 1599 1704 1621 1757 1640 1542 1628 1556 1744 1436 1476 1530 1540 1670 1265 1632 1584 1517 1544
1475 1581 1458 1261 289 93 106 1291 286 96 131 1448 1422 2259 1376 120 1421 1336 146 2257
1596 1672 1763 1492 1613 1709 1638 1620 1524 1729 1646 1624 1489 1720 1558 1612 1750 1487 1543 1690
447 518 2248 541 352 418 2255 505 384 496 396 2262 2164 531 366 2218 508 459 370 453
113 1321 1312 161 282 1367 120 20 156 42 2260 211 69 230 304 254 1466 1444 8 1411
140 177 136 1352 18 306 252 1436 87 1440 338 1347 1450 132 1364 2260 203 1454 1342 213
90 309 66 1379 275 142 124 212 1411 407 140 1390 369 2237 1310 313 2214 379 360 1253
1 1352 184 1389 140 121 170 200 8 1376 1298 16 185 191 106 68 168 1292 148 265
50 263 1359 2212 256 318 171 74 266 1385 1350 80 1415 2254 2239 2208 181 179 1356 1475
580 720 661 579 810 801 619 708 741 632 793 653 584 761 712 765 586 677 626 665
1254 1495 1319 1377 1447 1255 1522 1519 1236 1305 1140 1515 1586 1282 1216 1395 1166 1331 1249 1606
130 294 108 349 365 2222 129 2219 1471 1474 1456 42 2236 253 1438 2235 331 1465 160 333
10 123 53 1440 273 21 2245 92 236 157 1424 280 116 2243 1338 1364 1410 6 85 12
1907 1923 1850 1892 1878 1842 1933 897 926 894 943 666 1872 1936 933 945 1827 1902 844 913
250 2240 242 2211 1464 459 424 186 107 149 25 98 329 437 63 22 1349 1439 1462 1473
1311 1504 1441 1476 1352 1294 1376 1213 1360 1544 1265 1533 1583 91 1610 1621 258 1388 1222 1428
267 314 178 155 1423 394 1456 221 1399 378 85 355 202 184 227 30 363 70 50 93
260 2257 173 59 2230 212 211 1390 1443 1448 307 19 131 154 1368 229 1409 1491 1477 2
1704 1721 1715 1667 1720 1515 1602 1696 1745 1656 1724 1597 1530 1740 1562 1761 1534 1752 1664 1689
264 1352 125 223 1434 86 131 66 1286 1349 200 84 189 1455 1374 267 1403 2214 219 1444
1416 1486 156 281 1538 266 284 1498 1413 1358 91 135 1372 1313 2250 1360 103 1281 288 1292
929 993 1032 1116 911 932 886 954 892 1022 1121 1911 1111 969 1873 1872 1925 1095 957 962
910 1938 663 1924 1893 659 1903 1911 866 1928 1883 1961 1969 924 857 887 907 896 881 1955
266 1361 1382 2248 214 1466 187 2221 213 1423 1461 1350 1487 2229 208 1294 1346 184 297 334
301 352 411 121 313 154 14 244 97 322 418 152 371 205 0 410 340 158 221 25
256 1473 324 285 1388 239 1483 150 279 1382 1350 1343 300 2232 1514 128 312 1362 1541 1378
585 743 653 693 710 557 790 589 696 677 571 771 540 825 637 587 692 725 672 800
2041 2105 2074 2084 1962 2059 1963 2056 2014 1972 2008 1974 2126 2011 1990 1983 2107 2044 2023 2130
1380 1464 1478 182 17 246 49 16 1374 1456 275 1539 1526 59 1361 254 61 282 1268 1394
386 442 2186 311 2215 318 388 450 435 293 446 335 2169 2174 441 408 2207 2218 2236 2192
1564 1595 1641 1513 1542 1751 1272 1673 1548 1651 1617 1630 1663 1709 1747 1531 1648 1688 1637 1721
384 507 422 368 336 462 321 2192 503 527 2208 2190 469 295 352 340 387 530 290 432
1533 1619 1268 1756 1594 1722 1482 1561 1546 1267 1737 1453 1465 1510 1644 1536 1569 1620 1563 1625
128 1395 1505 17 2 114 287 1345 120 1374 2250 150 62 41 197 2234 84 1506 1332 96
1006 1103 1070 1033 1081 953 1822 1142 1166 1179 1049 1010 1812 979 1148 1091 1186 975 1168 1838
205 239 4 1348 184 1411 293 334 316 225 298 1439 51 1435 253 11 1350 112 311 1444
152 2261 463 116 303 49 377 242 258 289 1380 385 1346 95 334 455 1411 239 163 433
5 113 1489 70 1459 1474 85 244 1347 177 99 1449 16 166 1322 301 30 1478 308 1299
383 511 500 2203 436 482 375 437 354 305 2210 533 503 369 531 2250 410 456 452 402
1417 1489 93 1589 50 130 1400 126 1505 165 1293 1531 205 1309 273 1388 295 61 265 1324
666 737 726 759 541 769 567 1948 644 746 705 664 760 1922 624 1926 770 628 797 646
1105 1178 1194 1270 1093 1224 1203 1131 1151 1269 1136 1214 1008 1167 1200 1164 1242 1111 1030 1809
1142 1811 1067 1097 1877 1042 1801 1125 1139 1249 1140 1214 1112 1835 1200 1016 1177 1869 1253 1029
422 476 2219 2207 487 463 465 377 360 353 328 2194 343 381 467 457 378 418 490 503
578 790 789 839 792 586 806 730 541 566 682 782 725 727 582 594 706 746 767 843
1241 1316 1303 1205 256 1477 1440 91 1201 1340 1398 1351 125 1282 1186 1238 1454 1260 1498 1320
1818 1875 1117 1820 1804 1861 1851 1874 1809 1837 1922 1827 936 1858 1110 1848 1866 1798 1057 1884
165 2251 2249 297 192 1422 241 1468 290 168 69 426 384 1415 300 386 304 22 213 156
163 201 56 1399 105 160 1400 102 137 255 178 2222 340 1422 1429 1386 203 1388 1440 25
1700 1744 1794 1701 1650 1785 1542 1729 1562 1567 1664 1774 1760 1601 1680 1714 1629 1630 1748 1776
1974 2108 2131 2095 2068 2160 2116 2183 2000 2066 2167 2135 2121 1966 1945 2076 1995 1971 2065 2189
639 716 689 785 813 648 812 630 571 676 831 597 601 565 567 674 792 757 647 814
193 1402 132 137 1584 1294 122 24 1280 234 1581 1300 199 1496 23 1356 247 31 55 2260
271 1465 23 272 1533 1395 84 1512 174 2225 333 268 2196 169 2203 70 2223 1441 80 1447
371 2228 149 265 376 418 439 368 268 284 2241 148 500 349 373 2216 343 513 417 510
695 780 828 707 767 839 696 739 590 654 766 765 699 670 550 649 729 701 755 578
585 754 770 678 793 637 542 625 728 636 594 832 756 591 762 747 716 699 759 573
6 83 1483 167 1249 1415 126 1461 86 1352 1356 71 1340 1327 95 297 57 125 147 1484
11 1408 1310 1329 61 98 164 262 1295 168 149 213 1360 184 1506 236 160 33 73 1350
1604 1721 1654 1659 1540 1630 1736 1678 1607 1626 1593 1713 1761 1740 1747 1730 1770 1512 1535 1695
990 1082 1000 1064 967 1022 1132 952 1007 1079 1146 1150 1012 1047 930 1044 938 950 1119 1015
180 232 259 296 1393 63 1395 1359 50 278 1389 88 220 264 1422 295 201 269 1347 246
2007 2124 2115 1960 2075 2153 2183 2063 2170 2129 2009 2096 2015 2080 2083 2174 2110 1963 2159 2071
67 134 257 30 326 299 1234 69 59 1348 272 70 1316 153 1338 2262 1441 1302 1325 1486
1046 1151 1259 1008 1809 1841 1189 1061 1836 1827 1800 1033 1829 1831 1834 1096 1210 1191 1146 1222
128 192 1406 254 69 1459 9 157 63 153 239 271 124 2247 1376 280 197 86 1454 205
422 488 434 516 2167 501 478 413 2181 2182 346 2169 2193 427 452 519 348 2183 502 2225
282 1427 1391 1462 1364 1315 1369 330 261 242 1429 1269 45 237 53 104 2241 1475 248 260
2050 2130 2132 2066 2093 2126 2010 1966 2081 2003 2000 2181 2113 2152 1972 2070 2016 2171 2075 2102
1744 1784 1602 1531 1772 1636 1638 1543 1811 1663 1782 1806 1757 1778 1537 1728 1797 1718 1648 1746
33 1362 1458 277 1309 301 89 1457 1214 1239 41 1235 128 98 156 212 52 215 1217 225
1681 1770 1806 1533 1656 1686 1784 1796 1685 1803 1650 1737 1725 1531 1787 1718 1559 1652 1753 1801
253 1481 24 1588 219 1449 163 1358 1269 1307 1473 1523 1314 141 270 133 1466 2238 1396 1492
752 825 690 822 659 587 819 800 685 726 802 681 577 662 627 745 814 654 844 703
372 477 395 328 429 2211 2217 2203 2184 417 456 2204 370 469 473 498 434 2215 2239 342
282 2243 112 174 2238 251 261 106 169 287 69 330 2261 2208 14 303 1391 1412 2214 2244
1028 1172 1152 1026 1832 1187 1225 1162 1062 1175 1811 1215 1222 1829 1119 1163 1813 1801 1219 1010
283 1355 84 2251 1317 2239 1417 2238 162 21 131 128 259 280 1322 1412 1381 182 318 1431
344 435 437 289 297 195 473 290 294 454 482 2205 323 284 477 2243 2252 486 2232 319
1479 1527 1463 1741 1478 1356 1465 1674 1374 260 1556 1252 1406 1542 2 272 1730 129 1283 1635
1205 1582 1545 1503 1594 1155 1400 1240 1191 1303 1469 1335 1336 1141 1337 1496 1138 1550 1598 1112
1542 1638 1695 1484 1567 1488 1674 1481 1525 1569 1457 1460 1657 1558 1650 1555 1664 1630 1543 1774
1374 1501 1542 1227 1429 268 66 176 0 1381 1496 101 1230 1408 1526 1422 156 1458 1387 1
80 301 252 1349 2259 262 83 240 245 172 159 11 368 37 1300 61 1400 119 2246 1361
1608 1738 1768 1739 1505 1784 1593 1764 1722 1609 1720 1773 1620 1508 1762 1560 1509 1597 1758 1565
17 1371 293 1451 225 1498 325 170 218 31 317 99 1397 1235 1409 240 66 267 1449 193
1313 1359 1500 1404 91 1287 1461 1482 240 43 1478 1240 217 1477 160 38 1225 181 103 1264
644 753 713 545 789 579 569 608 728 646 727 760 620 832 642 820 757 769 804 609
27 297 200 383 45 2211 270 308 96 380 190 17 2220 1367 276 88 79 340 104 1397
898 911 1941 920 876 1952 926 891 839 894 1917 1949 1926 1948 842 1960 879 917 874 1957
384 509 2232 2241 439 520 288 442 2225 464 455 333 2205 327 2190 479 308 295 2240 2194
267 1407 192 2234 1430 218 2242 24 1275 2215 263 2203 130 45 191 260 159 59 141 177
1932 1944 1961 873 1941 925 1923 908 1878 1976 911 853 1885 1899 1904 1959 656 895 879 1939
78 133 134 308 1322 1250 1313 52 39 2203 1392 51 2235 1301 1376 151 1220 1390 322 135
1547 1645 1516 1707 1560 1750 1500 1527 1729 1642 1260 1603 1640 1482 1261 1674 1620 1619 1612 1737
103 1382 1268 197 1266 213 20 1371 1305 1361 1423 1457 1366 1415 43 325 333 90 232 224
1134 1166 1276 1154 1180 1261 1072 1151 1086 1003 1251 1212 1157 1063 1026 1805 1233 1808 1262 1259
1702 1716 1601 1595 1534 1775 1544 1635 1660 1658 1618 1721 1629 1559 1734 1653 1665 1755 1540 1674
1405 2262 339 1277 195 1274 187 1431 2205 310 164 1477 1349 1501 244 64 1270 1473 1492 2246
387 429 297 491 2172 494 352 2222 337 288 470 418 2244 435 490 389 356 395 2218 427
697 758 847 749 752 617 839 746 662 834 621 742 639 727 765 582 564 826 576 637
670 714 648 1931 775 721 744 631 607 740 707 790 784 777 617 595 699 585 829 646
144 343 128 2261 359 302 1365 96 9 90 1458 1423 1439 173 448 416 1447 1425 1411 426
261 2248 1428 1354 1360 1463 1359 305 87 429 212 161 387 265 269 82 166 14 1462 174
1469 1498 1379 1273 1465 181 1440 123 1384 74 288 139 262 244 1353 1302 1551 1289 2251 1485
565 709 554 834 840 751 821 524 743 664 605 540 819 768 765 784 579 656 835 590
2179 2199 2117 485 511 413 346 2230 396 358 370 2103 340 2127 426 397 376 2228 2145 369
1072 1097 1164 1126 1831 1132 1028 1001 1082 1047 1202 1147 1031 1179 1110 1141 1131 1113 1805 1060
1429 1502 79 2256 1263 1341 1279 147 86 1333 1257 286 1368 265 1352 13 1345 1304 209 1504
1368 1458 1332 1549 1301 1252 1265 1380 217 185 179 1290 114 266 95 245 1226 145 1362 1367
1592 1725 1628 1285 1635 1261 1264 1273 1796 1544 1620 1708 1603 1552 1291 1499 1607 1700 1481 1270
1229 1372 1134 151 269 1167 127 1198 267 1213 1151 1224 77 1436 125 1276 1130 1471 95 167
2104 2133 2089 2155 2099 2091 1989 1991 2097 2022 2056 2053 2159 2188 1982 1973 2140 2013 1997 2057
87 1244 1337 223 1414 1163 187 285 1320 305 24 1141 293 72 1435 1334 1341 306 1 160
589 615 544 756 591 683 797 786 573 564 626 581 628 574 710 677 805 642 594 758
7 147 79 1413 24 165 1418 199 1 2242 1372 130 3 293 42 1482 248 1394 323 212
55 176 190 257 227 15 208 313 62 305 1329 11 8 130 324 121 1380 248 123 191
1773 1792 1635 1661 1785 1713 1710 1650 1808 1654 1751 1683 1682 1811 1793 1673 1712 1657 1728 1048
1491 1589 1591 1354 1358 1606 1348 1419 1611 1314 1460 1335 1565 1448 1396 1361 1528 1411 1511 1421
316 371 231 420 374 115 48 271 2261 356 2224 349 240 268 435 200 265 232 328 380
595 718 685 826 741 782 794 606 693 813 616 658 734 702 599 596 654 636 660 638
181 1423 248 1263 306 331 286 161 1489 1366 312 246 1429 24 1506 152 220 284 1259 1410
269 2247 2201 2232 184 1425 126 1487 86 1376 2249 1478 235 228 2 5 319 258 1365 102
533 547 555 534 738 729 539 564 568 571 565 523 526 749 521 584 592 532 726 473
15 122 1461 274 102 258 1404 77 283 241 2259 1350 304 145 40 1418 282 2248 188 81
1873 1900 900 1875 861 1886 1848 1860 1828 1919 908 1846 1857 893 912 897 1858 1855 1807 1869
340 379 2243 460 162 2205 419 388 491 436 2260 2238 149 393 373 511 387 351 291 328
1731 1794 1779 1046 1529 1748 1518 1774 1539 1605 1545 1677 1711 1645 1055 1048 1768 1058 1769 1784
1660 1759 1668 1678 1645 1652 1743 1562 1663 1628 1598 1560 1762 1778 1689 1637 1742 1541 1612 1559
139 1447 227 105 88 2250 1475 313 1430 1354 1323 323 2232 11 318 123 1446 65 1530 66
1094 1184 1170 1160 1143 1152 1085 1096 1231 1040 1098 1142 1207 1213 1067 1262 1119 1168 1154 1113
