329 369 395 334 401 443 400 358 380 113 391 135 415 1168 167 110 353 431 1170 343
1092 1099 37 32 1143 40 1082 1101 1086 1063 1056 1145 1132 1100 1138 1110 1175 1136 19 1171
232 278 276 286 255 225 311 256 310 179 216 178 204 305 268 228 291 252 307 190
773 868 807 834 853 708 721 821 772 752 900 861 829 722 893 800 915 695 700 739
24 1157 138 14 56 1148 425 105 413 34 135 40 1120 50 99 55 51 120 64 1171
466 486 655 389 608 457 614 698 440 709 464 652 670 647 692 522 696 508 637 395
92 378 425 78 71 358 126 455 97 1165 38 391 45 377 125 103 137 1144 116 1174
1095 1123 1140 130 1035 1086 1036 1187 1047 44 1133 1151 52 1116 1044 1089 1104 1117 1183 1105
743 780 781 801 679 820 719 848 747 792 768 841 790 707 750 771 784 741 868 822
767 870 735 769 808 791 901 847 747 774 875 741 912 924 864 821 844 718 894 839
11 149 1150 147 165 22 1194 33 38 130 1201 105 18 1109 415 151 1151 131 327 138
566 606 613 569 546 512 580 614 507 489 622 496 554 597 505 565 550 502 501 626
173 302 1227 228 166 251 288 317 172 131 147 1186 244 179 265 313 262 320 316 297
204 245 255 167 1226 293 1203 234 182 189 279 1215 214 1221 195 297 267 165 1227 168
154 1217 339 192 1187 132 114 1177 185 317 173 338 195 174 208 140 0 13 1183 176
52 1117 1132 1121 1186 4 2 1182 69 12 114 17 78 1144 1187 9 1097 7 1098 1184
344 357 130 158 108 166 374 141 164 410 334 156 121 350 337 148 322 444 363 146
20 1177 1100 1197 1131 164 124 39 1206 1184 374 366 21 70 163 162 1209 1179 370 1142
37 99 141 30 113 101 139 13 132 379 1135 391 79 85 1119 29 1144 47 15 36
190 1198 212 170 278 238 152 1200 155 1184 1208 1209 129 1210 1224 1187 1185 271 279 1188
965 998 978 1001 1022 944 1048 985 1002 925 933 957 960 989 1019 954 1014 917 1016 949
1109 1176 1094 1111 2 29 156 1088 104 1180 108 140 8 370 373 1075 12 375 1130 1150
520 721 481 786 691 548 700 645 754 759 744 559 478 500 805 750 677 792 776 501
138 362 1177 406 1175 173 178 163 343 167 168 37 399 1160 391 412 18 24 370 1181
1106 1145 1094 1172 96 1096 1115 1086 76 41 54 6 1178 1176 1103 52 57 94 1076 83
7 65 418 150 1129 1094 424 74 411 129 30 53 54 1171 438 87 137 1153 1163 16
1113 1151 75 1156 33 16 1165 1121 20 1167 1116 4 1106 1147 1183 48 1166 53 17 103
420 630 88 513 405 441 618 533 702 633 535 503 8 340 111 471 451 539 677 538
502 726 781 436 611 487 823 441 789 745 774 691 453 631 496 733 439 636 616 449
822 892 887 792 784 849 839 745 738 879 876 850 852 925 813 736 883 791 911 793
168 325 341 334 306 193 1187 206 292 291 153 145 301 141 179 311 162 354 329 321
499 616 687 719 445 625 715 548 607 662 576 653 681 481 529 461 701 654 551 667
1121 1145 1124 10 1106 84 35 81 1091 1174 1128 0 19 68 105 1178 6 1127 1101 1132
727 782 663 648 761 649 877 737 751 812 694 480 857 678 686 477 487 859 787 826
648 701 664 456 744 481 773 745 672 470 789 702 408 730 503 507 497 696 751 812
23 1158 35 422 1132 431 100 63 18 1153 10 1151 1131 134 37 103 141 47 126 54
1076 1095 1071 1033 7 1086 8 4 1051 1103 1052 9 1082 1118 11 1075 1134 1042 12 1074
370 445 637 343 331 1167 133 1174 139 423 675 483 412 351 476 650 93 646 636 399
90 407 37 1142 654 440 59 641 374 652 1152 1158 83 360 1162 127 466 455 51 60
680 745 505 488 466 690 712 775 480 458 423 774 648 506 790 655 494 510 751 701
449 651 113 497 423 426 727 708 723 687 659 415 435 481 443 519 107 709 429 501
487 529 511 668 521 505 545 721 575 625 662 489 441 713 685 633 490 518 530 636
708 740 720 642 478 830 718 818 449 741 781 452 668 496 866 495 811 686 477 804
95 421 473 431 1168 67 112 130 441 350 342 419 436 27 119 478 32 470 457 347
34 1165 120 1185 1109 41 1118 1114 388 1120 94 376 1132 36 85 1188 63 21 416 7
636 730 807 784 419 619 853 451 530 846 810 478 489 732 634 644 500 639 697 633
10 1135 157 1162 75 1120 90 1160 37 1139 137 1113 1165 0 98 1116 127 62 41 1118
149 358 367 16 155 438 443 21 15 361 113 180 371 379 435 121 374 1179 178 320
149 368 350 1206 1181 5 142 119 138 118 184 126 429 12 447 422 123 21 116 132
40 73 409 50 1181 403 6 1116 61 133 53 134 1168 25 79 112 1137 1175 1141 1130
96 439 471 369 75 468 81 106 387 30 675 470 1141 503 24 122 629 119 111 1132
456 717 625 836 813 771 701 747 384 518 468 810 755 657 776 754 772 437 788 466
951 1010 933 957 942 937 1000 1033 973 1041 995 956 926 1047 1004 1045 928 969 1005 986
270 288 325 235 283 198 256 291 318 227 304 188 320 264 229 219 204 287 214 319
704 732 652 636 632 846 710 778 660 759 684 743 489 779 444 795 769 799 643 830
25 1104 1189 1191 408 131 1139 10 85 12 1179 143 1161 22 5 1163 87 1172 72 34
436 448 89 716 428 369 671 478 61 677 475 676 103 387 108 381 433 697 711 479
483 719 512 470 779 747 715 668 497 770 535 464 517 733 542 723 739 762 466 452
98 1169 1151 3 52 370 1148 409 1100 1139 1171 53 1198 1136 1160 0 125 129 395 408
334 428 298 299 394 72 665 96 337 82 631 38 659 648 131 662 637 386 636 83
39 428 59 414 429 77 130 28 460 476 103 1170 1119 124 660 656 399 424 101 451
204 1211 232 271 247 1181 237 222 196 141 148 285 205 1222 259 291 242 260 282 1225
940 948 912 1001 972 973 911 998 1011 1018 957 991 1020 967 953 1004 1000 960 927 934
102 374 364 431 403 459 42 455 17 1142 366 405 445 26 127 334 1163 41 39 363
63 103 1127 373 428 1145 76 123 1118 39 54 56 368 451 1148 443 1160 426 86 445
77 1161 1190 94 97 47 60 446 387 1147 1148 1187 131 118 69 20 115 25 1151 1172
461 634 479 678 381 441 625 467 505 694 661 685 465 680 437 726 477 730 382 717
1085 1122 1046 1097 1117 16 1035 1113 1168 1058 1102 17 36 1191 1141 57 31 1083 33 1093
441 690 644 105 436 723 404 697 726 427 426 376 722 625 724 423 740 738 661 667
57 1102 113 1173 1167 30 1144 7 12 96 1078 1068 1140 1141 110 1124 107 1116 79 56
1187 1202 131 18 126 1194 1221 1181 182 164 202 165 152 1168 1163 1214 15 1225 16 1204
473 635 714 521 733 697 508 730 397 724 518 529 534 516 495 613 614 465 462 509
416 646 1161 377 136 522 455 694 123 106 432 736 725 80 334 484 357 635 343 371
627 669 657 721 543 505 445 645 724 612 677 447 486 667 533 469 446 643 684 539
944 967 1018 976 999 984 1004 919 962 981 996 983 969 945 1020 961 993 940 956 1000
111 1126 81 384 426 368 446 62 365 1162 1168 443 1098 1165 1099 149 386 1125 1163 27
52 98 66 27 430 1154 1132 90 440 1131 1149 382 1142 81 19 433 113 448 393 392
438 696 782 642 799 722 491 662 669 489 73 657 401 405 124 753 378 761 78 400
325 345 300 417 359 165 174 418 125 314 423 316 369 374 303 282 348 163 324 425
1192 1224 137 156 1191 211 1204 1195 222 191 10 8 1223 134 192 203 1202 22 204 1169
523 624 554 518 683 612 536 437 459 646 668 623 447 526 477 521 495 608 444 669
88 117 414 103 18 338 353 385 84 85 1180 429 111 155 425 1124 104 403 65 1155
468 711 496 729 477 502 491 708 692 420 733 645 501 759 804 514 684 648 414 635
263 286 285 221 229 197 262 289 276 279 219 201 198 314 213 284 295 282 307 212
508 679 637 525 660 486 662 620 644 473 725 641 542 457 487 686 465 449 490 511
174 1191 227 192 302 2 10 1187 1211 152 1129 121 1218 209 166 149 1210 228 300 320
632 674 726 470 491 663 631 408 493 675 401 690 623 541 662 616 713 430 461 502
190 307 1222 1214 177 231 354 179 1219 152 351 228 321 1210 304 347 1200 178 345 306
930 967 931 1025 972 923 997 912 964 971 970 983 988 890 982 940 1017 937 992 1003
821 864 906 794 917 790 788 904 874 873 877 774 737 899 717 768 766 818 730 751
337 420 333 106 139 73 453 666 299 423 653 102 672 3 671 121 411 158 359 419
493 652 604 677 404 513 651 534 528 724 706 672 413 666 614 446 495 472 409 491
151 1209 1201 135 1198 353 173 133 150 1227 1195 1166 364 24 155 1176 325 127 318 3
407 474 74 114 134 334 94 131 497 448 722 507 653 103 634 367 352 465 342 1164
1057 1074 1039 1082 1108 1020 1073 1040 1038 1036 1071 1034 1044 1025 1026 1018 1051 1042 1081 1037
42 110 400 8 366 1100 441 432 7 446 134 458 387 35 29 410 17 47 34 41
387 445 650 477 485 707 121 660 100 370 634 628 443 406 119 673 519 493 500 372
705 761 825 835 817 480 848 771 847 512 469 730 870 511 468 855 452 629 694 667
624 669 618 550 525 687 470 408 724 645 611 668 609 533 462 506 444 422 693 714
971 996 1031 921 934 1033 1051 1028 1027 927 1015 924 983 1022 967 997 993 955 1048 1018
22 77 399 85 57 1132 390 1171 92 1116 16 1185 52 395 1120 446 89 418 65 425
658 720 492 725 819 688 458 677 716 421 778 661 662 732 748 762 459 738 734 444
444 481 635 394 734 654 425 423 386 731 715 501 429 467 103 666 614 662 105 363
174 1214 322 194 313 304 302 221 1186 214 208 1187 132 147 220 1190 131 181 309 138
514 647 425 510 555 424 415 513 684 713 652 668 461 459 436 434 401 503 437 733
561 609 542 620 547 596 487 569 538 579 506 482 563 603 572 586 587 582 515 546
114 370 101 1131 126 103 17 14 1171 394 390 350 1143 89 65 124 361 38 440 352
49 1151 68 1165 1160 35 1117 1175 1177 94 15 42 1145 1129 61 38 1107 1153 85 1124
498 647 547 646 512 406 460 466 662 508 652 554 605 504 552 638 538 426 688 475
148 331 123 151 1171 1200 129 163 32 1180 346 1190 306 10 321 124 184 361 294 159
94 431 652 111 51 116 1161 634 1136 491 640 32 438 381 386 410 1156 15 68 388
1130 1170 1113 160 1181 1186 9 371 397 1100 144 117 1095 1099 120 131 1094 365 412 155
456 694 743 409 436 667 487 727 468 505 673 670 108 520 378 763 484 626 483 707
954 1016 965 1002 1059 970 989 920 985 925 974 951 916 1056 1030 1015 994 1005 1026 1057
253 303 274 264 347 243 216 198 203 215 247 304 339 226 286 277 175 302 228 317
470 710 707 645 758 632 514 719 793 636 781 437 818 739 692 446 641 821 525 732
563 604 501 572 524 592 567 621 514 557 543 599 593 544 608 615 595 587 548 598
718 754 812 736 738 497 835 720 867 705 505 713 684 719 676 813 498 792 790 755
953 1012 998 933 988 979 949 943 966 977 999 950 1048 941 1016 963 1015 975 1014 1010
113 1160 370 449 156 126 382 1175 14 59 123 15 402 72 426 1186 1103 407 404 125
750 770 796 744 847 702 688 761 731 701 728 821 706 784 760 790 751 771 694 788
570 587 589 565 526 618 583 609 584 588 591 563 530 553 593 550 542 549 564 600
126 145 39 4 69 83 149 176 15 361 387 160 340 171 144 1133 423 407 1200 422
790 867 806 920 745 799 803 694 754 821 840 781 912 826 819 831 822 846 795 859
675 744 423 630 790 474 506 797 476 775 725 479 763 708 842 861 759 644 741 432
84 118 442 388 39 355 1128 382 330 13 128 1147 1135 383 425 1143 1 48 150 429
704 791 671 477 497 736 823 634 683 867 467 453 466 474 513 692 726 864 650 754
94 1142 106 87 1161 457 411 115 31 18 441 404 108 458 74 53 402 397 112 451
859 875 766 845 816 739 738 847 837 779 908 760 889 789 743 903 898 906 765 768
783 830 849 779 722 693 700 745 867 831 889 778 832 879 715 748 884 762 901 720
125 1131 61 104 19 27 132 10 11 1134 77 67 121 392 140 1126 359 1161 1124 1172
468 711 773 487 766 805 516 669 678 777 807 806 436 442 439 686 425 782 799 688
840 904 773 919 769 767 851 867 909 741 778 757 730 858 934 804 850 849 931 853
44 1178 114 93 372 137 1126 10 99 97 381 1110 1202 40 1134 153 148 1104 366 45
504 604 609 493 568 643 720 441 658 639 616 699 489 537 728 689 511 633 559 688
96 445 450 453 430 692 409 709 1168 439 45 624 469 380 1131 425 410 53 699 22
795 869 898 720 764 740 805 794 762 922 880 733 843 812 804 798 759 828 920 750
478 715 647 747 792 427 819 420 460 525 788 693 467 720 773 677 642 521 509 514
156 1214 185 327 171 113 1169 330 131 119 127 1204 4 11 149 194 320 174 115 122
176 1202 218 151 322 1220 181 146 232 294 197 161 317 1186 189 321 149 315 225 228
630 654 735 674 450 536 669 371 717 611 410 510 653 690 504 497 507 712 678 672
739 773 865 710 810 712 796 862 825 751 786 760 484 821 803 674 718 487 686 823
760 854 873 782 888 758 717 762 841 747 759 896 858 688 840 805 812 799 698 716
854 880 910 852 785 755 882 915 925 847 830 770 831 841 849 927 895 735 786 826
256 298 276 275 255 318 242 193 234 210 250 261 271 309 282 287 228 254 203 220
8 1180 114 1173 1159 77 1143 1129 146 1200 1128 1125 137 4 19 416 1137 367 43 1141
360 392 417 125 135 80 324 465 88 83 346 359 462 82 335 156 77 1171 1160 426
185 1216 192 304 237 313 247 1188 1208 1204 1192 307 296 155 180 194 1196 230 160 216
894 909 817 938 870 808 879 943 898 912 875 886 822 913 836 936 835 838 887 908
524 605 606 523 529 547 564 525 481 500 630 599 638 538 616 604 577 580 451 457
