0 32 58 12 969 122 997 996 8 967 14 116 961 29 68 964 112 54 62 983
37 999 17 44 26 56 984 30 46 184 185 1008 965 150 163 994 208 214 20 980
4 66 96 57 32 952 102 979 986 129 84 26 27 38 56 53 987 6 2 39
108 957 137 51 931 969 964 1008 79 126 953 42 72 993 65 109 43 1 115 991
697 719 721 692 704 674 732 682 670 687 693 723 718 735 738 677 689 743 741 722
910 921 943 926 935 918 925 937 934 906 944 932 912 909 905 936 902 950 903 901
193 210 970 243 160 195 968 124 159 129 1002 162 969 146 980 181 216 265 253 178
205 279 318 275 995 178 310 324 282 297 232 1005 996 976 308 983 294 155 994 1006
52 111 152 55 130 13 41 989 132 988 56 127 81 40 145 65 32 53 1003 147
757 773 749 739 801 795 767 746 787 796 758 740 759 761 810 744 791 779 778 798
133 969 112 176 21 98 41 154 150 135 147 56 61 106 109 88 137 115 977 205
763 784 814 752 796 764 748 774 819 750 794 749 753 803 793 789 757 778 758 813
708 719 702 745 671 730 722 735 690 733 743 741 740 696 687 680 698 683 674 703
532 585 583 526 528 598 493 510 546 512 511 586 540 576 517 508 603 506 530 579
58 988 162 3 0 202 968 125 160 957 80 97 984 154 122 109 78 998 208 187
428 456 400 494 476 433 459 424 426 398 472 420 474 409 425 415 465 416 484 451
757 775 741 799 746 784 802 807 801 755 794 774 777 747 796 781 767 750 778 770
675 699 721 716 726 694 659 686 725 724 692 670 703 680 669 661 691 671 687 723
144 177 189 117 988 204 1000 186 190 972 138 203 154 986 148 983 982 172 166 158
196 272 975 328 206 200 247 124 288 992 969 297 156 256 1002 195 177 166 235 198
542 557 526 511 508 581 566 578 547 532 514 521 558 529 517 572 530 550 576 543
935 953 61 951 969 929 63 108 927 933 100 944 961 75 912 72 943 105 928 88
527 554 567 519 555 512 559 575 550 563 577 509 539 587 564 534 566 569 520 536
296 323 327 363 278 263 264 326 351 352 286 367 277 287 337 317 308 289 354 297
343 371 396 368 345 370 318 379 335 399 331 339 350 382 306 357 393 380 313 328
350 381 312 353 392 366 402 364 317 359 372 323 369 409 387 404 314 332 326 356
757 762 794 786 764 747 789 745 741 750 780 790 791 792 797 779 740 744 788 778
104 972 20 102 165 971 88 986 87 130 8 168 46 995 49 144 197 75 69 158
90 960 106 941 84 970 164 55 950 49 80 158 945 63 171 59 46 5 44 952
121 138 202 185 134 106 4 123 125 145 0 46 126 973 140 208 66 55 143 176
792 807 789 836 791 820 790 824 770 767 758 772 760 773 802 782 768 821 761 759
974 993 89 79 156 954 209 183 985 110 965 176 128 181 50 134 72 178 132 28
535 569 527 523 590 555 517 501 566 567 545 568 510 552 516 582 519 543 542 584
201 272 137 978 329 221 214 980 127 981 188 126 212 129 124 298 328 989 209 156
229 269 278 305 241 214 253 238 239 211 325 321 230 297 202 200 277 209 310 237
612 628 619 636 592 616 641 652 602 659 650 624 593 630 627 622 634 653 598 638
353 388 362 316 415 385 372 363 400 398 335 356 377 360 320 338 326 337 407 343
226 260 264 251 196 272 202 276 278 219 263 214 244 257 233 240 253 262 277 200
515 593 556 513 577 595 584 499 544 538 583 587 576 542 523 591 559 607 566 537
101 980 112 984 171 186 95 35 137 34 17 70 158 143 29 75 971 121 33 165
56 112 146 34 1005 142 961 6 137 13 151 113 58 9 998 16 129 31 57 106
30 964 993 75 949 15 62 145 39 165 95 88 69 129 955 139 978 1002 40 168
173 197 221 964 967 970 223 273 124 155 188 284 202 177 174 226 988 229 134 960
553 564 549 570 577 551 530 514 542 538 582 529 567 507 544 519 572 511 579 516
122 968 141 140 91 133 123 101 120 1002 981 16 86 14 138 90 40 21 52 56
673 713 700 739 672 726 656 731 671 710 705 736 682 701 728 735 708 707 694 712
235 257 261 234 278 216 272 207 238 244 209 201 232 217 276 206 230 211 223 255
219 272 328 285 240 264 192 227 303 307 253 230 257 271 220 276 258 327 249 191
6 976 36 101 202 71 1004 160 131 94 973 1006 140 100 134 28 4 51 962 191
415 465 417 414 464 397 401 427 392 486 488 387 501 420 477 440 494 482 422 435
71 1005 170 41 55 168 208 165 986 56 1004 993 189 70 994 64 151 99 39 84
68 88 960 108 62 55 71 956 995 989 97 115 8 997 951 947 44 89 1008 73
136 164 195 65 182 975 978 191 173 159 960 1003 977 114 143 201 156 155 963 193
162 979 189 81 973 101 986 164 172 10 138 158 139 147 11 153 1004 156 171 974
855 860 878 851 862 879 891 872 849 852 882 840 837 836 845 885 847 869 865 895
932 948 939 958 967 942 69 944 930 964 920 910 101 75 921 81 950 88 99 82
22 39 1005 111 123 44 119 42 975 15 23 54 49 7 45 986 65 981 1008 990
751 762 787 797 767 780 741 737 783 729 789 745 743 768 766 747 779 771 733 786
36 985 210 152 182 164 48 189 180 204 107 63 103 120 8 154 68 38 65 190
854 873 883 847 861 832 836 885 872 833 842 868 859 886 867 875 844 884 863 848
523 548 589 592 539 509 513 541 504 569 512 520 558 502 591 527 508 586 519 578
38 971 969 101 14 13 187 965 197 22 45 165 982 960 984 69 147 1000 1002 33
108 145 984 54 52 88 53 65 988 83 146 990 46 141 79 166 153 121 129 195
705 723 745 683 679 747 689 687 738 682 680 714 695 749 715 737 702 721 732 746
267 310 204 340 265 293 341 315 277 308 197 201 329 347 225 331 216 222 312 200
869 878 894 860 864 866 888 899 870 855 896 883 898 901 868 903 861 891 889 886
520 590 535 495 524 604 521 516 501 586 542 545 529 500 527 607 583 595 491 588
587 599 507 586 567 621 563 604 521 588 503 514 500 606 491 570 513 512 525 504
97 108 71 966 1003 152 160 950 60 75 1007 67 164 55 101 167 947 954 0 69
354 367 356 375 357 384 365 350 323 376 328 319 330 347 343 339 377 342 373 336
799 826 774 805 771 795 797 787 777 776 842 815 794 778 779 817 772 785 806 838
417 460 405 440 389 391 456 475 452 418 480 399 455 419 463 442 396 426 466 415
292 326 311 274 300 275 367 322 342 351 358 333 303 262 325 366 331 314 368 353
324 349 353 280 282 382 300 351 378 371 277 291 333 285 278 311 360 372 365 342
96 960 114 175 980 169 86 100 982 962 966 170 168 970 50 76 58 171 176 969
259 284 289 281 326 203 225 226 244 299 314 316 228 199 308 213 260 277 229 294
135 975 89 177 3 120 150 970 30 12 163 982 187 102 967 15 23 984 91 16
83 948 61 103 94 934 941 912 59 107 963 974 82 925 77 929 73 916 979 954
534 547 567 535 580 532 524 559 543 582 525 560 579 561 506 526 519 542 521 551
437 470 413 416 452 404 492 425 426 491 412 439 406 493 423 466 414 502 489 405
304 311 299 330 336 278 315 279 291 339 327 343 287 340 322 274 300 349 267 312
809 830 775 798 848 827 790 772 799 795 852 824 821 823 842 768 831 788 773 832
618 627 606 656 643 601 647 653 649 615 612 640 617 603 651 637 644 614 642 607
767 801 818 786 764 794 788 811 782 774 830 790 777 799 780 771 831 807 781 814
916 942 947 949 918 940 87 910 950 93 914 906 77 925 933 90 928 937 82 954
211 998 52 270 204 281 61 109 265 114 145 40 152 236 235 154 995 989 979 234
93 944 934 914 73 63 935 927 61 976 979 980 82 100 72 107 941 81 967 956
315 337 301 265 348 358 281 311 313 331 275 346 367 372 328 349 286 300 365 262
33 50 1003 131 995 120 971 48 71 976 134 44 125 11 18 978 1004 130 32 51
133 206 983 275 288 108 962 135 969 964 262 269 120 240 225 198 189 179 105 271
283 326 342 360 288 309 255 301 187 313 206 306 261 189 333 276 327 267 264 289
14 26 1003 30 969 34 6 1 40 62 0 898 971 982 974 987 4 11 55 998
680 697 696 679 682 670 693 683 706 695 707 677 722 716 666 661 710 709 714 685
17 51 54 16 104 114 109 999 39 65 973 135 30 11 133 13 68 41 25 57
279 294 309 330 326 202 296 211 314 281 208 315 216 335 245 284 274 311 199 215
713 733 728 737 684 685 742 746 743 726 677 731 687 671 721 719 676 694 691 722
131 150 114 187 107 124 135 117 53 110 200 145 164 179 995 203 997 46 144 169
574 595 601 606 592 517 583 578 519 530 498 507 613 562 496 525 614 544 536 537
332 369 370 288 353 278 389 302 274 294 387 305 357 293 355 391 323 290 363 386
305 320 318 291 356 331 299 353 327 363 273 287 339 300 361 332 358 309 264 281
330 347 331 370 308 271 335 329 313 276 318 360 380 372 312 309 364 382 361 379
65 991 38 94 141 986 163 40 127 56 979 121 10 131 126 1008 66 168 209 1004
5 125 992 997 154 198 120 969 149 999 53 960 55 102 976 23 141 111 50 59
786 804 824 810 777 761 776 775 801 788 766 809 782 798 764 785 822 814 796 789
768 803 796 777 776 826 797 780 765 823 812 798 786 760 830 754 807 795 818 791
53 963 121 83 968 967 165 989 30 991 16 178 3 82 1001 85 125 157 131 97
397 421 394 451 408 436 439 435 441 466 449 420 384 424 389 426 443 387 410 369
209 267 204 232 211 223 246 198 186 280 194 178 188 990 271 285 245 314 284 208
245 258 223 248 259 220 263 203 225 230 277 202 229 224 286 265 226 209 260 269
21 967 160 174 975 90 89 974 982 948 124 972 74 166 158 988 26 141 1005 172
530 577 579 586 587 504 563 510 560 585 548 529 565 537 561 523 588 519 582 552
46 133 32 994 963 123 110 114 20 182 115 970 53 65 985 31 190 961 47 105
78 957 80 63 943 85 941 65 939 88 979 53 937 947 950 977 962 960 4 92
612 631 650 597 652 651 660 630 616 601 636 633 647 644 634 649 640 624 629 600
36 1006 120 1007 975 995 155 62 205 154 201 69 0 57 41 102 161 1004 204 179
196 227 972 174 168 971 143 1004 193 983 1006 274 286 266 263 978 177 127 165 997
613 643 605 623 599 625 606 594 601 620 646 656 622 637 629 593 649 632 645 662
929 946 953 90 914 74 950 917 96 931 936 924 956 942 87 88 935 920 948 927
182 962 994 199 131 115 168 157 87 102 177 137 42 162 4 124 1002 987 169 41
495 583 569 457 464 515 518 567 590 580 509 520 535 458 573 523 487 577 505 519
105 120 131 86 152 991 101 964 90 85 74 122 52 94 51 1008 76 6 109 151
611 644 623 638 605 621 660 637 651 598 631 642 613 628 596 619 627 634 608 614
768 783 751 786 794 805 789 791 821 754 784 796 809 760 762 812 781 818 806 755
223 264 255 274 229 196 235 192 294 247 283 296 263 251 272 215 310 278 259 233
964 1006 93 57 194 4 69 107 193 11 188 173 129 966 156 1005 141 975 59 82
183 985 188 210 213 146 990 168 62 7 73 20 106 204 978 39 109 980 959 164
535 567 582 546 584 502 571 589 580 553 518 566 526 583 545 505 542 516 522 511
521 537 527 556 572 548 516 593 573 514 553 529 510 502 496 577 540 580 501 594
429 465 426 435 479 422 411 452 443 497 449 495 400 415 403 404 491 478 417 401
516 587 542 608 538 599 546 517 541 572 549 500 607 511 550 596 578 574 502 565
209 241 245 199 239 1007 1005 148 990 235 208 210 211 287 195 279 270 145 198 277
863 871 900 860 849 869 854 842 848 883 879 898 859 876 899 861 844 843 851 873
72 950 119 972 98 933 1007 94 59 947 917 913 937 944 77 926 969 936 961 53
192 221 255 264 269 244 989 254 984 132 259 201 273 224 155 216 971 265 976 148
75 86 101 943 971 70 74 103 988 61 110 957 968 952 979 58 947 960 945 975
134 979 955 117 970 963 31 195 130 160 177 183 169 981 198 22 975 3 28 206
69 96 58 965 986 43 102 0 974 987 82 6 92 76 91 960 983 63 90 947
13 969 164 32 77 30 121 33 197 143 968 106 15 43 71 973 999 68 80 959
162 183 204 169 212 106 170 961 973 1002 976 189 175 206 992 103 104 999 163 989
173 180 999 974 997 185 152 967 1000 134 963 1008 148 138 984 161 188 170 194 131
366 380 375 332 346 387 400 377 389 399 393 395 361 407 390 383 331 388 347 374
689 703 669 714 704 722 699 727 684 696 686 694 692 682 730 667 681 700 710 707
193 981 148 223 1000 998 983 156 106 1006 976 174 160 61 145 139 6 1007 179 989
70 113 1008 978 101 127 106 965 87 948 146 81 143 77 69 91 3 63 79 135
239 276 221 260 236 269 272 196 227 195 291 304 299 330 243 208 294 267 285 314
820 840 792 830 858 798 852 791 851 805 788 793 854 809 824 787 803 807 794 795
36 1008 103 99 201 164 12 15 180 152 13 33 963 16 34 961 171 191 162 974
160 178 150 182 958 143 202 996 195 153 992 1007 999 145 991 1004 142 959 1008 135
7 975 140 114 184 40 174 64 1007 116 130 201 95 177 47 1008 199 22 6 1002
136 978 183 957 62 974 201 186 32 1001 965 26 173 45 109 76 8 154 977 193
