1353 1375 1155 1401 1365 1177 1363 1569 1407 1413 1255 1180 1272 1372 1572 1257 1176 1262 1398 1361
69 1646 62 243 270 352 31 28 237 1616 1661 1657 49 274 1612 239 360 7 322 1666
212 1635 240 320 1602 1642 224 278 310 267 177 264 11 226 169 22 298 358 59 220
1398 1550 1554 1532 1368 1219 1392 1184 1207 1536 1547 1409 1399 1412 1555 1561 1156 1571 1417 1202
1644 1660 304 1618 368 326 1640 80 258 1668 339 215 345 14 257 247 28 348 330 39
538 547 449 421 489 567 479 535 563 437 444 454 566 561 504 557 466 554 501 435
1555 1570 199 1562 1561 1387 1566 176 1530 1534 1354 1388 1542 1550 180 1558 192 173 187 1585
442 537 563 536 484 470 522 501 453 542 557 523 454 554 533 483 494 437 527 435
350 367 1664 334 327 577 1635 315 1651 1638 385 391 349 343 1657 387 880 1655 914 1648
1620 1664 222 29 246 351 30 9 4 1652 1058 276 77 8 1072 361 1607 319 315 372
247 1608 272 279 222 225 241 1638 260 282 1601 283 207 224 1592 27 1600 230 238 1583
234 1650 29 1611 366 1643 82 267 10 1592 252 67 223 301 292 59 306 56 1599 52
8 1648 360 39 327 1613 52 96 1643 245 79 250 264 234 368 1624 1620 1639 260 2
1125 1202 1155 1190 1151 1209 1415 1128 1201 1247 1153 1192 1185 1132 1166 1112 1200 1120 1193 1199
717 734 719 701 690 721 751 693 758 708 739 698 740 755 732 743 722 750 723 757
267 1650 341 349 1606 66 311 9 18 49 240 297 78 4 244 282 292 1641 339 1601
816 847 815 840 872 793 862 849 809 832 825 811 868 843 835 881 844 805 804 800
1170 1431 1383 1403 1412 1171 1400 1419 1440 1446 1120 1429 1224 1164 1129 1441 1165 1168 1217 1243
1579 1604 246 1588 1582 250 208 178 241 162 1312 253 243 1613 197 257 1629 1611 1329 1570
503 513 538 516 512 530 522 472 457 484 515 532 514 486 531 449 482 528 454 541
995 1048 976 1041 1059 978 946 1024 1104 1026 1092 1081 964 1013 1090 984 999 1021 1044 1057
331 1620 39 288 1646 208 351 888 26 267 302 884 304 1636 1654 1599 1604 270 1667 41
325 890 290 859 1647 298 1628 338 952 340 367 356 865 292 929 387 844 327 840 369
1371 1405 1255 1249 1237 1547 1385 1382 1194 1161 1419 1351 1155 1352 1205 1219 1239 1129 1226 1184
407 915 590 428 913 364 599 933 930 361 387 886 942 929 370 895 431 577 377 936
1337 1574 1553 1583 190 1579 177 1593 1544 204 1312 1590 165 1346 1267 1286 1321 1285 1555 1561
1259 1360 1358 1361 1290 1369 1368 1250 1389 1344 1223 1343 1282 1381 1370 1333 1224 1561 1347 1564
306 1654 1631 271 1641 1661 359 1614 36 1622 1638 16 348 1636 69 39 77 317 356 316
480 508 460 531 540 534 465 449 445 543 453 497 495 477 474 473 527 491 499 490
1612 1649 19 257 1596 1615 62 35 206 270 262 346 52 1653 23 352 315 256 1586 1655
794 805 809 795 772 840 839 788 781 798 825 842 802 786 818 785 843 789 806 630
35 1662 1650 1635 39 361 367 1642 72 1617 17 1058 370 317 1052 316 77 1619 286 29
909 942 967 935 354 977 919 945 983 903 932 993 891 933 402 916 988 369 392 947
727 744 757 755 702 708 728 756 693 722 745 765 717 747 707 750 743 752 754 725
331 362 381 408 292 363 324 286 377 395 1628 284 1647 874 390 590 310 1631 582 859
1404 1547 1398 1573 1206 1178 1166 1521 1537 1161 1223 1210 1200 1564 1548 1533 1401 1370 1568 1135
1584 1613 1305 1570 314 303 290 1601 291 1341 165 1327 270 1591 225 288 275 31 283 1637
1392 1551 1409 1519 1224 1402 1393 1420 1405 1189 1166 1382 1559 1159 1418 1394 1362 1525 1564 1164
16 1655 312 8 282 302 304 1642 1 298 12 1615 272 51 95 65 93 333 285 330
336 1663 1655 1642 886 1064 322 32 340 1622 899 22 303 83 376 882 59 359 374 46
1145 1207 1379 1241 1214 1374 1148 1223 1218 1209 1133 1141 1137 1238 1127 1414 1111 1224 1235 1206
386 397 915 891 899 600 923 929 922 406 365 605 352 594 897 371 420 367 932 384
1260 1333 1599 1234 1344 1305 1347 1245 1310 1292 1304 1265 1591 1279 1366 1590 1342 1282 1273 1293
275 1629 296 41 1625 350 4 0 285 290 1656 1634 1611 49 31 247 280 1631 302 47
839 853 346 863 865 845 854 874 837 801 802 872 861 338 840 850 361 957 864 868
162 1593 1604 1612 1588 1580 1302 241 182 242 1326 1587 1300 1609 146 1572 223 1616 226 235
1138 1164 1135 1420 1435 1227 1160 1415 1383 1181 1385 1411 1201 1208 1176 1118 1195 1402 1116 1390
372 914 936 368 392 364 411 1664 367 565 377 359 854 399 351 1669 1653 412 931 877
91 108 24 16 105 85 8 74 80 114 15 109 84 19 76 20 92 70 26 0
998 1071 1017 956 972 971 1101 1094 1076 1113 973 1059 1019 952 1038 1020 1115 1022 968 1035
760 768 754 706 642 771 703 640 793 747 776 790 739 641 751 762 741 696 698 791
1068 1102 1666 1003 1022 1035 1108 1130 996 1115 1075 1081 1129 1125 1056 997 1109 1045 1086 1084
1634 1664 270 273 233 294 26 303 1668 367 1625 228 16 342 10 209 1603 211 63 237
36 1632 276 1607 1614 252 347 337 1657 1646 236 1625 264 1624 230 1665 20 256 345 1666
1296 1334 1357 1595 1578 1333 1252 1319 1274 1277 1253 1336 1327 1351 1592 1597 1299 1356 1278 1335
380 587 899 914 359 890 357 577 385 424 558 925 404 936 917 918 606 602 390 591
1618 1635 1591 317 21 275 1620 1608 315 280 318 60 55 228 1647 243 248 1666 262 337
274 1635 350 26 1639 1611 246 1629 324 1601 21 220 64 1643 293 300 7 287 232 1641
707 731 692 736 741 755 730 727 687 724 702 756 703 758 749 743 686 710 737 685
375 403 398 605 932 380 420 413 552 887 363 389 593 581 342 412 591 368 329 393
57 87 18 86 98 1661 1633 62 1653 24 1640 76 101 68 94 1641 103 81 23 1663
9 77 1634 90 1655 37 112 114 15 107 21 16 1607 1618 12 23 105 62 1626 1636
342 895 898 877 299 298 892 890 856 323 338 940 316 1622 1662 362 352 937 1659 383
1104 1127 1123 1218 1169 1128 1185 1215 1057 1095 1192 1212 1035 1117 1171 1137 1019 1086 1018 1141
1327 1345 1590 1297 1295 1308 1359 1352 1583 1255 1337 1280 1321 1303 1291 1304 1574 1591 1580 1344
19 82 1658 81 63 46 1661 95 1615 1634 38 1631 56 49 101 27 1610 12 52 47
295 302 342 1617 352 337 1610 1644 277 339 281 1656 1633 1639 356 1636 1667 320 285 1609
1315 1585 1318 1302 1330 1328 203 1604 1579 186 188 1342 1298 1597 1613 223 1285 214 194 1590
1070 1093 1047 1041 1068 1099 1115 1091 1048 1125 1044 1077 1030 1059 1104 1126 1069 993 1054 1050
1281 1328 1254 1250 1601 1579 1347 1589 1594 1584 1320 1272 1315 1278 1297 1300 1256 1279 1592 1334
1098 1132 1147 1061 1041 1135 1199 1101 1213 1419 1164 1196 1130 1398 1046 1185 1218 1420 1220 1162
455 474 445 457 504 548 528 425 514 531 484 520 493 496 555 508 451 543 532 475
333 1641 255 1645 1661 251 428 38 329 1652 423 218 217 274 342 1632 362 50 227 315
1321 1343 1335 1348 1341 1604 1309 1577 1268 1320 1593 1576 1280 1300 1318 1587 1310 1596 1296 1315
1179 1224 1374 1227 1129 1116 1192 1199 1384 1201 1392 1403 1370 1177 1396 1123 1235 1410 1366 1145
1067 1113 1027 1108 1199 1090 994 1006 1158 1127 1664 1077 1105 1095 1192 1026 993 1663 1086 1106
696 707 746 691 733 740 708 745 678 677 710 752 694 715 753 688 749 681 679 671
408 424 549 456 570 908 903 372 543 428 353 910 432 386 446 347 548 455 554 371
998 1060 1012 1100 1062 1054 1109 1668 1667 1110 949 961 1043 1040 964 1091 1067 982 952 1666
869 878 367 877 889 371 845 848 836 885 894 890 819 834 880 847 830 369 882 839
345 373 1651 330 363 1641 1638 360 396 303 588 295 1633 377 410 383 578 375 860 893
458 474 443 485 525 484 510 452 434 495 456 530 489 486 496 475 555 520 536 432
1626 1658 1643 248 65 73 273 2 20 1669 10 298 1622 320 1 1602 18 327 14 224
164 196 181 1564 203 1598 151 1590 222 187 170 152 1609 169 209 168 1606 172 174 1603
1055 1665 1035 58 1052 1 8 318 1099 1621 326 1042 1643 274 70 329 351 1021 74 315
964 982 946 951 968 945 942 1028 943 1011 977 999 967 978 974 1025 1012 954 965 1004
998 1058 956 1020 1062 1046 1092 1078 1072 1040 1017 1042 1086 947 1060 1089 1007 1014 1107 1044
8 30 1639 86 1607 1659 57 1654 96 49 85 4 78 11 82 1631 104 1634 79 68
330 347 348 564 885 1653 376 363 1636 356 878 1619 889 572 883 289 569 349 295 1648
464 523 490 466 526 536 510 530 480 440 545 483 448 535 531 524 489 450 492 498
1501 1509 1477 1531 1492 1524 1457 1470 1511 1544 1447 1478 1537 1510 1528 1495 1508 1489 1444 1446
1136 1176 1378 1406 1413 1239 1183 1407 1243 1371 1398 1202 1104 1123 1164 1133 1375 1114 1380 1179
236 1599 1610 1651 1611 160 248 164 1609 247 1620 185 1317 213 239 192 1296 1594 1646 1320
189 1577 1592 1603 210 1557 1563 1338 1571 167 1555 1330 1332 1343 1580 1579 1324 1599 1587 1583
382 904 362 604 931 948 891 351 377 356 383 941 359 593 576 914 596 398 949 936
347 561 1659 886 425 304 442 391 326 332 1662 577 895 401 438 429 852 324 545 325
279 1658 283 1 68 1619 337 1615 247 0 1665 338 60 306 74 12 330 1655 369 363
1395 1418 1153 1405 1189 1547 1361 1214 1144 1221 1203 1202 1427 1362 1169 1377 1531 1167 1527 1145
1126 1210 1139 1172 1138 1405 1125 1152 1184 1196 1107 1121 1410 1104 1375 1094 1396 1122 1237 1217
996 1037 1044 1099 1018 1031 1076 1046 1027 983 973 976 1034 1026 1016 1056 1096 961 1008 1083
706 744 743 709 717 758 710 753 736 746 748 690 708 699 704 689 680 747 700 741
1227 1384 1179 1381 1224 1152 1389 1534 1544 1362 1251 1376 1183 1153 1199 1557 1141 1533 1184 1252
283 1669 365 36 1612 1620 264 1623 329 1626 320 1609 304 331 15 1646 1668 84 343 33
1239 1366 1183 1192 1560 1197 1262 1193 1217 1225 1191 1368 1268 1176 1352 1272 1199 1195 1350 1184
1092 1116 1033 1172 1005 1174 1034 1126 1012 1046 1058 1087 1142 1055 1091 1060 1195 1044 1027 1134
539 549 459 527 425 432 556 496 406 538 454 495 408 550 473 551 533 476 570 417
365 565 596 389 376 860 889 332 918 547 888 397 551 367 327 427 880 358 585 1644
1250 1289 1597 1357 1237 1275 1211 1273 1363 1305 1285 1332 1234 1228 1302 1599 1284 1286 1307 1325
1121 1143 1128 1168 1196 1205 1194 1105 1130 1173 1219 1188 1125 1410 1161 1156 1187 1186 1134 1400
1458 1485 1494 1440 1466 1479 1491 1450 1474 1461 1481 1477 1506 1497 1455 1484 1476 1505 1471 1460
72 1627 1637 36 82 250 1665 1609 223 1656 329 306 1599 1597 219 81 214 290 322 320
6 27 29 37 71 1654 70 35 68 53 96 95 83 107 97 4 109 1623 66 42
62 1632 268 338 230 234 208 297 70 1640 258 59 240 310 213 319 342 1650 1622 329
962 992 977 1075 1008 1065 1061 836 1033 976 1024 1011 939 1032 1003 1066 991 953 995 952
1211 1395 1233 1152 1238 1145 1372 1135 1378 1248 1361 1413 1242 1157 1231 1537 1377 1176 1165 1127
1006 1087 1055 1094 1091 1036 1062 1115 1064 1045 1004 1043 1046 1061 991 995 1073 1001 980 1010
445 488 556 547 513 414 514 535 532 438 455 554 456 525 471 435 480 563 452 560
417 555 383 544 439 406 436 587 407 388 588 455 453 334 582 422 397 583 391 576
342 1635 900 48 345 356 302 896 1618 903 220 1663 31 240 30 372 371 217 337 222
366 886 313 333 893 1664 396 575 352 317 911 918 394 909 348 328 920 905 1667 320
471 518 537 545 438 447 440 529 469 526 517 495 485 476 516 525 509 453 547 439
390 563 428 348 902 587 905 445 927 595 375 385 405 909 418 383 396 921 908 591
54 1635 1631 50 221 77 217 209 327 344 342 343 68 1641 218 332 1656 309 321 233
998 1039 1054 1060 1046 1002 1020 1107 973 1003 1030 955 1056 1069 997 1103 1011 966 1044 982
1518 1557 179 1509 1541 1496 1568 1553 1525 1532 1393 1534 1530 1546 1388 1577 1540 1391 1389 1505
151 1598 1610 1618 1607 202 197 220 120 129 1596 167 239 246 232 1291 157 130 132 1631
41 1663 307 310 296 358 31 280 298 69 43 67 1668 44 1615 272 368 7 1666 1650
474 486 508 537 498 442 484 532 454 509 460 511 543 449 506 473 440 503 447 496
1125 1146 1153 1131 1403 1399 1413 1130 1384 1108 1140 1129 1162 1423 1431 1203 1196 1402 1179 1382
1019 1073 1080 1023 1089 979 1069 1051 1102 1108 1009 1112 1050 989 983 1027 1075 1031 1032 1040
350 873 388 874 573 1638 387 896 414 898 357 409 830 332 835 838 335 1631 828 1632
370 851 899 903 588 878 567 356 876 369 565 333 325 355 816 1665 577 357 338 606
213 228 1624 246 222 1617 205 226 1645 234 201 165 200 1627 1632 210 174 1580 217 1642
1154 1427 1412 1130 1165 1171 1161 1384 1108 1214 1170 1424 1172 1430 1167 1377 1431 1160 1399 1179
304 1651 4 28 65 79 1653 333 323 364 1640 346 6 58 302 336 74 2 1639 237
327 368 1651 373 854 319 891 289 912 895 370 602 318 601 599 307 382 852 886 575
677 691 708 661 725 758 693 719 715 683 664 706 671 720 649 669 718 641 714 712
1285 1326 1581 1346 1261 1297 1315 1257 1304 1585 1350 1290 1282 1347 1338 1268 1260 1258 1327 1591
317 348 566 345 561 1617 374 314 364 852 309 320 291 1644 296 851 416 895 1665 1641
1298 1584 1295 216 1293 1311 1348 1307 158 208 1291 174 228 1576 1588 1590 203 1317 1340 1253
420 543 500 499 423 379 578 496 455 536 558 402 463 490 566 464 495 473 452 344
907 920 385 885 405 899 375 400 347 887 379 934 403 937 925 372 893 363 922 939
848 874 841 826 368 824 347 830 367 361 359 807 363 364 890 857 849 343 344 867
1174 1227 1239 1166 1390 1144 1127 1120 1164 1226 1117 1116 1182 1412 1175 1367 1123 1156 1407 1430
343 858 329 826 568 1637 305 815 828 840 366 359 1664 1654 823 338 360 845 884 830
1232 1374 1360 1228 1159 1221 1372 1408 1189 1160 1257 1168 1412 1242 1369 1154 1195 1352 1224 1245
1598 1615 257 264 215 12 218 1577 274 267 1295 1580 1609 165 1313 1664 1291 11 21 1668
1105 1130 1144 1143 1174 1160 1081 1191 1123 1083 1175 1205 1017 1047 1135 1065 1060 1094 1157 1068
25 1646 305 350 23 93 270 1659 1648 29 58 272 334 231 243 353 1650 24 361 1622
1610 1627 1630 329 163 271 44 314 46 270 330 1589 1621 1650 1641 1611 237 1601 220 1629
