189 958 1232 974 226 1132 1254 79 1285 202 1006 1175 1124 1276 977 1066 1256 1334 1306 1365
995 1123 1198 1117 1084 26 173 178 950 1146 1011 1254 991 1046 83 212 195 1118 20 1189
89 1338 37 123 224 1374 1071 1166 1063 1153 1150 1144 1111 196 1330 973 1122 1288 1154 1202
207 1096 78 1321 1361 1130 1259 1347 1251 1272 1095 941 952 36 1279 1316 1256 1149 1099 227
1126 1341 1030 8 1108 949 958 1015 1189 18 1274 1315 228 1335 1105 1005 197 1034 1072 1111
14 1235 232 78 1292 1332 1003 1147 1096 1062 27 1319 1128 1007 196 1067 1082 1206 1034 1366
555 712 573 859 524 706 693 820 856 633 599 636 684 556 877 638 550 567 692 671
54 187 1349 1170 44 1062 18 1355 192 1110 68 950 1075 1124 1270 1 63 1346 1089 1193
48 1226 1000 958 1078 1351 1126 176 1056 1087 949 225 209 190 195 1201 0 35 21 1085
562 646 626 594 553 642 685 539 554 639 510 630 676 593 534 596 529 558 603 654
510 601 632 620 579 526 643 497 575 566 602 635 476 547 544 553 614 625 475 644
1139 1231 1357 1151 1319 1104 1089 39 1021 1276 1123 1032 1259 1097 1096 1102 1092 193 68 1201
654 694 641 687 711 697 681 666 680 730 523 551 535 631 622 525 716 610 644 685
70 134 1296 59 60 182 1334 142 55 1065 1342 1009 1019 1022 968 1174 174 1027 1251 231
208 1160 995 960 1154 1102 965 237 202 1117 1229 1024 1144 1289 1271 947 1034 1322 1320 235
983 1191 87 1200 1185 968 1224 1223 1096 1227 1267 1006 1190 174 1252 171 1027 1314 1370 62
1095 1142 976 1081 21 1298 1303 1230 205 1177 967 1049 68 1018 1270 1093 246 43 1263 1051
898 928 941 858 921 958 870 899 869 948 916 872 863 861 938 913 855 884 951 910
129 1030 105 1271 1226 1122 1243 141 1047 112 1138 165 1049 1157 1153 116 1117 1194 68 1332
219 1017 1341 986 128 127 1031 66 1020 1309 1046 101 77 1150 970 167 1144 989 1022 215
1110 1317 229 1101 980 1122 57 85 991 1301 950 1006 1190 1160 1179 198 1309 1248 1065 13
1254 1363 1060 184 1077 1016 1256 997 1198 1132 1306 1138 1347 1131 1000 1307 1343 1218 1062 985
46 1222 989 946 1127 992 175 76 1232 1368 189 956 1361 1218 1008 1351 16 5 1064 1124
64 1168 956 210 46 998 246 1171 58 79 1258 1129 31 1217 1264 1196 1172 188 81 1054
220 1113 228 1168 1037 998 1148 985 1011 1081 1142 244 235 1237 60 1050 986 1156 1350 953
532 708 680 720 498 734 736 826 696 640 604 715 573 726 686 688 882 677 855 610
1035 1235 1261 1087 1211 177 93 1314 1344 213 1221 1276 1122 1354 94 219 1110 1029 1008 1275
1029 1187 216 183 226 195 1351 1137 1241 984 1260 28 159 1100 1346 1012 1227 246 186 1352
47 989 1224 1284 961 1373 1009 1231 1136 1194 1090 1261 207 1220 1096 49 1311 1183 965 1053
71 1093 1360 1229 103 125 183 1123 995 122 1219 51 1349 38 997 1195 1257 1144 1047 1161
195 1339 1135 1119 73 86 1147 1228 223 196 1045 63 1091 1365 185 1268 1204 1158 1311 996
37 1032 104 1053 1114 1116 180 1300 1374 7 117 1180 174 200 1338 201 1163 127 36 220
1095 1304 37 1002 1172 187 1102 1183 1313 968 1 1111 1368 965 950 1104 1197 988 1335 1029
1122 1197 1081 1128 997 1162 1007 1349 1182 198 986 1147 35 38 11 1267 200 1343 1371 1200
0 1189 59 941 936 1346 1076 1217 1137 26 1047 227 1228 1043 1363 191 205 202 1209 1022
30 1121 21 1355 1373 74 1235 1271 1125 1322 1264 1363 1231 1234 214 989 1071 55 1156 1286
179 991 1008 72 1107 1312 1350 1343 1261 1217 48 169 1279 1205 217 1285 1322 165 1368 222
722 814 687 688 693 540 782 831 537 843 544 830 803 818 779 674 715 836 797 527
66 1240 25 971 1188 999 207 1282 1329 176 101 1340 1185 1269 235 1366 1232 1120 1343 1066
169 1035 1225 1186 48 1006 1067 233 1028 102 219 74 1202 146 1260 1336 1184 1234 1222 1228
216 989 1052 1218 193 1301 0 1000 942 236 176 1361 993 969 35 1280 234 51 1014 1066
1207 1375 1297 1223 1191 1042 1258 1057 1149 1213 59 1178 47 214 1369 1271 1125 1372 1048 209
1068 1149 236 244 1232 1373 1217 1360 1133 1188 948 1146 43 1141 1002 1304 14 17 1038 70
563 601 635 602 550 504 480 506 500 517 532 519 603 584 524 625 607 555 540 531
181 983 1248 1324 1307 1210 1308 1089 1257 1189 179 1110 1310 161 1350 1354 1115 1134 168 1341
1103 1257 1077 1084 1028 1041 63 52 1159 964 203 1029 1086 1114 1054 1352 1214 1062 1254 1244
1096 1245 1084 1165 1225 238 1090 1026 1229 11 32 1306 1250 1338 1218 958 995 964 1334 1328
352 374 364 399 426 334 317 384 440 380 425 441 314 350 391 402 345 351 385 320
526 645 534 710 635 508 548 649 576 709 522 567 672 571 653 504 573 619 544 665
967 1334 986 1344 1159 970 1017 1116 1073 240 1372 950 1373 56 1167 1182 1259 87 61 985
548 657 606 660 581 693 690 702 556 672 595 647 589 710 636 696 551 537 670 697
699 708 868 695 533 877 897 733 883 869 832 678 650 657 835 611 608 648 641 624
1261 1351 1239 1365 180 1068 1194 233 1253 1257 1316 973 218 1197 1217 13 37 1302 71 1354
191 968 184 1281 1276 1034 1193 37 956 1181 1302 1259 1220 1349 1245 1242 55 1361 79 1294
149 1028 1122 1256 1240 88 1020 1133 160 1285 153 1166 86 1332 1210 163 193 183 147 1235
19 1282 943 1023 991 1059 1031 1190 1018 1035 186 1090 1030 1020 22 53 51 1363 1283 1314
219 1259 1273 1152 23 1362 953 73 1241 1171 1134 37 991 1286 1111 1128 1013 940 1311 1355
525 644 598 486 557 549 599 643 701 554 658 552 496 625 541 526 696 702 560 722
1121 1150 1187 1116 1256 64 1117 29 1238 1083 1354 69 194 1270 1348 45 218 1344 1167 1135
94 1026 1046 1162 1168 1035 1128 1374 1207 141 89 1340 1016 1366 1226 1052 90 1317 1331 1144
1006 1295 66 1273 19 78 1208 28 1178 1156 1093 232 175 1109 1211 81 37 1030 184 989
53 189 1158 61 1220 1330 206 1154 1085 18 25 39 1274 1278 31 953 64 1115 1107 186
75 999 1175 1138 971 79 1241 1198 5 94 1193 1016 1356 175 1343 1148 1054 1370 1276 124
43 1220 191 1372 1042 1298 1234 1092 1095 1245 198 196 1198 1364 7 1194 1014 1232 1277 961
384 426 358 409 450 434 386 355 361 395 454 432 341 448 370 364 356 428 430 443
356 440 477 385 410 406 371 446 379 428 320 357 380 353 341 433 326 450 328 391
230 1371 1230 1059 1276 20 1298 1004 1327 43 1037 1311 1343 1344 1028 1279 58 187 1044 1372
194 952 1144 1131 933 1183 1205 1265 69 1180 191 214 1050 1064 173 61 1142 970 1133 1130
239 1189 969 981 1314 1356 1278 1266 1286 1162 1194 190 217 1110 1012 275 1257 1279 1312 1144
1113 1218 1248 976 67 27 70 1219 945 1197 178 1083 1351 1258 65 1342 992 1232 1068 1375
648 677 713 540 660 673 714 653 561 697 654 605 691 551 712 635 531 636 550 694
78 1345 1171 1024 1225 1088 1346 1277 1136 1358 1137 79 1176 1227 173 976 1311 100 995 1233
997 1173 987 1346 984 1284 33 1072 1320 989 1175 1068 193 1014 1132 1238 992 1130 1043 1065
985 1284 1206 1098 234 1139 229 1321 1313 1136 1184 1018 1169 999 1153 1043 1050 1375 1127 1091
233 1373 231 211 243 226 50 1292 1264 58 1189 1275 1224 1068 1079 1137 1111 1036 1151 1051
964 1065 1265 1148 1137 1159 209 1195 940 1000 1162 1075 1163 1128 1141 955 1252 188 1334 1037
970 1142 195 52 47 1001 1128 29 15 1352 1213 1072 1283 9 49 1117 238 960 1309 1026
968 1315 995 1252 1293 1218 1066 1039 26 1114 15 1146 1032 84 1043 226 1122 1206 1113 1275
511 543 479 513 537 467 681 697 679 618 577 637 575 717 503 645 493 504 516 538
49 1020 1201 1001 55 85 1249 45 31 105 119 160 1158 1314 1125 198 199 1155 170 1364
1114 1354 1136 1168 1215 986 1085 231 958 969 1300 1138 1357 1059 1111 1101 36 1257 1188 1156
1035 1364 108 1276 129 61 1186 1361 1251 1049 1311 1025 1224 1140 1165 236 1254 1079 1012 213
74 176 94 1247 991 985 1267 961 215 151 1166 185 1128 1256 1277 958 988 1012 980 1153
196 1299 985 220 1032 185 1219 968 1161 189 1274 1271 1346 40 953 990 1307 974 970 1242
1082 1244 1012 1160 1090 1306 1121 1373 1060 1 1246 1089 1284 184 1213 1303 1230 1249 69 1137
1097 1306 70 1151 1231 1034 1227 1191 1362 1179 944 181 201 51 1278 997 1174 1342 198 1338
1029 1307 1091 1 220 48 125 1205 1367 127 177 222 43 1158 120 1159 1325 983 981 1001
1086 1178 1138 30 1188 46 954 1042 1148 48 1039 1118 983 1331 1348 1198 1259 1371 1242 54
682 707 627 865 618 530 728 680 825 640 839 626 735 525 722 646 858 853 645 550
177 1267 1331 1127 1044 1098 1312 1168 962 1288 188 1072 1324 157 1148 1033 1327 1172 1277 1116
1084 1252 1011 1077 1045 1310 1174 1208 1373 1179 1052 1038 72 5 1146 1009 1085 52 1239 1120
36 1128 935 1273 1111 1178 182 57 1243 1365 959 1211 1217 1292 1280 1281 1361 1335 221 239
1314 1352 992 965 1291 83 1162 1288 1132 222 1217 1228 1364 1039 188 1374 986 1276 1091 967
1154 1349 195 1310 1102 1130 16 47 1353 13 1055 1318 1022 1269 1257 1289 1143 1369 1100 190
6 1053 1103 178 1195 1208 1094 1174 1026 1191 1171 1151 1069 1321 1179 1298 1259 1046 1124 1262
558 688 607 611 572 513 666 537 696 539 554 670 694 524 521 648 608 729 592 579
558 663 688 636 515 543 550 602 522 605 625 551 531 568 612 684 646 691 655 700
864 903 836 849 716 731 711 869 874 723 850 702 917 706 842 906 710 898 899 835
624 655 546 693 599 509 596 574 697 653 644 531 713 664 619 684 540 541 617 506
209 1138 1291 60 1215 1274 240 1200 1 1265 973 31 1077 1002 1190 1150 1162 1217 1261 18
206 1216 1228 1138 30 1034 200 1158 81 1009 64 239 1163 1068 940 74 1149 229 241 17
571 585 615 533 535 511 538 587 500 551 566 526 497 601 600 563 604 591 505 630
1050 1152 1117 1292 43 1 1182 1291 1009 1280 1053 964 235 1205 4 188 24 1078 1268 1340
243 291 1164 226 1281 1045 1040 220 1215 245 232 306 219 1285 1283 1229 260 240 1154 1201
220 1052 998 1 1222 12 20 1166 999 14 1081 1143 15 940 203 1050 52 1195 1285 219
1131 1280 1153 1017 1142 1275 21 1258 1055 1326 221 980 228 1217 1277 1122 1082 1100 979 1321
1164 1342 1092 1077 1018 1265 1106 1037 1179 1028 216 1013 1180 1237 1154 1355 34 1364 82 1059
229 1334 1189 992 1357 1095 237 9 56 1254 1113 1356 1177 32 35 1219 70 60 1250 1068
1038 1153 976 237 1366 1026 1001 1132 982 1226 1059 1022 1107 1281 1258 1367 1125 1177 1199 1270
188 223 1299 1008 31 1325 1338 1159 4 1035 1298 1349 1137 71 74 73 206 1031 1163 1174
227 1019 1039 221 1257 1049 1250 1227 1021 38 1128 1189 1177 1084 1356 217 1213 1271 1042 1048
301 330 363 308 355 244 307 284 351 305 272 314 361 335 289 321 322 359 285 268
80 1373 1135 1092 1148 1287 107 1268 1134 1131 1244 189 1259 210 1311 1254 1233 1142 1082 197
35 217 963 1238 236 1157 1372 995 969 1203 1016 1080 205 46 1228 187 1134 1244 43 1145
1281 1359 1125 999 1202 1318 1213 1131 1164 1298 1077 1231 83 965 1226 1022 1102 1222 1092 1024
257 311 233 295 318 280 288 338 351 286 330 271 299 310 320 321 247 231 292 294
140 1007 1364 1231 1264 22 229 31 1061 26 96 1150 1212 1326 1147 1279 1245 1271 167 1353
424 459 362 495 452 360 408 361 449 474 342 468 356 498 445 471 348 439 376 413
232 1303 1319 1023 1059 1296 1192 1361 1020 1078 1273 1170 1040 973 1085 1087 1014 0 976 1241
516 537 586 556 575 561 517 679 733 643 618 734 594 716 497 677 540 632 522 714
1017 1201 1287 1306 1294 1159 1151 242 1239 1136 1218 238 114 45 1233 207 1127 1257 1203 51
307 328 254 276 270 345 318 336 309 295 360 358 352 347 349 331 253 299 294 353
8 1300 950 12 1163 1364 1111 1193 210 46 1171 1261 234 1118 988 979 1085 1352 1192 1033
976 995 1158 941 1225 963 1337 1353 79 1233 991 1169 1366 1261 1260 1045 947 183 1124 216
6 1257 205 1232 1111 1059 1338 947 985 9 935 1168 1172 1249 208 32 213 223 1196 1327
2 1292 939 24 935 1064 1027 219 1003 243 27 178 967 983 1239 195 1028 1196 234 931
993 1019 158 1263 1161 70 199 1179 1143 959 1250 966 1369 94 1202 1265 1095 1316 84 101
184 1129 945 1336 45 969 47 13 1009 1226 1180 1276 201 64 978 1340 1249 953 951 1052
1013 1269 1112 1228 223 12 976 1140 102 1036 95 1029 1266 1258 1202 33 1077 1262 1272 988
964 1257 182 207 1118 84 1146 1058 1327 1123 979 180 1256 998 51 1133 40 1140 1081 1114
682 705 862 549 829 877 722 660 667 663 878 690 885 689 551 532 700 538 876 836
1052 1145 1150 1007 242 1023 234 971 974 1053 1195 200 250 60 223 1189 243 1115 1349 1252
973 1251 960 1167 1261 1017 1023 1340 35 1287 1072 1146 79 195 217 1010 1076 995 1091 1151
44 185 1252 200 1308 165 1075 1206 1237 8 161 1089 1133 965 988 1062 13 1032 1294 170
1091 1270 1179 976 207 1025 1225 1311 1337 7 1141 52 1116 186 1333 1322 56 1297 1235 1085
501 518 548 564 489 584 566 475 593 613 526 568 634 554 503 496 599 471 511 494
451 475 455 450 466 511 430 506 452 498 517 431 471 504 436 473 429 514 417 433
1010 1140 1060 10 1321 109 1233 1165 1342 1210 1370 69 111 1015 980 1212 39 47 1219 1120
129 147 133 168 127 90 130 128 85 175 88 178 1019 99 113 1014 117 98 122 119
1036 1051 951 1064 229 1005 1093 1152 1179 1056 1166 25 1117 1272 1304 1290 114 1370 1026 1271
179 1335 1283 952 1364 1255 1161 92 1329 182 156 1154 1029 1304 1151 196 1118 1006 195 234
65 216 96 1171 1017 1069 948 206 1095 1051 109 1146 1194 1010 1141 986 94 1000 1030 1102
24 199 1319 1210 188 1218 1295 1306 1206 1187 1255 1126 69 944 66 1120 1041 1207 1064 173
573 611 510 663 618 624 711 537 719 511 613 548 500 723 591 671 567 572 716 553
1115 1157 1306 1051 182 1142 1012 1310 1084 1248 982 989 1266 1307 1127 239 1204 1059 1374 1260
1247 1347 176 1290 1327 1070 1273 1360 1098 1003 16 1163 1083 1028 1305 2 1039 980 1078 1097
187 1235 1225 73 979 1066 1262 1299 77 1028 1323 19 973 1358 1332 1229 230 1279 1156 1285
80 111 1229 992 1025 1009 154 1178 1311 1133 148 221 74 1214 135 1194 1148 1044 1222 1034
446 459 466 464 488 436 490 448 365 369 431 354 415 475 422 479 427 361 434 424
1119 1212 1221 1137 1139 1101 15 1368 1371 233 1055 1165 202 1333 1367 1304 182 27 979 955
