450 569 537 11 166 574 533 448 110 248 182 465 971 370 957 542 1883 496 148 401
33 600 96 260 78 261 24 219 26 565 557 2 633 99 234 213 36 237 45 58
110 214 84 592 594 58 996 158 14 175 255 79 35 0 213 614 169 646 629 627
776 1053 712 708 756 1090 784 730 1098 939 827 703 725 1106 726 779 1101 1859 1031 809
1605 1675 1679 1625 1543 1712 1634 1514 1651 1554 1690 1540 1506 1645 1504 1603 1599 1582 1551 1515
1138 1413 1469 1446 1434 1182 1394 1122 1165 1457 1221 1375 1168 1124 1164 1480 1383 1163 1349 1106
934 1054 775 948 808 1036 816 970 836 1845 992 911 703 943 1880 1055 1018 1849 1927 817
1 212 1960 588 5 587 112 246 1948 987 223 202 624 244 142 108 218 179 77 988
1202 1322 1166 1407 1278 1368 1440 1274 1446 1400 1176 1321 1811 1359 1822 1195 1421 1378 1412 1157
1216 1322 1380 1176 1812 1218 1409 1824 1420 1230 1280 1312 1379 1394 1363 1277 1355 1364 1195 1805
458 1760 1903 1691 1885 385 1730 1771 973 505 1720 950 562 1884 1859 1889 413 469 538 1897
150 586 101 636 637 213 202 612 142 218 171 152 648 177 105 229 138 1955 1961 1948
642 680 171 653 655 634 643 687 713 598 1096 140 159 637 681 1093 611 1103 123 169
1722 1754 1860 1845 1783 1720 1760 1787 1712 1855 1709 1701 1678 1721 1849 1683 1679 1704 1779 1847
448 469 433 1896 365 524 986 1914 539 403 977 1910 998 368 517 1908 419 1878 507 516
232 1946 307 195 79 62 1971 340 567 1921 334 1926 1965 121 11 4 1968 132 284 124
4 229 139 605 541 159 193 194 1956 56 594 1970 0 77 136 994 21 199 125 222
380 964 929 559 520 462 944 1945 1009 475 550 934 1000 941 571 347 923 932 1888 957
697 1102 719 793 1133 1087 680 685 810 698 1109 1066 815 700 1128 1065 1101 1106 801 657
1202 1428 1148 1403 1405 1395 1466 1351 1449 1439 1436 1324 1413 1175 1392 1382 1459 1163 1235 1129
1903 1935 1037 977 562 348 958 1953 339 521 971 274 937 426 990 962 366 1951 1946 934
790 1088 797 782 703 1046 804 772 716 696 692 734 1077 832 845 824 738 1083 834 802
352 968 1882 377 415 1913 503 546 395 566 1911 917 507 557 1025 359 459 351 284 441
795 1097 1093 764 838 1111 1038 1089 718 1041 687 771 790 1059 837 729 809 828 1063 706
1753 1776 1730 1840 1855 1722 1811 1699 1859 1746 1770 1732 1850 1783 1701 1707 1751 1689 459 1711
251 588 1014 355 102 599 572 622 245 404 1936 207 388 601 605 624 986 377 371 97
258 421 554 964 237 351 8 960 1883 391 453 460 1887 494 1015 987 3 17 284 73
707 1052 954 1881 1113 1109 1049 1036 769 805 901 722 770 925 903 676 827 828 726 1875
443 524 562 520 489 388 347 582 343 959 525 429 1879 254 428 513 547 1967 345 453
1206 1329 1335 1308 1261 1409 1199 1239 1195 1358 1231 1202 1232 1201 1350 1337 1387 1244 1808 1228
1214 1239 1419 1814 1348 1844 1314 1188 1826 1267 1245 1321 1308 1396 1377 1185 1796 1328 1403 1202
1483 1531 1618 1490 1570 1560 1541 1586 1464 1546 1453 1584 1426 1626 1544 1592 1492 1505 1610 1609
102 199 50 197 176 224 79 96 123 178 185 181 553 189 78 187 58 541 55 56
1410 1448 1211 1164 1533 1334 1456 1363 1460 1191 1455 1176 1208 1501 1372 1152 1417 1502 1395 1495
930 1858 1036 917 992 1060 1079 835 1034 1057 1896 920 1851 914 925 1000 1043 836 903 1069
209 229 232 602 193 204 85 95 994 1969 109 121 180 614 149 992 116 26 565 66
1174 1406 1347 1135 1416 1148 1361 1118 1157 1410 1185 1394 1116 1412 1375 1142 1227 1335 1133 1377
1073 1846 806 1107 819 787 772 808 1090 1103 1803 831 798 803 1860 804 784 1843 1109 1853
1467 1544 1422 1618 1442 1496 1506 1614 1519 1497 1470 1527 1451 1488 1167 1603 1456 1595 1415 1550
418 963 1020 580 1034 564 1892 1865 574 1934 389 446 1969 1864 266 1038 262 393 525 962
785 820 1093 701 795 798 1059 919 736 1042 711 924 894 723 859 808 1037 852 699 880
783 801 1109 1032 823 739 1041 1070 1108 787 836 694 716 815 1862 817 769 765 711 705
1517 1583 1487 1532 1564 1536 1584 1563 1652 1520 1478 1629 1611 1518 1633 1463 1630 1507 1533 1660
156 565 174 481 653 1948 463 221 531 133 274 404 478 989 381 223 167 1013 446 636
930 1909 398 426 413 1893 389 831 814 958 977 514 1888 825 506 838 1940 1919 1055 358
278 1010 507 525 549 359 1007 560 269 1861 452 481 1867 579 509 1036 414 1008 1886 396
553 963 1970 957 514 389 192 958 392 548 168 369 917 201 360 576 212 206 465 1942
75 125 254 0 225 564 106 110 20 656 223 587 208 129 202 220 105 231 187 56
772 832 898 840 755 819 809 1057 785 922 932 844 1064 891 846 783 1104 1053 1054 843
441 505 1873 574 1889 955 458 482 1877 1915 556 392 533 953 380 433 367 963 396 1884
1472 1543 1527 1560 1167 1583 1600 1598 1514 1545 1551 1523 1485 1516 1561 1587 1541 1603 1426 1588
431 562 258 533 1871 1925 252 268 457 557 125 153 467 954 1004 960 521 408 142 171
1135 1171 1167 1188 1125 1461 1466 1168 1099 1431 1426 1137 1211 1216 1367 1134 1190 1463 1153 1409
1161 1409 1229 1361 1407 1221 1130 1217 1477 1462 1431 1384 1399 1212 1132 1460 1353 1135 1203 1156
757 862 863 742 724 837 725 761 832 764 772 842 762 878 834 886 854 884 711 767
961 1031 1865 540 1003 517 425 968 472 1936 493 1875 1870 369 484 445 467 573 453 489
359 498 537 456 396 1913 495 1967 1010 475 472 985 357 437 271 1932 436 354 402 394
391 1899 512 483 501 492 384 991 933 1027 523 240 402 349 545 429 1039 959 363 241
1003 1015 391 328 536 302 922 317 502 942 530 214 466 1945 926 554 329 278 417 1045
681 1105 664 1139 684 775 1079 726 1074 712 728 721 1122 1100 650 798 1116 667 699 1129
218 1943 72 93 166 98 619 478 86 242 140 132 246 273 1948 122 125 1004 181 260
1189 1443 1430 1482 1356 1404 1151 1226 1212 1377 1488 1334 1327 1178 1431 1235 1375 1418 1195 1497
375 406 959 481 448 397 431 1892 1012 282 506 360 384 386 470 500 1922 241 473 962
129 209 216 583 217 90 192 539 640 261 219 1000 628 1948 207 200 1950 133 574 656
999 1940 518 339 319 296 1916 217 476 1015 478 573 426 926 981 933 440 238 921 311
1487 1560 1490 1542 1579 1429 1630 1435 1493 1418 1486 1592 1426 1594 1433 1511 1567 1445 1457 1524
298 532 291 288 497 478 248 436 339 1901 1907 246 1913 968 1898 996 563 250 247 1959
1163 1475 1535 1499 1164 1177 1414 1537 1458 1545 1440 1571 1206 1120 1374 1587 1127 1478 1404 1397
330 992 1897 1917 498 452 215 1940 1901 950 1020 337 944 533 1932 1005 521 348 1918 248
21 96 62 170 201 215 604 76 614 620 236 71 157 109 47 607 22 179 56 141
1210 1237 1256 1205 1399 1251 1246 1341 1217 1408 1420 1206 1437 1799 1412 1837 1207 1166 1315 1360
1346 1396 1173 1209 1819 1318 1246 1463 1439 1321 1226 1431 1827 1169 1349 1411 1372 1458 1201 1240
453 1862 961 927 972 942 1054 399 475 1908 1965 578 1785 1767 491 532 1969 479 1895 1786
927 1903 1895 401 367 420 347 1854 936 899 969 828 974 1059 455 960 1920 822 1889 1897
563 1969 493 534 342 587 1960 253 104 360 549 479 415 324 319 265 485 543 993 201
344 542 451 1008 322 460 321 368 428 1006 1956 991 324 359 381 973 267 264 306 249
275 1940 532 1020 367 961 571 366 395 529 1930 1005 346 520 215 403 268 1899 569 577
304 356 1968 441 974 504 1944 244 289 403 415 488 984 509 256 500 965 337 1009 379
249 364 970 231 61 524 966 187 1947 181 219 991 998 532 1917 599 74 80 994 1918
825 906 1024 1061 940 732 1064 1076 893 706 846 808 806 823 864 852 820 801 827 1057
1160 1194 1377 1431 1136 1371 1228 1430 1182 1345 1232 1200 1323 1370 1363 1405 1455 1396 1349 1150
386 1007 1911 462 1015 533 265 940 1030 359 436 962 375 337 941 475 1901 439 392 371
1504 1605 1665 1552 1670 1593 1585 1662 1522 1452 1651 1466 1654 1560 1550 1545 1601 1537 1523 1480
720 1105 1065 855 1127 842 774 786 741 815 840 821 680 798 791 1108 771 843 1098 807
1355 1387 1165 1399 1325 1388 1460 1358 1179 1440 1213 1196 1377 1366 1458 1368 1389 1381 1417 1248
1531 1629 1540 1608 1617 1494 1580 1453 1498 1604 1589 1685 1648 1468 1699 1662 1455 1640 1576 1562
1194 1373 1162 1214 1178 1447 1457 1218 1422 1220 1321 1333 1442 1183 1347 1356 1450 1434 1228 1227
1708 1740 1775 1789 1705 1666 1641 1675 1703 1782 1699 1685 1761 1765 1680 1672 1684 1729 1733 1714
1037 1846 1781 1031 1071 1058 1811 1013 1077 1035 967 935 1799 1796 1880 1784 1828 1753 1802 1800
209 606 563 73 537 159 1941 15 136 244 1953 134 158 997 980 141 88 92 28 557
330 1948 1003 239 285 236 999 235 205 254 558 579 570 249 218 581 329 1949 226 307
1462 1495 1467 1500 1519 1165 1388 1368 1540 1470 1471 1492 1488 1369 1434 1564 1529 1415 1382 1533
1238 1310 1256 1835 1258 1309 1824 1226 1260 1801 1273 1389 1383 1214 1242 1794 1244 1279 1809 1362
487 532 996 548 470 1906 1960 277 385 237 418 464 400 978 452 1871 368 239 494 467
1051 1897 382 1049 1876 819 1009 418 779 794 993 802 1033 1058 364 1023 1930 509 901 519
1298 1311 1301 1259 1819 1822 1820 1333 1300 1824 1240 1234 1215 1232 1241 1305 1239 1214 1229 1262
353 1918 270 933 274 290 931 1931 394 298 331 262 983 413 356 252 1944 1924 969 534
749 761 763 849 729 777 840 834 827 852 874 716 717 833 875 890 897 825 768 786
1531 1600 1577 1588 1466 1610 1611 1487 1481 1650 1602 1654 1576 1657 1653 1565 1501 1463 1522 1456
491 535 1918 472 435 1892 400 379 353 210 1963 1869 245 1884 376 371 1893 240 1907 417
539 1923 275 943 210 549 208 367 271 1926 998 339 411 225 483 299 464 563 971 393
459 1779 430 979 509 975 1713 544 1842 460 412 1785 1765 1898 1804 1958 1839 950 1772 1811
1623 1666 1653 1644 1613 1564 1610 1538 1521 1612 1565 1694 1611 1559 1591 1682 1607 1581 1624 1672
1628 1667 1664 1532 1639 1569 1556 1688 1605 1614 1576 1615 1530 1568 1650 1620 1595 1645 1613 1665
288 357 966 417 385 517 413 1927 1929 565 297 569 1955 1009 392 506 975 341 976 348
1538 1574 1610 1452 1495 1505 1520 1646 1649 1613 1604 1652 1651 1521 1616 1529 1659 1645 1608 1456
1224 1251 1345 1423 1821 1193 1271 1799 1216 1804 1797 1270 1362 1249 1235 1335 1248 1413 1841 1381
277 999 932 1017 437 1932 428 424 956 494 290 472 548 944 268 311 1907 1926 573 401
205 1959 142 180 471 242 218 1936 1960 986 195 238 1965 583 607 580 612 157 98 483
1336 1382 1811 1352 1434 1383 1226 1459 1431 1425 1362 1394 1397 1826 1421 1361 1349 1825 1370 1221
1193 1229 1424 1335 1224 1382 1231 1388 1239 1807 1350 1803 1443 1258 1323 1799 1416 1172 1825 1202
1237 1310 1397 1253 1295 1374 1206 1267 1259 1355 1332 1370 1806 1822 1834 1802 1796 1378 1362 1827
434 567 1885 426 128 1946 953 974 457 444 1936 1948 122 270 162 600 602 956 1888 500
1251 1842 1828 1273 1339 1228 1048 1816 1039 1268 1771 1294 1249 1863 1057 1237 1775 1231 1043 1760
7 115 180 574 580 230 190 625 100 194 178 67 204 192 632 1959 60 209 576 106
524 1895 1016 369 1030 1871 370 1919 1966 344 555 1004 1910 499 1001 1044 395 1908 465 273
1348 1356 1394 1389 1219 1370 1324 1184 1820 1437 1825 1445 1423 1194 1333 1233 1359 1226 1190 1398
8 106 239 95 39 110 601 103 249 3 50 34 227 131 613 17 30 178 172 600
158 560 229 547 655 637 272 520 602 351 967 124 1008 231 270 155 424 1915 961 281
290 1948 227 280 219 579 253 225 351 1926 1950 585 264 191 471 300 354 333 332 212
1167 1180 1412 1201 1209 1181 1440 1392 1197 1398 1160 1427 1399 1218 1177 1164 1141 1451 1425 1212
290 332 539 1006 306 978 544 282 264 1955 361 313 350 1938 346 1969 1965 303 339 520
1191 1444 1360 1208 1338 1352 1147 1190 1214 1149 1219 1460 1183 1396 1449 1490 1161 1426 1389 1453
571 1960 154 360 391 1015 539 471 540 424 482 1969 562 473 362 368 240 218 960 450
351 380 471 1889 381 494 1937 1924 349 448 462 567 266 399 407 442 410 343 976 476
799 1084 1086 1038 707 1860 1067 1085 845 1048 1090 1121 765 1089 726 1092 1062 690 784 847
405 1898 384 1023 511 516 1037 1044 493 1886 939 1040 1907 548 257 1046 1933 1866 263 572
1852 1864 967 807 1759 472 1774 485 933 923 1801 1799 1058 1746 1856 960 947 1078 1895 935
429 572 74 571 547 488 170 110 258 12 150 397 437 590 622 1899 1913 380 100 539
998 1937 925 1018 317 276 945 474 503 261 1020 449 931 1905 298 458 275 232 966 1955
521 557 1930 160 1000 960 188 450 501 512 982 1888 428 472 479 357 579 975 420 279
181 607 102 626 207 658 547 201 212 1952 10 120 550 557 116 64 103 1968 635 74
405 503 963 475 565 999 547 1891 400 498 452 271 572 285 578 982 1900 985 515 960
577 619 642 574 234 146 436 411 151 188 1965 116 219 399 434 371 404 400 369 237
1091 1122 796 805 720 719 772 819 1112 1151 1158 787 815 1089 1159 821 1051 797 1075 1078
1584 1606 1576 1521 1520 1538 1608 1654 1524 1678 1515 1644 1503 1492 1511 1474 1641 1568 1615 1674
1799 1831 1264 1851 1243 1827 1242 1230 1839 1780 1819 1246 1789 1771 1266 1800 1806 1311 1321 1817
1022 1899 1025 923 444 484 976 1875 414 508 912 478 1913 1934 545 399 512 451 445 375
33 46 13 47 56 88 66 5 81 224 109 596 85 3 229 2 7 0 50 23
1639 1700 1566 1686 1618 1722 1620 1752 1765 1733 1713 1625 1641 1787 1703 1567 1680 1679 1694 1604
381 422 1001 579 433 527 361 250 1008 958 1892 350 414 265 950 1970 1922 555 1912 968
534 556 461 524 568 546 492 110 475 435 593 67 296 365 495 1916 286 173 247 519
235 355 366 550 405 1004 367 609 1943 392 203 59 281 126 1956 246 358 107 219 1970
952 1921 480 1923 341 938 562 525 392 988 1914 430 1893 383 428 462 1028 567 554 944
922 1057 1880 839 1025 1849 929 910 1879 898 1014 1846 998 1068 856 1858 797 1046 1894 1010
175 211 78 1943 169 1959 988 207 1963 243 150 1938 77 153 74 103 1000 110 234 222
565 1967 297 148 323 17 970 1937 455 160 268 556 964 294 164 404 1965 990 126 406
290 542 497 323 985 219 255 263 463 1000 359 987 574 353 981 306 346 549 486 1904
270 294 569 260 973 340 983 1941 331 249 967 290 313 1958 235 284 564 335 571 1937
209 979 1969 296 111 226 115 941 995 80 936 952 578 1910 925 1933 1884 917 543 579
