932 1095 1126 1048 1057 1093 1113 1089 942 966 1020 1120 975 1079 1115 949 1102 1058 948 27
0 80 113 142 104 1106 151 1078 1051 1141 1113 1132 6 1083 159 149 121 1123 18 158
818 854 888 823 804 910 779 784 878 864 831 833 850 832 883 817 853 809 787 916
158 178 310 164 157 155 182 143 314 150 220 82 146 166 64 307 223 66 305 75
432 604 577 389 626 401 402 333 629 388 392 330 617 574 384 410 352 464 491 371
17 1139 43 29 54 1111 74 37 1103 33 1035 1126 1062 76 204 1110 948 1061 58 203
466 587 403 600 509 613 351 391 479 501 390 620 375 630 398 465 638 593 472 569
307 338 378 211 248 323 315 406 303 610 395 173 314 170 205 601 413 302 392 286
956 1135 925 977 17 1034 1005 1099 61 12 946 1142 198 1134 1089 55 25 1001 1055 1
71 1140 1034 168 79 89 180 160 183 144 179 18 45 969 1077 1139 110 174 200 1078
221 246 289 179 240 243 249 234 195 238 206 321 176 181 186 198 239 292 194 272
142 192 57 51 310 1136 331 196 229 302 72 1141 73 330 161 298 103 317 66 106
493 508 509 564 579 472 485 479 498 455 417 469 450 489 574 426 480 491 551 475
824 895 842 911 903 814 919 910 850 822 804 871 908 863 924 878 932 890 795 859
1063 1078 1100 1056 1021 987 1081 976 1114 1007 1129 1097 1019 8 1043 949 1093 970 1024 1023
840 874 871 875 921 835 913 918 902 899 870 924 905 869 883 836 928 880 888 801
978 992 930 975 1069 1020 957 1048 1065 1022 1047 1039 1083 1051 1108 1021 972 1106 918 917
874 898 851 850 918 916 846 887 864 882 860 868 838 854 845 881 856 847 873 839
42 85 161 1102 1126 1130 48 1094 169 1115 5 1147 49 1120 115 1135 27 109 124 20
769 816 866 857 882 795 789 772 872 884 799 889 854 824 779 741 856 812 749 744
316 368 160 181 397 304 349 430 214 386 607 283 616 192 225 154 345 356 385 232
32 1148 37 20 1104 17 185 47 966 0 1037 953 1094 186 1072 1056 1101 1040 1058 66
86 159 133 198 144 219 73 71 68 329 322 191 103 108 100 311 79 85 136 146
36 1092 1053 1051 31 1091 933 1082 1059 69 80 1108 6 1120 1016 934 952 41 1138 11
324 337 358 423 615 381 590 339 296 583 426 359 306 595 154 411 399 305 425 308
559 610 629 555 357 427 353 636 653 467 500 496 376 565 639 396 506 601 363 350
627 665 636 702 717 704 576 618 376 733 719 577 594 715 642 584 696 723 728 720
368 413 586 602 454 593 319 363 424 350 337 396 375 512 434 391 400 568 600 392
60 138 106 199 70 191 118 22 25 1151 209 204 66 91 320 1136 37 40 75 147
329 398 435 385 583 365 512 430 571 354 566 587 551 555 381 429 290 567 614 439
37 72 112 1122 1074 1116 1114 46 170 1144 107 178 3 142 167 1137 44 191 154 94
951 1118 1048 1126 914 995 55 43 957 62 955 916 1098 999 942 47 1084 54 18 1103
1058 1145 973 947 188 71 193 1128 1021 942 1056 1069 955 209 1018 18 199 1110 29 1103
398 428 356 337 597 333 335 415 610 608 331 460 442 452 570 376 454 482 363 561
786 798 755 763 740 757 837 737 795 815 806 777 733 781 836 782 838 760 762 730
1069 1118 1150 1063 70 1134 971 1151 985 945 1132 1068 1072 1141 1128 1146 1115 1020 1111 52
238 281 178 227 183 205 269 299 257 201 192 239 223 297 190 279 200 318 220 303
967 1037 944 929 1145 1083 975 1000 998 939 1137 1141 914 959 917 1103 1026 1131 1128 1059
450 510 492 473 482 605 426 414 416 452 601 614 551 502 430 409 433 583 486 506
632 679 715 622 711 668 698 728 605 579 661 594 718 683 727 689 671 672 710 588
30 1118 1036 1043 1093 49 1120 959 80 1045 35 29 23 1148 1101 1109 1103 1149 11 6
42 1111 94 56 1059 68 154 85 66 1128 1138 47 194 1061 943 965 944 947 91 1031
0 1139 205 970 35 9 956 955 1061 183 1146 1112 961 960 1135 57 1096 23 1055 30
337 423 489 384 571 418 562 592 363 468 336 586 302 395 600 309 341 605 463 570
17 1074 979 1034 56 929 1035 1067 944 1090 983 1118 1064 1038 1028 949 1052 13 977 1053
682 714 747 726 725 625 728 681 640 721 661 643 626 646 717 744 697 736 636 696
170 224 296 222 322 153 131 151 200 51 213 253 261 300 71 176 172 67 145 144
14 956 988 1139 1020 1 1059 932 991 1026 1041 1093 913 984 1083 1070 1031 56 9 919
675 724 758 752 707 773 654 621 656 715 667 690 662 704 663 638 771 745 676 677
950 1054 1148 1067 978 10 1091 1074 919 980 1082 8 1140 1125 1117 1110 1085 1092 920 984
323 338 286 155 592 137 173 414 432 401 403 382 424 404 217 408 351 426 316 359
40 95 180 41 79 1091 38 1103 1086 175 16 92 53 60 23 49 186 11 94 85
828 862 918 848 837 835 890 819 904 905 799 916 923 917 896 798 870 825 894 889
12 1131 18 1112 37 206 968 1124 68 25 1110 1146 1143 962 65 8 1062 1057 212 1076
816 856 781 926 881 915 780 861 846 900 793 882 819 827 785 852 809 789 782 864
32 85 111 146 158 155 78 164 1109 1150 1090 71 52 166 1120 1146 1130 148 56 1129
8 1051 931 1063 70 55 1083 60 1019 46 7 955 1064 1085 1099 933 80 1108 1079 1017
59 196 181 133 171 210 1105 311 197 55 39 92 211 160 307 156 235 58 1115 1131
156 322 331 176 54 592 51 214 81 343 236 226 122 340 50 206 190 389 45 224
956 1004 1082 5 970 951 1133 1091 949 974 1102 1015 1022 977 934 1150 1088 1002 1061 11
319 380 613 153 176 299 455 367 428 593 335 589 379 336 454 287 240 401 436 219
304 367 194 438 400 225 399 241 407 281 301 226 190 230 299 581 286 184 383 584
13 41 12 97 53 1101 183 1151 86 181 187 130 26 186 1147 1084 25 8 195 178
702 725 744 657 673 681 641 627 701 746 771 768 738 654 689 694 727 644 705 711
350 392 551 596 384 423 364 335 324 362 600 405 381 580 311 618 354 587 449 356
643 683 659 637 619 666 671 603 604 600 664 640 714 727 713 716 704 605 719 691
766 790 810 723 729 803 767 727 751 823 738 758 739 771 748 752 821 820 788 763
660 672 618 707 685 652 620 732 728 687 693 734 644 700 631 681 614 726 616 679
488 576 468 410 565 568 344 351 596 563 357 497 350 412 502 441 588 616 362 340
48 89 82 70 210 1087 1141 195 16 41 203 22 1100 42 50 130 2 4 1132 1133
745 785 738 768 815 723 765 759 755 740 805 736 746 760 757 793 789 803 751 795
1076 1097 1119 1100 1034 43 10 1045 929 964 925 1019 1104 1029 953 39 1111 1060 940 948
983 1016 1040 986 1019 1031 1015 1092 1107 966 1046 943 936 931 984 1054 1068 928 949 1094
963 1146 4 63 185 951 32 65 1084 1105 1039 932 73 997 925 960 31 1071 1029 1037
196 239 218 161 139 272 271 166 1150 297 66 214 154 312 1146 283 151 240 212 244
165 174 225 69 123 126 178 136 205 88 216 79 213 148 62 135 149 199 317 59
956 1116 1092 1005 1067 1143 45 971 1141 1121 1081 55 954 1075 67 963 1056 935 985 46
64 145 67 1142 118 157 13 26 1148 144 197 60 11 189 312 1144 205 132 90 88
409 432 578 377 486 433 467 582 368 363 506 513 405 455 607 601 606 373 586 343
630 701 681 708 640 631 694 730 628 721 695 740 629 672 567 594 719 693 636 602
427 616 578 572 666 615 368 460 474 476 506 649 569 490 602 457 376 563 371 573
941 1055 1145 909 12 1064 987 933 992 977 1118 1056 1046 1074 1133 1080 1102 1100 1093 1026
15 1128 50 41 52 1075 75 954 63 1109 12 1067 947 1080 209 1086 957 1037 1095 71
951 1089 1072 909 1012 1149 1031 1087 1005 966 1128 1022 932 37 947 946 1086 1062 1058 968
379 611 507 510 583 594 646 637 639 375 593 334 342 318 586 435 652 415 358 619
398 599 403 333 491 609 449 614 632 630 425 580 359 577 489 352 424 563 430 499
408 616 445 370 355 655 467 653 449 436 379 452 454 448 564 342 409 512 443 428
957 1142 1013 192 1049 1045 59 917 1079 60 1024 981 982 912 46 991 53 1092 937 1110
400 596 353 471 326 510 569 480 559 476 592 373 610 440 620 507 349 411 462 636
392 577 580 398 578 420 395 344 613 429 326 377 572 389 485 555 372 382 381 403
176 214 134 242 1149 167 260 37 189 217 87 238 86 247 181 299 223 202 308 200
179 298 289 225 171 200 81 38 194 290 198 150 51 239 245 58 1150 170 133 1145
825 895 924 913 816 826 921 929 866 842 846 925 889 880 859 910 824 896 853 874
1038 1105 945 1002 31 1070 52 1072 1007 11 1068 1142 56 1006 34 1065 1132 1011 1009 30
145 162 131 314 70 182 213 128 159 133 66 189 309 49 201 178 87 109 98 40
221 293 227 258 282 261 257 198 228 207 224 262 292 318 324 230 312 273 276 234
399 590 403 373 322 589 404 636 497 438 469 506 422 619 584 402 429 371 574 550
968 1148 181 1004 1135 197 179 1062 15 23 912 1018 1147 65 1026 1104 27 925 1055 46
691 719 729 629 741 661 635 672 680 652 716 699 745 749 714 626 639 737 682 717
86 101 118 145 67 76 150 113 124 139 88 84 166 177 75 74 64 122 111 169
46 1089 173 1056 100 1095 88 78 204 1091 1123 102 1018 1063 66 188 158 1118 1145 1128
1083 1129 52 1126 970 1047 1136 16 1037 936 940 7 73 1016 80 1029 1102 1113 1045 32
365 585 328 594 621 574 406 313 304 636 405 349 357 435 327 587 638 380 353 364
648 703 683 633 616 626 698 679 665 701 728 717 623 630 715 699 682 657 668 637
426 561 465 585 507 575 339 501 587 442 419 454 400 612 480 601 359 399 571 366
238 273 190 201 256 310 296 193 183 225 209 268 180 217 208 309 258 241 277 220
926 1052 924 898 9 1097 939 1001 1075 1116 900 923 1125 978 1084 999 911 1009 1021 11
1054 1120 961 1066 1070 974 78 1133 995 999 1052 958 968 17 1059 1138 1028 948 1113 1123
1060 1115 72 1039 989 1013 1043 1035 994 1088 1123 1150 1001 1127 961 1037 26 1017 1112 1005
388 620 550 328 555 428 459 457 373 634 664 621 381 363 341 364 343 584 330 378
613 636 415 434 621 411 696 373 644 595 578 508 607 420 509 443 714 633 606 560
425 570 431 347 371 381 374 606 336 486 357 618 592 602 604 339 355 498 599 575
839 856 885 879 874 828 878 859 806 873 872 915 817 929 883 824 821 816 860 831
984 1020 999 1068 941 947 973 960 1005 976 989 1029 1054 990 952 1095 1099 1105 1076 975
274 289 325 292 248 232 217 332 230 254 256 244 288 236 297 231 233 296 201 227
1088 1133 1054 1076 81 48 1145 11 59 1095 51 27 46 1084 1028 1144 1143 1147 1043 1049
943 973 1103 981 1050 1101 972 988 1087 1011 1079 1024 949 946 1096 1045 937 1056 1077 1084
952 976 1052 936 1055 1132 1123 944 9 1049 1040 910 1114 985 932 915 992 1022 1077 1044
499 590 400 467 612 326 599 352 460 564 418 478 401 358 410 449 376 372 477 561
47 1110 176 58 1113 20 1095 128 124 1037 1089 31 1104 190 99 136 952 82 1026 145
156 199 209 218 311 139 289 244 241 49 182 180 171 198 219 71 206 195 66 328
859 897 935 861 933 849 842 925 853 826 929 914 813 908 845 824 840 868 878 808
57 210 84 1148 179 34 0 235 169 127 121 306 85 1120 291 237 188 233 228 290
374 425 559 468 336 618 396 467 430 594 586 447 321 575 591 412 607 580 436 565
1028 1105 22 1078 1020 969 1066 1079 939 1051 954 37 1148 8 1104 1004 1089 1032 970 1084
187 318 41 143 1146 292 221 381 70 222 158 52 69 200 45 64 304 298 154 233
969 1077 1131 1062 991 1136 993 947 1075 1045 953 1039 1093 23 1141 1048 1044 945 1026 1006
362 614 359 653 440 372 384 340 629 639 425 652 612 318 376 364 570 368 445 597
398 589 417 343 495 465 392 472 375 596 582 458 569 434 584 335 402 453 339 441
19 1071 963 1123 26 1093 930 981 958 48 1059 922 50 1050 983 1012 1112 1044 1145 1017
2 1054 47 1105 990 1118 41 1107 1106 4 926 955 1141 1080 1056 1016 923 932 55 81
978 1071 940 1015 1011 996 928 1016 1114 1038 1089 1118 949 958 1022 25 919 1115 32 16
32 54 0 28 1097 31 102 76 1095 1114 174 50 194 55 2 117 162 118 24 125
949 1107 963 32 927 1049 3 1095 1117 60 1132 20 913 39 11 992 966 9 1086 1131
293 314 374 303 241 182 189 266 263 341 144 342 147 367 207 183 236 345 230 205
1032 1076 1018 923 942 1022 33 1125 935 1144 1058 1089 36 1040 960 25 991 17 1072 977
15 1065 41 961 951 985 1103 1076 1058 1011 7 1059 979 1141 932 1066 1043 21 1057 1092
558 616 420 506 487 585 431 356 463 581 566 657 454 551 513 372 608 497 408 447
222 245 299 292 310 303 254 271 243 286 219 229 232 253 216 208 202 175 185 287
1041 1118 954 61 12 10 1091 54 43 1074 1085 957 1082 1039 947 1087 1137 1043 1140 996
863 908 944 814 941 832 807 810 804 846 831 815 912 880 932 879 885 825 840 826
357 582 498 444 436 465 448 425 460 503 396 467 423 501 594 344 447 636 310 618
633 664 722 706 620 576 670 592 678 619 663 581 611 648 713 586 595 629 647 599
356 410 312 561 585 604 421 618 310 553 439 565 414 586 619 329 382 386 613 369
71 177 198 135 93 51 138 44 209 162 181 1132 160 172 29 15 145 312 301 112
199 295 309 59 67 1146 1141 195 301 168 1142 308 266 187 169 152 48 281 60 303
124 145 208 319 74 114 311 71 176 148 143 190 201 68 54 163 178 135 164 132
21 37 47 81 1069 148 1133 1130 1118 77 1105 86 38 58 57 1094 1149 1095 142 143
171 323 298 76 381 165 49 200 183 46 594 85 317 352 226 387 168 318 598 327
195 295 308 312 274 236 314 57 279 280 1148 246 206 171 172 253 237 177 334 217
