26 1416 1476 241 1431 253 1479 189 285 280 1441 1423 1386 3184 1529 1550 1402 1289 1605 1429
1946 1985 2432 2043 1929 1955 1979 2052 2080 2329 1941 2073 2425 1923 2072 1989 2093 1982 2070 2439
1053 1714 1726 1833 1027 991 924 1750 1688 1682 1144 1171 972 931 1747 1690 1034 1158 1110 1812
1773 1821 1849 1007 1774 1834 1876 1875 1845 988 1056 1775 1737 1847 1038 1829 1715 1860 1830 1720
1899 1915 2076 2280 1883 2056 2304 2439 2070 2341 2067 2448 2423 1944 2390 2321 2337 2141 2099 2391
204 1584 1469 303 259 190 56 225 1479 249 270 244 192 1595 16 68 211 81 376 1400
2499 2578 2474 2579 2068 2759 2717 2762 2520 2541 2449 2715 2062 2764 2493 2425 2530 2753 2549 2427
1079 1193 1132 1082 1234 1160 1031 1159 1653 1637 1627 1719 1115 1046 980 1092 1053 997 1036 1176
1904 2123 1869 2330 2067 2356 2475 2156 2111 2471 2115 2081 2187 1898 2459 1941 2386 1899 1925 2264
2698 2772 2589 2811 2799 2615 2745 2948 2702 2577 2784 2823 2633 2722 2728 2648 2632 2618 2723 2783
1220 1626 1151 1199 3036 1683 1174 3056 1677 1624 1611 1161 1208 1562 1222 3095 1235 3008 1561 1254
1005 1680 1165 1048 979 1755 1096 885 1138 1179 1124 1141 1634 1052 1722 1809 1194 880 1729 1085
740 859 847 734 963 972 915 857 763 721 844 862 937 686 902 839 833 936 829 678
1904 2350 2452 2105 2487 2119 2321 2290 2144 2314 1889 2424 2300 2341 1878 2088 2403 1913 2451 2432
1193 3049 1648 2951 3151 2900 1043 3118 1675 1670 2856 1162 3147 3014 1063 2836 2916 1239 1126 1130
2803 2875 2954 2645 2830 2669 3033 2707 3062 2737 2626 2978 2773 2944 2635 2692 2930 2972 2681 2621
2623 2825 2405 2663 2951 2801 2847 2376 2670 2857 2671 2699 2473 2807 2918 2705 2708 2618 2831 2411
2586 2759 2580 2796 2700 2748 2721 2719 2595 2783 2510 2770 2798 2570 2744 2423 2788 2753 2504 2620
1085 1170 1203 928 1050 1666 1008 925 1122 1111 1014 3066 1096 1103 1034 1668 1189 1188 1693 1075
80 1284 140 3170 1377 1568 1243 1308 1481 1404 85 1379 137 3223 1585 37 1277 127 126 88
422 3151 50 393 3204 3202 3169 3097 3021 326 3188 3198 342 190 11 382 443 3173 449 389
209 1561 21 1439 1513 175 1480 365 368 1465 1531 384 224 1526 1617 204 325 1545 20 1404
45 180 66 3151 1549 1431 295 3182 1553 3194 1400 3 1423 1462 194 156 1314 1428 17 1604
75 1260 3232 48 74 213 54 76 3190 6 265 212 1593 73 35 119 1405 1466 1483 3218
1621 3102 3129 232 1646 1211 34 1431 2855 1578 3054 1180 225 3064 1596 1172 1437 1267 215 41
341 3210 266 313 262 240 406 198 3193 91 376 351 3230 279 228 95 200 1466 420 74
1850 1889 1831 1741 2458 1876 2131 1896 2353 1863 2391 1746 1829 1820 2457 2454 2376 2471 1775 1821
1614 1642 27 3031 1693 1619 1132 1161 1698 1573 1563 3039 1149 38 187 191 3069 1233 1147 1643
2609 2698 2825 2598 2775 2436 2453 2412 2606 2603 2389 2681 2720 2392 2778 2674 2719 2646 2601 2575
2076 2408 2350 2336 2601 1900 1950 2449 2066 1898 2463 2078 2381 2106 2469 2303 2396 2503 2625 2516
2365 2478 2084 1893 2500 2396 2437 2377 2507 2599 2682 2134 1888 2111 2677 2324 2069 2427 2114 2670
779 937 901 995 815 800 915 861 854 695 785 825 959 724 755 987 898 786 988 1022
357 469 3215 270 527 3184 225 3193 216 518 3186 309 3201 295 207 497 3142 41 423 507
1260 1405 3227 1311 1234 3187 1601 1382 1221 1477 1222 1474 162 1514 99 69 1329 1245 79 1517
1443 1618 3148 1166 3136 0 3035 1651 1574 3239 295 233 1662 1556 1503 175 1254 247 1469 1407
21 1485 236 1525 3230 136 307 43 334 1436 311 26 1481 1295 1444 1482 79 233 1323 45
236 3121 3233 32 258 3021 353 274 3034 1586 3084 316 1561 208 3094 228 394 232 25 247
386 459 328 260 262 431 263 32 434 3168 360 216 444 307 257 338 326 3166 3233 487
1760 1828 1010 1841 1856 1881 1068 1710 1076 997 1034 1779 1775 984 986 1781 1865 1883 1719 983
296 3142 29 244 3110 185 3153 1474 284 1589 69 20 1559 407 1546 425 3104 226 3061 48
1633 1697 1255 1240 1639 1198 1726 1050 1233 1130 1674 1131 1262 1101 1203 1638 1231 3084 3063 1048
512 543 449 501 597 443 639 433 523 537 497 611 661 621 486 542 502 727 697 560
2408 2516 2114 2038 2055 1923 1890 2445 2419 2375 2503 2435 2040 2489 2478 2475 2401 2424 2493 2339
308 1510 1570 249 1525 1483 92 178 425 370 382 1415 3136 3145 1569 362 3151 378 169 3170
358 463 385 455 3237 428 34 278 494 405 3203 3224 214 242 458 285 3133 528 300 400
94 3215 1371 1486 1623 75 1473 1510 1273 1481 116 1384 140 3220 128 1308 340 3182 1506 1439
56 1441 240 245 1 165 1608 215 50 338 172 1576 1412 1507 1564 327 1478 22 106 253
43 65 66 288 32 340 1274 33 109 199 92 1584 3162 350 3025 3198 3223 1483 1476 3206
2381 2634 2653 2482 2393 2469 2704 2383 2475 2636 1895 2788 2673 2084 2089 1873 1857 2471 2470 2107
1197 1700 1602 3063 1261 1055 3054 1687 1115 1259 984 1224 1745 1119 1217 1005 1061 1046 1633 1174
107 1336 1384 1272 1394 1271 1278 1495 175 149 147 3241 68 1381 1499 1489 1342 129 121 146
1547 1562 307 21 237 191 279 1538 28 324 1588 3029 1483 87 90 1531 296 1528 3025 1533
2626 2844 2955 2918 2791 2951 2384 2657 2643 2815 2685 2394 2825 2889 3077 2405 2943 2664 2919 2830
3071 3134 285 367 263 1187 400 345 2893 256 2842 3035 281 1611 393 34 404 3043 1195 1621
2639 2704 2614 2839 2411 2372 2849 2950 2845 2618 2880 2648 2786 2655 2710 2739 2943 2385 2745 2884
207 391 1474 432 1595 324 221 62 1454 393 1463 3210 3193 1615 291 304 322 1445 69 1466
1527 3152 424 1397 3161 391 1611 58 3128 345 405 1487 21 373 3087 1593 375 72 3036 91
1910 2119 1917 2206 2404 2396 2126 2313 2091 2373 2298 2082 2137 2185 1916 2360 2342 2428 2080 2297
1047 1144 1109 1088 1651 1140 1201 1164 1176 1166 1122 1710 1137 1715 1126 981 1009 1836 1723 1005
92 1475 1444 1529 16 1416 9 1505 1431 83 3173 157 3191 1578 165 3207 1307 95 42 1483
2094 2376 2401 2470 2084 2475 2170 2441 2613 1849 1889 2418 2085 2163 2455 2322 2296 1918 2361 2299
210 398 282 319 465 1467 379 435 423 381 3152 3218 359 74 3170 1572 265 1613 58 3222
2068 2108 2472 1950 2221 2152 2258 2144 1949 2305 2403 2050 2327 2131 2489 1946 2263 2500 2089 2065
1057 1122 1090 1814 1131 1189 1743 1823 1785 1095 1163 1706 1092 1798 908 1155 1632 1686 1682 926
1632 1685 1258 1664 1218 1619 1729 1043 1036 996 1237 1746 3012 3058 1131 1672 1146 1617 1227 3018
298 345 403 3203 247 269 211 3236 1563 249 254 1580 1545 1586 187 27 360 1552 342 337
1963 2517 2599 2550 2427 2017 2075 1995 1939 1996 2542 2031 1993 2066 1919 2015 2444 1966 2445 1954
365 3142 330 392 382 41 309 3233 1604 38 48 196 3113 316 3089 3157 3133 3064 1610 222
74 1265 133 3217 174 65 1497 1563 1318 80 66 1401 288 1538 54 1266 212 1432 289 3208
1734 1835 1694 1695 1820 1066 1107 1782 1758 1039 1801 1713 989 981 1849 1836 1712 1092 1182 1091
2177 2243 2191 2162 2103 2086 2336 2295 2158 2111 2161 2209 2338 2157 2234 2239 2152 2132 2249 2307
988 1790 1865 1740 1086 1010 1819 1743 1034 1830 1054 918 1129 916 1088 1719 1119 1728 1866 966
1049 1170 1771 1716 1741 922 1692 1151 928 1630 1226 1073 1104 1625 1724 986 1829 990 1772 1645
347 456 368 363 253 3198 404 3167 3223 3138 304 504 51 401 378 373 3242 387 468 308
1944 1966 2019 2055 2335 1924 2025 1948 2083 2087 2054 1909 1969 2324 2072 2102 1980 2340 2422 2086
2509 2550 2070 2451 2596 2486 2400 2502 2542 2503 2050 2482 2603 2429 2019 2396 2607 2402 2448 2565
36 232 349 366 1529 3234 305 213 1555 3240 216 3019 44 1544 172 318 266 3109 197 338
18 1457 3187 1525 1498 1467 84 193 73 3207 348 244 1473 195 1585 1566 3142 1581 1555 6
184 1290 1298 1501 1588 1371 145 1463 258 63 1525 3207 3167 1531 1428 45 86 1333 4 75
367 415 3189 368 239 433 229 3176 380 286 412 479 268 3229 217 495 3221 219 486 233
4 247 92 1426 36 105 3143 1528 1416 3154 85 1466 348 3160 3114 1588 3179 278 261 3236
499 672 836 838 622 440 564 502 711 707 662 816 480 678 516 455 839 599 453 729
1021 1737 1672 1006 922 968 1770 1759 976 1122 982 1140 1795 1071 1104 1156 1039 935 1073 903
185 249 1491 209 202 111 1265 1497 279 354 232 1469 308 3109 6 277 1503 1401 100 3125
1585 1623 1154 1651 288 1649 218 1464 1403 3154 3032 3122 1636 1555 287 216 1457 1198 12 1411
2207 2332 2434 2337 2469 2431 2097 2393 2077 2186 2363 1923 2448 2107 1910 2260 2158 2454 2116 2353
1452 1579 20 15 209 1510 51 1603 213 75 86 1419 67 3157 22 1631 76 66 1462 1470
131 1356 1283 1390 1318 161 1337 141 113 1478 1354 1279 1299 177 1502 1288 1322 76 156 1303
2299 2368 1908 2424 2298 2406 2218 2177 2135 2271 2086 2442 2068 1877 2261 2465 2492 1879 1892 2367
1043 1107 1192 1153 1159 1094 982 1176 1779 1080 1172 1783 1115 1002 1016 1638 1725 1793 1757 1758
363 3157 1564 382 273 1618 3222 3037 1592 3199 1558 425 1438 3163 414 404 3181 3104 322 338
2 87 179 285 1322 351 3208 262 3195 317 10 214 3166 241 21 297 75 8 1499 1394
1418 3196 163 1411 1470 1539 1615 26 1542 1450 1455 3189 1385 1416 1612 432 390 420 204 3214
76 1419 1581 1239 3012 1589 1312 1459 138 1403 71 1315 1235 1284 10 78 1544 1264 1272 81
218 304 54 330 3128 1617 3015 393 0 3117 3227 389 1518 319 1548 3132 1529 34 387 2
1309 1418 130 46 89 1621 1330 1229 179 1486 1259 1392 132 3180 1499 1595 1535 1526 169 38
660 697 909 961 492 695 582 904 742 719 551 658 656 497 803 959 687 574 550 677
1609 3132 1203 41 44 372 1649 3241 379 1648 3228 1520 278 1413 3011 3113 3222 3224 377 355
2618 2657 2824 2485 2811 2386 2604 2628 2639 2426 2642 2621 2703 2878 2596 2382 2671 2883 2574 2648
1110 1172 1069 1654 1808 1628 1633 1646 3079 1093 1679 1699 1140 3047 1017 983 988 1097 3062 1199
2583 2713 2745 2629 2642 2498 2412 2485 2590 2632 2677 2714 2648 2755 2705 2447 2503 2640 2631 2576
119 1292 1286 1492 3209 1326 135 1389 1281 143 73 97 3194 3226 137 1261 1419 1509 1323 86
262 1444 1578 1491 1466 1456 1541 13 23 1550 1536 1559 360 180 313 3141 1509 87 56 3122
1202 1637 1100 1224 1123 1148 1706 1093 1602 1640 3014 1677 1207 1698 1657 1107 1266 1614 1604 1096
212 3132 3054 361 1523 3178 1612 3131 402 3093 305 390 3164 3081 1473 1596 229 3051 3034 3095
55 1404 32 3196 73 47 60 1231 1580 164 243 3217 1488 1512 1424 15 226 3187 1619 305
60 252 3016 266 3233 362 3124 280 27 1591 291 55 1446 189 318 211 100 3145 1553 320
2125 2171 2108 2250 2264 2130 2212 1908 2351 2325 2164 2333 2265 2186 2323 2072 1921 2230 2381 2156
1413 1546 1289 1466 286 1398 1572 3189 3224 232 240 105 200 1553 279 169 284 1295 1505 322
2667 2724 2870 2669 2716 2628 2906 2879 2909 2871 2873 2943 2814 2799 2752 2691 2482 2780 2828 2882
1907 2487 2114 2660 2697 2334 2107 2126 1914 2676 2129 2086 2621 2421 2602 2401 2461 2308 2115 2339
73 265 1526 1458 3203 1273 1396 1310 1591 28 400 166 1612 1427 1504 1536 191 189 405 403
587 652 563 541 650 553 644 526 573 627 518 705 660 715 645 504 668 653 583 539
1014 1746 1130 1829 1763 941 1789 894 1105 1726 1700 1134 998 990 1057 1765 1713 898 1777 1721
683 711 953 586 742 733 803 948 716 824 827 559 802 676 668 879 743 838 765 893
1268 1423 1609 1325 1603 1215 180 1243 169 3228 1563 1211 1257 1319 1202 1534 1546 1521 1397 75
1174 1634 1731 1223 3012 1665 3022 1155 1684 1717 1727 1124 1134 3087 1694 1138 3034 1037 1608 1721
1006 1102 1003 1022 1175 1067 1697 1646 1702 949 1663 1048 1816 941 1098 1009 1154 1109 1176 947
280 1605 1579 1537 1566 1410 1608 1401 1399 1563 322 49 396 1438 71 1219 306 21 225 1535
1275 1370 143 1284 3223 155 1380 1321 102 3214 1228 1375 1210 66 182 1214 1429 1423 77 3202
699 831 874 871 933 684 704 845 705 834 947 711 765 814 801 855 644 742 827 916
2111 2439 1945 2252 2294 1901 2603 2501 2516 2373 2209 2417 2156 2109 2350 2618 2280 2274 2279 1921
2966 3029 2953 3129 1596 2909 3146 3132 3018 3031 2803 3108 2898 2782 2818 1612 2952 2815 3082 2801
1969 2005 2008 2039 2042 1943 2025 2037 2068 2065 1937 2524 2016 1968 2019 2538 2000 1926 2072 2026
1427 3169 3154 1253 1269 71 1459 45 1606 1552 3160 3008 1234 1595 434 1304 198 97 3012 197
2237 2272 2202 2164 2095 2216 2177 2159 2335 2178 2230 2350 2198 2139 1930 1924 2306 2332 2234 2116
1533 1591 1432 3144 1506 16 25 1454 22 1585 1485 190 46 1415 334 1528 1474 8 64 1625
2862 2962 2943 3093 2923 3111 2664 2793 2790 3045 3009 3046 2999 2892 3052 2940 3000 3004 3002 2857
178 1429 3191 1489 31 1397 1582 10 1510 1541 1404 89 3207 1553 1402 1263 3174 157 162 1286
200 286 220 235 350 22 3152 227 407 283 212 1565 422 186 1437 92 1456 1432 423 85
104 1319 193 1389 1434 1236 120 1359 1277 1351 15 1433 22 1526 1420 3195 3198 3241 1405 60
2135 2179 2237 2115 2220 2294 2350 2084 2330 2200 2081 2183 2305 2196 2129 2352 2203 1914 2142 2290
1022 1711 1729 1830 1062 1143 1082 1746 1181 1775 1147 907 1760 1725 1038 1674 1744 1680 1095 1710
836 947 821 1004 761 827 910 823 771 1026 938 791 907 666 738 999 932 887 799 715
30 1517 1419 1500 252 1395 326 1484 370 15 73 286 8 1494 1400 352 1547 1518 1414 98
129 178 123 156 1 6 3194 1581 1391 1344 1252 65 274 3218 1401 1386 1513 104 91 1358
2918 3011 2863 1437 2995 1424 2930 2938 2982 2806 3066 2675 2810 2867 1614 1435 2914 2843 1550 3017
24 1472 297 309 39 362 328 1467 1483 186 184 360 1454 211 1561 3193 1615 1310 3200 61
2717 2764 2797 2584 2702 2790 2795 2711 2581 2596 2734 2602 2642 2591 2558 2681 2785 2628 2643 2688
2334 2387 1864 1946 2638 1899 2629 1858 2337 2157 2171 2193 2476 1891 2650 2408 1922 2345 2298 2160
776 912 1091 1002 1080 981 811 985 1095 939 750 835 1019 698 831 952 1026 1071 908 1101
1276 1374 108 155 1385 1237 1291 3215 1239 1308 78 3224 54 1295 131 91 104 1217 181 110
1509 1540 31 3145 3164 3234 3187 300 3025 1612 3018 3179 1570 3195 3017 226 104 1454 106 1553
644 716 559 498 651 609 539 601 552 831 590 535 784 618 745 892 862 811 705 619
286 3151 3047 418 403 1575 310 3179 380 342 3178 238 38 1467 237 57 441 366 3124 314
2919 3065 2664 2988 2866 3137 2827 3101 3048 1179 2876 2918 3138 1647 1204 2804 3029 3128 2844 1170
96 1482 1391 34 1433 135 1388 3199 157 77 143 156 1539 137 142 1293 1537 1290 133 3227
2904 2981 3035 3030 3054 3036 2675 2874 2910 2641 2663 3033 2893 2845 2854 2793 2833 3031 2804 2841
182 1413 1447 192 1521 1496 1485 100 49 1543 50 1567 1528 3242 1259 1478 1317 88 166 3220
1931 2317 2219 1970 2152 2134 1960 2140 2437 2268 2447 2272 2329 2190 2340 2116 2409 2117 2060 1902
