539 577 545 527 603 574 612 572 509 533 507 515 569 596 611 563 589 510 548 601
206 1003 44 246 94 1001 269 983 247 267 992 962 224 996 995 92 95 185 265 188
214 964 80 205 22 961 1005 146 167 979 997 217 105 996 15 955 939 225 175 983
549 588 571 557 559 608 518 511 522 615 514 564 594 621 517 536 616 592 605 589
219 244 228 212 255 247 983 267 81 239 176 1008 183 193 216 275 170 209 258 83
47 235 215 262 53 10 77 977 225 978 979 27 995 206 190 224 210 222 74 237
275 285 245 287 296 1005 1003 250 251 310 1004 292 319 306 257 263 288 265 244 274
265 1007 17 53 19 94 977 221 1001 18 253 50 40 296 42 964 303 212 195 205
82 221 0 229 241 178 26 256 149 988 39 153 188 80 42 46 9 89 11 980
573 609 560 629 515 537 520 590 565 542 631 513 614 541 547 544 522 598 596 531
26 41 51 168 0 37 15 66 197 13 993 181 188 184 973 995 1003 170 979 970
946 953 160 895 159 102 132 979 148 909 894 904 921 129 929 0 893 142 151 943
43 191 1 185 973 977 10 33 971 3 63 68 16 83 54 28 244 96 982 984
937 970 42 49 946 163 16 911 48 996 954 64 184 76 229 150 891 888 945 134
152 977 109 140 237 159 175 178 2 125 907 221 226 910 51 1005 50 137 215 19
493 507 434 439 438 494 460 528 456 480 491 483 525 545 517 509 470 452 441 515
232 974 23 263 977 944 22 92 231 12 953 995 25 76 245 240 186 986 1006 46
182 238 192 59 159 972 1007 68 256 91 65 984 98 96 164 56 41 103 173 239
217 227 199 203 997 250 187 974 261 195 247 231 959 178 964 241 181 245 82 257
19 991 982 244 254 1003 222 248 21 976 187 22 14 37 72 80 168 176 39 77
56 987 13 239 37 217 1 4 963 984 267 9 94 29 43 45 230 19 15 228
276 305 999 272 348 270 280 266 265 993 251 343 286 346 290 254 328 288 283 275
168 987 165 169 209 74 47 151 87 104 179 235 972 275 161 66 86 80 172 217
16 1009 169 247 77 207 963 199 965 72 1005 45 211 966 86 6 56 991 21 10
60 971 168 198 206 224 15 244 46 232 82 207 175 1002 75 162 185 212 3 977
897 946 960 936 945 135 966 111 940 79 964 151 953 922 115 91 881 136 944 932
169 975 253 1009 52 957 199 993 990 181 74 963 227 165 954 166 71 9 114 235
907 946 908 113 101 901 950 881 936 4 892 966 88 957 107 935 149 958 897 922
498 528 596 454 555 496 581 588 521 439 567 612 576 471 447 468 580 514 484 441
55 174 220 167 995 12 961 219 17 103 20 189 80 78 177 194 176 161 100 232
23 998 73 76 230 91 84 95 200 2 242 13 178 975 267 213 57 182 185 28
349 373 397 351 363 319 327 321 358 343 379 307 409 402 359 366 407 323 339 348
200 221 224 230 236 959 1003 77 174 201 229 993 169 64 237 45 240 252 247 73
229 1000 32 244 33 278 239 187 209 176 43 1009 171 238 265 97 164 7 994 30
382 403 433 408 397 372 402 355 432 362 442 378 447 435 400 384 357 409 377 381
259 275 226 290 281 280 256 283 305 289 1004 282 229 1006 236 284 258 303 307 224
76 957 166 950 72 14 164 81 68 98 24 47 921 130 909 979 906 144 23 915
44 76 996 1002 52 13 225 28 963 240 158 979 168 231 160 232 94 991 995 202
292 309 256 323 266 353 294 287 339 285 319 340 276 274 344 289 350 260 322 315
179 218 99 166 1006 67 104 32 966 193 203 94 83 82 73 228 976 80 182 38
190 996 975 184 35 168 1001 15 232 1004 82 1007 240 71 27 219 238 963 4 52
962 970 36 928 238 152 94 927 101 109 51 932 47 207 27 156 989 170 150 995
83 949 97 899 992 129 959 890 943 14 923 900 965 212 99 110 10 187 958 931
574 590 575 615 557 598 548 547 578 554 608 597 576 550 601 538 531 545 516 618
587 619 572 642 626 641 554 511 589 566 614 575 531 517 558 593 530 555 561 592
611 631 634 579 605 640 642 635 567 524 618 531 575 620 619 603 613 628 533 624
47 176 178 972 57 983 41 75 98 73 240 62 85 211 228 190 194 31 975 992
215 253 240 189 265 986 960 978 290 261 242 69 225 53 176 200 222 259 224 83
523 576 554 537 615 571 590 611 614 561 530 557 498 586 494 499 579 509 541 605
34 1009 166 962 208 35 268 171 206 243 73 163 212 185 979 997 195 271 993 210
80 107 226 22 35 991 143 197 208 20 216 921 957 990 994 173 931 952 85 92
555 589 591 512 615 516 515 588 611 572 521 578 530 620 609 579 536 557 614 545
274 993 282 174 48 958 260 220 976 178 231 17 218 261 6 200 973 962 85 300
115 897 964 895 967 882 1 2 974 147 905 972 881 110 906 99 912 104 919 917
157 944 138 961 932 133 925 952 2 104 940 163 177 985 921 891 149 114 982 928
242 257 1009 47 1003 1004 989 176 992 275 212 59 254 241 68 998 231 236 975 238
383 401 427 437 449 450 416 365 376 415 402 419 372 445 406 411 400 446 388 382
184 982 93 194 959 80 1 102 7 986 1005 200 53 166 224 242 208 201 45 992
93 1007 913 925 11 173 51 76 41 53 892 236 153 262 175 16 114 937 910 956
63 232 205 1004 223 995 216 6 184 4 170 212 246 262 178 247 74 974 196 50
942 953 126 903 140 141 99 926 965 85 153 898 932 138 946 894 969 78 957 954
99 984 205 931 921 130 250 207 233 882 885 177 997 17 957 917 66 962 115 43
445 456 463 501 507 425 474 401 515 443 509 414 405 510 424 429 398 434 490 403
52 77 247 235 173 38 251 174 209 166 11 33 84 989 1008 971 187 213 89 15
4 948 148 71 973 163 930 990 995 147 1004 934 28 168 173 109 37 919 43 975
213 237 48 85 246 189 1004 959 217 245 46 260 174 978 207 59 265 990 168 996
202 980 215 19 198 183 162 236 36 99 6 91 975 212 156 74 988 10 163 201
0 963 101 88 965 85 199 86 176 169 208 104 157 147 100 102 164 210 18 42
240 986 11 256 83 226 227 90 202 160 992 64 268 105 263 20 191 238 273 87
159 946 967 951 116 131 155 976 890 3 954 147 894 105 85 904 98 123 919 934
532 591 523 559 557 582 614 608 510 560 550 595 619 562 593 522 566 535 538 515
569 582 547 576 543 578 536 565 557 591 596 527 607 512 585 516 541 537 603 554
526 570 571 589 499 578 567 557 605 612 611 514 549 572 585 533 523 522 516 552
241 266 181 54 1009 972 185 252 201 1003 276 190 970 64 260 44 52 48 1008 294
542 581 534 528 617 541 575 520 596 555 524 582 603 597 540 514 567 505 616 544
88 119 180 121 155 177 150 973 168 105 930 1 905 175 936 95 0 908 113 902
59 73 18 990 193 181 68 96 203 171 246 41 205 45 213 29 170 222 973 92
338 360 311 348 322 390 302 342 368 371 337 375 333 317 298 369 304 319 355 359
211 246 221 77 978 999 80 206 964 64 209 229 78 220 197 86 990 205 959 985
58 187 177 80 963 48 195 32 182 25 969 1001 190 21 1002 992 165 179 162 63
424 457 436 450 416 391 408 383 406 413 423 475 484 504 396 488 422 403 454 479
73 182 102 236 93 204 158 965 250 985 83 13 11 3 66 960 45 197 163 192
885 909 148 105 142 103 930 932 956 896 114 162 124 914 948 950 883 125 900 886
385 423 464 442 425 436 399 361 414 353 359 402 350 416 369 389 392 386 441 448
608 626 544 593 636 612 585 642 604 541 574 645 560 643 630 565 620 589 530 629
113 915 111 941 112 131 957 98 965 125 887 108 163 81 84 151 83 938 139 964
571 603 596 606 594 589 535 568 574 615 626 518 598 570 604 525 565 521 622 557
971 991 6 977 265 274 222 55 8 281 56 42 240 78 167 190 213 251 75 150
77 233 264 31 98 87 162 25 178 216 991 92 996 61 62 179 72 189 974 76
962 1004 946 32 197 923 253 37 955 924 964 210 245 126 248 220 93 250 8 39
110 883 102 163 131 143 979 887 157 881 108 910 967 2 963 981 918 122 968 154
169 965 24 116 17 161 69 231 933 154 36 11 100 186 112 970 5 172 59 199
566 586 587 555 605 578 582 601 567 585 520 563 552 610 609 570 545 515 521 598
449 459 467 475 461 508 460 441 489 400 464 498 483 478 405 488 468 434 499 480
294 325 285 305 259 303 266 257 358 270 268 275 320 269 299 322 328 293 330 316
86 213 231 228 6 943 169 68 211 166 0 108 11 230 78 890 979 216 903 148
138 156 916 153 925 926 893 168 955 940 964 5 162 950 174 923 901 89 918 892
540 603 583 545 532 538 562 568 595 624 617 581 514 527 508 592 596 606 571 542
71 187 54 176 195 996 218 182 160 202 223 186 199 191 72 982 188 69 219 1006
116 913 108 124 148 885 132 936 934 157 939 166 128 139 894 923 86 926 155 104
20 51 39 25 36 183 1001 82 979 18 65 189 997 28 61 231 185 994 3 978
420 438 379 382 402 510 375 422 469 483 468 408 456 511 445 457 467 484 479 502
560 604 566 562 542 599 617 572 612 588 569 590 570 595 539 616 531 524 545 594
464 487 481 421 507 480 496 450 491 423 462 508 515 465 494 410 524 472 475 488
103 923 105 960 951 891 939 102 901 141 142 174 130 80 899 128 980 117 973 75
412 449 475 417 479 430 474 460 423 480 447 391 445 478 484 433 501 377 379 406
589 607 526 581 627 541 523 565 518 528 580 535 623 554 609 575 632 616 519 603
938 964 42 11 986 38 5 959 931 180 984 174 34 998 898 893 36 27 18 132
94 937 167 79 1003 93 926 116 882 113 4 954 194 99 951 76 917 975 904 105
306 315 275 291 318 314 343 349 284 342 273 345 270 272 287 289 308 305 293 283
93 951 881 955 157 935 985 100 140 165 151 10 991 986 974 948 167 996 895 931
62 168 12 974 234 994 972 968 239 109 15 90 4 184 179 212 48 106 965 30
88 181 186 185 921 231 59 103 948 77 39 235 194 922 1008 224 214 990 62 882
76 1008 92 173 0 31 195 52 56 230 164 223 77 958 85 179 967 13 973 18
306 319 357 331 307 270 309 336 282 321 343 305 299 325 281 347 337 348 308 341
894 945 129 9 925 884 115 91 110 114 942 969 11 131 880 149 901 941 920 107
33 57 246 17 244 205 981 249 39 1007 232 200 231 16 0 984 56 987 53 52
23 173 972 1009 52 198 63 230 196 170 97 238 976 94 109 64 50 980 25 43
241 256 249 1000 277 76 63 225 65 233 258 195 993 186 270 283 973 44 210 222
111 171 44 987 889 215 884 963 1008 187 36 66 104 880 107 893 989 91 39 958
581 596 521 580 523 584 531 543 620 555 569 540 582 593 530 513 614 548 558 524
1 918 21 163 991 958 998 166 903 50 920 930 57 924 974 34 48 89 174 147
514 593 483 435 501 537 622 585 600 540 548 573 566 513 599 598 554 497 515 438
388 418 431 454 358 460 466 359 379 434 362 385 355 370 397 400 412 461 387 428
165 1004 72 162 223 221 940 982 179 932 168 171 184 67 928 994 939 15 194 264
50 168 236 151 93 94 973 1000 185 183 4 108 218 212 967 52 195 989 7 210
35 1002 261 260 238 25 215 270 223 962 183 31 58 236 1000 987 973 255 90 38
57 1009 71 33 277 4 251 181 193 972 171 221 45 180 216 986 1008 254 259 173
81 952 38 902 916 896 141 1008 92 957 133 140 965 28 185 966 88 234 93 961
105 115 95 895 77 117 121 889 100 3 93 134 96 932 169 123 917 94 929 965
523 577 502 535 530 537 499 539 580 509 608 514 498 557 526 510 520 568 576 542
77 225 1008 996 62 998 213 204 60 36 239 986 956 156 69 104 21 166 978 198
170 999 192 162 4 196 54 199 989 271 206 99 183 1009 59 78 222 194 224 280
205 985 973 46 981 106 278 52 105 58 99 248 83 86 20 220 963 184 203 959
914 934 82 892 929 153 951 160 950 909 92 8 960 955 146 81 87 917 945 943
196 252 216 986 276 219 284 970 282 51 211 1008 218 53 180 278 212 275 243 960
215 962 180 969 230 159 926 24 201 932 959 209 168 182 944 997 18 956 227 166
477 511 523 504 496 542 494 582 429 598 462 591 458 528 578 432 475 442 503 505
246 255 194 226 1003 272 251 233 985 989 979 1006 976 182 192 244 225 287 983 63
76 970 967 994 68 230 102 235 213 993 62 23 964 199 19 216 66 222 42 39
172 977 81 1006 239 38 74 39 967 109 245 62 44 157 188 150 221 228 999 982
543 575 529 573 556 505 602 587 595 549 547 586 599 585 534 541 594 578 510 515
166 987 997 71 20 940 941 214 97 184 939 88 233 944 972 966 47 56 58 155
259 289 284 319 1004 314 298 261 244 226 308 306 270 229 991 296 283 1008 262 237
18 1007 31 971 11 275 994 62 260 280 1009 7 88 1000 989 1006 248 34 206 271
98 154 958 92 883 881 99 948 915 975 977 2 914 947 933 1000 184 160 151 131
211 973 952 229 22 977 248 65 159 959 1005 179 72 13 75 243 967 200 985 29
899 926 86 923 925 912 955 963 88 935 82 3 894 6 945 105 950 931 116 102
572 598 538 601 602 550 512 603 515 581 585 617 518 567 571 588 528 539 600 513
158 907 142 130 173 883 119 122 159 111 118 2 917 904 115 914 929 107 133 921
