710 745 817 749 713 858 667 714 808 828 664 668 785 715 765 660 820 882 677 879
300 318 364 348 320 274 604 290 316 285 617 347 632 343 262 315 335 342 360 283
381 444 418 423 356 347 461 488 389 463 489 477 509 492 424 507 429 405 479 481
769 816 772 734 807 864 863 776 707 799 836 730 873 890 686 879 866 878 874 798
894 949 977 987 956 901 854 988 796 857 993 795 971 873 986 876 920 775 770 899
206 259 227 649 633 534 334 207 205 357 304 263 333 300 280 349 242 285 326 620
115 194 638 167 187 249 236 1029 205 185 243 12 218 190 148 209 140 122 113 178
162 180 239 626 160 208 206 204 132 110 117 205 229 193 198 99 177 104 201 638
350 512 302 638 611 286 361 616 264 556 489 306 599 337 335 605 481 509 357 586
126 652 206 647 194 645 154 200 667 96 233 676 83 543 185 632 110 240 650 1021
1046 1079 1064 1078 1074 22 18 1038 1049 1039 1069 1044 17 1035 9 1021 15 1060 1080 1055
61 111 19 3 77 68 41 83 103 25 91 1032 69 131 14 155 46 182 37 86
267 342 615 286 625 290 526 212 299 279 295 252 305 349 333 609 345 354 628 282
592 665 593 701 597 709 546 534 664 547 605 511 630 670 702 704 626 587 651 590
317 628 220 134 536 631 286 685 534 272 246 194 183 258 339 263 208 232 188 156
844 860 903 758 728 826 719 718 799 835 807 759 920 745 729 752 730 839 857 906
728 759 694 726 771 875 854 834 779 773 752 764 776 669 682 711 727 756 820 712
313 624 317 550 661 144 250 234 678 297 227 271 577 527 284 178 611 139 243 548
111 170 127 55 10 115 86 135 164 107 181 109 186 141 1025 13 101 98 1002 1006
24 37 99 111 44 27 1044 0 96 5 92 90 70 1077 62 20 89 88 1057 1033
178 232 184 310 196 251 198 623 201 192 202 189 233 121 111 256 129 257 276 118
105 163 136 1021 94 155 80 93 1029 73 43 214 54 81 31 78 97 87 28 1025
108 1003 75 980 179 977 1017 0 16 1004 130 156 6 979 85 1005 5 1002 45 10
541 565 491 257 649 593 676 545 591 661 510 596 605 530 256 511 585 645 678 329
25 1041 101 1026 1031 97 1011 104 14 111 105 115 1053 12 13 1061 92 1056 1054 1029
776 810 795 882 702 760 787 879 708 704 773 742 696 856 743 878 838 814 828 757
8 101 170 152 168 134 22 167 1039 81 1046 25 1076 99 58 1083 12 75 1033 63
442 487 455 467 426 519 411 431 400 427 450 499 523 356 463 466 365 504 403 460
490 536 598 319 504 592 249 368 428 347 257 653 553 495 458 657 367 469 450 647
135 182 229 238 231 116 89 645 152 1017 121 239 1025 144 223 103 244 142 96 95
105 124 171 1013 200 632 135 47 197 90 1034 108 34 32 147 1039 1030 84 26 92
715 790 853 697 798 810 822 762 718 770 675 691 747 813 867 887 665 823 756 881
322 605 304 609 628 502 290 618 625 517 257 308 661 532 302 328 613 315 313 234
868 896 872 911 741 798 793 726 933 780 804 895 921 965 948 836 752 855 779 874
239 621 663 223 199 328 319 290 179 629 189 212 196 305 313 262 660 267 509 656
867 953 933 765 895 994 785 954 919 909 865 727 734 844 874 748 906 980 893 762
726 827 825 848 747 678 740 729 766 699 702 831 709 737 824 771 770 677 857 725
184 233 216 244 303 238 197 301 280 307 163 185 273 174 118 269 625 241 183 149
664 699 523 735 558 683 613 764 716 795 539 756 702 766 600 538 675 707 645 733
273 532 552 296 502 515 598 561 271 632 577 497 591 252 346 289 559 643 493 248
531 566 250 623 586 656 322 578 643 252 264 650 251 485 535 273 545 678 263 513
199 216 130 154 614 649 158 124 632 288 179 633 145 116 620 291 282 641 169 222
174 203 190 649 239 208 247 167 253 619 171 196 164 132 632 152 121 617 259 641
700 793 845 850 652 880 761 816 720 719 725 688 777 721 840 863 717 751 734 852
508 593 389 515 381 631 616 548 672 511 589 635 647 620 346 494 375 542 667 543
154 639 176 115 147 657 141 121 102 109 509 237 1025 251 185 104 658 149 178 631
813 843 762 876 805 753 802 840 828 822 783 798 888 767 841 845 817 731 740 760
695 718 776 661 738 696 781 706 659 755 692 809 707 775 865 768 864 856 667 708
266 621 366 501 524 345 624 338 198 237 574 362 270 364 608 348 535 575 214 182
306 629 249 313 336 191 133 157 528 242 682 677 176 267 178 203 228 135 214 508
828 866 743 776 793 762 786 832 835 791 921 847 937 927 932 728 739 753 760 733
909 977 993 937 906 1004 961 938 960 878 949 940 920 933 869 952 929 979 914 984
535 579 589 316 667 652 570 507 494 598 547 325 241 317 627 490 566 575 642 244
335 635 224 216 633 248 172 238 240 268 619 256 537 184 523 611 260 332 293 148
137 645 566 149 552 654 237 541 1017 196 521 688 1023 213 646 543 548 592 231 226
525 573 678 505 502 543 579 536 537 304 507 600 616 683 361 504 546 571 601 644
646 679 198 722 763 732 570 704 202 713 213 522 729 692 588 134 521 232 702 604
263 340 304 345 327 611 217 265 268 220 233 237 276 227 608 218 313 266 235 314
927 991 868 872 955 869 1011 932 1013 921 975 880 970 953 961 962 894 948 886 919
231 294 328 365 615 177 357 355 604 299 318 631 221 313 293 254 312 238 203 278
104 166 13 69 35 192 220 54 1 9 174 55 1016 113 1034 160 28 1019 197 214
24 1057 1059 110 40 111 43 1046 95 1025 1033 1072 54 1029 1031 1036 19 1061 11 8
430 480 507 476 494 428 355 493 384 450 395 516 521 389 519 474 353 471 365 454
516 606 677 477 654 594 639 501 233 551 605 555 326 535 663 266 241 246 514 627
460 499 522 531 399 374 390 465 546 423 478 512 430 464 438 397 462 416 422 392
813 832 799 759 769 864 786 740 734 861 791 746 816 811 766 806 794 842 851 857
115 1016 992 114 20 15 1013 135 112 17 168 104 187 162 167 84 156 177 1045 93
909 982 906 864 919 869 915 1006 903 856 1003 880 967 870 997 873 965 867 941 984
261 636 154 508 255 188 299 638 517 250 321 272 339 186 512 610 307 216 257 607
753 834 862 879 737 685 868 808 751 840 847 786 855 771 782 860 764 714 717 777
11 1082 48 2 1057 31 1081 27 1051 1056 6 1061 91 107 5 1078 114 1047 1042 1046
221 294 340 328 171 224 269 241 325 652 354 201 349 649 232 242 284 623 197 609
1024 1048 126 26 18 1065 163 12 1061 1025 108 1046 96 140 156 1030 1078 1014 1076 93
162 207 263 221 265 626 194 165 135 218 124 1016 212 134 1020 202 635 649 167 121
518 637 296 676 228 648 361 163 151 666 633 216 199 305 190 494 634 268 194 620
550 649 673 526 238 126 626 548 127 560 687 678 149 540 207 652 689 670 130 664
372 471 375 430 362 497 510 441 469 479 380 472 468 399 295 426 477 499 425 373
128 157 170 1017 109 92 104 1032 176 654 135 125 1011 649 89 95 1015 145 93 161
503 525 605 613 379 595 632 581 616 307 496 352 532 479 657 257 528 255 498 597
221 604 176 315 626 676 671 325 675 197 641 330 262 674 321 223 198 631 529 506
702 760 761 733 743 753 762 882 817 881 883 701 668 752 716 654 745 712 711 729
697 728 814 858 665 670 795 841 820 754 810 771 779 653 656 832 695 852 739 709
696 785 774 716 689 886 825 843 848 661 798 753 769 667 861 856 691 849 851 838
905 975 858 891 888 1003 979 861 1002 917 974 894 968 862 902 870 868 915 994 993
414 456 463 492 482 479 379 444 441 473 378 422 436 384 438 380 475 485 383 411
225 267 241 276 343 182 324 521 337 621 291 627 622 237 312 325 609 296 361 526
12 1077 1072 16 1076 1036 1042 34 1064 1039 47 38 1073 90 1071 1046 1044 8 22 1067
876 922 764 899 979 953 771 928 836 765 756 940 754 885 844 778 862 903 949 841
891 964 954 889 987 880 949 928 988 894 860 937 896 895 767 849 847 957 996 761
542 568 521 650 614 661 638 326 573 691 512 627 613 533 643 509 505 618 558 686
257 537 327 212 581 281 349 626 571 609 341 533 301 328 276 582 640 569 532 347
739 858 763 898 741 762 841 673 795 742 750 888 747 933 934 836 940 782 853 802
490 523 473 567 426 588 603 514 521 454 612 659 485 396 455 550 534 546 253 445
8 101 46 122 117 36 163 76 1070 138 23 1074 1071 78 137 1014 83 1019 1005 19
19 89 4 49 109 1079 41 22 126 1075 122 134 51 1058 135 128 130 1054 123 92
30 43 78 0 53 10 58 28 104 51 27 26 92 21 54 71 41 98 96 76
101 170 8 1031 1026 37 48 105 100 159 202 1014 3 45 231 1004 197 137 40 66
210 254 228 523 195 244 176 163 319 300 348 156 180 269 212 636 202 199 615 314
753 874 962 863 851 812 908 813 770 713 724 870 691 734 909 767 828 913 764 749
134 153 187 214 629 94 632 1031 209 131 206 103 165 1028 91 178 172 653 1020 202
202 636 264 274 249 618 336 245 271 621 262 193 133 208 526 531 653 548 168 123
195 631 152 516 213 272 615 521 132 673 173 320 315 643 546 513 244 538 654 165
412 488 385 372 360 424 429 528 439 383 425 504 395 526 523 399 394 349 502 416
640 688 134 605 190 736 656 665 237 151 183 663 673 231 675 194 658 160 757 181
897 953 894 993 876 980 857 905 853 848 971 868 956 976 872 852 951 937 926 918
278 320 267 266 368 245 362 332 226 239 263 282 610 541 623 334 273 242 256 522
394 488 495 387 378 449 424 522 472 383 388 498 396 460 434 507 517 461 524 401
287 361 325 511 275 520 397 475 498 317 503 289 390 237 236 384 221 291 367 483
219 247 311 165 231 235 197 175 166 534 240 298 648 649 271 205 250 619 262 163
955 996 974 985 889 970 912 879 952 966 892 883 967 1024 1010 1008 973 915 979 891
47 68 6 21 38 85 64 7 1 79 65 25 3 40 16 12 69 75 114 15
646 661 219 159 208 239 545 649 663 233 619 131 627 138 651 662 152 666 687 675
13 1071 9 10 1052 1 1025 1050 1046 1075 95 47 1042 27 106 108 34 116 29 31
127 1023 14 1028 110 1022 149 170 8 1039 111 1016 651 627 100 120 1035 103 15 144
670 696 753 731 616 596 723 643 736 780 726 537 667 775 637 598 655 541 765 692
136 645 649 204 1015 626 127 548 551 521 185 590 667 118 106 662 139 536 235 117
308 532 286 283 654 554 576 574 625 235 660 259 595 500 309 344 506 575 356 254
726 766 713 696 893 668 717 799 805 749 728 680 715 760 750 719 675 812 670 727
218 609 510 234 330 626 222 311 539 166 292 162 214 649 607 240 212 333 679 228
522 577 362 646 357 584 266 653 585 564 661 626 358 645 634 508 561 673 580 342
244 646 198 531 292 661 293 131 272 232 270 601 610 692 215 536 242 691 204 548
350 487 390 387 427 513 374 529 397 267 498 523 454 450 438 491 369 271 424 365
178 225 175 228 232 126 299 628 186 625 163 189 144 641 252 288 138 188 605 293
938 979 862 887 869 875 961 906 924 934 937 911 999 919 976 877 920 876 894 921
581 674 727 607 598 532 622 525 539 673 688 538 730 631 737 697 591 583 531 602
406 457 373 470 490 505 482 405 431 486 451 412 472 413 388 425 459 497 474 427
414 459 474 388 499 431 489 503 479 494 435 481 498 382 421 495 476 423 504 438
680 700 658 757 618 713 698 724 570 579 726 648 615 562 741 632 645 586 794 637
720 785 706 865 824 801 667 786 794 766 828 690 807 885 821 808 666 832 675 820
605 684 739 315 645 644 639 763 699 671 550 784 664 702 603 512 545 722 685 658
750 853 739 774 792 818 751 756 679 824 717 844 848 693 715 884 873 767 735 843
539 675 576 584 500 565 668 588 728 663 580 636 740 506 669 605 575 698 641 639
1014 1024 132 1050 148 163 998 151 14 111 155 10 1048 103 107 1004 110 165 119 26
210 237 277 179 261 243 245 214 161 313 629 166 158 601 228 235 208 230 288 174
713 725 687 659 855 867 736 731 727 671 709 854 745 754 800 688 799 771 836 748
401 409 385 373 411 400 492 435 437 465 418 389 372 431 375 463 417 428 378 364
739 838 782 865 779 753 832 741 826 844 788 725 846 726 820 734 807 749 805 746
567 687 679 676 637 736 682 645 756 776 590 602 642 741 584 528 717 595 656 605
175 218 123 209 185 129 610 614 251 609 235 179 152 162 256 198 145 615 648 169
149 170 127 213 207 211 102 1030 140 227 639 92 142 626 190 148 218 108 98 101
404 502 445 381 463 544 357 403 452 427 482 371 355 369 547 366 475 415 519 517
901 983 960 889 907 953 867 855 877 891 939 893 915 997 912 933 908 962 1010 965
3 1033 22 45 1 46 97 1050 48 1064 1027 1029 100 18 90 89 1025 1011 19 49
366 379 484 459 403 285 293 417 355 369 289 389 299 371 396 297 342 392 266 456
766 857 717 748 797 752 840 791 682 786 800 700 765 891 802 684 938 900 830 889
602 666 533 720 540 639 542 710 238 509 636 503 619 622 709 513 698 556 721 702
272 338 628 268 281 264 238 285 257 343 332 255 340 241 218 618 275 316 210 524
1036 1066 1015 21 1034 1041 1059 1032 1075 1068 1007 1057 1052 1037 1010 1067 1082 1039 1005 1081
966 977 898 1004 932 905 978 886 901 986 950 965 873 989 924 902 930 885 880 878
679 785 706 657 702 577 710 864 735 810 870 746 849 806 607 837 856 593 608 854
