272 293 2024 218 230 248 2008 1389 1343 404 1401 2018 1995 379 206 405 1355 1384 28 2010
104 511 81 550 77 711 518 1467 472 474 537 675 111 540 180 508 1495 1453 482 2015
560 651 717 526 728 654 1472 748 565 1549 721 491 614 537 121 626 129 747 1486 618
1477 1502 2003 660 743 683 165 1529 188 472 703 542 119 688 548 710 65 186 1431 83
275 285 413 2018 433 387 221 1374 331 1988 2013 35 1370 379 380 1411 300 1352 213 2006
14 1947 59 1253 71 1340 1973 1931 318 296 1334 46 1921 70 40 283 1925 200 1234 303
157 676 2029 1533 1447 103 167 709 661 707 1525 1415 693 1512 722 1484 510 649 92 520
108 694 558 675 1467 716 665 1492 163 743 85 1522 1502 155 127 1993 149 543 170 1984
1456 1504 1967 1968 1973 149 44 689 1491 98 688 685 489 1421 533 1447 1958 744 184 1533
430 1379 1405 7 314 67 343 1380 1373 329 309 277 221 203 2027 48 233 1394 1416 225
788 923 941 1004 1518 724 1525 912 795 739 1530 970 807 946 952 985 1009 1560 817 911
178 1466 484 1490 159 1350 522 1415 486 515 481 475 1988 1351 1495 1470 1390 1979 1448 1345
380 2011 299 1382 234 441 323 328 408 1477 191 290 274 273 370 1455 27 1439 244 320
600 1520 933 535 729 513 529 631 686 1532 136 752 929 900 727 691 659 717 520 608
482 1424 507 696 1474 181 679 464 1451 518 185 550 2024 1967 2028 1394 176 540 1420 34
1456 1498 151 1956 711 722 702 493 48 491 1408 99 133 540 150 137 670 2001 748 2019
1728 1761 1190 1211 1696 1934 1702 1138 1146 1143 1782 1781 1743 1236 1243 1700 1240 1204 1907 1719
570 687 489 1467 97 690 532 599 699 559 506 657 1503 603 521 479 156 1485 680 516
497 1511 170 104 769 1541 1538 496 1545 764 925 942 772 95 152 490 626 747 105 730
1273 1323 84 1346 1302 23 1950 1344 2004 35 1182 1296 1171 1241 1977 1932 73 1162 1938 1914
1534 1556 919 775 1563 742 1566 888 671 739 1573 561 891 785 1545 674 1548 825 562 908
880 901 792 1562 1589 851 827 759 1549 936 753 882 1555 942 787 850 873 920 847 800
167 468 694 197 460 212 154 149 1988 1404 431 538 1400 1376 425 73 1455 1432 493 1497
797 1551 829 913 937 758 956 824 640 1560 1559 1558 823 952 835 1545 1530 804 919 907
472 523 1977 72 109 178 1401 525 1438 2020 154 499 1352 168 85 1462 1353 1464 1492 114
112 160 471 1505 140 107 97 186 2018 538 1999 122 691 118 162 78 544 1431 547 113
1165 1258 1265 1243 1319 1746 1740 1904 1304 1955 1225 1270 1204 1794 1931 1203 1263 1211 1254 1782
638 655 515 654 1510 750 590 1500 693 545 543 629 1547 711 734 535 1540 695 1501 607
205 309 29 322 1354 1399 1384 208 227 425 16 1985 456 1965 1424 2005 403 218 214 191
1395 2004 473 161 308 251 1985 1440 1370 280 492 1420 1397 95 240 439 339 92 451 1484
207 1389 185 287 37 314 337 1441 1343 388 258 88 93 347 438 283 431 1411 393 2015
335 359 1336 1385 2014 33 1380 361 230 322 1359 39 353 237 254 362 1984 229 1424 1381
305 1360 1950 332 418 1375 297 12 270 367 362 182 224 466 83 416 1376 293 1342 1377
1691 1712 1685 1667 1656 1653 1147 1686 1654 1689 1666 1144 1153 1141 1151 1731 1139 1664 1736 1672
100 194 2023 43 679 45 687 468 201 90 1469 93 502 1391 1993 1987 1504 37 1474 1967
84 120 530 516 357 10 1476 2028 509 1495 706 69 1345 487 174 160 1367 455 1987 138
76 127 514 555 354 471 184 1480 104 2017 1954 1367 1459 348 119 1453 124 571 517 151
752 998 935 923 797 990 909 901 799 988 786 798 968 1521 993 704 946 965 898 943
4 340 2008 1373 88 379 1977 338 1312 416 1386 245 1302 184 1421 64 1367 392 1333 1415
168 476 154 70 508 1402 1992 1450 162 496 1382 141 129 518 1984 1483 454 1339 146 176
302 1345 1969 1339 2 1381 179 1358 203 6 190 1952 1362 306 340 1357 91 469 240 81
453 2012 2014 1339 286 216 321 398 1461 334 1416 98 222 1450 1438 329 420 190 363 1978
129 570 1473 524 556 585 582 1510 642 1517 1508 1422 596 564 489 173 84 1483 181 1465
95 457 371 138 1508 493 443 533 1467 537 105 541 131 1507 517 193 1990 165 1429 75
280 1398 501 274 16 240 2025 458 381 55 1358 1432 2015 353 375 1363 226 410 433 93
37 53 89 201 1396 19 1390 1328 337 1953 286 31 199 1437 205 1948 341 24 1438 352
195 1441 2028 1353 497 1404 442 1991 187 145 171 1963 475 1489 191 2019 1442 15 521 1336
153 537 566 564 573 1434 565 1511 508 90 1512 1461 710 1513 183 484 706 1440 1409 187
242 1344 389 221 1996 386 76 362 437 202 285 388 244 2005 192 2013 400 1402 64 469
1192 1916 1903 1300 1778 1898 1755 1803 1737 1919 1288 1205 1805 1240 1277 1152 1271 1166 1791 1946
108 1391 473 437 47 209 378 393 701 333 554 94 352 135 538 465 1413 1958 375 696
748 767 755 986 1558 751 1515 915 885 656 936 666 972 671 983 1539 1519 984 764 891
1213 1794 1164 1169 1823 1248 1208 1800 1947 1311 1235 1250 1228 1768 1784 1176 1905 1245 1187 1945
357 1403 489 460 2021 443 1990 165 303 1971 1412 1402 473 118 339 1397 272 218 336 231
311 2003 191 301 204 455 2002 271 1970 244 89 188 1410 1996 409 193 235 439 1348 2013
201 1395 1403 56 1997 353 166 340 1334 215 423 196 432 14 483 177 244 118 463 2022
878 897 1523 829 821 842 979 937 951 927 1522 973 758 964 783 828 764 935 1541 1535
268 1987 194 1462 1466 1371 434 244 70 1339 405 179 379 306 483 403 1316 88 97 293
291 369 441 50 53 211 20 1368 349 320 386 307 7 2001 1999 258 6 1997 1392 1966
1180 1278 1754 1186 1241 1199 1927 1746 1748 1292 1755 1223 1959 1923 1786 1327 1802 1920 1968 1235
912 999 989 771 1524 1549 786 813 982 1531 971 1550 815 958 927 875 884 986 775 1563
394 1369 390 1969 265 321 101 174 401 310 1387 367 362 343 329 386 264 51 429 216
804 869 1581 959 1582 801 929 936 848 881 840 893 803 1523 771 909 856 1546 885 860
903 1000 799 982 983 961 816 803 1032 918 1554 942 1023 1524 1521 973 1570 994 902 883
1444 1979 130 285 474 330 128 1451 180 178 1428 1423 1504 182 59 301 312 289 2013 506
81 142 1427 506 1968 1994 1960 180 511 660 1464 1970 695 9 160 467 72 112 697 1503
923 1009 993 957 934 1510 1033 745 1023 943 1523 805 914 935 750 1006 967 1552 786 964
1251 1952 1281 1429 1756 1179 1766 1797 1239 1331 1227 1217 1329 1938 1241 1905 1253 1294 1193 1213
44 1303 194 70 1312 1971 1203 66 1205 25 1320 1332 308 29 1241 1327 1223 340 1202 1230
285 1992 358 207 1479 1956 1458 9 438 240 1362 422 1991 1340 396 33 1417 295 482 441
1467 1492 564 679 2003 482 2017 1429 658 177 648 660 103 544 63 663 1440 2002 1991 518
1438 1996 1995 1447 1968 72 1971 256 391 1331 1998 297 358 1478 84 1954 334 1988 18 538
1922 1931 1915 1929 1278 1772 1214 1160 1176 1916 1769 1154 1921 1751 1170 1766 1172 1765 1761 1951
378 386 1382 450 1362 269 1386 279 276 1368 272 1379 294 438 1373 303 313 277 285 1392
181 1995 361 134 2015 135 1476 207 383 231 1335 1467 1470 1344 1502 1385 56 168 1347 1379
892 1525 621 589 813 558 596 1543 901 799 560 811 1540 605 601 748 726 1499 1548 597
666 1497 558 1546 642 100 181 657 1483 1550 612 503 518 161 139 553 1462 1521 577 1545
89 455 434 58 1985 113 1435 93 1422 1368 1405 2011 215 2003 185 409 1454 1376 2021 466
807 857 850 864 896 1555 775 929 814 785 1532 1580 949 858 935 948 812 1565 907 797
1430 1985 146 128 40 2029 54 52 453 322 475 1316 320 482 90 106 1976 1415 1988 73
371 436 1413 1991 442 455 440 276 1435 2000 250 409 240 1987 1418 1431 2011 220 199 414
658 706 731 614 639 501 1464 1485 701 627 615 1472 621 724 569 633 585 520 552 124
1230 1946 1789 1235 1319 1932 1165 1269 1195 1227 1787 1342 1760 1171 1202 9 1772 1349 1948 1168
888 1543 1583 1539 821 667 644 835 970 636 943 842 794 956 669 1521 1509 944 971 1564
606 1509 1454 170 632 937 726 696 1471 1493 98 1522 1468 515 111 516 712 584 485 114
892 904 962 1563 779 975 1529 1527 951 1549 1557 1004 931 822 1589 829 793 1535 922 875
781 1561 982 1584 962 911 772 1586 1577 774 943 990 925 1572 801 746 900 1524 808 879
1278 1924 1276 1321 1293 1255 1301 1285 1744 1231 1770 1298 1314 1963 1186 1776 1206 1267 1251 1750
177 503 171 202 180 59 1475 66 1482 449 125 1337 72 351 105 516 544 1984 65 1460
1308 1971 1287 1972 211 1456 1285 1254 1938 1 202 1444 23 1409 1939 12 1418 1305 1430 277
102 1475 1466 163 81 678 123 489 1999 2025 679 513 538 540 184 111 159 88 557 537
824 1548 561 797 563 919 776 785 820 795 781 1519 624 803 852 921 794 892 891 923
210 475 196 341 505 1383 1497 160 525 1993 406 465 85 123 103 397 429 1428 2016 326
732 1493 945 656 708 671 170 773 1452 935 664 726 979 710 116 696 711 177 962 648
1189 1251 1184 1217 1244 1303 1212 1305 1280 1938 1176 1956 1230 1784 1917 1800 1289 1940 1231 1174
1197 1926 1767 1782 1273 1911 1204 1235 1939 1763 1219 1254 1925 1162 1914 1748 1309 1281 1758 1232
208 1399 1434 1386 56 81 1983 2000 1973 418 2019 114 2004 475 1411 349 2005 330 433 474
426 1365 2005 480 212 1965 424 2006 1375 394 61 439 199 88 419 70 1360 374 2007 475
390 2017 1356 306 1366 324 473 82 365 232 394 214 319 80 2000 1446 1413 84 297 381
303 349 1377 254 2017 69 15 12 227 421 2026 272 2023 368 1348 34 1349 306 1407 184
772 917 1559 771 926 749 1008 950 730 791 731 964 1532 882 1527 1518 886 893 895 997
119 1424 472 78 485 1479 442 24 541 689 1950 709 522 701 377 529 87 1452 676 439
205 2008 366 449 1970 1381 466 420 1327 471 240 1425 1353 1415 338 220 1330 428 233 423
232 363 443 426 405 437 250 2022 1430 299 1410 343 218 247 318 243 2012 421 281 27
135 1448 492 1443 686 1418 1420 504 1997 1518 697 127 170 94 480 1462 1497 699 1522 691
1274 1326 67 1344 1991 1171 1941 1206 1218 1943 1935 90 36 1339 1347 1927 32 1173 1789 189
765 898 880 1550 1570 1541 945 784 1534 970 813 958 816 993 921 924 988 959 1001 740
271 1388 1369 199 207 189 204 448 412 89 481 313 459 314 1396 384 281 180 243 368
96 511 1400 1399 690 144 1980 1994 1448 166 454 1461 1343 2019 456 84 493 1487 129 494
888 1582 870 1539 831 963 1610 1527 952 1609 925 981 763 910 901 1542 877 805 839 819
503 2013 239 1441 487 358 138 443 1436 137 289 1510 113 266 1460 1513 2026 1445 507 230
579 640 637 520 581 1544 543 1536 1554 535 533 635 620 514 660 632 1482 603 593 679
599 1517 159 158 676 525 145 1496 675 566 777 127 541 564 1489 1549 606 594 598 156
872 1563 919 804 816 893 847 1588 784 856 892 903 886 866 880 1572 1578 842 1585 1558
140 1511 760 1515 156 716 165 554 710 1422 1417 792 1508 936 1547 1498 470 581 473 1540
451 502 409 220 491 495 192 440 432 1990 568 1498 1442 436 532 2011 1432 1421 519 183
333 1406 236 508 387 199 443 153 297 460 105 102 342 345 147 1447 374 104 2003 415
334 1335 2004 390 80 364 1391 1363 2017 217 190 277 362 36 306 324 34 171 235 1980
753 1517 745 545 691 914 784 155 794 727 131 1546 900 790 1515 147 621 966 902 1504
1662 1691 1705 1676 1696 1146 1712 1719 1684 1697 1692 1730 1717 1671 1657 1715 1646 1650 1690 1678
479 1489 677 714 70 1355 149 1419 1461 511 1434 698 72 116 694 446 681 187 485 148
58 356 83 31 1403 1313 1465 1393 1399 77 397 327 1981 1959 1960 1946 173 22 1995 364
523 581 150 549 1529 156 536 564 498 653 1465 152 534 634 115 103 569 172 110 483
102 2015 431 1345 268 2008 407 1447 396 220 398 680 416 446 1419 284 1392 1472 321 173
297 1999 441 191 1389 1351 1452 256 338 102 455 460 1959 9 2011 372 1449 301 326 187
554 690 555 678 497 481 95 654 102 483 676 507 156 1528 503 1474 581 693 667 522
674 730 716 1494 567 133 680 1528 483 555 928 1522 590 123 738 1508 492 151 178 1477
286 324 241 202 1979 1359 2013 1975 1396 383 34 1349 414 48 20 299 1406 402 1414 428
404 446 418 477 1371 2002 191 292 228 1374 476 1387 439 193 204 240 241 412 1415 402
293 1992 21 215 18 91 1393 1359 85 384 1422 388 1469 1475 1461 351 1315 2029 457 284
1196 1760 1279 1300 1251 1742 1197 1783 1298 1941 1784 1285 1781 1163 1258 1225 1184 1736 1928 1722
1930 1947 1783 1916 55 1782 1166 1252 1234 1180 1238 1929 1938 1255 1161 1963 1749 1341 1192 1219
548 708 671 749 1532 173 695 756 141 1474 553 175 527 694 645 1464 730 1483 137 709
893 911 1011 945 989 979 983 1571 875 1524 1008 981 781 1576 920 988 972 1556 751 815
180 1364 344 520 179 360 289 46 2006 1448 44 397 261 149 304 173 358 429 296 226
98 1399 237 63 259 2008 2027 349 66 1967 193 1460 2019 675 67 1401 1970 1476 557 1402
64 1460 1481 173 135 107 197 2009 1308 46 551 198 529 1338 526 681 115 1353 181 2012
22 1978 96 1984 1380 304 1327 2002 1383 1418 1965 1421 227 1390 182 328 2010 58 316 203
730 765 764 741 947 687 771 763 674 946 905 735 706 738 798 793 653 914 690 973
771 942 996 772 794 1002 786 1508 1533 926 758 730 1548 961 739 804 891 1515 984 982
111 471 1443 154 680 88 175 511 1389 677 504 685 1477 537 144 477 1386 2013 526 1395
447 1993 173 456 169 504 387 1956 505 1424 1411 189 2011 168 113 188 224 1367 1371 438
819 843 1567 901 900 890 1533 1541 1574 808 850 854 841 861 1535 853 789 864 886 1547
379 426 1379 250 246 204 257 1410 2000 389 281 463 1423 269 1389 392 432 229 393 2006
1173 1219 1927 1206 1788 1169 1209 1227 1795 1947 1274 1797 1226 1259 1196 1195 1289 1159 1279 1280
378 1365 245 91 439 347 85 355 1964 1962 97 1971 331 377 1995 2028 401 71 84 200
199 1376 221 166 256 417 397 1962 1977 401 268 2012 467 2005 44 4 341 78 1419 306
1435 1495 1992 444 573 2016 478 1522 553 1991 1983 546 381 116 1439 382 701 1515 720 378
922 978 1011 913 1551 1561 931 753 1549 1521 901 1524 1513 1025 943 1528 1514 1559 877 915
218 426 367 358 335 469 242 324 1396 1995 2005 1395 1991 1343 257 382 304 1988 1403 438
