1421 1462 1438 1474 1445 1347 1455 1330 1479 1351 1419 1489 1397 1465 1415 1458 1444 1400 1412 1395
1375 1394 1371 1402 1266 1367 1401 1379 1276 1389 1349 1334 1352 1409 1385 1362 1265 1279 1267 1421
773 855 750 1001 1868 787 659 999 792 1863 1884 1840 795 888 1861 1841 859 871 896 759
907 1905 956 1031 1922 865 935 1011 1896 898 896 903 756 938 939 1023 886 893 1856 769
1590 1647 1504 1656 1585 1600 1536 1696 1552 1798 1514 1507 1533 1542 1778 1627 1680 1792 1705 1673
1538 1708 1485 1703 1649 1570 1660 1511 1651 1725 1626 1632 1578 1629 1548 1523 1756 1475 1744 1658
1373 1404 1269 1374 1368 1399 1414 1354 1452 1448 1382 1408 1299 1420 1331 1370 1279 1257 1310 1294
1530 1699 1762 1547 1539 1671 1617 1710 1664 1571 1647 1758 1492 1521 1618 1628 1756 1775 1551 1774
1044 1065 43 1086 1952 1962 1036 1053 1011 1936 1088 9 1052 1946 1925 1989 1015 991 1995 37
387 439 1199 1233 530 223 392 505 1214 1221 1225 517 422 512 225 224 420 1219 485 480
813 1822 1868 1845 792 845 1797 787 1863 880 1838 732 1790 811 738 751 737 1866 657 834
893 1021 900 921 1057 1892 737 833 973 1969 930 1901 1904 919 1947 859 1855 907 989 1066
724 740 1869 814 881 672 879 854 890 877 864 734 1863 683 731 865 762 718 834 1884
1012 1854 779 1819 1862 747 811 967 1008 895 1894 1953 1896 955 745 1055 1901 985 910 1872
1510 1745 1670 1765 1584 1586 1776 1638 1637 1551 1520 1787 1764 1698 1644 1546 1537 1711 1483 1667
851 1854 1018 918 1878 952 1896 1818 862 1026 938 976 820 1825 766 768 1027 1824 887 945
46 1938 1068 2004 1913 1923 1063 52 1933 1040 1922 70 1043 1945 1928 14 1079 49 1912 1087
222 272 199 381 1176 312 289 345 165 1216 267 347 182 285 330 215 1158 263 313 1132
904 1017 1014 1944 1867 1869 749 876 1057 756 1981 1876 1842 964 995 1015 1882 763 844 900
943 1831 811 968 745 902 851 1828 967 747 1026 919 897 1027 1814 1865 770 1843 814 1886
1631 1796 1637 1851 1583 1551 1782 1643 1578 1641 1791 1658 1764 1565 1618 1773 1562 1845 1636 1705
215 375 173 196 236 195 1194 359 241 193 1208 430 155 1138 410 264 1206 266 424 362
48 1970 1033 38 32 1092 1080 1041 1945 1082 58 1930 1961 1032 1051 1014 63 1015 82 1059
1344 1436 1300 1391 1454 1339 1321 1335 1353 1269 1314 1424 1322 1408 1401 1307 1363 1316 1386 1332
1010 1036 889 1063 1909 1857 835 957 1003 999 979 1958 1006 1901 1845 884 68 941 1051 1908
1175 1198 310 198 1208 275 276 1180 301 257 305 191 1176 309 1188 1154 290 216 1142 1139
1463 1475 1437 1461 1517 1481 1510 1719 1422 1500 1518 1435 1468 1713 1446 1445 1457 1496 1469 1414
62 1995 1113 2010 150 1072 1035 1941 1100 1079 13 1999 1974 146 1112 2005 83 1922 1923 38
58 1038 1949 1085 1971 1989 1058 1 1078 1972 1976 1059 1000 996 1022 68 988 1964 1874 1940
1062 1940 19 14 11 38 1023 1021 1089 2004 1924 1921 1951 30 1039 1916 61 4 1024 60
488 603 442 564 543 469 478 552 450 625 462 464 595 628 426 434 465 571 592 443
750 862 1827 749 900 788 1860 685 807 855 795 791 841 745 872 670 813 1850 903 695
864 921 865 1893 665 1880 775 991 954 880 1901 1021 735 1015 875 981 898 841 923 668
234 402 235 520 1205 1206 405 361 358 351 212 170 387 163 510 173 388 428 502 516
1558 1669 1640 1774 1657 1801 1735 1711 1571 1641 1663 1658 1553 1718 1677 1724 1706 1708 1557 1530
1344 1415 1437 1346 1345 1402 1351 1405 1390 1308 1467 1280 1347 1330 1447 1326 1295 1299 1336 1324
494 524 628 593 445 382 435 482 557 384 440 1237 1239 401 521 501 249 589 441 250
658 763 860 909 899 1877 858 1855 821 810 685 624 644 793 886 1856 741 791 737 774
844 1885 861 668 778 1839 900 897 802 1834 1898 956 1855 789 973 1015 1853 939 1875 732
833 1845 1788 823 880 1847 1791 1802 812 884 1875 988 799 780 986 1867 1004 978 952 793
830 1872 915 923 1029 1000 903 952 975 1834 1892 1036 1858 1843 945 925 1016 897 998 883
1504 1733 1544 1663 1701 1778 1676 1588 1494 1506 1706 1478 1679 1556 1501 1757 1548 1731 1718 1481
738 1856 844 855 1002 827 774 687 1878 895 994 840 810 1871 701 671 813 794 666 869
1579 1673 1680 1651 1532 1631 1731 1755 1598 1615 1583 1517 1667 1554 1623 1678 1696 1572 1710 1695
1378 1405 1357 1279 1288 1387 1297 1295 1438 1383 1310 1354 1449 1435 1402 1346 1257 1311 1265 1260
1055 1931 1946 66 1932 1940 1982 1064 1013 1964 12 1952 1042 1063 1948 80 1067 1947 18 1933
911 1894 1867 926 826 1836 990 953 910 870 1913 1004 860 959 941 1860 1865 929 1912 938
91 160 1137 1114 1998 198 1074 68 1087 62 47 187 97 75 1108 207 1125 1980 169 1118
400 409 392 429 528 440 496 504 414 494 499 1231 487 396 363 265 1221 454 251 234
251 517 432 532 540 264 188 387 628 413 217 1203 433 360 267 412 385 211 417 206
834 914 744 751 1863 763 670 1820 1886 960 1888 811 1887 944 803 1851 1907 755 888 894
430 459 446 422 244 390 247 373 243 449 414 426 493 472 413 417 445 485 450 437
1656 1793 1828 1839 1633 1653 1835 1542 1709 1811 1509 1572 1565 1639 1626 1546 1800 1521 1851 1760
816 843 1897 873 791 1016 792 819 900 659 790 741 1841 749 795 1840 1870 1887 905 651
124 1117 1114 3 83 1103 2019 160 107 7 97 140 112 94 1125 1113 1097 1082 141 114
676 856 647 796 869 844 1882 765 1846 774 730 1854 681 868 1823 1006 1836 801 767 826
46 1928 1061 1961 16 1037 75 1079 1954 1059 73 1065 32 1918 1094 1938 1043 1075 3 1073
1528 1580 1625 1656 1782 1534 1724 1734 1632 1744 1680 1788 1517 1586 1598 1785 1784 1759 1748 1582
17 1101 139 137 151 1965 146 1129 1925 152 1114 55 148 15 117 1053 1921 1987 1104 175
183 367 253 370 1186 211 276 302 310 1211 1180 1179 340 403 423 239 172 1136 235 389
266 354 204 345 383 309 1180 399 320 185 1195 301 219 188 279 226 1190 206 203 1143
768 1842 962 769 777 841 763 1010 1005 771 1022 1881 729 901 861 999 1009 831 814 688
1634 1792 1622 1760 1778 1565 1584 1698 1815 1521 1833 1819 1638 1678 1702 1677 1780 1599 1522 1600
789 1859 820 881 1814 1816 1005 925 890 1832 1011 1821 868 1019 1888 663 1003 1833 669 894
129 2033 1118 1093 2030 3 7 1097 1121 1102 2001 1122 1117 2035 21 1110 1116 136 12 102
117 2014 1102 1101 129 1096 1997 12 2010 114 18 112 2039 92 1085 1112 2009 26 127 22
1913 1932 916 1998 1021 52 1989 1073 23 21 72 997 2006 1934 1888 56 1071 907 1914 70
78 1970 90 1931 1978 1024 103 34 1128 1993 5 37 169 154 1086 101 9 59 1046 1994
413 524 405 214 619 549 221 559 526 612 451 376 551 447 380 244 246 531 1226 254
539 632 569 516 510 508 581 487 601 504 625 627 659 520 565 530 495 557 493 489
807 859 1816 890 751 893 766 754 876 639 872 637 803 1869 645 833 824 817 1841 1835
1080 1951 26 48 62 2002 2006 1073 1028 29 1089 1077 88 1068 1104 87 10 1948 163 13
193 373 320 275 1197 236 1128 334 212 421 244 398 1219 1224 233 331 306 258 1163 1139
1297 1395 1343 1269 1364 1279 1258 1370 1355 1396 1411 1341 1291 1406 1380 1356 1360 1377 1376 1329
998 1037 1844 1922 942 1034 970 1828 1069 1968 955 910 55 1878 976 941 1877 1042 59 1853
686 824 665 1849 1829 1828 1827 778 760 895 743 874 1869 747 1832 867 702 805 769 804
165 1096 271 201 87 1986 1133 2 101 65 188 217 1121 159 15 2034 1146 1135 98 70
90 1976 31 1112 9 74 1938 23 83 84 37 1075 1103 48 1022 1928 1118 1930 1990 1016
1175 1200 1172 387 225 249 257 1171 364 391 251 384 291 1199 346 1156 374 1205 259 248
747 798 728 843 823 916 745 895 1869 731 828 736 1829 659 654 1870 790 640 825 1835
324 1194 266 291 298 1140 1174 1172 1200 1176 350 301 272 292 1217 1198 201 1193 1142 259
197 1161 183 351 162 311 161 297 334 1187 1185 1199 308 304 182 205 370 1172 1145 293
767 1876 751 788 1029 853 662 731 1862 658 974 867 1020 1888 793 883 653 728 975 838
39 1967 1970 54 1087 1912 1027 1033 1959 1046 72 52 2003 2010 1088 29 1942 1921 1058 1983
880 903 1871 808 744 1029 864 881 871 1003 736 1000 867 1009 999 742 902 909 863 1014
894 993 929 766 859 1904 755 1042 974 937 742 884 1891 1883 1012 1029 924 1915 939 765
1657 1785 1698 1555 1796 1621 1656 1568 1511 1696 1685 1554 1582 1797 1624 1528 1802 1695 1648 1573
1048 1925 1082 49 40 1949 1072 1031 1017 1989 2006 1988 30 65 1946 1997 1006 46 53 1029
1522 1553 1562 1663 1502 1702 1723 1779 1587 1661 1571 1708 1710 1668 1554 1742 1550 1738 1704 1694
191 314 318 1129 211 286 1205 1160 1136 1134 269 1180 208 323 309 342 1168 284 297 308
108 120 1095 1124 2000 135 164 110 2032 161 122 1113 2006 1107 155 157 133 2027 145 165
120 2023 108 1121 2009 1093 22 129 1105 93 1996 2007 2037 11 95 1107 121 143 2019 13
1811 1852 797 739 1804 785 845 1634 932 943 1027 1870 966 1858 1872 1633 1800 925 899 854
1586 1661 1531 1635 1610 1526 1696 1663 1699 1791 1683 1731 1786 1727 1726 1681 1698 1643 1668 1776
235 424 432 511 237 1220 252 513 448 1208 366 399 213 442 364 267 519 353 441 505
1723 1768 1671 1477 1544 1573 1713 1697 1554 1725 1782 1580 1707 1542 1680 1490 1665 1571 1781 1516
528 558 637 548 512 630 489 540 523 505 491 387 404 385 589 1229 467 590 401 476
1013 1852 1798 1958 894 752 1957 1849 771 927 993 828 966 790 811 892 1833 769 1964 836
165 1099 74 19 139 236 81 1141 73 2032 1122 264 192 80 2016 1110 1117 1116 1108 1081
315 1146 330 303 363 1181 181 264 352 357 362 336 283 1184 1140 262 185 295 201 207
1140 1192 366 285 323 358 1161 255 1190 212 293 188 179 219 331 1133 215 156 1147 1170
202 282 192 163 224 318 332 1139 295 1153 225 198 180 312 300 156 273 351 1171 1147
2001 2011 1937 37 123 9 97 1985 13 2026 1988 1951 2006 1919 43 87 1114 1073 1077 1932
240 419 226 235 387 1223 204 255 223 421 1205 385 257 501 523 218 404 527 433 508
1322 1372 1330 1409 1361 1285 1350 1337 1404 1406 1405 1347 1341 1399 1317 1305 1437 1397 1268 1303
829 899 858 831 844 786 744 675 994 823 920 799 819 1843 845 1897 1020 973 912 944
1262 1272 1383 1371 1373 1342 1390 1290 1251 1284 1258 1248 1306 1398 1310 1261 1282 1346 1307 1387
768 795 903 856 658 848 828 802 866 739 729 783 1818 797 816 901 737 889 1822 1869
747 1849 956 1014 756 809 694 932 1020 943 1016 1009 742 1832 1799 738 790 869 874 1810
9 76 90 1103 2002 1088 12 1053 1117 60 1075 1957 1948 1997 102 104 31 1077 2032 83
1574 1655 1527 1600 1795 1630 1796 1512 1714 1633 1669 1532 1618 1599 1566 1563 1626 1690 1679 1627
1550 1654 1542 1804 1505 1563 1590 1551 1705 1528 1516 1629 1603 1697 1641 1698 1497 1720 1582 1718
1325 1410 1358 1333 1387 1367 1288 1428 1427 1287 1431 1468 1455 1435 1391 1347 1409 1350 1359 1330
69 1970 1957 1933 1998 1030 1014 2001 82 43 1968 1061 1057 1940 1937 1026 26 78 1983 1063
1085 1129 2011 178 103 1106 67 172 61 1093 1945 1983 2002 195 1131 187 34 1109 145 1979
20 61 2018 1969 58 1968 1953 2035 72 2009 1086 1060 1983 2001 1063 1966 1120 1083 3 1974
959 1903 1857 930 943 958 946 1878 953 1005 1895 963 1907 1026 1892 1914 1869 902 883 885
979 1027 1031 1897 1901 919 993 1975 1898 985 1984 888 1847 952 1864 63 1033 1964 1990 973
1663 1800 1622 1657 1545 1708 1815 1776 1623 1781 1806 1551 1846 1827 1689 1539 1538 1659 1593 1834
1565 1701 1757 1650 1761 1593 1581 1709 1717 1623 1740 1638 1705 1576 1675 1745 1597 1756 1570 1496
1522 1635 1724 1682 1699 1809 1804 1656 1783 1799 1726 1552 1484 1608 1811 1714 1529 1737 1697 1551
1018 1918 944 1930 1860 1052 984 1865 1914 952 17 60 56 1843 922 945 1047 991 982 1921
1572 1610 1608 1702 1788 1594 1547 1689 1609 1597 1664 1639 1577 1521 1785 1683 1791 1513 1599 1642
655 812 633 807 829 797 759 1847 632 800 885 1827 668 774 871 840 796 663 784 1859
842 1834 976 852 822 920 1814 1848 1800 1876 1000 1022 1852 816 997 792 941 800 861 746
1262 1376 1401 1373 1264 1299 1350 1303 1301 1270 1247 1366 1306 1367 1292 1370 1308 1253 1261 1288
359 1185 284 1187 1168 262 382 222 1144 1192 1195 178 1199 1145 275 354 1220 330 344 185
907 977 970 1913 928 945 765 979 824 906 939 835 1033 1856 1011 969 951 983 841 890
753 812 885 649 880 889 1872 1851 759 867 1842 666 783 670 807 784 757 1839 848 876
1513 1621 1806 1553 1579 1630 1644 1518 1476 1738 1620 1759 1570 1624 1774 1702 1607 1734 1796 1541
267 330 164 1150 346 235 361 175 237 283 1153 348 311 1147 337 239 195 372 315 1158
1057 1990 1917 1954 1952 1955 18 1093 1964 2006 59 1099 81 2002 47 104 1040 1953 1041 1061
1541 1617 1645 1588 1606 1648 1637 1498 1560 1767 1692 1567 1558 1509 1631 1735 1598 1664 1556 1688
996 1045 1918 884 1842 1841 919 68 1943 828 1929 52 1992 1061 54 840 1983 34 845 1076
738 830 1870 822 890 855 758 995 1866 850 672 694 1861 921 1826 814 784 879 682 735
1532 1665 1574 1545 1802 1610 1489 1807 1492 1666 1718 1804 1800 1535 1528 1796 1703 1558 1787 1727
70 1998 1944 1960 42 49 74 12 1925 1947 113 1994 117 1989 20 1954 1993 1110 45 89
70 1044 17 12 1051 29 1954 31 999 69 1980 1058 986 1952 1921 1957 1932 1123 75 96
369 387 1134 180 1201 441 424 1192 218 1206 222 217 371 389 341 1232 1207 1150 516 1218
73 1063 1080 51 1098 68 17 45 1093 1099 155 1959 1056 76 2004 1050 22 1957 1064 1925
1524 1566 1732 1478 1489 1767 1521 1668 1479 1549 1637 1707 1504 1708 1543 1640 1659 1626 1608 1684
531 1241 503 1229 1227 555 564 396 1253 1291 540 575 494 1282 519 1234 563 391 637 528
896 1905 1920 948 976 942 945 889 1925 1866 1887 882 1867 1850 863 994 1844 759 1027 1903
1706 1745 1653 1535 1548 1503 1678 1534 1726 1542 1725 1696 1643 1755 1632 1776 1748 1521 1523 1481
332 1167 336 260 1194 335 354 1147 261 1182 341 209 277 275 265 276 1157 356 272 1197
196 357 271 211 300 251 1160 283 325 1207 193 323 267 175 1148 1154 172 1215 1170 369
921 1872 919 1010 856 914 754 831 1893 880 1826 854 1884 971 1874 888 902 1895 1873 925
51 91 1099 180 19 0 1929 1034 74 174 64 1124 76 1105 1921 1044 111 115 151 1107
190 256 208 269 1156 250 425 1139 253 1214 318 378 321 155 317 1157 368 1210 392 209
238 259 1199 252 205 396 1205 275 1132 164 227 350 187 209 497 392 181 210 254 399
