11 49 811 864 0 71 57 875 829 79 821 20 788 65 38 783 860 848 702 882
219 949 952 197 177 240 335 328 290 230 932 279 146 107 143 905 977 285 259 307
437 1089 1064 456 506 1091 378 523 439 1052 1272 335 1245 487 1161 1218 1071 1267 401 339
337 407 962 1017 1082 1130 1007 1098 998 1267 382 315 451 1086 1134 418 330 356 401 415
183 864 55 883 886 910 867 54 906 913 898 902 841 135 223 262 860 885 164 179
52 845 893 794 82 915 779 81 1 731 741 919 862 719 212 889 885 787 724 11
1122 1226 1079 1252 1264 1109 1156 1044 1257 433 1057 1151 1124 1111 1090 1132 1126 405 379 1080
426 1250 479 369 422 1302 1255 1039 1026 1288 1206 1049 1048 1282 1054 460 1265 1281 1222 1055
494 1083 377 1164 1155 1084 1104 1290 477 453 1034 1108 386 492 1081 1283 1079 449 500 1096
649 679 696 700 604 1358 1360 642 1371 578 613 1353 591 683 638 733 713 1373 584 675
900 928 167 919 114 102 266 294 970 156 1000 254 147 244 865 887 105 131 119 1006
127 265 150 213 902 118 965 1001 305 188 68 319 858 202 954 228 299 268 940 175
1090 1215 1208 1040 1017 353 1171 1093 1234 1286 361 346 1151 1028 1018 1032 1053 1218 1060 1299
333 967 374 1052 359 418 1088 1050 1023 1136 228 947 357 933 1094 426 922 1097 273 243
462 495 1297 1077 573 1079 543 1090 406 485 1113 414 1050 1099 581 1289 518 425 1328 435
46 776 710 803 735 825 870 789 766 75 68 69 814 761 733 773 818 810 817 17
331 352 416 305 425 978 421 1016 349 281 968 303 401 360 411 1039 366 1095 1104 355
620 658 640 712 617 662 1372 674 576 721 639 665 649 622 615 605 711 697 677 1336
109 237 882 191 268 961 122 196 158 235 90 161 1000 265 867 160 845 89 100 869
251 277 1000 949 89 969 298 956 1014 306 145 990 116 184 299 992 861 296 919 1010
251 872 237 182 861 997 926 824 98 307 898 161 297 48 902 54 277 142 60 854
568 606 1354 553 550 610 593 577 632 673 492 471 1368 598 635 461 679 666 1347 1352
64 798 83 80 881 815 6 767 37 747 777 775 103 95 811 891 818 101 743 799
86 128 95 833 264 36 246 115 123 49 173 120 219 828 118 97 183 247 895 47
456 547 1259 1100 555 517 1115 448 1076 452 1099 545 533 488 447 1064 1290 507 491 568
350 1127 1240 1158 1092 1066 334 1110 408 1050 432 1072 976 1020 1027 332 1171 417 993 326
205 879 916 231 904 130 183 917 248 989 261 65 227 150 950 877 956 115 922 144
865 947 142 919 940 985 157 121 80 250 938 912 931 256 182 928 203 1015 315 946
347 1061 464 983 527 438 306 456 506 332 391 403 515 329 1112 1021 979 339 501 1148
916 976 137 922 86 155 135 262 972 61 328 1023 233 283 89 869 958 183 217 314
103 161 865 292 72 97 910 272 880 268 65 84 939 171 143 100 271 863 158 175
1081 1152 1139 540 1023 1286 535 546 369 386 1050 1107 352 527 464 1300 330 1129 552 1019
598 633 673 657 1365 608 580 627 1344 702 1362 1336 675 610 570 690 699 1337 620 639
49 861 946 280 813 929 219 756 830 274 124 742 40 802 166 71 738 897 876 821
361 1001 384 426 1052 1086 237 1064 1073 398 273 311 271 277 1024 232 251 935 1033 230
241 975 238 852 938 76 331 105 326 1000 1029 218 917 1034 128 211 862 920 928 335
758 826 873 864 59 52 19 880 794 723 705 66 725 24 32 46 822 750 38 719
479 1318 1294 1077 423 1019 442 1249 1305 1344 1030 1323 1084 1076 1028 1021 1062 472 1271 437
1102 1157 1094 1017 326 350 386 411 1255 1130 397 407 351 476 1087 1281 1145 406 349 484
846 861 41 200 104 48 150 834 243 55 888 234 815 179 876 120 167 98 80 790
766 808 748 862 829 806 755 842 13 36 68 20 791 50 836 795 835 716 786 801
406 1015 1278 1120 289 459 1238 1148 433 972 429 371 1036 390 423 1089 956 982 375 356
293 891 257 963 342 239 159 927 853 246 172 214 341 910 906 68 962 190 1019 282
747 811 30 698 28 782 845 724 817 56 738 719 762 862 842 795 846 768 835 730
51 66 739 789 24 102 910 826 897 785 718 876 744 920 50 845 39 813 877 849
121 290 890 115 341 895 1000 147 968 965 981 156 321 206 301 231 233 117 308 969
333 404 324 1078 1137 1250 446 1264 332 435 420 444 308 989 1267 1029 354 1083 408 294
111 247 284 277 302 896 220 890 244 952 72 996 960 289 912 974 886 892 851 116
325 1058 975 553 408 374 1113 547 499 1237 978 331 284 1095 450 1021 338 1029 964 514
854 941 201 891 907 939 169 43 192 153 235 174 331 245 147 981 870 820 271 252
205 849 63 235 993 263 823 307 242 969 88 262 296 871 946 153 40 55 247 861
646 677 733 624 594 1379 613 686 739 581 609 720 726 678 652 707 600 1371 638 719
1196 1219 1101 1107 1126 1133 1231 1143 1252 1114 1116 1092 1276 1130 1181 1111 1149 1210 1213 1270
598 662 637 607 1348 671 699 704 667 573 588 682 700 569 624 1365 616 670 1343 638
299 1005 257 949 1056 951 340 142 347 396 250 283 199 920 212 907 981 356 249 997
1193 1200 1222 1158 1207 1152 1173 1144 1137 1168 1166 1172 1159 1160 1148 1229 1212 1201 1151 1146
539 560 1350 513 564 558 519 1058 476 435 1085 468 1345 1041 1075 1072 526 430 1059 1054
338 393 1144 403 287 1241 296 407 368 425 1135 389 1131 1080 450 1244 1105 1158 428 292
1260 1298 1050 1329 442 407 1247 1138 1076 1130 1114 461 1117 1135 1099 440 1338 468 1124 1236
1233 1303 448 1078 1062 1172 1203 1146 1133 1119 426 1152 455 1281 1264 454 1150 1130 1100 424
953 990 1033 1008 321 1025 911 356 1013 192 207 198 345 364 271 991 338 286 982 328
879 945 271 154 864 182 920 165 334 300 58 1027 206 833 881 935 65 878 254 315
342 1043 989 1144 550 421 457 530 1073 982 1024 505 1074 498 416 475 380 423 1126 1149
754 800 60 760 851 827 702 855 793 818 767 39 726 830 831 728 730 16 768 727
136 251 197 179 90 163 911 140 169 107 1002 983 285 108 100 281 901 887 942 276
709 733 705 50 775 764 783 679 0 708 782 748 650 42 692 730 11 756 56 711
1063 1143 1026 357 1081 510 1161 534 543 347 1242 415 1061 1116 548 538 446 1085 306 444
377 1139 1095 317 1048 982 1070 308 1146 1109 390 1215 417 1040 1107 1227 1025 1089 1164 1218
373 1073 1000 1003 1150 1060 480 1264 426 541 367 547 1145 325 1032 1071 299 1119 311 1064
82 218 58 817 956 837 922 948 936 172 136 157 273 997 905 289 856 91 894 847
714 743 781 703 819 41 769 2 44 671 750 676 783 18 19 716 17 682 46 29
234 964 889 844 287 232 145 256 327 1008 880 1006 209 912 925 75 871 959 163 317
683 730 781 44 771 38 623 37 29 694 20 656 765 764 689 756 34 702 681 742
603 1349 641 1379 598 1358 1317 1332 646 1328 573 623 596 561 583 564 556 587 584 662
471 1037 542 504 476 1000 431 1302 1265 437 517 544 1087 1054 499 1001 446 305 321 307
59 880 183 863 206 763 24 244 936 125 170 270 823 902 46 285 1 271 834 273
43 848 73 814 60 251 884 851 744 62 880 809 821 102 215 98 822 108 254 49
313 394 930 1017 411 929 1153 287 386 932 1076 233 259 376 343 1005 986 934 1043 1245
362 1116 1052 413 1048 351 434 377 1237 310 359 428 1077 1123 1022 418 1008 1136 1263 1242
309 331 293 251 239 234 1051 1044 1054 287 1119 987 302 403 949 925 1055 1120 329 365
505 561 569 438 1063 444 464 453 548 1032 522 1092 1055 443 521 1353 1346 536 1355 463
941 1008 924 265 1005 116 342 148 143 376 1020 323 292 374 255 333 928 108 990 274
28 783 829 808 790 728 27 71 62 712 773 725 735 757 826 742 732 39 786 693
426 1021 1281 282 1077 1102 456 1299 1257 1056 413 362 389 372 1115 1053 1036 408 1084 302
312 1031 328 380 276 932 979 235 507 263 961 1048 371 933 1071 385 940 221 1124 1104
49 760 724 799 797 42 791 88 11 85 750 757 860 719 824 57 34 82 43 850
1119 1234 1137 1036 350 419 439 335 394 1307 1093 1277 1310 330 1215 1227 412 1056 1062 1288
50 64 97 785 743 822 812 845 754 828 857 768 854 42 40 43 800 829 872 742
24 771 816 833 826 815 790 36 802 37 732 693 60 28 72 781 827 773 814 724
696 710 26 699 698 760 15 738 729 695 39 727 776 757 754 664 751 753 649 8
1088 1273 341 1304 480 1079 1305 1262 1077 1230 526 1281 1137 1213 1037 1335 1217 484 457 459
24 729 760 751 782 769 836 715 665 828 43 743 675 672 694 12 69 727 770 6
165 945 195 867 1016 237 310 173 216 973 152 111 252 185 974 873 105 937 236 158
165 292 196 964 87 1002 914 246 218 979 248 91 186 956 220 132 133 134 364 1013
625 649 1365 567 579 607 650 1352 703 595 687 588 1342 662 661 670 1381 1369 599 685
231 982 154 851 999 172 295 265 861 229 842 291 901 277 153 326 257 117 946 1002
219 850 236 187 873 887 871 313 276 829 238 815 40 803 905 130 930 228 849 81
482 1309 1093 1042 1256 1050 1262 479 1032 1051 1244 1069 1236 1024 434 1039 1056 1312 476 1268
438 1102 556 558 341 495 429 1278 1116 340 1253 383 1068 1245 1251 1076 1296 1101 1149 379
8 41 11 24 848 837 735 846 766 808 62 782 849 774 745 4 744 794 770 727
457 1297 1322 1323 1261 1100 1292 1021 1028 459 411 507 1283 515 461 544 1320 437 546 447
804 844 791 887 759 84 246 8 904 909 110 6 97 777 241 918 807 882 0 912
465 1285 494 1337 523 1235 1322 1256 415 1034 1064 485 1055 1100 445 1300 1252 439 428 1098
382 431 435 1037 475 353 352 1241 1311 1063 368 311 342 1139 1044 1086 1123 323 1308 1107
131 923 251 244 278 167 296 888 166 965 206 175 970 202 894 952 185 241 988 987
131 190 996 298 252 941 101 950 89 202 977 226 148 951 178 269 952 306 911 945
856 928 835 124 39 275 182 998 944 822 915 982 290 295 139 1017 156 63 45 1021
357 1061 435 482 1094 412 304 1021 1270 1242 1073 991 510 395 500 422 496 545 1002 1145
247 875 274 216 879 119 241 972 957 885 884 135 842 66 895 886 939 858 219 954
1100 1227 1147 385 1123 1152 471 1104 1225 1215 1101 454 1046 322 1029 397 1153 1149 320 390
181 940 260 1023 102 224 967 120 323 233 298 261 139 937 869 96 270 250 924 325
1345 1378 612 596 592 499 1310 1375 601 1334 1366 629 616 622 1381 1333 556 496 644 615
226 320 168 371 375 268 1039 338 106 965 129 153 224 145 405 340 855 937 936 381
182 921 308 293 211 964 1005 265 938 133 864 164 123 982 291 100 304 857 229 902
1055 1150 376 475 1072 1267 1138 1046 408 539 471 1086 1208 443 530 1065 1026 482 358 1170
319 1062 352 1075 540 225 530 999 1010 1108 1133 1146 991 340 1056 1029 958 521 1024 461
792 837 24 77 803 925 850 46 1 909 72 903 876 52 3 887 754 843 899 746
1164 1228 1183 1271 1240 1298 1255 1144 1261 1197 1233 1110 1099 1199 1122 1274 1200 1232 1293 1075
467 1086 1125 534 497 1113 1270 366 1258 557 1091 416 476 1306 331 424 558 1018 448 566
833 869 245 280 750 18 256 25 277 219 284 799 81 56 217 776 264 42 271 168
282 890 858 938 861 830 194 207 949 333 96 824 267 899 162 146 1007 317 87 900
107 218 105 885 934 894 301 92 995 64 154 98 1008 191 175 145 167 263 985 311
689 730 7 6 640 47 657 26 682 745 0 44 748 728 648 743 664 736 751 667
322 376 300 1067 1114 938 351 940 1150 366 420 1132 349 1137 1094 362 1012 317 335 346
1225 1245 1221 1060 1049 1091 404 1199 1296 1143 417 1135 1098 1176 1213 1205 1321 1158 1312 1214
121 202 88 214 969 878 205 91 255 133 237 187 216 221 161 227 182 94 877 75
115 880 169 926 898 191 200 91 141 818 99 90 293 843 896 911 206 245 857 881
356 1022 482 323 1031 399 928 1106 937 406 932 993 1114 453 410 382 1116 340 1014 1109
66 918 24 999 833 18 849 49 17 810 951 888 138 991 8 182 998 911 37 287
1297 1331 1091 468 1358 440 1337 1312 1368 489 1087 448 409 441 1313 445 428 1250 1085 1319
13 57 50 4 78 6 820 59 742 805 755 817 802 80 883 794 52 858 806 63
390 422 998 1120 1084 1012 450 1270 459 409 359 1303 1105 1235 389 1262 431 392 415 473
444 522 386 1280 1080 416 520 1034 538 1111 434 507 1253 421 1108 464 455 570 517 487
1180 1203 1138 1137 1134 1182 1212 1237 1143 1196 1184 1161 1154 1162 1228 1141 1207 1156 1169 1135
325 989 970 1015 388 1103 414 278 394 1000 1030 327 418 280 405 284 212 1003 955 1056
164 263 304 272 297 924 212 955 1009 135 158 971 147 257 125 932 264 122 934 249
1282 1321 447 442 1099 430 448 1338 1309 434 482 1234 1268 450 467 1247 1073 1308 1241 478
343 1087 1288 1001 1095 301 400 1075 364 376 337 494 446 1161 340 374 997 1041 346 328
319 372 949 1051 957 947 1111 1126 1006 1091 937 338 405 1015 984 435 1093 966 268 939
182 871 945 175 271 99 115 829 173 287 237 252 841 223 869 286 214 863 225 167
315 937 396 133 338 282 1066 151 982 1009 113 276 1049 861 360 1042 902 257 231 336
251 892 907 135 970 133 980 965 938 210 846 866 896 260 858 306 209 156 301 975
1066 1155 437 1184 1173 306 1004 1251 363 483 488 310 371 1080 321 1065 451 1136 344 1214
568 1368 551 639 573 627 510 597 533 564 559 1371 539 617 631 550 520 1377 630 653
260 883 151 273 1004 239 946 129 197 969 1001 933 249 94 940 896 845 821 160 310
329 974 1119 922 369 1047 299 1079 1125 215 268 1108 393 357 205 935 999 389 221 246
229 965 1016 1005 306 849 922 1022 220 933 978 206 938 133 944 324 166 262 291 140
376 1079 454 354 1236 419 361 466 326 432 488 1109 551 1210 1154 987 1107 464 1278 1128
488 1074 575 518 1019 1273 534 1293 343 1313 1053 353 1114 549 373 324 442 1279 1110 1139
384 1088 1021 520 374 350 424 516 416 984 340 534 421 429 1132 542 422 547 321 366
