1788 1860 1770 1849 1889 1812 1818 1844 1861 596 597 1880 1835 1893 1873 1879 1868 1878 1852 606
675 685 637 625 723 705 746 701 752 659 628 689 606 718 638 608 747 676 712 600
284 316 311 277 1022 272 337 362 292 326 302 283 307 344 268 313 338 293 304 354
1399 1448 1472 1410 1392 1374 1376 1489 1419 1483 1478 1463 1442 1490 1424 1408 1493 1487 1443 1449
345 1101 1058 1161 1089 1086 354 1060 399 383 322 397 323 1048 406 1112 343 402 349 1117
831 956 937 974 972 171 994 921 945 1025 197 952 920 995 963 798 176 986 965 801
167 188 768 131 146 197 784 234 200 776 239 182 817 767 781 804 208 173 138 149
1732 1761 1787 1723 1757 1792 1801 602 613 1778 1798 599 1704 1717 1775 1740 1762 1731 1790 614
684 695 721 751 702 629 620 640 745 664 716 743 674 739 672 709 767 647 740 609
606 1819 1872 1831 1886 623 1899 1731 619 2 1726 665 1868 1746 1761 582 680 1891 1740 1793
613 620 589 685 583 588 1787 1773 7 670 658 691 1885 676 5 629 587 591 1883 647
1397 1486 1419 1480 1381 1411 1501 1521 1439 1507 1425 1429 1497 1400 1414 1374 1484 1379 1481 1390
442 496 545 541 1038 547 553 1076 417 497 1080 468 1060 1040 1075 1069 464 462 427 1055
1392 1479 1413 1518 1490 1530 1417 1363 1410 1429 1461 1376 1505 1517 1418 1433 1408 1533 1431 1453
69 749 102 155 76 38 719 766 121 10 130 99 780 676 738 1 9 3 145 68
244 907 245 896 280 897 860 193 220 898 848 260 933 218 880 864 910 266 217 207
1682 1697 1642 1694 1683 1681 1689 1692 1668 1685 1637 1704 1680 1634 1703 1686 1709 1647 1653 1672
168 762 102 711 809 817 111 732 739 776 818 814 81 124 167 774 710 141 743 110
622 639 612 642 711 703 577 569 4 643 712 686 587 672 566 699 732 610 588 717
381 1102 1066 1109 1127 1061 413 362 1065 377 376 348 404 359 1071 357 1091 420 407 1087
465 531 459 490 572 549 467 510 546 468 433 416 525 522 504 415 420 506 518 1046
583 634 609 3 575 551 595 552 4 562 649 741 686 697 731 645 630 607 656 599
249 897 879 260 268 236 870 876 842 883 871 203 850 909 858 202 839 238 859 227
1037 1084 327 430 343 393 355 1053 1045 426 1092 443 429 357 1004 1003 1104 1041 405 1043
112 761 765 688 743 694 108 739 758 41 791 166 28 750 699 49 70 113 69 782
215 817 928 197 249 926 981 795 881 866 982 870 812 193 913 263 225 924 815 859
179 188 239 841 202 208 164 192 801 198 180 194 806 166 810 778 786 832 787 930
376 1067 1097 409 1076 451 1057 424 1137 358 1051 1080 1146 434 413 453 463 378 1034 382
612 643 3 1759 40 1752 714 700 747 1884 611 591 695 745 739 703 1727 1800 712 605
582 623 640 567 625 550 606 689 4 599 667 578 637 683 559 688 576 624 660 693
44 724 740 83 94 688 777 744 48 64 114 763 742 725 1 13 641 746 698 775
1411 1498 1402 1497 1391 1494 1474 1508 1394 1388 1417 1524 1480 1519 1489 1533 1397 1528 1515 1506
1639 1682 1578 1621 1601 1585 1584 1662 1704 1665 1650 1606 1652 1673 1605 1596 1705 1635 1599 1660
144 743 157 776 800 793 105 111 737 654 139 141 779 52 661 18 642 14 671 664
480 501 461 497 528 503 418 413 535 440 526 475 423 427 536 507 458 523 414 548
209 856 835 971 972 207 943 881 843 931 973 896 810 809 824 837 854 897 188 920
1757 1787 1799 1770 1877 1733 586 1813 1840 1760 1728 607 1777 596 1754 1802 1775 1808 1839 587
240 272 256 297 909 915 857 853 912 252 829 896 226 223 280 230 851 260 206 249
1586 1639 1662 1592 1676 1629 1570 1568 1604 1667 1565 1612 1675 1566 1653 1575 1623 1617 1683 1613
1600 1671 1669 1631 1666 1686 1657 1619 1700 1637 1573 1594 1649 1595 1687 1662 1668 1648 1693 1602
236 855 229 224 869 201 857 895 194 923 256 249 832 877 963 828 268 237 889 894
1415 1474 1487 1394 1405 1432 1533 1453 1382 1392 1461 1531 1428 1494 1486 1534 1519 1412 1406 1532
11 747 71 48 59 107 723 653 110 101 759 693 148 2 90 0 771 14 126 667
700 754 725 642 3 637 158 22 709 653 34 86 789 644 12 112 4 94 678 677
1139 1151 370 363 1112 372 376 1143 383 1103 1121 1160 1114 1123 369 1170 346 1104 1152 1130
971 1010 910 864 854 998 958 914 978 968 1013 190 1012 983 839 832 1044 292 844 912
604 1772 1862 591 642 618 1737 1884 1877 1886 1777 1771 1721 588 595 1748 1728 597 614 1724
1591 1619 1621 1620 1633 1643 1672 1675 1659 1634 1606 1594 1678 1604 1655 1637 1577 1582 1623 1589
98 759 35 126 793 135 30 698 118 31 112 40 736 751 754 100 113 725 37 166
1789 1891 1774 1788 1779 1873 1824 1854 1888 1792 1828 1894 1870 1869 1885 1859 1875 1893 598 1794
1440 1512 1399 1530 1493 1543 1495 1402 1442 1539 1500 1496 1526 1520 1474 1514 1482 1503 1409 1487
945 985 950 835 1003 927 930 863 861 916 868 847 216 922 943 1002 1022 192 976 966
194 792 120 216 913 198 146 778 921 157 767 115 845 965 237 986 181 931 819 132
1769 1782 1788 1871 1821 1876 1843 597 1827 1784 1826 1823 1837 613 1873 1772 1839 604 1792 1863
1406 1483 1466 1467 1470 1376 1482 1477 1389 1514 1528 1489 1517 1522 1418 1405 1476 1437 1453 1463
355 1090 1091 428 1126 398 406 1037 368 381 1092 1155 317 1033 371 358 1070 343 1114 1115
1370 1392 1425 1491 1393 1354 1428 1398 1359 1358 1362 1382 1402 1492 1350 1383 1364 1475 1490 1485
1645 1680 1690 1601 1592 1603 1613 1665 1638 1666 1639 1617 1591 1650 1648 1700 1590 1691 1608 1615
260 267 235 916 873 207 879 273 216 915 295 206 231 850 305 858 250 218 282 909
1525 1537 1506 1555 1557 1513 1542 1517 1559 1504 1478 1518 1551 1530 1520 1483 1509 1475 1560 1532
638 682 735 727 717 740 731 573 628 680 656 676 605 685 578 758 644 0 612 730
273 282 243 260 291 224 242 231 284 232 227 286 317 247 245 306 235 315 230 263
1531 1565 1574 1474 1496 1518 1545 1477 1476 1553 1490 1561 1544 1558 1573 1471 1500 1491 1511 1519
1792 1859 1827 1782 1763 601 1891 1812 1860 605 1876 1893 592 1809 1794 1843 1790 1771 1886 1897
309 1019 1042 961 1043 279 350 331 319 300 346 988 980 291 330 317 969 338 1052 972
234 895 198 891 190 222 844 192 890 840 244 251 905 914 815 211 880 876 878 849
909 987 897 246 891 892 255 969 243 944 207 946 914 833 865 262 972 901 1000 888
855 989 901 924 883 1000 888 887 211 987 1007 898 832 259 1005 986 194 227 935 879
1283 1298 1322 1294 1290 1279 1260 1285 1310 1301 1269 1280 1288 1265 1293 1321 1331 1300 1305 1332
608 1875 2 677 596 1811 658 1870 1820 1865 1825 637 682 1889 1876 1861 1730 1737 635 680
480 507 419 424 533 548 462 434 560 451 555 470 454 420 423 506 547 500 472 544
921 943 1003 200 216 951 865 841 904 204 948 850 934 832 1004 873 973 953 886 210
1356 1370 1353 1360 1377 1347 1392 1381 1340 1399 1362 1391 1330 1400 1389 1352 1359 1331 1398 1376
444 498 527 436 470 1044 486 394 418 457 472 531 434 1034 1052 1038 1074 549 497 555
96 767 147 9 89 134 42 69 695 107 159 36 74 762 7 5 1 116 794 702
592 1847 614 606 1738 1791 1813 1854 641 596 565 673 1834 1840 678 1884 674 1837 1807 1757
769 785 782 752 186 776 721 162 158 149 713 711 712 114 142 132 718 781 105 757
1483 1503 1399 1413 1527 1443 1535 1514 1513 1412 1517 1522 1397 1407 1438 1508 1456 1466 1469 1400
205 254 238 228 890 802 191 976 186 187 967 869 922 207 820 885 913 807 817 844
1226 1243 1250 1269 1241 1205 1253 1249 1236 1231 1257 1227 1259 1234 1229 1260 1263 1209 1206 1217
611 1881 665 1779 1766 587 9 1736 607 1795 1891 589 1786 1822 1760 1816 1838 1850 644 1887
206 916 942 184 800 828 826 915 989 988 854 201 813 848 822 917 982 210 220 957
112 779 65 49 71 168 108 8 84 170 94 793 718 10 120 720 45 155 787 152
1024 1043 970 1011 445 1092 375 432 352 426 349 1094 1017 363 451 1078 357 1020 1061 377
242 910 967 823 267 975 222 942 201 870 973 205 857 859 960 274 269 234 192 889
180 842 958 204 874 224 998 213 961 985 234 798 931 954 793 862 212 917 967 858
214 231 982 192 804 186 252 986 897 180 888 811 265 979 806 251 989 819 869 874
843 957 925 877 975 191 993 1007 824 251 867 1005 244 874 1013 846 974 879 834 185
175 206 830 849 163 164 930 829 858 230 835 854 775 862 828 963 195 215 979 802
911 931 201 202 924 243 907 246 222 941 251 878 934 829 255 926 236 973 258 828
676 716 657 762 592 693 746 644 606 725 743 12 2 7 33 11 682 744 610 32
1262 1283 1230 1316 1250 1238 1247 1281 1270 1324 1311 1300 1293 1285 1241 1286 1276 1323 1289 1315
1628 1683 1671 1700 1608 1703 1611 1659 1693 1649 1580 1650 1612 1666 1678 1654 1644 1583 1651 1705
400 1068 448 394 1071 443 1038 349 1041 446 382 1074 393 1105 384 391 1053 409 449 388
139 797 147 761 134 154 100 816 158 760 186 804 756 205 157 167 742 764 782 823
263 988 851 203 965 215 1006 956 201 908 920 207 889 975 961 235 219 870 835 862
215 981 916 264 178 843 235 1017 244 910 221 813 880 227 970 256 945 914 961 939
975 1011 959 835 193 293 291 948 986 295 865 933 911 828 854 1006 913 947 1041 215
17 100 756 667 104 6 763 3 11 146 27 133 89 33 784 24 25 139 744 16
72 749 767 5 95 672 13 657 21 776 71 725 26 780 754 676 772 147 781 680
659 717 724 99 769 655 58 39 757 747 707 574 722 59 733 657 609 612 689 761
667 691 12 759 697 16 53 758 617 640 628 660 573 608 732 44 596 707 578 663
490 550 558 457 500 439 440 551 511 419 456 509 487 532 581 529 502 492 566 431
854 967 852 966 846 229 1014 219 889 191 849 938 901 192 254 222 973 914 1011 997
589 1756 1840 570 1797 619 679 1766 1890 572 677 620 568 1806 578 1758 592 616 1810 1872
353 1126 1079 1059 311 1041 369 337 1098 1155 368 1114 1136 316 1072 1076 402 1083 1138 1062
1621 1677 1573 1674 1634 1628 1648 1698 1584 1654 1671 1633 1588 1605 1638 1676 1631 1659 1689 1649
581 665 634 592 615 730 583 649 711 560 47 41 6 40 569 0 51 729 664 574
846 886 245 192 819 194 964 222 250 933 994 988 998 951 888 938 965 225 918 975
1016 1030 1026 1080 294 1043 346 1050 351 1007 1048 1004 1061 310 967 946 1078 1042 1071 1008
837 970 833 985 960 829 946 839 841 828 228 941 174 229 1023 974 221 223 204 994
1616 1678 1618 1683 1621 1591 1583 1628 1608 1577 1614 1581 1598 1693 1582 1696 1585 1660 1697 1650
349 1128 1091 1060 379 1121 337 384 1123 389 1141 1107 396 1145 382 307 1101 1033 400 344
225 910 208 877 206 211 222 822 226 190 894 963 197 832 959 932 229 970 273 903
503 551 524 506 467 440 439 504 508 462 473 531 557 468 488 437 466 477 578 577
830 845 191 177 822 983 907 812 1003 992 916 239 201 172 211 937 879 951 981 178
1467 1499 1468 1423 1508 1408 1460 1407 1490 1520 1536 1473 1400 1470 1516 1443 1456 1502 1483 1538
841 916 857 943 258 887 235 968 897 888 200 813 878 892 915 975 934 174 913 906
248 919 844 277 876 937 932 241 976 837 950 999 199 857 951 978 266 931 933 225
1676 1696 1702 1623 1697 1597 1668 1598 1606 1673 1666 1616 1649 1636 1664 1693 1662 1706 1689 1630
1389 1417 1391 1408 1363 1496 1400 1517 1394 1381 1483 1490 1407 1482 1516 1445 1515 1373 1462 1434
1425 1508 1403 1458 1537 1498 1407 1418 1399 1521 1464 1442 1526 1519 1412 1427 1511 1448 1449 1406
1886 1898 1850 610 1777 1854 597 1838 1881 1818 595 1810 1872 1874 1837 1834 1813 1798 589 1770
975 1019 911 219 294 1051 835 868 983 997 918 189 1032 968 860 949 958 957 920 227
1770 1797 1794 1833 586 1800 1843 1866 1811 1822 1848 1755 1836 587 1856 1823 1835 1781 591 1852
4 651 733 25 76 18 633 113 585 93 630 722 94 732 77 705 24 100 579 618
653 720 589 76 586 580 743 41 19 652 616 8 34 626 72 777 590 666 738 579
1604 1660 1609 1669 1569 1628 1649 1634 1655 1671 1640 1625 1664 1680 1598 1667 1616 1611 1580 1619
618 642 582 655 594 679 41 55 718 3 667 575 641 613 591 579 686 606 663 720
863 987 259 932 880 894 897 944 937 210 907 247 922 239 883 852 915 854 896 885
607 1725 1812 0 653 681 592 1749 1773 672 627 636 1770 647 595 1854 665 1844 678 1855
600 1880 1866 1883 1742 617 1825 1896 1725 1849 1785 1728 1765 597 1851 588 1724 1740 1898 598
617 687 742 587 572 623 643 735 647 635 670 598 576 664 618 589 616 651 731 608
233 826 909 267 857 878 902 908 906 196 960 270 844 970 839 885 871 193 870 974
1433 1473 1462 1512 1538 1429 1500 1393 1525 1511 1521 1537 1535 1432 1445 1405 1514 1491 1453 1456
434 498 403 411 539 459 1044 469 547 430 1064 1081 526 405 420 538 431 489 454 544
156 775 140 99 167 109 748 773 795 742 785 724 769 741 159 103 728 112 116 95
1423 1477 1414 1483 1528 1410 1393 1460 1428 1429 1504 1507 1495 1420 1453 1462 1392 1469 1411 1399
924 936 887 188 863 983 214 828 878 832 973 1008 854 992 926 842 899 971 950 1004
637 704 692 761 753 586 610 652 762 732 705 756 608 673 620 690 696 725 579 609
7 652 55 641 655 746 52 590 591 659 43 681 750 71 13 579 656 104 86 752
1864 1886 1804 591 1777 1813 1869 595 584 1770 1817 1862 1837 1831 1819 1860 1785 1850 1775 589
365 1145 1043 1050 375 1131 1130 1134 351 1085 368 405 1118 411 369 1138 359 1080 1173 1093
356 1095 326 398 387 1141 311 1128 349 1079 1135 1091 410 382 354 411 1104 1074 1123 394
431 1037 1022 424 392 506 403 1077 505 1036 1041 1071 1016 488 455 481 511 433 466 1018
213 923 953 1006 1000 254 957 939 933 948 892 924 809 981 215 848 926 897 205 875
1089 1114 1146 1144 1147 378 1073 1100 1103 351 353 342 348 1136 392 1106 413 337 1042 322
856 942 202 962 920 919 237 924 930 846 245 1009 915 851 827 911 231 936 250 900
856 943 991 201 259 878 264 968 983 1005 931 838 879 844 228 893 198 1004 193 973
382 1129 1062 364 1146 1097 418 1143 1148 1156 419 1118 401 371 414 1115 1154 372 375 422
