157 302 77 260 569 186 631 572 537 9 583 102 324 232 115 134 1763 214 104 1658
429 540 282 160 475 625 1753 79 658 162 99 65 131 1744 678 650 350 313 369 149
69 1642 1692 416 317 6 1636 431 101 1605 88 1624 446 1716 445 1623 198 1743 30 1
1618 1668 0 1729 1482 1699 303 44 311 187 157 68 1655 310 114 16 172 203 23 1715
540 591 99 652 284 454 100 339 438 439 297 645 527 536 323 181 464 647 593 317
287 602 561 183 232 98 230 146 147 549 562 212 74 248 550 77 265 632 155 253
6 1729 49 1658 510 105 128 448 1699 529 435 513 1735 1773 27 1708 1657 1745 1748 1687
173 1669 198 294 598 188 570 281 178 580 1668 1698 1632 1751 278 1646 87 263 2 187
434 550 592 379 604 205 156 283 546 178 628 674 362 619 541 524 673 288 467 131
715 823 849 865 701 884 722 732 857 922 679 794 739 860 874 674 698 873 764 457
344 458 677 1766 40 1743 471 497 446 1734 444 551 381 549 450 1750 1758 327 386 375
52 396 1630 1642 434 1761 317 630 3 328 11 1759 326 51 1649 479 1711 15 26 1774
921 1066 839 1002 905 758 831 869 1105 872 790 795 920 1106 1122 1050 709 802 870 1015
342 638 650 610 384 304 30 668 428 370 677 451 446 337 472 530 459 683 471 1735
95 545 169 168 94 302 3 546 593 660 423 308 211 529 220 98 465 1672 643 663
1628 1714 1729 109 1749 1651 20 1595 1693 1697 103 115 1735 1753 198 151 186 1665 1643 5
302 337 416 67 417 584 383 625 65 35 1742 1726 440 627 309 37 96 28 612 546
215 256 223 146 106 130 250 202 549 592 163 184 128 210 182 127 176 131 111 173
287 320 1769 244 211 1770 209 237 168 521 176 105 90 82 146 67 1668 121 344 1767
844 976 1283 720 945 787 757 940 969 754 917 818 923 1261 743 800 892 821 729 691
1397 1437 1392 1408 1483 1376 1442 1358 1469 1411 1486 1533 1387 1369 1434 1534 1493 1360 1398 1501
71 434 673 1644 428 627 195 473 114 1686 1661 363 1653 49 639 1755 1730 541 196 431
890 1053 1035 943 777 939 707 865 850 774 1015 990 1022 1045 706 1117 915 1025 1007 1099
313 357 624 294 317 290 1752 1686 646 9 145 396 319 133 513 81 127 616 1731 37
1486 1546 1461 1451 1531 1585 1439 1484 1331 1428 1581 1442 1462 1491 1347 1543 1349 1526 1573 1402
57 1755 9 1646 420 1630 17 380 396 475 456 112 1634 1704 472 1629 529 20 77 406
1333 1519 1275 1539 956 1534 1530 1376 1496 1346 1485 1284 1497 1572 1561 1374 1350 1532 1580 1566
204 615 123 1676 209 313 637 1674 79 543 124 238 522 284 1675 577 548 149 82 1708
41 1719 419 1709 297 404 506 21 1600 178 45 346 1593 447 188 1752 333 74 160 385
522 1748 1669 446 466 295 699 548 379 485 89 105 494 558 634 1747 533 375 1623 1638
413 633 449 684 356 630 421 548 407 662 516 71 1751 554 499 424 468 65 510 384
833 915 836 895 1012 785 1087 863 814 793 759 810 651 1033 797 869 975 1027 828 718
212 601 98 286 530 136 274 574 540 1677 534 132 146 294 579 205 248 120 200 189
659 769 405 407 663 369 531 328 730 996 621 911 539 740 920 481 545 542 620 391
33 402 451 1633 350 517 42 367 1763 1764 1614 439 24 521 1639 1600 70 1684 466 345
496 665 648 329 641 786 779 783 624 319 493 420 487 65 618 626 386 348 696 719
72 437 538 84 518 33 132 1738 415 111 1637 534 359 513 1649 60 1694 328 463 1641
1002 1037 806 1055 928 836 1084 842 967 914 1039 792 938 912 972 1082 970 1004 762 896
1696 1725 184 1746 1707 55 1661 332 394 1713 412 87 155 405 137 372 289 1703 5 374
127 298 597 528 589 616 1714 90 1724 81 630 1630 522 553 514 593 286 288 1664 1719
1316 1358 1495 1274 941 1255 1356 1340 1351 1322 1289 1411 1367 1324 1346 1250 1309 939 1295 1490
1478 1553 1415 1356 1392 1423 1595 1596 1399 1348 1493 1587 1599 1615 1361 1426 1350 1455 1440 1510
312 525 118 37 122 622 186 90 676 1725 579 586 79 364 311 467 104 1719 1664 567
1616 1748 1646 445 1596 408 1749 454 33 1662 446 190 36 1661 189 30 105 377 182 1634
141 543 563 1649 234 123 228 536 87 114 595 258 3 322 429 116 548 1689 1667 453
54 518 696 101 377 668 553 59 512 1637 1733 522 358 362 64 556 1667 1725 113 1741
313 1660 4 106 34 150 357 628 1671 1638 296 36 1719 632 414 412 544 97 1657 1676
950 1309 1255 1325 937 932 1336 1322 1301 959 1273 1281 740 1382 1269 1364 1304 1328 1347 973
814 982 695 849 812 848 842 1039 1034 947 929 676 843 686 672 1056 1004 666 866 1239
97 1665 1626 2 1633 537 145 295 1672 1615 85 96 10 182 46 63 1693 31 203 162
423 1728 122 397 429 6 520 395 371 630 695 56 647 1739 380 1668 1740 0 293 680
834 876 996 853 927 650 774 857 1004 873 912 1000 787 748 778 985 678 977 1011 821
408 458 403 314 1738 522 527 384 1753 47 1762 406 688 353 715 348 711 642 548 1746
1110 1177 1117 1164 1208 1188 1193 1100 1116 1169 1074 1088 1085 1210 1166 1105 1217 1135 1122 1203
871 933 946 926 733 870 725 991 722 893 911 885 736 1256 707 980 901 1029 826 868
874 951 1023 817 829 810 993 1306 1024 919 1289 928 736 1301 1317 1321 773 1337 799 1000
21 1707 1666 337 153 191 1641 71 323 193 1715 1662 49 84 309 305 1616 1637 206 58
4 1686 56 1689 301 192 1692 324 86 1713 527 1673 1615 1669 114 94 1719 1700 526 118
955 1333 937 1265 746 952 734 1287 1336 738 1360 990 1313 745 876 1260 1392 950 1540 961
726 809 938 803 927 461 878 1037 951 722 482 747 910 830 796 472 892 883 836 1010
845 914 995 819 1018 1023 835 1049 867 1033 1039 887 928 1059 1047 931 814 878 907 1046
1089 1118 1149 1121 1033 1125 1110 1175 1058 1174 1003 1012 1117 1197 999 1037 1103 1161 1048 1020
1494 1603 1361 1438 1375 1563 23 1527 1356 1649 1461 1426 1651 1412 43 1617 1480 1391 46 29
908 1042 799 1034 710 876 1021 1102 998 1011 765 797 843 1073 796 1061 1101 898 1035 919
201 573 313 271 524 89 1697 1726 1723 78 273 169 170 264 253 149 526 1674 177 265
402 459 683 447 646 720 1742 1733 481 339 304 387 341 474 324 444 318 329 411 522
29 1763 1713 409 474 192 1759 431 476 401 328 35 99 334 345 1602 96 5 1668 419
83 125 328 1681 188 209 511 30 1708 1630 1624 63 442 240 14 70 532 1658 507 1672
1614 1640 1565 1574 1702 1590 1649 112 1579 1689 26 61 35 1629 1742 1713 1706 19 1585 108
1496 1552 1380 1584 1405 1566 1365 1374 1485 1494 1562 1545 1396 1423 1532 1430 1551 1473 1605 1528
37 1630 55 1634 1584 320 430 1701 1626 1695 393 9 377 1661 385 404 1612 101 1730 1703
186 307 276 521 1742 210 1698 422 76 1713 400 1757 73 82 26 355 1683 354 173 310
756 806 846 882 828 818 717 917 1006 840 1020 1028 1035 1040 764 941 719 1016 884 761
873 949 702 1282 1329 959 707 946 1281 1270 1017 966 907 1302 827 802 869 1277 1012 1026
73 198 255 527 1741 58 569 281 184 1733 112 1627 547 228 1633 282 108 561 535 6
51 433 11 1746 448 626 505 649 1610 1686 345 42 462 1730 512 305 683 1639 413 633
407 525 190 445 8 584 619 392 343 128 1739 497 476 543 425 375 467 5 311 283
767 920 807 815 972 927 1010 838 970 836 801 921 1070 979 1047 1067 1072 991 659 822
1498 1584 1601 1465 1389 1566 1388 1477 1631 1383 1414 1462 1391 1549 1620 1375 1413 1357 1504 1588
1666 1716 37 109 172 133 1738 1744 46 53 11 1706 1725 39 1623 1653 12 190 29 148
80 176 438 591 134 1622 48 595 317 330 194 191 562 313 159 97 51 190 318 284
1480 1573 1442 1539 1593 1584 1422 1453 1552 1435 1386 1394 1388 1612 1555 1378 1520 1426 1623 1444
1743 1777 125 1693 1624 383 44 393 1630 190 56 60 1745 146 1738 1764 302 1696 1 475
139 1647 615 301 78 1700 312 1658 610 1645 104 1621 1597 1748 267 68 1608 140 315 546
893 981 726 1003 996 968 888 959 782 875 787 852 953 1062 932 945 963 765 871 1242
507 532 654 666 42 621 122 308 587 151 543 466 438 599 690 436 435 94 487 681
790 904 820 841 1050 818 900 891 1002 913 1069 1043 664 919 823 1059 839 914 699 793
92 207 249 2 72 1709 229 244 1680 524 218 536 1672 1719 187 542 1758 132 265 1743
33 1644 368 1669 317 339 318 1635 419 381 1729 1679 1620 498 1759 90 196 116 415 407
760 782 690 941 898 927 867 1022 856 801 910 918 652 828 692 896 1015 839 751 877
120 177 270 284 315 160 1722 208 1650 1679 235 1750 243 94 167 124 110 188 1647 1744
663 690 629 688 520 472 408 707 713 457 721 491 804 623 636 420 756 361 535 859
1562 1589 1588 1600 1586 1548 1484 1611 1482 1505 1525 1534 1540 1630 1496 1510 1533 1537 1557 1559
101 1632 527 84 29 1757 98 279 1734 127 165 1653 135 1692 278 137 40 326 85 1706
62 322 1635 1752 346 498 488 57 354 109 367 1713 660 378 1685 361 396 376 436 1698
1110 1176 1131 1089 1144 1100 1126 1111 1143 1198 1052 1156 1067 1218 1148 1185 1173 1135 1150 1104
468 523 116 367 363 341 64 442 335 412 515 546 396 349 1722 711 575 326 389 309
648 767 448 772 793 892 917 1012 420 711 763 710 423 894 983 682 927 895 771 886
1615 1661 1674 1568 1711 162 1700 1689 186 110 113 1611 42 1621 1707 185 1671 9 1566 142
385 480 363 514 409 1751 1763 729 427 375 661 402 696 735 674 486 358 469 397 494
779 899 1045 731 696 725 935 1057 982 879 752 897 1002 775 819 693 931 860 671 1004
158 1684 34 311 1740 550 303 577 73 543 278 580 57 1737 1718 59 535 235 1623 97
291 534 464 176 270 650 199 258 169 1752 611 449 551 410 595 546 145 194 1702 1720
353 501 622 442 421 470 631 649 1772 316 54 416 60 357 1749 677 626 328 332 1776
717 756 817 897 659 463 459 789 793 674 984 803 795 864 791 893 882 937 883 709
397 665 52 695 720 379 721 427 1730 667 365 772 377 623 1752 53 637 470 710 361
370 628 1755 70 353 290 632 279 405 576 460 414 658 1732 558 684 1747 426 352 316
1181 1226 1246 1191 1223 1185 1195 1098 1241 1137 1103 1253 1144 1116 1212 1214 1124 1206 1183 1161
504 1774 1772 37 465 356 340 639 531 667 505 419 49 673 325 321 661 626 32 528
354 630 359 61 633 367 410 325 688 415 1743 590 658 502 689 634 277 566 549 478
789 890 653 728 997 662 902 738 858 715 788 980 668 1014 807 729 905 1026 925 875
786 826 1036 902 823 749 723 821 652 811 789 742 828 895 715 890 888 854 722 776
1155 1180 1170 1129 1119 1116 1206 1169 1143 1178 1123 1219 1213 1210 1203 1209 1141 1186 1134 1131
1355 1390 1288 1528 1354 1423 1514 1426 1277 1323 1290 1537 1451 1418 1544 1271 1397 1464 1420 1521
521 1723 324 357 461 337 440 1668 1617 86 579 71 645 382 632 186 339 314 63 110
707 844 847 717 756 453 727 866 771 750 478 843 848 461 452 732 838 660 699 663
58 350 1741 1606 1687 1736 1776 643 457 5 357 105 1747 522 641 1637 1699 323 1694 646
939 1299 1274 1385 985 1380 966 1267 1353 1344 1019 977 982 1295 952 1007 975 767 1287 919
57 1673 327 1761 193 174 137 1665 347 391 85 333 186 198 86 39 33 201 448 516
1678 1739 443 215 1776 354 53 27 186 153 416 389 10 1665 1683 204 119 445 67 1686
92 279 239 186 567 1752 623 109 32 285 263 36 7 262 211 606 59 582 1755 557
750 820 730 844 773 920 813 896 886 679 784 707 971 769 891 759 828 736 657 698
487 673 727 781 706 335 494 712 723 500 407 346 418 518 833 363 512 635 760 354
328 1718 310 48 1725 451 35 18 160 77 492 141 113 1668 412 453 357 494 34 426
451 555 434 212 509 485 645 1760 431 583 493 587 63 381 300 393 175 412 663 70
101 1728 1629 370 1646 546 1704 344 1686 311 292 37 412 185 1763 130 169 83 75 1658
537 559 618 530 236 526 323 303 606 151 304 183 79 452 203 640 343 396 268 428
200 1740 1666 1718 554 523 539 266 504 431 1723 544 377 222 133 14 229 1651 40 1758
1371 1507 1540 1308 1578 1399 1590 1467 1470 1511 1597 1284 1530 1512 1419 1603 1345 1411 1315 1409
871 991 960 1030 742 954 941 1057 979 984 860 834 876 726 798 810 1034 995 856 919
359 653 832 1732 449 396 367 324 1737 670 45 492 308 546 369 334 536 1740 372 390
4 108 140 197 517 1708 1733 290 1669 209 1692 1749 95 203 145 172 288 515 185 216
630 647 629 455 602 465 649 365 542 423 670 715 413 344 659 488 722 352 624 434
46 1648 72 102 50 1602 1776 5 474 421 380 56 433 333 335 482 24 510 1620 412
162 254 548 301 302 271 200 590 96 264 551 177 568 126 563 277 1679 276 594 255
216 1679 168 324 213 559 1633 73 95 38 103 76 1698 102 47 51 583 594 2 5
110 1756 16 512 48 23 1668 431 360 79 75 49 538 1654 1774 552 167 302 526 1707
517 620 637 639 48 347 523 394 267 1751 592 333 538 444 562 89 656 283 625 108
954 1330 876 1265 940 750 749 1332 987 1313 1386 727 734 1381 1277 1297 986 1287 974 988
118 554 14 1757 188 172 508 189 645 266 582 1638 280 648 128 522 534 531 92 147
275 286 532 308 254 568 618 142 231 1700 1680 213 597 141 262 267 604 1690 611 166
735 760 752 714 993 696 782 940 989 717 828 955 962 766 892 997 901 943 682 716
1403 1469 1436 1410 1465 1495 1357 1434 1366 1409 1411 1414 1378 1473 1360 1459 1421 1375 1440 1460
68 1667 120 134 42 44 1739 372 152 411 182 438 443 107 149 111 345 123 173 454
304 1725 94 3 528 275 273 191 622 571 44 60 309 1759 590 1648 85 339 107 589
743 769 801 944 959 912 821 832 938 975 747 909 1005 708 646 714 851 731 651 921
408 481 632 55 515 734 305 737 648 414 633 49 431 311 629 1768 359 391 662 319
184 275 1676 311 221 1737 245 180 595 613 575 563 1684 123 1729 589 537 103 1728 78
202 264 255 621 304 238 590 230 551 214 581 225 96 175 546 570 240 260 602 539
1391 1542 1526 1458 1336 1470 1332 1363 1419 1373 1436 1386 1461 1535 1504 1487 1345 1537 1323 1498
