346 392 427 347 299 2 398 12 289 372 293 18 286 131 321 357 283 287 120 292
120 389 238 136 77 384 68 284 399 80 365 40 398 345 126 72 123 348 274 116
124 409 67 165 51 276 344 149 122 390 91 377 385 53 115 44 57 84 285 141
738 837 765 736 817 753 797 821 785 710 766 691 747 746 812 796 816 811 783 700
8 63 102 323 48 342 83 301 268 65 273 235 307 37 95 110 56 324 343 69
23 42 297 344 111 86 71 31 289 271 73 240 294 292 295 243 279 44 293 108
34 320 460 25 95 94 92 55 273 53 318 59 317 262 41 90 265 108 29 242
492 517 547 299 537 294 522 490 532 461 560 494 602 558 463 597 493 571 469 498
35 74 20 307 1 287 248 83 240 16 290 277 103 102 5 222 62 110 237 47
6 345 289 401 307 104 287 419 355 70 110 320 299 10 62 400 285 425 338 304
0 342 349 285 83 106 45 12 337 332 363 357 330 410 26 313 306 405 326 353
221 254 215 287 37 250 196 61 210 256 149 139 59 225 245 106 155 301 67 260
543 589 617 464 521 586 508 546 462 499 509 568 553 548 506 520 524 563 562 611
283 410 343 37 42 56 263 87 405 103 264 280 431 451 50 45 237 341 57 282
594 626 572 615 606 503 609 638 585 561 512 546 583 653 600 541 563 515 591 643
323 337 45 24 41 3 307 31 327 30 293 15 302 2 349 288 51 33 344 292
62 259 221 82 113 252 56 108 270 90 219 432 227 312 55 222 314 122 49 226
297 351 112 51 59 424 98 382 291 387 447 48 434 366 345 85 245 54 52 35
693 810 847 775 687 812 673 753 813 776 719 718 757 723 844 716 788 851 799 729
114 393 368 353 37 361 125 289 22 70 358 154 384 399 127 65 371 364 359 113
137 272 412 413 168 451 250 85 120 36 60 84 69 236 179 452 169 105 282 133
21 48 126 64 79 297 282 250 53 232 262 75 12 28 253 51 324 26 66 96
36 299 350 414 19 7 404 49 415 72 461 50 114 51 75 58 426 83 472 16
287 408 426 374 298 237 51 108 350 312 388 303 58 238 428 381 126 45 75 260
710 760 830 777 714 791 784 759 719 798 769 747 718 814 823 833 851 783 762 841
297 332 290 74 57 430 479 42 245 317 84 420 44 318 54 53 13 284 355 25
301 357 402 105 487 423 472 300 485 398 17 434 336 81 467 414 287 451 322 16
307 333 281 60 35 16 455 31 94 88 42 50 447 278 313 464 82 12 38 359
315 345 289 29 336 23 294 9 318 305 399 312 363 351 296 21 352 401 13 50
48 268 59 90 443 50 107 430 300 99 34 282 106 89 415 117 97 289 234 280
725 758 742 756 804 846 784 681 690 821 763 729 800 778 836 782 850 707 750 701
9 318 49 351 90 12 290 79 42 323 349 17 57 91 88 309 15 82 347 461
809 840 700 834 684 760 764 746 772 710 714 749 711 807 706 802 781 730 741 775
408 421 385 410 108 265 127 447 119 360 388 383 128 390 342 389 274 350 283 121
213 247 77 33 243 228 261 97 267 283 102 61 59 235 265 46 212 37 127 246
289 471 486 102 92 97 416 420 111 16 356 72 357 276 429 333 313 459 114 491
22 115 241 366 350 271 78 111 237 368 413 371 390 109 281 406 299 265 77 306
681 707 771 715 725 813 793 731 798 702 758 763 802 783 739 755 706 810 794 679
284 310 34 280 329 18 427 346 117 291 274 49 438 462 94 253 252 9 50 250
522 553 528 551 514 623 583 594 526 584 555 559 490 593 601 502 507 512 547 620
511 584 585 593 603 599 621 524 607 494 505 475 591 530 619 459 612 495 605 553
180 208 196 223 148 228 202 129 124 138 236 218 183 221 214 130 230 128 190 186
120 416 101 130 392 271 375 184 353 62 148 377 280 270 351 49 354 34 246 435
124 157 152 61 84 376 94 72 417 171 143 282 64 71 145 89 155 151 102 364
87 294 84 272 444 234 24 74 462 258 312 446 337 122 477 121 235 340 237 478
123 155 379 377 142 403 416 63 274 402 396 151 44 391 376 153 389 128 366 166
60 273 449 87 84 311 224 228 442 231 68 56 9 86 72 307 239 98 16 269
27 296 419 16 94 59 289 413 18 74 32 47 431 28 492 280 417 472 445 86
287 307 60 430 43 52 360 86 342 411 421 454 19 304 110 53 98 121 16 358
44 122 319 68 41 63 158 21 324 363 40 107 256 74 60 390 386 56 404 80
75 234 136 42 53 48 58 192 69 233 131 30 119 286 130 206 246 266 108 251
109 357 337 246 291 132 68 351 115 377 108 418 244 35 405 51 10 78 80 146
757 811 849 809 776 856 780 737 713 806 691 697 746 828 674 779 719 812 830 762
290 339 254 438 479 436 407 24 263 98 335 471 51 63 356 46 22 29 317 308
20 324 26 76 351 299 343 341 11 326 31 347 321 94 334 38 42 69 318 313
729 777 846 760 722 847 707 824 682 811 839 850 796 700 826 767 837 751 749 771
737 803 721 801 853 713 739 758 745 844 689 743 726 678 840 748 768 787 770 675
40 52 281 8 3 305 4 330 10 77 288 11 100 114 15 105 31 259 91 59
114 149 278 284 186 203 34 124 414 221 89 410 71 62 67 15 293 184 380 180
643 652 649 661 631 645 617 613 651 657 639 673 616 664 672 665 612 638 628 650
679 731 715 702 811 808 669 709 813 767 664 806 785 812 719 794 818 717 662 810
20 93 112 9 277 74 334 124 291 142 104 62 116 127 106 303 319 327 293 234
123 264 152 231 47 297 178 366 182 276 136 378 132 304 66 110 240 148 106 87
684 700 807 698 702 689 761 799 737 801 794 789 785 783 712 676 739 668 808 727
602 638 621 567 539 536 502 601 525 631 463 523 657 541 549 613 537 646 625 667
20 330 349 11 19 79 65 321 106 21 43 13 30 86 92 355 350 35 26 57
26 293 79 75 472 319 70 25 106 261 317 24 118 269 330 32 81 443 286 304
132 265 285 55 84 392 102 404 153 48 110 192 246 230 169 270 68 422 123 49
74 293 249 100 47 449 428 18 71 43 446 252 108 489 463 241 104 421 109 349
458 484 495 291 517 425 319 443 429 466 482 473 306 460 305 437 494 275 496 282
87 141 261 281 254 251 155 249 36 112 96 58 92 246 228 190 293 140 227 109
130 149 394 368 77 239 203 233 250 232 125 86 393 134 131 105 392 251 206 103
492 499 582 538 473 467 510 500 493 474 588 506 303 592 291 579 533 459 606 581
39 284 73 416 244 20 109 2 263 81 258 458 293 407 47 465 311 309 57 107
0 339 289 34 44 10 353 35 360 19 85 352 108 90 106 102 84 67 26 96
80 141 231 139 142 194 306 286 133 185 137 28 318 317 280 89 90 25 140 176
95 277 434 71 414 278 98 429 83 232 241 408 53 30 33 287 102 267 259 121
742 811 707 796 714 788 738 779 851 736 789 673 721 697 809 758 785 677 760 703
277 417 347 261 387 228 306 112 386 131 444 87 300 371 445 43 283 78 77 55
296 452 259 54 11 483 252 415 31 339 312 316 97 253 445 269 52 464 290 114
763 825 742 683 839 717 738 704 819 840 801 753 776 793 851 792 730 845 798 710
596 608 590 617 505 544 615 538 639 612 542 537 464 547 541 572 576 635 552 589
706 721 734 754 742 720 771 716 710 781 707 806 756 733 811 685 682 724 690 701
29 310 76 321 111 118 356 84 298 27 94 82 72 290 344 456 305 337 6 61
233 267 426 59 278 227 78 149 279 247 60 441 219 124 269 415 104 226 68 114
563 582 505 598 463 620 628 626 546 506 569 528 622 518 584 561 549 497 545 592
694 782 700 702 776 688 748 820 721 790 677 805 816 711 684 715 762 857 821 738
313 336 306 33 353 39 467 34 341 357 29 50 8 14 44 311 70 5 347 321
601 638 535 567 624 644 554 576 504 561 509 620 632 569 618 650 612 517 663 614
504 598 460 509 471 581 481 586 549 597 520 489 574 570 620 480 560 551 589 601
74 300 417 89 301 492 236 82 9 12 445 69 314 449 221 339 239 20 431 97
62 123 97 73 91 99 121 403 98 288 412 74 367 148 48 46 279 107 227 149
70 263 57 132 319 125 84 6 293 112 78 259 68 419 99 425 219 91 310 436
90 118 281 410 409 69 162 120 288 271 264 58 366 378 84 373 262 265 143 371
58 315 346 294 20 125 295 283 349 114 89 69 357 40 39 35 344 245 304 313
748 845 803 703 713 847 725 837 856 772 742 848 808 750 827 855 722 843 712 792
301 493 420 58 477 0 512 82 433 319 334 293 519 35 21 418 45 73 40 257
510 558 465 505 568 599 523 479 594 614 587 576 575 593 509 536 533 502 620 520
17 45 18 299 243 61 3 12 253 9 32 311 261 282 103 339 24 338 50 110
45 313 319 80 275 89 292 57 119 16 325 461 358 244 99 299 323 61 256 352
787 848 735 751 839 847 700 696 750 684 772 745 829 727 776 686 744 730 763 794
461 491 477 462 295 474 453 469 605 492 445 308 318 581 307 507 470 312 517 484
31 74 59 68 105 110 53 113 3 33 294 70 281 10 99 48 122 132 318 295
783 811 835 809 766 842 716 720 692 719 805 675 816 858 832 823 847 728 821 738
517 542 615 515 485 560 570 511 576 557 552 624 484 598 543 505 534 630 504 501
527 590 569 559 592 609 572 541 612 565 495 520 566 603 578 499 614 617 564 611
297 486 70 39 101 257 90 5 260 311 281 348 421 96 60 485 102 494 455 451
778 827 727 703 755 771 767 824 702 777 802 770 694 780 746 858 852 734 687 726
20 102 350 327 65 111 47 119 253 49 16 286 22 76 324 248 19 354 52 284
681 791 820 664 699 811 711 670 853 722 665 726 778 815 767 806 680 857 706 672
162 192 227 231 234 187 120 177 193 170 165 158 216 132 218 174 203 122 211 233
53 109 318 22 230 107 77 37 6 34 18 100 4 300 399 268 358 359 8 39
49 106 128 287 46 42 372 319 143 148 147 317 58 237 354 137 89 16 129 261
113 398 14 402 54 77 367 119 148 414 409 123 71 47 240 285 243 403 145 361
88 126 286 256 190 85 38 181 86 382 172 398 79 166 33 291 268 34 140 231
238 292 467 145 404 436 98 341 109 121 484 105 278 67 458 449 331 338 274 327
176 192 221 188 166 210 137 212 227 127 141 144 201 155 135 129 133 204 211 191
759 833 688 719 747 707 819 736 794 709 770 731 840 706 742 825 746 748 827 714
101 373 74 299 344 0 115 122 143 22 30 36 114 124 4 254 416 146 251 105
305 340 11 373 279 456 365 331 446 70 2 93 359 346 315 332 352 264 22 40
12 46 278 98 312 231 352 99 119 52 282 262 2 314 93 10 355 122 71 1
9 80 353 327 282 64 92 97 6 47 335 267 102 83 352 242 67 45 333 316
730 783 804 766 787 771 680 769 819 701 687 837 762 694 821 754 776 712 758 718
753 853 721 705 823 737 785 837 840 723 763 773 759 714 844 731 857 711 838 745
1 316 353 342 329 304 108 8 354 79 10 71 49 352 323 90 290 74 50 18
559 600 596 549 545 577 520 583 634 586 538 518 587 533 543 515 463 519 591 531
127 372 159 385 235 135 267 50 110 274 260 176 90 79 153 263 171 147 369 152
0 47 235 23 328 44 55 343 51 10 325 307 38 101 279 95 282 24 108 48
118 262 116 233 21 117 35 144 406 106 301 32 303 399 277 54 57 293 297 355
310 331 21 63 468 1 69 329 352 355 291 305 47 283 46 353 70 459 28 75
483 500 592 292 485 473 301 608 515 589 609 508 302 533 614 445 291 613 465 552
309 333 292 68 82 17 8 307 87 33 468 285 26 65 39 90 451 283 308 48
467 474 306 309 514 459 281 440 478 490 494 308 515 508 482 501 448 502 460 491
105 247 103 20 401 352 21 81 301 58 286 239 408 291 94 221 214 15 277 281
110 397 135 114 371 117 53 262 259 363 124 128 111 392 374 391 43 78 265 22
241 276 38 67 87 35 63 424 255 419 61 49 417 57 300 283 444 47 277 34
3 110 250 413 362 61 281 393 268 20 406 412 23 324 63 102 266 283 330 245
9 314 111 80 337 296 355 62 4 454 94 349 289 48 104 309 93 357 52 85
65 228 226 220 107 146 15 203 60 277 198 143 232 0 73 201 213 27 253 83
59 270 54 107 39 412 25 222 428 265 290 136 95 34 87 317 419 65 295 261
607 626 634 651 562 519 603 595 633 648 545 575 573 506 508 617 549 535 550 525
694 779 691 856 847 675 684 796 751 743 799 672 772 809 744 791 777 800 783 709
782 833 842 792 747 752 703 831 797 740 760 736 743 702 789 683 732 711 742 804
146 186 160 113 117 179 139 156 121 155 197 180 182 92 213 123 188 217 178 202
733 810 797 777 791 851 721 778 696 729 702 811 675 679 793 857 746 841 709 671
147 188 144 111 116 135 201 102 91 152 173 181 171 130 117 159 207 234 133 226
626 634 588 583 616 623 514 602 625 639 603 610 580 523 643 654 650 659 633 635
754 838 849 839 820 825 823 746 837 775 758 815 738 818 747 819 745 766 814 711
274 410 39 88 78 457 454 91 351 354 448 257 35 83 394 229 263 239 352 60
26 310 286 315 308 51 290 358 331 87 453 468 47 319 466 45 304 20 329 55
