365 1119 355 1033 1064 1127 459 477 1113 1128 1058 466 507 1138 1114 1151 1102 455 1063 303
891 940 248 981 941 878 839 930 893 105 261 934 122 153 96 258 233 271 204 218
166 845 216 232 887 751 152 850 906 1333 916 187 107 123 61 839 822 1322 836 844
266 991 221 214 936 218 310 243 951 970 348 992 265 356 1022 320 952 1006 253 263
192 213 232 947 917 854 177 863 247 886 941 960 233 156 165 895 873 239 913 910
554 1175 472 426 442 1171 572 1216 1196 500 414 439 1202 1237 583 1174 523 1135 440 467
134 192 911 839 170 841 118 852 242 946 895 855 838 860 966 823 161 667 153 662
441 1186 561 382 514 1167 451 507 426 458 480 1143 402 1223 1239 503 490 1229 1123 555
1185 1205 491 421 1164 433 506 1150 1169 1148 1256 1181 458 559 488 553 437 1213 1161 1199
358 1076 1052 410 1011 1040 355 386 1108 331 370 380 1041 1050 1003 348 391 1075 1080 1029
258 278 1008 195 1019 948 993 951 283 1000 938 199 962 304 980 289 992 935 248 1005
203 268 182 882 854 261 252 250 211 204 902 921 221 862 260 970 298 887 871 150
171 945 958 902 247 196 848 912 212 174 984 131 223 836 156 225 881 204 255 908
299 978 333 250 276 1038 960 213 997 272 259 231 969 215 237 970 295 1029 313 221
684 808 109 764 1332 112 802 26 132 654 161 836 1304 1300 1331 811 19 1309 658 857
901 933 849 854 251 162 924 865 212 220 884 174 106 128 945 910 105 119 243 258
14 1314 18 1339 644 660 666 625 111 757 1338 86 778 41 735 712 113 664 44 91
1202 1230 1264 492 1190 517 539 506 1180 1183 1205 1200 464 1246 1245 1194 519 473 502 1146
1062 1106 363 1105 308 1071 377 1113 394 1076 406 415 1128 1004 395 1016 339 311 1068 1111
837 861 183 201 809 774 667 150 865 1336 4 832 218 93 763 161 876 154 1314 168
362 1066 404 339 393 1076 997 1026 1037 1053 1021 993 314 342 354 1130 1033 398 311 1100
163 817 168 778 19 149 35 864 821 1302 807 645 941 192 933 231 132 23 783 160
702 751 29 89 45 1312 841 778 107 654 634 829 833 652 1335 768 1329 110 805 641
660 686 670 1350 718 128 859 1359 729 133 806 1318 763 753 71 1328 725 6 730 782
48 849 837 746 77 781 626 46 635 44 1335 668 33 28 846 87 820 651 889 1312
146 183 216 853 165 926 912 129 238 846 145 123 927 143 240 162 796 144 198 960
49 745 808 828 71 770 22 841 634 66 846 779 767 1331 38 46 1337 829 1304 632
804 1305 129 127 848 761 642 617 1310 675 658 852 632 22 655 1290 613 830 664 619
1021 1052 1081 991 338 371 402 1043 1000 301 374 1089 284 1007 280 313 292 380 386 1096
13 49 758 795 638 673 624 18 662 815 623 0 803 653 1336 826 824 1333 737 744
1189 1219 447 469 461 456 1216 1140 1200 427 520 1228 444 1256 1260 1195 1179 1224 1238 1184
312 1079 277 314 960 375 348 376 406 322 1043 1065 405 411 1124 975 1063 346 402 291
184 832 5 84 152 231 1324 159 939 146 194 798 746 811 85 947 9 133 795 786
852 885 163 224 860 828 80 101 212 653 888 221 130 832 879 116 97 869 674 882
419 448 427 1077 1148 376 1090 478 499 1057 504 459 364 1149 388 1110 1083 470 396 493
1070 1118 438 495 423 1044 416 1005 449 1032 481 1085 1092 463 429 1065 1052 1150 455 317
813 823 28 751 753 767 181 1318 855 183 689 178 185 113 862 54 1321 694 683 810
157 856 222 834 70 925 95 175 654 843 87 173 845 235 161 224 1332 929 102 74
343 1013 288 1119 1008 1036 1017 305 1087 1068 276 309 1069 1065 1006 1052 1002 1059 1011 296
412 1061 401 1073 404 1155 1050 413 480 437 468 314 1168 1077 470 377 1016 467 1102 1074
721 755 842 6 641 58 818 37 704 728 1357 833 9 696 819 803 643 66 784 22
115 889 204 1324 673 796 916 845 671 229 895 1336 897 107 664 848 648 661 756 936
63 97 861 796 659 1311 1330 102 826 873 2 3 21 24 62 124 41 876 621 123
588 601 550 1238 1240 1254 1271 620 1298 1257 611 1305 606 613 599 553 602 1250 587 1241
224 268 949 862 942 959 902 251 165 945 941 225 280 295 273 963 236 922 205 925
348 1013 329 382 1085 1056 1062 1121 363 1007 287 359 290 1038 281 319 300 1005 990 1040
355 1011 356 1096 975 346 1100 1001 1054 1077 1092 1059 295 377 1081 403 1098 1083 408 1032
420 483 1216 1234 551 373 1206 519 432 1211 1156 1184 521 533 1173 1199 530 1151 512 1111
781 798 756 752 6 808 742 19 116 768 743 796 115 625 4 619 140 1305 634 671
69 786 690 673 780 849 639 50 1301 85 113 642 104 82 64 680 1319 26 107 32
185 853 898 868 133 189 654 231 234 879 94 184 90 214 240 652 948 142 947 221
375 1089 1031 1093 418 318 1090 372 1110 412 1078 1049 324 351 343 1017 344 420 1040 357
33 66 789 813 664 780 1327 629 758 1308 853 40 662 857 2 817 771 1318 31 77
550 567 1187 1235 525 563 1232 1271 547 482 1249 523 1161 592 598 524 599 1182 1134 562
772 832 646 57 170 694 186 767 872 652 702 808 731 75 669 893 871 1320 1297 868
238 871 891 939 202 944 967 213 958 976 177 174 197 234 880 908 901 876 75 820
1056 1097 996 1087 1036 1070 376 1105 335 370 1065 1007 1089 1082 1001 347 1011 379 373 367
416 1183 367 432 1158 1074 475 1085 437 1071 372 380 1078 452 1134 1100 1160 549 1222 449
436 1183 400 1236 1225 413 476 1169 1219 1198 1184 1224 550 492 1166 1112 391 405 452 540
739 809 802 132 740 1301 145 636 644 152 752 647 775 8 148 825 1326 631 772 1335
817 1321 753 103 120 651 824 700 721 1351 783 169 629 161 687 38 866 869 63 1325
631 763 798 34 820 1326 817 1 106 56 687 745 1332 26 807 1345 761 650 642 66
35 1347 830 1349 64 55 806 1310 1302 804 811 634 815 0 65 660 765 1356 744 85
81 1325 47 106 877 677 853 30 812 633 671 629 104 42 89 24 828 103 67 662
138 897 916 900 115 132 202 179 837 820 906 939 126 184 92 193 793 891 219 877
167 949 221 125 110 266 119 215 124 148 970 829 972 214 945 943 814 210 929 933
151 185 238 163 817 152 157 232 120 143 176 247 231 807 200 930 913 822 802 131
826 1333 797 666 752 724 812 643 754 660 853 1318 1350 108 866 113 84 188 696 842
776 1329 839 77 35 1305 798 42 670 838 1354 673 686 1300 726 1343 57 620 748 704
536 1172 1158 1216 1225 542 503 1269 1231 1217 1188 519 1187 1210 448 568 413 566 1232 453
43 640 1356 797 20 641 1302 1313 760 1289 806 817 656 11 94 61 637 1329 768 749
83 832 65 177 1310 839 801 1332 818 688 758 885 678 659 34 37 784 656 1325 69
208 886 970 123 961 948 211 863 237 909 198 949 199 184 893 245 96 896 136 828
1202 1261 1193 1207 480 1263 596 439 557 1167 1231 1220 538 1234 489 1226 1194 524 1187 1155
521 1246 586 511 1204 1124 1234 1183 563 592 568 555 1259 1243 543 1244 1176 572 1255 490
73 657 1359 655 829 97 1304 828 1307 1333 850 133 790 1318 753 76 1335 858 637 630
1001 1061 991 350 1094 303 966 321 974 1028 1107 319 308 975 266 322 412 1042 420 336
342 1007 1019 1068 359 329 1006 361 1040 365 372 977 1074 1094 310 1121 327 992 986 1112
385 1106 441 1121 355 442 1016 352 401 1025 429 339 1048 1111 1075 377 1125 325 416 1101
284 1022 1016 1113 376 337 299 345 1103 1010 335 306 977 1087 1119 1083 354 281 946 1099
177 833 243 137 222 2 218 133 802 825 66 847 151 201 889 877 953 6 876 804
10 45 1323 1314 48 758 84 657 4 36 63 804 792 62 755 813 58 1309 841 811
1172 1211 1249 1152 491 1241 440 483 1224 1230 540 563 496 1139 443 1203 1151 1237 1169 1246
520 1254 533 588 1133 1244 1240 528 1263 559 1234 507 596 1192 582 1219 1224 594 1225 565
77 782 117 21 1294 111 640 644 867 58 70 807 819 36 816 777 1289 859 654 798
677 1306 123 1315 649 33 809 744 787 778 1330 69 802 780 1300 31 828 663 838 65
629 771 21 624 633 777 706 1335 692 1352 65 737 62 641 50 644 749 813 625 630
480 512 484 1235 420 466 508 476 470 1110 559 549 1254 553 429 520 534 1223 1200 462
46 1299 1356 1341 595 1326 765 1303 87 51 1308 55 33 1343 827 749 669 817 56 22
383 1141 1071 1069 377 342 1181 1172 369 1076 1070 359 446 399 1059 1018 1158 1196 1198 404
297 306 959 341 1042 1074 1034 351 347 299 1048 1055 304 975 269 1058 305 298 1039 1021
1178 1225 483 1207 437 1155 1214 1219 1202 515 1189 419 1141 1180 1240 1246 488 1151 547 452
462 1110 412 1206 1178 1139 1058 371 1115 1023 464 495 1050 425 370 1188 1026 1190 505 1024
45 1332 817 1324 35 650 739 109 698 110 1299 76 55 705 720 795 26 768 1313 64
408 1173 1208 1234 1156 1053 411 468 1082 1223 437 1212 1044 436 1137 1074 464 416 553 552
78 670 634 34 108 755 125 1311 30 863 762 1339 76 1355 1306 838 799 787 48 823
1034 1110 435 1057 363 1139 421 441 1078 393 308 1031 323 389 1091 1024 447 1083 321 478
1101 1124 1091 1163 447 365 520 369 1069 1104 1029 1115 1038 395 414 490 485 1120 1144 527
7 785 801 86 42 27 759 1315 815 645 1355 818 658 765 805 1316 51 827 116 58
411 482 393 375 1161 1160 1174 1087 1063 549 431 450 1081 1086 419 1059 471 428 1156 1213
202 959 269 215 887 918 899 204 304 973 850 208 196 205 913 945 892 310 172 927
95 791 820 41 1312 785 103 745 867 741 1323 781 642 25 631 872 19 105 91 1332
403 1098 407 358 1121 1058 1051 388 347 422 1035 1034 448 1043 354 1061 351 437 396 1028
190 255 891 939 835 876 167 217 168 953 952 207 842 847 193 162 233 155 906 135
654 749 704 708 84 77 789 124 848 676 805 829 784 731 820 746 1310 17 91 81
779 1329 1358 1318 1322 102 688 710 678 633 699 77 846 711 634 1317 91 738 743 749
816 1342 125 861 798 13 661 821 740 11 22 792 797 52 156 635 741 1328 809 776
674 842 791 690 826 831 766 668 784 204 683 701 798 46 154 175 1313 886 75 1309
208 863 245 867 147 73 264 234 975 662 885 269 260 878 834 838 874 206 865 971
90 838 171 1324 1336 183 888 879 772 133 869 859 150 100 69 196 813 666 45 646
474 1123 503 1206 1134 1054 386 381 1128 422 1066 1113 1178 1103 1057 1162 1154 1105 1100 380
169 847 232 854 842 67 753 223 72 161 651 650 130 212 944 821 170 53 222 905
317 987 269 954 1042 978 1048 1038 298 329 973 1036 996 373 270 1053 1005 993 240 983
113 812 131 129 776 786 98 85 133 633 23 792 906 793 854 832 673 1307 863 864
256 939 909 213 244 218 157 967 252 891 242 899 962 185 949 169 987 910 223 923
410 425 427 1168 489 483 1185 379 1183 1167 1085 1100 356 389 1055 398 1091 364 1104 382
369 1060 1097 347 1020 1124 1022 386 1122 373 349 1130 1129 368 377 337 1096 1006 409 341
716 763 622 629 832 672 55 51 750 112 9 836 1335 754 697 702 798 633 108 33
1124 1162 422 1171 1191 1048 451 1063 1216 440 1181 455 1030 1033 1172 1189 1187 494 1149 1221
897 936 850 123 257 185 182 209 879 193 878 120 143 142 865 113 837 107 268 854
217 981 271 1014 275 904 274 960 852 911 1011 229 257 272 237 1004 248 966 980 939
181 958 957 815 814 816 156 845 122 194 840 221 224 126 307 153 980 277 147 989
102 807 825 629 1344 77 33 82 1316 777 130 849 107 31 684 857 138 94 878 25
383 413 455 338 1110 1157 1080 473 410 1027 407 475 466 384 1093 453 485 1087 1022 1154
615 627 631 65 76 1290 623 1289 795 794 629 619 799 800 806 778 38 1313 58 608
855 1320 823 631 1304 902 831 21 1 1303 1309 683 714 873 919 794 222 169 1307 219
1321 1355 764 857 94 682 1336 744 824 1345 126 30 650 846 88 728 98 29 1356 1352
1050 1127 1178 1007 1118 1173 413 1106 1128 1010 510 377 512 303 1099 472 1046 505 525 1014
855 1329 723 33 727 1359 161 99 685 167 895 691 4 857 783 802 689 108 876 215
424 502 1185 1180 526 448 504 1206 1250 403 490 1208 1255 434 1199 439 447 383 1120 1236
627 777 797 770 18 1279 21 1319 689 46 737 1 762 631 82 1323 744 735 22 828
121 661 68 12 869 645 158 179 98 913 803 27 688 748 145 919 167 828 1359 42
649 818 186 160 175 90 673 89 1317 1333 29 636 18 791 692 746 107 99 670 1352
200 963 193 840 868 890 997 958 839 853 318 281 231 875 906 862 227 978 191 909
636 827 1318 99 661 642 631 688 807 888 171 689 35 1330 43 673 167 848 671 645
712 761 14 671 1302 802 675 731 690 1356 1342 737 1349 86 819 823 56 1304 703 1299
20 1316 24 75 628 1344 630 761 849 725 1318 617 109 825 12 4 767 822 76 658
532 1185 1197 561 550 420 575 1207 1134 565 505 1249 574 1247 1148 473 486 1245 1260 1157
119 157 671 156 149 167 747 675 663 181 655 833 823 136 108 135 173 853 192 762
103 644 2 1353 797 776 77 767 1322 1319 42 877 53 671 738 141 62 876 135 48
216 977 239 973 857 247 912 884 865 194 218 990 915 165 892 890 207 918 245 172
220 918 246 224 933 963 876 938 108 159 904 907 983 875 916 230 940 173 846 880
102 125 748 868 59 1337 917 1336 172 1357 645 906 889 883 892 135 763 159 58 1324
1153 1204 1163 1195 1118 567 555 407 1192 1175 464 469 1238 1263 496 1155 487 1170 419 1117
137 929 157 873 806 254 944 962 895 186 250 949 183 914 797 242 915 665 951 950
470 1205 456 1236 1213 1153 1150 459 1149 508 568 572 407 438 549 1254 1113 421 440 531
1306 1321 676 7 43 605 21 1332 758 840 680 42 664 656 1310 806 30 608 714 731
805 821 102 782 788 830 644 676 1312 1334 736 640 17 182 879 16 840 70 50 754
45 64 854 657 8 46 827 58 89 638 1323 850 749 814 656 1303 832 76 17 664
637 656 43 662 677 38 814 860 757 743 843 859 70 64 827 57 748 1340 653 850
