1476 1502 1452 1397 1656 1552 1694 1527 1677 1442 1523 1456 1547 1668 1680 1438 1661 1449 1517 1484
393 422 385 362 415 531 433 294 330 343 403 481 550 316 464 376 512 258 358 411
2378 2474 2394 2531 2387 2392 2412 2585 2409 2476 2433 2342 2388 2450 2477 2416 2341 2562 2470 2456
1694 1778 1662 1765 1805 1567 1566 1563 1776 1899 1770 1894 1835 1821 1545 1740 1806 1690 1771 1874
2528 2571 2605 24 2434 2578 2612 2531 2573 2608 2599 2554 2585 2572 2593 2461 2556 2421 2544 2539
915 1095 1047 881 860 1291 1005 1192 989 1225 884 1284 1079 845 1156 1033 967 1051 908 1177
2758 2924 2427 2779 2428 2872 2746 2709 2861 2742 2407 2414 2840 2783 2868 2927 2931 2910 2929 2864
93 158 208 187 50 284 120 267 79 55 2605 40 2638 59 176 203 226 57 166 320
739 824 722 783 727 794 652 811 648 796 851 575 902 901 891 817 584 729 769 718
34 239 210 224 141 100 219 2612 47 2561 315 250 2 328 200 363 268 396 109 348
702 770 776 573 707 775 725 779 736 741 683 579 708 715 799 688 806 723 711 689
865 986 1063 1020 1143 1155 675 1060 688 649 1039 969 1130 1002 930 1024 1046 982 1127 1054
191 319 379 400 249 266 185 64 389 97 190 397 337 415 393 418 202 395 102 402
1162 1285 1165 1266 1312 1179 1332 1236 1122 1097 1147 951 1101 1313 1295 1248 967 969 1211 1280
936 1066 1073 978 969 1181 992 909 1065 1103 915 1338 1329 1294 1002 1307 1081 1170 1053 960
457 576 467 550 555 651 523 702 494 638 454 455 458 428 708 478 646 534 643 505
1817 2130 1787 1681 1861 1722 1821 2129 2105 1854 1522 1867 1858 1839 1872 2144 1825 2134 1882 1704
2422 2586 2360 85 2435 2405 2725 2397 2726 2544 2388 2619 2542 2560 2745 2533 2579 2380 2744 2617
713 784 636 739 653 550 568 601 680 667 593 660 834 585 790 574 675 779 831 629
2047 2196 1988 1994 2055 1960 2228 2052 2006 2233 2004 2191 2218 2028 2060 2173 1995 2190 2040 1977
1970 1983 2052 1940 2057 2025 1916 1985 1900 1931 2019 1948 2018 2008 2016 2034 1952 2066 1989 1908
934 996 1107 1099 955 1163 1143 963 1086 875 910 1322 1179 883 1286 894 1311 860 919 983
902 1092 995 1319 857 1311 978 1026 842 1074 923 1143 896 868 1080 1093 931 1043 1283 1001
329 401 395 185 274 189 288 480 146 198 471 402 396 296 454 424 333 482 450 488
583 626 752 747 611 717 751 731 728 656 545 667 477 528 671 692 556 546 589 702
918 1004 880 950 901 1315 1164 1133 1311 982 949 943 893 981 916 1146 851 1284 1001 1091
1729 2133 1947 1695 2099 1821 1924 1790 1805 1709 1890 1826 1871 2090 1830 1945 2093 2098 1672 2148
1031 1070 881 845 1310 960 945 998 1119 1040 1338 1039 871 942 1126 1044 946 873 1076 999
1310 1407 986 1134 1067 1191 1466 1232 1091 1280 988 1226 1455 1090 1284 1435 947 1377 1459 1440
43 95 181 112 192 53 77 34 103 105 132 148 2603 1 48 60 124 44 215 2629
1207 1316 1432 1181 1179 1361 1326 1098 1310 1208 1133 1236 1097 1433 1117 1436 1323 1298 1124 1126
3 184 284 2613 297 301 350 163 274 306 169 330 299 2586 151 30 2651 160 94 2654
991 1057 919 891 900 1049 1146 939 1078 1076 862 1054 978 996 1085 984 1046 905 946 924
702 720 750 782 835 625 578 673 650 651 562 608 527 752 668 664 580 654 593 649
384 476 440 388 361 580 250 295 443 349 506 559 577 292 427 304 502 375 565 498
2404 2513 2741 2549 2453 2351 2746 2391 2448 2537 2530 2534 2785 2440 2386 2371 2801 2392 2561 2744
2468 2571 2505 2523 2425 2423 2486 2584 2510 2521 2568 2573 17 2398 2570 2533 2539 2499 2597 2428
924 1289 1378 1292 938 1098 1110 950 987 1336 1103 1096 1335 1271 903 1311 1329 869 1051 1363
591 721 642 705 794 617 600 645 765 615 560 743 777 644 569 718 499 722 548 673
574 595 442 552 690 451 558 631 634 499 449 559 648 621 707 514 675 460 740 512
193 358 91 175 446 307 49 80 459 287 383 435 328 323 372 207 337 140 7 209
1905 2121 1988 1903 2094 1718 2072 1904 1813 1801 1944 1965 1769 1927 1705 1870 1791 2096 1814 1926
2278 2313 2265 2309 2286 2340 2321 2337 2270 2297 2280 2315 2234 2307 2298 2300 2279 2253 2232 2336
135 302 324 102 305 191 271 220 368 213 366 18 84 244 177 363 256 312 408 411
2065 2076 2030 2087 2053 1940 1921 1939 1963 2113 1960 2097 1948 2045 1969 2051 2144 1915 2050 1930
60 185 334 112 106 229 227 140 216 303 297 209 262 93 2604 2579 2601 103 332 40
2154 2164 2034 2059 2060 2191 1952 2015 2014 2149 2071 2142 2027 2106 2039 2041 2051 2098 2104 2168
67 127 208 232 99 70 75 112 109 4 231 294 106 314 320 153 45 2607 181 66
1822 1853 1708 1746 1799 1701 1811 2124 1685 1688 1840 2126 1670 1797 1768 1726 1531 1796 1815 1672
73 99 55 2630 71 253 78 219 227 225 101 226 2608 8 2627 155 59 208 60 123
1920 2095 2143 1925 1886 1987 1781 1984 1880 2121 1958 1996 1979 2146 1983 1963 1998 1943 1914 2115
1784 1885 1861 1714 1691 1734 1729 2139 2134 1853 1814 1700 1715 1910 1921 1688 1693 1695 1766 1760
1707 1762 1827 1741 1663 1784 1871 1522 1794 1772 1506 1739 2124 1679 1756 1880 1716 1742 1719 1759
2356 2446 2436 2743 2357 2739 2427 2385 2396 2387 2566 2602 2398 2599 2550 2369 2349 2597 2542 2590
1101 1312 1335 941 1138 1331 1297 1132 973 1107 1363 1399 1163 1385 1093 1046 962 1218 1202 957
875 933 1304 832 843 1052 848 1154 930 920 917 1000 872 1001 1024 822 991 1291 1297 1292
137 177 99 3 57 300 130 138 310 45 117 11 212 0 246 254 29 278 149 265
1514 1575 1513 1505 1850 1499 1525 1601 1610 1661 1582 1494 1721 1604 1520 1542 1556 1703 1665 1488
863 1029 1077 721 660 887 1021 1002 807 868 989 872 785 900 1114 986 992 654 875 937
2780 2812 2844 2832 2389 2751 2398 2402 2923 2754 2799 2909 2842 2394 2771 2836 2792 2830 2761 2410
2823 2957 2923 2825 2811 2963 2708 2841 2909 2760 2819 2886 2710 2955 2888 2417 2746 2933 2870 2878
2025 2055 1976 1962 1989 2180 2207 2173 2213 2069 1987 2153 2193 2157 2009 2209 2014 2012 2066 1984
904 961 1304 899 1305 916 923 862 1134 1102 1001 1241 986 901 1070 1162 1153 950 1037 866
1781 1868 1734 1740 1853 1741 2130 1758 1848 1769 1876 1900 2094 1715 1719 2135 1889 1864 1714 2104
1711 1869 1779 1772 1667 1763 1867 1728 1512 1919 1814 1793 1769 1678 2119 2111 1525 1871 1663 1680
72 221 149 34 354 134 254 162 367 269 69 246 194 30 85 139 118 199 28 2621
1420 1467 1327 1394 1382 1443 1425 1477 1462 1419 1459 1497 1451 1390 1399 1323 1375 1311 1431 1490
1732 2125 1821 1871 2104 1719 1752 1894 2089 1724 1860 1807 1734 2093 2144 2129 1844 1667 1855 2134
852 980 1041 906 1103 883 748 909 675 778 1179 937 1068 1007 1097 979 733 1287 803 1299
679 790 808 842 829 669 576 747 811 664 865 623 720 598 637 761 813 659 750 591
927 1087 1291 1035 1158 1173 939 1041 953 1111 941 1185 1038 912 872 951 1288 1312 994 974
1769 1868 1888 1701 1805 1862 1869 1886 1823 2115 1804 1687 1733 1906 1871 2136 2105 2094 1892 2124
1529 1828 1830 1617 1548 1847 1572 1699 1724 1587 1646 1685 1798 1624 1619 1698 1606 1659 1533 1609
1803 1879 1779 1692 1890 1703 1712 2137 1799 1748 1860 1686 1689 2098 1681 1777 2143 1852 1857 1917
298 338 346 170 163 267 301 442 334 269 290 401 412 242 424 199 234 284 432 307
964 1102 866 863 1338 1035 1171 1185 879 1187 966 1155 1199 1304 1325 1019 1152 1072 1158 1197
181 237 315 331 285 169 221 296 235 218 205 158 45 374 298 301 96 279 8 380
1127 1253 1150 989 1009 1226 999 945 1134 1263 1277 902 1319 1024 1117 1210 900 1281 1304 901
2053 2176 2173 2007 1984 1969 2209 2188 2228 2067 2195 1992 2010 2011 2222 2019 1995 2185 2041 2227
275 379 168 329 433 368 175 139 267 479 299 244 367 227 144 448 436 242 419 201
987 1068 1125 914 1155 1116 1321 1291 1123 975 1066 1142 953 1295 1319 1174 1038 1054 1032 1137
1645 1827 1725 1695 1588 1814 1573 1805 1606 1666 1798 1552 1515 1529 1859 1703 1539 1856 1715 1589
689 773 559 749 769 698 860 625 685 796 693 813 812 829 707 734 610 587 602 743
1972 2031 2017 2061 1923 2033 1943 2183 2010 1970 1900 1904 1980 2043 1934 2208 1962 1983 1903 1985
1758 2124 1909 2118 2121 1934 1766 2142 1715 1918 1953 2096 2094 1733 2134 1771 1951 2115 1905 1782
951 1038 887 901 912 869 1124 883 1300 859 1025 1042 1155 943 864 1186 982 1095 1053 1063
1966 1987 1971 2014 1970 2007 2059 2077 2066 2031 1951 2067 1939 2150 2011 1929 1918 2083 2026 1965
274 358 389 321 357 434 230 388 425 295 227 231 271 366 253 347 177 355 171 191
436 466 426 554 259 557 340 322 407 266 329 380 265 346 351 412 509 533 307 306
22 37 227 105 145 244 209 112 2594 58 106 1 2639 2613 82 161 238 83 215 140
434 482 289 554 530 499 437 305 553 601 282 513 357 345 531 263 520 504 528 518
1353 1441 1448 1381 1327 1296 1309 1475 1293 1421 1473 1355 1371 1484 1415 1356 1425 1372 1314 1286
2768 2817 2921 2848 2810 2947 2940 2904 2744 2855 2833 2945 2786 2787 2792 2959 2951 2853 2840 2790
1852 2116 1881 1726 1803 1683 1919 1781 1676 1732 2136 1791 1744 1829 1836 1526 1921 1824 1793 1920
86 2620 191 198 140 79 33 2615 167 178 2656 2590 218 103 110 128 2589 102 115 101
1170 1241 1260 1322 1297 1128 958 1202 909 1104 973 1106 961 952 1173 1210 1251 1092 938 959
1119 1286 1227 917 929 899 913 930 1251 1167 1086 1101 1145 943 1091 1364 1355 1186 1187 1324
969 1097 1029 1243 1128 1038 941 1299 1085 1182 1326 953 922 1188 905 1027 1193 1279 1049 1079
933 1100 1035 1294 1178 1161 1152 1110 979 1302 1056 958 1113 1292 1025 1003 1052 912 1309 1327
2452 2740 2422 2691 2454 2903 2569 2450 2862 2913 2583 2443 2828 2899 2714 2566 2435 2588 2917 2946
1553 1630 1657 1570 1542 1584 1562 1641 1595 1517 1835 1612 1581 1603 1611 1600 1629 1569 1686 1664
813 845 879 1048 834 852 788 855 672 847 850 744 869 689 998 805 675 772 810 884
2502 2547 2544 2593 2403 2405 2514 2513 2604 2423 2417 2412 2591 2438 2578 2603 2572 2498 2538 2488
1354 1393 1317 1350 1341 1476 1106 1454 1419 1379 1325 1107 1299 1463 1404 1285 1429 1321 1436 1417
1508 1699 1510 1822 1733 1879 1868 1760 1573 1679 2134 1503 1488 2114 1874 1495 1768 1839 1829 1834
173 350 353 408 456 123 449 336 213 218 370 44 81 459 382 281 17 343 415 45
222 343 419 372 353 170 202 274 150 214 321 436 226 273 192 272 123 315 174 153
1689 1762 1545 1681 1564 1603 1544 1661 1733 2129 1737 1752 1813 2105 2117 1608 2131 1658 1664 1819
1720 1767 1756 1836 1802 1717 1898 1905 1784 1749 2138 1699 1733 1806 1691 1662 1761 1719 1849 1665
171 211 102 37 246 308 57 45 199 147 77 2 143 106 362 330 214 224 274 236
319 433 419 424 289 387 423 354 493 276 234 390 551 145 246 309 182 240 265 187
716 799 714 676 757 643 518 718 580 641 815 685 761 635 764 829 680 541 637 681
1406 1458 1344 1372 1491 1450 1311 1467 1438 1315 1334 1381 1414 1464 1309 1349 1388 1336 1437 1484
164 277 94 2619 88 152 328 350 287 8 208 50 262 17 1 245 270 344 408 23
605 644 795 654 594 624 686 794 693 482 752 743 634 768 849 834 617 799 589 682
47 171 2619 243 26 289 211 2606 149 124 284 177 2618 241 138 226 271 66 94 15
2556 2586 2605 2453 2504 2550 2426 2538 2532 2402 50 2476 83 2551 2419 2615 2513 2494 2434 2489
1731 1881 2106 1699 1824 1670 2092 1751 2101 1698 1918 1729 2091 2137 1700 1793 1801 1727 1899 1730
2438 2528 2434 2346 2596 2390 2544 2547 2919 2424 2538 2431 2734 2758 2584 2471 2393 2592 2552 2383
1664 1710 1749 2110 1803 1839 1633 1695 1743 1532 1730 2117 1837 1611 2118 1806 1697 1570 1590 1728
664 1005 1138 831 917 1310 725 876 883 922 1002 1088 873 796 1087 1120 1107 724 915 710
1231 1309 1252 1102 1311 1195 1108 925 1145 1131 1064 1199 1158 1353 1339 1138 1429 1180 1395 1129
190 306 52 374 228 83 318 353 407 167 16 363 123 333 345 270 163 108 93 431
1766 1880 2122 1781 1710 1888 1891 1736 2100 1726 1773 1779 1897 1735 1911 2138 2133 2142 2113 1803
973 1086 930 1306 1070 974 895 854 1060 1018 1047 1125 890 857 1153 959 976 1130 1020 901
757 835 850 898 1023 722 802 758 684 747 796 667 774 815 768 864 590 854 741 784
1136 1269 931 914 926 1098 883 1152 951 888 1292 1145 1249 1250 1213 1160 1281 1153 1077 1167
1037 1061 1071 994 1035 1103 1050 1325 903 1117 925 1293 897 894 914 1029 1024 1056 1003 1028
1107 1192 1320 973 909 961 1181 1357 913 1335 1187 958 1228 951 1151 1007 1265 1152 1092 1310
1057 1123 1203 1242 1180 999 1290 930 1037 1056 1296 953 940 1119 1054 1120 1224 1064 1211 1324
2072 2143 1785 1962 2121 2075 1937 2144 2101 2122 2057 1948 2131 1871 2096 2084 2137 2104 1912 1884
1958 2027 2216 2175 2165 2109 2194 2105 1969 2199 2138 2150 1902 2151 2068 2021 2193 1997 2063 2113
1786 1808 2116 1903 2102 1804 2132 2110 1681 1842 1778 1897 1794 1878 1685 1907 1728 1724 1814 1848
1529 1836 1545 1802 1700 1636 1688 1501 1707 1533 1596 1654 1804 1618 1639 1675 1704 1555 1511 1799
700 742 755 735 645 626 723 597 819 628 684 681 737 800 566 826 624 770 716 641
1745 1796 1772 1821 1879 1700 1898 1839 1690 1893 1760 1779 2123 1837 1686 1680 1675 2116 1818 1823
1514 1583 1685 1491 1611 1656 1694 1828 1507 1717 1690 1517 1648 1609 1582 1824 1560 1627 1520 1487
178 215 7 175 233 263 87 318 60 102 136 213 61 32 344 100 199 348 162 29
1545 1601 1694 1594 1643 1566 1666 1664 1840 1521 1544 1665 1639 1630 1520 1507 1605 1833 1592 1518
2674 2716 2948 2947 2637 2743 2906 2705 2738 2715 2754 2904 2960 2730 2675 2914 2719 2907 2633 2644
1789 1914 1767 1714 1951 1780 1689 1916 1943 1761 1727 1721 1978 1751 1932 2095 1885 1772 1907 1945
132 187 62 352 317 220 26 133 15 204 49 51 242 140 127 237 188 267 141 212
2703 2962 2416 2931 2894 2857 2822 2867 2800 2796 2713 2920 2685 2870 2700 2893 2764 2695 2903 2442
1153 1192 1019 1090 917 1099 1245 1187 1232 1276 897 986 908 997 1121 1166 1150 1300 1204 929
350 413 395 485 314 290 494 476 189 511 512 276 404 376 534 467 322 207 233 422
1511 1525 1666 1569 1853 1561 1665 1847 1536 1677 1549 1832 1553 1588 1647 1654 1512 1631 1482 1842
860 968 1299 898 690 762 826 756 794 920 677 749 761 763 1174 1099 1298 1010 651 1168
139 232 322 114 186 339 335 310 202 253 268 69 35 105 311 151 308 120 276 387
314 381 148 133 187 421 191 372 172 412 262 355 295 280 252 435 310 339 204 438
1680 1831 1702 1853 1808 1713 1818 1852 1758 1561 1725 1724 1748 1679 1659 1697 1503 1546 1825 1685
