1011 1034 986 994 1074 1014 1072 997 1058 988 1056 1093 1052 968 1024 958 1002 1089 1003 1021
65 93 1521 30 1489 152 34 62 43 32 1184 12 1266 83 1257 1236 24 68 37 144
416 741 558 659 1342 385 716 782 518 427 777 372 384 750 488 500 474 441 462 425
108 1255 63 67 136 646 1251 1169 1523 1243 1248 1287 33 1219 1282 1542 577 100 570 630
115 171 213 43 1215 55 216 1236 167 1165 56 128 144 1157 85 1207 1612 1200 1245 1532
1718 1761 1724 1688 1721 1735 1687 1766 1711 1698 1744 1722 1757 1731 1733 1691 1694 1750 1747 1716
687 1325 556 690 1337 1327 668 541 1353 630 402 446 1285 395 656 684 675 1363 1294 703
229 1641 1642 269 212 1648 1592 211 1654 230 1643 1639 238 249 1120 205 203 1670 224 1656
104 1179 186 98 1221 174 1156 1149 1159 96 84 1544 97 182 1538 1207 99 1256 53 1249
1226 1280 146 1188 1264 1326 660 600 1213 43 98 1445 1322 1490 1205 1187 141 1324 1315 604
356 770 834 300 830 444 778 789 785 481 352 754 341 746 374 820 349 794 762 396
540 727 679 512 1258 446 394 520 429 571 754 1286 594 672 531 663 452 699 414 1263
951 1000 939 991 990 932 1084 1098 1103 1099 1014 920 1089 987 1117 1012 1060 1083 1094 930
1724 1766 1730 1741 1753 1765 1773 1738 1720 1707 1744 1778 1762 1711 1768 1700 1752 1702 1714 1746
693 1440 432 571 707 1326 673 1272 1423 1416 694 408 1435 469 551 452 554 468 691 728
3 25 574 1445 611 607 1263 1217 646 623 1518 1301 1442 637 1297 1521 1508 550 1450 61
330 826 359 853 850 346 307 288 855 337 345 369 799 299 362 802 294 348 321 280
343 366 742 807 374 518 451 390 847 789 840 722 764 777 288 384 450 754 381 830
1377 1425 1288 689 579 1341 1441 578 1416 1295 1444 676 571 1418 577 560 630 1356 1397 1429
529 679 587 443 499 670 439 630 1282 378 552 1448 582 724 435 524 407 602 572 430
594 638 655 1259 1214 1301 553 22 1485 1428 1307 1225 1241 1197 641 40 654 1411 587 550
122 158 1536 1197 203 1156 1195 70 126 1610 161 1524 39 125 157 1175 130 1538 1593 155
623 1461 1219 1459 1422 1250 677 1311 1440 668 579 614 1217 1263 1460 1480 1310 643 1289 10
1099 1133 1166 1077 983 961 984 1173 1153 966 1139 1158 945 1112 1090 948 1618 975 1011 1102
145 179 1527 1168 1593 1621 1614 190 120 151 187 1547 172 1159 71 1550 1615 1226 197 100
665 1310 1342 409 533 522 618 1408 4 1251 696 678 543 1270 695 1410 1419 584 547 1307
205 1607 159 1627 1133 1163 1620 216 170 1132 1170 200 215 1579 152 195 1585 1609 164 244
290 859 304 848 307 800 870 815 265 314 823 263 308 816 346 254 328 819 803 243
196 1565 119 180 200 1537 151 199 148 1578 1604 1155 1548 156 1614 162 1175 1152 1623 1543
713 1328 681 1317 448 1292 1362 434 711 517 743 424 684 496 1316 395 727 744 682 411
519 674 1449 1336 1403 620 689 1328 649 393 1337 523 475 622 1406 611 553 1265 502 619
1518 1550 28 1492 1582 116 108 156 112 188 68 51 153 181 179 1515 114 190 57 1545
555 1464 19 1493 584 668 673 1230 1241 694 8 636 597 1222 635 1228 21 602 43 1449
208 229 1161 1567 1595 1605 256 225 209 1649 1622 1571 1619 1617 1611 185 1642 213 205 189
384 776 807 398 787 339 795 794 421 417 450 699 340 784 793 491 722 360 695 402
110 1168 111 1166 38 170 1238 1526 196 1143 157 67 1145 189 1229 1543 1556 1261 1247 70
1627 1645 205 227 1650 1672 1120 196 1624 1653 194 198 1658 1128 216 1596 1649 234 225 1610
429 481 568 390 564 781 1306 430 434 402 381 392 658 554 418 389 1350 452 1344 543
240 255 285 1651 293 226 220 242 1605 1629 233 1648 302 1632 1650 259 1627 1631 1621 298
519 565 457 711 1460 706 732 604 1217 450 454 1477 494 662 1455 428 1293 1464 1472 1483
1369 1392 1423 1418 1395 1397 1410 1348 1363 1356 691 1335 714 694 1409 1376 688 1404 716 1346
284 815 367 246 274 809 790 262 306 793 312 818 852 259 320 261 825 796 362 816
968 1058 1101 946 999 1032 1001 1033 1108 1107 1113 995 1084 1100 1027 1003 1067 1114 1112 991
72 1230 1240 103 1525 151 626 1491 594 94 1514 1469 1468 33 149 570 1541 546 1507 1447
1113 1153 991 191 187 1157 1000 167 203 215 1151 964 1140 963 976 996 1094 1155 1131 999
386 703 405 419 365 560 1345 376 427 727 433 1360 350 716 1323 679 355 370 536 700
202 1165 1604 1196 1197 206 1636 1576 1620 1207 1144 1201 186 83 1568 1204 1185 100 80 171
370 788 329 519 738 782 460 449 776 482 323 779 516 714 358 828 499 418 495 803
743 781 515 434 758 472 820 427 330 729 370 757 728 392 501 447 440 406 500 525
345 777 367 811 350 372 769 764 474 841 295 747 755 382 360 388 789 493 466 318
966 1098 950 1137 1093 1124 1114 1123 1062 975 947 1063 1080 1065 1024 1067 1079 1138 964 1061
619 1442 1213 1265 664 1261 566 1260 657 10 563 568 637 654 22 1455 629 11 1291 1461
283 865 307 244 265 850 874 240 891 237 888 332 827 279 253 862 238 267 315 843
1310 1465 576 599 1258 586 1349 541 425 679 1240 668 1285 1299 29 545 571 1340 1450 645
371 501 533 474 467 794 510 547 459 708 747 527 447 790 404 417 778 715 356 514
1715 1724 1763 1704 1692 1765 1730 1683 1726 1738 1743 1746 1748 1742 1727 1703 1734 1744 1686 1732
549 617 1258 674 696 1284 562 557 704 1232 403 1421 1225 686 530 710 409 645 575 679
507 755 456 535 526 421 445 795 386 437 403 749 407 698 452 436 799 375 510 354
544 716 399 369 1255 710 1279 1242 1370 633 1351 429 1446 400 638 631 746 693 424 657
1055 1074 1002 950 1064 983 985 1092 949 992 953 1081 1061 1000 975 964 1100 981 1001 1012
1637 1650 1671 221 1658 1663 220 217 1126 1679 216 1632 244 234 243 218 1627 210 214 1661
1337 1356 1285 704 522 531 1408 409 433 1308 1417 1401 413 434 1398 438 1380 1421 1379 1403
26 1537 1531 1568 1450 591 1521 130 1551 1452 1208 1291 586 47 1565 1260 3 1268 77 1554
544 1329 1241 537 447 1453 575 1330 1331 394 453 1365 711 1354 1258 561 1262 1438 573 3
175 1546 199 134 1508 211 216 1550 140 64 121 114 120 101 50 1574 1519 1509 118 170
1725 1753 1699 1728 1688 1767 1747 1744 1752 1746 1737 1759 1735 1720 1691 1768 1689 1748 1712 1758
501 738 479 707 755 764 365 382 747 515 514 484 506 552 722 773 429 554 379 377
163 1189 1570 192 1571 31 125 1586 208 1169 118 1181 1227 1178 116 123 179 158 162 1601
216 1629 1647 1622 215 239 1623 1596 179 1653 161 1130 1635 1630 1142 1586 1127 1657 1619 1620
346 827 357 850 479 347 333 752 465 297 359 311 793 329 828 808 469 860 476 769
227 233 1623 266 278 1610 1647 249 1649 1640 214 199 1625 1641 1608 276 242 250 1602 1628
1434 1451 1496 13 1248 645 1218 1310 1413 590 577 1242 1280 1292 646 564 630 598 1228 1478
310 810 809 360 283 794 356 276 842 770 803 315 331 294 800 272 323 362 859 309
1180 1210 82 1147 63 617 1201 1195 55 1174 90 596 188 8 141 621 1256 1266 1240 1257
955 989 1096 1077 948 1100 995 942 1109 925 922 1089 1072 933 937 951 936 945 1110 1080
516 676 569 1294 1291 1438 602 599 641 549 394 617 737 642 467 1344 475 469 574 629
681 719 622 639 1340 506 1281 737 1334 456 1350 465 625 644 710 1441 1352 750 1398 1343
522 711 558 505 675 378 1329 450 709 1369 1338 391 658 669 693 470 1342 1356 447 1346
342 371 496 351 408 784 414 780 346 473 321 842 743 519 522 464 307 302 370 326
1270 1447 31 584 1451 1304 563 1460 1444 53 576 550 1302 1296 1427 610 678 603 34 1251
313 841 791 834 346 272 352 336 271 786 273 799 306 337 822 327 811 867 307 824
636 692 697 1321 730 640 1398 1458 1273 445 1426 1356 468 1326 643 1442 409 1438 421 516
298 800 837 799 859 849 759 802 773 836 857 331 795 294 376 273 772 835 860 313
508 693 711 472 695 751 1440 685 699 494 448 461 1429 753 434 725 630 439 399 1370
15 569 666 561 1509 1484 623 1516 634 1230 539 550 598 1443 1452 1260 1252 42 1298 1271
58 95 92 117 146 1278 1491 1247 143 55 129 85 1538 1269 64 110 1249 118 151 69
371 403 731 370 780 525 339 765 527 708 549 474 470 333 397 401 487 450 317 786
216 1613 1620 1584 1132 1588 1158 173 181 170 1618 1606 1645 1603 231 225 204 202 1574 1572
66 102 27 1547 1527 154 1164 100 143 1537 1516 141 112 138 88 113 1180 162 1266 1269
354 370 408 434 518 474 814 785 415 738 505 305 481 311 315 804 519 462 418 466
562 1248 1257 662 1280 66 622 677 617 633 426 1436 85 1251 545 1459 1495 1261 1483 1429
1228 1257 153 1436 599 547 93 156 87 664 35 1214 606 636 39 1494 1211 73 149 1215
1000 1117 963 1065 1063 954 1622 1623 971 1067 1012 1135 1113 1139 1078 1068 948 1133 962 1097
156 1171 131 67 1196 1146 171 1546 1609 1555 210 204 1204 1185 1575 69 84 68 70 1183
536 1277 701 583 673 59 628 587 52 498 1434 578 410 54 384 443 1307 493 480 638
596 1233 677 1239 1292 680 1204 135 1275 109 1280 624 1195 36 39 95 1266 641 550 1284
573 1292 653 1424 565 1457 1278 1492 1433 594 1443 1435 650 1306 1428 641 1223 639 570 19
379 732 797 527 740 714 452 469 529 368 791 437 532 781 374 466 501 703 434 431
1660 1670 1662 1648 1676 1649 1630 1629 1636 1674 1701 244 1703 1699 248 1631 1647 1633 1681 1667
497 519 714 758 488 525 477 769 500 529 670 554 702 717 747 465 480 711 1326 736
333 782 837 848 473 756 456 395 355 329 390 341 835 760 454 345 357 283 278 343
5 618 1215 554 1201 634 643 638 1249 1417 1501 60 607 616 624 1230 41 1424 615 552
48 1459 614 109 1267 644 618 91 126 1443 65 646 1206 1491 70 1485 589 1453 122 1440
185 1161 140 1178 1197 1551 1183 145 104 175 214 1128 190 1202 1144 172 1593 207 192 189
584 1233 1197 1238 666 1421 599 141 32 53 676 84 578 1256 1191 119 58 598 1242 1214
1362 1404 1393 1385 660 700 1333 1413 1415 1354 1336 430 708 1369 1376 1398 1395 1357 676 696
618 1224 1223 1 160 65 97 1194 686 93 1429 1298 636 668 72 152 1463 1489 1450 145
112 1249 1448 1271 1173 130 92 118 1476 128 146 644 175 103 1237 66 1201 1465 1483 608
507 709 671 692 543 743 506 738 1343 477 547 731 398 668 392 395 460 389 402 554
1704 1740 1764 1716 1690 1671 1678 1691 1755 1757 1670 1732 1673 1734 1722 1769 1739 1774 1724 1754
618 1445 1308 1225 1215 643 612 607 1296 1463 1263 1272 1453 615 1300 1202 16 1295 1440 594
102 1539 1564 120 73 1540 51 31 1214 1171 85 1534 1563 1257 1235 1546 88 1161 97 1250
324 804 318 818 277 797 326 841 370 319 351 807 800 330 289 292 323 364 375 806
490 743 465 349 496 719 728 345 363 477 485 703 347 378 417 348 438 695 737 712
995 1093 940 1075 973 1115 970 1071 1086 1117 1060 1123 1105 980 935 1011 1127 952 990 1012
29 1524 116 60 1453 1561 1491 1 34 76 1254 1564 604 62 1490 1204 120 5 129 1442
578 1441 1450 1421 1468 15 1244 627 1276 677 1490 1470 522 529 1282 1262 658 1458 1447 668
38 114 1482 1286 99 93 123 1266 581 1529 171 82 1197 182 1273 1268 1204 147 1259 150
438 554 657 593 395 670 621 512 381 1341 556 651 1309 396 410 1263 471 520 1347 409
643 1421 606 592 1386 1396 1408 1358 664 674 586 1416 1462 1278 651 591 662 1377 1464 1229
342 465 361 835 531 511 510 283 284 765 461 418 730 412 348 341 781 706 374 738
606 1432 1234 1448 562 1257 1254 1431 641 1466 1478 1221 657 1434 1490 651 575 1309 1404 1268
1601 1625 169 1120 156 140 219 1571 1134 180 1126 197 235 233 1559 166 222 1578 1623 160
129 1169 172 144 1243 83 187 167 1167 1506 1157 1578 128 152 82 43 78 203 57 100
522 560 1474 638 607 657 1447 1230 726 743 1322 478 1432 606 1278 567 553 463 380 627
503 701 1331 688 715 1325 745 743 759 513 551 712 1337 737 380 409 459 1350 1316 685
726 1318 1278 740 430 1346 750 494 389 500 456 1321 509 741 515 723 536 1284 699 378
614 674 1269 696 1452 646 410 683 1287 1214 1250 1294 1295 1285 715 1275 1205 416 649 421
460 541 571 423 665 1443 639 493 1298 761 1343 699 363 654 454 487 716 462 540 515
361 812 366 403 737 464 727 476 362 749 289 748 473 405 799 401 785 834 497 805
38 60 1508 1201 1459 1537 1181 1518 1449 110 37 85 103 19 122 1454 1228 61 578 147
1285 1310 1340 1299 636 593 1307 610 595 1256 1432 1238 618 22 1314 660 1292 699 1253 1356
1060 1076 1038 957 969 1015 1096 958 1031 1034 972 1002 1091 984 976 1023 1053 1100 1051 1082
612 659 3 1310 1462 1257 2 1221 421 619 9 1408 1437 1441 608 653 1307 1477 584 702
630 1263 68 1251 1445 1430 1272 129 1273 1435 78 1302 568 577 1433 85 1279 610 1290 559
576 683 415 1270 411 1249 1417 1458 649 523 508 1401 1257 705 709 397 1253 1209 666 405
63 113 1543 1530 94 1552 1250 164 1252 185 9 92 1171 1506 1210 46 1272 133 1256 1230
72 1244 47 629 1276 42 120 562 610 1533 1462 44 616 81 631 1250 1510 1180 614 643
230 1645 1597 245 274 204 1627 1599 241 211 1641 264 1660 1589 1642 259 267 1639 242 252
622 662 1235 590 547 576 1283 1292 565 535 1429 1236 646 432 1260 592 574 588 1301 597
159 1161 1589 173 200 202 1145 1164 1216 134 114 1214 1148 1610 1125 1594 97 193 1197 1156
544 1238 1442 1325 403 558 107 1320 433 1236 1458 678 487 100 451 136 81 545 144 587
557 701 1237 636 1478 550 1363 1308 661 652 1233 533 1238 623 1456 458 1318 1477 575 633
91 1255 1535 555 582 1490 611 1244 97 538 660 38 1214 1236 76 532 1164 1439 1209 1275
297 848 336 311 351 321 272 828 253 823 286 308 865 813 349 829 837 318 279 876
1726 1749 1711 1765 1708 1733 1772 1707 1714 1766 1758 1779 1770 1743 1752 1760 1723 1730 1764 1735
455 778 320 686 809 526 705 453 377 691 696 805 331 374 538 690 718 457 433 352
610 678 1298 1294 432 627 671 1450 706 1250 1226 1437 1319 564 21 590 12 1426 1310 1206
236 257 285 252 1628 1616 1617 1645 225 247 1632 235 251 1619 1599 271 284 220 246 273
537 1282 728 1297 721 1236 598 399 639 618 691 1277 576 669 39 1473 631 1312 493 1436
