575 627 559 649 560 618 566 671 637 572 581 632 556 567 664 640 625 687 539 606
246 1063 198 262 270 29 1068 965 238 265 23 1069 144 201 119 217 1072 997 140 982
501 768 782 762 791 454 788 448 752 458 751 510 758 778 451 493 789 764 795 508
186 971 12 964 4 1114 1002 155 1117 996 933 165 158 153 991 254 18 17 220 993
280 1139 1160 336 313 1170 337 332 320 1124 212 1150 301 307 302 324 316 315 1136 224
25 139 1034 35 999 22 980 196 154 138 1057 192 1051 964 24 4 958 191 992 943
139 150 157 15 35 990 181 184 994 1023 176 1008 194 999 981 1006 1004 984 190 1030
186 1020 990 34 145 167 11 178 1019 954 1036 30 1032 1033 1119 150 1064 1115 202 947
1233 1352 1223 317 1238 1351 1315 1209 338 1237 1243 351 1251 1305 285 1250 1211 1298 1245 1365
35 1073 983 115 164 1091 966 176 1062 1100 48 139 107 990 131 106 68 71 167 198
451 499 737 735 719 452 413 508 771 450 497 400 423 404 498 425 484 740 521 705
1156 1182 1135 1186 1121 1136 307 1139 1208 1168 347 233 235 1125 1184 273 279 269 1185 1152
423 722 749 384 717 419 413 377 739 395 415 454 716 740 381 700 705 451 686 737
579 659 681 652 543 604 687 685 660 590 622 667 608 662 611 617 649 561 677 546
247 945 953 231 272 11 946 269 1062 1069 1061 199 1106 1055 1164 1154 187 271 1065 219
373 410 443 380 691 393 325 456 407 700 457 432 389 442 705 329 702 719 346 720
203 1137 16 1009 1157 217 215 1171 1129 1128 231 29 30 995 1123 1035 965 180 1159 211
202 948 211 998 1126 1038 162 1040 976 231 1114 1019 1063 1064 227 243 966 246 1106 194
398 441 737 362 721 714 422 713 420 469 408 695 446 731 531 702 388 387 370 728
616 630 563 575 629 576 597 635 555 572 585 646 637 603 587 644 604 562 602 550
55 100 1088 42 52 38 1075 34 36 44 80 129 62 40 114 63 85 49 61 103
1075 1110 34 257 40 244 262 265 116 79 1072 1119 246 1100 1121 55 1053 236 113 209
1185 1204 1180 353 1164 1196 1176 1186 270 264 262 340 266 1233 257 1187 345 1191 278 1174
295 319 1166 1228 270 340 1177 347 266 325 264 335 1210 330 1191 1220 320 1218 310 352
622 640 597 667 659 610 614 561 627 574 600 668 573 581 613 569 648 591 560 609
603 649 662 585 616 537 547 542 555 620 567 608 574 552 561 550 638 554 664 571
171 1003 989 998 1041 165 1052 173 4 1025 219 181 959 1 198 31 161 983 11 1034
276 1134 291 1124 1187 1129 1115 1163 312 284 209 331 279 1209 1177 323 280 333 1156 1131
30 1060 210 159 1127 173 138 992 26 125 1110 12 154 195 155 1080 168 28 22 21
450 505 781 736 480 509 489 496 484 500 766 473 706 440 720 423 532 786 704 452
181 999 1009 968 195 36 1034 20 19 1033 948 221 23 157 1036 160 950 1016 129 143
457 708 720 460 430 419 682 711 734 767 541 482 537 407 442 459 735 686 536 744
184 963 131 143 1058 34 20 33 990 947 951 218 939 260 203 934 169 176 29 22
87 123 1074 36 108 101 1109 1064 73 82 42 115 170 110 1069 33 78 44 51 138
141 1054 982 39 38 175 1033 983 148 188 226 1071 225 123 1 179 976 180 1070 246
188 207 212 1017 3 146 1051 223 1042 18 152 1033 1133 1050 1009 971 1135 1026 206 996
599 663 637 620 691 548 643 576 658 677 631 587 559 557 646 543 530 612 553 641
976 1043 172 1007 1068 37 6 231 233 968 937 1053 264 22 1032 1010 8 1004 18 132
232 1110 970 1063 210 225 1059 251 205 239 1134 951 1128 1058 207 977 1151 945 1062 39
230 953 187 1149 999 961 1060 242 975 942 184 974 253 1056 168 982 934 232 223 989
136 151 980 198 152 1046 33 160 1002 132 43 164 1047 10 184 124 120 1069 134 1017
234 1112 1106 1092 955 238 1067 266 246 190 961 254 205 1055 964 206 1136 971 249 256
1243 1262 296 1220 1362 1315 1261 1224 298 297 294 1268 1209 1274 1254 1230 1236 1357 316 1360
264 1179 1166 290 300 1363 1214 1173 252 254 959 1147 301 344 964 1113 287 1175 273 258
1151 1180 1158 266 1127 262 269 1181 1117 216 1123 334 258 215 211 1216 268 1130 270 1132
525 738 458 492 459 725 668 670 667 471 674 467 482 762 513 691 717 503 429 522
482 739 441 456 472 527 748 510 785 463 525 782 481 764 447 762 508 462 740 449
940 954 176 982 186 1000 213 10 986 192 4 22 915 931 199 18 971 9 232 209
1021 1033 215 186 213 171 1042 990 217 1044 977 1020 21 1046 199 176 203 986 2 182
558 617 656 602 589 542 580 634 574 552 609 599 681 586 664 644 539 575 638 672
429 471 732 749 386 492 507 760 769 392 718 410 748 508 494 687 707 404 744 714
1153 1178 221 342 1213 1149 1215 1184 286 238 1151 291 303 1187 1127 1148 1209 276 247 1158
544 663 562 658 705 590 635 697 631 681 585 551 538 581 666 575 682 665 644 645
46 1085 48 125 112 116 29 72 27 1075 92 131 1069 38 1107 1076 119 108 21 1062
7 174 950 15 188 130 1049 154 963 1059 185 962 1052 1034 205 984 965 3 1035 1031
1215 1235 298 330 1363 1248 292 308 313 1237 319 286 329 1182 1365 1183 1197 1278 1358 312
792 836 814 841 777 874 771 815 823 744 863 754 763 852 817 752 783 766 764 855
496 773 800 737 487 740 814 501 732 788 749 731 466 798 736 469 781 459 759 796
44 112 38 104 1069 1082 74 52 1085 1067 72 84 30 116 35 1065 134 88 7 27
756 788 475 734 759 478 799 791 819 481 789 732 815 445 746 470 750 770 488 834
529 724 449 669 453 742 483 486 696 470 528 530 545 706 423 541 412 663 425 480
217 1065 1097 943 1130 130 1141 249 1121 1048 1138 140 242 121 31 40 1119 1038 1008 1091
684 700 668 566 732 538 572 558 523 423 573 525 676 580 699 735 415 427 724 524
3 978 148 981 176 943 999 268 257 218 1028 143 977 1048 948 938 30 13 183 949
206 1111 182 1038 246 973 996 1099 1074 1076 260 960 1106 1029 1108 1049 1067 222 1069 951
595 615 639 670 656 565 664 633 598 567 581 629 570 553 555 625 551 620 557 564
1237 1326 311 1296 1207 312 281 291 1320 285 1209 1362 1215 1262 301 341 1352 1210 1195 342
1239 1267 1299 340 285 1307 1199 1222 1357 1225 1304 300 1322 1363 318 286 1273 1205 1244 1213
215 240 252 1137 944 949 1069 1052 246 939 1111 1108 970 232 1166 1071 966 268 177 1064
491 777 750 813 462 523 469 476 478 521 757 811 761 732 820 815 798 481 800 472
1143 1153 272 270 1125 278 1155 268 1178 260 1119 1160 228 276 1135 1124 281 210 1177 1167
271 1163 290 1117 258 1122 239 1148 266 1183 235 303 283 1188 306 261 276 262 281 1184
1265 1300 1264 1235 1269 1308 1241 1329 1320 1253 1340 1317 1273 1293 1334 1274 1353 1338 1240 1289
115 126 22 74 23 25 172 1052 162 79 51 35 1058 1111 65 1051 87 1060 27 1071
36 145 1046 30 1072 1062 1106 971 1066 1034 50 71 1044 46 1073 177 140 75 134 986
238 961 219 949 193 221 195 31 262 8 1159 189 24 234 1107 1111 248 1057 955 1170
388 411 437 429 366 726 353 371 382 721 403 402 368 352 428 356 715 386 348 415
738 788 749 443 813 740 769 762 704 488 458 781 777 805 716 752 467 741 480 726
539 664 695 565 714 566 686 546 596 535 683 633 568 636 573 581 526 574 689 722
1023 1038 156 987 1014 152 193 964 210 1040 176 8 167 145 207 963 1043 202 135 962
281 1226 1131 1158 1251 325 298 1210 271 1366 1170 1254 1172 270 323 338 1121 309 313 1134
520 532 479 728 554 551 488 689 726 701 503 525 454 528 530 699 548 681 496 467
169 206 232 1059 151 197 957 214 1134 217 982 219 944 126 140 1041 1057 130 1034 1038
9 947 1044 221 954 220 3 139 1005 165 150 261 230 7 28 921 1027 1051 32 924
555 664 647 679 694 655 553 607 684 609 675 658 616 601 685 605 583 588 597 540
343 1206 1186 1358 336 1201 302 1236 348 325 1355 380 342 283 286 340 1217 333 1194 1213
1071 1108 113 1100 265 1065 34 1056 51 128 217 216 243 218 215 252 201 257 1066 260
28 1043 54 50 13 165 953 56 986 1037 0 172 955 178 1025 155 5 212 126 170
566 612 636 659 550 586 655 670 546 629 691 677 600 689 653 624 640 596 617 601
469 728 785 762 531 772 413 779 520 722 740 712 759 693 438 746 478 702 768 457
277 320 361 1180 1190 1214 1212 1171 1129 1183 289 1188 331 1131 293 312 270 1206 1194 343
759 807 451 504 460 751 786 734 473 726 486 840 813 515 795 512 812 765 494 739
1273 1285 1263 1230 1307 1358 1325 1321 1313 1302 1258 1244 1257 1283 1332 1311 1266 1306 1261 1329
351 1234 311 304 378 317 1266 1226 380 1276 1208 1224 1201 1263 1268 1202 1221 1350 299 1244
489 742 431 709 499 710 747 751 715 491 725 500 749 753 743 758 485 527 766 446
53 1083 1058 84 107 128 127 1090 1073 1094 133 114 113 106 100 52 70 83 1059 45
192 1016 952 988 973 198 13 974 1110 1039 951 967 222 1111 229 984 1030 16 968 982
23 1053 188 1044 1039 32 1072 1118 1043 130 953 961 946 1064 27 954 206 971 175 37
512 757 477 528 781 734 737 451 729 800 497 474 526 742 730 447 812 530 794 476
199 224 192 984 942 252 982 1 1162 1119 139 1113 232 1043 245 168 1130 171 244 943
38 75 42 81 45 1051 78 27 51 0 57 124 34 1109 101 1095 126 1069 14 977
1247 1265 1331 1298 1354 1255 1224 297 1251 1351 1296 1223 1264 1347 1365 1313 305 1238 1350 1297
978 1028 7 17 6 195 21 202 260 245 151 210 1049 1039 253 983 948 199 1007 995
1246 1303 1344 294 1320 1299 1328 1350 1297 1358 1233 301 1335 1220 1282 1364 1360 1212 1286 1232
762 779 800 732 508 461 746 739 731 821 481 512 748 778 802 756 812 783 458 766
1224 1365 1311 1213 1291 1204 1246 1285 1353 278 1258 334 282 1250 1247 1196 1235 1294 320 1290
342 379 345 427 353 1235 1202 395 426 373 327 1197 369 358 1209 409 319 357 328 422
1273 1318 1231 1353 1272 1259 1286 1302 1230 1317 1292 1257 1256 1343 1352 1237 1281 1347 1330 1304
178 1012 141 0 200 156 1020 981 191 212 23 1031 37 1000 950 9 947 1038 1014 954
263 286 1210 1136 315 1226 968 345 306 1170 338 1221 1118 331 253 287 301 284 300 984
44 78 88 15 0 1081 101 1095 60 1075 43 86 18 1092 1091 132 112 1108 5 106
481 741 442 758 439 734 802 466 796 809 715 486 789 784 757 451 772 768 491 437
412 692 410 442 719 699 445 425 398 703 418 454 553 561 428 534 532 551 431 436
595 613 650 621 594 563 626 547 575 630 592 665 580 656 554 663 569 668 571 570
581 659 625 600 663 556 536 538 607 674 664 530 680 612 676 547 637 640 654 688
13 157 32 1003 987 958 15 153 935 951 198 162 176 969 1022 167 995 992 1037 186
378 423 411 415 444 687 462 718 428 390 688 401 449 700 463 335 715 716 714 701
590 618 613 583 554 667 623 649 552 625 569 631 662 620 642 581 572 570 580 606
23 153 192 1041 36 947 1013 1032 50 988 991 196 1056 177 128 154 168 25 2 156
209 998 1021 234 172 196 1054 230 174 208 23 980 10 184 28 953 182 22 972 24
417 714 535 717 406 430 722 415 443 532 400 433 729 459 458 457 447 413 680 446
458 783 823 428 812 430 725 717 828 497 711 469 702 748 765 437 807 817 732 777
645 655 641 548 572 575 591 547 556 542 679 573 606 584 569 554 639 602 658 676
228 1123 211 1137 944 1061 237 1058 962 197 1113 1046 995 1111 215 199 939 263 1138 988
279 1174 1170 314 1206 315 248 1200 1213 287 305 270 300 329 1154 1207 1192 268 1204 1171
455 480 513 772 427 710 438 428 736 436 417 704 502 755 441 783 447 719 437 443
750 795 818 799 752 830 486 466 832 487 513 504 730 787 826 459 761 476 485 457
227 1121 200 1132 225 232 228 271 942 233 967 243 982 983 218 1141 1143 1042 1125 1137
213 996 1141 222 230 1029 187 1128 160 1059 2 993 997 1031 1045 1134 203 169 941 1022
1144 1173 1201 1138 1211 1170 1131 1127 232 1172 250 1146 1190 297 215 1143 258 1196 1158 224
530 725 711 449 746 439 669 541 442 440 733 452 672 458 714 509 655 682 426 463
573 645 658 652 617 650 667 672 551 556 599 666 566 637 605 626 644 647 591 547
516 739 750 461 753 490 782 788 501 740 764 814 529 799 517 758 811 762 804 717
184 1031 1057 947 976 206 977 193 28 1024 1038 981 1033 1010 1047 187 222 136 971 968
161 1023 1052 1020 1051 991 1061 183 992 8 1029 203 1003 1036 1019 159 977 22 1040 16
1206 1216 1359 1218 1236 287 299 332 1245 339 1217 310 291 335 1358 1242 1246 273 1207 1352
336 1226 1194 1213 1247 1358 1204 1264 344 1363 283 1206 376 296 300 1203 1256 1218 350 373
249 265 987 972 1129 1107 1130 227 1059 263 1152 977 1167 292 963 973 1197 1181 266 1117
181 218 976 142 1010 1026 1013 1015 1007 1050 28 953 1006 1022 1009 223 960 17 138 151
340 1218 318 341 1181 358 1227 1230 368 382 1258 1194 353 1188 1250 1226 282 1246 338 284
841 866 897 843 836 839 888 811 886 874 850 870 881 884 880 861 845 875 858 908
18 986 1032 1033 1053 1019 952 261 999 1016 964 236 257 2 247 965 1015 1066 1017 955
224 235 968 264 1065 986 1057 201 205 1127 1124 253 1066 1120 244 938 182 186 1143 975
272 1118 294 301 200 1189 1134 212 194 206 251 257 189 195 1110 1201 1063 286 190 241
591 626 627 609 670 636 564 547 619 655 597 647 665 545 621 558 567 559 550 600
44 103 48 1088 1068 13 86 53 20 1102 1094 96 122 1071 61 50 85 1069 0 34
1284 1362 1220 1357 1303 1301 1265 1325 1289 1235 1234 1198 1240 1243 1219 1222 1316 1241 1307 1329
1096 1107 67 214 1070 1090 199 1104 1082 1116 82 1059 48 213 1076 58 101 75 1088 122
210 1044 1118 1115 1134 1127 171 1144 1068 1028 1107 178 1150 133 1040 988 1019 179 175 1004
242 260 943 1160 1134 1049 243 1057 1179 1060 247 1115 1123 939 1164 977 967 256 244 1122
