14 1401 1499 55 69 1417 1404 19 73 45 61 71 27 1381 1494 64 1350 24 1493 40
693 718 643 665 691 637 761 705 695 678 852 646 701 770 636 842 731 666 798 616
420 456 435 381 443 393 384 448 418 464 395 468 417 440 421 431 406 404 382 397
231 256 344 323 215 328 280 317 133 214 1476 190 182 153 180 177 338 1466 360 1475
23 1352 1344 1405 1319 1350 1428 1403 94 5 1427 1363 10 1354 1329 80 1336 104 1362 41
145 160 1449 1477 198 99 263 1470 148 252 238 126 1443 224 112 1434 1493 105 168 236
232 322 265 1468 295 362 349 375 1454 1472 245 146 386 124 1452 149 360 150 167 246
471 511 579 666 584 481 638 553 383 392 524 368 343 631 363 353 366 562 371 636
429 442 433 438 423 410 428 415 407 394 462 441 453 400 439 455 452 425 401 458
97 1475 1463 1415 163 16 33 1434 1507 113 75 233 36 1466 29 177 1459 1504 189 100
118 197 1428 136 121 100 92 1500 1472 190 84 101 250 151 179 1503 1424 236 1437 189
112 125 1488 76 69 136 60 226 1461 215 1495 235 116 189 159 220 1448 187 1468 78
784 1639 1643 1624 1564 1567 766 685 1607 840 787 1652 1667 1594 1543 1620 801 830 750 1659
63 1388 1378 70 49 13 1403 1406 51 12 104 30 1402 1389 53 1344 1368 1377 1383 55
1358 1430 1380 1468 22 168 1348 1407 164 0 9 1401 3 29 1457 100 163 1413 124 1476
643 770 545 792 755 1649 851 645 843 1654 495 679 858 767 558 726 1667 655 736 762
145 247 117 125 274 250 182 1450 331 1475 263 335 201 330 258 1468 349 320 233 265
182 226 330 1460 197 224 121 122 1462 142 1472 144 163 341 238 75 257 340 158 92
256 272 242 292 380 314 135 227 307 162 350 206 215 229 357 195 299 201 341 212
927 1669 813 762 930 719 900 782 931 834 854 841 691 860 835 842 1648 747 784 828
330 390 352 219 312 261 313 315 358 239 339 327 278 351 472 474 321 319 218 264
864 897 735 870 751 1658 789 845 779 869 777 919 939 862 1652 889 766 910 905 901
503 555 488 660 571 486 466 659 552 622 576 477 584 640 501 516 679 582 669 569
1634 1648 713 1638 1555 1642 854 1646 792 1627 1611 1566 710 1610 838 923 1591 922 823 604
1010 1049 1066 1171 1215 940 1174 1021 1033 1042 1012 951 1032 1210 1213 1061 1179 939 942 999
374 473 520 391 465 506 504 322 331 315 500 335 485 523 351 563 318 572 378 333
154 170 1468 156 123 242 133 1454 187 147 189 204 1427 1483 1471 211 1442 209 1461 1476
1640 1664 1569 709 783 931 1572 1623 1629 1607 894 767 750 1548 1628 695 700 693 776 1620
1580 1637 1577 237 625 1545 1654 832 1586 1573 1565 1568 1611 1540 709 1639 1582 606 1631 584
212 243 209 337 1463 255 333 200 134 349 137 328 161 1466 199 1455 1446 1579 1454 219
1542 1641 1625 792 1554 694 695 1547 1659 847 801 803 1552 846 1596 1626 1569 1597 1571 1647
1552 1568 1594 1586 1566 587 1615 590 1643 1542 607 1609 613 1579 1632 597 1629 1587 1541 1622
563 657 730 691 517 624 725 484 501 662 621 759 733 753 688 566 473 574 755 635
464 543 535 666 378 537 660 655 529 568 572 487 474 509 541 372 355 449 465 570
12 94 1404 1402 1365 1484 16 198 1475 50 76 48 1439 1488 196 152 56 92 19 1500
847 911 1659 711 914 821 823 882 682 683 718 867 777 793 850 788 860 895 932 849
1055 1075 1163 1062 1206 1002 1167 1008 1180 1032 1086 1142 1212 1007 1171 1067 1216 1207 1074 1160
359 468 456 254 265 262 325 1583 393 324 520 326 582 454 370 390 532 473 528 580
1152 1237 1142 1198 1034 1256 1206 1155 1288 1219 1202 1220 1249 1275 1215 1235 1289 1283 1054 1265
595 1568 626 613 1636 1607 571 1624 573 1578 615 1633 1566 1641 589 1584 484 1622 1589 1610
357 477 593 574 568 365 560 480 526 584 388 249 632 347 321 319 391 533 318 630
536 652 514 556 732 537 562 673 509 655 468 766 684 515 667 643 485 638 493 534
201 248 180 1444 1479 344 335 115 140 118 323 125 235 132 209 187 331 232 99 319
500 521 630 560 676 680 627 528 484 548 579 479 581 621 623 553 496 542 651 480
1643 1659 801 689 797 905 1600 719 1556 861 852 819 721 823 722 784 694 1548 1624 788
104 1494 148 61 174 54 83 15 45 76 105 113 18 30 190 1447 1463 48 72 1429
643 678 508 786 684 662 728 658 730 649 771 511 713 665 572 573 622 495 661 667
570 651 733 480 751 755 645 474 550 724 683 533 530 486 559 728 737 520 529 612
636 656 494 724 500 643 517 544 704 659 710 559 720 692 682 567 503 746 625 539
139 1462 342 212 193 248 1486 111 232 1460 128 256 96 1437 1471 1446 262 225 213 223
815 1649 1662 1609 1635 854 799 777 782 1658 1657 721 817 1606 800 1661 832 835 791 778
1352 1390 1376 42 1336 1426 1429 1438 1407 1393 44 23 1337 86 37 78 41 47 6 1333
217 253 316 336 1459 126 279 325 265 228 233 280 340 178 143 235 1449 268 167 209
685 758 875 751 776 656 1661 710 691 755 876 698 705 649 870 671 674 784 713 779
191 208 162 259 170 145 193 215 151 1490 207 213 82 158 1445 178 165 130 192 129
310 394 337 454 317 278 445 268 455 392 299 300 336 384 436 451 457 334 386 442
1348 1360 1404 1429 63 14 1316 1364 72 1423 1358 1385 45 30 52 16 1405 1329 17 24
82 166 65 29 90 1381 1447 53 83 50 176 209 1459 88 181 58 49 1392 1489 171
468 524 654 560 570 640 397 659 571 667 561 329 563 644 348 378 507 462 645 668
489 587 581 364 1602 1606 491 471 540 562 468 513 376 615 1574 1600 1594 604 523 550
103 186 111 1459 11 226 1456 63 136 217 193 85 1433 14 92 107 55 1470 66 1496
144 162 105 1438 209 152 187 142 1469 107 1476 122 167 186 1432 159 138 116 161 208
56 98 2 188 133 100 1404 161 1340 71 9 91 94 136 132 75 162 74 1452 195
769 847 870 753 653 790 837 1655 830 734 864 803 704 686 721 757 850 749 694 891
1634 1654 923 725 1577 1549 691 1644 1571 697 834 1597 791 899 1661 712 1584 710 921 800
988 996 954 942 966 946 1083 975 1003 952 1085 980 1007 1010 983 986 979 960 985 1184
730 863 764 786 888 756 781 751 676 850 677 698 695 1668 904 743 649 848 679 725
725 1653 1659 1628 923 724 734 1668 845 781 822 684 1651 683 921 928 743 897 767 1620
263 362 378 147 136 295 469 312 232 574 332 484 391 281 388 307 345 396 275 224
1422 1514 1402 59 1503 1403 1392 84 110 34 1408 78 12 87 90 81 1484 1511 29 71
578 615 600 1571 560 701 566 516 705 1572 598 594 1587 622 492 1570 583 1593 496 621
114 139 137 1487 1481 1508 203 182 198 1498 1489 1449 343 340 192 28 1462 1439 1468 204
670 713 503 512 791 1659 511 775 765 773 779 744 530 763 828 697 767 553 550 720
186 209 212 252 86 1426 204 125 143 1458 182 80 122 335 184 1441 1460 216 181 215
802 1630 1649 707 813 1550 1655 787 1648 785 780 1664 840 1609 829 1632 701 1599 1600 822
1392 1436 1487 43 57 59 1343 1448 168 38 99 40 107 1503 1496 1444 192 1344 2 119
644 774 771 898 1656 519 538 745 1660 833 865 1651 863 785 643 852 740 749 793 564
492 544 364 614 586 655 469 480 472 545 510 551 657 589 494 358 622 624 560 533
996 1078 1068 976 953 964 1091 1094 1000 1192 977 978 956 975 1179 969 1177 965 970 998
948 996 991 981 1003 884 967 969 1002 942 953 875 877 1004 1180 955 1076 957 997 985
13 35 7 1416 1407 1362 1391 99 54 63 1338 1417 61 1363 1367 1439 40 1 98 1421
115 1495 148 194 1507 1465 1496 170 1475 1489 76 197 1483 113 1442 1447 112 92 84 1501
482 527 361 587 582 616 656 471 485 369 379 673 546 566 492 498 534 558 619 380
22 105 90 138 1509 5 1462 1430 15 63 27 1355 98 1487 70 96 57 1473 19 94
1382 1427 93 3 54 1388 1371 1361 1465 86 107 1509 109 29 64 1349 1496 1351 14 82
620 1589 352 500 498 1638 698 1596 588 617 631 513 1564 1563 641 503 1586 511 1572 709
617 703 831 491 691 569 600 1576 1575 719 512 794 801 787 638 1599 592 792 582 593
780 1647 866 1661 759 1639 696 823 767 1568 1606 860 821 794 732 836 795 1605 828 1663
1626 1642 1668 1651 1649 1578 712 1569 1576 1624 1620 1625 1614 795 1543 1654 1554 1575 1550 914
777 895 915 679 782 838 830 919 676 1645 903 773 1648 882 720 916 792 893 756 1665
707 840 905 765 712 860 676 623 691 820 1662 803 822 627 832 815 925 736 772 796
229 260 333 218 1475 350 125 174 308 195 265 224 270 202 266 130 348 147 263 351
510 675 568 663 478 719 542 570 561 668 576 640 617 485 701 540 616 740 538 679
1408 1431 1439 1395 68 1464 93 1413 1461 167 1350 105 1469 104 1336 1453 82 1497 1494 1363
119 131 1436 261 220 94 250 236 1462 218 1483 105 1499 257 243 104 1450 1429 180 209
872 940 870 1017 937 761 743 897 1020 892 871 756 1002 958 883 763 951 1004 878 934
549 668 662 639 757 528 649 733 664 526 728 635 760 729 500 766 566 764 501 560
819 840 863 729 708 817 1642 909 1651 723 788 773 836 798 852 894 907 905 726 1633
578 1589 361 641 637 563 1631 509 354 580 560 366 1614 1628 1607 517 1636 1610 363 1590
7 46 1343 88 1345 1421 1435 1357 52 1359 1362 55 98 16 76 1341 90 25 1337 1404
102 1442 191 14 200 104 100 1418 146 118 1485 33 1499 81 17 126 69 1481 178 1488
128 251 182 158 115 263 256 359 273 209 212 205 213 164 342 99 1449 231 90 96
654 678 737 761 1667 691 751 757 686 745 713 518 494 517 680 556 565 524 496 544
203 238 339 174 202 176 1582 181 1455 1442 209 142 1481 1449 1589 223 1460 331 347 1478
477 491 576 350 366 386 561 349 533 583 461 634 657 547 374 382 506 635 475 345
289 323 355 260 246 262 390 363 385 393 335 387 337 288 331 254 336 283 309 308
760 858 740 849 650 904 785 837 877 911 907 788 846 725 795 732 891 762 782 857
788 811 771 786 1630 815 762 831 736 752 843 898 821 809 1639 823 694 695 761 838
1391 1421 37 8 1352 67 26 31 117 97 46 1489 81 18 101 1440 55 54 1419 1509
507 634 529 525 697 530 523 1667 562 585 476 553 716 615 651 494 662 504 727 545
30 1388 93 1438 11 1394 80 1343 1422 79 1352 1415 1356 89 40 85 39 1410 26 52
664 753 537 553 523 854 1662 496 638 686 743 679 669 566 738 541 727 722 656 856
346 1572 1614 262 239 617 384 379 1611 1582 1629 361 1635 1548 381 1554 221 622 322 602
345 1591 333 257 322 618 246 619 370 603 1555 596 1586 479 378 1550 1543 382 223 584
1603 1622 1597 1547 1616 609 1643 1575 614 1562 1607 1590 1561 599 605 1572 604 593 594 1653
472 493 554 549 473 528 331 650 626 458 561 573 675 634 532 358 474 364 559 369
1344 1394 45 1353 30 1400 1371 14 52 1372 1361 65 69 1420 1376 1323 1432 1384 1358 1418
1419 1513 1495 1406 1429 1500 112 116 1426 1388 12 80 103 1355 1413 91 21 1557 1553 57
263 290 275 226 394 313 274 333 315 323 156 321 251 235 345 150 134 211 288 335
838 1659 892 917 850 734 857 802 687 1660 1664 706 688 1663 680 899 703 773 702 925
168 1473 207 201 1448 135 225 176 191 1471 194 1490 139 131 175 1438 198 1449 1478 195
118 160 85 90 234 1433 80 132 1460 82 119 187 231 1508 77 197 232 1438 104 1501
492 647 620 639 476 577 629 758 733 498 579 499 553 714 488 560 734 531 739 731
151 163 96 1445 153 1489 154 209 252 1458 204 1476 146 1454 1482 1474 250 182 192 1468
52 87 1343 1423 1350 95 1440 1497 1414 88 157 1447 1476 158 1460 1430 1455 167 15 1360
546 663 547 538 499 724 733 532 648 645 528 533 526 768 563 511 540 656 491 519
360 475 341 566 317 491 505 585 523 392 351 561 325 347 568 461 345 342 468 364
508 540 526 538 484 529 465 534 520 643 665 549 530 493 541 516 670 646 512 658
1147 1155 1025 1202 1209 1238 1036 1048 1022 1037 1143 1157 1257 1199 1218 1063 1197 1148 1052 1163
4 60 1371 58 1364 81 17 41 1426 1400 1418 51 1356 1368 1389 1429 1420 48 66 67
307 327 256 268 399 240 278 305 369 345 218 267 285 393 288 236 280 226 341 275
1150 1236 1242 1155 1247 1250 1050 1289 1159 1263 1141 1143 1044 1169 1154 1293 1267 1224 1216 1268
1348 1361 1426 8 37 1357 1312 1339 79 1340 71 1373 24 1322 1398 1363 1380 68 22 1325
136 167 1452 248 165 219 122 107 194 97 110 89 220 100 93 1460 240 1483 223 260
889 930 847 944 1646 845 848 936 871 906 754 935 775 876 934 755 1664 1657 898 780
607 1578 347 586 579 1600 605 1567 1633 1641 620 627 630 1556 1554 1599 595 1597 1618 1590
488 527 667 477 641 577 587 585 612 491 485 353 532 642 499 536 573 487 360 567
709 842 817 761 638 830 1642 778 891 845 816 802 927 921 839 769 698 910 684 1656
197 1436 254 1485 261 133 1470 215 1502 225 1450 1391 111 131 1382 220 1422 119 235 67
644 739 647 716 743 852 760 727 697 869 659 866 677 1663 526 856 678 654 626 681
678 1669 933 627 564 765 689 804 507 706 568 762 769 816 666 629 768 513 1649 683
211 264 1470 347 1456 165 280 186 282 323 314 262 269 250 199 358 226 301 167 177
849 901 694 846 781 749 793 856 705 770 891 685 746 921 902 858 821 1647 688 744
1154 1208 1234 1166 1217 1153 1194 1027 1053 1145 1042 1046 1151 1221 1201 1031 1047 1058 1156 1215
392 474 368 575 586 353 509 390 452 355 316 383 494 496 348 370 416 557 310 338
485 628 359 569 512 693 514 700 681 579 633 507 511 558 607 715 702 713 513 560
496 531 613 564 566 476 644 618 546 561 533 679 587 497 656 674 514 569 534 565
66 1369 40 1346 62 1347 1381 1358 38 1396 1424 1348 1434 1370 1360 1413 1377 60 63 88
1287 1305 1291 1288 1256 1250 1283 1272 1222 1326 1267 1242 1252 1293 1260 1236 1338 1284 1328 1269
768 895 665 670 846 878 912 722 742 746 763 789 720 1662 909 876 857 736 771 1664
