102 360 353 77 136 340 45 345 135 134 368 369 343 109 118 366 104 348 119 67
166 319 207 349 245 249 252 193 318 234 310 290 204 183 178 340 246 295 215 305
193 200 231 222 215 226 316 332 310 172 206 324 336 207 213 311 223 225 182 208
179 187 193 180 307 181 209 189 172 204 206 301 198 197 313 194 343 182 161 342
57 372 344 346 9 11 3 68 107 1 102 94 16 86 31 334 38 93 66 351
234 318 329 241 286 306 145 194 327 340 297 303 325 235 274 195 141 191 207 273
161 333 197 172 121 179 187 129 196 120 103 290 318 143 369 185 351 138 283 160
201 327 254 147 213 150 192 223 191 229 160 279 324 293 161 292 304 332 306 202
70 91 95 355 92 62 51 120 55 46 106 54 90 64 350 61 85 352 107 56
88 354 346 371 103 60 343 5 6 67 96 64 109 358 99 56 90 347 363 342
14 91 353 10 70 112 74 31 47 30 124 85 347 97 28 103 115 12 89 123
77 349 360 3 110 78 53 331 168 103 63 352 2 52 59 362 89 155 368 50
0 37 85 15 42 26 49 32 6 20 47 36 27 65 75 9 38 18 14 54
293 315 314 185 310 301 155 170 342 239 267 323 209 262 294 187 322 328 194 282
258 323 320 249 232 240 230 138 333 277 193 199 346 300 236 336 211 263 135 155
193 212 191 220 244 319 323 330 335 258 209 243 259 172 210 230 334 207 189 225
50 61 40 27 69 76 357 83 358 39 42 30 108 20 96 32 95 73 92 362
90 119 350 123 353 71 132 122 142 0 20 368 344 360 54 372 102 352 140 64
94 115 101 370 62 332 55 123 136 365 351 84 44 350 349 105 77 135 56 113
279 297 291 302 282 292 335 308 331 337 273 329 287 317 284 268 257 263 277 251
208 232 188 203 198 245 316 233 322 228 211 247 242 327 230 262 311 207 213 314
162 181 317 189 178 191 344 153 180 130 143 318 144 132 142 138 176 195 352 140
262 288 304 333 331 295 263 332 287 240 235 314 325 327 248 315 251 286 231 237
147 160 171 136 140 123 180 145 318 319 159 312 309 310 315 128 111 311 333 177
62 98 356 42 17 0 90 65 36 107 109 94 37 134 141 32 106 354 124 66
245 331 152 342 288 202 249 122 321 194 306 206 134 233 294 219 255 151 141 203
98 358 68 342 96 61 50 372 54 349 90 67 344 360 118 75 62 335 86 116
194 310 298 237 235 324 214 282 259 171 279 231 175 247 252 300 312 197 281 173
20 41 81 29 0 55 90 82 63 23 9 73 48 89 76 54 57 44 58 32
221 325 330 292 131 277 346 338 263 201 261 162 207 153 304 197 271 273 163 223
182 307 160 274 268 310 253 199 167 197 332 244 193 312 271 294 203 337 263 266
77 365 60 335 93 45 368 21 357 62 360 370 2 107 7 346 75 84 352 16
294 316 211 213 259 207 145 335 274 210 293 173 218 209 261 341 310 198 194 249
155 332 279 293 112 307 242 356 290 300 304 258 335 143 136 166 319 120 345 150
217 260 285 280 318 283 213 202 242 279 272 252 233 250 245 257 256 253 231 215
124 333 136 95 319 142 98 371 344 204 106 273 147 148 321 189 269 339 173 123
127 160 148 91 150 342 322 303 110 97 343 317 143 177 147 142 105 138 309 157
121 153 336 154 321 327 349 332 339 104 95 89 325 329 314 340 170 171 107 125
121 333 319 127 120 283 166 307 368 265 293 286 356 326 112 341 107 205 343 327
34 47 22 75 66 86 8 13 110 99 39 112 78 91 90 107 96 105 103 35
285 297 340 322 264 320 327 253 338 274 267 324 282 280 265 328 263 251 305 255
195 309 339 156 261 194 279 209 249 330 274 273 190 327 289 317 155 200 316 208
156 324 163 315 125 124 238 219 191 302 120 335 221 296 190 328 287 213 212 303
59 69 22 2 82 58 89 56 106 65 40 366 352 35 4 31 55 25 93 8
57 66 70 105 110 13 84 91 96 81 101 54 86 63 1 50 20 114 34 46
74 363 75 55 67 340 69 370 20 336 102 108 68 78 355 77 90 372 341 83
69 106 354 10 60 56 369 21 47 338 341 123 142 342 50 333 70 59 107 149
341 354 313 75 352 336 368 343 103 73 306 89 153 68 362 164 316 372 304 332
59 86 53 71 37 357 61 1 370 358 100 14 31 103 84 51 111 8 42 35
105 132 339 107 45 325 81 100 59 331 366 54 64 56 58 336 117 109 323 364
191 337 185 176 190 184 301 295 146 288 311 209 161 186 365 338 325 305 322 154
83 364 45 352 363 333 54 102 3 46 103 58 92 351 87 336 71 98 366 0
107 147 134 83 87 90 165 69 315 85 82 73 141 63 111 143 336 108 156 66
117 335 345 100 279 288 173 110 142 287 352 168 122 102 176 195 163 186 196 107
216 238 225 253 258 230 257 232 215 259 263 204 241 310 227 199 205 203 248 194
311 324 208 146 133 344 272 205 332 337 266 255 231 335 277 299 191 141 143 275
213 226 211 225 231 248 214 332 242 247 250 229 191 218 241 234 252 321 330 220
47 110 99 80 100 140 131 33 122 21 111 68 15 27 35 127 74 89 66 338
85 363 369 1 335 52 356 368 338 74 343 0 353 358 351 72 110 347 80 114
344 369 163 323 326 97 58 329 312 355 94 341 169 76 175 371 154 71 317 95
308 319 232 321 293 242 143 254 301 335 199 294 205 289 212 157 288 145 267 209
104 333 135 254 203 60 196 271 115 110 324 77 266 156 113 307 119 316 191 368
182 310 262 198 334 189 246 239 271 242 307 301 205 158 215 336 290 194 202 289
269 295 262 302 322 275 307 289 321 263 255 276 247 293 314 333 326 324 277 308
93 348 361 58 21 367 90 371 82 109 150 343 332 160 152 358 56 157 124 51
228 249 199 219 273 260 303 257 200 254 261 230 265 326 208 245 305 272 324 241
225 248 316 243 324 239 299 236 228 319 312 331 259 271 202 216 310 241 206 313
226 253 274 214 210 272 302 248 228 261 327 273 231 223 297 314 317 202 209 310
19 40 7 66 55 17 51 85 73 35 79 93 1 95 58 5 16 13 10 63
285 332 213 208 295 302 275 259 145 256 288 204 291 133 353 266 112 196 124 242
318 330 352 287 228 317 161 131 250 278 141 188 128 191 350 341 146 198 202 243
137 160 151 124 119 118 339 164 306 316 344 349 130 336 116 112 303 152 134 338
18 71 38 56 75 95 106 32 5 83 45 50 352 98 22 104 68 67 27 86
223 237 261 319 217 209 331 246 314 208 222 199 310 205 317 213 265 245 250 238
181 202 199 209 347 213 204 171 325 320 170 331 237 311 334 306 227 226 167 188
151 167 184 317 130 170 330 335 341 133 309 304 159 161 126 313 311 169 315 114
239 321 300 344 347 145 327 141 237 158 288 249 208 299 138 148 159 268 287 160
108 117 148 48 87 89 64 55 337 341 130 60 336 104 102 66 136 334 137 100
74 353 97 334 354 332 63 106 78 340 72 83 109 58 46 100 18 54 350 84
161 172 315 162 152 192 189 344 178 349 191 352 154 135 346 193 311 323 147 136
285 322 273 215 325 334 260 251 231 155 263 341 141 346 264 323 313 161 252 143
261 302 304 173 245 208 242 331 233 270 263 306 239 315 174 237 207 210 292 209
112 336 59 107 47 133 281 139 285 275 335 61 121 329 90 166 51 127 154 65
61 360 103 102 60 342 77 15 34 357 69 346 6 87 340 49 110 36 19 349
23 53 109 25 61 26 10 96 8 103 95 112 5 22 83 84 27 90 16 15
175 190 322 212 177 299 170 189 163 346 179 192 311 307 314 207 194 213 204 339
105 349 343 341 163 164 101 166 117 143 52 55 120 116 348 122 46 338 336 362
284 320 319 192 246 205 321 247 277 222 164 248 195 221 308 258 299 250 231 155
127 142 94 151 125 93 322 319 161 158 159 168 132 318 95 329 99 150 112 128
294 328 307 208 162 193 270 319 137 267 280 350 340 206 161 131 272 200 292 259
100 347 342 150 85 81 101 328 338 86 350 364 357 79 121 149 176 369 65 71
257 302 171 322 226 325 335 184 214 299 338 279 271 210 237 209 260 168 253 162
194 203 314 186 172 312 181 326 188 195 239 175 201 310 206 234 180 185 311 331
347 365 174 333 367 350 357 105 181 176 332 349 164 324 78 66 163 62 59 99
196 203 195 194 182 322 308 233 188 206 219 221 225 184 231 215 311 220 241 324
88 348 119 61 325 113 63 171 19 7 352 13 114 12 350 115 158 91 165 161
114 151 170 132 127 344 64 159 124 325 121 169 149 176 120 100 319 125 138 333
163 173 139 141 140 322 352 160 338 323 348 321 306 328 164 195 345 342 190 159
116 139 89 160 319 154 90 330 328 141 142 120 99 110 161 153 98 94 112 326
255 315 314 154 304 215 279 317 248 293 152 340 221 196 165 158 250 206 244 300
65 102 345 106 372 11 112 110 335 75 88 358 63 84 338 17 344 103 60 142
242 262 229 276 258 325 317 329 213 326 321 220 334 204 304 303 327 259 285 311
16 55 52 9 102 76 92 80 27 4 86 85 98 113 57 59 108 37 25 50
71 92 355 86 21 17 69 364 51 62 347 91 85 128 58 345 96 366 55 76
182 197 303 188 191 317 312 175 215 185 318 333 199 337 344 177 190 172 225 195
165 326 224 274 221 337 240 209 132 178 285 282 286 266 254 290 293 223 324 268
16 86 102 347 37 51 75 68 354 113 35 93 8 42 58 60 49 83 15 82
200 209 260 187 207 186 185 217 310 332 335 248 239 329 246 195 220 202 318 190
107 134 97 56 322 68 53 122 332 132 60 135 329 159 108 124 325 343 99 78
322 343 157 169 293 317 160 265 179 323 216 146 196 136 299 267 207 214 105 240
262 326 247 316 220 200 224 233 322 199 239 327 133 346 348 337 338 263 324 343
158 330 165 154 236 235 216 328 131 244 258 191 243 127 135 292 122 352 189 152
16 24 35 48 81 43 80 64 4 85 72 11 5 26 21 69 56 82 28 86
284 298 286 290 320 171 302 263 281 300 273 291 334 262 322 288 292 266 303 311
91 362 127 50 88 358 368 12 338 119 128 10 369 111 107 363 114 118 67 79
258 295 249 266 337 221 260 237 232 338 298 238 265 279 274 332 216 335 327 264
216 324 292 221 198 197 238 193 308 156 261 298 288 338 141 268 273 213 138 133
105 331 296 165 146 277 169 342 211 194 161 51 311 78 252 257 160 133 109 247
105 331 193 371 57 163 361 93 161 336 285 130 219 71 123 110 208 108 206 235
90 108 352 94 95 50 76 68 92 19 99 9 60 77 72 145 54 118 353 81
202 227 233 316 245 193 237 221 229 315 239 224 222 219 183 205 210 201 243 185
99 340 348 146 89 314 301 87 141 313 56 132 113 134 180 147 355 81 111 145
173 299 151 317 255 156 313 311 310 290 329 172 184 318 194 260 325 344 182 189
301 341 299 271 308 335 326 96 250 181 273 262 287 98 159 337 263 281 247 336
163 326 271 137 231 165 224 275 144 274 139 158 277 288 313 341 130 301 172 194
123 329 296 348 301 255 306 272 248 228 315 245 266 205 140 314 187 279 196 335
291 331 267 288 202 259 261 354 196 128 159 253 218 343 242 320 105 342 129 316
201 208 229 243 248 222 180 326 261 253 231 309 241 258 245 240 184 328 310 181
144 163 304 168 317 110 324 128 176 333 150 116 311 310 114 153 121 108 329 149
167 173 323 307 340 341 179 326 174 348 163 176 140 164 191 183 324 145 162 141
248 302 323 218 246 261 311 243 320 319 275 322 271 222 338 326 181 163 313 183
146 167 317 166 323 142 113 343 319 163 117 186 171 140 103 349 111 104 124 141
28 58 110 63 57 88 94 71 86 18 30 65 67 74 92 16 369 9 77 42
133 148 136 141 342 329 107 152 168 118 332 325 140 109 111 128 126 134 138 105
69 355 335 371 78 82 341 12 90 349 105 6 362 364 97 23 70 112 76 100
214 329 295 212 201 302 352 313 211 342 148 272 142 210 283 326 240 312 317 152
134 153 140 109 127 142 104 148 136 122 348 167 349 128 111 327 108 329 343 342
216 233 218 310 250 239 257 313 230 247 204 212 258 243 249 330 229 325 203 215
289 336 333 330 193 360 272 169 367 268 179 180 339 346 284 191 368 332 142 194
184 334 310 124 312 313 181 145 173 108 191 342 369 366 147 339 276 345 356 150
162 329 151 147 316 182 274 279 259 235 154 229 302 214 257 256 248 266 341 303
23 55 94 47 106 60 110 50 108 87 81 64 100 39 83 35 101 58 17 14
187 196 190 171 323 199 324 169 223 185 330 335 181 313 307 211 168 222 328 319
275 291 280 255 293 335 267 302 295 274 307 332 257 263 261 325 331 333 278 312
285 306 188 265 266 250 283 330 342 263 291 181 192 168 161 331 315 160 319 190
275 334 304 288 103 314 263 190 300 356 145 112 345 277 182 165 354 186 309 193
119 143 337 100 117 103 320 157 123 99 325 107 105 332 329 322 112 101 327 127
113 139 154 71 148 133 142 62 328 147 138 128 90 330 334 93 153 100 98 59
10 44 67 34 83 51 70 29 23 73 81 2 6 94 61 32 69 49 37 60
284 302 252 262 343 271 267 173 178 314 309 247 179 342 171 255 243 297 246 248
