196 230 392 162 326 1526 338 1204 208 1539 343 296 286 325 363 376 225 1522 1516 341
97 1168 58 1126 1208 2037 2062 170 1123 140 126 1240 1158 93 1238 1139 2021 1030 31 128
95 1108 94 1016 121 2064 911 2045 1109 1227 1182 2012 2044 1171 1063 1116 1220 1006 1192 63
590 1654 859 552 622 537 627 834 573 603 636 615 640 823 562 604 578 667 1681 540
856 1799 644 1755 612 1753 1679 1715 1901 655 874 750 609 602 601 1770 1683 880 1695 1676
692 743 878 1750 744 1739 773 765 675 876 738 731 905 664 1738 854 694 889 1767 1736
1021 1188 224 32 78 87 2037 1143 121 1190 1992 1029 23 88 1006 136 134 2039 43 222
601 1699 1747 800 662 597 802 643 872 1703 866 1656 1788 796 1665 1774 1702 813 566 1749
1218 1237 75 1499 194 128 2044 185 1248 2079 1243 201 1209 1204 80 2038 2064 172 1260 1206
499 517 1600 538 553 1625 537 1635 584 528 460 459 1571 589 1643 433 514 529 1576 405
502 1625 504 1642 436 503 425 561 463 560 456 564 1579 1581 1607 497 465 508 1623 1620
1005 1055 1165 2003 1004 36 1950 85 1948 98 933 1978 1019 1025 2007 1971 8 10 964 136
1446 1481 142 1436 1305 1469 143 1437 1459 1294 163 145 166 2077 1299 1316 1326 2060 1471 184
90 1013 2063 1243 117 2012 1219 1076 1102 1205 61 1170 2009 1215 971 29 1093 84 41 106
933 1038 1081 2038 52 1045 9 1137 53 1168 2014 1 1124 1090 1107 1924 2041 1098 1097 960
918 2031 1208 119 1958 63 2038 2022 57 2053 2050 2074 2027 129 1157 69 1227 1108 939 1213
817 831 848 810 653 861 1769 650 800 1714 873 1642 1693 1755 835 1758 871 856 657 591
438 482 551 1593 1574 507 1585 517 1555 380 392 445 448 408 291 389 1565 336 386 1558
1812 1882 1738 1908 1887 1810 667 1722 1907 1952 1950 1848 1832 889 899 863 1860 864 1890 1792
1320 2061 95 2050 1118 1248 1459 1454 144 1255 1467 1458 1435 1238 1267 1231 129 1447 1154 2054
1811 1874 1855 883 1925 1762 1812 871 1798 1904 1804 882 885 1772 1824 1895 869 1916 1827 1748
900 1819 742 1870 1838 934 868 865 1973 725 1800 668 1740 896 1783 1902 1833 913 1744 1782
117 1239 1226 1025 2080 102 1126 1151 2013 87 2025 125 1157 2015 1212 1235 1267 178 1227 1064
904 1996 918 1838 1974 2072 2019 1999 35 931 1010 1116 50 1074 727 1842 1023 55 2066 1109
782 835 593 721 830 724 1641 1741 790 1716 876 840 1726 595 828 801 1778 821 1751 743
1739 1847 1799 1920 831 653 875 916 700 1883 1776 1736 1788 1874 838 1706 1900 768 1782 698
8 1979 936 901 2014 1132 38 1941 1059 27 30 48 1155 3 1094 1081 1117 1947 992 1084
205 1536 1551 1545 216 1502 354 305 1160 1518 331 217 342 164 1530 165 243 1222 386 283
967 1014 1968 1996 966 1048 1962 1979 9 36 123 30 2004 1056 1162 972 1961 138 16 1156
148 1021 134 168 1175 1023 82 1166 1054 1075 171 1237 1258 55 157 992 1260 998 1124 1486
277 298 265 210 1553 348 293 441 422 378 344 1534 255 345 401 356 1554 357 436 252
20 1956 49 13 977 971 974 1006 1041 2053 1072 47 1969 1070 1979 1068 2049 1993 9 1010
1310 2058 1176 2048 1172 1506 1455 1276 1466 173 1268 2080 1333 1470 1262 2081 1459 1500 1457 1976
382 459 549 216 556 431 512 241 510 1601 232 403 516 1610 420 253 1612 372 345 461
1287 1448 1480 1248 1251 168 1285 2072 1472 1269 1300 1342 2068 1318 1249 1278 1271 177 1289 1439
554 568 1627 590 535 1628 600 473 454 650 461 552 1590 498 1645 505 651 598 1631 1623
1116 2081 51 13 1282 1245 925 1514 991 1438 56 163 142 1243 1255 1268 913 1052 1170 1123
373 1533 313 448 1526 388 319 407 1523 198 251 402 255 295 1578 218 262 436 354 286
1813 1848 1896 1927 1876 1783 870 876 1814 1844 1718 858 1879 1837 1929 1924 1939 1739 888 913
658 1703 707 777 594 688 1797 799 1792 714 639 1755 680 1717 823 1710 1779 657 1696 586
1755 1807 702 1866 745 730 884 1722 1911 1743 1828 1708 1842 1721 877 747 717 1872 660 889
745 1770 1860 1836 1858 721 1715 1708 1739 835 1734 887 1712 1791 722 1806 884 1802 1809 844
1282 1431 1327 1312 1319 1448 171 1278 1296 1260 1254 1343 167 1251 1259 1436 1443 1245 177 2080
571 587 598 643 565 1617 1667 521 1622 1633 586 561 624 617 616 649 607 557 655 508
767 1745 706 795 1737 1767 655 1729 1782 665 1778 1703 688 1804 744 747 1673 886 1741 1808
1225 1255 1282 160 1261 128 129 77 2073 119 153 92 2058 2063 1212 1278 1470 99 1193 1257
1436 1455 1299 1449 1291 1335 2053 1448 1303 2081 1454 1433 1477 1321 2079 1309 1327 1440 1431 1481
155 1108 156 1089 2079 1258 2078 101 2011 1478 90 78 929 1491 66 54 1139 1261 2031 188
144 1235 143 1113 184 1488 155 1271 1221 1152 190 2077 174 1006 2050 130 1494 1091 111 192
1051 1145 162 80 1029 1046 154 2050 94 140 1168 1008 1089 33 37 2028 98 55 1087 161
579 676 1712 508 1617 1754 540 1655 1658 1850 1619 1726 1731 698 1767 539 621 703 1786 545
133 1273 110 2064 95 2068 1340 186 1445 109 1285 1309 2050 1329 2046 2070 2074 1454 1248 1268
1045 1960 1154 1003 1145 1158 77 1926 918 1016 1146 1163 1927 917 65 905 1041 2079 41 900
1474 1510 139 1267 1268 177 1518 1244 1512 187 1289 1442 1266 1473 140 1260 270 179 273 1284
674 1773 1803 1703 646 648 839 1653 1822 1721 1817 1758 1780 1737 772 745 838 873 693 586
91 124 992 1021 152 980 1254 1128 1155 110 986 1502 161 1236 1231 993 88 2047 1192 999
395 461 1573 499 544 547 366 228 256 267 269 1597 258 216 213 1610 1545 427 467 507
145 1074 1090 2066 65 156 1102 119 1171 102 63 1482 1079 2047 1254 136 1474 134 113 1138
1090 2024 906 61 131 1128 1119 2016 914 89 910 1160 1110 152 1080 2063 51 1148 163 1085
771 891 862 1814 830 662 743 1773 819 742 641 842 1786 762 860 857 737 703 780 1788
618 641 617 621 848 779 787 1669 648 694 831 849 870 1684 627 663 1659 647 1652 608
1657 1719 1754 745 1741 619 820 1630 715 1767 1652 603 743 569 628 831 645 1790 656 626
286 317 301 265 355 281 315 253 1558 204 1535 283 294 297 223 349 244 384 257 304
103 1004 2021 179 62 1151 139 980 133 1089 1160 1079 158 985 1217 965 66 167 171 74
147 1112 924 1272 153 146 2037 1119 2023 921 161 2018 1025 1123 2015 96 932 2069 189 1125
139 1006 153 1178 20 35 1124 1254 28 1120 1038 10 0 1113 977 183 1114 1264 1191 1002
968 1149 1083 30 144 1120 76 1167 135 1048 1192 177 2049 1098 1019 1038 2017 1967 1029 127
1339 1436 1298 1275 1483 1335 2066 1467 1473 1330 1476 1316 1280 1270 1312 1463 1286 1267 1457 2080
228 317 209 396 286 227 280 1519 1533 1529 263 222 395 1201 256 233 282 1543 371 332
97 1208 188 1209 1143 141 85 213 2075 202 1072 179 2024 1221 1117 203 1116 1024 1073 1176
1770 1803 1782 1827 1847 692 840 877 1824 742 1906 728 1722 727 665 1885 675 1886 1869 744
1177 1187 213 203 996 1158 82 161 34 60 84 199 2014 1219 212 1072 1170 73 167 216
1873 1926 935 1864 1945 1820 1872 1870 1868 1959 922 1905 1965 1972 1969 1902 1948 1826 1950 1858
782 1744 850 1718 632 707 640 630 682 883 1834 711 729 668 1664 1693 741 1810 1712 1807
850 1700 1745 856 1750 662 645 1760 839 1667 1774 854 638 1675 690 1716 1758 601 762 1657
732 1735 1782 1777 695 1713 1792 1833 1790 661 879 670 663 863 689 664 641 1825 1815 1788
1723 1787 862 1693 683 638 875 1757 784 1724 1730 794 1673 687 731 1703 701 661 812 1845
97 1031 1210 960 1234 985 2055 68 131 1214 94 118 1246 1088 1140 2047 71 30 1226 1977
76 968 48 2007 1076 1056 1960 1037 1082 933 1962 1229 1197 1198 1060 1078 2040 58 982 1043
265 287 248 200 370 323 227 393 354 388 332 350 327 396 307 339 286 1525 379 238
771 1756 719 701 887 1667 1680 894 691 714 643 840 1790 1792 847 809 1688 830 876 838
437 495 551 1620 383 429 296 508 439 1584 1606 1616 502 540 414 496 531 345 379 462
1053 1976 1027 2037 1025 2041 1110 1995 1019 1080 2054 1152 1089 979 1972 1961 920 2027 1072 40
281 334 1159 377 345 1554 225 1156 391 373 315 297 359 438 271 262 194 1510 257 1516
900 1851 757 1776 1894 743 1934 879 1806 898 888 1836 1907 1990 1753 933 1761 1937 736 724
204 236 322 1192 1548 295 329 307 354 303 393 252 1156 394 284 1220 213 392 1203 203
78 1017 85 152 1190 1114 1115 991 1101 1218 102 1226 2037 59 2041 1058 155 2007 1092 126
132 1261 182 2052 1106 1163 89 1289 1132 1328 1489 1312 1122 1309 1134 94 1107 2070 1313 1118
910 1108 1975 931 2050 156 2066 1947 2024 911 1098 1115 1944 936 893 78 1147 1141 1948 912
358 1553 420 273 434 375 1584 258 300 298 309 257 267 326 310 1575 392 276 307 443
1162 2027 1105 47 2020 56 923 89 2033 1089 168 1027 79 208 210 1042 205 1970 1028 1013
303 1530 1496 1510 1499 203 1162 261 1160 318 221 258 1486 1531 226 1552 370 241 338 379
1283 1466 1309 1479 1490 1444 1288 1493 2076 1295 1457 1481 174 1298 175 1272 1478 2069 1330 1259
877 896 738 912 774 892 657 1851 1723 1764 761 1801 777 717 1668 923 888 1768 1752 1816
512 561 1641 1620 589 441 557 472 465 1579 1649 581 1611 518 442 599 594 410 494 1622
1969 2040 1121 2056 1058 122 133 1955 1164 970 1062 1938 1192 969 1157 1991 1057 2018 136 111
157 1276 1298 1074 95 1284 1264 2065 1323 1484 1115 1257 1274 203 1177 1081 1168 172 1146 1291
701 850 1798 1673 1658 740 1794 668 1677 1706 861 641 724 670 658 1734 1678 1656 1707 637
563 1640 652 608 620 643 532 549 579 1661 1618 646 1646 551 573 588 497 565 543 1599
272 346 325 318 1576 457 1530 1555 209 475 396 202 448 426 484 353 385 446 244 1568
466 1581 1554 557 1566 392 362 469 447 465 340 492 1573 441 338 369 363 1590 471 554
393 1579 1566 1559 306 1555 1554 198 309 268 387 379 372 363 478 362 452 461 365 1592
1795 1856 880 1925 891 1928 1892 845 741 1775 1786 886 896 1773 1754 853 1742 1908 1890 1781
1321 1329 2081 1270 1315 1436 1431 1476 1439 1462 1465 1304 1266 2079 2073 2080 1477 1437 1261 2056
538 1598 521 444 605 559 409 441 1615 469 1601 1617 509 404 1636 1585 1650 560 1630 442
734 1737 701 710 1783 694 1738 884 857 639 1753 1784 1801 1754 891 727 1671 655 1712 739
826 1706 803 772 645 608 1741 644 841 846 1763 667 1656 1804 624 653 646 627 829 874
71 978 1153 56 1206 1103 1041 2038 1029 2042 1172 1090 1067 1014 1115 1183 2020 42 18 967
872 1764 1734 842 843 746 1719 636 691 794 768 1833 883 759 1712 1807 672 873 809 1841
1889 1915 1827 1952 1845 1854 1789 1865 1879 1970 1877 1799 1818 1904 1964 1935 1958 1959 1938 1792
380 1528 457 272 271 1512 1537 451 256 1505 249 375 427 1574 1526 198 342 419 300 296
242 263 343 276 197 217 201 381 356 1511 340 1519 233 209 353 204 319 1540 225 214
10 51 70 2 1193 995 1152 27 1113 43 1141 970 1992 2053 2023 1150 9 1961 1012 1054
59 1045 2080 5 68 964 1067 2018 82 38 1154 985 2045 1098 1964 1051 1994 1206 40 2042
125 1244 1157 1276 197 1023 2069 2071 998 107 1085 1185 1065 106 142 1200 1233 152 81 1181
45 1060 1046 1039 1026 1998 1166 40 70 992 1104 2001 1147 1192 984 1151 1963 1943 1038 2035
5 973 83 62 1979 1947 1139 1169 78 2067 981 1054 933 79 1968 1154 1964 1135 1976 1157
382 404 1579 260 324 454 1600 420 416 332 470 1529 464 231 208 466 360 271 388 217
111 1177 1029 1073 1173 1248 1208 97 1122 146 1161 59 94 1135 56 1000 44 177 1200 2012
253 257 287 351 206 306 404 1565 238 266 391 322 214 307 189 368 350 354 267 269
697 743 1754 1669 908 1790 1760 863 1751 1747 1793 713 757 704 899 758 699 644 1721 1778
613 1638 636 1647 788 512 628 781 793 539 538 638 658 544 1639 835 799 663 838 803
173 1114 90 91 101 1290 2058 2043 1183 192 1991 932 1215 158 1272 1203 1211 1113 2029 2063
363 1574 231 223 236 432 330 237 1543 1534 1593 379 329 195 393 455 1580 1577 226 1601
888 1816 1908 1839 702 1904 1740 1759 1888 908 755 697 1822 752 1843 711 904 1744 854 1782
494 578 420 450 676 646 567 657 600 501 1650 617 482 650 509 526 566 530 406 551
609 652 1678 613 847 674 664 572 811 1660 1732 1733 656 1754 777 801 1744 603 824 868
157 194 2077 2076 1104 127 104 334 1524 153 1256 294 1079 1149 1488 156 1509 1505 1137 1270
1336 2058 1512 1461 1191 1458 1303 1330 1183 1232 1322 1251 1994 1283 1188 1298 2062 1326 1467 1292
650 1754 773 616 1738 1665 1765 651 1719 788 630 811 843 1713 1683 876 844 1684 1742 742
609 1634 825 1619 531 833 1652 515 1649 510 639 1603 606 852 666 1625 1601 558 599 850
64 2018 2040 1172 55 39 1009 33 2043 1977 106 1997 36 1135 2045 1065 1163 2038 76 1976
696 893 737 704 1777 693 718 774 770 1728 683 699 643 897 661 1751 858 1811 1669 913
907 1995 1958 2005 1947 1006 1112 69 1097 929 1173 1994 896 1845 2029 1174 71 2003 1839 1828
1294 2061 1290 1281 1155 1279 179 1105 1337 1461 1492 165 173 1481 2072 133 1275 1287 2048 1202
49 1014 1179 1049 1119 966 75 110 2022 100 1059 1031 981 1040 45 1992 131 1195 156 2053
2038 2078 1206 1503 1077 133 1488 1129 1284 1969 46 1433 1223 1140 159 140 1278 1155 77 180
1258 1278 1480 1286 179 160 1326 1266 1451 1236 149 1261 1297 1271 1442 1448 1228 1302 1220 147
847 1644 658 1799 1794 884 801 544 701 634 673 655 1706 1703 1745 1657 567 1732 1689 608
1626 1640 556 1616 616 656 612 583 581 491 1646 1620 528 1608 578 1617 534 1637 650 648
1200 2066 1430 98 73 319 1256 158 1282 2073 1108 1266 2041 10 1106 212 1485 84 89 61
81 2046 47 1194 1074 1146 1167 1315 1971 1226 1299 1955 1106 48 998 76 1157 2047 1082 2040
618 804 1673 837 613 595 588 625 1687 835 616 1650 608 826 771 1676 809 606 584 647
741 886 1797 1725 1732 1835 1720 711 1740 707 1841 916 1811 915 1847 1795 889 1775 1728 1857
42 1159 2077 53 1081 108 10 2028 176 1133 2054 181 1033 58 324 1173 1048 1034 1114 117
110 1086 2037 1153 1118 2031 1154 2002 130 1150 158 987 127 146 1082 2020 0 1992 1158 1027
1343 1460 1442 1336 1491 1445 1458 2065 1259 2080 1441 1470 1286 2063 2053 1433 1450 1456 1463 2077
7 1023 973 2019 1947 1043 1057 1138 1135 101 1165 9 1062 1940 78 2012 2074 1011 1047 50
521 1593 481 416 1572 1617 1625 510 595 434 554 464 1618 1596 534 1568 1642 468 565 452
522 566 571 603 490 662 656 669 1583 536 580 486 1648 569 667 574 517 496 521 579
