621 709 806 720 710 804 588 553 788 579 827 612 700 781 697 721 569 691 695 798
213 232 180 1309 191 1332 1251 216 1335 223 253 208 1304 1219 1214 1247 1246 1287 1263 1262
546 562 787 736 596 794 523 769 525 584 752 737 574 503 487 590 551 743 624 783
359 1311 275 231 207 1338 1322 452 346 434 261 328 457 248 1310 435 1286 315 454 344
394 418 309 1338 397 377 1291 432 410 1299 417 454 1289 421 337 364 352 451 1278 465
574 781 698 582 651 517 668 736 699 691 588 616 527 777 813 800 606 722 625 539
527 553 749 617 557 765 499 564 605 544 479 754 766 611 493 741 616 531 532 508
320 377 329 342 1330 322 1305 339 381 300 441 1311 276 1275 349 380 293 337 358 353
907 919 947 866 863 951 958 920 936 892 877 926 864 918 910 950 915 859 889 883
262 1287 460 228 232 335 1249 1332 291 354 311 215 270 1334 317 1242 390 422 285 1297
541 559 568 756 589 782 724 598 511 779 764 572 517 615 530 755 542 606 734 494
248 1290 1226 1227 255 274 315 305 1234 246 1284 419 1308 380 213 1332 247 1325 457 293
262 277 301 1292 1318 221 257 324 293 212 1321 1288 200 1279 1299 226 1236 258 1254 1246
724 752 800 730 684 691 563 660 592 606 586 747 559 869 758 574 676 738 708 871
60 91 45 53 2 54 147 144 111 145 76 5 129 67 69 115 50 139 8 153
326 378 389 280 1318 431 1332 266 439 357 350 366 1337 1272 346 387 1302 411 392 362
418 1333 283 453 1329 386 1274 342 1295 291 329 361 348 460 307 202 311 301 227 265
325 380 321 1336 307 381 411 265 1305 1292 300 354 299 1298 1309 1318 390 364 311 436
753 848 702 759 736 846 679 818 708 725 800 884 726 882 719 752 712 664 868 540
436 474 1283 452 402 433 434 465 504 528 423 372 449 317 366 312 387 414 1325 441
1115 1158 1095 1121 1092 1174 1078 1157 1199 1168 1133 1130 1178 1143 1089 1175 1189 1138 1119 1093
279 1334 371 1270 220 243 1299 408 191 275 283 314 204 381 1321 211 315 410 420 349
606 714 728 615 837 863 841 739 752 568 629 720 555 589 827 561 664 574 682 818
245 1333 1225 422 259 1266 291 261 222 289 224 282 449 217 1246 1291 1313 323 360 272
846 858 688 642 739 881 750 720 757 754 879 612 823 887 632 634 783 795 813 748
235 1250 236 1239 1227 249 1245 1268 1300 1219 246 281 190 220 231 1331 239 261 1323 215
532 564 506 658 481 496 554 777 528 731 482 576 758 626 556 597 721 738 545 538
200 1287 419 260 1268 1291 1216 324 1249 341 301 228 425 172 365 314 208 1267 203 411
216 1235 1328 1204 232 221 1279 1307 1180 194 1201 260 1221 1190 1208 1230 1233 1217 237 1227
208 1318 195 305 240 293 465 309 1213 424 1252 1222 350 205 1271 346 249 324 408 387
49 144 85 164 107 52 145 108 94 124 114 66 97 160 133 54 68 51 87 121
43 63 1 10 42 9 78 20 101 94 39 97 32 2 131 30 114 160 16 60
655 736 726 663 550 712 611 709 766 681 746 652 609 727 733 546 687 557 861 792
721 776 640 750 873 712 754 755 666 556 760 614 717 601 564 690 801 667 838 864
566 772 804 796 543 564 659 668 552 787 518 843 629 528 644 649 682 779 661 762
838 877 644 723 706 749 645 837 718 849 767 888 710 658 614 675 620 623 758 688
403 1304 327 1325 292 373 355 495 1324 1331 1321 288 247 354 1274 345 231 1314 1328 480
511 558 524 778 732 761 628 621 616 504 752 552 534 544 464 491 770 506 775 579
389 444 408 1297 435 1329 464 1324 350 1312 1269 479 421 1338 391 373 465 312 442 462
231 242 259 191 211 202 247 213 252 1303 1232 1265 207 1242 230 1279 1307 1244 222 256
478 1323 305 319 483 202 520 254 255 1313 219 1312 210 398 412 351 502 265 240 380
613 650 605 845 615 610 583 727 826 814 762 726 681 728 738 661 840 590 722 833
351 1324 238 267 358 205 400 409 339 477 290 1314 1318 324 280 344 271 301 355 1322
679 854 751 889 783 605 859 741 586 648 797 898 720 800 600 743 791 620 744 810
299 316 1331 286 416 265 263 441 253 412 383 321 1290 315 251 336 410 360 1283 249
239 1216 1208 244 1197 185 193 265 1241 294 1270 1246 260 1266 1267 1218 1330 210 1290 1181
1113 1144 1101 1086 1131 1109 1112 1185 1167 1174 1142 1092 1168 1154 1138 1147 1124 1157 1081 1083
373 428 349 389 421 449 429 1315 365 1284 461 1295 468 316 1309 359 338 457 391 320
627 679 625 672 692 826 752 671 570 613 645 720 652 804 797 803 823 677 786 588
703 742 844 718 802 820 621 862 673 734 857 683 826 783 693 558 770 704 592 554
302 1283 1267 332 450 1278 382 1314 1237 1282 368 203 297 355 257 270 1265 288 423 305
207 234 167 163 237 1315 203 1285 273 229 252 1329 285 227 1301 270 1228 225 283 223
268 1318 390 194 404 354 395 226 435 223 1277 203 346 1259 220 348 1280 245 205 238
497 552 1307 564 476 468 608 770 478 740 762 606 745 595 776 567 474 596 508 783
1197 1225 1168 1264 1274 1166 1157 230 1180 219 218 1198 1207 1221 1240 1236 1249 1216 235 1238
657 758 624 832 775 699 740 718 551 675 616 548 851 647 805 585 756 860 601 816
272 1260 1274 1222 243 300 333 235 1312 1332 251 207 215 1282 289 317 246 1268 1298 335
1095 1133 1154 1155 1066 1161 1069 1106 1088 1124 1144 1081 1157 1098 1076 1171 1165 1166 1169 1094
657 726 763 602 513 511 760 725 512 807 553 752 744 852 497 579 837 850 859 826
1092 1107 1123 1129 1088 1113 1102 1140 1059 1061 1053 1069 1057 1078 1134 1063 1077 1150 1142 1118
18 74 153 121 10 75 27 54 9 72 96 32 46 37 145 5 22 31 52 93
1151 1187 1122 211 1179 1205 1105 1130 1126 1134 1231 1145 1173 1144 1172 1204 1170 1207 1226 1121
550 587 800 680 666 786 728 570 682 736 537 617 819 530 610 720 676 772 575 803
1196 1237 247 206 209 253 1173 1268 258 203 228 1270 1203 1156 1170 234 225 1277 1248 1227
674 805 830 725 819 571 699 802 627 719 721 594 750 708 782 711 677 738 590 811
200 1287 1290 459 1250 337 438 357 351 1277 1242 285 1285 310 1311 257 454 419 178 335
614 656 625 586 839 621 610 766 836 712 619 821 748 609 546 861 824 761 809 676
553 622 564 653 795 688 643 655 698 495 859 530 761 702 713 796 506 587 785 560
1003 1012 1017 1059 944 1033 962 966 941 972 993 1001 963 959 989 1057 994 965 1053 961
559 621 530 558 683 744 765 518 712 801 835 562 602 532 844 672 560 722 623 535
227 1299 423 403 1260 303 255 311 434 1224 1228 1212 356 471 456 1215 1195 279 284 249
211 1310 292 240 470 330 390 335 180 261 451 392 455 1228 372 406 1298 416 464 440
578 624 801 676 519 598 857 626 641 864 798 563 730 558 654 603 847 637 523 685
673 769 625 681 692 569 543 572 848 756 835 801 580 609 790 629 581 719 798 652
1037 1060 1081 1017 1072 1085 1029 999 1018 1101 1095 1092 1001 1042 1049 1071 1007 993 1079 1077
518 535 505 467 538 533 515 557 579 562 476 490 572 497 553 491 519 489 573 487
558 764 555 547 737 639 785 533 538 798 662 843 687 643 773 554 672 757 624 719
940 951 987 999 992 916 953 963 960 979 933 924 925 921 965 974 980 995 968 919
315 418 405 307 287 394 303 332 268 455 277 375 280 1338 401 416 1280 393 296 350
213 1328 338 290 192 176 1249 389 253 1299 178 388 1331 343 315 208 353 180 1336 1256
608 709 687 609 838 555 586 717 757 647 822 762 671 545 798 564 569 872 793 807
184 213 243 166 193 1260 220 130 168 1188 259 133 1267 1263 1249 137 245 1270 251 1253
430 1300 278 312 243 357 1289 431 223 1291 416 1313 1326 245 474 203 479 315 382 319
848 882 906 754 888 662 799 853 649 847 633 682 759 865 834 819 678 719 811 627
311 380 395 298 413 394 304 315 412 439 393 356 332 266 323 1271 369 325 434 301
972 991 1015 990 969 1003 933 976 966 1027 1032 959 962 1020 970 968 1018 975 1013 993
218 1247 234 1268 1215 1188 1242 1245 1225 1208 254 1207 191 230 1248 1275 183 235 214 248
844 875 636 635 889 828 731 686 659 888 722 785 753 702 814 761 646 839 902 742
231 1337 1338 318 1185 436 1335 245 422 385 308 314 252 395 456 407 1213 1308 243 1190
1078 1116 1093 1113 1145 1108 1099 1088 1138 1149 1047 1148 1155 1157 1129 1128 1083 1097 1095 1064
158 189 147 1328 200 148 124 73 178 250 75 109 68 115 174 237 155 82 190 242
660 809 737 774 749 734 777 668 584 575 564 741 586 656 628 856 729 629 819 849
77 144 108 152 172 19 92 37 107 136 74 175 161 182 143 27 56 165 127 28
976 1023 984 967 991 962 1046 1003 949 1006 1056 1039 958 1012 1045 934 1011 1005 1026 995
744 799 589 697 613 571 581 674 548 592 713 586 840 740 593 645 599 579 712 604
450 1294 447 287 257 1291 439 437 1322 483 449 354 1329 391 1310 335 1337 379 304 358
220 1215 1338 1254 1186 1278 255 1179 206 258 1237 1316 1330 1172 190 1232 1270 1185 1290 1197
312 402 435 411 331 279 400 1273 370 424 1271 372 1277 428 422 345 268 1327 1302 353
176 196 234 1336 1281 212 202 1318 166 221 1305 143 135 177 1278 164 1303 159 1329 216
171 200 1225 1229 194 209 1323 185 203 1293 1307 254 1288 155 184 1235 1236 1300 141 1312
427 1334 1286 396 292 363 202 320 276 420 218 1287 307 460 347 323 431 393 315 1290
112 153 182 176 83 185 78 72 67 179 58 142 191 166 88 139 64 119 73 89
245 1321 1256 1289 1320 366 487 226 424 438 244 316 1236 227 409 426 463 185 1332 382
874 907 712 905 844 930 866 721 931 877 864 891 927 716 859 926 862 882 933 919
602 810 779 549 666 664 852 707 685 736 573 557 770 801 652 641 744 620 849 580
282 1296 236 1272 483 1314 1297 1300 245 368 335 1266 373 349 234 430 1287 1270 309 265
334 359 440 271 386 371 336 349 1312 281 1288 397 373 1283 284 335 433 434 413 292
242 1293 1331 1218 460 210 274 272 328 1228 325 349 450 1338 1283 251 1282 1223 422 1275
681 748 623 753 754 846 601 661 612 825 544 696 577 669 768 818 837 571 757 670
561 768 642 511 727 702 748 847 774 715 673 687 724 524 626 712 629 630 773 596
703 742 550 578 652 630 815 782 801 732 632 696 667 693 647 848 794 799 608 857
236 1332 477 468 283 336 1221 392 196 309 219 413 415 341 425 1323 191 1337 1213 258
652 783 848 849 831 608 833 743 755 554 573 615 736 771 698 853 651 751 684 813
948 996 935 960 995 971 969 1017 1026 947 942 1012 1000 970 965 918 987 962 926 937
318 389 388 266 319 1336 320 437 303 1276 269 354 296 375 1293 346 315 1275 390 302
579 720 721 802 865 727 641 622 750 589 564 731 637 646 653 842 773 748 869 533
1196 1221 1170 232 1223 1240 218 1211 1203 1161 220 1191 1252 254 212 238 1253 1257 1245 236
881 915 918 908 941 948 926 858 922 838 946 927 863 868 864 878 916 845 912 866
69 156 88 78 77 185 167 162 178 33 186 75 86 55 27 9 133 116 98 189
706 728 548 514 742 749 745 712 602 702 765 576 597 800 667 613 694 779 757 599
705 760 657 696 580 799 728 581 795 689 840 642 846 604 615 834 630 856 860 661
798 840 649 842 576 711 792 661 595 821 811 836 740 844 709 865 699 743 580 799
1073 1086 1116 1093 1038 1060 1104 1043 1074 1102 1062 1111 1056 1057 1067 1100 1101 1072 1090 1045
1117 1137 1138 1161 1100 1144 1160 1120 1131 1169 1134 1088 1128 1148 1102 1173 1095 1145 1162 1123
313 427 281 1314 301 328 1313 459 1294 282 1317 463 297 429 1336 288 1287 451 1288 264
320 1325 1312 357 275 419 202 234 243 306 267 321 352 339 462 244 341 426 349 1295
1268 1295 1243 478 1309 219 285 329 450 296 352 1311 1298 200 271 301 1215 400 1250 234
565 792 736 544 684 725 598 723 708 551 610 746 699 670 793 636 534 533 698 524
690 857 675 855 818 645 716 595 680 651 809 626 728 594 648 717 631 773 752 757
661 742 853 618 705 818 650 600 553 688 568 775 738 624 808 614 858 732 662 773
430 1326 250 310 367 347 220 442 473 1305 326 423 406 290 1338 1285 450 393 407 437
717 787 823 752 693 842 702 834 561 755 584 657 600 662 866 663 742 680 557 781
208 1323 364 428 1270 470 259 471 1260 273 1256 220 333 431 1303 294 257 353 397 1236
186 252 276 239 1242 161 170 200 1290 136 253 1229 1328 1239 1272 1301 157 1240 300 1221
603 826 841 701 619 552 737 810 690 627 605 689 803 667 743 820 557 771 665 799
831 848 883 698 857 809 828 837 646 795 639 688 851 686 871 875 675 608 762 651
672 801 731 579 732 615 766 858 790 831 723 752 809 786 849 572 788 592 753 694
755 847 703 671 667 675 659 817 877 620 561 784 804 833 684 842 886 789 759 734
841 869 909 689 816 865 795 645 830 847 724 826 749 714 891 843 719 858 796 822
423 458 482 379 409 1310 336 371 448 1305 485 421 1309 324 391 372 1279 418 455 1318
547 575 661 756 557 548 560 606 556 517 533 579 650 769 583 788 655 805 516 777
702 866 819 664 851 781 790 780 609 770 705 795 778 823 884 860 723 634 903 870
1041 1073 1016 1015 1061 1048 1012 1106 1050 1107 1031 1074 1108 1056 1063 1065 1059 1091 1046 1112
569 653 654 544 619 677 660 528 530 746 724 740 713 555 807 798 797 579 669 815
826 836 747 800 742 813 844 856 766 811 771 872 698 720 877 752 779 619 787 634
95 136 73 9 129 161 49 15 66 172 82 130 148 59 181 93 126 132 83 3
201 1316 424 306 334 411 255 382 446 1244 1261 317 310 1242 1272 1321 1259 1290 220 472
268 1262 329 289 239 1213 296 282 1277 1244 320 1297 1242 316 1271 327 295 271 1333 248
715 869 844 619 713 735 628 598 689 862 778 652 665 602 897 727 576 767 895 716
708 776 674 654 573 577 691 725 863 786 600 726 835 749 824 852 866 801 643 855
