399 421 383 416 380 424 369 776 391 725 372 413 393 432 775 358 402 726 440 747
327 373 408 345 301 368 341 340 381 284 753 398 770 303 804 754 274 760 299 396
681 710 660 744 711 680 692 675 697 732 738 642 685 736 704 643 698 737 721 700
339 773 330 373 302 399 312 351 392 356 738 752 763 745 398 782 783 792 327 747
498 524 611 534 609 541 583 457 584 572 592 543 464 576 512 608 453 466 522 589
111 125 856 56 142 60 884 149 36 838 881 4 67 71 897 882 20 120 852 38
777 796 347 212 737 374 256 813 308 802 254 310 789 362 204 819 286 232 315 228
3 843 102 67 54 141 132 38 128 79 6 53 838 109 894 138 876 824 144 126
14 62 837 20 72 46 32 894 860 10 108 15 865 848 841 35 908 893 78 155
45 136 14 134 53 76 112 43 63 826 31 30 150 96 159 831 100 836 36 903
6 155 4 75 904 77 192 80 852 79 164 897 823 885 36 902 60 33 24 117
549 586 537 558 551 584 603 519 594 504 567 520 595 532 598 591 577 515 585 601
328 379 405 311 313 267 329 781 370 798 355 264 349 780 268 309 319 406 367 277
467 484 442 592 596 489 471 513 465 458 462 437 460 505 497 480 490 479 457 439
330 385 377 382 344 307 332 284 319 412 380 368 746 321 378 313 786 804 291 268
386 404 418 781 369 339 341 413 351 754 746 772 387 408 378 749 771 780 764 347
649 673 658 629 701 626 692 628 675 691 659 640 660 715 666 728 698 671 646 668
261 294 295 815 269 311 266 259 248 282 263 783 296 791 254 798 806 787 801 310
142 845 120 907 48 63 1 858 140 832 861 16 160 38 30 166 867 903 6 34
162 187 134 151 821 840 233 157 152 822 1 839 213 161 806 816 818 218 174 812
356 772 361 371 774 316 760 347 309 753 743 789 358 763 324 376 365 338 350 323
42 854 146 868 147 835 65 866 129 118 124 55 43 27 54 155 151 832 154 145
248 315 287 276 338 256 239 353 241 316 346 270 339 805 355 266 238 317 303 300
513 610 463 499 597 544 435 523 537 605 447 497 539 599 465 441 614 448 598 515
321 357 381 306 342 274 740 797 262 311 370 376 783 743 346 396 776 784 398 303
58 80 845 877 72 79 858 9 2 848 113 88 127 108 136 31 118 872 891 874
455 602 612 459 469 487 468 480 540 595 491 521 534 536 479 431 535 542 609 529
131 149 51 65 817 61 877 168 153 897 900 827 58 852 63 821 150 901 866 135
860 877 123 873 97 898 82 876 834 107 894 882 899 129 145 37 88 58 110 842
292 333 760 241 330 774 271 783 384 371 262 306 797 242 332 379 253 769 759 304
378 759 375 412 324 358 376 748 363 745 756 346 347 765 337 348 393 349 326 390
59 876 109 877 855 30 0 27 887 114 118 100 47 14 885 4 62 24 98 6
217 245 274 225 821 186 300 806 809 822 273 802 817 799 792 235 277 292 824 172
506 513 549 555 581 467 497 601 521 461 512 536 531 570 612 463 615 607 566 530
1 64 7 61 90 868 896 122 160 895 107 118 106 15 901 114 34 68 828 6
788 796 352 308 391 761 322 364 794 775 354 204 277 347 267 785 374 299 272 368
442 452 420 509 422 435 439 491 481 503 469 506 602 431 464 417 476 460 621 498
356 777 349 339 746 750 392 351 347 749 304 315 354 332 371 391 397 311 776 369
854 879 899 838 885 894 826 874 136 887 45 888 9 52 73 63 900 106 47 113
30 851 128 64 850 102 838 890 126 5 56 107 834 132 844 40 159 908 49 48
588 600 537 467 496 528 459 513 621 587 603 581 612 606 534 551 438 455 469 509
232 261 213 258 813 183 206 812 229 222 247 300 266 274 779 240 325 236 250 785
389 771 783 413 773 734 744 333 750 414 328 733 405 384 784 395 794 382 334 321
469 597 439 452 602 464 554 606 458 548 462 594 470 434 579 558 486 598 487 563
516 605 450 531 494 517 574 543 522 519 586 523 472 607 441 466 620 457 591 436
45 97 877 50 46 8 902 26 136 900 24 855 868 103 837 3 51 32 11 71
512 575 578 516 495 562 571 472 587 580 448 541 576 524 593 454 550 614 466 556
343 771 329 777 398 390 399 358 394 784 747 393 744 337 349 765 781 362 339 333
365 789 253 274 331 393 334 360 743 347 356 333 327 764 237 778 241 265 391 753
42 145 24 125 139 131 146 22 63 32 858 865 842 60 156 101 851 854 65 818
309 351 288 349 346 327 789 344 251 298 808 239 366 352 809 361 383 794 347 245
74 109 6 879 30 84 73 56 116 91 52 870 96 46 42 21 2 8 891 5
190 813 245 804 822 797 276 183 159 174 207 280 290 188 197 800 258 281 824 250
340 790 810 807 347 319 378 334 389 236 237 804 336 368 770 270 352 287 335 765
428 613 457 609 414 412 407 515 448 442 610 401 413 599 600 400 608 465 601 429
1 847 827 888 837 875 154 136 25 871 46 838 62 75 862 148 50 890 68 121
175 200 208 183 181 814 186 166 217 152 161 823 812 198 829 825 809 165 157 223
48 74 901 845 852 846 850 71 840 896 94 880 2 50 73 118 121 31 86 847
637 652 701 668 654 632 677 712 694 707 700 627 729 662 664 625 672 698 720 683
629 648 637 630 716 679 632 639 652 612 670 666 730 634 655 674 688 635 732 662
691 717 690 661 689 688 754 655 681 710 663 749 645 713 692 711 748 718 726 698
5 27 82 893 151 158 3 66 32 908 838 902 128 153 869 885 891 867 890 106
176 815 823 269 808 167 157 288 192 171 207 279 791 184 801 222 224 238 258 183
114 886 27 98 99 1 22 853 854 10 19 46 97 868 127 143 88 872 11 144
333 375 762 781 743 411 794 298 748 780 314 343 291 371 396 739 372 757 348 313
358 375 314 792 776 331 411 742 741 787 784 758 311 795 332 394 325 327 764 401
237 246 234 236 300 232 255 247 223 253 219 270 274 231 230 797 281 821 311 283
69 119 70 849 4 886 84 901 92 889 898 842 905 869 56 144 123 17 902 881
756 790 720 741 240 254 367 775 322 745 802 263 781 310 728 259 292 387 813 736
428 607 505 621 422 451 414 453 439 592 511 412 432 460 406 495 599 400 430 413
385 737 774 770 695 681 415 663 655 668 682 339 406 773 676 786 790 390 764 708
542 571 602 583 522 572 535 533 587 580 532 503 531 518 589 590 573 514 530 517
28 145 137 124 164 831 169 59 821 16 153 142 66 828 844 5 822 830 163 106
368 385 799 795 340 345 390 786 788 748 344 741 750 751 405 759 341 394 770 379
163 173 841 154 817 136 834 161 160 228 169 832 130 135 131 188 838 217 210 146
413 437 745 441 496 379 733 470 458 756 497 388 607 465 736 730 450 620 403 478
343 774 796 397 762 387 769 316 385 304 395 799 777 323 318 773 787 305 363 783
398 736 656 674 684 772 680 413 727 755 369 396 689 365 759 412 382 754 709 720
690 743 390 670 722 751 785 404 671 721 414 405 403 701 779 398 705 768 364 384
37 65 45 50 876 853 850 21 83 834 43 141 865 885 27 42 41 832 845 60
340 800 299 338 787 359 773 790 245 760 196 370 796 226 322 814 320 197 229 233
65 892 54 56 883 860 36 126 21 59 852 869 876 49 84 89 862 12 866 53
268 317 243 774 253 277 326 228 286 810 333 785 783 254 798 319 342 273 808 374
658 677 702 646 642 683 732 729 681 633 688 660 738 706 707 698 720 721 722 724
155 166 203 829 217 185 170 210 856 218 854 183 156 127 192 17 811 849 175 132
196 825 142 815 204 841 147 826 128 141 172 817 132 145 198 219 124 189 148 208
660 705 713 694 657 723 719 740 669 741 661 704 658 716 659 668 656 746 666 647
3 902 897 35 104 36 80 834 79 42 108 146 868 116 157 120 826 833 892 852
7 900 898 119 836 77 109 148 3 114 44 51 60 18 155 54 144 55 70 48
608 626 613 522 437 471 641 453 524 445 501 451 458 449 441 523 508 643 426 609
517 526 554 559 538 612 564 560 555 534 509 542 529 556 602 608 501 508 574 496
662 693 687 657 736 688 721 711 716 708 700 685 666 697 671 730 636 658 654 728
40 841 824 849 848 158 10 4 853 36 50 828 827 60 153 838 151 29 28 857
129 907 120 117 123 45 870 2 61 57 47 118 901 152 855 155 853 76 109 848
63 865 837 12 13 878 84 885 80 131 136 51 848 67 75 866 892 40 857 902
3 872 110 8 864 87 115 834 861 135 160 888 830 828 894 89 42 44 851 129
521 581 555 601 590 573 517 568 509 527 540 526 558 567 528 529 545 501 552 566
8 827 904 57 33 177 155 892 866 887 173 77 844 850 170 52 893 819 171 147
660 724 725 729 670 667 415 738 648 417 668 653 638 696 411 410 727 657 398 666
373 778 303 360 305 749 405 772 386 408 372 398 328 387 369 788 313 765 271 393
222 231 201 196 822 282 177 188 179 211 197 180 232 204 817 264 274 206 290 202
312 336 253 348 261 358 251 240 763 778 342 795 338 804 759 355 325 357 773 278
338 366 403 401 320 756 762 363 319 371 346 332 360 802 302 323 384 789 749 791
49 115 844 896 135 119 849 104 88 105 833 880 92 24 108 141 4 42 0 15
479 500 463 579 484 450 451 516 445 576 501 580 612 433 508 584 523 503 593 485
135 833 4 111 20 61 153 108 110 34 45 834 46 829 19 868 821 149 36 24
467 494 448 462 491 497 434 439 459 493 430 513 450 449 485 483 453 501 516 510
389 749 787 377 748 397 363 722 352 717 376 353 735 358 402 405 713 406 729 349
224 802 203 321 339 270 236 807 233 171 808 283 230 196 812 253 255 244 231 277
252 810 258 299 280 246 164 181 206 202 784 289 326 309 218 185 819 284 239 820
114 845 844 75 902 862 834 22 20 136 907 117 58 93 129 26 37 123 74 80
91 863 869 13 119 896 882 872 8 858 852 124 99 37 17 79 7 895 870 68
637 650 711 676 690 678 639 727 659 732 640 654 652 687 622 673 671 624 731 643
307 316 345 790 235 250 802 253 305 287 281 261 260 268 774 339 327 321 804 257
698 737 675 664 757 671 670 404 775 684 706 713 652 694 410 409 680 774 658 726
717 744 753 730 783 393 676 381 377 752 762 353 740 764 382 660 784 387 692 690
293 793 258 257 769 330 332 270 250 290 281 284 344 785 261 260 809 287 340 339
54 890 37 115 38 68 40 52 143 888 909 908 80 42 109 104 873 102 850 79
783 806 788 804 310 823 302 335 383 388 235 257 364 285 294 774 324 787 331 170
334 371 295 262 328 318 374 375 325 804 742 377 744 779 269 751 749 798 296 383
99 108 50 28 133 53 10 83 19 862 854 848 12 871 95 844 130 21 9 47
697 735 690 404 398 654 405 734 704 392 395 706 414 759 718 397 745 758 386 756
504 609 528 592 626 479 612 437 577 597 574 443 512 526 448 501 456 430 505 442
451 512 571 552 565 447 479 551 480 504 569 496 582 619 435 511 475 533 478 421
357 789 756 759 811 740 334 797 232 746 295 761 794 343 395 319 285 271 337 274
669 718 728 679 696 737 690 743 688 709 660 681 648 689 734 642 751 645 640 636
123 145 136 885 852 151 162 859 66 65 835 104 163 843 20 892 118 107 901 101
34 113 12 17 144 889 37 75 27 859 897 99 115 843 54 58 32 834 0 88
662 694 741 734 719 689 635 705 700 679 742 668 691 672 638 640 669 709 746 646
857 867 12 136 96 887 109 144 159 851 877 83 87 88 74 100 21 883 5 71
151 850 105 858 861 16 161 153 66 38 13 139 142 834 131 63 127 170 164 37
164 809 267 127 314 134 210 146 176 173 183 194 206 804 128 322 180 839 234 138
685 729 674 698 747 730 658 403 675 714 718 396 736 750 691 726 391 644 683 671
247 810 268 188 286 314 271 282 254 217 797 823 803 323 199 207 315 787 194 204
95 909 887 904 140 137 139 81 889 17 146 851 126 855 86 135 63 23 85 117
52 68 895 896 853 66 897 861 94 61 84 71 106 886 127 124 123 82 31 140
204 803 805 299 308 264 812 331 798 279 257 212 302 320 246 786 232 220 781 187
277 331 357 354 371 292 349 326 290 228 802 263 773 813 306 800 332 233 302 763
728 740 419 416 746 711 764 763 362 684 651 693 361 645 741 674 360 365 377 371
349 760 402 794 340 317 771 401 781 765 767 768 324 318 351 761 354 364 326 739
246 801 241 214 811 327 277 224 287 817 785 245 337 303 261 804 273 271 343 339
6 111 127 58 852 160 124 157 22 50 871 86 68 903 101 75 56 861 59 895
305 812 157 345 328 801 180 179 291 252 827 355 332 254 161 271 337 787 825 214
113 892 905 42 904 99 137 120 6 119 858 843 123 111 51 47 1 3 77 856
361 747 773 330 391 711 336 752 746 323 393 792 396 309 371 714 328 736 738 415
663 728 715 392 691 396 394 704 751 749 398 637 681 682 700 712 658 654 702 672
400 755 412 777 402 780 760 361 744 407 395 774 374 409 424 347 758 719 387 730
125 160 182 109 841 837 55 178 19 884 887 118 868 8 27 190 909 825 859 169
57 865 43 123 838 100 46 76 63 26 859 883 901 136 877 45 7 89 93 2
437 463 430 590 494 461 475 492 497 589 438 433 477 509 604 442 617 598 592 490
