67 1212 1308 172 82 1292 1364 130 1259 17 1351 28 0 1237 1377 1262 76 1369 1390 174
458 1549 1715 1703 322 400 1556 527 562 1733 1607 457 1521 1559 1620 497 536 329 1709 419
179 219 274 1479 209 240 1402 160 1472 1396 1431 1404 1224 1466 1266 1264 1453 1400 1252 181
885 1920 865 795 858 1946 739 1925 942 802 813 910 871 1973 1963 1930 1901 947 918 828
434 1559 386 559 421 603 540 579 548 1672 468 1612 473 484 591 1676 517 385 486 422
759 1910 1869 1940 799 712 1901 1883 769 722 816 1895 736 732 866 1893 875 1866 745 1830
187 1426 1462 1439 1308 1399 203 1278 181 154 264 1464 248 1311 1285 161 309 296 1446 306
178 1391 1290 1423 1414 1398 81 1307 1410 1400 65 95 1315 1302 1326 196 1310 205 1270 1214
136 1327 1166 119 1234 1199 17 110 144 1 1394 1214 1387 147 103 78 1315 1351 1375 1217
351 1511 1571 1604 297 1595 1570 362 341 1504 1565 250 1611 259 1500 290 1529 275 303 298
365 1491 1610 1508 1580 230 388 329 246 241 346 1591 1501 1477 1467 376 226 278 350 1514
639 693 661 645 722 1692 1671 647 1655 1756 1677 1647 1820 1780 709 1867 687 1860 1785 1702
255 302 296 1489 317 315 240 228 1500 1431 1487 1445 230 1387 1444 1460 198 247 310 1394
641 1823 1668 1832 1741 1681 1784 720 732 1809 695 688 1763 1755 677 690 683 1761 1848 1756
1201 1216 3 1304 61 112 1196 6 82 1172 159 171 1170 33 1258 21 1366 1291 1354 1389
1669 1686 1655 1689 1678 573 514 577 490 425 643 1730 650 438 428 1702 415 509 1705 447
1880 1899 722 736 1925 820 813 766 880 706 812 807 1910 742 781 827 740 802 699 858
57 1244 100 1323 1296 1215 164 54 1199 1214 1334 152 1276 174 11 1357 1366 0 1373 178
546 588 496 521 617 1616 1690 1749 499 1631 556 1745 1603 1775 563 1715 1554 584 1776 1777
1617 1659 599 495 589 520 400 1619 381 490 568 521 1582 1647 484 474 457 533 527 620
77 96 112 1320 73 1204 1341 1386 1325 1209 1168 1373 59 1313 109 1160 1244 161 97 1241
652 1823 1744 653 1759 1752 630 698 1814 1825 720 1852 1809 649 1743 719 622 697 683 721
345 1480 1484 352 1492 1568 355 252 1589 239 220 1494 243 216 1527 1551 255 1523 1519 379
1435 1456 1497 190 1487 292 334 308 159 309 332 293 1434 1417 211 1440 1432 340 1403 210
740 1828 693 1880 1817 1892 1873 1833 1816 751 1851 1867 1890 735 1823 779 1907 1904 1865 1926
1297 1313 196 1372 195 1174 159 144 1277 87 44 1298 210 169 1285 89 1292 1260 168 1183
323 1526 1458 1483 298 1445 1471 315 1516 1568 385 362 345 426 297 389 365 1569 1511 267
1504 1542 289 453 364 396 1516 275 501 334 399 1468 435 1465 1558 1582 555 526 328 1473
50 1216 1181 1270 13 18 27 38 1392 2019 1176 25 10 1172 1231 99 100 1285 1159 158
272 1489 1475 219 236 230 339 1505 1530 330 1514 1441 352 309 1432 335 209 1508 1461 1450
597 1633 553 1563 1622 528 479 559 608 1562 1621 1603 1613 563 1772 478 614 1626 1612 1634
1394 1421 269 1348 236 82 1411 1323 72 232 250 291 1356 144 1440 71 279 307 239 68
559 594 1699 1775 1751 502 619 1688 602 1747 1717 1706 499 1560 546 467 1691 1682 1694 1745
187 1309 172 1324 170 1350 212 1265 1223 1279 39 1372 32 1189 1287 86 1234 1247 1419 1172
40 1202 1227 1317 1164 1231 1210 1358 94 1218 113 2016 1212 2005 1160 20 1207 2019 1201 55
196 239 1280 1380 262 1309 1417 248 268 1312 1436 194 1494 1402 217 177 1288 1445 1375 240
184 1273 1251 1417 1443 192 239 1448 1419 1439 2 15 1243 4 1406 198 1301 1209 197 33
838 1934 1890 805 759 801 860 1906 799 1940 881 1954 886 1974 760 1898 1902 1977 890 817
646 1824 1810 642 731 708 1758 673 719 636 1677 1858 716 1825 1735 701 617 634 1859 1651
391 1529 433 1568 293 1487 1601 1615 1606 1502 368 404 1619 1555 402 1581 394 411 1532 1521
770 804 1934 811 1918 1935 745 1856 835 1905 1895 1851 1870 781 760 758 755 842 839 1917
1235 1326 159 94 1179 1299 1292 113 167 1388 1283 32 1205 1274 1348 87 1393 1285 1171 139
761 1834 1893 709 741 1826 800 687 1942 763 1890 1886 1848 1920 673 770 672 1856 1884 1914
528 1657 487 460 1701 586 1724 400 562 476 548 629 412 1743 1582 1589 611 447 1645 641
390 1612 526 1617 1638 440 520 359 1567 618 1586 1621 594 442 384 1577 1593 567 1618 414
1907 1916 1893 1889 853 1926 697 723 721 829 817 700 733 863 832 732 1920 815 845 1872
700 1872 741 685 847 827 813 1907 1899 1897 1927 753 663 1859 1893 1825 759 653 1926 1808
534 1605 1573 1651 377 456 1571 616 363 580 1738 1747 1613 383 539 359 1726 484 1585 522
1346 1390 152 1368 1220 140 240 188 120 87 114 1295 1357 126 1430 1337 1341 1311 80 217
461 1538 507 1723 1566 1662 1705 1675 1643 322 483 369 1700 304 433 1537 455 441 521 474
172 1308 41 55 1199 45 1375 159 1289 69 1332 82 1412 1211 33 1208 1274 1427 1394 1325
331 352 319 1499 1584 1457 322 1478 1467 1527 1608 1585 1588 300 1558 1461 297 1551 1557 360
165 1422 1386 1393 176 1317 250 140 1327 1414 1409 1307 273 246 242 94 1221 112 1382 1411
499 571 500 1751 459 1694 1715 1609 514 1541 1742 480 616 1559 1708 1582 554 1679 1625 574
742 1923 1927 1834 880 780 678 791 708 1855 839 1860 673 882 885 830 1861 771 881 888
1270 1391 1249 1362 1282 1398 1256 1402 250 1435 1330 165 1351 260 37 1344 9 1380 1259 72
865 1870 694 779 909 744 885 1885 861 921 1868 714 775 905 1916 1835 1888 1969 1883 854
865 916 824 852 836 841 812 861 1970 909 1930 892 1868 1879 1986 929 942 1893 834 1943
20 1200 1267 1257 1333 53 2011 1370 1179 135 1280 1212 1208 1356 56 1334 21 1146 37 61
139 1167 57 1150 1163 45 1220 1182 119 76 1325 1141 1201 1368 1186 1378 159 1219 38 65
390 1604 515 443 1540 573 1576 474 1571 494 349 561 1581 1624 357 568 468 442 544 1647
1218 1405 241 247 45 1170 55 185 39 1347 245 169 166 1190 259 216 197 1232 1194 258
658 1836 1780 1744 1879 1742 734 786 1781 1817 636 690 673 1869 635 722 1861 1860 719 1759
872 1941 822 808 928 861 860 1906 898 1992 828 772 880 1953 1921 1923 786 813 1971 1886
1731 1740 643 617 514 648 590 1709 459 567 452 485 460 639 463 543 632 1683 1717 597
213 263 1429 309 181 295 1519 240 1509 250 225 1484 1521 204 287 1512 1513 233 1403 313
467 1592 580 440 497 537 345 1585 1741 1736 1744 532 381 1739 1690 468 1667 1698 346 507
649 689 673 1808 1840 728 1816 718 1833 1672 1796 1787 1851 1864 680 734 702 1825 1818 1817
476 519 1544 1629 1736 1691 539 1737 1746 516 511 1569 534 1598 1741 541 1630 1720 491 501
377 1618 346 585 600 340 558 543 348 366 390 1528 445 1640 344 549 343 1637 378 472
498 1539 1649 506 1541 494 1598 393 488 331 1614 1695 1578 1556 1725 563 446 372 448 1630
459 566 1548 1702 1572 597 1762 1703 1761 1675 1582 598 1749 1697 553 1553 1734 1545 573 466
1706 1720 554 507 550 505 1736 486 469 1725 1668 580 588 1729 1733 450 552 626 500 1728
720 1814 1901 634 1801 625 1882 1883 1793 1824 624 1848 754 686 667 623 701 656 1900 728
1255 1293 1404 1194 1244 1306 1234 171 1361 1360 1272 5 1241 1302 1299 1198 1318 209 1333 1314
686 700 633 1857 644 1816 737 1779 748 1856 679 1838 1833 1901 642 707 684 1883 678 732
752 783 821 820 1883 1863 1948 777 708 1945 1831 784 812 1906 705 1963 1832 826 724 748
1239 1404 155 226 12 1224 4 227 232 1267 1396 251 1436 163 84 1410 113 1185 149 1299
675 723 1813 670 1833 1918 662 720 1904 744 733 1850 1780 748 1897 721 1816 666 1838 651
719 746 1865 1907 1903 1933 1822 1884 1859 1874 1861 1845 739 1888 687 1860 714 1901 1912 1892
213 1306 271 1269 1270 41 236 237 1408 159 1169 219 151 1402 1241 201 248 1256 262 1258
1762 1783 589 640 674 645 1754 592 683 600 629 1788 1773 1806 1796 567 642 588 1803 1737
58 1229 1183 2 14 91 15 84 158 2016 80 1251 1370 1300 1156 1403 1381 126 25 26
564 1575 475 448 424 545 514 604 409 494 464 1582 1574 1601 429 1568 1627 382 535 1719
794 1901 792 869 773 797 816 1915 790 751 843 802 738 844 776 1864 1877 746 784 839
668 726 1858 1845 1885 1810 1761 1790 1911 1808 673 1805 1766 1787 708 1873 698 1795 692 738
478 1540 1705 511 1638 448 326 1558 1614 572 412 310 522 1494 516 492 1714 1698 1669 1663
667 1809 704 1787 1768 619 628 1773 734 699 724 1798 1805 1764 1819 681 1791 632 718 620
1178 1330 65 1233 1308 1312 1224 86 1318 1162 1223 32 84 54 1341 1251 122 1294 161 1381
565 1602 434 384 459 1757 581 513 1612 1598 551 343 349 594 599 537 369 552 1568 377
1119 1144 1168 1164 1068 1122 1159 1098 1125 1160 1188 1192 1158 1178 1165 1153 1132 1157 1152 1053
1201 1361 1245 23 165 1360 1382 1399 1214 11 1379 1177 98 167 1371 160 143 31 42 59
522 543 1617 1713 1736 1673 504 560 1574 1605 1745 1595 1718 1593 1759 480 594 1732 482 1699
222 1472 178 1423 1460 1413 216 288 1296 354 200 1419 323 1508 1386 357 223 260 1441 256
425 1549 1605 317 385 1656 325 1604 1593 1544 417 564 583 1666 337 525 450 381 546 434
358 1489 1503 1500 348 383 1589 1599 1623 272 244 1587 235 1534 1512 368 247 1614 388 389
688 1780 633 1799 692 1826 1792 635 646 1758 1793 1856 1855 625 651 636 639 693 640 638
499 523 1698 1541 469 1555 527 1712 462 577 1620 1602 1684 1722 496 564 458 560 1691 485
1469 1489 351 261 1517 266 322 1484 1434 226 1443 362 1502 341 1455 239 331 1450 1461 348
233 1482 1387 200 239 246 334 1301 1521 260 193 1487 1490 1510 339 1449 1457 1414 317 1394
344 1574 450 492 1495 555 527 1595 531 1502 573 311 587 539 1560 502 601 516 614 1627
1248 1313 1237 1366 100 70 193 1377 1325 173 177 1357 71 1293 1403 1177 36 1356 1412 1388
512 554 600 491 552 574 1674 472 1690 447 1659 1623 607 1715 562 557 495 599 1657 1654
599 1723 465 560 1729 1591 624 566 1613 1728 1568 1732 1642 467 569 1789 460 476 584 1565
308 1443 333 332 297 166 321 284 1449 1530 1447 1459 1445 209 207 335 280 195 1460 278
764 790 1851 843 1914 1882 828 772 1848 793 1913 1884 776 1872 1879 770 1928 1927 1946 1895
808 1921 1939 812 846 811 1916 1937 807 839 1873 794 850 882 731 1961 739 1860 1872 1914
477 1659 418 458 1682 521 1729 1721 493 1612 1717 1720 569 1700 1608 410 631 1632 506 1619
778 1836 1873 1828 648 687 817 1814 1967 1959 761 1856 781 799 1827 807 1834 717 700 757
136 1365 1341 113 1189 1355 1187 112 29 1294 1190 109 1336 1369 1201 96 81 1311 1302 169
568 584 1640 1619 1630 1622 621 498 554 556 534 508 1554 1595 1743 564 1721 546 1733 481
461 1617 1665 572 1565 1640 1672 589 1660 538 508 466 509 1540 1582 494 1739 543 1645 1687
1351 1378 1376 1391 1344 1375 126 1307 109 1174 162 1390 1303 1334 1232 1371 1365 1388 93 1320
89 133 1360 71 158 1368 1413 1375 1363 1416 75 1407 52 1417 1339 47 1163 136 11 1203
849 925 1872 951 879 854 893 1986 870 821 1914 1951 1976 816 806 1950 829 1884 1908 833
763 1896 755 1905 1888 850 754 813 876 1850 1930 817 1876 1904 1832 777 729 1877 774 722
764 822 818 867 810 805 1870 1880 751 1864 813 1939 1902 796 1837 1973 1856 1857 1829 1955
885 1944 856 802 949 1883 861 1983 879 829 1916 1961 770 776 947 1988 813 772 1957 819
279 301 258 1399 282 1407 323 219 1494 1427 341 1514 1456 250 260 1440 1461 1534 1523 251
151 1168 1398 1407 1321 1203 14 1416 1144 88 1157 81 1183 1158 23 1346 47 1417 1358 1153
29 1196 1277 1232 1186 1342 19 140 1286 147 1276 75 1300 1191 43 1200 1351 109 110 22
1377 1398 282 87 1361 186 1265 1419 250 1216 239 241 1440 289 224 1410 1381 1294 259 134
1075 1137 1067 1117 1038 1039 1110 1140 1085 1153 1065 1063 1094 1044 1041 1047 1083 1132 1036 1144
191 1441 302 325 1405 1276 242 162 1379 272 1449 241 1407 1472 1296 307 1409 1427 1469 1425
717 1899 1874 1843 757 1856 656 850 650 645 1860 1826 640 795 685 695 873 672 822 694
78 1246 10 1293 1217 65 1260 77 1165 1383 1268 1350 1336 1211 2019 1345 134 1231 1307 1173
1575 1609 1651 357 522 435 520 571 349 1587 538 333 1595 1596 428 475 530 346 1633 402
1 1214 1222 1370 2018 11 1384 1210 149 1245 1315 1356 1246 1390 1170 154 90 1328 1263 49
425 1666 407 607 1589 1577 1576 1642 1548 394 420 1557 429 635 1691 1646 1639 1550 624 441
521 1606 1696 1647 359 1732 603 452 471 614 420 457 1591 1661 605 389 501 460 1538 542
1203 1369 124 1242 1338 1282 1381 122 147 119 1400 20 1183 71 160 151 1285 31 1190 1318
622 1749 1681 591 532 599 1786 621 1760 1802 561 1727 601 640 1671 1793 578 1627 1725 1639
1005 1038 1020 1061 1016 1029 977 986 970 990 1057 1046 984 1036 1031 1071 1051 1026 1063 1013
192 1383 1218 1421 1279 199 1237 1355 1425 1281 1397 157 1398 1401 1407 1301 1368 143 250 1291
136 1385 246 107 184 1223 102 11 1311 1192 19 103 62 1166 229 204 31 29 230 1189
62 1300 84 186 18 130 1162 1397 208 1258 1327 138 1301 1286 181 4 29 2018 1178 6
776 813 1856 1915 1848 803 1944 1963 797 1934 801 1867 788 1951 1943 859 771 1843 1893 1919
513 557 1625 1713 1605 528 517 1729 1748 1662 1719 1722 456 611 1746 1703 479 1549 1580 1552
332 1543 498 309 400 433 405 1473 1448 1516 1476 1449 1454 1465 554 330 1581 425 461 1477
581 1574 1622 331 1742 1548 1543 387 398 1752 545 611 405 541 1764 1698 395 1672 1559 1630
840 1968 918 1971 926 2000 1999 1973 1958 1864 1957 1998 1949 1923 1899 1897 1942 1928 865 788
1534 1568 1548 326 344 605 1598 329 1557 1582 388 384 505 1491 391 352 365 525 518 490
135 154 121 1154 77 111 54 1193 1201 1331 16 160 40 136 1243 46 159 1408 101 1220
114 1198 1238 1368 1171 1281 35 1365 1328 1407 1211 1323 113 1405 96 1172 30 1187 2 112
1485 1517 1470 219 320 224 273 311 1545 317 314 1487 1526 352 310 330 334 351 1533 235
1404 1419 266 177 161 200 1299 220 1221 167 1251 297 85 1224 144 1252 288 160 1217 1411
133 1341 1239 44 141 1228 1340 82 1319 1377 1322 1241 1384 1162 1379 1388 1183 1154 118 97
92 1392 179 1418 208 1239 143 1342 1285 1383 210 1271 1279 1160 195 1356 1185 1268 142 126
330 349 1561 1585 1562 326 1527 1572 1603 1540 1462 1568 378 372 367 1557 1445 1495 1593 346
1254 1272 10 1336 1238 1350 1268 1222 162 1198 1308 1368 190 1377 149 1229 1373 6 1341 1345
