146 767 63 103 200 785 792 748 181 40 152 91 106 127 779 772 112 102 148 95
369 900 334 546 273 902 887 997 951 267 392 272 898 870 425 240 851 821 252 413
626 678 751 594 645 588 102 37 447 63 40 77 476 70 611 99 8 458 734 439
157 188 201 184 975 998 164 245 165 79 89 241 256 204 795 944 801 200 773 178
769 782 788 764 147 760 756 112 178 117 720 82 111 139 55 131 795 784 142 177
184 1003 973 839 116 120 225 898 966 193 814 248 874 346 324 993 204 240 201 893
794 961 196 999 346 903 241 939 771 100 904 112 815 808 82 801 795 206 916 843
246 1001 314 872 818 214 853 804 803 219 835 295 240 991 885 860 346 299 181 1004
93 680 801 59 744 703 710 756 729 167 633 659 773 113 10 761 153 665 11 606
935 985 256 854 994 252 820 821 311 865 999 836 290 168 959 977 317 281 326 989
354 529 562 846 887 923 343 322 423 393 355 356 875 900 556 320 332 379 882 457
648 693 753 719 689 4 692 748 19 656 16 639 445 99 441 680 463 452 450 35
61 731 712 739 51 35 741 13 57 767 4 81 96 22 703 660 687 3 65 717
31 76 762 60 145 686 122 784 23 125 52 673 4 716 669 114 146 622 623 766
469 670 624 410 657 37 547 2 728 608 0 13 21 395 633 714 72 521 480 383
891 951 260 864 185 259 915 938 337 242 855 968 912 207 904 909 188 815 930 223
183 947 202 254 786 868 314 968 263 181 302 258 116 205 200 250 925 793 126 331
344 394 937 992 604 571 449 322 836 311 431 861 953 373 537 1009 857 567 582 453
289 898 935 316 899 305 328 371 270 944 923 1004 218 318 941 251 254 233 860 243
226 1009 344 974 951 835 826 270 172 281 848 309 809 332 264 941 286 967 987 197
268 949 901 880 887 326 795 298 792 293 793 197 977 242 323 804 974 282 200 207
927 973 338 306 799 230 1001 1008 190 296 215 852 861 909 170 208 942 205 179 977
900 939 860 886 975 899 222 284 266 887 328 219 877 838 937 897 329 302 843 962
470 538 654 668 498 605 427 652 509 432 627 530 503 634 629 536 468 349 353 649
383 437 586 348 605 461 543 562 427 478 453 538 370 378 374 445 573 531 391 485
558 567 353 342 609 600 426 599 406 459 603 546 428 464 439 457 408 525 586 417
358 383 466 463 564 534 397 416 320 351 353 567 831 897 408 318 378 396 529 877
225 254 922 949 914 828 209 847 961 897 851 268 926 977 983 234 993 981 256 247
899 919 292 248 324 215 283 271 239 240 873 298 255 815 996 889 235 289 946 943
211 819 933 897 183 947 916 976 978 166 179 277 181 329 963 800 856 170 836 960
438 643 369 395 538 476 433 426 0 546 640 401 372 484 680 657 375 621 533 593
93 687 134 34 161 76 91 779 715 678 747 158 769 728 97 163 657 773 636 81
85 737 747 762 663 787 113 89 778 134 722 160 130 141 735 149 710 39 788 780
482 614 529 533 596 594 653 503 536 585 662 457 598 674 494 655 453 663 441 549
276 339 862 332 562 827 524 844 549 196 338 545 997 952 929 1009 330 939 203 813
436 635 699 590 465 542 700 396 461 602 532 631 680 427 377 571 683 658 553 641
902 987 950 348 847 287 313 215 319 224 363 920 942 833 1000 970 226 221 299 204
360 885 834 528 575 402 838 910 527 385 542 318 933 352 445 338 863 423 262 433
366 544 345 558 563 901 573 396 435 411 875 525 904 903 550 849 539 422 370 864
229 951 265 824 866 332 819 178 255 928 249 820 191 878 991 189 225 880 873 839
442 631 670 652 543 595 470 618 441 432 456 634 645 684 590 556 381 386 475 399
359 432 318 343 552 829 450 575 632 899 336 862 851 643 470 641 613 319 883 627
128 778 74 109 788 755 809 112 105 187 140 764 801 791 806 789 104 114 794 79
475 506 484 416 435 521 642 593 537 611 644 408 509 482 618 498 472 638 406 426
18 707 725 662 74 693 619 643 697 93 100 712 46 754 681 757 39 42 80 731
346 917 326 901 241 356 929 307 248 835 384 224 851 343 868 210 218 938 894 541
412 443 594 593 540 438 620 449 475 643 552 372 541 596 360 387 355 451 632 441
93 713 29 785 800 87 688 73 96 772 15 85 659 648 42 782 789 680 0 783
268 874 303 893 366 285 856 919 307 821 906 363 278 896 968 357 329 255 200 215
222 955 301 811 179 330 283 999 310 880 201 328 942 180 973 902 200 1002 304 203
217 964 807 225 295 166 278 908 963 275 931 181 883 212 318 177 294 193 343 264
258 880 919 921 961 230 252 957 284 814 267 907 896 982 200 874 280 925 269 311
30 664 679 616 595 37 461 468 693 748 46 747 57 20 725 454 52 710 644 737
816 845 315 849 261 832 937 889 901 796 356 979 359 851 236 925 282 235 283 273
434 544 431 551 538 445 515 600 393 527 572 417 591 428 408 484 341 395 564 552
296 862 877 955 319 986 945 356 815 818 902 354 298 814 821 242 897 890 368 857
846 930 267 813 940 970 234 912 271 241 287 942 809 910 297 349 800 294 816 810
796 809 159 105 991 207 162 274 325 830 929 1000 122 289 152 209 113 324 163 988
177 994 963 262 818 992 800 848 964 888 793 787 795 901 241 968 108 892 1000 272
167 214 129 930 229 275 817 149 967 131 914 132 979 921 989 965 244 174 202 117
455 481 437 557 439 432 397 414 425 525 422 480 473 522 634 406 450 582 575 546
815 917 964 805 183 969 902 249 855 947 324 928 877 225 822 171 220 313 800 326
81 130 696 787 752 9 800 78 50 162 137 63 805 16 762 154 89 51 116 170
850 887 943 857 234 267 283 904 260 854 998 901 361 245 286 1003 306 898 852 371
9 690 96 697 695 681 7 678 11 66 650 100 657 33 649 65 727 714 628 749
362 873 813 331 435 325 973 839 910 941 909 255 451 269 568 535 270 901 295 975
453 526 468 613 641 383 603 543 577 556 646 496 362 511 640 397 565 642 481 445
810 816 291 989 123 850 278 990 880 171 283 300 296 987 299 152 157 342 965 958
935 998 222 214 242 810 865 264 953 863 961 174 980 320 303 838 225 268 968 248
405 470 432 664 575 461 659 487 582 361 563 390 527 350 359 623 468 643 394 424
336 930 214 376 300 902 548 545 867 260 998 529 270 274 283 984 546 842 994 273
76 715 689 22 716 114 767 664 109 101 42 657 764 735 137 789 71 13 59 134
262 290 247 256 954 996 812 298 947 242 967 873 279 889 956 202 224 310 850 868
257 978 275 951 880 306 987 277 217 339 992 827 872 947 925 974 166 202 196 212
408 463 615 480 425 621 654 364 355 568 438 470 613 544 466 431 525 563 597 372
205 813 246 263 981 201 934 876 308 1006 894 339 903 241 233 332 793 786 956 962
524 557 559 543 373 497 542 433 547 463 400 426 485 376 582 349 383 348 508 509
703 752 45 15 17 628 62 613 616 642 13 668 688 670 714 623 774 75 23 677
248 972 214 931 895 845 310 235 328 258 311 326 307 836 243 313 239 300 992 854
457 564 472 606 381 404 340 658 459 341 646 407 651 592 399 384 625 562 378 395
925 976 828 868 995 979 315 880 809 826 823 967 869 174 956 172 983 1003 296 250
70 718 666 20 771 89 40 742 714 692 705 95 648 120 767 667 109 128 646 719
420 601 365 436 380 611 618 628 469 633 558 419 667 617 406 640 657 597 403 668
259 300 314 926 988 840 204 1003 836 883 339 275 221 981 881 278 940 222 253 228
660 674 745 643 6 702 675 39 708 464 687 692 600 726 614 748 699 32 597 53
206 922 179 923 264 189 857 820 809 918 869 890 817 793 238 162 270 936 192 281
478 550 612 416 479 500 413 501 351 523 435 543 422 403 337 497 562 468 596 436
706 721 763 661 106 13 662 64 731 752 42 769 732 54 57 4 10 92 705 66
350 572 929 310 571 890 872 341 921 592 413 528 469 365 370 440 334 820 423 932
634 691 445 451 98 474 756 589 748 742 42 85 17 8 580 427 676 665 448 14
885 956 870 795 216 968 254 1006 913 985 932 841 317 272 993 928 862 266 239 865
629 679 20 2 23 586 22 456 71 63 655 686 38 704 665 92 104 583 693 756
16 36 746 65 82 729 75 626 12 664 623 754 693 653 646 719 722 688 727 44
406 561 473 352 358 591 463 607 383 444 525 441 539 552 450 418 392 376 571 355
610 678 88 87 426 702 715 21 56 468 0 463 609 624 11 28 687 73 636 639
826 864 937 855 360 215 934 996 909 341 956 332 829 848 983 901 247 813 854 852
263 857 339 868 988 206 912 919 213 287 204 319 833 985 877 302 311 914 954 986
797 808 151 153 292 196 322 270 831 263 121 818 107 180 212 811 146 99 154 281
261 978 197 190 173 239 248 830 1000 845 212 958 289 249 171 981 345 201 292 855
32 727 665 34 51 671 655 73 647 74 619 56 765 650 57 770 738 62 0 682
891 958 302 868 346 839 926 285 928 225 368 995 316 326 314 273 272 365 361 826
192 791 103 222 1000 943 811 960 225 985 245 778 815 171 253 989 189 1004 82 983
342 535 942 842 524 433 890 441 999 816 857 915 1000 484 376 480 511 352 573 485
292 908 246 984 871 281 1005 923 338 280 247 276 337 846 855 1008 971 349 339 994
449 617 673 702 527 627 653 676 701 710 620 585 7 564 1 669 595 644 628 382
378 461 430 380 597 413 351 542 656 581 663 530 648 591 529 544 487 630 415 395
279 902 891 934 805 970 854 313 207 298 801 929 253 290 357 964 856 237 949 887
380 457 443 650 549 607 658 488 536 489 533 484 644 449 666 581 541 415 551 487
65 710 654 63 652 721 96 640 60 90 69 665 722 56 8 656 680 107 648 700
397 463 571 483 548 462 459 455 661 591 420 654 367 620 587 612 629 640 368 411
801 934 993 940 851 219 1001 122 800 344 212 348 928 273 118 225 238 275 290 892
256 804 144 934 880 862 896 250 249 333 136 126 321 274 297 838 932 977 188 869
193 233 836 295 905 229 954 946 144 949 925 784 903 306 842 938 209 824 178 126
923 954 900 326 345 225 207 934 847 285 858 817 305 970 940 939 927 840 818 876
8 39 663 71 96 85 6 1 91 753 60 660 623 65 697 674 74 41 747 732
579 629 387 551 410 667 689 427 382 557 595 398 711 462 665 612 628 383 584 399
391 563 576 549 388 415 354 604 570 398 348 435 411 430 392 340 528 524 357 595
16 669 52 62 680 44 700 696 662 679 2 459 681 723 66 38 728 12 467 60
48 100 14 62 756 161 658 151 719 157 798 152 706 18 728 767 41 745 159 102
355 523 577 822 544 566 431 552 565 383 524 866 558 851 416 492 858 465 914 526
363 836 393 876 270 827 841 807 577 579 545 983 867 949 368 434 877 956 437 978
23 720 746 624 46 641 8 51 681 741 90 740 43 25 28 105 14 666 687 708
202 967 805 314 193 960 298 989 793 968 840 786 797 225 201 849 151 299 230 173
362 432 540 877 414 611 358 382 542 384 590 442 368 576 565 545 602 564 330 630
244 946 903 269 833 319 824 867 318 238 849 957 851 809 340 182 826 792 303 801
812 959 848 815 303 891 867 235 939 795 194 224 265 845 821 879 989 847 850 909
111 155 164 715 61 85 90 731 142 740 809 129 76 66 722 739 133 761 190 800
80 115 9 734 749 171 25 700 793 28 125 778 801 795 743 77 732 131 107 735
34 693 9 705 766 737 764 620 687 28 70 41 66 105 40 699 622 38 709 678
71 721 40 766 87 696 72 83 7 88 779 745 15 100 770 23 111 713 733 760
349 366 525 823 932 431 545 383 335 309 527 923 418 878 555 386 890 852 864 855
450 635 609 630 473 618 539 524 369 419 355 427 656 572 461 667 467 559 549 475
711 757 34 700 69 695 93 685 103 75 57 100 677 772 765 770 70 756 98 768
107 715 27 702 125 722 798 92 644 677 72 73 789 122 41 649 169 701 64 788
23 80 142 88 114 647 675 98 736 764 99 772 760 716 147 792 646 50 146 788
107 683 776 78 140 721 6 46 632 746 690 30 35 725 123 628 141 767 109 175
289 989 251 1000 995 238 243 201 973 804 874 991 334 1009 183 888 934 966 843 206
593 649 736 662 621 595 467 14 598 574 26 694 646 672 690 591 431 641 703 35
202 790 795 826 281 922 205 230 206 83 115 187 116 827 100 978 266 942 819 950
861 920 365 846 364 991 879 250 850 927 852 349 258 859 216 964 872 972 865 344
246 966 219 312 244 236 337 240 834 282 205 300 262 960 218 253 973 279 909 886
333 351 885 269 360 846 858 953 527 567 886 262 371 820 872 845 989 250 944 420
447 563 651 566 413 634 390 427 461 398 548 478 465 555 535 639 600 445 532 587
893 1003 801 361 802 355 962 347 862 919 189 174 877 344 823 827 341 840 1008 298
5 676 720 635 655 92 643 679 20 663 46 610 82 753 716 16 640 701 685 639
311 346 541 252 864 298 565 933 378 342 998 314 319 931 336 370 979 999 538 883
261 977 265 221 883 957 939 827 194 1008 198 276 300 275 325 309 176 238 955 851
637 695 461 435 74 709 684 693 581 29 715 706 70 595 30 729 47 663 103 623
161 212 106 802 195 168 816 982 99 86 209 250 273 198 931 921 803 254 258 834
408 556 585 422 412 344 522 360 461 368 387 565 377 596 582 575 336 567 386 436
