181 205 167 2237 274 108 184 151 149 2259 7 230 112 13 2251 5 1 255 206 2272
1619 1639 1589 56 1670 1545 1329 1572 1624 1598 59 1354 1618 1469 62 1334 98 1484 1656 1577
665 698 644 533 595 748 597 688 543 722 710 659 767 667 588 541 517 673 641 608
1074 1160 1837 1151 1055 1857 1172 1054 1250 1811 1892 1218 1006 1753 1230 1209 1872 1065 1214 1096
1346 1406 1288 1363 1314 1446 1643 1290 1289 1448 1484 1273 1266 1382 1370 1430 1672 1627 1623 1417
1278 1432 1238 1714 1243 1382 1245 1395 1297 1288 1275 1450 1689 1715 1391 1703 1405 1253 1330 1315
357 436 449 458 2263 409 379 461 428 2209 422 396 418 432 2257 366 399 356 463 2240
1772 1792 1774 1229 1066 1732 1825 1810 1103 1237 1854 1193 1054 1221 1789 1058 1747 1875 1059 1866
1136 1220 1169 1876 1784 1042 1834 1109 1065 1751 1068 1756 1887 1804 1019 1816 1812 1211 1271 1167
1264 1412 1737 1418 1375 1707 1718 1365 1232 1367 1199 1226 1715 1421 1225 1318 1224 1364 1384 1369
83 117 101 1496 1497 38 1361 1367 2338 96 89 1492 118 2343 1370 1569 193 1574 1589 1507
411 485 419 2210 476 597 501 2279 628 2282 562 468 2213 2220 363 586 2234 2258 2264 407
1260 1702 1677 1297 1279 1125 1704 1166 1264 1194 1770 1745 1276 1750 1438 1727 1696 1263 1680 1744
557 646 671 691 595 537 599 607 590 598 652 709 614 531 663 634 548 676 618 628
1434 1736 1782 1756 1207 1184 1421 1326 1699 1715 1677 1412 1790 1232 1188 1219 1687 1253 1451 1323
515 661 688 715 547 649 605 541 500 597 579 721 606 557 706 695 524 740 718 509
1156 1752 1684 1044 1190 1747 1150 1159 1053 1836 1136 1709 1230 1723 1228 1196 1246 1126 1229 1167
304 351 449 289 421 419 383 265 301 270 2281 290 450 277 2269 375 475 388 322 2263
447 2247 334 373 2249 143 204 211 340 217 441 412 363 246 423 284 2200 282 295 2210
1304 1374 1722 1333 1673 1456 82 1426 1354 1461 1260 1353 1694 1283 1367 1720 1366 1633 1319 1420
2014 2066 1971 2057 1980 1895 1866 2043 2026 1940 1897 1898 2046 2095 1952 1865 2055 2108 2124 1868
1226 1815 1093 1039 1809 1774 1236 1144 1784 1170 1749 1735 1885 1705 1857 1754 1131 1180 1140 1699
220 2225 254 204 2202 212 302 2316 2243 182 2292 2271 2216 415 290 2310 339 2309 138 2224
640 709 699 712 643 656 685 526 588 546 734 692 607 661 751 560 645 502 733 561
488 2238 603 189 398 181 378 319 2219 175 608 214 383 579 443 562 447 482 215 238
1055 1121 1001 1140 1037 1797 1231 1051 991 1817 1745 1734 1160 1182 1250 1825 1804 1155 1841 1139
268 2313 1563 230 224 29 1524 19 139 2241 203 306 2337 344 2312 2330 2331 308 2216 232
1313 1353 1364 1479 1431 1400 1663 1493 1370 1367 1467 1336 1406 1685 1674 1444 1670 1422 1339 1457
1446 1687 1360 1347 1449 1654 1459 1722 1686 1435 1725 1720 1352 1335 1457 1697 1712 1345 1418 1260
1302 1372 1653 1257 1416 1410 1466 1390 1259 1281 1418 1415 1256 1699 83 1476 1689 1358 1299 1377
92 1538 137 81 131 1625 1577 1365 1560 1526 1566 129 2305 35 67 1609 2302 1601 1595 56
878 961 822 948 919 839 921 991 879 993 1001 1028 854 952 986 990 928 1027 918 994
55 2326 18 10 112 1540 1554 124 1539 1490 2313 91 86 2308 133 47 128 2334 1536 1491
77 1524 1629 1623 1539 1639 1575 1537 2330 1503 1591 1499 53 51 2336 112 121 1532 1366 129
366 2205 2277 2288 333 335 2268 377 2241 457 2262 2185 472 2182 2166 2225 2236 473 413 2188
1020 1100 1781 1824 1224 1867 1230 1071 1067 989 931 1095 1061 1119 1857 1093 1157 1073 1006 1228
2224 2249 144 375 447 173 415 216 290 273 220 201 268 366 179 402 400 463 2280 445
1529 2326 2309 2313 219 36 1602 124 1586 35 2310 126 2320 116 218 1523 1515 1535 1518 1589
1759 1781 1820 1690 1243 1688 1784 1746 1703 1144 1830 1809 1179 1180 1109 1743 1194 1174 1777 1252
1066 1787 1093 1198 1086 1157 1107 1201 1016 1218 1813 1234 1791 1162 1816 1828 996 1071 1844 1065
2270 2289 2296 300 322 232 2303 317 178 2243 209 181 2233 346 159 219 418 138 263 2240
1764 1828 1783 1120 1698 1904 1741 1872 1735 1237 1695 1901 1850 1895 1165 1141 1744 1867 1150 1709
1902 1974 2063 1979 1927 1860 1822 1839 2076 1872 2029 1887 1877 1966 1845 1946 2072 1957 1091 2001
1673 1695 1671 1758 1718 1657 1681 1766 1230 1723 1227 1224 1428 1679 1468 1651 1256 1687 1454 1297
1753 1798 1233 1691 1086 1244 1779 1699 1088 1828 1187 1056 1217 1067 1035 1039 1849 1200 1760 1838
1792 1838 1906 1062 1864 1826 1156 1213 1193 1233 1865 1235 1127 1196 1850 1191 1920 1111 1049 1179
1234 1715 1187 1060 1154 1444 1732 1746 1237 1275 1683 1821 1040 1747 1130 1063 1020 1225 1098 1233
1054 1768 1758 1777 1032 993 1772 982 1070 1052 1078 1770 1757 1074 1165 1760 1017 1012 997 1706
6 1502 61 79 62 1554 70 59 1563 1635 1490 113 96 1633 97 51 74 24 140 2313
1047 1064 1012 1031 1215 1798 1032 965 1886 1039 1017 1073 958 1159 1237 1035 1172 1147 1872 1148
412 2213 276 377 178 2186 477 449 2280 2250 414 470 2264 474 152 2286 452 249 2260 2279
2313 2342 1569 47 1578 204 1536 206 307 1601 2338 216 233 62 1555 1525 56 14 82 223
166 2253 243 451 324 156 213 334 273 482 2276 2285 380 417 257 2217 186 2219 237 162
252 2260 464 443 2302 2242 447 257 172 2219 433 369 283 347 2221 223 2278 246 169 263
1341 1391 1304 1390 1456 1305 1623 1648 1410 1360 1658 1295 1438 1340 1444 1276 1343 1622 1643 1421
1879 2024 2061 2098 1822 1907 2105 1900 1114 1976 2025 1068 1154 1936 1902 1840 1795 2043 1857 1915
1747 1783 1875 1719 1680 1779 1710 1800 1761 1837 1098 1838 1216 1769 1249 1215 1868 1059 1768 1246
1514 1543 1547 1493 108 2303 1499 1531 2323 138 113 1492 1548 105 89 2 1503 2302 0 57
1305 1431 1284 1413 1410 1261 1687 1456 1308 1256 1727 1241 1356 1373 1444 1733 1244 1664 1286 1317
149 201 116 2269 179 2279 108 162 2218 1586 101 109 2249 1564 148 131 125 234 127 261
298 2297 2255 173 279 247 241 2294 140 2272 2279 2291 122 2260 2304 258 2268 356 135 137
1956 2083 2026 2122 1965 1998 1993 2049 2146 2098 2073 1909 1914 2006 2030 2063 2076 2059 1910 1905
479 2231 2281 387 343 287 2253 442 407 2277 627 462 286 223 424 334 180 391 409 238
460 2262 368 170 2274 145 2214 2282 142 2216 2212 429 432 240 332 2207 287 395 294 2285
2025 2119 2127 2017 2062 2111 1941 2115 1865 2140 2012 1889 1894 2151 2122 2030 1888 1886 2105 1948
665 738 717 659 711 736 618 735 515 627 776 513 699 538 691 781 754 591 534 547
489 557 2228 515 2269 661 2234 2278 641 618 2218 441 576 490 498 565 480 607 619 2248
489 2238 201 414 276 374 162 246 476 411 181 587 2225 2264 597 2230 324 354 2209 377
109 2335 12 182 2315 1566 1577 1544 0 1622 1600 138 1509 94 140 1627 76 38 99 1597
1360 1484 65 1403 1402 1319 1359 1415 1327 1502 1465 1445 1350 1667 1455 1377 1641 1619 1613 1508
608 633 516 583 497 552 716 591 609 657 640 649 566 551 711 478 704 648 555 542
1312 1665 1636 1487 1667 1660 1352 1678 1302 1290 1472 1634 1644 1442 1630 1436 1438 1324 1340 1294
1527 2324 1552 40 2309 84 62 217 2329 1607 2342 109 122 1511 2320 2317 2305 129 1512 1540
43 1577 67 1494 38 1586 6 41 1613 1576 115 1589 1493 1588 87 1607 2338 85 1601 1551
1324 1650 1638 1339 1485 1343 1471 1658 1414 1357 1352 1490 1648 1364 1461 1411 1433 1623 1671 1442
372 402 423 364 408 431 486 396 448 2242 418 2230 2202 2284 339 2285 2286 2198 428 2206
140 2284 485 369 90 139 188 385 423 2276 120 368 1538 214 0 2282 40 48 335 419
415 2248 399 411 410 234 460 483 2204 377 182 277 2268 334 149 2265 151 2262 471 175
412 480 384 465 489 634 395 492 427 628 2270 2275 332 2266 2241 481 2258 2200 621 2223
179 2264 164 2244 476 300 333 189 2214 261 107 324 228 354 466 150 176 109 372 416
1221 1832 1738 1912 1870 1793 1129 1877 1093 1058 1894 1703 1725 1128 1696 1717 1151 1207 1745 1161
520 653 497 677 495 640 694 509 650 685 657 628 688 501 504 584 671 672 528 637
1339 1368 1372 1407 1382 1467 82 1603 1343 1370 1656 1668 89 1471 1492 1417 1619 1337 1464 1322
475 2262 173 2242 2226 177 392 2287 436 2245 412 308 2256 259 161 465 320 305 386 359
1800 1836 1185 1047 1892 1224 1835 1067 1772 1164 1153 1214 1120 1145 1151 1751 1243 1872 1223 1071
256 2254 163 165 405 2255 2305 155 321 349 149 166 2240 363 2219 285 208 184 276 366
695 732 706 773 604 647 622 624 613 682 735 689 766 672 621 667 745 635 619 675
1080 1755 1737 1065 1735 1076 1170 1162 1101 1130 1800 1892 1863 1260 1135 1726 1255 1819 1867 1716
1921 1975 1900 1994 1885 2039 1872 1981 1883 1841 2033 1851 2087 1934 1950 1929 2015 2022 2061 1896
522 634 600 627 621 706 647 492 583 506 615 655 714 649 483 636 574 548 650 606
99 1533 2308 76 119 48 2322 1519 1511 1558 125 1601 1592 44 66 1581 112 82 47 104
1746 1766 1828 1152 1133 1821 1723 1056 1111 1270 1238 1712 1728 1250 1725 1812 1773 1057 1809 1797
1747 1768 1142 1114 1179 1841 1041 1097 1156 1193 1750 1769 1732 1776 1227 1811 1044 1130 1707 1145
1640 1659 1668 75 1503 1462 1483 1477 1623 1446 1652 1452 1364 74 1637 1603 71 1371 1362 1492
1562 1623 1510 88 1534 91 45 2307 23 56 1618 38 1560 145 50 1485 2339 34 104 2342
596 670 682 744 593 604 709 703 533 535 624 513 740 578 702 680 648 730 483 630
256 2308 2293 328 294 0 111 136 1553 276 320 2298 336 272 2255 152 2339 150 228 138
1907 1962 1900 1862 1904 2050 1887 1936 1858 2043 2028 1843 1841 1850 1944 1990 2056 1847 1934 1941
345 436 2282 292 351 318 481 2224 425 282 365 2228 476 248 2247 325 477 446 2219 453
2131 2151 2093 2153 2149 2092 2021 2012 2103 2072 2034 2115 2084 2166 2002 2192 2073 2018 2137 2075
165 176 2258 2288 148 210 2303 2218 2210 123 188 216 190 198 2223 2294 2289 214 2237 2259
348 2218 2282 361 298 147 185 476 2274 149 255 362 169 321 328 2234 412 366 2194 146
1197 1787 1865 1036 1736 1241 1111 1098 1855 1817 1221 1220 1246 1862 1190 1227 1072 1095 1811 1253
1760 1834 1109 1173 1158 1821 1705 1902 1757 1171 1207 1047 1260 1235 1741 1829 1175 1091 1121 1877
315 2262 2247 2291 150 284 216 212 2299 2304 295 240 378 174 404 217 2209 257 333 448
1501 1584 1571 5 1476 1603 47 143 1554 38 1645 1605 33 1633 1563 72 60 2340 27 127
283 2224 2219 473 310 198 345 257 180 2202 2245 291 268 456 194 354 418 481 278 2209
1293 1397 1267 1381 1283 1354 1306 1253 1355 1313 1274 1357 1417 1392 1721 1408 1727 1702 1693 1329
1288 1688 1713 1271 1304 1666 1443 1744 1741 1736 1703 1764 1252 1383 1388 1312 1743 1301 1435 1280
971 1005 1048 1009 1098 967 1069 995 957 938 928 991 927 899 956 987 1033 926 1049 937
668 722 687 609 673 777 612 753 710 706 682 630 650 527 694 735 660 729 615 731
96 1622 1621 1554 111 1513 46 84 127 1630 1366 1517 1511 1613 138 110 1590 1481 1543 1504
1526 2319 38 149 1532 69 1609 1581 194 123 1558 1566 1522 145 211 2327 70 1597 1595 27
308 2287 319 299 366 441 268 338 137 252 179 443 343 146 323 375 148 468 2236 446
1253 1430 1227 1170 1221 1373 1732 1171 1244 1331 1445 1168 1279 1318 1345 1310 1197 1402 1454 1701
1036 1186 1073 1740 1812 1176 922 1116 1248 1849 1779 1803 1260 962 1867 1194 1227 1087 966 1130
1368 1627 1642 1591 1465 1392 1416 76 1365 1594 87 1351 1429 73 1579 1616 1394 91 1593 1563
951 1046 1001 1783 997 982 1210 1146 1832 963 1184 1196 1072 1005 1045 990 1793 1182 1214 1229
22 55 1619 1583 114 89 69 2325 28 40 1489 122 93 124 62 104 1536 1614 64 110
1535 1580 1584 1529 17 77 1513 1573 1530 2322 1631 1524 1564 56 1585 1630 2314 75 13 111
2019 2100 2138 2076 1891 2144 1936 2135 2067 2004 2103 2053 1868 1882 2105 2136 2098 2064 2069 1976
1442 1741 1705 1148 1697 1668 1243 1745 1311 1256 1154 1285 1783 1187 1340 1107 1781 1320 1754 1208
153 2315 264 2300 1557 107 2281 165 2287 222 216 245 231 233 145 121 2226 213 21 1538
1963 2021 1889 2132 2074 2045 1883 1983 1893 2096 2091 2084 2035 1965 1917 2041 2005 1923 2146 2123
326 394 415 377 2267 250 292 370 293 306 288 317 2270 346 2243 270 445 285 241 410
894 958 992 1048 1035 956 959 908 909 868 1021 1013 925 995 940 944 922 988 943 967
755 779 824 752 707 735 732 709 738 798 742 791 677 717 777 692 795 821 797 689
1320 1406 1669 1461 1640 1644 1421 1675 1370 1445 1288 1430 1678 1356 1262 1360 1395 1474 1390 1309
2190 2209 475 320 2146 381 344 324 352 437 323 336 2220 438 2159 2147 2210 2157 436 2224
354 424 2249 281 343 365 2247 2226 351 449 370 2219 331 434 344 472 470 359 362 489
1129 1756 1757 1885 1250 1138 1049 1080 1818 1847 1888 1829 1779 1110 1872 1072 1819 1100 1230 1855
122 1512 25 2291 1593 1628 2341 1624 42 2334 1600 2342 192 111 155 1552 75 89 0 2343
966 979 904 944 883 881 941 955 928 1041 892 965 926 884 1054 895 1033 925 891 1026
233 2238 447 2244 463 348 2276 444 2239 193 295 204 2274 286 455 319 387 471 2208 2317
1348 1400 1358 1465 1633 1262 1274 1323 1279 1277 1626 1623 1458 1668 1341 1385 1478 1423 1624 1467
1107 1877 1185 1245 1989 1126 1872 1788 1248 1043 1220 1770 1045 2014 1069 1044 1743 1909 1052 1739
2047 2073 2034 1972 2129 2086 1969 2139 2013 1957 2065 2030 2035 2038 2094 2051 2108 2007 2044 2085
324 333 317 423 2285 279 2283 2216 2282 234 260 351 380 310 316 470 341 362 440 379
151 2278 427 2274 193 200 2297 370 2279 343 422 208 99 425 140 2239 196 408 109 471
1236 1739 1815 1705 1179 1716 1123 1762 1240 1089 1118 1080 1202 1805 1170 1771 1010 1276 1099 1138
41 125 4 88 2292 74 1505 183 1510 1554 1602 1598 2338 98 1611 2319 2330 1514 144 30
1601 1628 1494 98 1577 1622 1535 75 1375 138 133 1616 59 1528 126 1570 1584 86 1537 1373
536 594 647 668 489 479 583 500 648 625 620 495 512 666 588 655 487 566 538 657
1774 1810 1256 1055 1736 1762 1890 1838 1779 1874 1728 1064 1840 1218 1109 1223 1139 1148 1192 1074
143 171 1549 137 118 183 2276 208 9 2236 2268 108 187 172 2279 1578 1575 2227 2213 136
1770 1794 1181 1699 1068 1041 1728 1207 1754 1154 1086 1798 1724 1049 1092 1737 1868 1745 1703 1171
399 2201 2277 2203 483 2155 2268 470 2228 464 2158 2185 436 2159 447 2193 479 455 415 468
339 2234 222 448 250 263 283 194 427 442 383 2274 240 259 389 2284 2275 280 418 149
2135 2157 2194 2149 2090 2108 2165 2072 1997 2087 2027 2176 2069 2121 2109 2201 2189 2014 2025 2151
1252 1714 1303 1312 1168 1788 1229 1763 1678 1182 1269 1110 1677 1167 1779 1130 1112 1695 1765 1133
