126 174 240 127 203 241 142 226 107 92 129 222 184 136 156 101 195 239 152 231
162 195 175 238 212 116 197 263 223 168 172 234 156 230 174 203 267 251 114 154
410 424 521 435 500 398 447 508 524 396 455 368 386 379 430 509 453 387 367 517
509 545 493 548 429 554 531 422 472 506 485 524 451 482 450 430 535 549 479 562
472 549 567 455 575 462 442 573 574 578 433 443 466 592 520 483 526 456 561 564
17 50 88 74 92 25 97 12 23 58 90 76 51 78 54 85 98 53 13 2
187 223 179 148 196 168 245 238 246 139 271 159 138 167 269 218 176 251 184 152
89 143 182 92 91 97 70 55 62 177 105 75 57 181 132 135 93 68 163 124
233 258 334 220 288 211 209 351 360 239 370 345 354 192 376 283 362 231 344 198
525 556 467 428 468 460 427 514 581 598 588 560 545 498 554 548 462 476 580 553
260 279 334 333 386 204 328 264 293 206 370 362 344 306 243 252 346 330 261 309
545 578 558 513 588 441 457 467 592 593 444 456 517 582 439 470 448 432 557 537
214 255 341 232 182 261 175 242 157 216 230 259 249 168 234 342 280 271 382 375
579 613 612 490 454 511 588 531 460 540 522 596 536 451 550 486 514 602 611 605
299 363 271 274 370 335 257 320 361 311 385 419 301 414 393 261 382 351 258 264
222 262 235 187 370 191 167 374 367 162 346 253 166 218 171 277 188 177 159 361
90 141 71 191 100 77 162 88 118 190 180 95 79 117 106 110 64 125 104 130
484 540 554 551 576 476 480 581 452 549 436 429 504 550 564 560 509 502 487 481
170 220 194 225 202 249 158 245 125 272 204 127 227 274 123 119 167 230 169 265
462 539 438 491 453 578 471 510 435 474 457 448 529 565 525 505 472 535 458 579
2 33 46 36 80 82 50 68 37 45 3 34 79 58 71 5 43 61 39 70
443 539 531 557 472 425 461 418 448 514 530 525 419 489 469 410 479 570 520 437
4 37 53 71 64 33 68 85 82 59 69 0 42 12 9 51 55 74 75 54
277 338 221 268 253 305 271 267 366 224 340 226 342 220 235 222 264 381 241 227
370 395 278 417 352 398 368 423 424 337 353 274 347 283 318 364 301 310 389 308
11 77 93 101 48 66 4 44 103 118 104 28 1 115 111 106 13 41 107 16
538 576 455 548 594 529 567 536 553 602 591 607 459 429 435 469 534 584 502 513
139 161 91 165 138 105 153 147 146 104 159 227 212 137 155 188 140 206 87 179
308 370 422 382 393 338 403 423 301 396 345 297 306 352 386 284 275 293 266 420
468 546 464 541 472 577 573 470 533 551 528 451 473 590 536 575 439 442 515 430
564 593 603 476 460 497 473 530 509 526 594 450 500 602 517 533 614 458 592 510
433 508 444 537 427 514 435 485 543 510 438 410 411 565 541 480 457 385 471 425
461 495 576 507 534 433 572 499 530 512 548 484 465 542 551 570 552 538 496 441
500 572 464 550 568 435 603 527 587 513 423 519 434 498 574 462 576 604 586 427
167 216 140 243 191 181 186 161 129 244 219 249 241 193 229 159 220 257 158 188
121 136 151 87 162 84 178 73 180 137 152 120 144 135 102 187 140 88 101 169
461 512 578 492 479 460 424 478 521 523 505 471 477 464 466 489 551 494 552 469
74 107 128 38 58 69 39 94 47 88 155 143 121 20 7 92 117 78 87 64
287 315 306 258 264 344 371 362 328 361 257 285 332 265 338 373 343 278 326 327
430 443 432 570 454 529 538 436 381 445 438 471 440 555 523 468 447 550 382 457
477 575 437 548 524 538 509 486 484 541 550 493 504 497 468 594 476 432 487 519
333 363 362 368 323 348 424 402 320 311 273 312 376 410 393 301 331 350 295 307
280 302 331 143 375 236 337 272 369 231 323 270 291 335 389 248 374 261 344 381
192 231 254 240 191 218 158 190 181 155 281 150 171 249 213 269 186 250 202 235
251 263 353 375 241 327 276 338 336 189 302 292 305 332 287 366 246 351 380 236
110 161 82 182 137 142 223 96 153 175 143 146 200 207 151 228 118 139 212 122
348 361 293 286 360 421 412 259 405 401 261 408 371 364 339 303 413 341 296 260
442 560 486 444 540 577 597 558 419 433 562 522 541 545 529 477 596 415 425 484
183 230 125 147 158 252 163 229 141 184 202 214 273 142 219 134 261 267 274 195
197 248 240 192 259 270 231 156 213 195 199 164 200 238 203 379 233 167 189 161
447 506 533 574 486 568 512 560 491 548 436 435 427 482 510 412 532 417 487 496
76 96 140 82 64 72 89 67 135 22 129 19 133 114 150 63 27 134 79 143
184 231 153 219 187 230 135 174 261 255 217 205 228 227 156 234 280 262 260 211
87 104 53 138 40 130 60 131 89 124 101 145 106 128 95 136 107 148 48 109
570 597 468 558 497 481 591 608 523 552 551 600 534 456 525 467 611 533 451 500
263 341 333 313 368 240 286 260 226 259 296 394 189 190 308 252 316 191 221 261
303 347 320 274 250 366 381 265 367 329 371 253 281 378 387 271 260 338 339 269
120 138 131 130 93 182 92 189 142 106 135 169 133 172 186 74 114 170 163 124
37 83 96 44 62 121 3 30 12 126 123 40 2 10 64 47 36 78 55 81
249 285 299 366 310 332 254 228 226 220 259 301 320 205 374 364 282 267 297 355
445 459 511 453 569 443 565 448 461 527 484 533 466 481 451 489 430 454 556 450
492 581 553 523 562 460 597 563 428 447 455 572 533 517 514 468 487 437 433 545
458 499 568 509 466 551 441 435 432 495 463 518 498 488 487 494 520 460 548 440
443 516 500 515 446 437 421 403 512 535 561 468 494 572 445 514 578 492 447 493
128 143 174 119 191 122 97 146 163 192 158 188 144 151 117 132 281 282 88 181
146 189 220 177 133 116 117 143 197 256 109 254 205 151 144 97 167 154 210 264
1 50 7 15 58 67 22 60 102 75 14 87 65 18 89 27 59 97 91 16
459 502 570 545 530 437 489 559 546 543 445 555 566 537 542 553 476 505 532 561
383 427 270 410 493 248 341 414 363 452 487 460 426 258 272 345 397 336 364 287
95 115 85 139 59 104 61 123 96 157 162 54 161 138 146 136 57 129 49 84
166 212 270 239 162 198 219 133 204 276 179 228 176 248 161 117 230 267 202 171
248 277 302 204 202 357 234 390 319 297 365 379 298 318 346 310 311 373 216 218
121 174 76 129 144 80 103 214 195 133 237 204 132 138 78 93 147 234 169 77
286 370 258 308 406 423 312 384 403 349 427 376 293 247 356 401 255 358 299 360
411 431 528 437 374 464 408 435 517 460 496 529 462 485 433 398 371 536 455 494
268 378 375 229 394 244 381 367 386 210 313 345 220 298 390 342 198 260 328 413
71 112 139 53 10 29 95 30 40 24 44 18 46 74 135 108 49 101 157 152
74 102 91 147 142 150 85 66 55 103 83 138 47 96 61 126 118 122 123 26
345 382 357 258 287 341 257 312 336 279 313 363 422 323 362 356 421 281 293 246
117 164 86 161 98 133 116 90 80 154 93 183 233 214 107 228 192 230 229 187
95 134 111 178 131 92 120 167 112 181 110 62 76 115 141 188 133 96 186 128
117 142 94 104 126 144 145 82 70 120 158 169 100 132 111 137 168 102 149 170
37 80 1 105 60 100 104 117 2 66 76 9 7 85 49 87 14 61 30 28
319 361 298 386 417 331 281 321 355 340 279 341 350 290 338 294 420 349 367 249
152 190 155 206 138 108 197 260 192 200 229 249 163 151 107 239 135 250 133 123
443 469 433 413 466 408 544 523 518 521 409 470 421 570 455 561 451 506 417 496
91 130 181 179 143 81 62 188 111 97 80 187 167 183 120 160 107 151 59 98
15 79 57 86 114 1 72 80 29 111 113 97 64 19 88 70 78 77 36 13
25 48 81 9 36 32 38 18 41 35 91 52 60 53 56 85 77 82 46 15
478 537 570 528 457 507 520 500 538 547 440 472 449 506 461 490 518 545 475 544
188 232 185 152 156 196 277 178 192 171 270 206 162 264 248 179 135 237 176 227
285 352 324 364 381 365 362 270 353 336 330 316 303 335 251 386 255 249 273 314
526 554 558 433 491 471 537 462 519 496 429 525 506 479 464 438 523 485 574 545
258 345 394 228 190 255 336 231 238 207 265 243 281 295 215 268 285 307 376 284
439 451 562 450 571 565 479 491 549 564 516 568 521 530 538 447 502 510 440 541
438 501 397 477 418 484 468 553 493 577 403 526 532 562 404 401 529 470 539 395
260 345 212 386 381 306 311 349 238 251 359 265 394 351 227 296 266 390 377 293
495 531 467 551 552 433 509 582 528 480 505 564 493 442 466 429 422 547 588 438
286 365 403 369 404 421 422 375 378 346 406 420 273 349 310 395 425 374 274 305
479 510 461 568 507 536 418 550 563 520 565 527 421 478 551 579 453 552 549 458
374 415 412 381 431 264 414 411 267 336 382 423 294 408 447 293 435 438 426 430
38 84 16 112 105 14 117 73 79 122 98 35 102 64 46 8 39 104 69 48
197 269 201 345 206 301 289 215 239 238 344 300 254 307 313 343 154 247 363 387
242 279 172 264 388 358 189 384 339 297 227 295 317 269 211 315 273 241 291 256
318 330 281 317 346 267 380 353 362 262 288 261 266 310 270 294 273 263 269 348
447 483 426 531 533 493 491 527 571 481 428 490 550 522 570 419 456 514 582 431
461 561 518 427 454 525 466 456 567 493 578 575 441 546 438 506 479 465 588 439
73 113 40 13 55 49 69 16 76 101 112 123 42 159 90 102 98 108 136 138
279 290 297 364 259 305 278 260 375 241 376 263 307 226 276 280 339 271 232 288
518 564 515 596 501 509 513 445 447 589 471 499 498 559 592 540 420 566 443 505
510 533 508 547 537 513 456 453 504 527 586 418 481 433 437 501 497 563 441 556
557 590 592 539 551 611 549 456 530 571 613 612 529 520 481 607 512 497 487 568
556 584 446 564 449 604 495 492 593 435 488 470 455 439 587 611 605 575 544 585
16 49 17 5 35 85 53 15 42 93 64 96 90 36 58 92 48 79 30 95
221 236 214 188 277 267 210 205 183 186 171 172 258 244 204 255 279 168 253 248
286 371 251 407 352 351 414 293 270 387 367 428 322 362 359 330 340 264 255 253
175 200 151 246 193 148 157 239 245 251 214 203 206 254 260 135 210 268 202 189
124 158 116 100 197 191 216 226 195 183 215 213 184 155 202 162 171 160 157 198
412 429 505 531 410 419 368 520 430 443 447 518 498 382 502 459 453 386 393 504
192 257 342 291 237 239 133 275 269 189 165 287 169 379 213 377 374 218 152 273
275 394 425 343 264 392 423 252 311 370 234 378 248 337 270 322 388 432 276 433
396 439 522 414 525 349 537 466 426 472 516 374 551 549 418 415 402 352 513 470
199 222 279 187 265 244 275 173 189 185 153 276 200 216 174 258 163 241 250 252
441 478 504 505 565 513 491 579 556 438 453 425 408 521 517 525 502 444 486 497
494 539 503 564 463 493 478 460 458 424 552 581 528 579 428 495 513 591 577 484
136 162 121 183 111 165 230 152 153 180 93 95 144 224 100 163 150 149 212 194
74 94 85 53 55 124 147 125 14 129 40 9 84 118 130 86 29 133 59 89
354 376 407 253 247 341 286 290 420 339 355 317 372 406 311 270 342 310 327 421
475 552 566 461 586 593 474 470 529 542 548 463 523 465 445 441 554 473 587 489
480 582 512 605 569 521 449 549 481 468 610 524 446 552 489 600 580 465 609 606
195 218 182 257 207 159 174 168 258 246 153 262 189 179 278 177 150 275 193 235
541 588 587 551 475 592 456 454 459 445 543 539 573 439 440 536 612 442 451 532
331 371 418 249 391 369 298 404 339 425 248 376 299 380 257 311 346 384 365 328
224 275 191 310 278 228 194 364 157 199 304 169 300 274 220 329 171 179 306 219
369 417 293 368 379 376 263 256 350 273 285 296 310 330 442 444 378 418 409 333
134 186 198 241 87 213 122 102 199 176 152 257 221 179 231 143 90 219 147 126
257 354 186 315 372 265 219 201 251 213 189 267 249 319 398 284 239 321 234 286
67 93 63 119 87 24 108 94 71 122 30 40 86 25 115 77 121 6 41 100
457 536 482 479 451 552 494 567 460 581 590 551 502 524 509 496 534 515 427 588
268 394 291 336 311 210 217 286 204 424 255 207 216 411 395 429 257 417 319 222
350 391 366 287 359 328 361 404 320 430 349 327 351 334 423 387 299 398 383 312
216 235 208 219 257 173 179 169 265 211 209 276 221 165 198 269 183 180 204 251
269 381 245 333 339 261 208 233 345 403 374 265 296 370 273 327 414 281 294 287
265 391 385 358 382 347 294 255 302 427 401 245 318 323 326 299 387 216 191 203
361 375 429 351 311 386 312 323 257 365 288 347 247 335 258 358 404 271 409 280
445 455 492 543 501 488 532 541 435 483 448 470 497 506 522 538 464 530 452 446
210 237 198 259 160 187 197 262 169 201 170 254 256 260 243 223 167 211 213 238
390 404 391 421 344 441 436 401 375 419 345 376 416 339 366 276 423 382 402 374
63 109 8 119 138 34 134 41 156 37 107 142 146 99 148 5 103 76 68 101
596 610 573 553 549 571 580 558 587 605 569 594 601 566 550 548 578 556 607 563
