1104 1121 1032 1189 1047 1072 1139 1203 1077 1383 1140 1036 1153 1205 1102 1143 1173 1147 1145 1198
1156 1376 1341 1359 1139 1392 1371 1365 1099 1355 1354 1072 1187 1079 1135 1138 1342 1218 1400 1177
1221 1262 1150 1213 1290 1263 1159 1259 1164 1195 1202 1294 1191 1228 1156 1280 1292 1240 1217 1216
648 1448 1400 699 935 670 794 1442 873 785 1416 1462 1467 618 1451 1412 891 646 605 678
1217 1251 1266 1155 1264 1149 1285 1206 1257 1194 1220 1256 1289 1238 1265 1243 1154 1292 1141 1179
429 443 444 469 333 452 361 1531 320 1519 1522 316 428 412 1530 414 317 1518 475 336
635 658 1439 665 1411 704 625 679 769 774 1404 1447 1490 598 680 631 786 1429 777 771
307 332 1576 1578 145 1517 223 130 131 371 1554 1542 1588 369 204 205 452 1504 210 424
621 1466 1415 575 1491 655 829 670 1476 1483 641 601 690 875 710 1460 728 823 1463 1495
106 154 1587 1589 203 185 101 333 1579 123 113 1563 169 100 207 1594 177 1592 211 1532
704 919 805 1408 775 909 914 1455 1459 1396 913 1481 739 901 695 1465 776 948 959 669
522 1491 485 817 610 892 467 1482 458 570 453 869 608 515 860 619 525 478 577 528
61 1575 452 157 64 156 1549 1578 1524 479 1586 1572 120 1589 55 1507 4 457 107 146
184 306 185 1531 1586 1501 167 138 113 447 201 474 319 491 212 169 140 153 1537 271
704 901 1406 1414 793 689 899 690 924 746 766 876 731 760 749 776 1402 763 1417 699
423 436 362 416 476 404 441 372 334 314 349 1515 419 438 465 341 398 375 1509 1587
280 1539 25 194 1518 1551 35 497 1561 40 94 480 457 1578 459 38 58 1530 175 81
85 1554 43 278 229 482 28 220 226 1512 168 494 231 1521 166 1523 188 269 227 181
501 571 1492 483 546 1530 555 602 470 545 513 468 476 507 1480 1514 543 508 523 454
681 924 746 1409 768 890 939 624 750 1484 727 627 927 645 967 913 655 690 942 744
600 627 578 577 1452 1510 643 640 661 1470 622 812 1492 1453 580 1461 669 568 678 664
298 1549 21 206 32 291 214 72 1498 309 212 199 161 304 499 46 58 1530 1502 57
217 1519 526 456 253 169 1541 370 302 1546 1510 157 278 186 512 447 317 187 1515 324
532 1489 1452 533 541 827 456 847 908 540 835 823 482 1447 610 577 538 1461 802 521
1520 1597 172 239 469 61 382 431 145 213 443 290 432 1545 1502 28 522 1537 283 281
932 962 1057 1036 788 1054 716 747 769 956 918 955 1445 903 1017 1403 968 1443 739 964
649 794 631 926 817 882 1411 1481 813 778 722 702 880 1492 789 1432 1463 889 911 708
11 1540 13 88 160 317 1517 246 90 1518 155 1545 1548 58 1550 285 81 156 20 292
798 859 701 776 905 1463 838 1435 1492 804 751 828 725 1423 1488 759 822 840 675 818
364 394 399 380 357 342 466 352 317 449 427 1582 153 421 405 311 410 428 326 149
921 1474 628 637 890 669 804 1464 855 571 554 842 1424 1459 697 712 856 947 761 1446
696 734 805 711 649 902 1469 733 932 726 779 686 810 731 801 736 1481 657 916 1462
719 941 745 993 1396 708 1480 906 718 1406 731 702 810 804 908 954 675 686 773 781
707 904 1409 750 719 1437 923 765 786 691 730 662 952 1395 808 721 813 1485 695 706
318 1586 231 224 1594 134 473 324 180 190 124 36 153 365 1514 431 121 234 163 221
913 928 715 803 1427 767 731 694 722 1421 780 732 964 1417 908 1423 740 689 1403 766
878 1495 791 879 1523 778 843 904 1437 813 446 844 876 1477 462 302 1444 1510 485 1462
1113 1386 1046 1371 1090 1420 1355 1401 1110 1089 1365 1407 1048 1122 1099 1382 1121 1364 1032 1068
75 1535 320 1 473 490 446 466 465 177 242 92 8 60 487 169 284 329 176 262
670 691 805 1453 710 1456 727 935 1484 753 794 620 759 918 928 651 766 1407 922 891
19 1537 276 298 501 2 238 73 456 32 9 29 494 279 34 65 295 483 324 478
1483 1512 371 1464 556 745 236 1463 1568 465 770 315 760 902 311 819 1551 599 638 703
177 241 165 75 205 323 328 4 273 185 1547 80 224 296 10 190 8 81 155 1548
1008 1090 1419 1054 1376 1121 973 1089 964 1073 1130 960 1417 1110 998 1062 992 1403 1115 1074
654 1404 1442 991 1405 1478 1078 1381 1038 729 1403 948 984 1069 670 972 699 1031 963 693
1212 1225 1256 1282 1173 1169 1268 1183 1140 1166 1255 1179 1228 1292 1170 1230 1163 1187 1246 1266
695 1394 1071 917 664 1482 1010 1425 941 979 909 809 1410 1473 1431 1107 991 1034 1067 675
1053 1079 1379 1041 1401 1042 1036 1419 988 1408 1110 1024 970 1092 1016 1373 1102 955 1021 1017
493 507 454 538 451 458 561 483 513 313 485 572 1528 309 1534 1573 508 477 1520 560
679 698 660 919 686 934 749 653 619 918 658 650 762 1480 810 785 793 778 917 721
996 1062 1054 1113 1387 1117 1010 1384 1411 1400 1120 1005 1429 1029 1084 1009 950 1081 1399 1077
956 1022 1078 1435 990 743 1049 923 1451 961 745 1413 758 1083 1011 981 1018 1095 1030 1008
795 1424 890 1001 1453 623 691 1470 1009 932 807 809 648 910 1388 706 1454 630 888 1414
1021 1092 1414 959 1410 1098 1124 1395 1097 1412 1054 971 1402 1130 1390 1110 982 1085 1426 1369
1165 1218 1269 1251 1216 1256 1164 1128 1362 1266 1264 1170 1144 1290 1180 1143 1258 1277 1220 1238
1041 1411 1447 1095 626 1111 1117 1038 1440 675 1011 1013 1432 935 1380 1390 996 1398 1422 1022
66 1575 456 116 18 1552 252 158 271 475 84 1583 461 297 6 473 300 74 324 309
1032 1107 1061 996 1432 1398 1370 1105 1127 1375 1132 1084 962 1138 1083 1389 1039 1123 997 1078
959 1037 1033 1102 1054 1062 926 943 1032 1103 977 1004 1427 1428 1398 1100 1426 1411 1436 974
346 436 477 369 1595 320 153 1508 140 449 142 332 1586 1593 131 176 1519 453 418 466
630 663 655 771 1432 806 786 696 1421 1485 785 661 1423 1474 611 596 1450 664 1484 1473
232 1514 89 1564 164 8 370 514 229 1543 166 1575 515 276 1539 447 317 204 168 1531
319 476 1590 437 364 477 1557 1509 1567 1547 175 1522 444 155 1487 1528 184 452 494 500
1104 1129 1074 1187 1097 1090 1059 1374 1044 1389 1026 1191 1088 1089 1369 1149 1039 1041 1117 1142
948 957 1397 714 1023 1011 916 752 907 993 765 1442 1391 925 716 938 992 698 973 1457
1031 1394 1062 1418 1035 1375 943 1092 1369 941 1045 762 686 1396 693 1018 1007 972 1423 980
294 1550 454 258 472 316 76 9 66 1507 22 1575 487 199 1518 58 1577 1528 85 260
44 81 73 249 1563 6 259 27 25 1570 32 276 35 265 66 82 0 1597 95 268
462 1505 310 1480 495 367 312 375 290 1530 1587 538 457 1566 1494 333 377 433 522 1584
1148 1189 1380 1248 1208 1377 1167 1129 1360 1216 1183 1126 1180 1213 1358 1225 1170 1236 1117 1385
450 1483 903 1445 451 801 325 383 631 835 659 684 1595 329 331 783 839 914 318 377
685 1467 1443 749 1463 621 686 941 1476 673 658 830 597 743 691 1433 786 899 856 697
359 386 385 445 324 404 378 151 377 460 318 1591 437 364 434 327 339 350 413 375
879 1447 901 623 1489 590 1443 643 1492 1465 587 1418 1495 838 1464 610 1474 647 833 596
951 963 1393 765 1014 1075 750 1050 1400 722 946 1403 772 990 999 985 775 1445 1062 1028
733 799 1441 907 869 832 1417 858 691 889 1401 1469 933 790 1395 862 666 952 806 761
871 883 751 1447 814 1499 861 887 764 902 813 1441 852 756 822 762 897 808 1486 1431
928 1393 973 1108 991 674 1083 1114 1042 1391 1416 1077 966 902 1049 913 1116 1051 1375 960
521 1519 1514 259 215 335 1588 268 1535 201 194 178 485 1539 576 280 264 1532 277 524
651 769 916 673 919 760 816 1475 1486 625 681 772 674 1398 942 1419 1407 685 1401 762
1076 1127 977 1026 1080 1098 1155 1096 992 1383 1084 1092 1081 1176 1164 1159 971 1192 981 1153
309 487 280 1496 452 473 251 1510 220 1520 311 1481 1562 212 334 299 483 222 1569 497
452 1523 216 1520 161 162 1494 273 505 205 231 250 466 437 342 389 434 282 488 268
1525 1596 195 296 33 295 433 106 435 35 517 165 273 388 210 351 391 189 20 159
1269 1288 1204 1290 1274 1197 1291 1256 1250 1231 1214 1289 1212 1303 1201 1292 1266 1259 1232 1252
271 1520 1522 1596 30 269 207 1536 361 514 62 12 509 56 246 461 447 233 16 502
366 1516 1500 1536 326 385 441 1553 419 202 271 1511 199 450 248 1577 1489 276 406 297
483 1479 460 819 788 792 448 684 1547 458 671 618 915 303 548 1433 758 315 903 635
974 1411 944 1071 682 915 984 690 946 1004 1374 986 675 659 781 1032 1082 1022 911 638
1177 1227 1191 1166 1267 1160 1127 1219 1203 1279 1261 1148 1204 1182 1138 1277 1187 1131 1202 1268
116 167 196 137 260 99 1569 1535 147 211 317 1561 268 310 229 248 1547 1574 264 247
826 873 869 892 855 1484 783 819 801 846 1483 1493 795 1481 1468 1491 842 1494 901 1454
625 646 656 1489 604 1418 1411 588 781 1479 693 603 1461 1413 1451 760 785 1405 630 654
1213 1285 1146 1278 1204 1292 1288 1275 1147 1299 1170 1282 1224 1243 1253 1178 1218 1186 1289 1202
177 292 216 131 1581 1517 236 221 297 113 176 334 119 267 1505 152 1553 1592 1570 182
1525 1565 514 1522 1593 60 299 456 439 1505 481 310 292 47 233 486 245 227 504 1583
817 873 757 591 833 889 772 1464 901 858 887 790 881 1444 906 907 752 843 783 713
760 946 916 909 1485 735 893 802 707 1397 644 890 1399 787 1453 782 1484 705 780 684
65 1556 306 478 160 5 1593 267 310 14 87 487 35 75 181 1 286 1592 281 471
951 1013 1053 784 1011 1059 1072 708 1396 957 977 1091 962 1002 765 1070 916 1041 774 1411
1201 1225 1202 1128 1135 1250 1216 1227 1242 1267 1199 1188 1209 1191 1268 1204 1272 1178 1234 1177
269 1593 1585 1514 22 1572 144 133 18 473 23 1511 1513 471 1547 280 25 1527 466 274
40 85 80 90 215 20 1558 222 1557 1536 277 1593 1527 96 216 1551 256 77 219 30
1071 1112 1126 1015 1401 1116 1009 1379 970 1367 1092 991 1016 1396 1120 1119 957 1047 1095 1038
505 557 584 1523 565 468 504 1519 1498 582 1511 502 1491 590 454 1478 1475 458 471 1483
809 899 818 1424 814 930 702 685 748 1432 1486 848 867 821 1477 885 599 1447 790 918
611 1497 1485 604 631 474 671 306 1478 454 1524 302 614 316 315 308 480 1499 498 442
737 943 771 964 787 933 907 678 1487 714 926 707 753 1458 741 886 727 1483 956 997
1530 1569 178 336 469 1507 1531 86 446 1500 295 1526 300 442 288 92 1562 316 3 265
324 349 382 222 477 390 366 1514 358 194 415 456 316 163 1531 355 298 341 431 334
675 812 921 638 620 701 1454 1407 895 1405 1438 1413 866 745 1448 878 769 860 1412 588
322 332 221 208 470 1539 294 1516 386 447 1515 465 428 337 364 157 464 372 1519 434
694 912 746 769 720 806 1470 938 935 649 885 695 914 737 888 715 904 728 729 1423
277 1511 557 579 255 1544 78 203 435 1566 290 37 202 204 1557 366 208 275 1517 437
300 1558 246 241 38 1543 1531 292 1526 218 171 490 482 257 1572 95 296 1592 319 214
487 1559 1489 53 474 458 191 290 462 1581 1533 1584 1528 196 469 159 44 1483 188 183
893 909 865 1473 798 768 816 1449 696 895 889 687 827 704 892 1487 691 697 866 1490
212 284 21 272 64 71 1549 1593 155 27 216 1507 1508 1583 88 1554 83 298 1576 1569
624 665 1426 801 775 1446 608 653 1475 1480 750 786 1469 615 1460 673 697 650 612 1405
392 445 384 470 1487 1501 412 1515 398 313 340 1512 449 458 1510 356 1491 1594 462 438
355 443 374 1580 459 158 354 1509 345 393 144 135 407 142 471 1523 441 1500 421 1504
444 1515 431 510 512 396 527 1588 1596 241 573 260 369 578 1551 306 1593 408 1519 391
15 26 39 1554 44 3 29 1581 256 252 2 1540 89 43 50 287 1593 1585 27 246
803 899 663 853 879 709 694 915 775 721 668 920 692 688 790 700 836 844 819 829
1461 1476 623 671 616 565 556 1444 1503 920 1423 901 1480 687 1508 819 872 653 1463 772
676 770 1415 713 647 926 773 1481 674 817 734 614 924 708 792 765 1477 802 892 917
266 1531 38 208 502 483 172 258 85 499 337 477 464 196 63 69 189 309 504 1585
462 498 451 1487 1577 1525 315 1536 1582 1541 357 431 1528 564 454 326 1504 478 330 376
343 407 358 350 1581 324 414 445 406 327 318 341 319 142 342 320 337 156 451 164
1082 1103 974 1059 993 1390 991 1042 1402 1117 1070 1370 1107 1062 1373 1375 1112 1054 1369 1384
755 818 1408 867 780 863 753 777 904 947 835 803 764 840 1450 781 813 921 661 659
1005 1434 1095 1419 881 949 983 878 605 880 897 627 817 629 893 1032 599 1483 645 616
800 872 844 705 855 674 751 1416 799 1438 684 748 874 716 882 1447 679 852 721 790
157 321 148 219 114 444 92 350 360 363 107 472 323 116 307 153 452 454 93 167
1021 1101 1078 1051 1407 990 1135 972 1395 998 969 1136 1412 1425 999 961 1415 1120 956 1378
902 941 694 1401 959 932 729 993 876 883 776 1445 1414 689 802 1483 1479 765 785 1390
473 1592 370 1548 1595 341 1539 1541 305 18 70 402 333 1503 480 389 277 21 1591 288
1472 1502 913 318 677 693 1457 634 472 538 1430 664 831 1453 849 738 1454 304 715 775
1200 1242 1277 1173 1165 1252 1134 1162 1260 1211 1218 1217 1291 1182 1204 1193 1238 1125 1156 1249
634 1452 772 770 639 812 1464 637 656 618 1441 826 866 935 654 628 622 885 646 599
1054 1393 969 1410 1059 1376 1421 765 711 1357 936 1426 1113 1414 757 1397 1039 699 1368 1088
591 1442 960 566 884 1466 594 595 642 817 806 1482 1480 569 565 607 571 1404 876 645
1124 1173 1372 1378 1157 1155 1074 1168 1154 1085 1071 1103 1371 1136 1377 1392 1207 1185 1100 1069
741 953 1016 1008 974 749 889 972 699 763 929 679 710 890 934 707 705 886 927 1053
110 183 160 302 1573 266 259 284 1546 135 336 309 1596 191 228 116 244 154 112 293
454 1532 90 468 77 457 257 343 1492 338 163 1564 298 1485 444 400 481 1533 313 440
701 887 713 677 890 1482 914 825 722 676 1402 814 860 828 737 1449 1494 1467 666 689
1046 1098 1084 1135 1380 977 1372 1044 1378 1069 1375 1419 1422 1385 1414 1008 1035 987 1398 1055
650 763 1470 936 916 1488 770 943 805 1406 636 773 924 1393 807 1409 947 955 1478 1445
893 1422 1030 620 698 912 900 822 1407 650 808 1032 1446 637 1043 1465 655 1435 911 676
