13 46 6 178 1370 164 125 1445 1372 80 1291 1276 69 1493 47 126 145 1460 50 149
31 119 1456 202 104 218 1276 175 1400 161 142 1473 80 1512 193 1498 156 100 214 60
83 229 405 225 45 1508 452 1504 19 231 134 269 1468 115 149 1479 220 266 444 277
443 715 411 487 771 907 511 707 472 768 814 654 655 890 687 850 642 549 679 750
72 1508 18 78 1467 110 88 24 29 76 21 116 104 1473 1486 1451 1474 143 222 79
739 794 732 447 456 923 700 477 787 894 927 648 604 766 520 432 686 666 618 875
1009 1053 1055 989 1075 1016 1093 1094 973 1044 1022 1070 1076 1002 1049 1018 1090 1036 970 1114
563 840 449 579 562 807 462 595 583 621 846 870 607 871 806 588 669 643 897 589
146 201 1521 191 20 3 15 261 185 186 81 450 421 1505 211 22 50 63 189 71
214 271 143 289 219 393 449 296 355 330 134 94 378 406 248 315 459 87 83 166
702 895 648 940 884 445 484 869 670 676 791 618 651 801 471 924 881 818 866 899
669 741 809 612 511 869 866 518 826 752 547 783 429 857 593 682 649 933 851 789
540 553 461 752 473 625 689 800 446 825 621 703 690 528 787 686 876 532 624 739
716 802 553 876 722 654 470 902 901 767 529 564 545 869 691 820 918 912 560 784
1273 1366 1412 1446 1179 1406 1193 1303 1472 1220 1409 1342 1170 1374 1417 1413 1287 1443 1411 1363
250 428 732 419 470 731 283 398 747 94 211 282 201 779 290 315 778 307 214 275
454 812 702 515 270 428 721 243 662 809 778 924 755 708 909 427 450 234 714 685
939 948 894 980 903 792 970 890 926 985 752 888 795 979 966 799 984 978 961 766
899 935 765 886 875 884 908 971 981 718 951 702 784 782 827 857 772 760 748 697
290 396 323 250 422 362 420 406 390 350 352 235 371 288 419 279 361 429 416 246
788 827 713 817 534 745 891 773 879 754 721 900 833 709 727 867 797 939 529 852
995 1079 1053 967 1061 982 1069 1013 976 1087 988 984 1015 1103 1028 1130 1133 1019 1134 1074
704 840 814 469 890 739 709 633 529 836 777 654 458 802 776 762 546 553 684 816
387 405 320 334 276 346 421 268 447 395 227 351 345 281 463 434 300 416 246 324
293 337 322 386 336 301 356 408 276 378 249 236 395 339 426 354 320 438 436 268
548 620 477 718 563 833 875 677 724 527 555 700 579 863 657 619 877 648 457 672
1202 1286 14 1374 1365 1295 36 1125 1330 1192 1226 1157 0 1243 1375 5 1133 1301 1155 45
539 706 753 774 807 835 534 705 489 892 882 565 523 799 788 870 704 675 540 823
100 214 457 54 411 4 116 175 0 231 142 246 123 94 206 51 268 187 168 435
35 1494 92 49 1469 152 143 90 136 1388 1502 42 128 1389 1473 80 188 14 52 15
63 1499 1488 185 27 1485 49 143 68 175 1451 176 142 34 134 1455 1471 67 1381 173
773 947 665 710 915 960 728 738 925 877 866 463 978 776 845 830 464 456 666 821
687 887 636 640 777 594 775 521 588 498 458 950 809 676 639 816 925 845 698 460
723 916 788 524 619 778 808 790 621 948 432 913 907 766 450 752 821 547 827 612
526 704 877 677 887 558 737 722 639 646 505 487 701 689 644 650 870 530 500 899
1049 1082 1012 1036 1066 1102 1126 990 1100 1111 972 981 1108 1004 994 1093 1127 983 1116 1122
70 88 20 1514 17 33 196 69 27 108 177 189 1466 58 165 145 54 144 105 171
853 879 741 655 692 682 512 464 641 676 863 643 507 645 780 654 647 687 460 550
449 772 693 932 793 486 851 779 785 524 763 648 778 728 936 874 847 522 802 667
402 423 404 407 260 393 269 747 187 327 442 356 209 324 310 753 387 306 333 446
1053 1088 1015 1096 984 998 1040 1141 1081 1112 1028 1058 1047 1030 1135 966 1020 1113 996 976
471 727 548 634 475 654 704 828 873 646 752 710 796 738 718 836 457 923 748 740
481 868 439 842 768 540 502 686 860 705 740 464 784 495 852 870 823 781 742 642
1182 1331 1229 1227 1252 1130 1275 1353 1208 1113 1299 1361 1225 1324 1131 1218 1309 1290 1135 1328
1172 1207 1281 1328 1140 1246 1185 1221 1252 1180 1308 1189 1213 1436 1119 1441 1150 1276 1292 1285
579 668 806 814 511 811 564 545 884 686 669 522 448 688 551 722 470 476 451 776
3 1509 1393 126 12 1494 47 95 156 73 86 115 66 44 116 1461 1506 1474 191 1486
1156 1202 1154 1212 1189 1385 1380 1160 1150 1187 1178 1281 1195 1137 1207 1197 1270 1384 1165 1129
44 172 229 1486 237 182 1388 221 1487 109 1443 173 222 1469 179 45 1286 25 87 240
1082 1100 1016 1127 1020 1036 1077 1124 1108 1083 986 1035 1065 1115 1044 1008 1147 994 1003 1063
773 848 763 836 759 860 456 559 467 447 663 921 445 500 545 475 896 760 869 635
240 405 308 175 269 90 189 300 142 182 416 93 322 138 413 259 95 446 327 449
80 1505 92 105 8 1380 175 78 174 230 1475 77 1498 156 93 0 1379 1384 200 101
85 239 142 25 424 178 112 56 165 272 37 269 433 417 66 184 161 212 285 190
50 160 1395 1390 21 85 1502 189 17 81 1487 1383 134 138 1457 141 3 1520 151 51
438 782 233 510 658 212 720 329 448 880 831 935 227 887 811 224 255 450 858 324
40 166 26 175 144 113 1493 1454 208 165 1496 1372 5 87 1516 1453 121 162 56 1472
1312 1346 1261 1283 1249 1167 1292 1353 1351 1362 1275 1234 1371 1159 1231 1163 1175 1297 1250 1263
1240 1283 1156 1380 1165 1172 1300 1155 1357 1133 1191 1189 1356 1237 1321 1162 1367 1192 1236 1355
1167 1282 1205 1123 1272 1307 1139 1121 1393 1388 1383 1319 1130 1314 1326 1363 1296 1357 1301 1154
238 254 134 142 92 243 396 214 233 441 143 216 138 413 212 458 207 450 455 115
717 775 904 444 773 767 489 552 740 888 629 729 460 705 545 655 681 461 917 668
1197 1355 1164 1446 1369 1438 1137 1270 1444 1165 1227 1301 1304 1410 1306 1148 1175 1235 1296 1178
1161 1194 1385 1368 1186 1158 1144 1298 1278 1330 1179 1178 1336 1323 1237 1238 1147 1143 1224 1297
432 463 742 490 718 206 688 489 189 301 700 798 229 837 844 455 207 257 793 703
539 809 687 451 786 729 636 876 487 471 529 751 706 458 597 551 659 909 521 735
473 653 831 561 594 586 631 743 557 694 518 588 795 660 710 870 838 578 446 729
53 1511 1374 133 164 30 134 1500 18 56 126 1504 1390 1496 24 1391 1507 1473 1517 38
486 691 492 529 641 668 607 855 878 770 476 546 462 665 599 479 766 721 616 522
104 205 83 111 60 426 68 106 73 54 175 180 37 22 84 49 187 259 1499 123
9 1491 3 108 1263 144 173 130 1493 1270 1398 82 92 43 52 174 184 1275 15 1511
1152 1161 1331 1220 1180 1125 1336 1205 1237 1178 1254 1171 1104 1111 1238 1248 1129 1210 1217 1138
110 189 91 232 238 153 247 126 45 86 195 223 25 75 161 1516 250 221 68 248
492 682 619 635 526 597 793 754 687 595 770 586 520 820 581 731 740 622 533 845
673 833 785 732 822 837 590 931 714 727 871 443 874 882 690 449 844 741 933 605
923 959 818 768 841 745 779 765 880 1036 833 770 751 848 930 936 925 1025 960 819
321 429 351 748 385 189 400 350 413 324 742 354 765 471 320 419 426 734 336 775
1422 1475 1399 1364 1471 1413 1427 1459 30 53 1393 1437 1468 16 1474 48 1418 37 61 1438
585 682 713 749 646 571 703 520 738 536 739 623 853 797 675 637 839 794 755 827
1287 1338 1355 1236 1261 1167 1339 1332 1286 1322 1154 1256 1221 1201 1323 16 1328 1262 30 1174
1279 1393 1494 35 1239 1376 1338 1359 1447 1271 66 37 1155 1335 1151 1471 57 1192 1387 1351
585 647 765 604 802 581 570 811 840 592 619 646 826 753 715 748 463 755 534 599
567 704 468 666 521 633 534 700 710 452 544 894 670 623 888 892 887 717 581 855
734 774 531 652 629 429 644 889 914 903 488 546 738 436 566 820 812 678 446 931
461 739 546 773 267 496 562 625 830 526 730 746 666 688 685 529 892 886 768 467
455 838 433 410 762 916 697 637 459 886 424 731 745 729 513 743 856 763 888 467
973 1055 1007 1015 1107 992 1060 927 969 1098 1110 1080 1058 934 1030 989 1097 975 995 1104
219 257 420 385 86 348 315 434 256 449 428 436 336 158 268 159 198 206 197 101
763 810 860 889 755 930 902 834 855 653 522 932 901 884 747 751 881 670 790 933
788 812 672 898 652 890 917 446 534 457 673 822 702 699 845 703 761 674 719 649
758 872 861 807 846 769 649 868 721 712 453 783 543 780 732 815 559 692 727 791
1413 1473 1367 1406 1430 1453 1480 71 33 1355 84 1521 1416 64 1457 38 1404 87 48 1356
916 949 959 729 834 799 921 933 937 928 792 901 869 972 736 825 823 913 936 910
1357 1452 1487 7 1517 1321 9 1213 1376 1437 1201 1480 1275 2 6 1244 1309 1242 28 1208
907 933 826 895 769 813 908 765 770 799 911 888 970 825 883 741 809 829 811 944
802 900 823 867 760 671 834 872 861 767 805 752 643 945 922 928 701 792 912 657
756 901 641 861 686 733 802 905 748 677 879 439 776 808 659 743 430 935 751 722
1105 1129 1180 1156 1188 1124 1179 1159 1101 1155 1207 1190 1187 1136 1049 1198 1086 1094 1044 1161
704 727 909 838 862 550 832 863 817 851 631 844 662 797 857 840 558 633 431 521
448 654 505 649 565 784 542 523 203 632 683 484 616 671 205 765 872 780 739 623
256 445 281 693 231 657 867 302 409 407 449 471 422 748 692 410 787 322 250 272
464 689 716 847 495 410 483 712 740 649 783 595 834 844 727 518 468 566 520 781
525 876 835 682 638 774 864 888 778 652 684 806 916 667 773 845 736 496 679 870
540 622 792 559 652 714 582 825 531 544 653 841 583 475 458 554 628 638 696 866
454 669 610 687 257 750 720 833 729 231 572 246 408 678 435 855 781 494 824 235
664 730 885 568 869 758 523 448 910 638 712 788 710 853 665 566 472 750 589 679
1018 1071 1110 1115 963 1040 991 1113 1060 1107 997 1096 983 1049 955 1025 1106 1029 978 1026
192 228 241 289 209 125 427 234 139 140 206 257 189 286 69 129 34 172 434 99
327 420 320 341 425 246 277 418 426 438 256 275 286 308 229 441 314 356 369 291
1456 1515 96 1394 1494 116 139 1431 112 1441 1360 1410 1427 138 65 103 1425 1486 1432 1455
6 1453 1476 100 1276 1371 95 134 1480 39 1477 1360 161 1274 78 1418 158 1518 1469 1488
554 723 470 842 513 889 862 642 717 668 829 866 655 822 471 789 615 909 447 828
1030 1063 978 991 1025 1080 1010 964 1009 1018 1005 1110 1016 1027 1107 1105 994 963 1001 993
763 930 809 729 837 685 933 900 927 721 962 963 947 939 858 891 710 534 975 825
18 1486 55 1457 1460 1453 1275 175 80 1391 6 1378 1499 140 1503 102 41 1471 1368 1304
297 339 269 247 321 367 378 354 366 435 408 380 419 346 420 364 245 254 234 403
461 482 652 854 762 502 798 756 838 724 844 750 662 722 692 784 533 535 703 409
634 719 674 527 902 786 898 819 630 910 607 746 743 557 824 700 605 896 600 586
1224 1335 1202 1325 1147 1383 1365 1143 1347 1357 1260 1302 1392 1258 1289 1296 1171 1168 1288 1336
277 440 234 216 332 232 467 778 775 755 530 365 534 736 327 396 418 845 426 222
824 933 533 882 910 454 756 453 895 903 812 798 783 970 753 694 973 814 930 793
9 1497 1505 45 1474 1441 1463 1379 1459 173 1439 19 1494 103 178 121 1293 1389 1276 44
1395 1441 42 1404 1278 1509 1414 1227 46 1352 1435 1462 1485 1476 1514 21 60 1382 1483 1372
66 165 1373 112 1467 166 100 220 104 65 74 47 72 29 80 172 25 140 1391 111
262 397 235 299 432 426 341 460 263 228 340 288 380 369 227 382 301 417 215 353
18 1398 152 129 1268 79 63 172 186 182 44 118 1501 1292 173 57 1458 1493 1496 120
30 1410 151 62 1521 133 191 98 171 187 113 1370 1356 1373 1461 1362 1502 131 1408 1352
559 743 445 647 633 655 573 687 855 651 513 640 800 613 911 557 480 782 602 927
1367 1423 1374 1301 1360 32 25 1209 1350 1283 1244 13 1408 1245 1361 1264 1375 1383 1205 1416
484 688 640 472 446 611 657 450 597 668 628 849 588 598 552 845 699 641 868 553
191 223 112 7 199 51 39 79 11 16 419 22 413 29 408 43 258 434 168 217
650 765 565 920 764 724 825 629 613 897 696 722 687 773 428 816 628 877 782 768
26 1450 110 1455 1514 2 57 1522 1410 132 1363 19 1390 136 98 125 1498 88 31 21
576 652 730 760 542 646 471 879 769 817 535 613 544 691 660 750 590 551 862 771
1379 1506 1462 1350 75 1477 80 1225 1484 7 1278 1415 1456 1261 1410 87 1271 82 1482 1420
1231 1379 60 36 1458 1259 1407 1459 1448 1176 66 1272 1198 1288 1442 1467 1478 1356 1209 1324
132 1513 1514 167 214 119 1519 24 218 1452 52 63 1465 130 1482 191 110 1474 198 178
1205 1322 1223 1128 1338 1227 1170 1383 1143 1212 1323 1280 1286 1281 1218 1365 1354 1148 1229 1162
15 132 1476 201 1366 1493 1294 169 173 230 40 31 1469 1480 33 140 1277 1518 1 1490
272 380 357 213 431 356 227 378 391 332 439 347 417 330 379 387 452 344 434 276
703 816 681 873 447 560 868 478 467 783 813 557 545 722 632 734 644 635 797 458
1254 1352 1246 1373 1425 1296 1269 1375 1279 1230 1399 1250 1240 1253 1162 1428 1204 1368 1369 1288
278 382 300 340 387 330 357 420 220 393 294 230 251 352 254 263 338 301 289 236
475 682 759 615 818 578 852 722 487 446 745 540 755 696 809 532 766 474 885 782
671 775 613 510 518 483 462 457 491 674 894 599 524 754 559 871 695 663 649 879
489 709 704 736 632 563 694 750 739 864 473 560 716 757 870 726 835 493 727 723
304 389 322 267 320 331 380 413 417 234 422 290 354 434 370 326 367 256 301 441
330 363 418 442 400 429 412 249 364 282 245 257 419 352 265 283 338 246 255 389
112 1510 113 68 1472 1384 154 183 69 60 242 207 3 15 1520 51 167 222 85 1519
1379 1407 15 69 1256 65 39 1388 1371 1230 1435 1243 1228 1274 28 1376 1272 1229 1244 1360
