187 226 153 145 186 242 42 37 2 109 248 56 22 172 97 231 230 160 233 192
58 266 5 237 26 199 54 176 71 194 25 39 197 257 235 247 167 45 239 223
91 100 142 191 144 94 159 137 105 113 76 227 249 74 107 92 129 120 232 212
85 209 224 70 163 195 173 27 63 112 66 253 104 214 182 75 197 143 62 132
213 244 255 179 228 238 12 127 97 74 193 260 198 15 254 9 157 125 116 203
117 199 222 114 234 136 121 78 79 106 107 132 202 112 225 93 162 233 0 161
37 209 136 180 11 91 243 52 199 220 98 191 21 116 72 204 187 166 242 167
61 225 27 174 134 80 243 177 144 8 94 197 164 227 70 88 224 262 100 166
41 267 243 229 57 9 78 250 218 71 236 37 262 64 209 268 38 222 36 22
83 162 246 50 143 112 24 23 13 136 119 236 211 5 81 110 57 42 254 163
67 246 56 217 97 200 219 88 61 146 186 210 42 92 24 178 218 263 68 63
198 222 182 45 35 227 64 55 200 97 133 83 105 80 146 238 19 43 13 185
200 235 52 208 82 130 233 107 63 210 123 226 201 122 125 197 264 21 48 9
22 53 243 33 230 54 26 219 25 247 80 35 176 222 224 175 32 84 73 67
14 264 33 257 63 162 18 156 152 24 66 40 150 46 233 32 236 37 239 30
38 164 59 183 0 53 72 63 137 236 172 240 134 79 201 184 207 251 91 83
53 75 137 233 216 28 198 230 13 218 60 268 9 5 24 238 186 46 178 255
230 261 21 81 173 116 142 218 146 180 35 87 95 210 78 103 59 44 182 74
42 238 266 15 153 91 114 63 129 207 253 220 145 8 142 60 237 57 188 216
74 185 47 160 174 95 217 58 53 221 258 92 63 50 228 219 37 260 46 83
76 220 141 118 203 157 111 181 39 164 189 64 82 245 48 83 193 230 212 185
129 195 52 105 152 81 242 120 95 123 175 146 84 141 136 196 32 125 241 91
137 226 211 140 179 186 150 162 110 248 215 261 214 224 253 66 207 142 265 119
83 246 9 212 55 198 3 260 175 227 191 116 166 225 237 266 196 50 247 194
163 181 205 251 223 5 219 228 87 152 67 19 55 4 60 16 180 241 221 143
82 99 198 62 150 138 48 238 140 46 109 240 94 115 73 96 130 51 139 66
109 218 241 242 196 55 147 134 47 200 184 102 84 37 21 14 91 96 48 110
66 207 80 177 95 268 248 182 74 110 244 215 86 253 166 19 59 246 226 196
92 242 145 112 49 142 81 113 130 237 23 90 26 65 233 28 201 2 100 165
73 136 38 225 169 253 226 35 139 269 122 121 190 182 233 44 47 115 214 221
50 176 213 206 265 157 211 268 72 224 7 258 86 164 30 4 215 65 55 24
71 265 80 240 166 234 152 11 20 217 260 180 36 181 165 177 61 47 187 142
77 167 46 37 142 32 49 214 35 90 255 249 250 203 40 99 87 154 150 79
107 207 98 150 182 111 21 102 66 31 203 115 119 172 23 139 134 27 161 86
64 249 30 35 1 89 191 255 77 165 168 29 171 158 25 147 7 180 186 239
26 152 94 0 175 258 38 109 186 34 192 246 76 60 39 172 267 128 244 264
174 205 139 202 68 198 165 79 226 113 215 153 185 156 216 46 67 240 89 123
143 237 101 196 30 234 125 106 147 169 255 239 72 158 98 47 20 210 12 165
6 57 35 66 84 70 163 156 217 30 256 254 13 68 201 164 5 16 227 253
76 192 177 212 138 128 113 73 112 210 170 209 157 124 79 69 99 250 181 195
21 259 56 258 239 66 64 43 231 249 227 42 234 73 247 20 61 60 5 216
23 66 195 255 259 241 177 183 265 53 12 24 250 248 170 192 224 88 247 194
164 178 81 59 51 22 203 88 95 67 208 132 82 229 217 52 142 148 50 249
83 227 180 65 130 163 176 29 175 126 153 236 70 90 255 81 3 171 54 68
4 266 263 249 22 268 62 255 15 240 242 16 156 11 227 54 39 35 244 67
73 204 99 177 225 183 129 196 227 212 239 229 141 65 167 163 89 102 90 200
128 203 70 238 94 85 146 154 92 137 75 156 193 50 136 69 63 83 163 80
109 196 131 128 111 211 112 110 101 149 95 174 88 158 129 243 32 235 98 57
32 219 120 247 254 12 52 169 185 28 21 71 159 116 205 61 129 115 48 191
153 234 245 135 156 138 256 242 57 219 97 84 176 76 46 213 224 8 25 128
133 198 155 139 176 85 95 28 227 117 40 61 163 201 160 214 173 65 194 128
170 212 31 38 84 33 100 123 230 168 152 59 186 46 210 185 128 22 82 52
200 231 153 149 268 42 228 95 82 69 88 60 35 193 2 39 174 66 77 189
52 173 159 171 250 234 13 211 4 251 178 176 154 18 68 206 196 32 215 208
14 244 230 26 46 61 255 176 152 237 239 216 261 174 52 85 247 161 175 218
105 141 204 76 113 150 155 190 212 95 124 135 94 217 196 197 157 85 142 205
6 59 188 191 161 229 214 213 258 268 168 83 82 182 58 37 267 41 159 259
40 199 197 172 89 65 179 44 33 156 170 224 105 102 88 13 43 72 8 178
46 220 13 219 170 81 18 78 25 20 100 9 239 218 93 127 65 176 159 125
178 236 99 123 257 177 133 120 100 210 193 176 251 157 28 175 246 69 172 73
4 32 244 248 220 155 35 165 242 160 258 197 264 55 9 204 227 269 212 236
71 176 170 204 189 215 248 202 67 210 91 11 167 50 254 37 64 36 140 164
168 214 224 237 101 30 157 244 111 235 198 19 71 46 172 18 126 187 238 155
113 206 78 107 179 141 161 182 170 147 127 226 37 75 190 36 52 32 64 202
56 180 176 264 261 16 216 27 156 75 5 20 50 160 48 263 250 256 76 32
40 263 33 155 228 194 250 210 262 160 72 22 225 199 203 267 162 28 269 196
115 223 118 129 61 170 25 76 155 236 48 239 249 28 240 114 98 196 228 247
68 161 1 171 26 160 104 262 34 164 78 94 207 205 32 190 187 211 138 216
176 234 159 50 178 42 236 131 126 101 15 144 139 215 87 248 31 238 86 138
114 158 80 133 71 126 89 17 117 118 8 87 125 120 0 211 176 6 160 210
62 157 193 88 216 217 229 3 5 128 184 56 22 169 52 200 132 1 188 58
32 246 9 37 165 8 225 89 97 45 242 149 250 14 33 94 170 199 257 260
107 145 114 105 233 74 197 115 170 106 169 110 67 95 97 124 244 80 223 93
57 214 102 108 179 222 61 141 211 23 209 45 162 136 55 27 197 130 93 157
89 226 92 234 160 230 221 101 51 40 169 227 106 243 144 14 253 212 187 127
35 162 142 236 180 47 260 135 269 217 130 172 164 59 14 202 199 69 230 122
32 258 33 155 196 198 197 217 13 211 248 18 209 237 222 214 4 65 17 151
96 134 232 136 129 85 104 103 145 87 216 127 154 111 161 194 190 240 99 158
198 231 221 101 97 45 244 190 127 144 115 243 209 87 188 19 56 141 18 200
30 219 124 95 152 172 57 209 244 52 115 31 53 24 38 197 226 16 189 19
30 206 138 65 190 248 216 247 51 229 212 159 103 116 120 57 95 231 19 70
148 208 173 84 40 164 114 52 18 242 140 20 50 190 27 43 37 237 47 127
41 240 103 96 141 10 247 70 137 255 17 178 24 87 29 28 60 67 111 263
25 203 52 156 99 100 154 117 175 231 234 180 238 170 220 229 265 40 244 33
94 131 137 198 112 162 225 153 109 156 221 207 99 89 90 96 158 240 147 231
149 189 140 138 192 168 119 58 233 216 175 57 139 93 231 2 209 63 89 181
28 56 164 4 180 197 260 210 75 59 61 174 264 220 241 166 233 165 206 84
51 210 1 114 35 256 260 157 216 78 196 84 243 86 28 6 204 170 261 219
18 156 176 97 73 153 205 111 166 67 60 27 137 114 229 75 50 253 49 167
110 237 186 146 227 137 42 119 31 16 185 234 84 215 252 217 269 161 236 122
49 249 192 92 209 228 179 34 181 7 60 68 263 260 90 202 241 170 78 201
123 151 28 220 127 225 192 41 245 137 92 27 184 213 69 182 70 111 8 15
41 163 21 160 100 260 92 167 244 195 36 256 229 23 6 137 81 139 141 102
187 219 146 102 12 228 60 3 13 206 203 53 65 107 15 226 47 173 2 131
224 247 199 144 233 235 85 176 16 55 177 116 191 269 186 202 124 45 8 232
23 67 256 151 82 45 253 184 49 147 182 89 237 177 216 183 28 9 44 230
24 254 232 11 58 208 216 159 241 200 18 202 222 43 253 22 52 237 264 160
94 167 210 66 224 110 32 125 106 105 75 235 168 102 212 191 148 241 220 250
143 221 196 174 39 68 37 14 0 156 13 129 76 104 97 195 142 226 75 171
119 158 143 35 128 74 18 50 64 108 99 174 235 21 226 225 139 210 39 113
24 234 124 177 221 226 174 239 40 136 191 158 113 146 261 135 71 42 21 37
66 211 116 84 31 260 85 221 137 9 160 97 182 75 175 113 39 109 218 165
209 226 19 81 38 141 174 199 217 95 29 119 58 168 14 23 189 202 214 75
152 171 101 229 110 169 75 121 57 208 207 245 1 143 181 160 187 241 199 139
43 79 137 132 136 76 248 11 109 229 70 205 172 191 107 193 1 198 91 204
61 263 167 53 152 177 214 230 28 255 1 239 73 221 46 65 186 63 5 251
177 215 195 101 75 93 160 51 42 114 121 113 222 36 46 53 120 202 15 49
37 257 231 216 151 7 52 12 238 253 35 45 155 221 56 234 53 243 222 241
81 256 56 163 68 173 139 252 49 146 235 108 225 148 44 13 141 126 89 130
69 244 201 97 158 65 253 255 197 93 19 229 178 262 81 94 250 222 70 231
81 135 177 254 159 251 171 208 45 233 59 140 108 255 147 203 239 58 131 75
77 211 86 169 253 194 135 175 30 234 161 46 221 73 60 146 61 226 219 116
26 258 212 224 226 12 51 249 55 244 162 247 222 10 227 263 152 8 163 61
14 262 221 54 162 257 33 232 265 218 267 253 255 45 250 61 26 70 222 17
33 268 164 244 219 261 213 251 22 201 162 262 73 63 1 223 17 61 2 205
142 157 222 29 62 113 217 230 101 207 88 184 240 95 1 0 18 122 223 211
210 242 262 70 31 124 234 16 15 179 190 189 169 268 235 82 230 56 211 263
85 211 208 103 137 36 115 170 156 81 245 243 138 120 32 48 74 167 83 72
162 246 152 156 153 232 106 177 110 52 137 13 57 94 223 175 58 141 129 265
109 234 254 21 5 114 174 88 6 170 197 47 206 175 246 172 25 223 105 187
32 67 177 197 77 6 68 251 254 228 19 258 170 235 14 92 153 48 173 83
97 207 111 243 132 193 124 162 22 161 238 57 48 93 229 148 52 125 146 107
146 165 237 111 145 80 116 149 191 249 204 55 100 142 34 252 90 154 108 206
80 239 177 267 251 109 61 67 252 68 0 129 220 9 246 147 269 188 157 194
156 176 169 14 207 141 122 159 165 216 188 36 0 193 242 171 111 53 80 28
25 211 66 90 263 84 144 250 201 39 26 173 76 37 268 238 58 120 124 99
29 48 221 20 80 202 269 218 239 60 266 216 204 21 232 0 238 54 159 2
111 136 206 225 158 239 76 161 116 214 209 217 117 95 98 228 108 235 197 147
9 60 82 193 46 264 53 15 258 265 208 240 162 228 259 59 30 48 261 188
2 71 262 237 158 96 31 181 80 63 227 10 250 154 188 228 234 28 160 239
10 59 213 33 240 8 263 221 203 47 78 268 22 217 246 45 214 212 182 218
62 159 45 4 237 195 32 158 208 189 123 87 214 163 130 63 176 246 65 111
105 209 136 19 117 183 20 123 224 177 237 207 244 34 137 219 160 80 107 144
58 69 144 88 160 210 36 227 198 229 82 232 6 49 200 162 76 254 213 158
225 268 23 31 101 77 184 197 82 67 269 93 46 76 216 94 210 241 53 10
180 202 230 159 46 60 171 203 200 105 233 73 32 169 121 165 25 208 222 217
83 121 246 72 98 48 56 229 238 234 66 142 70 222 181 117 233 164 218 128
52 260 257 30 32 54 170 164 226 82 255 20 33 18 57 227 228 69 176 27
94 240 39 223 72 148 244 6 24 178 73 49 27 228 131 266 224 248 83 199
91 142 119 235 145 155 136 149 77 153 164 95 89 163 199 101 237 126 225 131
54 79 213 103 235 257 2 167 0 181 190 32 173 11 94 59 229 236 58 85
9 158 134 79 25 97 177 95 120 172 71 117 84 268 50 49 128 137 260 162
74 241 263 34 209 206 249 166 180 252 163 20 27 131 231 199 233 258 201 259
186 241 164 210 192 83 239 178 27 63 11 248 148 233 145 5 227 66 111 18
27 250 248 253 162 38 81 54 49 166 65 24 269 60 90 3 218 7 12 168
76 161 50 208 131 155 139 43 115 53 175 199 150 166 156 24 93 229 177 214
3 54 199 84 203 164 263 231 18 245 189 191 72 38 33 184 19 181 158 218
46 212 90 78 200 125 164 15 101 1 88 216 175 56 69 31 28 99 221 9
76 178 155 72 223 79 179 230 59 57 165 87 55 70 77 233 157 148 74 196
82 106 151 79 110 216 175 205 67 253 134 224 200 57 66 182 156 85 192 101
