679 696 761 812 707 655 617 623 705 799 806 594 791 716 762 670 789 353 562 788
447 576 725 6 303 787 512 284 11 251 441 212 220 157 574 5 150 572 181 511
404 521 300 259 351 274 560 243 561 139 383 578 471 249 378 333 225 341 398 56
1867 1910 1805 2010 1826 1860 2117 2097 1870 2070 2066 2036 1924 1921 1902 1815 2078 2119 1886 2082
788 1180 825 577 798 799 793 614 1205 815 620 1173 821 1185 639 800 677 1189 765 1220
1206 1245 1004 923 778 1304 1122 1189 798 870 922 1043 1200 834 874 1058 795 1017 913 885
186 410 294 457 157 15 180 449 516 39 45 400 323 329 535 210 26 407 152 536
2050 2174 1827 2092 2199 2054 2100 1992 1891 1847 2203 2030 2152 2081 2088 2202 2220 1962 1837 1829
210 396 375 431 517 536 171 409 347 37 371 265 610 489 270 7 351 38 302 559
859 874 1058 1046 1033 1044 921 925 1019 1276 848 1227 1242 889 879 1258 1039 838 1233 918
12 378 86 14 179 618 525 473 441 205 437 268 558 70 733 263 228 304 155 222
818 1258 871 847 1005 651 636 1031 1067 826 632 791 919 691 650 920 1036 779 865 924
884 1004 860 1016 1009 1245 924 957 956 928 1241 1233 904 896 1259 953 1256 1266 1023 1038
295 431 558 441 15 626 444 369 595 378 183 569 413 304 563 590 759 746 230 489
34 196 477 359 541 180 301 147 246 504 356 135 498 157 267 456 517 296 414 219
572 735 602 706 712 734 297 303 415 337 544 621 385 610 341 718 335 257 628 400
571 779 667 653 707 436 538 1296 615 281 407 561 560 357 393 377 1164 757 410 665
1395 1434 1328 1404 1456 1382 1378 1346 1408 1349 1422 1420 1374 1392 1389 1364 1405 1355 1369 1342
695 767 785 624 723 560 799 716 1173 625 1315 364 734 744 720 769 621 1189 791 638
851 879 1021 876 929 1243 893 825 909 925 919 1269 823 906 1228 1052 891 1037 824 886
2484 2513 2491 2411 2501 2394 2431 2405 2449 2476 2415 2492 2463 2403 2433 2439 2505 2388 2421 2446
1715 1736 1750 1716 1709 1747 1601 1717 1768 1774 1636 1634 1597 1756 1650 1760 1629 1712 1765 1602
144 490 105 147 442 92 477 185 93 163 19 181 518 131 15 96 151 88 504 10
2426 2485 2482 2425 2455 2382 2428 2501 2372 2500 2383 2520 2404 2374 2386 2495 2375 2436 2423 2521
1334 1377 1374 1160 1343 1364 1340 1371 1421 1332 1392 1325 1360 1391 1370 1345 1393 1358 1361 1447
573 752 542 378 1155 552 729 756 690 290 396 440 687 260 609 1310 1169 696 389 377
2007 2146 2066 1937 2046 1476 2069 1842 2189 1885 2010 2137 1465 1902 1473 2056 2024 1832 1958 2061
145 528 119 115 280 64 15 9 128 198 464 113 259 197 581 75 193 358 500 2
985 1043 987 982 977 1248 996 1028 924 1038 965 848 1224 1238 878 1004 842 1267 903 858
256 420 177 270 2349 183 0 2319 531 320 434 242 321 512 576 263 2274 13 359 308
253 431 550 315 168 307 528 2283 173 576 472 199 2288 21 395 424 209 498 2325 3
522 547 571 409 402 399 200 530 580 267 48 587 517 318 494 450 148 139 582 591
2383 2435 2446 2521 2364 2379 2351 2427 2337 2300 2490 2481 2271 2266 2512 2386 2478 2466 2522 2392
367 460 0 625 338 400 463 407 427 56 420 456 34 563 335 29 19 505 599 396
98 515 540 46 92 51 439 426 153 524 4 144 125 213 82 388 393 197 336 178
403 562 545 376 317 604 379 17 466 607 710 291 741 728 302 221 262 693 520 645
242 380 2337 207 2318 2298 730 296 559 2341 577 560 430 2292 282 385 264 2287 334 597
2061 2162 1927 1472 2058 1903 1931 2083 2165 1876 1824 1910 2053 1845 2150 1892 1936 2080 2051 2072
824 1243 1033 1206 1187 872 903 773 1252 1010 1031 918 1022 1060 1017 1050 910 1071 890 1297
901 1041 995 1036 920 888 860 1260 909 972 1242 1053 1069 861 863 847 1248 884 880 1064
195 522 333 408 474 255 383 219 553 473 146 454 486 368 180 419 496 523 220 217
1218 1256 1005 1184 1046 1022 1276 1258 1214 1182 831 1081 874 1044 1273 867 1205 1146 816 1301
2272 2298 231 2372 2242 2385 2290 2257 2306 2404 2308 2270 2241 2354 2324 2310 2318 2315 254 220
519 529 500 468 252 397 149 546 544 258 473 276 440 329 339 466 29 576 177 39
8 286 408 319 71 588 604 64 344 187 193 267 517 56 24 262 590 593 562 374
185 313 406 348 735 334 397 435 332 303 55 183 607 165 26 296 601 190 267 382
1468 2151 2132 2155 2098 1528 2015 2060 1956 2011 2084 1513 2117 1532 2079 1998 2101 1999 2197 2180
2244 2315 222 2354 2306 259 2365 2314 2364 2232 2361 2352 248 2381 2334 2311 2262 243 2256 246
566 591 201 375 260 635 451 381 335 749 369 655 213 349 786 645 411 266 557 380
1530 1570 1540 1468 1572 1498 1758 1574 1788 1602 1465 1482 1778 1542 1524 1619 1604 1624 1554 1518
828 1064 1057 1209 636 1214 1292 856 1053 866 821 1045 1215 780 1123 1204 622 1271 1023 847
1961 2119 2111 2003 2172 2179 2036 2093 1950 2065 2169 1914 1907 2041 2128 2030 2046 2118 2004 2014
2144 2204 2153 1480 2143 2071 2116 2100 2227 2125 2205 2240 2061 2112 2029 2050 2196 2126 2145 2203
1144 1304 1301 1283 1197 753 1151 1198 1170 1217 1157 1210 1319 1334 1323 1293 1271 1180 1176 1140
752 1306 787 1282 327 1174 1333 676 1284 674 367 1180 1202 1297 564 628 1292 606 778 1197
550 624 526 351 463 601 261 263 301 525 410 406 334 583 367 609 404 827 407 693
60 106 26 4 523 118 467 103 21 1 525 47 519 96 78 73 133 174 477 497
127 161 71 130 25 491 57 440 482 76 194 487 499 456 510 162 74 175 506 146
174 430 381 477 462 404 99 482 513 401 431 459 402 451 312 373 489 444 337 499
1900 1907 2118 2038 2110 1809 2069 1990 1952 1839 2032 2033 1924 1965 1923 2102 2068 2031 1849 1997
1652 1768 1783 1693 1604 1696 1697 1654 1620 1621 1644 1556 1574 1715 1706 1723 1577 1673 1642 1777
363 617 277 344 585 814 525 427 300 276 449 274 361 581 198 529 408 554 722 801
585 722 582 683 615 529 637 675 287 702 668 293 320 418 666 791 346 273 587 265
1147 1307 1130 753 1139 1199 1314 1214 1183 1284 1200 1201 796 1132 792 1122 1131 1279 1306 786
1872 2020 2051 1942 2050 2154 2111 2082 1854 2175 2022 1920 1841 1903 1882 2174 1824 1852 2052 1866
540 579 348 400 459 222 655 513 323 182 378 597 329 363 187 402 2 252 641 705
812 1226 1180 854 611 711 818 1080 1069 1043 719 1182 699 739 1051 624 796 798 738 793
1480 1532 1462 1473 1562 1533 1466 1575 1515 2129 1468 2143 2130 1443 1566 1499 1521 1547 1465 1519
650 710 794 667 781 600 584 296 823 552 701 297 719 677 564 700 355 626 711 365
8 455 387 203 188 493 29 249 173 255 248 452 26 328 200 339 207 210 405 506
114 501 458 508 12 526 171 39 25 452 502 530 17 116 159 66 493 65 489 135
23 428 361 315 591 577 373 141 565 258 289 74 568 224 559 493 452 528 588 78
1810 1877 2042 2041 2036 2039 2034 2007 2045 2074 2048 2069 2043 1820 1840 2024 2058 1880 1886 1805
2382 2394 2483 2351 2377 2334 2365 2378 2270 2513 2427 2289 2428 2284 2259 2343 2420 2471 2525 2371
286 564 237 210 285 310 398 222 465 663 240 545 615 326 770 392 361 4 294 288
955 974 989 889 893 1033 1000 1012 924 993 1001 1032 929 981 888 1025 1018 1028 1017 909
2061 2129 1892 2114 2180 2156 1940 1870 1893 2018 1808 1934 2153 2086 2064 2005 2104 1495 2163 2044
275 451 50 331 200 208 578 185 364 577 553 182 473 570 427 4 581 519 557 6
1850 1906 1931 1925 2059 1926 1899 1838 2050 2113 1942 1913 2095 2038 2023 1938 1919 2066 1884 1939
1961 2099 2086 2080 2116 1901 1946 1899 1959 2170 1819 2178 1860 1850 2023 1992 1835 2119 2059 1832
2253 2382 2392 2256 2287 2339 2419 2241 2366 2279 2245 2385 2372 2263 2442 2250 2386 2238 2330 2252
870 1049 1048 823 1036 1092 1276 1035 999 853 926 995 1015 889 891 1019 924 914 864 929
2453 2513 2457 2458 2439 2478 2402 2454 2471 2386 2488 2480 2421 2536 2398 2447 2410 2460 2412 2490
626 746 743 815 656 547 591 655 728 653 305 329 612 801 592 647 587 565 800 368
2243 2285 2330 2267 2392 2398 2250 2292 2371 2219 2248 2242 2388 2207 2309 2254 2337 251 2289 2336
1095 2535 2521 2425 2537 2561 1121 1126 1087 2542 2518 1081 1050 1089 1127 2552 1091 1109 1120 2422
79 156 498 188 23 86 522 481 20 131 182 68 26 119 451 479 8 73 104 21
637 693 663 353 802 820 549 763 794 582 669 834 358 615 807 580 761 780 728 677
268 550 302 369 217 389 568 748 455 276 362 725 184 242 291 339 321 519 178 247
365 744 774 680 423 268 321 254 724 618 324 599 808 296 584 525 466 691 756 270
869 1267 874 1028 805 910 1286 909 844 1280 1082 1049 1217 908 1084 928 1250 886 1218 855
398 530 262 319 253 207 486 498 174 323 245 242 514 516 351 425 594 5 318 547
924 986 876 916 900 1243 889 999 969 879 891 971 954 994 911 923 881 1248 884 877
241 362 629 227 285 385 315 522 536 2339 364 707 617 263 409 720 394 445 439 188
167 436 94 210 247 59 343 560 5 452 2 9 156 357 404 513 407 441 553 132
223 261 570 263 195 2277 2292 577 419 2304 440 292 282 325 453 380 189 2301 451 382
249 2310 228 350 448 225 2346 219 315 386 2 387 9 291 419 227 2344 384 325 278
2091 2123 1892 2081 2057 2038 1898 1819 1812 2149 2055 2023 1960 1846 2093 1807 2131 2067 1830 1948
1171 1279 1306 815 838 1061 1141 778 803 1226 1067 783 785 1309 1228 1261 1259 1257 801 1313
127 501 147 487 123 154 57 150 157 138 516 24 450 101 151 500 124 82 436 426
135 504 464 54 13 41 86 118 434 26 488 432 38 146 130 77 171 66 440 438
78 491 81 47 503 485 128 497 471 147 39 495 177 14 65 101 430 9 436 12
440 585 314 351 310 758 283 174 211 347 432 405 791 298 34 764 289 12 757 515
1628 1708 1651 1734 1777 1657 1643 1764 1728 1726 1593 1756 1775 1779 1607 1776 1699 1765 1720 1560
784 803 1220 644 632 1173 1190 665 1193 707 783 662 1226 1189 717 672 711 1228 809 813
2 511 181 462 73 437 109 244 262 81 376 3 64 120 541 256 245 390 380 268
2377 2407 2285 2406 2496 2283 2382 2245 2428 2366 2244 2275 2333 2256 2376 2493 2423 2276 2351 2297
345 724 409 532 382 648 631 304 623 466 556 218 769 692 581 402 351 606 767 386
1117 1281 803 1252 1070 1116 833 827 1196 1178 796 1138 1140 1305 799 800 1248 765 1164 1085
2039 2085 2173 1836 1945 2171 2025 1809 1825 2030 2166 2142 1832 2055 2043 1851 2160 2165 1889 2013
263 344 191 335 2342 326 379 247 226 225 554 406 255 179 218 575 523 10 380 397
2071 2092 1991 1902 1887 2136 1965 1893 2109 2164 1876 1949 1929 2089 2112 2061 2123 1993 2031 1936
184 269 13 280 387 219 499 298 475 303 262 18 375 395 404 405 558 6 380 301
14 534 459 483 267 380 72 287 209 23 492 294 538 579 496 353 489 565 201 217
1826 2070 1900 1934 1956 1931 2122 1853 2045 2072 2052 2027 1830 1939 2053 1863 1919 2017 2118 1944
20 404 441 229 498 429 516 52 212 261 195 560 508 576 151 230 69 543 152 178
1852 2068 1925 1857 1951 1945 2038 2067 1940 1944 2140 2084 1899 2050 1912 2128 1856 2091 1878 1870
1666 1759 1613 1659 1711 1740 1687 1713 1785 1564 1657 1580 1609 1634 1585 1674 1620 1624 1709 1607
2432 2449 2459 2525 2388 2466 2456 2461 2517 2412 2416 2482 2420 2377 2469 2390 2467 2484 2495 2391
774 1192 807 1158 1290 638 654 1138 728 815 1206 1300 1278 1231 1295 1317 758 755 694 676
62 498 443 512 92 80 182 455 150 452 24 83 509 40 446 154 25 515 76 119
376 441 41 273 314 587 350 179 728 573 508 431 306 317 474 17 371 458 206 281
1264 1283 1205 888 1296 894 779 1185 1218 800 761 1148 1157 884 1226 1290 805 826 848 1069
1820 2080 1909 2015 1919 1834 1999 2119 2156 1793 2065 2128 2067 2030 1803 1796 2012 1944 2141 1936
1820 2059 2145 1796 1938 1945 1874 1929 2143 2053 1924 1805 1891 1864 1804 2080 2052 2108 1843 2050
2312 2364 2390 2244 2397 2357 2305 2294 2252 233 2226 2331 2261 2229 245 2270 2396 2348 2247 2387
893 1025 1072 1000 845 993 979 952 1015 911 844 957 1238 1248 859 1067 965 852 927 1240
2125 2167 2079 1951 2109 2095 1946 2071 2065 2148 2181 2136 2038 1943 1942 2170 2163 2117 2122 2210
1548 1560 1542 1618 1499 1609 1769 1787 1497 1593 1547 1589 1764 1790 1770 1503 1569 1525 1527 1541
2398 2417 2529 2261 2381 2278 2349 2378 2303 2334 2485 2360 2426 2444 2345 2393 2341 2294 2389 2282
1899 1992 1941 2134 2045 1945 1912 2164 2173 1959 2012 1914 1822 2077 1821 2144 1876 2159 2034 1964
204 490 85 119 541 473 456 476 155 317 565 430 162 559 207 571 539 279 482 570
1929 2056 1949 1933 1876 1898 1824 2138 1904 1825 2087 1837 2119 1919 2171 2082 2005 1884 2112 1833
246 2324 195 9 253 374 2242 180 537 424 311 2243 396 335 538 6 339 422 227 371
177 490 43 189 39 263 59 420 424 44 160 346 425 25 410 391 56 533 73 427
2070 2122 1918 1815 2198 2149 2084 1808 2111 2075 1940 2191 2035 2082 2010 1992 2164 1827 2091 1814
2251 2313 2368 2320 2335 2333 2326 2274 2357 2278 2346 2342 2332 231 2364 2241 2252 2243 2209 2298
100 126 494 153 148 173 123 483 96 492 146 142 122 42 72 176 117 50 478 95
759 785 582 1147 788 1188 784 663 604 1207 1189 716 621 1218 1203 601 1148 719 1156 668
1638 1724 1689 1720 1705 1579 1591 1766 1590 1718 1600 1627 1586 1691 1646 1698 1693 1654 1602 1650
1960 2063 2075 2093 1847 1858 2069 1812 1879 1876 1825 1857 1820 2123 2114 2077 1861 2176 1916 2142
1119 2522 2479 2463 1122 2473 1290 2401 2418 2394 1117 2443 2397 1066 1095 2393 1083 1112 1109 2460
179 208 571 511 371 78 495 384 48 450 269 265 236 242 81 422 493 152 65 17
1570 1785 1574 1788 1589 1802 1565 1596 1627 1783 1628 1799 1633 1595 1760 1762 1794 1585 1583 1594
1759 1778 1606 1748 1661 1762 1701 1633 1622 1684 1568 1581 1705 1709 1697 1737 1751 1749 1570 1589
2136 2176 2079 2040 1966 2088 1956 2219 2090 2008 2083 2019 2080 2167 2222 2227 2194 2003 2135 2098
644 716 773 316 314 358 325 750 799 830 324 683 720 599 552 811 835 726 804 766
1994 2087 1993 2155 1934 1929 2000 1923 1819 2173 1802 1919 1822 1913 2116 2040 2170 2067 2083 1948
786 1286 1301 1242 1225 784 779 1207 1112 640 690 1281 1171 580 1312 611 595 1241 812 614
1881 2098 1953 1835 1950 2042 2083 2159 1828 1946 1837 2008 2020 2074 2029 2137 1943 1941 2052 2131
