507 764 481 492 437 483 362 333 382 890 447 806 544 561 421 878 785 554 503 792
567 736 289 506 354 450 492 821 613 607 340 515 860 295 457 597 334 315 781 459
114 1430 210 1517 195 1503 1456 9 1329 86 255 260 209 1516 1499 141 1354 1431 172 1340
167 1385 1512 7 65 235 1349 1417 1430 1323 1390 1350 271 1513 25 132 188 1384 134 174
312 719 730 469 771 815 864 366 514 328 795 773 816 757 870 300 710 363 577 339
579 613 609 497 608 938 488 894 743 303 650 539 514 538 619 589 610 593 880 559
346 372 747 321 502 394 763 508 770 315 755 345 773 741 409 324 489 319 785 397
277 1443 460 459 1376 417 1345 576 159 267 1400 1502 155 437 1397 429 406 1377 1467 9
1396 1425 262 1510 1372 1428 30 1455 1326 130 59 181 103 146 192 228 150 1389 52 1350
248 1450 198 1467 209 203 1494 1420 1373 446 1387 294 416 238 419 1471 1486 457 212 430
490 731 535 621 877 542 875 363 302 775 734 304 356 758 812 364 453 709 474 619
183 302 266 1451 1463 555 1432 1343 1423 257 744 761 1493 197 1378 1490 1425 227 321 531
201 1421 288 24 1449 1335 800 1411 21 145 132 1318 189 1442 1434 1412 246 216 1468 806
864 912 595 877 760 941 711 546 947 672 727 612 591 670 853 667 807 955 844 757
174 1392 1329 178 111 157 1361 191 179 89 1415 1417 1423 125 1358 127 224 58 28 1515
12 1452 1357 256 460 254 32 14 1328 169 278 1499 1345 64 1385 1484 1403 1350 1463 1442
7 1503 105 110 101 1449 1483 119 28 49 1466 1352 38 47 1409 261 1355 1452 1442 1441
1363 1461 1360 205 108 1452 163 1426 224 184 198 1375 237 240 1368 1503 261 1312 46 139
531 596 599 541 729 874 486 655 544 910 512 322 916 764 561 449 511 490 633 285
422 513 511 449 197 505 404 386 809 585 823 486 815 439 507 311 534 755 395 341
2 140 54 1434 1476 1408 113 1420 142 48 1490 151 1470 97 4 1421 46 69 1429 139
344 384 328 455 734 792 769 772 777 306 540 490 798 471 785 498 517 404 436 383
118 1322 1446 186 1390 1507 122 141 1316 36 1344 83 1315 1491 1373 179 142 174 1515 1480
717 900 495 757 535 649 635 672 560 913 642 523 618 341 518 691 668 827 315 657
480 556 409 763 801 517 590 312 354 626 631 218 585 313 514 399 362 310 408 379
58 1317 91 180 147 133 112 1398 46 1370 1493 11 82 53 123 1495 154 1496 92 1316
316 730 359 737 340 287 485 365 714 356 342 357 522 519 781 815 723 473 354 853
673 684 646 706 639 899 848 855 697 924 705 910 569 668 862 873 856 927 568 915
712 914 779 854 924 531 637 548 867 539 834 879 508 599 671 704 801 652 565 762
834 891 555 839 643 668 895 922 843 664 699 794 624 835 542 621 848 744 573 592
435 746 819 864 867 445 696 580 287 480 767 752 787 801 817 701 720 829 757 748
1425 1493 242 139 1392 233 1395 1319 11 267 1480 128 186 1495 1465 1429 129 104 1475 163
610 634 906 617 541 530 886 869 658 872 645 945 538 655 640 519 914 899 550 894
457 1449 1427 729 566 1370 743 463 257 796 1323 1414 536 1430 499 351 1405 383 747 131
531 706 710 831 914 320 532 599 879 766 851 823 616 691 614 920 332 862 762 203
17 1336 91 121 21 128 223 181 1419 182 84 261 1358 26 46 1477 1362 151 213 135
1218 1257 1208 1166 1190 1263 1265 1165 1136 1217 1274 1234 1181 1246 1252 1121 1134 1126 1135 1280
1358 1473 118 1468 1457 22 100 1475 136 148 1482 178 1324 57 1393 228 145 1507 152 237
325 779 438 331 494 315 367 330 772 724 333 523 521 486 567 766 768 579 556 462
312 574 207 787 529 599 736 605 890 485 594 738 793 626 921 497 332 781 490 804
216 1479 1323 1398 261 287 561 1421 1504 239 212 1477 1391 0 1415 1475 246 1361 139 241
459 512 554 375 456 476 398 305 558 314 534 402 331 363 345 629 378 583 483 615
432 807 384 722 466 425 764 864 201 196 387 859 485 716 725 760 301 823 897 380
1076 1115 1061 1065 1084 1146 1048 1081 1117 1067 1039 1174 1042 1101 1217 1044 1080 1083 1071 1183
1028 1048 1015 1022 1079 1100 1063 1041 985 1030 1074 1084 1102 1037 1036 984 1095 1054 1059 1049
1445 1465 156 202 1357 1385 462 387 1381 1433 274 255 456 214 1418 1319 116 261 441 129
381 442 806 1451 504 486 765 770 392 447 738 795 800 1441 394 1445 1449 403 780 397
11 115 1376 104 1303 1320 84 1356 3 89 123 120 1423 1406 113 1463 1401 1429 108 67
715 791 885 784 566 371 860 345 367 310 742 387 441 440 306 512 314 326 732 324
20 64 1299 125 1317 1297 68 1302 8 1461 60 78 1411 142 136 1451 90 1394 1387 1335
510 816 819 516 329 538 445 477 883 420 475 321 442 888 579 588 577 740 621 358
470 538 279 554 218 579 206 424 809 340 597 602 587 293 802 820 296 744 307 346
111 1483 1345 131 1407 1369 177 110 255 1436 8 121 193 273 1368 178 1403 1327 240 151
12 48 160 152 1375 1342 133 1491 118 1420 76 1324 95 1430 24 62 129 158 1347 0
315 802 754 872 520 758 476 541 818 546 566 430 851 467 370 587 551 745 882 841
463 772 566 408 509 530 436 734 398 324 833 321 561 455 742 336 750 414 799 416
1200 1249 1264 1232 1261 1114 1145 1137 1219 1257 1113 1160 1245 1106 1265 1236 1156 1174 1154 1175
571 602 306 299 281 568 609 303 315 598 732 650 519 887 878 302 540 736 569 551
200 1335 406 28 309 1454 225 104 301 1418 1323 195 1403 26 1419 1440 61 167 52 48
346 570 602 609 345 516 892 289 302 615 479 367 710 409 553 669 767 722 555 595
911 927 912 726 552 617 959 718 951 849 559 937 708 907 814 660 625 892 611 813
334 401 380 569 560 449 438 304 501 578 741 589 417 468 496 342 759 746 321 538
477 799 740 395 552 861 751 761 396 827 548 560 721 388 880 496 847 818 346 458
523 589 520 590 817 739 586 497 316 788 771 325 708 659 335 824 529 460 451 629
1399 1480 127 1429 1381 1340 248 3 5 133 56 113 1511 16 1393 168 1479 1460 1448 1428
23 124 1501 12 89 1482 1351 1316 1445 1341 42 131 162 1360 1372 1440 1436 1483 1328 34
275 1426 1467 1503 224 1333 101 131 1326 1378 303 1317 1453 1418 1507 257 246 1438 143 126
571 605 329 466 705 587 494 358 768 296 293 478 506 660 544 554 735 537 751 703
102 1415 1408 257 1361 65 1429 1418 1453 124 109 1348 1326 1401 79 211 1492 1468 70 1483
453 511 737 416 315 730 486 601 448 758 755 555 809 579 355 420 624 783 478 399
272 1345 260 157 195 46 1395 180 1445 268 225 1377 213 133 109 1323 1343 230 1352 1450
909 921 573 727 834 903 605 618 711 713 945 577 836 548 823 944 643 946 619 920
645 892 874 857 950 593 572 639 903 655 912 672 622 913 921 601 662 547 789 753
122 134 162 1348 53 16 1326 103 110 1456 112 9 1375 77 169 1425 1335 65 1424 149
26 48 152 146 102 104 1491 1348 166 144 84 1407 23 1436 1309 28 76 1373 65 156
119 1381 1442 1336 1373 1501 12 1362 1359 86 26 1405 1345 1491 1325 1323 1416 1317 137 1376
238 1480 1510 1342 1388 183 5 1473 1365 1437 196 239 1426 144 1509 224 134 257 200 121
452 499 764 733 469 753 809 404 324 330 750 459 574 402 510 532 765 516 784 480
187 300 797 1341 791 1399 1322 176 180 568 532 265 290 170 258 546 294 1319 526 250
1313 1350 68 1449 1341 1407 261 190 10 181 140 225 1464 157 56 76 242 251 1478 63
10 1451 1466 1394 137 1389 1369 32 1414 1469 67 1409 239 1504 1462 144 1465 1338 282 128
247 1412 1427 119 1443 19 219 1401 214 128 192 1334 1323 1373 131 284 262 4 1408 39
44 1336 1439 71 184 1333 121 1453 1398 259 36 1444 196 74 1299 84 1502 1350 172 1437
170 250 156 200 246 1439 249 1500 204 237 278 1323 1442 150 1392 1496 1458 139 1342 1344
317 583 549 914 300 715 287 602 515 512 550 793 570 528 912 910 362 565 274 299
23 1446 1493 1321 1425 1384 86 80 183 1330 466 461 150 21 1329 427 168 1415 9 1402
48 90 1357 1319 1396 1387 81 7 114 121 111 102 1377 1306 138 99 124 1375 1369 1356
49 1391 1422 51 1304 167 78 117 43 1453 1438 16 1486 102 168 1334 1343 19 47 178
506 621 873 356 384 417 782 769 665 659 644 528 547 351 714 728 733 822 936 461
743 882 838 532 866 710 295 740 707 783 675 855 573 825 733 669 949 372 595 751
249 293 546 183 1498 1502 275 747 563 537 598 551 167 306 231 244 1358 589 280 1435
1482 1497 226 188 1493 1370 1433 197 1398 252 231 1455 1318 1445 270 6 227 113 105 1386
1015 1030 1065 1020 1004 992 993 979 1051 1074 1067 1054 1001 1058 1081 1062 1080 995 987 997
295 532 582 202 577 470 746 549 337 197 607 816 562 486 488 465 246 722 189 606
205 265 260 274 804 1445 186 170 155 1472 161 1466 237 1456 1408 261 286 306 560 549
117 1514 147 71 88 1399 1383 1439 92 1339 1490 89 1423 1464 23 1501 1432 129 1420 1363
633 923 577 701 608 873 858 913 884 688 579 833 866 669 573 824 725 844 708 673
1069 1107 1145 1067 1155 1030 1084 1128 1199 1165 1058 1100 1024 1170 1202 1134 1083 1088 1142 1112
150 1510 97 1293 155 1359 1463 127 1479 123 1395 160 1455 1511 226 1319 1482 132 1350 1294
706 917 655 814 657 721 902 836 567 543 813 675 671 695 565 908 855 546 880 557
403 437 379 492 478 343 457 779 797 775 1448 423 376 495 382 796 449 333 483 786
174 1397 1443 17 165 300 117 294 1506 1383 221 249 170 1516 1369 1472 46 222 238 1483
720 750 311 295 895 924 496 702 823 445 587 818 478 483 554 557 918 706 595 406
108 1349 147 270 217 88 1517 130 1503 50 40 73 1452 1414 41 1315 24 1314 1348 47
26 123 1375 43 11 146 122 1429 1334 1446 42 1401 1496 1427 1374 135 153 14 1436 73
849 895 947 856 706 802 547 659 666 916 890 675 729 810 833 883 590 604 934 733
168 230 1442 150 1456 1314 1496 293 1485 1509 1445 180 12 1318 9 235 239 1339 1414 196
288 297 1439 790 207 551 600 586 302 544 742 253 735 328 731 170 239 1444 810 300
10 53 1331 106 1427 1512 1504 1360 60 48 146 139 1485 1354 97 99 1498 1339 116 156
689 911 719 879 724 873 944 612 806 872 811 828 951 662 827 646 730 840 634 622
558 739 740 861 855 607 298 717 598 291 442 722 828 915 858 891 569 530 820 587
173 1364 63 156 1371 1366 267 1483 1512 142 1510 1465 64 1498 1471 1406 1330 1326 171 214
318 532 707 735 727 555 463 795 541 614 370 603 450 794 824 459 297 610 464 448
1365 1440 112 289 1342 61 100 440 1430 28 420 1502 1463 410 107 150 99 414 1405 1316
286 570 765 508 177 176 335 223 469 575 628 738 727 338 225 359 554 717 561 590
333 356 462 480 535 339 335 574 560 568 743 483 563 341 494 760 455 324 768 352
1164 1197 1124 1208 1205 1224 1140 1186 1210 1165 1118 1112 1227 1100 1252 1223 1130 1156 1172 1171
690 862 728 743 683 747 848 800 921 714 821 788 763 715 811 802 686 694 826 752
186 1453 267 1379 141 122 1465 1469 1491 181 1397 153 151 160 175 262 410 1382 241 249
275 1424 298 1405 257 24 1324 118 1364 162 1419 164 1411 193 1442 19 549 104 1325 1492
1327 1372 129 1380 32 1317 1485 1353 1357 1471 1495 1319 187 72 1490 1484 1406 1335 172 1336
403 439 1442 450 512 365 427 513 437 492 778 352 435 389 358 745 781 432 355 356
154 1445 447 1460 237 191 204 1316 131 1514 1385 1478 141 210 1450 426 1359 1 1419 1510
814 851 725 689 546 909 749 559 927 791 715 937 893 543 683 880 526 769 924 687
567 598 607 932 811 898 770 302 547 283 596 711 303 909 462 617 745 899 757 460
1318 1345 94 3 1467 1447 1434 1327 150 1478 1428 207 125 194 99 106 1351 1491 1475 1454
102 1497 74 1320 1445 43 1381 1413 94 97 166 1394 1454 47 1343 85 1511 153 164 229
145 1468 1507 1323 206 262 1371 232 144 188 140 1486 159 173 227 190 184 111 1346 1363
318 718 291 753 562 342 771 823 585 764 920 897 802 866 748 794 743 345 326 307
7 1511 163 1313 156 1298 1491 52 1467 1453 1464 72 1463 141 100 1305 1294 1455 66 1390
128 1373 22 1494 1400 142 108 0 1461 81 116 1315 49 1512 1354 1316 84 125 146 111
762 864 796 548 527 310 823 550 318 701 518 335 724 712 492 713 767 647 745 695
1158 1219 1206 1203 1147 1192 1234 1226 1252 1163 1193 1178 1200 1114 1241 1169 1135 1099 1218 1190
390 804 729 742 732 428 321 559 833 785 494 802 496 477 289 531 765 208 437 1448
26 1400 79 245 6 49 103 184 237 175 1394 221 1307 1317 1324 1514 1455 1354 1312 1487
257 1479 1473 1462 1498 235 1369 1427 1345 138 146 161 1374 162 1436 1397 290 1349 194 210
349 756 566 391 753 723 736 562 759 751 789 524 697 772 758 555 538 575 705 332
652 888 943 832 673 550 838 603 602 730 575 871 588 554 556 698 804 615 826 893
515 600 657 503 470 521 936 728 772 589 790 444 571 636 308 467 619 898 445 477
116 1331 38 1512 1459 1420 1318 1503 1386 2 1481 3 1477 58 1355 9 1436 210 223 1450
1339 1478 11 1418 1380 1499 135 156 231 1325 121 1444 38 1428 23 14 257 1464 213 1490
721 765 821 918 820 334 458 359 490 344 346 348 785 469 807 920 327 580 508 367
303 324 801 748 591 215 727 528 407 242 301 358 491 487 783 331 187 567 519 773
30 110 1431 1438 1486 113 46 108 1462 47 117 1510 38 42 1490 1513 100 1509 1356 1396
635 907 662 865 920 910 676 917 584 940 604 555 925 609 862 838 666 932 886 660
175 242 1448 162 211 1358 1398 1468 1404 244 154 1349 1337 283 1364 229 268 160 1371 1436
446 788 863 860 415 302 329 759 297 398 514 822 352 447 714 448 564 325 395 808
483 750 533 551 357 374 501 422 734 567 823 405 860 597 448 470 759 455 731 534
274 1421 549 239 234 28 219 134 1507 1465 25 262 1492 172 223 192 10 1452 1480 217
232 1361 1511 124 36 1508 1409 1402 227 1470 1315 27 252 161 242 199 214 1497 117 215
