59 969 915 799 912 890 775 739 20 919 16 930 895 762 896 51 804 867 743 787
626 653 683 657 666 615 627 628 637 642 619 635 645 659 667 589 636 689 601 608
379 408 397 457 321 221 300 436 597 480 282 602 259 291 171 455 593 396 284 165
97 935 942 127 779 908 92 27 101 61 882 62 119 881 40 951 117 974 936 910
208 282 209 204 197 277 391 369 258 512 395 404 294 269 235 361 523 377 190 189
726 1001 763 1002 967 712 1058 971 762 1059 732 995 1012 969 701 1054 1021 699 697 755
576 610 641 629 564 543 358 636 594 575 316 598 319 368 298 653 359 532 650 591
955 995 63 791 804 81 20 780 3 91 733 1053 758 745 764 1034 751 86 777 970
237 364 518 506 542 234 392 202 183 244 387 175 176 533 526 220 396 166 554 381
338 368 591 533 365 521 337 331 354 545 562 542 267 537 401 344 590 224 324 378
277 484 496 543 222 495 167 389 269 494 372 303 309 218 226 283 407 287 300 473
289 313 208 564 376 395 524 185 263 222 205 571 276 494 267 306 343 567 272 584
230 389 171 277 381 160 278 409 428 245 397 159 303 501 169 539 538 427 289 216
294 515 212 253 279 339 171 559 361 284 220 384 362 399 474 231 533 587 506 353
220 271 485 509 214 263 173 207 296 160 380 262 237 294 504 400 272 295 493 403
373 513 368 281 365 188 539 554 197 347 309 303 246 589 417 348 534 527 602 286
64 945 763 802 11 82 852 923 12 928 803 51 117 103 798 868 947 777 874 774
40 78 62 7 89 921 115 813 95 114 57 23 823 918 16 917 56 69 967 815
244 512 257 390 225 270 480 291 240 278 392 239 216 393 269 271 513 507 263 364
793 978 945 937 44 994 740 117 37 782 969 993 738 824 784 971 819 977 25 49
117 145 72 135 116 149 950 64 110 102 123 147 943 134 921 124 175 121 68 957
65 832 31 886 846 947 810 948 879 836 35 827 967 66 925 55 49 898 949 875
1017 1047 716 735 761 756 1011 758 1054 1044 1042 732 1033 723 733 727 985 997 1031 764
401 531 251 384 440 194 312 185 424 471 358 196 195 564 319 441 260 356 280 272
736 749 782 1016 1015 721 1008 765 986 955 715 1022 728 724 996 956 800 796 969 1007
185 385 369 397 503 238 172 379 483 419 544 489 398 378 207 191 406 523 314 363
322 342 320 292 296 584 373 591 585 572 336 379 577 311 321 554 535 592 517 341
109 912 99 971 918 132 879 885 923 75 85 964 935 873 862 955 946 872 909 882
227 278 253 245 495 294 408 376 251 410 185 270 237 204 265 543 243 374 256 372
512 535 361 237 348 324 380 320 537 332 183 391 293 389 601 514 382 188 542 557
104 948 8 984 99 122 913 20 966 795 929 1 763 124 774 775 949 941 942 53
722 993 979 683 740 1008 1030 958 1007 786 966 953 774 705 1026 708 1005 1038 954 746
232 298 573 330 575 249 343 221 544 501 162 349 588 374 347 196 595 336 517 590
32 928 73 774 798 952 912 816 14 948 102 87 907 901 777 888 19 974 81 836
338 567 576 572 543 348 298 301 354 319 535 346 533 308 325 365 578 339 297 344
320 366 558 264 257 260 552 255 354 334 556 259 535 551 560 545 309 329 266 528
508 526 475 318 192 391 331 298 219 549 266 228 488 297 303 393 537 610 509 555
729 1023 1013 1040 156 1027 1011 716 452 1038 451 164 728 1057 1028 764 721 699 702 745
888 930 923 960 964 901 924 48 836 874 108 974 906 944 58 952 852 33 36 31
177 511 178 478 217 172 290 274 408 182 200 273 378 167 389 193 229 401 223 495
182 517 320 309 261 266 306 475 361 490 479 364 199 419 540 247 224 271 255 533
390 416 365 195 272 433 491 375 495 513 476 430 262 479 526 442 197 180 211 293
590 601 371 643 648 653 645 364 560 577 320 287 561 642 365 647 608 537 314 306
48 785 857 764 988 106 1 957 928 43 71 765 51 941 984 939 981 954 802 913
876 900 60 87 835 853 846 843 854 869 898 902 860 74 61 901 907 851 47 882
356 542 291 607 514 365 305 524 391 517 529 527 515 298 360 531 372 545 353 528
758 792 932 935 10 775 928 1006 1026 73 52 14 39 930 70 742 773 61 29 952
305 327 551 251 264 597 540 269 287 227 581 330 569 265 577 376 394 329 587 528
740 756 971 805 960 981 973 715 1011 1005 956 727 705 987 735 708 737 742 717 962
342 543 509 375 277 369 306 365 581 539 523 593 344 533 513 592 607 318 339 522
794 815 68 838 32 964 761 973 53 930 61 851 54 757 771 73 804 29 773 947
305 582 375 555 331 547 512 359 507 366 379 546 347 535 551 235 537 530 368 310
28 820 827 801 767 7 843 794 4 50 782 785 784 855 59 839 37 861 44 811
788 968 54 743 992 77 808 123 74 973 34 821 817 0 21 987 801 820 10 954
811 836 786 839 889 55 62 866 852 768 9 810 68 27 835 877 862 872 820 775
389 431 529 168 453 258 394 227 388 471 373 301 399 241 237 232 434 294 225 360
768 795 34 1001 980 756 950 957 815 1003 27 934 0 824 982 71 1005 772 799 59
749 997 164 731 743 978 780 972 796 1054 1013 1060 969 967 988 730 1021 1031 774 727
74 885 106 935 120 846 113 843 822 925 105 922 882 956 849 129 874 51 959 823
111 911 145 140 50 922 891 855 968 81 976 857 944 862 89 86 73 144 943 933
222 375 555 163 605 380 492 600 512 541 410 591 398 305 495 297 178 593 229 546
361 522 548 272 251 409 597 517 206 356 584 243 398 370 553 383 276 414 404 495
213 228 191 374 245 390 287 285 371 506 369 160 154 291 270 533 392 280 244 384
47 100 947 16 18 904 782 925 967 902 91 118 825 828 136 914 56 801 815 87
59 792 943 966 107 777 37 778 914 887 790 807 780 16 74 801 866 845 774 112
272 492 262 385 468 388 291 192 279 477 487 284 537 377 195 172 263 190 256 223
178 198 488 147 171 165 382 216 501 175 207 176 289 197 512 151 287 158 232 481
104 925 110 951 34 866 101 132 55 63 922 53 92 35 974 888 965 85 856 900
176 254 392 533 186 247 403 201 198 308 164 376 211 163 500 517 531 268 404 378
390 495 173 208 517 220 289 536 407 496 360 297 248 259 256 410 261 180 300 170
371 514 252 326 178 522 240 400 308 233 406 228 381 307 163 264 298 394 259 304
737 780 726 992 747 162 930 31 967 743 938 980 11 717 763 720 1023 42 937 958
751 969 928 79 949 738 71 923 937 1025 962 102 775 970 799 947 786 723 1007 768
600 623 635 583 610 662 295 537 294 378 605 585 580 287 302 300 591 628 609 529
188 290 528 390 541 287 286 545 403 294 265 500 519 193 355 284 304 323 405 210
733 769 717 747 1026 811 944 977 723 9 966 158 16 1014 965 730 168 1015 1019 979
350 559 339 593 533 322 292 566 364 290 338 313 323 541 581 615 580 532 591 321
29 955 926 992 777 938 968 114 815 122 123 120 18 919 116 794 790 947 907 833
422 497 526 416 279 527 458 406 402 173 403 274 445 292 492 286 183 255 291 166
249 370 252 545 256 224 309 591 375 190 541 517 320 299 162 214 497 258 272 540
117 964 122 742 50 42 996 943 116 963 926 98 748 1000 978 57 785 800 55 759
374 391 402 271 317 353 552 186 232 198 468 520 267 265 199 270 369 510 252 518
124 926 53 49 988 57 970 790 94 950 43 789 877 42 143 150 80 786 951 975
877 904 929 896 82 106 77 949 863 880 902 836 862 942 72 935 833 907 832 953
157 733 222 761 981 1001 971 131 151 202 392 1022 501 130 132 155 1017 194 974 753
887 917 886 952 941 60 848 895 72 966 46 97 853 53 115 859 935 897 61 93
810 951 754 9 990 924 76 922 949 910 938 102 6 3 22 937 120 16 15 974
647 694 656 662 673 600 683 723 695 665 667 601 607 679 603 649 645 702 648 625
40 781 13 84 52 827 53 739 759 72 838 45 86 811 14 773 790 747 93 956
105 123 73 92 98 49 982 91 71 915 149 145 938 955 901 83 93 922 141 968
252 373 258 183 187 205 212 343 292 517 402 509 352 266 331 342 369 365 162 514
507 532 224 345 232 293 508 525 162 334 390 477 355 381 181 551 350 239 561 339
250 499 305 412 504 400 483 423 360 191 520 269 295 484 260 289 229 212 158 231
508 532 288 484 291 528 507 610 421 169 269 487 353 300 323 542 190 488 238 189
186 532 247 215 277 222 399 182 227 500 194 212 190 257 236 510 321 281 363 384
43 958 92 70 831 953 797 823 822 919 841 788 804 792 796 25 826 795 116 56
595 630 642 607 653 599 544 563 303 377 577 300 378 659 301 308 556 580 609 284
186 394 169 197 269 422 241 395 266 368 489 271 366 204 223 498 402 231 251 494
528 549 615 607 352 504 337 551 363 200 372 599 299 601 401 255 523 563 597 581
255 293 330 555 244 562 160 489 350 523 197 310 588 396 187 231 558 200 407 316
741 999 1056 1026 996 738 717 760 784 787 735 967 975 749 983 780 1062 1033 1059 744
749 1019 969 966 1016 978 788 995 162 1035 988 998 1012 756 964 1051 163 750 1003 961
881 907 93 876 852 845 82 110 846 924 96 108 53 77 866 865 101 920 947 67
363 579 574 375 271 315 567 555 616 612 307 267 287 557 380 510 584 233 568 262
373 508 519 229 172 594 510 367 492 400 536 370 164 558 306 235 527 225 473 593
793 928 116 768 965 938 72 912 887 974 70 813 894 93 772 783 51 873 890 2
68 105 73 86 783 7 106 6 805 1 5 40 915 938 828 122 134 125 124 94
73 886 18 888 66 52 105 951 793 31 782 115 895 924 935 863 72 840 862 16
59 851 921 926 895 68 83 93 114 839 777 795 61 867 808 870 89 919 22 952
245 294 309 506 287 561 280 197 393 172 189 284 232 539 253 222 370 292 251 288
101 942 769 49 43 100 984 51 939 918 57 139 60 25 128 124 774 37 138 794
494 518 403 157 250 204 244 219 306 384 233 298 194 415 397 521 499 249 273 260
65 967 852 936 762 95 110 979 47 31 63 937 908 811 2 878 780 737 792 996
543 577 331 610 552 529 532 315 537 314 374 298 569 504 296 547 329 326 318 300
16 766 960 955 821 13 1003 768 1016 1015 40 802 1006 2 740 8 90 732 795 942
941 953 64 4 126 899 772 101 983 23 19 806 782 809 752 934 964 932 976 917
541 604 548 565 320 353 618 317 323 378 643 636 626 345 644 350 297 383 622 291
896 923 835 922 884 850 59 836 58 849 957 116 66 92 64 60 890 122 952 834
64 105 83 820 825 811 831 915 113 895 921 51 827 926 858 938 96 789 788 123
258 533 274 306 506 307 215 275 348 393 333 246 386 492 158 370 239 543 365 305
307 549 331 522 387 347 260 246 266 334 237 343 267 516 381 241 550 301 362 279
270 486 424 215 225 416 300 507 492 529 276 525 241 231 205 191 208 390 228 223
544 606 524 320 332 381 323 595 526 587 605 328 363 533 355 295 575 593 588 642
299 352 566 569 548 329 526 346 269 601 380 293 334 294 557 315 333 324 527 382
499 530 307 303 310 604 473 403 245 368 166 608 389 383 351 500 386 334 280 377
448 473 472 382 383 514 516 507 478 511 1027 467 518 464 419 415 386 424 454 475
380 474 504 484 499 594 477 527 608 181 192 480 357 233 614 247 447 442 201 234
53 929 942 35 938 814 861 105 950 15 892 778 855 967 883 896 916 918 792 902
224 278 543 301 406 545 410 236 190 169 505 199 198 373 530 295 192 389 491 240
0 58 78 962 946 955 850 4 924 60 964 37 948 75 24 957 779 843 115 11
178 405 239 225 264 470 217 179 497 224 200 248 531 175 502 246 279 514 522 154
48 808 782 47 919 949 31 787 897 920 929 774 55 85 912 966 795 18 771 88
28 83 21 133 827 790 80 921 943 784 796 89 86 966 925 892 109 769 97 894
829 864 819 41 862 54 925 845 46 920 806 77 916 39 867 827 820 906 30 817
66 882 32 23 825 39 944 34 870 2 834 928 887 20 823 45 896 121 0 890
228 505 528 208 181 200 419 404 287 270 382 483 295 529 418 160 510 372 258 405
1 83 16 132 4 95 774 29 19 89 942 880 52 933 44 912 820 939 949 819
254 495 392 281 290 259 302 246 512 245 478 278 535 209 171 472 409 189 488 229
786 964 78 971 1003 97 10 970 45 988 776 763 927 814 71 954 957 125 47 17
192 282 165 528 530 177 398 246 407 160 367 158 261 257 509 281 396 508 517 205
166 528 290 314 520 561 223 365 383 351 173 409 146 559 323 267 554 195 392 533
213 268 494 522 224 383 244 263 282 228 295 197 497 385 253 225 534 221 262 185
232 303 289 354 261 326 568 397 503 533 190 338 341 174 602 554 185 365 598 242
236 289 377 323 256 321 228 241 170 299 602 193 402 234 491 233 227 320 314 492
504 541 375 384 567 293 347 238 163 597 525 488 410 417 564 350 543 383 373 599
120 949 15 971 905 929 763 118 18 82 121 772 39 773 957 927 69 947 779 804
129 138 94 142 76 980 73 93 72 80 973 82 974 98 135 976 144 970 145 978
195 232 521 278 155 275 165 304 288 153 526 150 211 297 253 523 509 238 400 230
327 562 537 589 559 348 305 599 523 585 529 584 524 289 342 300 296 532 576 332
47 836 938 910 882 942 965 107 904 829 31 80 5 805 830 838 797 804 95 867
