218 1925 1829 230 367 66 168 1972 233 221 267 71 177 176 1833 1951 75 293 242 1932
1326 1428 1492 1468 1287 1284 1470 1302 1466 1404 1454 1415 1465 1361 1336 1359 1397 1380 1423 1429
238 1933 1989 1953 61 54 165 1992 1865 376 304 39 90 1982 14 294 1996 265 67 1973
298 1953 229 103 225 157 1983 121 289 292 163 122 1875 244 1988 237 134 99 109 1966
1570 1635 1611 1669 1684 1796 1725 1719 1690 1688 1786 1518 1697 1676 1522 1636 1670 1661 1598 1509
597 622 766 713 600 760 660 516 524 780 687 521 718 667 629 752 638 579 711 599
1900 1921 1948 196 247 165 81 4 9 1879 1750 84 155 171 232 1996 69 1982 1934 211
709 982 691 603 1064 556 546 745 794 542 610 1072 582 1074 766 604 681 741 877 617
903 974 538 894 761 1079 548 733 759 953 1077 724 951 719 1068 1033 704 766 972 764
154 232 299 1857 229 1887 1983 1856 1867 132 256 1906 168 1873 114 1977 122 118 1990 375
1733 1761 1847 1750 1873 1787 1859 1866 1821 1725 1668 1662 1715 1740 1774 1807 1800 53 1660 1731
56 1740 1938 1742 61 1708 1807 1973 1913 1727 1961 1739 1990 1737 1654 1858 104 1791 112 1917
891 1042 741 1050 956 884 918 877 1002 809 941 1110 933 828 1017 1026 930 1006 804 1100
1170 1209 1252 1164 1183 1163 1258 1162 1176 1264 1245 1145 1147 1220 1237 1185 1149 1159 1250 1216
16 1939 1845 136 149 1875 303 229 104 91 115 1960 206 5 285 109 125 188 227 123
3 140 1947 1925 1894 32 1926 1870 88 1905 52 131 1886 1928 1957 158 24 37 132 35
196 1828 239 96 1888 1872 1856 1768 213 46 193 1944 1803 1833 1862 1756 1886 229 1774 1815
589 691 504 617 536 607 511 720 519 683 712 518 543 785 769 496 723 540 499 654
1752 1846 1738 99 1773 165 74 263 1831 62 1821 1834 1933 1903 195 202 1978 1883 1808 1754
1556 1667 1507 1689 1712 1651 1777 1719 1579 1622 1638 1674 1643 1522 1733 1765 1517 1572 1580 1504
744 980 778 580 538 563 914 586 789 957 754 777 874 922 703 917 770 973 763 695
1411 1497 1533 1448 1337 1491 1348 1494 1477 1544 1338 1534 1294 1530 1347 1375 1525 1522 1359 1582
1834 1870 1840 59 237 1953 180 1917 226 1905 1778 11 1920 216 1934 1876 1901 208 243 1902
1577 1614 1794 1504 1793 1647 1594 1800 1593 1659 1680 1781 1632 1715 1585 1798 1797 1658 1656 1722
1314 1449 1411 1344 1312 1371 1401 1342 1448 1253 1406 1481 1404 1502 1249 1447 1442 1393 1223 1285
1724 1784 53 1802 1917 1721 1907 1805 1830 87 1812 1596 1698 1716 1820 1614 70 1849 1747 1737
1696 1710 1656 1720 1667 1768 1711 1574 1678 1679 1661 1560 1601 1624 1830 1633 1550 1713 1712 1662
1656 1772 1622 1540 1638 1728 1867 1793 1686 1774 1731 1660 1546 1703 1676 1653 1556 1863 1914 1694
140 1959 250 289 1914 160 1936 37 182 116 305 181 21 113 144 276 1961 167 1883 1977
208 1891 180 394 161 80 280 1993 257 1877 63 1918 1884 1790 1883 256 3 98 227 1984
94 1867 1996 109 1779 1731 223 1831 1838 1 1865 1932 217 212 1784 1789 1862 1829 179 76
825 873 824 989 793 977 928 806 753 932 953 758 870 815 955 739 974 771 752 1128
509 525 708 415 500 627 698 491 721 406 743 723 590 734 440 553 510 495 610 594
1614 1648 1592 1660 1654 1559 1609 1566 1732 1691 1689 1561 1575 1594 1602 1698 1678 1705 1578 1711
575 613 561 682 662 492 726 694 745 422 496 574 608 609 588 483 420 432 714 725
1965 1987 83 1842 1889 203 288 163 145 187 39 219 294 98 95 87 303 302 1939 1910
414 543 553 397 373 422 417 364 575 567 735 406 594 576 542 988 976 388 961 398
822 875 881 788 993 1060 734 1128 957 927 753 1067 825 1037 1045 768 1024 806 872 916
431 499 375 587 616 623 441 451 579 596 564 354 507 586 351 419 453 620 510 364
1420 1459 1513 1403 1295 1443 1409 1356 1355 1269 1473 1351 1465 1488 1484 1334 1316 1450 1338 1274
248 307 343 287 337 215 1900 1932 283 222 146 1907 364 1940 1957 1980 191 1866 316 1973
1305 1447 1391 1423 1389 1369 1266 1368 1377 1248 1372 1297 1230 1306 1219 1222 1307 1336 1243 1492
878 1100 929 982 1036 943 779 1044 765 995 774 1073 1037 933 730 1122 1051 1106 1076 1046
238 1878 246 1793 8 1871 1804 35 181 1783 1936 1915 236 1873 34 1846 1773 1925 245 37
273 1854 216 1859 1765 1850 1779 235 1741 1783 211 49 1744 184 56 187 73 238 81 1773
516 699 412 797 1021 807 717 602 589 726 425 951 947 411 803 399 682 745 541 440
1177 1192 1248 1237 1198 1207 1264 1215 1197 1216 1148 1173 1231 1158 1227 1219 1240 1141 1224 1218
816 880 975 1036 1118 767 757 885 1023 991 731 726 1021 1114 1060 997 879 978 1096 1103
28 112 109 3 1952 142 1940 116 22 93 105 1939 1944 33 1962 1958 1946 1881 145 1961
1577 1594 1596 1700 1625 1520 1622 1527 1582 1704 1560 1645 1557 1725 1579 1506 1656 1644 1514 1732
697 805 1027 1121 796 768 895 1010 941 694 597 748 759 938 902 667 592 935 1116 588
131 1937 104 253 1940 206 126 299 1870 216 90 318 1952 1916 1816 266 1815 76 248 1847
1650 1779 1546 1832 1870 1815 75 1823 1813 1750 1783 1873 1867 90 1581 1652 1816 1814 1720 1821
177 1896 171 1814 273 1878 1945 1987 1948 1966 365 101 61 189 1892 1915 1899 1834 1893 80
44 1868 1889 1894 1961 76 1809 221 1877 1839 1915 9 1742 1909 62 218 1872 238 1756 252
814 1010 737 873 872 1073 908 718 758 713 540 875 749 726 919 1018 740 901 800 717
266 1899 1887 103 1977 1837 100 1990 1941 1813 300 1918 1861 179 247 1949 301 307 1802 1987
1865 1983 58 270 216 1775 236 269 1903 1870 95 277 92 288 300 1928 1992 244 1853 1844
1671 1685 1739 1605 1665 1785 1701 1737 1640 1635 1645 1539 1621 1630 1664 1579 1722 1712 1802 1528
176 1866 96 1915 1949 1756 205 275 214 85 373 1902 1950 1768 187 204 1887 1827 220 235
109 1957 1887 235 279 87 285 1933 95 163 1976 1977 28 1900 256 1886 1865 312 201 36
437 460 458 335 373 368 520 489 467 434 496 459 648 435 403 402 494 331 476 369
1815 1839 1843 1820 1996 1697 196 199 1806 247 1850 1741 73 1859 1747 1756 1760 1709 1828 224
1652 1789 1693 1603 1718 1581 1861 1616 1817 1777 1880 1540 1808 1553 1641 1759 1894 1793 1662 1564
772 873 1006 964 1115 1116 1136 780 996 1022 1027 936 823 957 755 1122 921 808 932 1037
1845 1933 13 1757 2 216 1764 304 51 294 1863 179 105 182 314 70 1778 1846 113 76
188 1911 202 1876 278 284 1884 210 1920 1752 263 1964 1779 1833 1845 70 1755 1922 37 1817
1772 1922 1920 1722 244 86 1655 1783 200 238 1972 287 1917 1659 1758 216 1804 1723 255 1915
923 1059 911 983 931 987 1112 738 1013 1030 957 1061 954 1121 1034 973 1017 1138 1005 938
166 250 1889 382 1897 1946 203 1878 194 1879 101 218 171 1957 304 215 237 1864 274 1881
1934 1985 1857 210 241 1854 229 1922 0 98 1992 11 270 121 205 1927 291 318 3 284
355 363 501 386 343 301 382 344 241 458 1971 373 431 409 260 411 274 456 338 292
444 624 590 364 593 460 698 674 669 465 438 363 701 492 514 673 582 597 490 651
271 1891 157 1833 69 1817 1966 188 1803 368 224 1908 86 364 33 1936 248 1986 1815 1964
1267 1312 1279 1350 1443 1261 1371 1263 1486 1269 1274 1255 1233 1212 1321 1385 1372 1482 1250 1317
209 375 261 1881 1825 1923 1814 285 1974 207 168 1871 411 197 1997 1904 369 1864 427 1842
503 603 630 669 621 560 509 536 605 616 604 411 701 361 520 565 566 671 700 694
538 953 1027 795 766 898 1030 988 870 759 810 1045 947 585 400 1006 603 708 1041 591
293 310 1911 246 1882 1885 363 1939 1955 338 1879 335 342 280 281 1997 1966 323 1927 136
728 952 1040 595 689 1029 748 548 700 1069 973 577 568 715 778 1001 1051 779 1050 966
38 1930 262 50 1963 59 172 1802 1873 60 201 1849 233 1834 65 1913 138 1903 155 101
1389 1490 1514 1474 1483 1530 1506 1351 1495 1328 1500 1378 1453 1444 1318 1473 1456 1402 1463 1412
565 607 489 577 403 993 1018 404 1006 411 523 712 544 428 1002 486 749 499 745 503
546 1034 1025 1092 956 1010 592 584 1003 1097 740 724 1091 401 1009 744 976 1107 1026 591
209 1880 1852 377 258 235 1986 1819 1928 384 1989 178 287 1798 374 1951 1882 72 1907 1927
1511 1573 1626 1484 1354 1340 1488 1440 1471 1390 1544 1522 1427 1437 1716 1569 1665 1366 1314 1329
1181 1256 1196 1267 1425 1211 1322 1173 1152 1273 1164 1175 1431 1419 1257 1212 1160 1161 1186 1210
293 1878 225 166 1832 290 1785 1830 161 286 1904 1896 261 9 1837 107 72 1847 75 322
163 182 1962 1839 1927 372 364 295 1875 299 1921 1840 83 213 103 1863 207 1929 181 237
216 1997 1823 1919 1904 72 248 1943 372 63 1837 1972 163 1907 53 195 238 1838 1901 1859
1529 1654 1672 1778 1576 1783 1651 1734 1739 1784 1793 1737 1590 1621 1567 1767 1649 1719 1564 1769
220 394 1903 1869 219 414 1889 1837 565 1963 374 1852 208 165 1851 1925 156 381 1908 1898
721 894 883 929 801 875 821 687 910 1123 566 954 906 728 923 963 786 994 717 597
159 180 250 209 198 1884 1961 249 88 382 207 1992 181 177 241 1875 1983 1984 1934 1877
87 1909 1975 260 160 1733 1730 192 1923 95 179 1754 1745 97 88 201 166 211 264 1864
1004 1041 1074 729 764 741 1024 876 1146 1140 976 1048 821 560 822 1014 1000 706 978 778
1729 1769 1737 1727 1866 1921 1686 1784 1786 1780 1792 1790 1777 1586 1774 1731 1684 1660 1595 1776
1265 1273 1231 1314 1277 1240 1311 1283 1407 1484 1433 1414 1230 1458 1422 1383 1428 1233 1413 1255
1245 1299 1408 1268 1269 1480 1227 1232 1177 1244 1415 1436 1404 1402 1397 1409 1394 1486 1208 1256
1333 1378 1306 1377 1385 1446 1492 1324 1416 1336 1372 1445 1513 1423 1473 1388 1390 1464 1298 1379
44 1870 19 1962 214 217 277 1746 257 5 279 66 123 206 1732 1750 203 1859 249 6
1674 1733 1801 1676 1588 1567 1833 1702 1600 61 74 1730 1830 1800 1868 1803 1789 1797 1804 1795
197 1898 279 293 61 144 1832 32 287 242 38 273 1890 1931 95 1818 280 204 77 274
576 592 755 551 729 427 650 535 707 556 529 433 681 699 611 734 596 737 411 534
1038 1106 961 990 796 730 880 1064 1159 1052 1041 1125 940 973 728 1013 1047 740 874 1025
598 675 599 664 782 781 773 595 724 749 783 777 725 678 733 694 677 593 646 668
93 1956 1815 320 1905 1762 3 1807 273 159 171 1934 253 249 123 1997 1948 257 10 33
83 1971 1824 201 143 79 50 66 1822 1736 150 57 92 1796 146 313 1965 1744 1738 200
118 144 1893 132 19 1954 27 150 141 307 1940 37 46 109 1892 125 112 134 54 100
598 680 743 766 511 569 641 554 707 684 643 765 573 642 775 659 736 759 768 667
1882 1980 1944 296 54 1835 1793 1997 104 0 1834 109 143 1985 1792 1938 289 1900 35 1969
749 912 872 1014 1018 899 885 809 976 1044 1038 811 1003 935 573 591 966 735 743 804
1746 1863 1719 1945 1813 1755 222 1977 190 1980 1736 1831 1841 209 1701 221 91 1762 193 80
649 669 601 589 654 616 668 473 624 480 485 687 503 629 675 672 670 587 472 468
112 157 1873 1934 128 224 50 1898 54 167 312 92 1907 1878 1940 241 179 126 1979 1903
250 1917 63 247 163 182 1855 1823 375 1805 164 1920 1749 230 210 1976 286 285 177 295
155 1881 175 1975 1957 1842 184 282 1782 1988 181 1939 1922 67 1973 1976 216 1794 94 1905
140 1884 1805 115 1966 40 1851 137 1995 1981 69 1944 1964 1996 138 160 1861 231 295 1965
499 631 470 466 348 656 416 622 350 677 596 626 645 678 512 597 442 486 567 475
1375 1468 1355 1513 1486 1357 1347 1405 1354 1454 1451 1398 1329 1305 1508 1456 1335 1498 1337 1394
703 945 517 571 523 955 672 610 534 704 899 896 526 957 579 1057 951 609 903 575
56 1781 1800 1746 1708 1880 12 1863 1911 1947 1611 1952 1870 1786 1865 9 1670 1840 1604 1771
633 660 590 622 656 518 680 641 619 504 499 621 616 495 613 638 604 699 508 681
1869 1973 41 1907 1919 1793 95 1943 1827 283 52 1756 195 1762 236 1903 1765 72 1744 229
309 349 343 445 306 1976 376 268 1947 143 430 257 351 296 463 491 1935 497 384 310
393 526 557 714 419 731 555 524 703 216 617 426 541 410 361 695 610 436 527 615
3 1904 1832 1848 1924 1888 1834 278 258 104 140 1939 1824 103 139 157 1930 59 46 144
248 1910 191 64 1979 90 381 215 1929 87 1883 375 1936 1802 1774 1870 229 0 283 1852
101 1911 1774 1915 1990 289 1955 1928 1860 37 284 118 105 252 178 203 1869 1965 164 1997
75 1873 184 1844 269 197 92 1751 1766 1913 1763 187 79 1733 1878 176 175 1834 203 1925
562 573 557 751 717 541 1015 405 702 494 613 434 546 413 533 705 425 625 693 718
1345 1385 1409 1443 1458 1368 1413 1501 1526 1415 1342 1478 1427 1386 1490 1314 1496 1479 1364 1407
1589 1640 1529 1690 1687 1789 1609 1641 1659 1707 1595 1556 1709 1692 1720 1652 1580 1646 1723 1695
1538 1556 1499 1391 1510 1526 1650 1521 1626 1688 1506 1652 1496 1588 1534 1621 1675 1718 1715 1579
283 1997 57 212 72 260 1992 1897 1975 60 270 1929 1930 287 100 58 245 244 83 313
1383 1523 1593 1354 1557 1407 1313 1359 1589 1478 1521 1548 1323 1493 1587 1560 1272 1463 1517 1599
749 1010 944 700 1049 823 726 687 586 874 736 589 701 755 931 763 976 692 911 702
1801 1894 1734 1923 195 1859 1777 93 1883 224 1913 1704 4 289 223 1762 1852 1785 1925 1854
508 696 769 639 778 733 779 806 711 770 405 678 428 507 644 773 750 550 1009 537
1440 1474 1340 1266 1451 1371 1404 1411 1351 1362 1471 1439 1279 1500 1509 1349 1441 1338 1470 1365
8 26 1922 102 1928 108 1903 94 1910 17 1879 46 117 105 20 12 106 1893 56 31
210 1886 1894 1800 1993 1915 167 1932 63 261 380 266 1897 1956 218 1979 1811 172 379 258
1264 1302 1213 1481 1267 1257 1404 1426 1259 1415 1289 1385 1387 1294 1471 1201 1295 1406 1316 1408
1639 1719 76 1570 1645 1662 1676 1583 1768 1780 1739 1789 1668 1832 1707 61 1527 1536 1648 1581
512 606 532 521 662 489 627 697 657 541 579 560 528 401 501 714 568 667 404 542
162 207 1963 76 1834 151 1990 1926 1901 1863 1864 217 1825 1891 1996 187 169 1848 1977 1962
358 437 280 396 486 411 362 344 443 333 469 385 504 349 605 426 492 398 419 576
552 592 627 940 774 682 695 594 506 712 969 1018 537 1019 768 744 539 572 765 959
1289 1415 1217 1511 1407 1402 1342 1297 1234 1357 1428 1340 1245 1426 1397 1304 1391 1299 1422 1448
1270 1453 1388 1311 1430 1274 1241 1379 1467 1278 1488 1404 1396 1203 1240 1399 1482 1400 1276 1256
