265 324 305 1535 284 328 303 1545 402 426 258 347 397 252 1533 417 1509 175 415 1519
1346 1378 632 1361 1397 641 1389 716 723 1341 568 609 1344 701 533 634 1393 692 572 688
585 686 560 918 1411 640 894 531 690 597 1338 1295 1310 1392 1320 1294 527 1314 687 546
20 48 108 856 85 867 852 60 62 53 845 129 118 859 895 896 77 877 54 68
31 892 80 861 576 112 81 76 907 11 95 880 573 109 46 38 1369 5 1386 50
617 661 1394 665 647 1318 906 1351 1378 570 626 1300 651 716 711 1409 1315 610 656 1326
1146 1741 1702 1717 1155 961 1744 1165 1179 1729 1176 1751 1109 1759 1684 1048 1134 974 1752 1150
529 568 555 1381 518 1387 492 1357 1462 449 549 637 1428 490 532 1405 607 448 531 626
608 621 594 650 1392 1414 612 558 900 677 562 725 1324 691 1393 1389 550 659 1360 1320
869 873 89 900 11 1367 21 1370 858 817 822 797 908 827 814 809 895 910 29 38
169 181 150 143 121 198 168 112 120 213 224 189 157 259 119 251 225 177 185 194
849 865 2 7 58 80 883 844 887 845 899 900 83 837 878 91 794 851 13 882
567 1417 586 533 1348 1387 519 556 559 538 562 1439 1355 1386 1371 1397 615 1427 641 1420
350 413 1482 363 424 418 409 1493 426 367 396 287 983 281 388 416 297 407 453 1008
631 1404 1423 1362 527 909 686 1426 902 1390 560 558 1324 688 601 723 517 1333 607 571
781 817 779 802 868 759 849 770 840 865 836 835 566 597 814 776 830 590 758 827
1185 1200 1252 1168 1171 1175 1244 1172 1226 1230 1223 1199 1210 1220 1177 1211 1178 1255 1242 1187
76 876 103 912 901 888 882 908 869 840 13 34 902 855 837 875 885 865 101 70
678 1353 571 628 602 1313 593 1330 1325 734 1297 553 606 652 560 1372 712 1307 610 557
885 906 617 1397 900 848 916 913 607 901 614 801 36 84 857 877 18 897 876 1372
414 495 343 431 518 1477 1467 1466 489 439 348 347 471 488 548 401 549 311 345 1482
28 879 115 52 905 896 1384 40 871 24 844 894 81 0 884 89 904 100 1367 91
28 96 139 109 135 118 130 901 12 865 904 111 868 81 862 847 18 903 115 88
426 1470 391 1500 1450 342 318 1540 319 1503 376 462 1481 1442 1495 445 336 331 421 394
311 350 317 278 281 382 287 449 409 327 381 334 415 349 354 290 455 1530 398 369
83 875 31 21 828 32 836 892 841 105 125 883 910 80 3 1367 119 48 91 110
1046 1079 1014 1742 1050 1764 988 964 997 993 1058 1012 1076 1042 1768 1083 1063 979 975 1010
583 893 1402 903 77 1339 1409 526 581 621 32 916 625 67 9 910 650 655 696 865
609 675 1373 658 547 585 651 733 918 735 1313 606 1322 546 1377 592 543 648 1338 1361
261 286 304 253 240 249 252 996 248 255 287 367 1003 342 264 302 262 320 1004 258
823 865 34 844 815 64 876 27 51 868 845 886 70 858 15 807 40 3 889 832
1706 1753 1037 1682 1032 970 1720 1145 1754 1041 1741 1046 969 1768 1666 1708 1149 1742 955 971
824 852 864 55 856 836 70 40 807 0 819 859 84 828 41 813 26 855 886 849
1319 1341 675 594 1382 652 655 595 1340 629 1316 1286 1329 672 639 1366 568 575 1289 659
569 588 505 632 547 902 700 611 1396 507 533 512 1413 1400 662 597 544 1408 1390 1405
1034 1751 957 987 990 963 1757 1038 1022 1118 1114 1719 991 1130 1150 1717 1166 1016 969 1037
73 899 30 44 865 908 888 616 851 67 856 81 863 595 59 12 1371 600 854 605
43 881 917 901 10 842 849 1395 38 81 898 20 80 851 51 903 914 878 1369 107
1109 1147 1111 1159 1180 1723 1099 1137 1169 1071 1164 1123 1768 1162 1718 1166 1753 1760 1138 1765
114 185 142 196 137 140 238 167 248 225 215 239 150 169 226 122 227 236 86 182
618 722 643 542 743 644 589 607 658 1319 659 708 903 732 612 703 639 1317 1384 566
782 799 819 824 818 795 855 853 762 564 869 768 825 817 863 773 786 761 827 596
679 727 692 604 614 677 723 699 1299 627 672 676 634 921 916 1302 713 1325 708 1374
1092 1103 1070 1106 976 1125 1112 1089 1063 967 1058 1061 1121 1132 1108 1087 1067 1088 1111 1126
86 868 866 789 3 818 875 118 79 2 836 796 854 899 827 807 823 128 890 108
674 1366 691 1316 1364 635 1302 665 596 594 644 659 681 1417 1413 679 913 1361 615 588
453 1490 1460 1454 1472 525 1473 535 456 1446 1468 413 1459 405 385 1499 425 486 1486 432
1020 1072 1078 1075 981 972 1010 1039 1066 992 971 1007 1016 1003 979 976 1037 1105 977 1106
9 115 899 858 844 36 20 94 876 154 869 93 107 160 151 911 97 82 41 888
626 656 584 1392 599 561 1328 1313 1309 1350 908 1318 1329 1321 918 705 578 1363 1297 709
567 622 1433 520 611 523 530 672 1385 575 1406 732 581 1431 615 1400 614 1325 599 1339
469 512 388 557 1425 473 377 516 499 504 389 1485 467 447 1404 511 530 391 1508 462
1375 1400 628 1390 664 633 1418 1426 532 1343 1349 1415 536 1407 874 1379 881 643 544 1408
474 519 538 385 1489 481 1502 1497 1479 562 1405 461 496 524 1394 464 528 392 401 1481
580 1391 1408 537 547 588 705 565 686 585 1414 896 532 701 650 641 1347 606 613 704
699 923 588 586 610 697 1323 1329 940 700 589 945 909 1344 1362 600 939 650 953 658
523 1398 616 1457 1376 625 555 510 1437 1410 497 1364 585 1460 581 495 577 533 1431 606
611 668 1352 728 916 621 1378 1399 661 600 682 732 717 1316 915 1371 713 585 1362 545
93 893 867 903 109 10 101 892 572 125 876 71 108 596 79 599 50 91 909 113
701 1312 1351 689 705 1341 628 1347 1280 657 1323 1307 1335 740 1349 600 1358 576 1329 635
83 91 73 906 45 108 62 897 1 96 25 883 17 116 870 71 900 915 121 69
587 679 1298 899 558 778 897 1334 1296 902 666 1314 599 665 701 728 527 1378 1393 624
40 903 27 46 603 870 16 623 50 75 86 842 90 112 7 66 914 1363 852 895
629 911 721 1321 1336 685 603 38 592 692 715 886 1328 1406 737 887 55 1324 663 1386
644 1366 633 638 684 584 565 883 735 686 893 670 589 727 912 1327 600 917 911 1362
325 383 359 263 286 371 389 367 307 484 279 382 256 410 1544 362 354 318 439 943
690 1317 1350 722 657 704 1318 695 1373 716 662 693 715 640 674 1363 1344 1366 623 696
60 849 826 17 95 839 20 61 36 15 904 79 31 75 888 841 66 2 861 895
550 1436 579 546 1426 599 548 454 1360 629 509 558 521 1371 1391 1440 504 547 457 556
689 1343 1347 613 715 733 616 1296 1335 719 1373 697 637 578 921 589 710 726 1362 1312
657 736 701 633 1320 757 588 743 1322 1374 1363 578 607 1376 617 677 693 1294 668 670
643 725 641 724 917 625 645 1390 1315 628 752 646 1359 659 1378 608 751 1373 1381 694
104 112 37 183 42 188 29 44 23 12 2 126 8 33 14 185 148 139 39 96
644 1320 582 663 700 1334 1337 1390 614 1366 616 578 685 1364 1396 1344 1316 910 634 1325
971 1093 1708 1081 1709 1004 1045 1734 1020 1126 1106 1693 1078 1124 1068 1085 1738 1053 1114 1745
835 849 77 873 66 863 875 83 829 0 70 56 64 22 858 846 2 855 825 859
22 66 854 13 9 857 44 69 887 852 862 87 111 67 91 871 879 1 115 6
793 867 904 57 896 823 825 52 831 873 765 79 68 74 3 36 58 863 851 78
588 636 1410 1381 657 902 1322 532 612 1374 1351 697 690 1313 687 641 782 572 691 725
881 908 3 860 865 60 607 671 634 1397 79 880 59 861 637 99 878 883 670 92
141 178 265 128 136 103 151 195 168 196 159 110 193 111 107 142 129 194 97 162
1109 1143 1117 1093 1177 1140 1169 1114 1152 1064 1121 1176 1744 1085 1761 1141 1112 1163 1102 1100
562 632 1359 628 1355 553 1319 1329 517 524 518 630 530 1333 1419 678 727 548 1433 515
481 1452 1482 1437 509 523 1428 538 1443 487 1509 1474 386 457 1438 513 505 1495 1461 370
597 620 702 683 618 729 554 715 1365 780 738 1403 582 1384 591 1338 684 726 677 906
286 311 388 267 358 340 347 374 285 994 322 315 395 412 327 370 414 385 397 295
21 95 884 118 14 132 131 24 69 852 55 37 43 121 136 104 902 874 108 111
639 1314 713 1378 1370 646 1326 668 663 1391 1394 919 1339 670 1338 630 1384 1350 608 573
665 1314 908 911 600 730 654 1359 1350 1370 639 660 609 618 924 1367 1316 651 1290 1382
663 1311 1343 699 679 594 1300 1285 637 675 611 1289 1328 645 1347 1335 723 1368 1308 737
32 884 21 57 15 121 118 874 1388 33 898 844 1379 854 38 46 7 908 1373 96
529 555 515 1378 634 530 508 1366 1406 1362 1435 1352 465 507 538 522 637 601 485 451
990 1060 967 1753 294 1081 1016 291 1029 1037 1089 1012 1009 371 1038 1036 282 375 350 1058
572 1421 654 611 1344 542 1349 505 595 1414 616 576 603 1341 609 646 522 1416 599 545
746 764 767 782 798 745 788 763 732 750 773 712 734 735 796 723 797 751 725 799
927 1641 916 938 1652 947 933 1690 1614 1650 937 677 1661 944 1620 1677 1683 946 685 931
556 1426 511 561 539 566 536 1433 555 583 521 579 526 1357 1429 517 1378 1440 558 520
975 1050 1763 1008 1035 1767 1086 1020 1012 1025 994 997 1741 1734 1046 1735 971 1080 1007 959
1432 1442 472 496 519 462 559 538 1420 500 1422 442 1490 560 534 1404 475 509 535 1491
585 1353 1318 1386 702 1419 1412 1389 536 543 1417 584 1396 662 532 895 675 696 577 664
345 358 389 272 1002 957 1514 382 1531 288 340 1525 337 277 402 423 321 991 998 951
29 82 877 41 6 858 67 15 35 883 64 903 918 5 125 876 910 891 840 20
313 403 1011 369 331 288 1539 985 1549 375 387 293 393 469 348 279 280 282 367 355
240 265 277 180 282 254 224 200 176 286 267 179 250 258 227 208 246 183 219 255
645 911 51 1358 569 603 587 570 589 713 96 696 83 584 643 578 722 1317 89 626
26 850 117 56 45 867 868 72 58 83 818 98 831 805 93 6 864 890 904 101
937 1635 933 1693 938 326 1648 1608 927 1689 1691 1659 947 1668 330 1609 1643 1666 967 1680
1135 1151 1753 1730 1759 1720 1115 1099 1712 1729 1123 1162 1098 1122 1709 1158 1711 1731 1147 1101
1604 1654 1640 1635 1634 947 1619 1678 1644 1598 942 1642 1693 1618 1696 1676 1591 1620 1666 1621
776 796 869 790 811 804 762 774 787 859 778 823 809 757 756 788 858 865 797 855
18 103 911 122 848 58 27 867 884 134 898 92 871 115 131 71 117 6 135 855
498 550 1396 453 506 565 394 1375 584 1467 1401 494 618 508 430 505 1382 545 533 1455
785 796 799 802 788 761 854 784 830 870 868 763 787 762 782 803 560 866 786 811
303 321 376 280 366 947 418 259 373 1009 337 350 351 1002 991 1517 309 1527 352 374
1609 1647 1693 1678 1666 1637 1601 945 931 1673 1679 1656 1622 1612 1591 1642 1634 1590 1659 1631
492 515 1446 416 460 539 1450 534 453 494 457 1421 475 1409 1439 471 490 388 379 1418
1334 1371 1338 882 1364 1310 1341 1336 685 1347 650 653 701 541 594 1416 898 1335 548 1353
534 566 610 1351 1420 572 458 635 1371 555 1388 605 1408 526 476 1401 483 588 1362 454
437 494 375 510 1435 553 1453 1432 415 492 1431 413 518 1444 430 1460 439 1474 524 520
374 416 989 452 988 495 373 501 358 320 445 451 391 485 409 444 322 372 983 425
979 1080 1041 1067 1072 357 1058 1064 1039 365 984 978 1095 1075 296 367 1038 1031 1020 1076
683 1358 1392 1366 687 722 1383 612 663 1353 582 660 1307 711 924 674 652 1347 1382 557
621 1410 653 671 614 560 1319 1393 557 739 1362 524 1428 736 579 537 1384 672 1429 593
311 417 347 505 487 318 503 272 1492 316 1004 1499 322 1001 323 471 360 996 1480 363
597 1342 1324 1330 1332 1384 903 781 547 601 631 667 689 1327 599 602 609 1375 535 1314
54 857 88 872 59 912 46 798 856 64 811 21 796 907 95 814 817 832 845 97
974 1731 1696 1123 1025 1697 1716 1734 1739 1070 1758 969 1022 1023 1771 1093 1744 986 1156 1029
1139 1756 1144 1131 1107 1137 1165 1159 1115 1053 976 1180 1035 1729 1114 1106 1181 1099 1164 967
1691 1772 1681 1169 1140 1153 1110 1756 1165 1653 1160 1640 1057 961 939 1638 967 1166 1762 1719
361 387 413 408 348 1520 445 421 402 422 1548 500 390 375 324 451 414 340 397 346
594 1395 516 704 694 666 1333 692 623 897 894 618 1357 1414 709 528 713 675 889 1329
615 674 914 1415 1376 661 607 1311 644 692 639 1350 671 565 1414 902 564 1307 1418 704
800 821 855 779 847 766 875 775 856 794 765 786 836 811 850 795 812 871 865 797
612 1345 1355 661 611 701 742 680 1397 1342 662 677 538 902 714 900 715 545 1317 675
871 885 873 19 55 30 9 868 801 70 880 824 909 62 15 904 1400 8 901 805
8 110 881 148 87 37 104 95 0 9 71 82 116 69 851 3 99 12 852 25
966 1732 1731 1697 1728 1755 1166 1085 1133 1707 1712 1764 1683 1154 1761 287 1693 1726 1014 975
550 1412 583 494 1385 537 1440 503 578 539 1414 1387 580 560 566 524 1405 1439 1428 542
408 499 502 1450 349 1442 359 397 518 434 565 1484 442 410 494 417 405 488 1488 322
1305 1338 1283 660 597 1326 611 683 600 704 1269 1311 1375 1279 1354 639 667 1274 569 598
24 116 76 901 880 47 84 59 96 36 98 102 130 11 153 186 110 871 137 848
968 1728 1117 982 1710 1157 1093 1725 1753 980 969 1149 1111 1769 1076 970 1749 1161 1746 1080
186 230 225 140 148 137 208 248 257 171 122 145 151 136 191 116 256 125 131 219
559 609 1410 1362 705 651 779 532 1412 603 1436 740 569 1330 1331 685 502 739 706 1347
973 1039 1013 981 1059 1086 1029 990 1096 1006 957 1079 1090 1083 1092 1758 1727 984 1042 1093
29 914 80 665 678 671 28 860 913 675 114 909 49 904 852 41 621 615 865 901
289 312 304 1005 274 408 396 301 385 374 288 337 994 966 355 336 299 306 294 308
1204 1218 1178 1174 1172 1173 1231 1206 1232 1191 1205 1215 1167 1184 1236 1196 1223 1222 1179 1188
2 66 70 112 79 104 103 913 837 866 839 884 98 20 899 43 916 93 60 870
544 1361 704 499 1376 591 1433 465 1435 1436 548 639 529 688 575 572 1382 546 476 1386
