486 547 510 362 489 498 392 536 394 505 361 592 564 580 529 299 531 494 534 576
531 573 456 427 628 492 598 498 518 579 615 527 478 616 482 538 446 425 468 549
628 651 636 670 589 581 601 656 580 677 663 626 629 635 683 669 643 606 610 625
598 615 640 629 637 547 577 655 617 642 566 572 650 584 555 624 565 564 550 616
811 836 878 897 48 27 803 869 863 787 857 791 773 54 895 915 851 67 839 806
833 873 44 786 797 872 802 887 903 10 947 21 825 35 824 832 834 978 13 3
307 452 277 403 525 465 527 411 290 466 461 512 491 468 508 323 370 292 454 407
424 518 506 415 520 364 441 501 525 423 421 539 355 467 471 526 306 393 532 357
898 913 81 10 833 875 894 873 895 934 47 22 1 973 916 61 947 18 832 829
511 594 630 459 469 549 569 530 474 407 576 447 615 528 568 479 488 613 584 515
859 917 75 979 67 906 808 930 964 71 837 11 895 978 822 73 833 919 889 68
315 363 427 282 472 413 395 379 416 466 300 384 362 345 374 402 470 484 341 298
839 877 950 886 956 949 891 943 864 70 904 850 827 83 866 794 69 876 920 939
548 602 496 530 519 583 591 640 540 559 597 552 564 511 529 584 507 633 500 521
653 669 635 615 672 644 662 656 663 667 646 654 629 623 611 677 647 664 632 625
866 969 907 977 55 946 955 30 29 885 903 34 898 93 872 824 970 967 889 934
396 427 514 462 459 431 325 406 484 400 411 432 534 490 358 436 450 408 410 541
7 845 19 794 66 61 946 809 914 1 23 817 875 81 893 876 873 850 9 919
80 95 859 135 950 931 24 951 898 175 923 872 47 13 942 58 962 33 103 60
26 942 853 868 933 9 8 72 11 89 849 30 22 52 888 36 58 85 860 883
512 566 570 554 618 452 563 611 491 414 476 474 486 423 591 464 555 498 526 532
276 308 456 284 262 351 324 335 446 378 398 281 479 342 269 466 416 307 381 293
74 91 96 121 944 888 48 883 114 979 923 858 860 47 83 974 89 968 49 903
914 931 29 7 853 78 45 905 36 91 863 874 877 910 947 0 949 838 866 39
88 114 930 945 976 106 67 151 7 81 17 958 63 129 87 3 146 111 62 90
127 149 117 106 189 119 152 130 172 105 108 96 165 124 164 135 187 143 145 100
355 421 392 329 411 442 357 364 413 447 469 543 501 527 309 516 308 328 412 438
377 462 314 349 494 374 520 396 511 470 499 290 347 306 535 457 335 508 404 453
324 387 361 292 383 338 438 335 318 409 382 427 333 442 450 319 332 408 309 363
30 866 864 95 39 898 895 65 951 24 5 94 926 891 833 884 33 89 859 942
857 946 76 868 802 60 81 873 954 860 87 812 75 42 3 955 931 69 965 64
872 937 822 942 871 875 860 889 98 74 973 856 832 908 854 1 34 847 892 882
33 857 3 916 799 824 943 928 892 34 796 816 918 1 60 879 827 931 813 797
177 221 218 185 136 101 251 236 126 121 193 255 189 197 254 172 106 230 99 175
434 524 470 408 591 590 532 421 415 393 420 366 485 430 574 399 441 474 472 413
182 207 175 168 222 210 161 98 232 184 118 125 114 217 100 164 162 108 122 233
410 531 411 424 450 528 503 533 392 509 437 570 448 550 330 502 564 315 407 352
17 44 22 83 813 856 851 72 14 939 77 68 944 0 925 21 921 873 840 909
553 604 534 643 570 622 517 512 614 596 525 496 626 545 569 605 494 644 576 536
178 207 239 164 96 137 176 231 156 161 246 122 211 180 143 234 129 217 194 193
207 252 249 251 269 271 275 219 277 179 216 235 218 183 192 165 191 270 175 233
329 344 452 407 480 447 323 367 303 290 307 396 461 368 310 298 479 464 308 316
66 874 828 8 10 16 901 896 836 81 827 971 93 40 862 21 810 832 86 39
875 939 835 52 77 834 889 3 969 979 822 844 917 69 849 94 912 919 848 30
538 578 477 563 498 473 411 424 613 593 476 447 467 526 624 494 609 457 485 616
307 338 381 489 301 280 293 469 468 456 299 388 365 413 373 300 351 270 442 499
399 459 342 306 359 437 314 414 337 302 349 295 287 495 396 433 488 427 309 395
877 929 28 867 879 25 36 931 907 41 912 75 42 878 949 813 19 814 45 64
362 422 443 377 310 460 430 479 462 431 478 426 544 423 501 432 522 303 470 399
49 842 854 65 932 808 880 870 11 922 831 818 977 951 957 865 876 866 900 884
825 848 50 797 886 840 779 914 37 61 35 807 6 826 849 813 19 820 854 827
77 937 930 70 894 909 954 924 931 936 56 888 19 37 935 5 96 102 1 948
746 764 782 797 713 725 766 737 738 790 780 798 726 783 772 703 733 732 717 730
791 840 24 889 762 18 779 29 870 59 812 787 786 844 863 35 775 60 830 63
926 969 970 857 855 949 77 889 842 870 80 962 848 98 27 952 877 879 46 963
60 900 951 49 834 44 1 59 10 828 857 811 883 913 890 901 914 887 946 879
138 180 123 211 235 225 198 124 222 226 206 114 239 197 224 153 212 105 201 170
63 76 845 917 26 866 879 23 66 838 24 933 84 100 9 847 948 4 895 27
17 888 76 864 968 860 922 86 862 854 884 934 837 843 954 833 836 50 85 16
396 453 323 525 433 343 359 541 445 496 341 498 480 460 345 535 360 376 317 504
420 513 438 435 529 436 574 565 388 534 411 548 334 481 528 430 399 330 295 424
284 481 288 475 271 566 292 469 294 568 322 527 534 532 253 464 522 567 389 404
827 856 813 917 12 41 51 898 888 71 936 845 68 833 50 40 27 979 948 74
0 898 70 957 838 915 876 81 933 28 944 49 99 18 971 969 24 882 25 857
5 862 949 871 860 866 901 921 848 920 967 843 874 879 84 958 35 844 25 73
414 541 370 461 518 366 600 527 536 481 422 397 354 609 352 302 323 510 411 599
37 956 896 847 864 840 958 49 12 826 17 88 65 14 885 28 844 894 53 959
191 209 232 214 197 131 108 172 113 101 103 119 243 124 125 204 122 133 222 192
49 901 871 944 12 939 21 32 3 62 945 972 54 56 68 932 45 15 959 929
301 393 416 453 420 417 377 410 348 495 339 423 490 368 419 360 357 403 375 366
391 464 475 303 535 539 507 451 436 371 403 298 432 334 487 443 431 485 499 288
320 361 455 480 488 423 287 442 330 439 370 352 484 277 365 371 322 487 321 302
12 882 848 967 909 71 958 905 45 913 94 67 940 826 38 943 953 876 95 10
859 929 840 56 2 965 883 820 922 803 838 86 39 813 911 948 38 6 58 835
820 861 76 874 794 824 891 856 69 14 894 77 782 953 960 876 28 775 828 831
78 914 970 50 846 838 927 65 967 8 969 854 79 972 848 971 850 76 855 58
298 357 305 355 423 323 326 401 492 313 363 438 324 271 303 336 379 455 284 469
866 972 102 97 1 37 836 838 842 977 936 887 75 928 79 11 933 22 959 16
342 395 381 443 492 396 455 478 433 364 402 361 386 470 360 318 479 415 477 482
259 287 238 463 479 493 460 226 228 322 325 280 298 489 455 453 482 229 477 484
5 868 45 16 90 824 11 902 51 876 900 864 890 70 8 891 69 0 850 877
37 963 88 878 845 929 901 923 49 946 859 31 56 967 829 91 956 869 38 39
460 511 419 367 317 472 479 495 496 284 535 430 546 561 313 388 534 538 310 347
264 287 518 476 274 454 487 327 286 307 468 453 519 311 247 295 489 261 469 289
339 372 455 414 394 316 473 323 382 446 412 450 365 318 392 329 335 330 397 441
567 598 649 635 622 491 549 614 523 596 512 547 511 516 556 530 576 633 572 509
242 257 288 195 234 178 266 249 230 224 204 290 248 252 246 286 284 239 218 225
184 205 236 203 180 119 207 218 111 105 183 127 174 181 162 179 237 192 97 247
6 850 800 7 880 32 916 12 866 830 86 74 833 821 884 47 809 917 55 51
116 140 179 94 143 137 182 152 98 132 138 144 161 97 194 159 187 87 91 108
456 518 373 355 380 385 295 507 578 476 551 579 403 508 312 462 314 294 570 366
520 567 579 454 418 470 581 479 540 450 404 505 591 545 539 533 530 399 407 461
82 942 967 964 940 81 83 920 886 910 878 48 900 859 90 847 100 99 854 63
464 535 385 529 302 489 387 409 306 281 494 386 329 506 303 593 513 498 280 441
280 320 264 283 348 262 305 417 316 267 256 352 252 478 249 480 310 260 445 304
32 860 881 43 934 895 794 863 938 873 64 866 852 900 21 78 914 880 977 888
575 604 639 563 646 627 566 632 510 532 549 562 610 498 651 584 535 602 628 643
541 577 620 609 422 545 436 607 504 475 446 434 568 429 506 498 443 579 584 433
825 902 66 21 37 930 871 830 789 783 851 69 855 791 13 790 904 779 787 955
390 486 396 460 288 445 465 446 392 344 430 343 327 511 347 349 508 426 371 284
405 418 390 393 325 432 521 337 472 327 428 532 455 316 493 382 397 318 489 499
87 111 976 86 6 152 66 8 81 146 7 70 977 979 176 144 9 113 27 931
305 484 537 301 444 508 490 411 364 526 567 441 396 387 291 472 459 357 381 493
431 538 455 363 428 607 357 569 515 570 513 602 598 436 512 522 485 564 575 444
66 979 37 929 83 36 905 859 840 79 894 870 75 12 856 27 942 926 39 927
97 961 853 899 116 895 162 931 171 114 923 176 94 3 921 174 974 861 876 58
304 458 528 468 504 389 286 392 374 473 485 539 380 505 451 328 318 470 343 535
393 443 390 453 380 311 353 377 523 323 321 472 366 518 360 450 342 340 430 448
869 930 904 841 828 920 916 895 5 961 877 1 848 81 25 55 918 917 823 970
392 414 534 309 393 381 375 509 510 506 355 538 488 371 472 415 310 417 335 426
581 609 563 603 497 559 622 523 619 616 646 569 610 599 635 546 499 539 567 489
65 961 831 930 931 72 25 97 13 81 844 894 79 846 860 899 935 42 100 83
496 584 529 634 615 578 523 557 447 455 550 601 287 469 445 559 543 527 597 580
292 305 478 376 284 487 368 482 443 389 465 441 473 401 316 286 447 333 340 364
336 414 500 326 359 313 452 388 514 495 426 532 529 360 504 470 383 455 435 315
148 166 117 105 133 104 134 136 109 202 162 201 224 94 189 229 215 127 126 208
360 402 412 460 401 449 439 467 315 480 435 511 307 300 446 363 479 337 379 375
358 472 409 439 329 372 509 433 383 526 352 359 463 431 389 467 323 418 424 496
32 63 831 85 45 64 10 906 833 895 926 966 31 866 923 49 849 842 35 949
79 97 923 51 927 863 885 73 114 874 879 899 42 944 931 973 945 176 975 106
878 920 874 918 16 863 893 62 922 883 879 69 967 937 873 906 830 21 838 837
859 959 842 70 835 960 13 928 807 51 931 955 849 59 920 957 839 16 912 799
798 848 810 847 873 799 858 63 868 787 886 807 841 58 933 36 778 45 46 56
44 872 978 41 922 4 936 869 934 949 5 84 879 66 881 968 45 873 853 31
49 68 86 941 85 955 16 73 46 876 839 35 823 95 96 853 838 878 74 19
255 284 245 226 453 310 457 481 483 308 478 491 239 475 317 287 473 259 462 298
194 243 230 237 200 211 256 225 220 164 255 123 174 182 233 266 261 206 177 228
366 404 437 415 295 441 309 380 405 334 296 520 359 338 422 342 414 399 428 442
371 402 512 388 330 305 503 521 467 396 302 309 408 406 380 497 364 507 525 422
1 936 848 26 884 74 908 49 969 89 81 80 890 55 974 50 73 54 858 918
22 912 25 898 94 75 882 63 855 947 43 96 55 875 73 904 905 64 7 24
36 890 968 34 9 16 82 827 832 66 979 84 940 828 893 79 53 40 54 46
318 346 324 344 485 477 280 304 358 334 375 320 335 390 360 394 333 410 288 276
411 519 364 572 294 369 336 534 566 449 455 538 431 555 571 467 512 558 476 454
617 637 550 666 660 568 554 608 565 606 581 607 644 638 605 653 595 571 562 572
498 539 452 538 460 434 454 464 602 560 534 543 559 468 575 421 497 296 482 607
335 471 367 469 466 327 358 531 403 349 326 449 339 382 385 380 350 503 410 340
726 746 700 751 756 706 765 698 731 775 704 697 784 716 773 724 759 717 728 681
378 401 407 421 437 345 313 369 498 509 461 492 447 321 336 467 522 425 486 420
575 598 567 539 596 546 527 621 563 646 622 584 648 620 632 607 535 637 515 628
296 460 390 505 521 408 455 305 396 328 346 399 539 445 313 286 495 506 476 477
166 199 104 142 152 176 184 200 114 181 219 98 174 249 229 106 206 130 113 212
0 919 83 870 940 81 40 849 79 970 877 899 861 30 72 902 886 29 840 23
798 833 826 864 762 828 814 854 856 873 815 867 62 44 918 804 851 778 52 60
125 150 174 119 98 103 179 137 113 117 151 169 183 148 156 188 184 99 114 155
873 969 829 888 80 976 962 872 845 76 48 42 871 813 894 3 12 946 889 810
527 568 589 425 509 473 424 522 423 450 436 407 616 613 435 519 501 529 478 446
26 911 861 35 34 65 918 857 939 965 938 951 836 8 72 4 900 870 935 907
218 254 199 285 177 287 185 234 220 189 184 246 249 212 209 213 200 168 179 176
17 82 890 951 867 6 46 941 98 62 974 958 972 891 88 860 843 888 904 914
