99 643 586 676 86 569 137 627 56 127 136 29 658 7 111 599 106 591 93 79
47 94 583 145 672 130 586 571 625 554 82 622 593 580 558 57 670 13 661 115
116 647 600 130 137 31 69 44 601 86 587 579 147 592 561 567 127 565 164 45
377 426 442 402 343 337 404 387 434 417 322 411 361 336 430 453 369 446 413 319
205 243 278 281 237 221 173 197 300 184 306 249 179 297 295 211 183 178 246 304
495 507 478 510 545 534 506 529 551 538 553 512 481 532 535 546 468 496 474 544
579 649 650 665 574 541 625 97 29 604 563 599 551 68 62 638 555 581 620 71
213 259 219 244 290 230 289 228 320 265 223 264 207 204 211 215 262 270 216 291
479 492 446 534 464 501 489 465 518 473 435 449 475 456 436 455 470 468 463 483
612 652 28 575 91 602 646 32 643 550 563 64 645 46 603 92 81 42 673 675
126 143 94 91 112 79 70 119 104 124 108 139 155 82 157 88 110 118 80 123
129 141 112 101 67 182 645 68 75 184 89 69 110 88 111 105 155 93 121 161
97 153 107 584 183 575 132 613 626 53 635 647 103 667 163 52 640 142 65 12
0 531 55 41 86 52 18 508 77 74 515 540 9 35 547 43 507 532 3 2
403 449 344 393 486 446 386 353 441 424 427 376 461 475 346 383 374 439 351 406
36 517 5 0 497 23 60 61 24 66 26 63 1 641 78 4 2 473 85 540
569 609 547 636 578 626 613 99 65 523 570 612 559 81 64 107 533 581 631 598
459 477 522 492 475 524 478 442 428 451 504 510 491 479 490 420 440 452 526 509
59 575 634 24 600 37 592 550 66 48 610 84 649 662 30 532 654 643 551 650
210 256 235 263 295 205 292 184 224 247 220 236 171 308 159 298 304 243 258 305
425 435 421 442 446 405 420 370 391 456 375 471 387 363 401 466 400 444 447 393
325 359 407 382 420 395 388 292 392 306 354 415 366 399 320 330 346 333 340 327
576 646 626 67 590 674 84 549 73 70 622 657 95 125 641 35 128 563 107 124
325 355 389 322 303 413 344 316 366 357 367 330 404 306 315 407 374 396 333 323
69 660 64 658 133 90 54 582 672 573 87 31 77 118 6 22 671 42 622 128
16 87 528 632 587 662 589 549 94 64 523 145 615 649 110 127 103 40 628 46
53 552 68 61 656 625 660 553 50 13 76 551 8 535 616 517 80 62 661 550
349 365 306 375 407 401 325 386 302 336 308 411 305 398 327 424 397 345 309 404
100 617 605 135 660 628 62 3 644 87 54 603 592 79 78 76 148 101 579 149
241 256 300 238 199 298 270 281 228 234 273 313 276 219 272 292 203 226 271 291
99 676 152 59 600 64 73 601 650 32 111 16 133 41 636 11 582 5 20 107
34 70 3 78 9 14 593 11 19 617 514 625 80 96 543 128 517 25 100 600
75 608 77 82 609 594 649 631 57 633 590 91 644 574 3 66 11 673 61 567
160 208 260 143 189 266 124 117 245 163 202 252 220 193 168 246 218 140 214 125
246 275 268 302 257 281 304 276 197 209 289 191 208 217 229 195 294 292 205 273
206 229 244 185 171 157 238 199 255 218 217 228 281 252 260 197 234 212 170 156
97 664 34 601 674 12 129 569 90 602 672 615 26 673 584 137 130 656 127 670
282 314 319 290 350 309 268 299 374 321 293 306 304 337 356 339 301 261 257 343
14 76 37 33 598 41 46 112 87 671 69 573 585 133 109 616 672 540 567 554
9 533 529 35 515 70 557 574 20 534 501 93 570 71 549 91 559 53 555 502
182 241 299 293 233 290 187 279 281 292 215 301 211 276 148 302 184 161 162 298
564 610 571 609 538 86 89 565 99 515 647 563 555 62 93 71 635 533 95 562
534 549 59 599 528 55 502 603 499 591 4 10 51 524 589 563 608 504 67 586
612 649 597 655 59 648 571 79 121 626 106 92 600 97 90 110 654 601 22 556
54 86 544 557 45 7 122 673 652 654 50 103 612 142 138 64 534 30 625 36
112 642 647 88 580 577 605 149 79 155 163 33 104 74 152 25 29 648 76 42
507 525 469 475 491 506 32 527 560 552 8 37 29 531 510 12 31 532 47 33
66 611 38 543 606 645 57 644 605 573 574 672 77 647 602 662 81 76 119 86
65 602 105 642 589 624 16 84 103 593 601 20 30 621 28 547 584 575 72 115
36 61 87 81 73 646 561 616 114 591 42 611 108 1 53 648 50 570 542 39
76 656 23 16 118 40 612 669 135 605 100 555 131 75 20 623 627 614 72 99
180 231 249 282 199 189 150 165 217 253 257 157 156 267 225 149 137 239 264 269
529 544 491 488 5 496 57 495 65 542 0 60 8 27 590 581 13 500 573 37
437 455 442 464 414 415 456 483 384 394 427 392 461 386 381 474 488 481 407 459
74 667 571 0 32 661 94 664 580 577 48 115 628 6 15 9 573 42 623 610
60 558 68 534 106 666 607 526 632 18 638 614 102 90 561 98 17 612 110 582
92 588 658 674 112 639 633 565 109 62 122 594 98 543 15 574 657 615 18 68
41 64 30 73 86 651 598 521 558 32 529 56 20 85 541 631 46 559 648 540
374 399 434 311 393 436 319 371 343 353 431 400 422 440 318 446 359 344 341 320
624 673 89 610 38 32 74 613 63 16 619 78 30 659 17 15 604 582 595 14
550 601 84 552 612 569 643 20 96 583 5 520 43 650 616 672 673 624 667 85
145 177 130 189 161 202 155 221 97 86 204 147 91 216 212 236 185 188 231 163
589 626 90 550 628 617 614 592 77 564 67 99 71 648 675 545 72 105 66 571
94 641 29 54 646 595 604 71 13 674 675 598 664 597 608 81 571 109 647 74
25 660 515 37 543 94 111 533 42 80 671 619 651 538 620 624 102 583 529 55
87 617 564 52 65 61 124 668 625 121 40 68 574 615 115 589 552 18 581 652
544 574 23 65 1 29 600 4 40 81 85 47 569 12 44 89 668 527 654 625
531 572 629 645 540 39 38 644 586 23 500 511 535 490 595 653 487 482 558 667
213 258 175 173 312 236 174 224 246 232 245 318 314 257 166 209 282 163 307 263
301 340 349 268 262 382 374 332 258 360 308 244 255 246 321 278 378 304 352 261
402 446 464 376 368 422 437 400 470 433 447 340 469 420 399 417 476 384 466 355
543 561 523 39 501 612 507 609 602 76 638 659 33 11 577 538 86 51 558 85
0 24 84 68 33 27 38 647 663 19 98 55 646 548 44 669 61 652 64 91
85 633 57 37 590 16 50 630 587 12 555 110 83 572 631 603 636 79 100 40
137 147 115 158 171 132 124 97 120 110 169 154 100 134 189 93 149 122 116 156
305 325 370 242 328 271 277 346 256 333 366 319 351 265 322 317 306 251 290 309
203 246 243 182 231 188 155 183 229 230 191 167 226 218 227 159 224 201 280 236
215 266 256 292 227 234 178 257 174 187 309 241 263 260 180 233 319 310 179 244
302 341 367 339 383 322 391 246 364 295 360 375 337 317 358 263 328 338 261 362
56 558 508 62 512 105 84 603 661 510 611 58 557 511 559 632 541 575 610 50
77 127 654 2 151 571 565 25 155 570 9 142 87 63 555 50 130 20 73 156
432 446 400 448 371 424 381 467 438 392 479 460 396 388 465 375 374 469 421 390
580 631 104 674 666 109 552 546 108 568 670 549 660 99 639 544 653 84 80 577
28 83 532 610 676 655 40 592 561 574 104 642 128 515 560 514 566 528 133 609
15 70 63 2 78 617 47 632 568 563 95 648 40 82 573 73 55 45 558 23
228 261 177 203 306 301 167 291 179 163 182 278 235 254 272 165 238 244 314 172
564 626 79 55 662 70 614 539 623 664 601 105 639 566 577 575 625 579 67 562
594 662 559 39 644 99 666 73 668 588 574 613 597 629 30 606 675 84 28 655
561 593 526 532 636 597 676 633 67 555 84 601 519 578 522 544 576 90 89 527
242 265 303 274 196 312 194 203 223 305 191 292 190 193 278 291 316 257 290 313
84 643 37 649 67 130 34 638 596 25 667 581 118 6 57 125 119 21 48 666
54 562 83 625 602 59 590 668 589 34 79 38 662 525 613 547 623 526 587 29
564 614 59 676 515 641 58 91 567 561 650 79 675 599 65 66 537 531 607 94
138 171 150 137 228 151 113 177 155 179 107 231 221 124 180 140 212 217 203 161
52 88 66 667 630 629 573 89 628 14 564 588 610 623 138 111 554 552 131 51
36 676 579 662 88 641 84 14 45 92 523 76 108 589 60 30 26 529 19 3
90 636 100 561 148 85 627 664 615 72 66 575 628 44 670 629 657 624 19 104
47 671 61 594 570 53 638 97 12 616 625 62 585 527 25 537 94 544 39 626
76 592 110 555 605 649 19 41 65 12 624 118 556 582 631 659 58 55 646 654
499 530 540 563 541 503 521 516 565 38 534 22 538 498 464 526 12 4 568 31
587 657 606 663 625 655 546 66 92 580 668 97 39 112 633 584 23 93 590 77
442 464 435 469 425 496 409 441 491 434 495 408 415 465 454 460 404 444 431 429
21 538 64 581 664 36 60 663 526 19 45 544 58 518 54 565 560 80 79 90
75 111 576 91 622 83 134 88 30 657 650 22 56 601 23 144 39 663 603 53
567 674 84 589 655 630 69 603 625 105 661 572 605 606 623 97 89 633 22 541
143 169 105 150 180 95 211 196 165 115 101 201 134 170 93 179 174 229 199 88
126 644 65 77 591 117 37 590 561 594 569 667 94 87 39 104 125 118 74 91
79 613 574 626 554 63 656 580 77 53 638 603 134 673 604 572 54 82 612 40
83 587 107 125 652 625 4 647 648 598 558 8 656 556 82 73 138 666 650 26
237 275 208 215 239 242 304 202 222 300 318 260 315 258 210 255 280 262 233 254
256 317 265 215 331 237 264 296 339 356 205 221 349 244 218 251 366 314 202 276
65 642 93 637 12 641 621 112 50 588 597 96 118 27 108 587 32 114 557 658
614 659 563 601 577 590 57 646 651 106 65 48 560 89 610 107 612 592 71 28
381 415 438 337 409 343 414 422 429 385 424 404 345 338 431 389 332 374 369 428
210 236 213 262 198 282 164 249 184 227 273 263 280 189 257 225 299 243 242 240
79 662 634 81 102 566 628 132 596 135 12 630 575 133 77 50 28 645 117 600
617 646 108 41 667 129 558 591 113 580 660 672 614 673 583 101 76 75 120 131
526 570 569 47 565 540 483 92 538 37 496 10 36 546 484 657 660 653 525 19
335 381 296 434 341 304 302 391 365 438 424 437 318 353 429 420 402 326 404 395
299 321 349 352 331 357 353 261 329 337 359 356 292 242 325 334 236 305 304 303
442 476 529 429 458 470 517 524 460 403 480 452 394 511 516 462 513 518 504 446
63 118 652 110 647 628 33 108 157 663 72 589 101 75 654 22 105 99 35 606
565 619 599 523 96 655 668 664 560 624 528 563 575 670 547 541 68 633 559 520
91 119 139 629 573 51 652 654 44 54 634 579 8 143 644 125 89 133 150 56
201 244 242 297 182 196 155 176 188 247 232 265 203 308 303 168 208 246 183 235
24 86 600 589 641 55 126 74 61 3 29 102 130 39 647 638 568 72 82 101
322 361 397 292 356 277 388 296 312 387 420 382 392 424 348 279 307 366 274 402
53 555 506 75 101 674 585 528 602 88 59 515 47 662 74 93 605 624 607 601
566 592 606 79 627 650 628 550 542 622 555 660 538 600 570 610 623 563 643 556
627 653 671 116 93 68 564 75 41 100 66 552 673 586 649 29 27 121 591 115
611 645 118 133 130 28 627 43 128 45 32 648 656 563 647 132 74 109 654 66
185 225 147 165 236 199 211 197 220 144 202 254 148 214 150 195 270 222 151 208
424 447 376 387 417 487 438 483 462 420 381 379 469 371 405 392 477 403 470 480
377 411 322 367 429 376 428 360 401 447 323 437 404 374 366 370 405 349 418 436
302 326 337 262 322 369 378 264 273 241 356 315 383 374 350 261 318 270 298 243
586 669 600 583 545 611 557 606 55 616 638 624 24 91 97 643 656 95 668 31
300 317 258 278 366 251 365 376 293 337 254 260 372 239 345 371 348 279 321 359
158 177 173 153 162 113 184 107 131 220 216 189 199 160 126 141 143 236 112 170
40 78 585 527 602 630 632 670 42 581 73 130 623 31 4 111 639 10 552 1
268 318 293 264 236 349 260 365 373 352 335 305 313 267 223 361 270 346 289 242
381 407 377 388 410 426 422 367 427 421 420 343 341 383 445 442 451 403 453 432
207 252 256 295 165 312 183 176 311 249 300 279 305 276 313 309 270 234 272 314
99 619 56 86 83 647 575 66 67 54 567 624 625 84 88 82 645 641 630 598
75 580 672 125 546 588 86 100 565 120 59 130 27 11 13 96 630 611 134 64
81 136 160 157 18 644 141 119 28 571 642 20 627 55 567 147 610 651 125 131
25 82 527 138 584 75 128 586 602 619 108 648 516 562 658 633 19 135 625 616
622 658 101 50 615 558 657 77 51 594 666 595 587 39 64 651 627 102 85 16
221 268 260 246 315 237 230 317 209 174 313 290 299 215 166 226 316 306 163 259
408 423 438 389 406 454 401 462 370 441 357 352 367 405 433 463 383 372 443 447
375 412 356 327 430 415 454 323 334 427 393 319 369 366 435 451 426 437 378 370
