5 692 67 78 674 655 62 753 654 744 10 59 106 23 686 55 76 702 18 750
305 345 266 359 286 318 293 382 307 377 278 331 271 249 282 317 277 384 246 258
356 400 429 384 354 355 372 370 444 434 366 336 449 340 320 442 389 353 401 369
375 401 360 459 446 355 357 346 384 348 372 417 453 443 383 381 531 468 456 352
116 174 124 129 17 126 206 201 96 10 20 137 188 192 186 4 200 734 91 226
670 688 676 51 659 603 581 589 61 665 585 40 54 21 649 48 645 636 668 36
287 329 340 245 248 358 368 296 325 295 293 349 281 250 339 264 361 291 342 294
324 346 317 360 272 263 293 342 299 292 373 377 311 320 352 376 382 353 381 335
305 342 276 290 246 374 331 314 344 263 373 248 303 294 322 377 304 282 351 368
526 581 589 625 539 571 529 641 464 578 405 560 619 643 561 517 473 524 632 672
97 118 121 753 147 709 741 69 77 113 55 62 708 137 734 130 150 146 16 728
593 656 631 693 560 698 648 561 609 634 613 607 617 690 534 620 28 636 640 577
325 343 303 381 309 350 300 353 264 274 302 284 297 372 331 306 279 313 352 268
697 747 92 19 736 104 721 53 105 693 660 45 52 23 61 711 79 716 703 724
18 717 84 694 91 42 736 685 8 113 94 33 683 93 83 12 704 103 101 690
551 614 561 638 521 620 643 581 527 537 680 635 642 522 636 557 549 568 659 673
671 688 661 632 594 53 663 704 66 40 591 628 646 48 670 751 582 579 6 669
40 747 632 742 629 704 0 687 95 677 753 89 123 90 96 41 684 652 108 79
34 700 734 44 726 620 708 74 75 2 719 90 81 88 41 9 36 739 38 626
580 596 531 655 542 549 644 631 540 535 563 528 604 680 595 558 547 639 660 618
643 668 640 35 672 595 646 676 591 598 661 585 546 49 638 599 580 548 674 571
618 657 604 632 634 57 562 672 64 687 700 663 586 579 41 693 552 694 564 699
39 680 615 592 34 627 602 652 3 7 696 92 82 87 682 659 688 632 698 104
556 619 585 604 674 574 632 564 618 583 518 646 520 521 628 592 590 545 588 678
45 661 652 646 598 3 631 8 576 24 600 714 749 618 574 82 15 690 642 601
160 172 110 100 194 131 104 183 201 145 133 97 202 98 217 221 103 191 195 121
257 264 272 222 314 304 233 234 311 277 327 266 284 301 293 294 249 270 307 305
340 353 383 295 364 390 397 368 304 385 382 298 336 318 362 313 355 337 338 329
467 489 458 472 442 466 463 438 491 431 417 507 435 494 490 519 439 496 393 462
478 524 462 533 466 593 571 461 514 544 512 443 506 574 559 440 550 451 474 523
551 597 532 657 670 639 634 622 521 656 572 619 604 628 567 587 570 529 644 645
268 282 246 307 306 265 339 321 344 300 305 342 249 267 230 229 299 276 288 292
58 752 628 67 745 79 46 633 735 656 695 1 40 29 737 631 70 27 703 49
269 326 236 285 334 249 329 327 238 271 324 323 245 279 275 311 282 262 328 331
609 630 567 31 608 623 38 595 640 40 554 573 654 60 655 657 596 44 62 50
377 388 432 345 440 369 390 418 452 400 433 430 421 457 462 362 414 453 360 464
532 576 402 524 618 624 539 520 541 605 512 601 585 548 643 637 588 580 578 629
557 610 577 678 667 522 562 563 634 645 594 567 591 569 587 622 656 612 611 535
326 358 308 381 383 307 320 321 340 290 273 297 371 325 413 337 276 394 294 406
78 113 87 96 115 13 81 128 697 134 54 83 747 119 745 692 67 41 111 141
367 446 467 354 468 412 348 400 419 373 435 480 453 422 401 445 459 439 377 372
217 249 261 174 213 245 186 258 277 262 204 301 278 172 285 297 177 308 220 185
129 166 147 90 146 138 161 154 115 103 102 131 86 124 197 183 749 168 172 111
583 639 524 609 31 65 599 643 638 529 601 647 595 596 46 605 561 663 550 39
341 374 437 362 420 344 411 421 329 428 403 302 297 354 328 338 287 307 292 445
665 701 25 717 662 736 29 587 659 27 85 79 684 4 32 666 49 629 647 748
631 664 590 615 559 616 26 680 579 60 620 636 649 677 694 675 695 600 47 45
677 693 613 54 37 57 725 705 690 689 712 18 32 85 8 28 639 80 17 50
398 469 385 416 430 441 525 351 376 497 438 445 484 454 523 466 452 440 446 417
43 629 753 748 592 24 104 98 742 566 686 92 588 40 556 596 53 696 575 663
223 261 317 198 298 232 184 225 278 183 310 306 282 270 200 309 182 197 273 293
598 674 603 578 581 595 683 554 561 592 689 597 565 607 30 639 605 651 680 669
656 699 630 672 592 82 748 61 566 83 599 720 28 641 574 628 605 675 20 680
486 517 456 563 533 502 506 578 464 483 509 515 581 457 498 575 470 514 489 527
37 76 78 116 42 44 6 732 9 687 631 87 16 726 679 60 121 656 110 59
601 647 600 667 605 33 574 570 554 608 636 536 560 635 578 564 632 67 666 40
703 739 48 81 743 659 103 91 128 685 95 724 115 33 682 14 749 76 15 13
202 249 170 279 205 312 229 172 200 213 176 189 274 272 214 185 268 232 315 239
89 120 176 698 721 713 148 726 737 59 65 131 54 165 17 110 128 78 25 103
76 733 110 46 730 121 731 695 0 84 98 66 56 105 723 715 702 722 12 4
600 630 548 650 37 553 532 49 604 559 551 45 38 672 569 637 42 26 61 56
120 140 109 119 168 9 85 150 752 94 149 111 167 106 8 14 74 732 7 113
581 629 646 33 526 615 524 546 538 46 40 64 655 668 555 533 588 29 636 619
579 611 612 604 665 610 655 666 608 618 538 656 542 681 574 517 636 572 531 590
124 741 158 112 62 78 155 91 46 84 102 740 145 126 99 154 88 753 77 96
62 719 718 108 63 89 701 728 1 80 683 741 649 689 65 96 85 682 75 723
499 516 574 484 538 565 505 578 455 502 572 533 497 503 473 510 571 523 521 477
26 749 634 69 80 68 751 71 39 57 91 642 113 130 716 84 122 680 83 659
71 713 686 9 89 8 91 684 74 693 11 730 716 90 57 115 44 48 113 712
146 170 211 145 177 118 193 94 149 133 209 171 127 200 120 154 179 132 157 147
570 626 558 681 52 623 58 44 579 48 526 528 617 518 606 599 39 675 635 602
522 585 602 577 558 532 465 643 561 564 625 660 574 504 486 501 605 547 587 515
177 216 246 116 220 202 200 117 224 222 255 249 187 233 228 237 164 213 241 149
575 596 535 658 636 537 654 517 534 562 558 652 640 519 602 542 632 561 552 521
408 429 428 402 388 407 382 406 399 466 392 441 471 360 456 354 475 381 396 458
35 107 650 93 701 677 662 11 94 163 61 631 692 38 16 688 29 656 622 751
174 221 125 184 121 236 206 193 257 212 189 133 150 130 207 232 208 138 166 202
108 169 74 6 68 113 192 88 178 177 10 19 67 171 0 120 107 195 149 747
161 179 190 111 207 232 101 215 185 115 202 145 151 120 132 98 141 156 233 147
482 517 534 506 563 511 539 509 510 581 497 512 513 531 451 505 576 533 455 484
306 342 301 299 261 295 296 321 349 319 316 281 265 379 252 338 267 328 332 358
349 391 300 426 369 340 326 285 384 336 298 456 463 454 425 335 294 328 303 374
379 451 396 480 444 471 462 353 417 403 473 383 342 420 433 358 393 408 365 381
587 672 562 581 665 699 670 545 621 559 652 590 531 675 552 600 641 700 602 622
411 461 450 482 507 356 419 397 505 448 420 435 387 497 460 485 478 487 455 355
556 583 629 670 593 578 551 587 531 616 550 586 521 666 549 525 574 543 585 523
156 175 130 199 155 215 201 176 138 139 101 158 189 212 129 149 136 210 191 194
285 327 264 263 354 304 358 254 320 330 279 331 367 339 269 353 321 348 306 310
256 299 250 295 259 332 315 215 273 323 234 319 244 291 223 266 278 260 331 281
38 676 588 76 604 683 698 36 84 694 96 648 627 591 725 643 600 596 79 590
16 90 725 722 737 60 66 143 93 121 57 135 753 132 705 3 76 693 696 104
121 167 127 730 88 106 740 16 152 113 739 173 201 7 118 745 135 133 732 11
176 207 219 234 136 246 252 112 232 174 215 126 221 236 129 123 146 134 204 181
444 480 450 497 524 403 376 404 384 386 476 509 398 395 473 521 522 462 463 411
13 103 16 136 735 697 59 40 744 692 149 720 67 14 164 94 127 734 138 124
597 652 690 64 529 52 657 642 582 557 534 596 603 681 616 530 673 37 669 601
587 653 569 619 545 629 573 693 670 523 520 566 603 641 673 53 591 522 557 633
253 310 243 291 280 321 327 326 290 303 324 343 268 266 346 234 293 295 308 282
16 119 699 3 7 175 694 707 176 106 118 749 147 74 157 81 42 714 695 692
175 214 165 140 201 164 159 185 217 118 183 156 198 250 207 239 189 247 254 233
578 614 565 549 600 543 638 573 641 590 582 658 643 665 656 581 627 545 570 669
30 649 63 61 674 28 666 629 102 2 556 57 68 688 597 95 642 657 650 561
423 472 466 449 511 529 467 397 390 490 382 528 451 369 457 473 388 515 474 389
178 194 240 135 123 126 238 230 161 183 176 155 139 224 159 132 239 181 221 216
420 467 358 403 520 468 441 495 442 412 498 489 512 377 372 421 436 476 511 513
195 219 173 254 227 236 169 162 239 164 238 237 259 252 221 172 175 256 253 180
32 622 631 33 647 12 13 554 553 20 662 546 37 93 15 85 671 691 543 549
549 603 635 584 578 661 620 662 664 627 524 560 621 522 643 521 657 533 558 583
67 692 644 98 35 24 10 88 51 4 748 6 111 653 71 672 7 696 673 104
319 332 356 314 309 342 269 267 268 296 288 303 317 355 310 370 350 354 367 351
230 262 192 265 317 258 280 225 188 246 303 283 326 200 314 285 281 233 204 191
397 434 362 424 457 366 427 390 377 439 365 431 469 460 475 456 458 464 375 406
584 675 558 592 702 24 628 667 611 698 662 530 524 631 703 688 614 627 518 603
321 345 273 388 318 296 382 344 305 369 267 277 288 366 372 343 264 292 290 357
542 579 567 666 586 625 641 595 516 670 522 612 588 638 527 596 549 529 589 524
51 738 691 79 50 5 735 685 752 689 700 701 723 123 113 96 109 6 97 713
263 307 294 345 331 254 308 342 333 323 269 293 301 325 266 227 300 226 347 277
640 657 676 614 593 606 25 51 696 628 26 43 551 625 60 664 29 684 654 643
528 587 613 524 403 536 663 616 554 581 633 566 630 556 515 530 629 578 602 470
364 378 375 356 399 354 422 452 417 340 358 366 416 355 367 408 331 400 334 339
230 251 255 293 292 296 209 220 194 308 182 245 283 184 295 199 290 252 303 190
470 506 514 493 415 420 421 444 524 417 461 442 402 466 410 445 528 427 406 474
102 751 119 111 20 95 62 692 109 16 744 144 743 145 732 114 57 711 130 2
68 112 151 174 650 725 155 142 639 656 84 745 111 700 140 16 162 646 177 79
382 430 371 459 403 426 346 388 390 436 468 456 418 437 380 396 356 374 469 406
488 509 500 528 529 462 496 490 473 459 525 457 484 469 470 511 518 517 494 498
62 629 722 709 580 552 742 706 573 549 698 564 654 43 628 699 741 92 87 56
249 258 260 285 202 282 294 215 225 288 206 284 316 219 207 247 270 235 293 314
384 426 427 457 448 407 385 401 463 349 474 370 464 403 374 365 383 373 358 467
251 274 298 239 317 229 243 320 304 254 332 276 220 299 318 290 330 323 264 301
83 706 115 79 696 29 111 740 65 52 33 73 27 41 724 727 707 751 701 24
309 337 274 295 354 280 346 339 246 248 307 263 334 313 284 348 272 319 303 345
131 148 161 162 168 100 183 147 748 174 165 177 125 182 127 105 111 176 88 103
59 100 137 714 730 743 35 735 17 68 123 654 722 747 128 82 0 653 23 90
284 323 340 287 286 261 243 347 280 332 346 292 279 285 307 361 256 328 290 349
46 77 710 623 37 727 78 11 3 647 638 728 700 688 704 722 33 124 8 741
74 720 52 13 66 61 56 98 730 78 48 718 85 752 76 711 717 753 83 703
535 548 631 643 545 565 615 550 634 639 629 577 630 594 595 538 601 513 627 537
109 123 12 144 146 148 87 178 50 54 29 745 80 166 152 177 737 66 14 739
555 647 632 649 682 65 674 601 526 53 552 54 616 26 596 599 558 643 672 64
69 749 708 34 24 64 36 86 60 78 84 0 700 127 99 639 736 728 730 732
101 109 73 164 168 726 9 12 733 67 750 159 147 47 112 154 744 83 718 40
66 721 693 60 745 640 72 715 748 55 717 707 635 711 659 712 52 8 91 732
98 150 61 84 68 63 60 134 132 710 746 104 157 33 38 96 105 36 70 747
368 429 332 422 465 467 342 388 403 469 447 442 425 462 405 466 464 475 402 338
525 533 509 554 523 566 595 522 585 563 588 536 510 558 580 535 582 577 508 601
28 79 686 110 16 698 689 636 0 33 55 630 64 660 85 35 646 678 11 67
61 720 93 625 747 76 94 703 626 690 89 75 48 58 751 6 638 689 735 719
224 243 192 197 230 262 195 174 203 249 177 194 279 263 233 257 264 229 189 275
428 459 441 512 519 387 497 516 457 476 479 413 411 496 471 508 383 446 491 507
