99 133 124 741 754 123 725 728 104 39 54 74 78 720 87 131 111 767 137 92
229 912 298 259 214 211 204 929 928 922 796 258 171 792 806 279 199 285 824 263
587 610 647 631 573 667 592 578 575 632 639 538 661 614 626 591 602 569 680 633
539 585 589 500 528 685 610 533 634 557 529 665 669 593 626 682 577 578 550 583
182 759 675 805 796 171 124 767 215 666 656 784 135 789 764 658 173 170 727 238
212 242 244 933 165 781 919 906 926 229 254 785 265 274 253 159 216 203 305 806
208 226 914 231 273 822 167 807 267 265 199 934 916 266 183 923 785 236 197 220
518 544 638 536 476 551 574 664 655 482 472 26 520 517 650 502 556 675 670 487
877 891 862 838 841 846 834 837 895 849 833 882 839 826 843 828 831 851 905 907
247 274 822 844 257 787 783 779 223 825 924 301 838 305 311 250 831 272 270 801
190 798 298 255 779 291 211 179 162 296 911 228 289 914 238 242 222 186 824 170
262 784 775 178 176 803 281 770 287 767 294 840 203 207 798 180 833 177 794 907
366 395 404 368 381 445 420 437 454 345 444 384 376 403 387 457 451 411 418 338
299 816 300 241 196 898 833 284 323 223 336 197 822 836 928 849 219 243 236 902
730 766 729 161 235 152 153 676 140 681 201 688 222 738 739 176 717 711 170 726
51 94 112 87 65 124 76 23 55 21 77 125 108 57 59 47 40 66 10 73
177 222 802 272 258 193 148 184 194 826 294 827 809 261 205 246 922 212 229 206
574 606 569 585 555 554 614 601 675 617 576 571 610 602 598 24 631 672 667 579
422 440 393 435 378 380 460 444 379 469 439 456 366 419 471 461 401 397 371 470
754 773 693 791 131 206 124 144 922 228 727 241 196 122 262 721 700 925 789 665
518 569 564 5 488 615 560 528 625 662 7 495 582 635 478 534 617 655 549 537
577 627 597 587 559 662 526 558 676 23 528 658 636 525 688 679 541 671 659 535
591 618 653 515 685 616 630 560 583 601 676 697 694 636 690 600 628 662 530 661
539 566 632 580 518 571 576 646 517 651 625 574 667 623 1 587 647 579 538 610
689 728 761 129 665 772 625 659 733 141 649 693 748 713 705 727 716 619 618 671
793 909 792 264 198 895 202 191 930 288 854 311 849 865 292 162 824 908 313 891
81 106 86 108 7 134 94 56 119 110 65 63 38 123 50 2 130 77 8 84
215 805 243 832 908 295 254 315 220 806 792 187 815 781 911 256 196 304 222 293
602 639 641 580 604 503 679 683 666 691 510 600 509 690 689 537 623 612 605 615
276 929 289 221 223 255 228 803 230 262 273 904 783 791 825 171 914 212 316 201
674 706 693 699 648 734 623 729 631 540 742 548 562 700 668 694 669 666 753 559
644 695 742 733 609 707 640 685 748 735 586 608 566 651 503 514 591 126 512 574
79 89 32 106 99 22 135 112 48 65 133 66 94 42 62 114 41 30 45 68
553 672 524 700 649 717 547 551 621 625 545 0 26 630 567 4 723 572 624 593
296 837 336 839 237 790 335 298 912 822 302 252 888 270 313 853 930 897 268 320
550 596 29 1 667 562 612 568 638 630 614 646 652 552 516 511 546 600 538 521
237 258 315 837 840 283 932 811 835 233 919 190 202 287 209 771 780 809 834 188
5 74 21 113 44 62 115 53 79 4 123 64 570 77 55 103 25 67 571 89
254 311 280 276 262 801 309 274 334 783 293 233 324 797 292 304 268 333 928 909
455 489 436 465 490 392 477 433 418 484 409 394 495 504 526 505 530 391 416 520
436 469 405 401 459 425 450 404 412 466 413 500 510 509 407 445 485 474 488 441
292 841 288 269 882 323 808 842 909 317 263 296 873 893 928 860 332 857 327 277
618 658 636 641 668 615 669 520 663 676 702 674 127 592 745 708 607 649 604 512
217 272 844 190 322 275 186 194 815 320 282 788 315 267 216 833 931 248 303 798
252 828 804 931 230 326 233 862 895 892 231 291 770 782 191 239 888 910 833 840
628 688 577 572 623 540 522 519 714 733 709 711 726 554 615 620 725 767 704 596
453 471 436 415 386 410 459 402 499 389 437 385 423 399 515 461 420 411 501 426
770 774 180 920 756 755 749 762 204 714 690 723 709 760 189 187 263 697 256 223
824 836 295 262 832 274 906 818 782 248 307 804 236 220 821 868 871 875 309 304
248 920 297 838 274 196 810 301 772 832 198 269 916 216 284 253 277 839 817 224
823 839 285 270 883 886 282 849 267 191 862 317 923 202 300 908 877 817 810 927
538 644 645 130 659 671 753 704 698 651 643 640 565 688 756 578 631 545 504 648
509 623 463 574 594 564 493 532 583 477 496 575 544 658 690 631 489 465 692 518
615 677 727 719 672 591 753 630 610 656 655 627 712 560 634 543 557 567 536 736
626 668 512 597 716 655 574 701 527 534 549 758 717 753 604 699 760 641 702 754
153 765 699 672 161 784 723 131 774 770 181 710 136 157 695 673 740 743 199 671
790 808 209 165 782 780 788 201 795 305 247 216 173 294 297 171 179 923 313 785
190 251 815 252 192 766 189 297 197 166 807 198 907 181 819 272 208 835 173 234
548 599 649 551 619 606 518 631 510 591 632 648 554 585 512 660 595 573 556 610
842 926 883 169 851 787 771 882 891 774 306 320 261 859 301 188 210 193 909 156
769 924 161 257 704 790 239 296 273 153 144 217 739 246 131 216 272 929 258 151
284 921 905 805 797 909 262 931 255 793 217 785 256 820 815 280 788 826 303 819
373 387 458 348 432 390 424 381 385 376 436 359 384 418 372 419 399 416 439 452
827 842 885 323 831 309 252 314 862 807 908 866 929 812 274 890 852 203 301 928
274 844 194 898 246 217 231 265 869 923 817 877 824 322 861 916 854 868 197 930
360 390 426 382 450 370 373 418 335 384 380 339 362 436 371 456 417 365 420 442
119 129 761 157 747 650 731 84 93 751 659 73 137 131 96 153 92 152 767 660
141 767 218 675 783 208 174 707 732 786 724 198 685 722 158 747 207 754 703 779
517 658 661 532 691 697 539 586 702 653 614 622 518 567 636 572 598 667 748 503
211 257 930 298 236 209 180 811 915 281 197 284 919 170 918 290 158 310 804 911
181 921 296 271 187 193 207 776 923 235 208 173 907 194 809 239 254 211 823 831
674 730 539 689 763 683 128 152 657 659 729 698 513 614 149 624 694 608 563 625
418 432 370 387 480 445 444 407 463 458 398 431 442 410 452 453 393 439 489 368
540 646 700 517 666 702 753 699 131 678 500 523 676 522 656 513 515 586 561 607
190 810 209 302 292 807 240 185 297 151 271 842 219 293 814 210 267 236 222 802
294 793 293 788 164 295 316 261 808 291 247 246 921 296 301 256 189 835 838 199
259 288 305 205 229 804 332 845 281 918 208 308 284 261 783 774 928 789 917 238
554 591 662 633 543 6 565 674 620 539 563 535 575 600 542 549 557 523 602 556
192 925 830 161 153 259 265 933 929 237 255 908 250 810 837 186 838 251 807 228
285 309 792 264 910 794 807 810 840 257 284 250 817 803 321 272 314 788 812 310
148 746 658 747 775 645 140 162 127 165 745 754 129 668 731 750 175 716 126 145
781 796 185 925 253 931 312 230 823 810 190 294 242 779 801 301 153 259 803 808
190 782 149 794 180 268 818 231 790 185 218 783 807 233 261 201 912 155 182 809
820 834 316 921 934 272 794 236 842 269 923 851 313 217 317 810 244 196 203 853
426 480 521 365 368 469 446 389 510 526 372 394 497 383 384 460 455 423 377 431
21 84 80 33 109 1 52 124 45 112 557 117 42 89 576 14 101 83 107 91
504 648 483 459 583 586 614 489 746 604 620 760 562 580 555 128 506 540 656 550
898 904 818 846 820 922 268 875 254 859 869 258 877 819 881 899 845 910 889 880
149 749 184 728 675 133 648 157 772 713 724 712 657 703 690 662 113 654 173 748
901 920 294 842 171 210 173 826 265 773 789 234 283 261 174 872 185 240 820 226
214 812 792 310 249 934 914 806 788 767 840 311 919 201 911 818 828 263 802 797
639 681 633 724 723 524 610 562 736 555 560 700 627 698 745 614 124 517 547 671
788 926 162 167 218 188 906 838 202 824 186 916 804 195 233 220 234 303 844 247
204 220 193 178 822 187 808 239 912 771 277 267 224 192 170 221 930 798 226 237
187 921 794 810 841 203 835 903 230 761 253 255 161 771 304 197 218 920 925 225
172 782 147 161 257 218 155 207 780 789 756 181 798 142 276 917 151 242 175 770
820 928 180 175 161 252 783 844 825 290 909 914 168 911 852 802 251 264 785 179
387 446 392 394 436 355 406 425 462 416 477 405 472 376 421 484 359 456 430 467
838 864 820 907 819 928 326 861 303 297 345 923 896 845 895 822 288 243 839 856
42 59 11 71 88 84 12 69 16 90 34 15 97 19 107 105 35 18 22 33
179 225 277 802 767 164 188 778 264 291 163 187 206 820 775 811 771 233 783 195
539 670 709 639 517 648 509 520 571 515 585 644 502 544 751 763 551 750 610 521
474 499 425 647 422 653 504 455 473 659 427 507 435 424 531 461 469 651 501 481
274 928 239 931 173 797 319 833 306 267 822 320 235 192 912 820 790 304 156 314
509 637 579 504 626 492 564 462 614 491 568 698 693 512 651 585 606 466 538 490
196 223 249 923 787 813 181 254 821 785 924 771 261 187 252 784 283 827 770 157
738 761 130 174 779 662 182 679 699 157 710 692 701 134 162 184 185 723 721 722
318 814 205 906 813 189 206 851 911 819 842 331 897 785 328 204 341 288 278 832
209 250 181 248 833 269 280 826 243 818 783 281 766 907 930 252 308 289 304 167
201 256 809 793 767 802 768 175 303 195 796 918 910 262 774 292 176 822 251 820
243 911 238 174 818 844 843 216 232 905 229 302 933 895 862 219 800 267 289 853
882 906 891 894 860 284 826 858 815 914 302 295 267 872 875 299 870 824 248 283
542 634 636 672 653 589 585 596 583 696 642 685 548 506 501 679 614 590 527 684
550 632 558 650 661 610 696 628 597 647 28 621 544 636 579 603 680 629 528 596
1 576 56 48 663 588 624 639 82 23 52 60 612 594 568 617 626 548 564 84
279 313 196 209 795 845 288 274 268 258 210 822 817 219 927 259 839 300 329 924
212 249 302 812 306 803 194 831 281 304 277 227 182 215 931 807 798 245 298 224
156 744 194 733 186 693 190 775 743 645 729 141 664 147 705 646 758 757 150 154
113 126 73 729 735 68 76 747 737 154 133 85 78 646 114 745 69 109 642 151
847 911 784 858 923 898 813 801 876 925 842 306 839 833 233 877 300 272 927 200
252 910 306 777 770 867 282 852 206 304 217 253 203 190 233 786 858 199 836 808
619 649 602 576 654 516 632 587 754 607 584 559 597 679 536 616 579 670 638 642
667 712 741 709 539 516 540 562 659 735 684 657 758 734 518 763 532 715 762 555
195 221 171 767 768 238 226 779 766 163 833 824 283 820 176 783 277 274 817 190
296 809 798 333 792 266 335 241 842 812 780 837 265 230 287 823 243 251 306 905
8 31 52 40 6 81 32 34 56 16 84 37 9 74 29 51 30 66 96 575
43 85 110 127 122 117 79 65 18 11 64 113 75 87 71 42 2 45 125 20
629 666 565 519 509 712 582 750 663 740 675 689 660 604 655 681 680 627 685 749
174 222 187 182 231 267 244 183 824 806 281 813 184 912 826 774 756 146 165 153
187 813 223 314 766 921 899 810 914 827 796 232 180 155 190 171 798 833 830 777
28 63 1 35 74 106 22 107 30 99 14 6 26 49 16 75 72 552 78 100
853 876 844 913 871 899 892 843 904 816 861 893 822 905 826 868 819 850 898 846
549 588 512 616 604 564 517 666 639 27 622 553 526 556 601 589 558 587 654 566
533 681 610 692 691 649 498 574 640 672 505 507 727 560 582 508 539 543 598 630
434 471 509 482 384 449 386 393 418 420 438 448 388 382 435 410 458 440 409 422
603 635 585 654 656 677 692 536 527 619 593 605 650 756 671 611 519 638 690 606
182 924 780 905 792 228 167 781 264 229 252 757 278 808 931 235 832 154 907 910
172 772 176 162 801 147 231 205 163 765 917 174 799 695 724 239 220 732 186 196
239 279 263 230 222 185 308 326 827 917 793 217 189 228 932 782 285 928 843 830
42 79 84 25 12 27 52 101 9 45 1 2 90 3 106 24 54 70 51 124
197 817 210 215 253 915 158 287 233 927 912 801 806 289 174 272 933 217 211 282
203 813 768 902 188 926 225 810 178 200 209 305 823 808 231 174 272 258 828 798
560 600 638 599 534 655 624 669 640 605 670 586 616 565 528 574 547 657 550 602
243 280 827 257 796 785 238 209 234 792 224 221 178 184 924 770 183 304 321 921
169 203 810 934 231 805 188 256 766 818 274 769 835 166 240 145 776 209 918 196
429 459 390 393 373 377 389 484 397 375 394 476 371 379 409 473 415 396 431 480
451 471 502 400 393 469 434 510 431 516 456 435 448 490 494 503 426 409 455 442
74 94 102 86 99 108 88 93 116 11 104 100 15 8 19 61 4 97 113 0
521 531 660 576 616 554 519 500 546 561 560 488 639 619 486 581 627 482 578 572
619 644 684 754 549 572 687 598 658 537 548 588 580 626 538 525 660 597 554 653
