990 1121 1043 1206 889 871 1015 1189 1025 1221 921 950 1147 1124 868 916 1226 1019 1187 1169
560 733 541 491 539 597 762 483 532 405 414 771 742 701 590 474 709 700 551 409
983 1053 1091 922 966 936 1179 898 863 1026 1075 988 907 1189 900 982 934 1041 994 957
82 1259 257 1326 127 1316 1263 1229 94 122 141 132 83 100 282 1333 63 1320 1251 1283
316 1367 463 407 1235 447 358 405 1260 1205 521 305 1229 58 2 302 134 406 137 387
453 470 460 450 369 418 417 518 434 357 320 381 362 330 377 420 448 385 322 451
83 1222 307 117 132 265 1299 100 31 1387 314 1382 0 133 1158 131 1302 1117 71 88
181 216 1414 121 1407 207 204 137 244 255 171 148 1427 176 251 144 229 1423 126 218
147 1373 118 1251 24 1427 48 1413 134 253 1338 1217 1235 41 1242 203 1300 1214 1208 1336
101 1249 1342 1232 126 1373 134 1308 323 98 69 254 1243 144 137 328 19 306 1275 291
179 208 151 155 1431 136 1396 174 238 157 257 219 232 233 171 173 246 1404 156 1437
701 729 732 686 642 592 563 582 695 740 574 779 723 622 708 590 627 781 791 731
998 1054 1137 974 1016 1161 902 1075 1156 901 1167 916 910 1095 964 1036 1107 1039 1080 978
152 1384 250 1224 128 1392 142 1222 109 271 273 1414 155 194 1400 283 1226 1361 270 269
1236 1329 1377 299 1231 1287 1097 57 1204 1191 1243 54 67 6 85 1225 53 20 4 1098
1063 1176 1232 1012 1370 1208 1173 1087 998 1077 1112 1083 1106 1150 1097 1123 1062 1064 1008 1190
1011 1051 948 1107 1023 935 1085 894 986 902 1116 1052 962 927 1188 999 974 1067 969 1084
228 254 186 274 281 1411 108 84 120 231 121 258 138 1395 110 83 283 124 99 207
1070 1186 1237 1242 1246 1086 1140 1068 1170 1374 1175 1092 1369 1245 1005 1359 1121 1366 1073 1157
1224 1283 21 1290 278 1184 1326 75 1285 82 1383 1189 304 1328 1099 1330 313 1319 52 40
835 893 925 970 882 788 1008 989 965 1001 836 775 957 837 980 769 829 999 845 748
998 1063 1014 872 932 916 947 1120 1149 1075 1114 907 878 1044 993 1042 875 934 920 938
122 252 448 1404 82 1375 1376 353 1388 1381 215 1365 1387 1415 234 240 1429 443 132 287
130 1368 1296 1257 1386 1180 269 321 191 114 306 172 1391 13 1326 317 83 156 1398 1194
1015 1122 1053 1210 1025 1035 959 976 1004 943 932 1157 1073 1180 1190 1189 949 1064 885 958
884 984 1005 946 937 976 947 886 907 1046 941 914 865 1026 853 846 1017 824 942 922
1225 1290 1354 1100 76 95 1226 1347 1330 11 1196 1356 1098 1334 1351 1340 1172 4 1223 1193
1209 1283 282 1122 1349 1127 1090 71 1329 1335 1083 1372 1175 1261 1212 1236 103 1200 1118 1310
136 1410 243 129 195 352 276 185 215 1386 96 1436 355 172 218 73 130 320 283 252
666 690 715 705 710 655 594 606 682 587 712 612 679 697 624 704 700 719 675 720
1022 1158 1074 1214 897 1111 1061 1215 922 1160 1065 1204 980 1091 1188 988 1197 1096 1139 904
781 824 830 847 744 836 845 861 780 888 769 884 771 785 885 895 868 766 832 805
602 714 705 739 736 741 657 750 569 745 727 746 761 643 627 600 749 664 603 748
1203 1235 1339 1069 1366 1281 3 1363 1380 81 1303 1116 1306 42 1103 1087 23 1305 1206 87
1035 1173 956 1088 1052 1216 1063 1218 962 1106 1134 1037 980 1034 1015 1042 1206 1215 989 1205
321 417 409 294 120 393 86 1357 24 1367 333 95 21 482 136 502 60 29 275 439
560 580 727 623 519 493 728 692 514 760 535 558 411 774 633 604 571 587 475 597
65 300 483 53 1312 52 1272 124 50 1325 331 108 103 63 1310 56 281 288 127 296
339 432 379 109 137 495 261 323 486 417 260 329 408 123 424 98 285 320 141 138
561 593 506 475 574 495 549 633 408 419 615 601 734 716 482 626 614 616 562 580
1365 1391 249 232 168 30 1216 55 67 1222 27 1430 1263 1295 260 1312 231 1394 174 121
892 993 1119 885 906 826 863 1141 937 912 1009 951 1147 1046 1011 848 1066 1037 1070 971
768 867 980 577 860 890 956 785 798 806 921 846 706 947 979 949 968 578 865 748
256 269 1399 163 125 1427 241 215 297 239 173 332 75 219 1365 1 73 174 233 337
626 699 745 716 627 640 676 669 728 695 625 647 658 725 610 720 748 732 570 692
1208 1301 1353 1218 69 1193 16 1141 1279 1347 1319 282 1256 57 1216 1156 1160 1250 1272 43
51 1357 68 35 132 49 1202 1209 117 271 292 270 1368 1193 1388 316 1199 1308 1245 279
89 1226 1370 273 110 1362 74 1378 319 1315 1273 1270 250 1281 30 1374 1332 1325 264 1212
478 563 511 585 460 534 702 412 758 361 596 352 365 321 520 722 736 562 598 344
129 239 1400 4 1403 1426 276 52 196 362 108 72 1376 1413 117 192 141 210 283 259
928 976 921 951 1040 943 1028 991 989 888 1037 864 983 1009 959 970 894 997 934 890
297 320 1330 375 374 1342 305 371 14 309 462 338 1339 383 275 464 314 1299 1281 504
422 501 326 542 351 528 435 543 327 444 529 489 484 496 356 468 328 520 342 391
651 683 637 702 675 610 676 707 654 658 605 693 694 668 604 698 594 690 625 688
779 799 844 872 758 732 873 813 765 831 744 797 757 840 727 830 847 560 807 730
1000 1142 941 905 879 1075 950 889 935 891 1203 987 1035 1079 1050 922 1019 949 1031 1178
1239 1374 1363 1309 289 296 1214 80 74 26 1388 1249 1246 141 114 1396 1195 274 273 1236
341 494 517 376 423 260 452 384 366 305 553 371 432 528 133 414 105 109 410 468
1000 1048 1018 1161 920 1149 1184 972 1171 1105 1120 963 1033 927 944 899 1059 1131 1148 1086
178 243 186 1423 195 219 1416 1426 192 185 1405 116 204 1419 110 265 142 1384 196 1410
1103 1165 1074 1160 1086 1084 1199 1053 1182 1007 1112 1210 1204 1027 1145 1061 1207 1104 1113 1080
403 432 405 314 454 557 451 476 329 375 477 482 119 450 452 481 464 496 465 319
989 1049 1118 946 1146 1032 1019 1104 913 900 965 976 935 1143 1017 990 1144 1141 1021 934
1230 1362 6 1325 1318 1190 1179 70 308 1192 1102 119 1381 1320 1322 120 41 0 34 1327
631 711 759 596 667 590 627 578 634 770 614 700 563 729 741 767 701 750 716 605
1106 1145 1198 1104 1057 1059 1100 1181 1162 1028 1203 1151 1096 1209 987 1194 1052 1020 1178 1000
282 1321 141 52 1337 299 1346 1319 76 262 1246 6 88 146 1290 259 417 303 258 1283
340 482 510 389 480 293 446 433 346 323 515 513 551 403 549 395 274 135 505 413
1280 1321 1325 300 1214 1379 3 1263 1324 58 1287 280 29 1270 293 96 1206 86 39 21
353 485 453 260 295 269 455 553 375 314 443 494 357 337 125 493 276 348 108 273
1034 1147 945 1109 1009 1113 1076 1143 974 991 1068 1145 949 1107 955 1205 999 971 1181 990
944 998 973 1072 862 888 930 1042 1144 1130 907 1149 1028 917 990 910 916 884 1151 1115
32 1215 1364 1296 1189 1385 1303 1340 2 55 1293 270 1298 69 17 112 1295 1344 1227 14
1058 1092 1167 1210 1161 1224 1146 1082 1070 1141 1023 1222 1162 1223 1200 1090 1215 1181 1208 1115
83 1264 297 259 134 127 1265 1382 113 1239 1262 92 85 282 63 324 1360 130 95 15
1228 1252 1095 59 104 1323 65 1288 4 1201 1092 305 314 306 78 308 1247 31 1352 52
866 901 1009 836 886 1011 862 1000 823 771 795 911 962 778 1022 821 974 772 824 788
897 963 1039 875 890 878 975 881 889 976 900 986 960 994 859 899 987 993 866 1006
174 200 226 1393 112 1394 122 1433 1407 149 176 130 249 126 257 177 137 167 113 211
1257 1380 1252 242 1299 131 1396 283 1282 1281 1274 1416 82 310 1276 67 85 248 1313 1229
1342 1383 1274 28 59 3 1434 279 319 1233 1204 1202 1351 1223 84 266 1438 1214 1221 270
187 1423 249 1399 1402 1419 125 206 184 1413 212 1415 200 204 190 1388 175 174 165 260
1091 1219 1309 1173 75 1380 1218 1062 1200 1137 1296 1329 34 1318 1114 1297 55 1322 1229 66
692 708 648 702 680 652 609 611 631 604 639 752 661 765 677 759 740 630 710 676
24 1225 319 262 312 318 1215 63 1256 0 1219 1169 2 1379 1196 1290 1089 1328 1220 1383
729 751 790 771 611 605 613 547 775 615 708 743 560 782 699 574 823 544 718 837
278 372 386 1303 1341 1372 1383 348 267 54 277 8 343 337 23 416 394 36 125 83
239 1399 133 145 1423 1412 128 264 112 197 114 1426 111 220 172 144 122 1417 211 1429
1010 1117 960 886 1048 892 971 1136 1021 1217 1068 958 1179 1051 1203 961 997 1125 986 1158
388 493 484 349 446 521 505 279 508 433 333 499 369 561 379 278 357 543 494 528
76 1256 1258 266 90 39 1269 1309 1375 89 1357 1300 1195 1372 257 1318 1239 68 1377 93
316 1340 309 1293 520 463 1247 1347 459 107 61 483 1224 122 351 522 1320 1274 493 1263
1237 1304 1289 1273 36 279 1206 277 1233 1366 1319 1193 1209 1192 50 100 1245 76 79 91
334 442 461 347 126 337 281 344 340 120 429 446 381 333 384 320 127 489 282 478
147 1408 185 167 112 239 110 190 171 131 118 1401 123 260 109 183 1391 205 1411 1422
53 1258 128 1376 1210 1302 1290 259 314 1295 133 100 124 54 1386 43 1289 1252 1305 77
1083 1187 1196 1188 1120 1243 1121 1132 1222 1175 1057 1034 1142 1210 1154 1185 1061 1356 1100 1186
182 258 174 188 159 124 342 101 113 285 175 252 187 92 131 347 1392 249 169 142
428 480 424 358 333 467 484 325 463 536 278 119 273 318 370 559 431 506 429 464
1238 1338 1229 1335 32 1333 283 24 309 1190 1181 1337 1222 1216 1194 1247 1195 1316 1376 1196
11 323 355 109 139 2 1371 9 3 368 438 1220 1282 414 0 369 1269 366 307 308
100 1377 1360 292 75 1247 4 1402 127 5 1273 1327 278 1393 327 304 335 45 1293 1309
873 938 839 876 980 1032 963 909 943 952 782 801 965 822 917 1001 1022 779 997 998
329 447 347 405 133 294 500 125 124 478 386 424 342 457 91 99 490 139 271 435
270 428 256 1381 499 334 276 114 338 45 99 299 371 16 234 48 344 141 95 333
880 951 997 862 1020 930 800 973 907 906 828 802 856 935 801 790 952 883 977 782
571 746 562 749 757 836 809 778 696 716 837 743 814 807 561 827 556 755 577 625
317 1344 56 469 362 70 481 309 512 1225 64 1300 1286 487 392 1306 280 50 1311 91
562 588 563 516 725 631 538 417 695 564 643 627 558 541 696 503 739 732 520 703
135 188 1408 145 75 246 1401 126 89 274 364 249 1411 1412 233 261 157 87 105 153
331 497 127 104 105 294 413 410 311 121 465 474 512 432 422 384 437 513 94 485
475 520 396 308 521 558 388 459 518 476 496 306 555 484 541 380 383 467 546 565
1044 1135 1172 1155 1173 1060 1139 1085 1183 1208 1169 1036 1093 1045 1156 1116 1092 1136 1066 1176
590 638 680 685 718 611 704 596 726 566 586 750 642 762 724 710 614 634 582 670
572 765 613 849 725 851 730 552 747 790 741 835 596 706 703 838 611 610 727 563
355 421 418 144 270 336 268 389 366 112 399 335 510 461 479 372 424 357 509 411
751 784 762 853 770 760 820 775 545 547 733 813 880 551 795 862 565 703 593 726
216 1410 250 220 1389 123 203 261 1425 153 167 158 177 1374 209 148 134 143 1404 256
11 305 1245 83 85 1 1325 80 67 24 70 96 288 496 140 1266 28 1211 1232 1321
280 317 7 1338 421 419 416 354 498 488 335 1305 463 301 1297 447 145 284 521 41
663 684 609 667 607 633 594 651 706 707 647 654 710 621 687 675 617 628 632 597
963 1004 1046 995 923 1062 1084 874 952 1054 1050 1059 1010 1075 991 871 1157 996 1039 1055
296 1357 1263 336 67 65 38 27 39 71 59 1221 1343 76 74 33 1276 82 495 1195
13 1260 1374 44 42 1259 1323 276 1237 1305 1324 293 1320 319 1234 266 316 134 111 1255
408 561 282 719 551 744 486 430 447 728 324 484 574 736 375 750 349 748 712 309
976 1008 995 1001 1142 1034 971 977 990 1144 1076 1137 1010 992 1037 930 988 1007 956 961
164 265 364 1402 167 260 256 1426 1400 240 250 348 87 147 102 71 28 135 93 154
941 1028 1010 966 1058 955 889 986 1150 1131 1079 1061 893 1164 1117 1044 883 994 902 864
566 728 626 622 721 559 703 483 770 544 569 579 582 714 611 765 540 620 533 601
50 1246 86 1289 1195 1341 311 1273 268 1186 1202 118 100 1348 274 289 1344 1193 294 25
1085 1186 1093 1378 1054 1166 1150 1229 1185 1208 1202 1200 1207 1244 1234 1237 1121 1145 1182 1245
935 966 993 928 1020 977 990 1015 972 896 875 1035 874 853 962 1029 984 887 1011 999
280 345 454 290 458 78 42 1249 23 1292 292 1306 1255 1350 149 146 54 59 415 430
10 281 1314 129 49 1350 253 1323 1374 1253 17 117 405 327 1274 1302 48 422 116 65
347 384 379 399 320 393 345 461 490 282 413 426 280 500 108 127 116 323 460 485
808 857 768 778 780 919 794 927 818 845 798 846 887 867 736 910 879 906 915 938
1012 1125 1196 937 1111 903 1000 1169 1084 1072 959 913 933 1065 1116 879 1138 950 904 900
287 399 13 337 72 90 1257 335 1305 60 474 1319 1237 473 377 103 480 11 495 1318
276 430 393 314 1388 494 6 1350 114 306 126 491 304 288 382 352 67 1359 149 302
288 1264 84 6 123 1363 134 105 77 15 1233 1296 1204 95 88 136 1254 308 276 1216
139 162 119 269 166 1394 235 10 1395 347 263 147 325 350 270 275 200 342 155 184
742 791 605 720 752 568 821 809 868 870 816 830 591 763 862 597 758 779 793 719
924 1014 895 875 920 1143 865 948 1137 999 911 1034 1151 1003 1046 853 957 877 923 998
117 1359 1321 1226 1313 1374 49 338 1268 298 241 1390 1281 1220 1298 170 347 1294 1202 390
1338 1368 1299 1252 1216 26 290 1282 1319 65 280 1294 1390 297 31 1249 1281 1326 74 127
321 385 13 71 73 393 401 377 332 486 343 496 90 409 480 494 336 453 138 424
878 967 845 839 838 1027 964 927 975 917 1023 785 871 834 806 926 937 904 855 928
588 702 614 728 634 729 680 645 613 584 596 583 627 733 617 563 686 552 607 725
45 285 31 54 97 3 1282 1360 343 1310 1276 1228 61 405 411 120 1232 1339 1383 337
1104 1145 1088 1052 1047 1033 1216 1010 1148 1054 1201 1028 1184 1212 1056 988 1090 1102 1076 1158
