635 657 600 594 658 564 684 639 656 702 663 1361 626 604 1347 670 1365 1362 577 1359
16 804 56 852 783 38 711 30 702 701 52 826 762 735 786 818 856 873 794 895
798 815 14 861 772 841 896 852 797 796 761 38 826 23 829 830 762 897 849 759
641 1353 698 1357 1364 690 679 1191 582 1347 675 345 579 1365 602 693 1325 1352 624 674
257 967 926 1001 263 951 242 218 920 988 940 278 917 989 997 935 225 941 231 272
373 1301 1324 1326 1300 1327 352 415 1054 1223 350 1306 1228 427 1074 397 1319 1055 351 1098
477 1149 439 1265 406 469 1179 413 1051 457 436 448 1258 440 1197 1094 1092 412 1277 426
443 1255 1229 456 473 1276 481 505 1226 1075 1119 1139 1253 1206 1163 1143 1078 1283 1294 1205
1033 1050 983 469 997 1048 467 485 1014 989 1046 1040 1030 996 275 1036 495 1053 1026 1019
457 1067 460 289 1144 443 1181 1262 1242 1114 1269 1117 430 474 496 514 1104 1085 440 1145
1205 1213 447 1328 1172 459 441 1192 1166 1185 409 1225 1266 415 1270 407 479 1257 391 490
533 559 540 592 622 609 1351 619 601 648 636 534 570 630 643 532 624 593 1364 1357
760 872 733 37 720 851 795 878 861 728 4 794 752 858 745 24 764 38 44 894
47 791 61 760 748 875 810 899 58 72 50 76 775 785 73 846 855 84 784 46
394 1133 1081 1128 1068 1060 1155 1312 485 1165 1107 1131 1067 1254 422 1148 1174 389 1138 1296
1246 1260 402 1287 1142 439 426 1143 1163 1278 1282 429 414 1177 1165 415 1162 401 1286 419
343 354 1067 429 1228 1080 308 1306 1332 1092 1182 1230 1078 359 447 371 330 414 367 407
681 725 665 1356 643 684 654 756 638 774 1358 632 645 653 742 1354 708 650 666 780
995 1019 236 933 942 253 1042 1031 1044 244 1003 984 269 273 965 1032 973 232 1041 275
248 972 939 254 1005 251 985 991 1008 961 1019 924 945 919 228 940 981 266 948 964
372 1226 1214 1155 411 435 1285 1130 1316 1254 355 389 433 1244 413 1172 1134 1202 1159 462
155 205 172 207 199 164 180 219 179 163 154 100 186 930 203 238 198 924 227 933
398 1308 376 346 1083 1237 1148 1165 1303 1097 1314 442 1094 1057 1223 450 1335 1294 447 1330
26 706 787 685 42 744 856 812 12 889 732 675 328 755 709 864 769 759 721 887
238 935 234 201 1010 995 249 980 996 990 912 221 258 938 214 215 212 927 248 209
15 864 1 790 46 6 51 29 819 735 760 782 43 768 878 810 731 794 757 732
1151 1245 1148 1221 1114 1152 1295 403 412 1279 1281 449 414 1289 406 1225 1249 460 441 482
687 709 1361 670 650 655 1365 690 1346 718 725 746 717 8 647 15 1340 665 7 686
654 1367 558 1352 553 563 1360 682 619 686 588 551 695 680 636 649 672 1342 549 521
554 569 645 1352 607 1365 586 631 610 584 644 581 574 571 524 642 1355 1358 608 590
748 881 738 18 751 26 895 739 875 865 795 769 885 786 8 785 736 13 899 731
375 1289 1309 1065 421 1110 431 1326 440 1312 413 1281 1104 1116 1231 1305 363 1124 403 1059
605 1345 1327 323 585 578 627 1349 635 672 1188 607 617 1330 1316 664 608 680 1356 557
715 739 703 24 772 714 885 777 31 7 4 35 693 796 33 677 751 788 745 720
431 1319 1148 1108 1314 1055 1245 1181 1124 1079 1153 450 1164 1239 384 1261 1292 1254 1190 1312
47 808 55 36 813 74 752 825 804 771 855 852 7 896 811 68 37 805 810 71
1185 1326 1197 361 442 477 1205 1186 408 1222 1159 1119 486 502 447 410 439 1117 1335 354
660 1343 1367 702 345 350 1204 1363 649 666 1186 625 695 322 565 628 1342 681 1326 669
455 1268 1054 1237 1060 410 408 492 1180 1059 1221 416 1143 461 1291 1148 419 390 505 1228
1152 1248 490 1179 460 1296 1115 1180 495 1230 465 1224 457 489 464 1235 1225 493 428 459
684 722 705 695 691 24 759 1359 690 748 702 727 663 30 18 707 1367 679 633 654
443 1103 1258 1070 467 1207 1104 1210 1271 1194 1269 451 1281 1192 1077 1057 1288 386 432 1050
1125 1238 1274 402 1266 485 468 1289 372 1111 474 418 412 401 1143 1100 367 1118 1300 403
494 1194 1246 1092 1177 1074 1349 1098 1066 1063 439 452 520 509 1067 426 1050 1159 1128 1103
496 1231 1160 1175 1264 1228 1053 1149 1266 1119 1291 1080 481 444 1157 1176 1156 361 1118 1253
1170 1178 444 1247 510 1131 1241 427 430 1098 1192 1243 438 406 1208 1321 1168 475 417 1203
1198 1227 1128 1296 1197 1264 351 438 1282 403 1239 483 450 1340 1292 1219 1188 1235 437 513
499 1188 495 433 1336 1341 1241 518 1196 408 1180 1210 403 455 438 1083 1176 493 1345 468
512 1062 1106 480 505 303 1073 1179 497 1065 297 354 295 417 541 1109 521 396 1173 440
1156 1241 1174 444 365 1278 396 427 1119 1267 1112 413 496 1250 1132 422 478 1254 477 1185
415 1239 491 414 410 1277 1237 1137 1201 1261 473 1295 1212 407 1227 376 1179 398 1238 1317
1214 1235 1125 467 377 429 1140 1155 1201 506 1223 1251 1130 462 407 488 438 452 432 1193
439 1258 1152 1139 407 1251 1130 1059 1273 1062 1140 1106 372 1315 371 1314 469 412 1287 447
439 465 1170 431 1227 1056 1292 1111 1285 1249 409 1145 461 1049 457 1241 400 493 1196 1044
1268 1280 440 1227 1302 1283 402 1257 434 1265 1234 471 1222 421 1151 1258 1229 422 396 1152
1234 1300 1127 1339 1165 1259 485 1141 1316 465 1160 423 1333 1311 1314 1202 1334 1256 418 357
415 1139 479 401 1206 1136 1176 1138 1111 1308 1246 1291 365 377 1172 1218 1335 1067 1207 379
946 964 971 969 932 948 985 267 937 264 1002 975 982 940 1001 275 263 974 277 930
500 1187 469 448 1228 1210 1183 485 1205 1203 497 1093 1080 468 1322 1176 417 1333 1237 1047
361 1233 1247 1132 392 1087 1144 378 1270 352 1313 441 477 1266 1155 1301 488 410 1114 398
1195 1226 527 435 1332 462 1117 1280 1175 427 1241 1350 1146 451 385 526 1247 1335 1348 442
435 1079 1091 1282 1195 1205 1304 1057 1256 1263 1136 506 350 1193 1063 487 1169 375 1122 500
55 76 901 114 906 898 63 51 42 806 35 41 72 902 28 886 115 803 909 800
499 1070 1170 486 388 1075 407 1172 1175 1230 1064 434 1220 1082 416 1208 497 1057 1183 1201
649 680 693 694 655 616 587 610 701 1354 698 599 666 602 604 1368 617 574 1360 591
1171 1258 1181 443 1118 496 1215 512 393 474 1242 1226 1278 490 1284 480 1162 408 1268 469
1106 1164 1150 458 1220 447 1236 1107 1193 479 1183 388 495 362 1234 354 407 1171 475 454
1125 1158 1176 463 1246 1146 451 1116 1213 405 488 1114 378 1093 487 1276 377 1223 1268 1107
716 742 724 12 888 675 764 38 778 697 775 730 736 39 672 728 862 753 713 24
417 1157 1258 1100 438 1108 463 356 1218 1273 428 374 377 398 1099 1133 1110 380 433 1122
690 1340 616 622 1346 654 661 717 660 663 695 1194 725 1324 591 659 1320 594 653 678
744 780 0 885 788 734 37 41 886 878 889 805 808 8 23 39 720 776 809 6
1099 1112 382 1229 1132 457 470 1154 1060 1078 369 467 1079 1080 1084 465 1169 1148 1094 388
450 1068 434 1081 1092 1233 1241 1151 382 1186 464 1166 356 1254 1131 1058 397 1195 509 1066
440 1182 1338 340 1228 1104 1173 1183 519 509 1075 1101 1286 447 1072 1220 484 362 335 1161
269 1020 968 994 1030 236 267 1027 278 992 1010 1017 969 947 246 289 1054 284 986 1023
97 164 185 90 124 114 119 145 74 182 155 94 87 179 72 132 125 217 147 157
691 735 712 1344 672 11 746 710 754 788 762 708 757 723 647 1 701 753 749 1361
1190 1349 574 457 425 603 443 614 482 444 1172 407 497 1177 606 668 499 1324 666 639
488 1189 1108 1216 1170 1113 1118 1164 1325 1078 1222 425 1090 1224 1163 1206 1099 1345 521 438
886 895 28 745 18 15 809 774 913 47 773 881 763 866 899 873 4 25 753 22
609 665 592 582 585 580 577 604 636 695 608 699 644 586 690 688 1359 702 708 617
447 1125 1088 1078 444 1055 1113 1202 441 1277 1059 1096 496 435 1099 1156 1280 1249 1254 1270
129 171 167 190 156 208 118 170 173 142 95 124 210 125 123 120 136 218 230 104
1271 1296 1263 1282 450 1241 1221 428 1254 1281 1287 1330 1335 1306 1164 1333 1148 465 468 441
45 746 892 749 21 35 735 732 13 10 713 903 867 721 712 731 745 728 904 23
381 1059 1295 1049 1316 495 413 1076 375 436 386 399 422 503 1291 1089 1110 357 1055 1303
346 1317 412 434 334 317 320 344 359 399 1353 372 1315 1319 1342 375 1291 1335 380 355
17 747 10 698 786 859 865 704 853 720 768 880 799 21 756 766 807 19 886 729
252 930 992 1014 198 932 226 1010 980 271 243 229 990 973 949 217 909 203 235 267
452 1157 425 478 1091 1120 1148 1119 1127 1209 1061 1068 1220 1262 441 1254 1194 1054 1207 1270
561 635 575 668 596 647 632 661 589 626 554 525 667 615 601 642 581 679 616 680
758 858 10 873 50 887 862 814 737 834 764 743 781 721 838 857 769 43 1 824
422 445 1183 1165 1094 406 451 1136 360 471 463 1138 352 1106 1123 1076 505 1317 1251 392
27 715 767 26 803 781 773 688 745 795 818 13 763 749 677 761 670 698 846 721
467 1130 1213 417 440 419 1079 1102 1071 1199 1149 459 1112 1144 1263 1107 1269 1279 1252 1070
346 1340 1360 1193 634 347 1186 307 1358 1353 400 1356 641 1094 1182 357 411 334 369 1317
416 1095 396 1125 1324 1174 348 1308 1054 413 1279 1164 441 1143 1061 430 341 1198 465 397
257 992 273 940 259 995 238 974 1044 919 233 934 1010 1009 268 260 987 1006 245 235
550 579 1341 570 538 571 1348 547 1356 567 1365 623 574 1345 1363 548 652 555 596 613
122 149 191 198 171 90 179 121 162 173 138 107 83 104 166 201 92 152 203 169
453 1060 1104 1165 1275 1190 494 1118 1131 1083 1270 435 1285 1235 1096 1249 1153 439 1098 1124
745 889 750 905 57 730 781 898 860 907 732 756 52 44 33 724 697 807 894 56
498 1066 452 512 1211 484 467 439 1184 1104 494 349 1206 468 359 367 379 395 360 1182
490 1239 1158 1249 465 1162 1127 1148 484 496 1124 1089 1117 462 1076 1138 479 1274 1047 1173
712 756 740 777 806 721 693 48 865 42 711 741 883 759 3 723 683 866 888 753
1009 1027 1008 960 1037 1032 990 992 244 243 259 274 955 273 1054 982 264 981 240 968
407 1110 1324 1079 1312 1120 1082 362 1268 1284 1063 456 1183 484 418 1245 1163 1249 1214 406
109 137 96 164 139 104 102 71 100 106 130 129 82 140 170 150 103 142 181 81
431 1077 1103 465 1304 1121 473 1161 491 1108 1099 1257 380 1282 1138 367 451 1168 497 1295
741 870 53 791 859 716 708 813 727 33 756 879 802 3 728 23 790 766 787 695
560 638 665 629 608 631 672 619 673 625 537 588 653 649 571 612 585 1342 530 584
82 108 44 191 70 154 165 159 160 166 131 64 145 107 103 120 136 150 69 173
242 929 926 208 954 912 931 199 271 984 949 942 1001 228 219 1010 202 200 225 237
418 1119 1269 1122 1104 1292 381 434 446 1136 1226 479 1327 1134 1069 477 1054 1153 421 1224
504 1217 1066 1065 420 1214 1193 1262 494 1127 466 1179 457 1152 475 1188 1283 1122 1070 365
84 120 165 179 107 197 45 176 104 89 99 153 48 124 171 152 138 177 66 49
416 1127 1060 1176 1117 428 1281 408 1086 1307 1193 1153 1285 406 396 1082 1244 1335 354 1168
103 167 157 152 210 185 97 67 178 207 155 96 95 148 93 132 153 141 131 79
255 963 1004 953 270 970 278 232 982 1024 259 1013 267 991 251 954 1009 244 261 247
394 1126 372 1079 1214 482 1231 462 1221 1289 487 1284 1302 1148 1168 1161 1309 429 1224 1151
278 290 1059 1037 983 1054 293 1058 1069 295 953 1066 245 994 986 1020 980 1063 1064 289
452 1189 398 1348 1271 437 1084 1171 1134 1079 421 1325 1279 511 1155 1113 492 461 1274 1112
254 923 230 986 971 969 926 252 982 280 270 1011 990 953 1000 245 984 958 242 987
626 658 703 657 560 587 572 1363 636 676 1368 693 663 563 621 669 650 579 1343 629
424 1215 1125 1057 458 392 469 448 1325 1074 1199 1116 1151 507 451 1156 1100 1279 1257 1291
156 167 142 129 139 182 140 190 166 105 118 174 176 134 102 113 202 173 201 204
762 775 805 761 867 11 872 779 30 810 864 730 801 32 7 35 884 0 803 874
240 924 969 934 221 259 998 203 251 205 227 907 234 224 267 983 919 971 937 256
467 1282 1111 1162 1270 1175 1094 490 1135 1252 1297 1211 1079 1202 1314 446 1279 1306 1261 1132
595 1356 612 623 1360 690 621 592 681 682 691 669 1366 608 566 1362 556 554 660 567
216 935 237 970 994 265 225 207 220 264 183 271 184 224 187 186 963 260 955 922
413 1301 1155 440 1306 415 463 1286 1147 1225 1099 1070 1200 1060 1273 1163 1320 1242 1139 1284
272 971 943 263 992 985 982 941 1025 275 289 953 997 244 1038 277 1006 222 975 986
923 944 967 277 997 905 925 260 926 248 207 267 213 250 986 980 959 237 201 917
488 1055 1082 1079 1174 1197 1092 1123 1160 1177 1102 1065 463 1157 1230 1098 381 1078 1246 392
499 1048 449 1102 1195 1076 474 1070 1027 498 1063 511 1182 1164 1209 1211 520 480 1009 290
721 754 771 766 859 38 698 752 45 864 749 11 763 27 751 687 701 773 706 854
1226 1299 1153 502 1257 420 1122 478 1319 350 371 1119 1207 1139 368 1234 465 351 421 1152
280 975 953 234 993 958 982 1043 971 1037 1046 938 966 285 223 929 274 272 939 239
157 167 118 210 191 151 114 203 110 133 136 132 225 149 122 223 173 129 186 213
502 1179 403 466 1130 504 427 399 1169 1243 453 1111 446 486 1081 330 503 511 1184 438
843 856 824 764 785 818 770 835 875 35 780 24 833 888 812 830 17 821 763 886
703 749 862 774 769 676 723 762 694 671 871 783 880 872 23 691 45 711 782 666
19 743 695 43 760 761 752 735 751 38 704 784 762 892 789 865 718 694 863 12
25 719 876 864 702 872 701 855 758 46 763 9 746 742 690 889 774 16 47 673
420 1217 470 428 1072 442 465 459 1197 1283 1177 464 1301 1322 1285 1089 418 1310 476 1222
99 117 142 154 67 173 144 122 118 88 138 125 161 135 133 114 68 198 104 175
1177 1190 1352 1192 494 1330 417 1245 1205 481 442 1226 426 458 1156 1175 482 1235 469 1209
1250 1290 439 1164 374 408 1215 1166 1177 1128 1172 1288 468 1300 493 1229 1142 1283 1318 471
