339 1188 361 354 1106 722 1181 721 338 362 1170 1206 1138 1123 1110 1119 1201 1134 346 1171
20 42 67 12 62 1317 26 21 60 13 1319 53 54 27 11 1318 65 69 52 73
616 625 584 611 583 591 617 635 589 643 590 576 598 626 602 631 629 637 612 587
440 1296 1292 759 782 794 1300 433 463 431 763 779 448 803 455 1313 1288 781 1264 407
562 566 553 563 570 549 543 546 547 561 577 573 583 586 584 579 554 545 578 589
1275 1290 396 435 397 1249 414 436 437 1264 1254 420 399 1261 440 1304 401 385 383 429
276 1102 1104 1132 687 1129 1136 1079 249 252 1103 265 254 658 285 273 259 251 292 298
228 650 676 290 283 297 641 706 292 685 261 700 687 656 652 644 668 666 204 223
69 104 143 118 121 56 43 81 150 148 83 135 31 67 71 60 46 78 126 87
419 1282 1302 377 405 446 439 757 1284 431 403 391 746 806 808 379 775 794 751 1308
13 1316 11 444 62 431 434 418 17 1305 1300 63 1295 47 1 12 417 1278 1292 1322
244 690 233 207 219 221 694 675 192 691 682 272 160 171 679 205 666 237 653 255
235 706 668 275 665 296 213 380 703 259 188 364 282 709 357 208 679 236 290 198
412 1268 1245 1274 420 413 1248 1307 1271 394 373 1278 1259 1242 741 1240 442 392 743 812
430 763 455 1280 422 801 403 754 433 1285 1305 808 1265 440 398 452 1283 1309 423 405
239 707 702 374 253 262 681 666 229 363 713 267 274 354 701 691 652 723 728 242
362 722 832 738 723 712 325 354 1148 334 700 834 820 356 697 737 829 717 839 359
752 802 413 430 832 735 746 806 419 819 747 442 736 425 416 446 827 749 438 436
192 701 700 270 372 273 174 682 723 240 239 711 162 689 219 234 261 191 216 684
260 650 635 649 679 275 690 677 252 707 297 254 696 658 231 229 640 301 701 638
272 281 300 1084 301 299 667 245 1091 1095 293 308 706 1102 662 654 650 685 260 1100
986 996 1011 1007 995 985 980 960 1017 1019 989 1006 963 998 969 1002 984 999 1010 977
245 711 239 274 707 214 203 351 381 242 675 295 276 379 305 355 280 286 693 376
372 834 728 811 213 817 395 802 710 737 1264 843 702 384 826 857 823 860 1256 1250
518 529 507 527 513 519 501 505 546 542 540 534 535 499 537 539 504 528 524 538
585 604 606 594 577 635 597 630 567 619 609 602 582 610 622 623 628 614 611 631
373 720 384 1259 738 317 380 345 371 1242 326 369 379 332 390 389 709 316 385 348
355 1147 699 1125 725 1117 1161 1140 1247 363 1128 727 1162 369 708 709 702 728 1143 706
18 1322 1278 42 415 404 22 56 1313 19 1307 1325 1291 1308 5 1286 1274 1315 1300 1318
413 429 807 806 771 441 819 758 791 740 790 1323 1273 1295 785 804 449 803 764 754
63 90 49 43 126 1 60 74 38 66 62 124 23 19 21 29 65 16 15 107
406 737 1317 396 765 1323 1291 769 736 739 814 1279 1308 744 400 764 424 438 429 398
397 1316 728 812 12 1250 1271 1288 387 6 450 1299 382 1310 1278 438 380 1277 1307 403
400 1267 1288 437 429 418 1255 401 412 393 1271 1274 408 1305 1238 389 1244 394 382 1279
1221 1236 1208 1234 1210 340 1233 1262 1206 339 345 1216 1235 1226 344 1266 1243 1246 1258 342
462 478 446 482 456 444 483 439 487 461 442 448 437 470 445 457 469 435 481 484
665 675 181 202 681 270 676 199 269 266 663 654 690 713 220 271 265 674 652 278
324 1182 1103 658 1128 1189 1163 345 316 305 1181 654 1136 1188 303 334 306 1107 337 1159
1254 1284 362 433 397 1272 1286 419 1323 1320 411 1304 1258 415 421 1236 393 1308 1299 398
396 732 734 1290 422 1273 1279 1252 1292 386 408 1267 390 382 815 808 1285 410 379 387
1226 1231 1225 1243 1221 1214 1235 1234 1232 1239 1242 1206 1251 1224 1241 1238 1211 1222 1209 1247
264 287 291 256 653 255 687 272 262 283 303 709 245 268 664 273 305 241 665 1117
888 956 875 915 961 850 910 861 929 949 960 856 925 932 941 981 957 958 935 938
12 53 1291 7 49 28 65 51 78 89 66 1306 1310 20 90 1324 14 1318 76 10
172 202 673 150 216 700 138 153 711 709 223 675 674 209 144 204 194 168 221 705
828 853 860 792 879 857 876 840 825 794 865 771 805 820 867 813 721 890 735 814
195 687 682 247 253 695 685 190 663 155 701 211 700 219 181 245 233 156 717 703
682 691 696 718 256 213 257 179 246 254 192 280 719 232 680 205 677 209 713 658
315 1117 1134 1106 288 719 1104 1088 338 313 1132 289 1120 1119 323 317 1126 298 314 1112
370 385 1241 344 366 353 1289 1297 1151 1248 728 709 1255 717 380 1290 1243 814 394 1245
337 1115 1111 1100 288 339 664 1093 721 314 1130 293 1144 1163 1129 1173 1190 359 1091 353
340 347 1147 329 319 1108 1181 1180 371 1143 1106 1139 1162 1183 1190 360 1114 370 1133 1188
923 943 962 887 951 967 922 894 953 941 891 897 957 924 929 886 895 875 942 870
745 797 777 741 424 773 788 409 425 755 420 763 437 430 737 812 823 794 447 803
327 356 1123 340 1164 330 338 1191 1103 1146 304 335 702 348 655 1113 1151 308 705 1246
1111 1126 337 1109 309 284 314 1091 285 306 280 289 1132 329 283 297 320 1145 1112 1093
325 1130 301 298 1117 722 1180 1111 1189 1186 1192 294 1144 1121 1193 309 1195 1101 1141 1140
413 1318 1266 804 26 1324 432 777 425 427 28 744 1269 768 1311 1287 19 756 817 20
870 950 963 843 955 960 852 916 895 937 894 923 947 964 909 857 925 900 914 972
439 753 418 402 743 738 1286 756 797 406 458 1296 763 785 807 822 435 793 1292 781
726 828 394 367 820 712 816 348 792 784 774 813 370 796 341 793 711 811 378 713
34 1324 40 405 410 450 1312 442 51 415 66 14 419 1279 1291 451 56 50 438 1293
404 1275 1256 1255 1265 394 1271 409 1263 411 1293 416 1274 408 1262 439 386 1269 377 1301
283 305 249 1091 1107 323 329 274 306 656 1118 301 707 261 1139 1116 1083 277 661 327
15 39 1313 40 58 1319 17 47 67 1307 1308 53 1316 1320 1317 1314 57 1309 66 9
711 721 212 382 682 738 305 345 237 692 298 210 208 375 239 214 677 388 243 231
666 681 274 667 226 185 211 273 688 205 197 657 271 267 171 650 213 676 709 263
627 641 598 623 651 595 587 586 650 630 597 628 585 658 614 591 607 643 584 652
1204 1214 1215 1199 1225 1202 1220 1184 1191 1210 1213 1232 1234 1230 1207 1233 1221 1188 1186 1235
1131 1143 1142 1111 1134 353 307 1165 309 1160 299 337 303 1121 336 1136 341 331 334 1103
1188 1204 1221 1206 1225 345 333 1202 1200 1212 1214 343 1183 1194 1197 1167 1160 325 334 330
167 687 267 217 232 213 176 205 122 669 184 121 661 702 717 143 676 128 235 134
1058 1075 1061 1074 1071 1041 1047 1069 1060 1083 1088 1070 1057 1089 1046 1039 1052 1091 1079 1082
869 949 885 919 913 957 871 892 965 877 900 873 958 843 859 922 964 915 966 921
844 856 857 866 830 885 819 880 810 861 853 828 886 868 820 811 871 824 829 883
437 1308 1324 451 1311 766 443 9 809 17 31 784 438 6 13 463 435 446 44 804
301 661 660 648 1125 1119 226 329 1120 1128 659 270 656 315 251 299 647 655 710 316
290 711 695 277 199 679 274 266 292 674 691 720 1098 263 238 722 247 727 1128 299
478 482 477 450 464 490 491 470 452 458 469 489 471 461 453 481 484 488 486 454
882 909 906 898 857 938 870 865 850 953 876 886 872 856 854 921 966 880 933 891
460 482 448 472 488 463 431 428 470 492 453 469 462 441 432 454 451 429 465 499
566 584 570 587 613 575 603 616 618 559 561 619 558 549 608 548 569 598 582 568
27 1325 1285 24 1289 449 1284 1 50 1316 25 438 1322 32 1291 62 61 425 417 1280
57 85 77 71 75 111 52 90 119 88 32 27 112 28 109 121 86 13 115 108
688 705 233 689 294 298 267 286 707 185 204 715 269 656 237 266 712 719 669 180
1175 1193 1198 320 1166 1204 1156 1155 1191 1211 1153 332 1173 352 358 1171 341 1209 1185 348
1188 1196 343 1181 1182 1160 1178 1200 1205 333 342 326 1197 345 324 327 325 321 344 1192
233 705 221 276 355 666 687 258 689 245 237 204 247 352 228 725 286 374 685 356
865 875 895 907 886 946 855 832 839 847 888 900 924 944 877 906 954 889 859 943
210 672 700 710 219 204 198 207 183 684 702 182 696 217 708 271 235 659 657 679
408 1306 425 812 418 734 1288 10 1287 386 387 1297 1316 1312 1304 423 414 13 413 1266
722 826 708 350 800 798 368 812 704 745 735 824 711 765 713 805 386 385 764 697
37 48 58 73 16 86 83 46 26 78 61 56 11 40 36 64 33 91 12 4
431 801 735 785 794 1275 410 414 776 1267 734 784 765 789 749 1278 444 426 815 424
743 802 426 770 772 734 764 823 732 767 428 789 773 793 820 435 828 808 799 804
932 954 959 882 922 977 957 950 870 913 879 931 881 904 873 944 871 975 889 891
878 940 936 859 895 891 902 924 848 892 853 937 864 900 927 925 884 904 953 938
278 669 677 1099 293 297 220 701 250 688 221 210 308 1089 703 200 649 208 1102 1086
382 1259 400 1271 406 1269 383 726 1274 363 1256 719 404 386 1297 1282 384 1248 405 399
416 441 766 1318 468 812 409 444 1304 801 455 774 1258 1263 1291 462 439 449 427 448
346 352 1153 1154 326 715 319 1164 336 1170 1176 1183 1165 317 369 331 1145 717 327 1172
814 852 421 745 408 773 385 831 743 732 789 388 803 407 882 881 820 890 800 415
393 1281 1285 724 1305 1296 371 375 433 729 818 1315 1258 1249 438 1275 733 1247 387 814
869 893 934 860 900 835 951 940 955 914 952 895 903 908 942 840 891 944 935 845
1026 1039 1040 1009 1016 1044 1052 1055 1021 1043 1012 1027 1037 1030 1053 1041 1019 1025 1056 1035
441 1297 1274 792 1311 9 0 754 756 1269 1261 1280 776 752 10 1267 417 462 434 394
68 90 85 63 98 89 56 108 116 96 60 39 106 32 65 58 78 72 43 119
217 653 687 663 240 660 288 640 256 318 310 293 268 644 249 279 665 277 287 307
1078 1097 1119 1094 290 1117 314 1069 1081 307 1077 327 1121 318 1129 284 1085 1118 1074 315
410 445 411 1290 741 452 430 456 744 425 1278 1268 1305 391 460 423 822 1321 1280 1298
1150 1164 1123 1172 1149 1133 1125 337 1181 1156 1173 314 354 1182 1151 366 1146 356 1131 343
809 839 431 847 439 821 753 853 410 739 871 814 413 408 827 407 808 837 429 823
161 174 186 688 205 130 692 167 145 677 123 141 177 682 163 152 175 143 156 121
373 813 704 418 840 422 741 419 782 406 744 372 775 1242 777 1250 850 724 400 416
249 298 1120 238 709 1116 261 307 1137 1131 280 296 312 703 1139 691 1129 305 278 269
1226 1237 1258 1217 1247 1263 1223 1241 1260 1233 1212 1211 1231 1207 1242 1216 1215 1206 1259 1261
667 693 716 689 224 655 166 285 677 223 171 663 712 186 251 173 670 195 281 194
322 1101 1182 1081 285 1134 278 341 286 276 657 290 1138 291 1091 1121 1132 1096 1181 1102
277 1089 304 1086 247 264 284 1121 255 692 1092 654 1072 289 275 263 708 253 703 699
1126 1151 1095 309 299 319 301 1149 1140 1109 1171 312 289 1099 1125 1156 1111 336 1160 1104
323 1194 349 1191 1176 721 301 350 302 345 1122 341 657 1196 318 1124 306 315 1198 1114
901 938 946 868 889 891 954 949 887 890 899 925 928 936 894 966 961 965 933 950
191 204 145 168 705 177 695 170 195 683 679 155 180 200 674 219 153 672 211 147
758 826 368 440 756 422 769 779 864 785 752 804 423 806 378 757 394 441 725 784
738 769 443 813 772 439 799 731 754 406 810 796 815 768 804 745 409 816 797 775
908 951 971 876 958 862 919 921 935 936 914 969 970 941 891 878 927 904 869 895
318 1119 313 297 309 1139 658 1091 1130 1173 299 330 1090 312 1174 288 1093 1112 1137 1176
291 306 285 257 1108 1142 258 1101 300 1099 659 1115 1141 315 1114 653 713 312 1100 699
1274 1289 1261 440 1247 390 383 1283 381 1325 435 413 1295 417 426 1311 1259 442 411 1254
242 687 240 231 258 227 704 187 207 158 234 198 248 247 173 717 715 693 272 243
60 90 57 62 56 105 76 25 85 20 55 117 42 4 26 83 40 35 101 113
89 115 106 142 78 45 154 88 66 85 119 70 83 99 153 164 76 67 55 125
94 132 105 101 118 127 117 129 144 93 135 95 131 169 56 121 114 99 156 124
871 914 899 915 965 873 891 963 872 942 951 877 874 886 904 941 890 843 939 855
373 1262 728 1260 824 712 1249 710 370 730 833 1283 1291 1292 380 425 378 381 719 397
671 692 224 163 690 182 225 188 677 268 269 195 171 175 664 673 190 720 266 186
585 611 622 567 588 580 632 610 582 640 596 615 590 573 569 641 594 621 574 571
378 382 718 1241 398 360 826 1279 1291 1250 392 819 391 388 708 822 1269 355 1247 1268
406 737 1311 440 432 823 1261 1266 766 802 794 1300 777 767 773 749 1322 834 1299 1284
27 1309 437 431 1284 1323 50 1289 414 1295 427 22 408 52 1292 428 435 31 1310 439
427 793 401 804 408 429 405 1306 414 395 396 752 1298 424 444 819 446 1284 756 390
422 765 456 1276 748 442 763 1275 441 1303 454 1293 804 801 423 406 753 779 802 1319
648 656 635 325 270 289 242 311 257 275 280 266 298 318 665 332 293 264 229 667
152 164 174 685 108 111 687 166 127 149 129 201 134 165 147 184 116 688 162 196
305 1145 711 658 1098 274 294 285 282 327 262 317 281 295 273 1131 346 264 324 333
198 711 217 378 215 301 197 686 689 374 307 366 369 213 221 232 683 666 180 300
105 114 94 124 60 91 161 123 118 138 101 132 155 70 141 57 139 73 149 125
334 1100 1129 1181 725 312 333 305 331 314 1144 1172 280 304 290 307 359 284 1166 1187
908 927 946 970 964 895 879 868 931 898 902 938 958 956 937 870 905 903 884 869
1066 1072 1058 1074 1071 1043 1055 1062 1075 1051 1044 1057 1093 1047 1078 1082 1048 1089 1046 1054
