294 367 89 387 345 284 774 311 286 285 393 334 90 81 353 94 83 305 301 108
1086 1095 550 546 520 517 441 459 455 558 489 1078 516 1080 511 1077 466 448 456 492
216 846 154 215 224 243 211 232 39 230 44 53 227 879 235 825 209 828 823 47
249 826 62 202 247 76 853 254 856 822 148 29 218 850 815 227 222 884 207 180
838 876 138 866 886 136 204 898 821 235 214 222 870 58 71 59 245 155 49 858
863 882 891 48 135 249 134 822 244 246 147 893 850 237 820 205 890 872 136 821
1130 1147 1126 412 381 1127 563 430 523 382 418 510 390 548 495 398 543 549 401 491
278 319 368 274 77 373 304 90 318 299 172 360 260 268 808 175 15 78 72 29
397 444 1125 384 1140 507 422 412 487 426 520 512 446 525 386 1136 509 514 1087 1089
684 762 1024 660 1025 743 737 269 749 266 264 707 657 766 781 757 758 700 780 787
471 522 556 493 530 1070 573 1134 533 572 1118 602 622 1086 611 454 435 558 631 1063
950 982 968 999 580 575 925 1007 1074 616 598 1010 971 1006 1009 922 951 612 930 606
674 1026 1027 703 1056 698 751 1005 717 661 648 1049 686 1043 1036 644 636 667 675 1048
156 195 254 829 181 234 209 54 864 215 59 145 152 827 872 42 849 858 848 188
448 469 551 392 437 459 1080 521 556 489 446 430 433 543 1128 494 571 470 1068 428
216 222 68 822 153 54 49 43 231 205 232 238 192 51 41 199 841 835 825 882
617 991 593 962 1046 609 654 1059 658 970 1060 984 987 640 500 1053 1076 979 580 1065
287 360 807 274 346 812 34 79 373 273 385 109 813 299 351 378 393 18 286 310
721 1030 671 109 764 1001 702 1057 740 669 783 790 718 1025 752 722 108 734 676 1019
112 272 256 22 768 1 260 723 114 331 284 310 19 102 358 796 778 17 745 728
444 505 379 543 1099 1135 1094 395 479 441 474 1120 512 595 579 548 549 1072 497 480
459 535 1123 1141 497 461 550 511 1065 1090 1136 520 626 552 532 623 490 1129 460 633
762 791 752 313 273 72 71 742 87 771 39 792 95 812 275 115 745 10 760 11
64 199 45 44 219 79 61 846 74 41 81 220 841 852 179 853 195 198 847 69
317 355 380 106 307 14 375 392 90 308 377 89 320 291 23 366 283 788 271 385
76 289 1 124 316 37 11 193 313 90 809 54 780 75 186 826 294 92 335 805
634 999 665 1074 1047 512 578 533 624 1067 992 630 1048 570 1061 550 998 986 1078 993
153 217 57 847 197 66 860 886 67 820 255 212 236 215 38 875 216 208 873 47
49 211 864 190 850 186 832 227 63 75 139 874 62 843 857 861 145 813 214 44
246 841 225 253 59 53 245 215 71 70 188 239 196 833 819 831 847 152 234 158
261 277 793 120 102 129 38 117 799 86 299 97 300 250 802 255 98 266 307 789
712 787 758 767 89 1037 103 770 741 784 781 18 722 738 717 663 289 13 665 662
38 792 305 152 723 12 319 52 312 280 10 759 156 794 40 254 297 267 18 191
509 588 471 1137 1126 1136 659 981 655 664 600 444 516 988 636 625 989 467 663 1086
308 351 804 306 27 365 29 372 784 363 290 5 291 798 12 311 170 302 292 353
724 1025 1016 1053 1038 1059 1026 701 993 109 98 1035 756 717 765 674 1002 1055 1047 658
318 376 342 343 315 103 3 363 1135 359 27 353 279 1 1134 357 394 346 86 797
153 844 831 58 224 159 813 218 243 890 861 827 886 196 863 36 832 132 858 210
567 1133 431 493 636 402 516 552 634 486 1124 477 379 1148 637 560 513 395 497 551
970 1010 944 722 645 987 968 653 1033 1044 665 725 1078 1032 638 982 1046 1052 651 632
521 1087 597 633 568 471 1125 1130 1110 443 602 1116 638 625 462 604 1123 1133 1098 452
871 891 855 140 237 242 896 245 216 839 846 862 240 152 866 909 221 884 844 147
62 259 843 804 61 800 173 799 182 3 25 1 143 830 789 114 120 19 276 836
536 625 511 651 1091 508 461 452 605 662 1060 661 465 995 1059 1071 652 1075 1056 520
99 294 98 79 316 358 801 787 766 111 122 328 105 718 355 291 745 706 29 742
582 653 645 612 628 607 603 678 1014 1084 618 1020 1056 617 1001 641 589 1060 1003 608
283 353 267 12 294 362 33 785 336 13 19 68 82 37 84 343 11 316 303 287
682 764 793 275 713 1043 1025 665 657 1046 269 773 788 664 749 1024 1027 1036 695 264
40 790 801 257 146 255 213 39 742 208 76 54 791 266 80 292 200 122 198 817
642 675 564 656 1073 1046 995 996 1068 1047 994 637 666 734 1052 562 709 605 1013 1007
674 733 721 1010 678 701 680 779 704 696 717 702 652 1053 676 748 782 781 785 776
1134 1150 1145 563 401 369 431 454 552 428 554 512 557 550 446 493 484 499 520 570
214 842 846 850 815 190 242 829 150 867 39 71 143 875 822 206 58 72 881 840
78 801 183 266 74 171 172 185 272 274 89 314 789 791 186 289 103 36 291 771
80 300 49 319 318 102 98 290 308 59 294 31 119 317 301 7 57 92 101 65
751 771 269 741 740 267 769 294 710 19 265 684 276 108 281 792 722 720 2 678
433 443 402 395 401 480 486 416 398 1098 1112 1139 513 408 1107 1116 429 423 479 419
505 594 548 609 574 509 985 539 529 1101 987 523 514 625 657 1072 652 646 507 586
216 833 203 65 231 36 878 846 248 842 237 209 142 234 847 850 62 43 843 66
643 669 997 734 1054 1044 618 612 694 1055 649 659 732 553 1023 699 580 575 616 606
49 834 844 870 210 180 61 840 802 199 806 240 45 53 192 876 42 841 250 153
44 837 142 262 71 15 179 879 60 153 23 130 67 234 32 56 192 134 33 839
310 358 352 28 354 272 92 7 297 275 370 356 360 322 805 377 79 789 796 781
17 177 3 14 104 779 785 306 313 353 333 334 105 820 778 810 332 801 321 283
27 189 772 26 345 773 32 834 808 116 187 179 184 59 54 210 791 124 303 836
112 280 83 755 328 103 111 108 683 751 32 803 348 30 123 96 355 786 34 748
1017 1041 727 660 1058 1026 739 1043 702 683 1045 1011 1029 700 1038 716 1034 689 1003 745
415 1120 508 553 494 1090 476 532 1124 473 484 469 1128 513 1091 438 518 541 443 417
745 1021 717 714 1047 669 727 1062 668 1001 759 685 697 109 994 1043 1041 1032 991 1053
383 1131 434 378 347 340 436 525 560 402 539 487 543 385 573 506 571 449 384 489
460 542 526 1092 1122 514 558 1134 538 523 1086 1128 598 640 476 596 456 511 1085 518
682 770 795 11 733 784 686 14 90 756 667 106 657 95 652 97 663 16 732 1021
39 152 212 173 151 4 243 827 68 192 143 50 244 252 14 43 217 70 185 281
50 244 829 181 79 179 805 875 138 208 851 846 804 252 813 206 199 204 147 877
29 173 103 327 14 299 328 329 91 250 305 25 789 802 186 303 800 323 288 797
154 206 849 136 850 250 819 62 180 225 845 134 60 151 257 874 148 821 196 256
690 1029 663 1001 1039 1011 1024 730 1015 673 699 731 1040 777 1057 1054 721 1023 739 1034
1016 1029 716 702 729 699 685 704 738 662 1059 994 1050 744 669 726 688 656 698 1011
94 349 271 741 7 314 37 312 365 329 387 382 26 76 330 170 308 125 291 272
510 609 607 523 628 445 603 616 474 446 638 1081 1128 1070 649 447 448 518 458 1071
694 1034 696 751 95 1013 765 739 656 702 1033 1011 745 720 742 670 719 699 1025 773
269 336 376 75 27 733 383 7 790 251 22 382 772 768 283 312 781 12 323 89
584 658 1029 995 1011 711 706 647 686 682 1010 597 612 687 1005 641 716 622 1062 1013
668 1022 1052 1007 734 648 739 1011 649 1027 1020 629 651 689 726 738 661 1036 642 997
543 595 550 999 508 991 540 641 507 997 996 1092 526 532 978 461 529 1130 994 998
819 860 852 15 37 25 4 821 185 853 201 238 16 187 252 43 237 13 0 255
975 1060 1016 1065 655 1024 1045 992 982 609 625 1079 967 979 964 593 568 646 661 959
86 172 788 81 308 817 355 46 814 27 201 356 129 170 338 88 105 800 71 198
610 988 971 977 613 513 1053 1081 611 966 1077 1016 583 1063 1071 993 1019 615 648 965
603 975 549 508 1008 607 977 983 1076 1063 608 502 1073 665 656 522 505 535 501 1071
14 90 103 62 101 292 359 323 787 761 97 328 751 170 129 121 780 65 793 364
232 247 36 155 56 137 73 142 818 38 76 147 249 42 874 78 55 44 129 835
10 813 265 272 826 812 784 85 321 346 283 54 304 43 348 6 81 787 24 325
641 1072 502 987 968 1015 673 659 672 629 452 668 508 549 578 998 994 607 634 993
688 1031 768 704 679 686 1029 712 1047 760 659 1018 1027 734 1017 687 1011 705 998 1009
502 1069 455 1054 656 551 1127 619 535 975 992 979 518 650 521 1099 590 497 646 960
525 607 455 628 660 1064 446 518 654 639 999 1062 1075 531 1054 458 609 1091 642 1133
133 237 113 48 855 120 248 880 224 142 228 250 861 151 256 114 45 862 245 116
1093 1113 484 430 407 514 1109 448 508 487 480 444 427 439 442 511 536 1092 518 517
602 1077 597 1064 588 645 616 971 624 1065 1089 1002 1001 610 553 993 601 992 1004 1091
613 984 997 573 981 953 959 980 656 515 643 585 647 665 1078 611 511 1082 517 606
61 172 63 319 84 354 152 174 856 804 315 211 57 293 206 844 185 49 73 282
192 217 61 830 64 228 180 213 33 880 235 817 204 146 229 46 73 856 28 851
29 323 182 364 11 791 101 290 90 316 5 324 39 818 282 46 120 281 253 80
719 1048 1030 770 641 789 1028 698 643 722 1007 747 1027 1061 677 662 786 1004 715 1058
155 835 851 870 194 218 37 225 837 47 237 215 48 62 31 823 850 77 45 51
22 180 296 341 802 774 72 187 0 91 195 297 330 820 307 19 783 821 36 34
750 774 1033 98 682 769 686 770 803 28 273 280 21 88 706 705 115 676 787 779
710 1017 1012 653 780 761 1026 103 107 660 708 727 695 988 681 1000 269 270 999 1061
395 404 427 433 375 1115 400 418 429 384 417 419 373 437 1125 1119 396 1134 371 1117
831 867 846 845 73 51 221 249 881 45 832 862 202 230 71 885 244 46 158 138
1070 1078 633 1053 640 978 498 470 1130 639 592 599 1007 550 612 624 469 1003 614 970
743 1024 758 94 733 670 684 1001 711 772 1009 704 728 109 674 675 1018 780 664 726
294 365 307 25 367 789 806 384 342 282 373 372 299 361 370 379 290 346 14 387
591 639 990 554 1052 657 655 598 585 564 1075 635 658 583 1080 1077 563 645 985 636
821 847 70 44 77 38 188 248 153 822 201 815 823 156 829 254 226 871 797 253
470 1123 532 482 1069 519 390 450 1083 406 455 485 411 567 407 463 477 447 408 418
988 1077 590 583 640 605 1054 603 589 1008 973 1068 592 1050 1085 1013 983 1086 1061 657
242 851 886 64 127 842 220 838 853 141 39 158 54 44 258 57 126 825 854 60
525 1096 457 629 1113 502 592 1085 531 524 1106 455 448 464 456 1134 444 548 469 609
969 984 956 965 1075 949 593 1073 583 1008 1003 616 1062 603 1009 599 999 1067 586 948
269 762 90 794 279 120 790 274 783 754 117 723 334 252 682 753 3 122 689 788
927 944 954 951 939 913 911 959 950 923 924 955 936 943 956 905 912 952 953 937
241 887 870 239 147 218 64 907 854 48 214 38 909 43 247 53 52 840 230 231
26 315 104 259 0 370 43 815 270 61 255 256 346 281 276 48 58 57 15 46
399 412 1135 374 1130 1119 375 439 433 1112 1128 423 401 1121 1120 436 434 430 415 424
455 1083 456 515 467 1146 622 571 1075 1129 590 1141 1143 513 1102 1131 1124 1092 550 493
1085 1110 465 462 571 437 1077 415 1080 572 1097 583 482 1086 1124 416 575 455 1078 1125
439 448 432 493 1094 394 1102 1145 1106 544 536 476 1079 547 1105 403 1137 407 522 1138
527 633 1123 444 511 465 1119 1093 1131 650 1130 460 607 1002 1000 602 623 570 1051 1120
81 293 33 49 7 116 786 128 276 275 179 64 305 85 110 783 91 36 3 821
70 78 54 781 840 184 833 89 835 251 780 96 847 843 213 92 79 130 72 828
691 777 1037 312 282 696 1044 1021 30 303 261 720 778 794 1027 80 735 745 712 89
28 182 203 93 47 268 126 39 27 341 793 822 82 6 304 54 59 253 38 269
474 534 493 1138 448 603 504 1071 472 627 1123 1117 555 544 438 1129 436 477 1139 503
342 380 325 289 297 405 318 374 1136 350 308 1133 0 332 14 316 337 1134 284 321
12 271 771 0 797 8 42 17 326 806 102 62 284 300 351 791 742 191 757 338
413 434 1094 1097 417 432 1130 416 454 1122 419 1126 1092 398 415 428 1117 426 1086 388
606 1062 538 501 611 1055 532 999 551 563 1016 620 580 1052 640 619 1053 512 631 1070
116 273 11 319 301 114 346 5 304 284 762 112 340 782 790 333 776 792 12 271
612 1080 642 619 591 657 506 992 644 1123 999 989 984 515 660 1077 521 1060 1094 622
546 1135 1142 479 387 380 541 475 455 628 599 376 472 447 476 497 389 441 1128 1068
194 822 150 38 841 854 184 41 825 223 199 31 222 851 248 176 42 855 860 40
57 250 816 839 858 200 13 263 844 46 16 171 821 141 859 832 244 74 204 812
98 793 313 124 334 765 741 780 269 743 706 270 275 766 71 753 122 762 747 22
465 1131 536 466 524 1127 557 395 403 441 565 472 406 562 513 380 509 1132 499 404
248 886 76 227 899 65 238 37 259 829 866 850 246 224 69 39 139 870 43 908
111 283 109 22 808 93 26 765 39 346 721 67 811 349 354 784 254 259 725 373
100 789 310 728 708 74 1 753 21 348 756 725 291 787 75 83 771 101 258 115
630 652 521 587 1009 573 671 994 659 1061 547 603 1024 541 516 560 569 611 586 546
