888 899 878 3 6 885 854 909 858 850 940 931 886 872 923 859 927 930 883 921
852 881 837 826 862 861 896 914 883 892 838 844 864 877 884 843 891 857 836 870
16 979 1019 933 1010 974 62 906 24 995 949 966 948 48 86 5 1021 971 968 973
8 953 1035 1002 88 90 46 1026 952 93 57 1022 913 38 98 1007 996 48 965 992
342 422 326 344 312 503 330 498 340 410 354 313 460 434 394 389 501 495 304 521
930 965 990 20 953 939 971 4 959 978 1028 997 1033 1001 888 952 976 1004 1003 991
764 791 781 783 794 804 782 797 799 737 777 776 772 805 809 792 770 793 768 750
442 480 441 488 412 500 534 379 380 463 486 439 535 533 508 446 515 482 455 443
380 426 364 447 490 363 328 404 325 436 365 456 417 397 465 468 353 487 335 472
5 997 77 109 33 66 962 961 43 991 994 939 54 91 1027 24 39 1011 92 64
41 85 92 26 107 77 36 0 71 76 3 105 58 56 123 33 31 17 87 34
76 106 125 75 12 63 11 44 984 989 55 113 4 71 46 69 995 81 95 26
953 981 950 922 986 68 2 115 973 0 91 70 917 95 1025 12 915 22 957 958
142 170 150 125 201 203 209 132 127 129 158 120 204 119 111 155 182 135 183 205
123 132 148 86 102 134 119 143 114 138 121 140 94 92 91 120 142 90 85 144
360 422 370 304 423 330 323 353 447 311 362 463 487 517 468 388 399 386 312 414
962 1024 971 963 1006 964 988 920 1029 1001 947 979 922 949 945 925 4 935 928 7
976 1018 975 1033 22 946 954 942 992 11 1006 26 1012 966 958 1001 21 945 978 964
11 994 94 25 43 34 1024 10 920 12 87 934 931 110 971 969 61 5 972 892
530 549 515 476 516 556 455 526 575 597 419 528 590 541 576 558 591 466 506 442
883 899 935 856 875 11 19 915 16 855 933 851 905 13 923 877 878 870 858 882
852 870 904 833 834 823 893 839 888 876 881 872 879 861 864 866 851 902 824 892
95 980 970 1025 33 999 19 961 1015 1023 29 113 96 981 998 8 957 966 93 22
46 94 125 999 129 80 995 130 54 14 4 985 120 986 105 77 3 84 5 12
324 381 332 289 276 290 428 360 377 423 308 436 379 372 427 440 443 447 315 345
443 486 439 431 529 407 414 472 500 428 465 519 481 511 420 453 467 409 402 377
849 885 870 825 862 895 867 912 913 916 822 910 855 841 835 908 896 869 893 894
609 616 597 584 580 634 623 622 636 587 578 607 624 606 605 608 630 569 581 620
840 868 837 888 904 877 833 883 847 892 894 907 851 906 827 902 858 835 860 880
29 68 955 966 35 18 115 119 967 62 102 70 15 44 92 976 73 51 111 915
685 695 667 730 701 663 666 675 687 664 708 717 724 677 709 720 728 714 710 673
642 667 680 663 658 674 650 653 698 616 696 673 634 610 644 613 665 622 626 661
620 633 663 593 598 643 638 634 616 612 652 654 606 613 655 585 662 657 586 595
321 349 287 307 328 294 332 407 315 333 295 405 300 418 422 409 337 308 390 327
413 467 444 346 485 364 378 376 350 451 519 448 348 524 405 325 447 370 374 505
352 388 401 447 342 378 309 452 459 384 335 330 367 390 375 403 360 344 440 417
495 512 420 557 482 416 408 432 401 424 521 473 411 413 510 567 552 419 497 442
744 758 750 705 727 718 729 755 708 731 789 709 790 783 775 781 746 756 697 772
797 809 776 759 784 779 757 808 758 772 804 761 794 783 798 768 799 788 785 766
475 508 448 498 510 535 405 449 420 556 477 531 403 446 532 537 513 463 415 443
432 506 496 527 512 511 402 503 414 377 556 470 411 478 431 384 509 403 469 485
581 619 605 634 547 612 566 614 572 643 582 616 579 610 617 564 562 613 590 636
976 1021 951 9 979 968 102 969 954 959 980 1018 983 937 950 958 22 1005 1019 25
188 247 221 264 186 187 263 174 204 288 170 236 166 279 224 183 277 292 193 189
702 747 671 781 700 678 683 672 745 775 692 754 761 684 741 689 779 744 753 746
11 962 932 85 911 906 1024 50 926 954 944 946 84 31 1003 941 15 924 1012 39
575 599 564 589 595 571 628 616 590 568 561 549 552 618 583 619 541 624 547 625
679 696 680 730 690 688 653 702 726 731 668 697 682 687 711 703 716 738 689 728
153 180 222 184 192 211 150 193 204 212 154 141 217 189 138 174 156 233 186 237
4 1006 981 906 63 1034 989 69 959 967 998 1021 39 78 1017 931 926 898 965 908
963 986 1010 958 921 2 1014 951 987 96 30 1023 984 969 1000 981 0 94 1025 990
947 980 922 30 954 109 923 1003 970 1033 114 1013 1029 910 0 7 1032 99 104 981
446 521 400 505 480 434 380 469 402 511 484 458 452 428 491 561 543 524 549 475
834 853 822 893 852 861 874 858 847 867 840 830 876 846 892 855 849 820 882 886
501 537 489 554 513 563 450 440 447 445 508 570 538 429 474 446 453 558 510 543
216 271 174 255 192 284 298 237 316 220 222 261 190 231 184 213 229 296 177 246
693 721 675 665 738 709 745 703 688 735 739 682 702 678 722 676 727 730 726 716
91 99 76 63 78 109 12 61 52 130 990 59 92 3 133 126 100 121 43 41
229 264 211 287 307 204 311 257 262 303 192 256 227 197 279 206 298 226 190 276
317 394 331 397 429 375 340 304 322 258 402 388 376 291 459 363 288 430 280 339
19 957 76 20 947 985 953 892 994 904 952 1009 51 88 22 85 1034 929 29 23
101 127 125 112 978 151 130 105 104 103 999 93 141 68 65 997 54 67 137 993
15 52 905 980 971 928 898 95 76 11 940 989 961 937 977 894 68 939 960 891
493 508 441 510 451 425 431 415 527 487 474 413 533 422 486 477 529 437 448 513
75 90 62 67 121 100 28 112 47 104 51 98 40 118 52 122 115 26 53 64
302 343 383 247 415 398 395 353 328 376 258 363 372 309 423 394 317 296 401 313
271 294 242 318 213 339 262 337 217 278 230 276 264 245 206 319 330 269 265 267
302 356 327 264 377 388 386 330 300 253 248 415 317 303 376 340 257 374 378 394
9 1015 912 50 918 1028 1032 936 901 984 36 913 84 91 951 989 40 48 80 97
762 803 779 800 732 745 778 742 731 802 748 792 809 777 734 775 749 761 787 753
51 79 92 14 80 2 78 38 42 81 28 0 25 65 26 112 83 54 13 97
179 200 216 178 170 258 218 204 207 159 182 235 226 223 166 264 155 241 246 245
555 568 587 588 606 597 496 508 540 554 603 516 559 520 510 517 576 527 498 514
71 986 4 950 999 1010 973 985 116 953 41 56 11 43 958 967 10 5 948 111
870 896 886 894 907 19 835 833 16 862 845 915 882 840 855 850 891 926 910 838
953 978 96 103 933 964 967 1001 937 1007 106 931 1003 0 929 974 954 971 972 969
36 66 22 39 9 994 63 56 997 982 989 72 11 50 98 999 60 114 59 1005
428 460 531 383 387 511 382 435 415 410 501 370 427 515 413 461 396 449 485 411
633 641 661 634 630 627 654 644 601 624 605 660 618 610 608 626 625 635 655 645
833 857 836 881 871 898 882 863 887 835 859 821 855 873 820 866 830 824 849 864
203 235 244 266 180 265 242 274 267 212 231 181 253 190 198 264 226 218 197 263
630 652 655 636 660 629 634 667 674 611 640 645 599 677 626 601 668 607 669 650
223 264 235 226 220 274 231 195 218 266 211 279 305 296 215 252 315 228 203 299
414 517 435 547 341 361 499 335 501 487 444 454 354 389 567 448 347 450 348 468
941 976 1003 12 26 1017 927 7 1009 18 4 919 952 903 956 947 913 918 11 929
262 292 309 227 259 304 222 279 337 323 293 317 209 238 277 328 283 308 268 255
397 438 329 394 488 465 392 391 418 325 346 521 344 510 473 431 442 493 432 486
215 234 205 235 194 248 241 175 243 268 276 278 250 231 209 275 246 177 176 172
344 399 382 379 384 393 336 350 414 409 366 411 476 440 352 307 418 311 406 363
363 426 368 476 390 531 376 339 499 340 423 311 459 315 361 391 303 478 481 474
983 1031 949 965 12 1027 967 978 991 1008 994 65 96 11 20 1020 93 68 1032 1005
759 793 754 781 790 777 760 726 787 724 744 728 731 805 784 807 738 783 801 795
270 288 257 267 291 315 295 252 281 334 283 266 280 236 256 292 253 255 273 262
448 517 454 442 431 389 479 521 390 464 514 422 405 510 439 432 410 478 484 546
349 385 426 407 378 348 375 448 457 389 445 309 402 384 411 406 416 413 345 427
521 536 473 438 554 424 517 481 449 412 507 565 524 495 444 484 448 440 569 548
659 686 729 633 719 725 706 666 632 640 638 707 674 642 677 692 721 701 703 717
916 957 1007 929 994 946 19 934 992 1 881 23 1000 1013 1027 900 937 16 878 980
421 499 389 367 552 516 512 401 538 334 370 379 381 530 525 366 465 541 539 537
269 299 342 247 212 313 242 293 284 317 309 223 320 291 306 287 344 208 308 258
741 760 715 756 752 734 772 771 742 797 753 765 783 730 782 781 777 773 789 700
657 678 662 660 658 705 675 694 669 645 695 714 717 668 638 706 702 680 710 632
413 507 550 523 384 417 503 339 505 454 427 532 441 451 537 366 364 331 385 390
333 412 410 439 513 304 358 499 450 456 376 309 415 342 477 310 442 473 299 413
396 419 530 509 529 461 526 331 433 391 366 511 436 368 488 493 458 516 377 463
328 389 399 295 388 367 368 385 414 431 427 299 317 454 390 330 456 284 380 366
93 126 138 109 88 91 29 997 76 33 34 48 90 67 96 111 101 39 122 43
912 933 961 962 18 941 2 937 952 876 972 886 970 973 932 869 942 881 916 878
271 301 288 274 292 339 227 354 293 251 286 312 218 261 217 296 268 224 306 208
236 267 195 305 191 296 283 231 289 251 269 284 275 234 224 196 197 199 263 206
324 345 296 318 423 297 372 349 274 346 336 378 375 373 386 286 419 284 410 275
85 118 47 89 60 62 8 122 42 15 139 65 78 134 137 146 29 104 50 102
2 943 1031 59 40 974 923 930 920 77 935 1 1032 1025 47 966 968 1011 63 957
439 468 487 533 459 473 519 425 375 499 400 401 384 524 493 513 520 503 416 498
895 905 11 20 871 866 862 890 5 880 886 1 870 923 932 859 894 3 858 25
387 419 324 357 437 524 349 464 356 317 309 408 527 529 361 500 523 394 425 481
17 980 913 1031 1010 968 946 52 95 1008 81 64 23 934 938 920 922 895 93 1014
307 370 356 271 422 309 392 250 321 351 377 423 319 350 254 402 325 273 348 396
881 911 906 950 25 857 879 858 896 934 903 952 848 18 915 930 846 19 868 936
950 1016 909 28 22 997 977 973 965 960 975 989 974 1027 991 1026 1033 17 959 9
970 1022 22 988 973 939 984 1032 982 974 956 2 989 7 953 25 1001 932 16 934
212 247 301 242 300 299 193 177 278 236 244 262 190 210 277 271 184 173 252 222
214 239 218 268 201 184 220 208 282 293 260 219 287 246 222 182 190 228 194 191
0 82 20 1035 9 73 947 982 22 959 121 53 11 1011 47 907 6 62 964 83
332 363 391 344 413 342 346 322 296 324 361 404 375 384 294 419 335 347 416 360
124 136 116 102 91 104 137 143 88 90 149 139 134 95 103 158 93 154 100 161
149 184 179 134 139 241 135 207 248 173 182 180 226 198 127 234 225 153 178 200
471 519 532 453 433 435 492 504 566 521 545 548 520 472 501 563 461 415 512 524
299 343 242 403 382 398 297 337 310 314 279 394 244 399 365 253 307 331 309 379
246 271 252 319 233 314 281 322 306 303 213 313 190 289 244 323 265 249 207 200
658 676 711 659 663 714 631 679 686 666 633 672 685 646 648 710 677 704 712 661
32 998 80 17 975 976 90 108 1017 113 55 1027 81 94 105 51 955 951 69 1021
241 261 285 245 203 266 229 292 260 246 181 307 226 298 235 188 313 271 264 201
971 995 14 972 102 1034 1022 10 1027 1005 1016 948 992 103 1011 965 64 111 979 16
464 512 394 521 556 523 500 466 407 549 514 555 530 508 543 455 509 392 496 454
318 375 326 332 359 435 287 367 440 374 423 416 389 376 327 433 403 350 428 439
338 398 341 297 478 412 361 362 483 431 445 357 452 490 367 415 405 324 437 378
176 223 190 270 248 197 213 255 260 259 257 191 161 209 254 217 195 145 250 212
28 60 948 66 21 91 42 72 905 10 37 956 45 1 11 973 27 100 65 910
419 445 405 431 383 384 345 433 488 389 404 411 483 421 512 392 396 451 398 387
418 437 464 467 433 496 435 510 529 508 341 455 432 367 394 336 346 485 441 481
96 133 74 997 981 64 49 60 66 978 131 78 110 985 103 87 76 43 70 100
570 595 614 620 557 613 532 596 621 554 558 566 606 547 601 528 581 617 583 527
343 411 367 490 512 442 334 454 400 520 423 432 393 412 311 396 381 521 358 324
727 752 776 700 709 746 719 692 734 757 726 751 691 779 687 775 747 689 730 699
562 585 549 598 574 520 602 538 550 609 526 621 506 553 620 588 560 563 600 592
7 982 1016 47 924 8 1013 16 4 925 910 934 1006 1035 1 60 978 106 966 962
672 696 707 727 734 735 661 737 711 739 694 666 668 647 731 655 656 703 678 658
733 743 744 694 731 719 700 720 708 750 717 749 778 728 730 748 698 773 723 777
217 236 259 197 283 209 254 288 261 275 178 233 206 276 266 221 196 243 211 271
