29 1063 1100 147 83 1071 957 21 1101 989 45 1089 1096 1058 983 79 31 945 1095 13
1140 1159 1010 1109 1171 1142 1175 16 1130 1122 97 1026 1117 2 90 1108 1158 1133 101 1168
634 652 748 731 671 594 670 758 768 639 621 623 641 708 703 705 613 653 637 663
48 1087 1104 1101 1065 81 23 1 73 43 1112 16 5 55 0 9 1066 1105 1081 1096
117 202 191 1224 95 1136 1139 1222 243 1126 1164 91 246 193 1160 140 83 1228 194 105
48 1088 44 1105 1104 67 956 1091 1184 55 35 969 1115 1072 954 1 10 973 970 16
67 1084 24 31 966 65 30 957 64 1086 73 2 1177 155 14 1108 1186 143 1072 1067
1030 1149 1020 96 1140 1218 103 1114 1003 995 1238 110 1154 109 1240 99 1153 1129 101 1042
716 766 749 651 604 606 739 646 733 771 794 774 626 732 762 730 792 603 640 747
648 765 541 785 649 749 634 735 658 636 623 617 647 784 663 637 778 768 608 613
554 574 582 435 570 675 535 459 437 433 592 432 580 447 444 576 429 571 544 666
59 70 1074 1073 136 139 1114 1190 1067 84 77 35 4 34 26 12 164 1081 1183 78
710 737 724 765 632 762 744 749 793 771 790 789 700 777 703 723 708 627 733 725
101 1168 1140 1210 1002 26 1037 1133 119 1237 1129 1001 1141 131 1150 81 79 1036 1108 1124
1094 1112 1078 65 29 980 1057 1190 1161 23 13 86 1164 1113 1066 1173 979 84 1179 90
967 1083 67 1105 1064 1101 1084 1060 37 963 61 1041 989 1061 30 46 929 1087 1099 1080
990 1001 1057 996 1010 15 1047 1 1069 1112 1039 1070 911 1157 975 1035 1058 1042 987 1004
1 1108 56 1158 1033 38 973 8 46 1041 70 1037 66 58 985 51 74 987 1177 48
657 677 675 666 652 710 589 571 581 649 644 650 669 704 695 563 645 545 576 541
1082 1093 42 44 1100 1060 1083 37 41 1114 34 58 50 1085 963 1078 30 1067 1098 61
539 552 538 468 569 456 522 668 431 648 603 583 461 555 425 441 478 410 457 650
597 660 694 626 605 638 608 705 706 623 637 613 543 586 662 632 671 593 609 617
995 1032 974 1039 918 1115 1108 6 1019 1123 900 1010 912 1061 0 1119 1106 1057 1063 1006
413 428 414 344 399 392 554 545 390 551 437 349 434 446 408 463 359 334 353 333
646 657 704 774 762 760 582 662 614 543 620 710 605 623 638 718 712 626 711 709
137 172 1193 123 114 187 139 157 154 132 129 115 168 1210 81 155 166 151 1205 74
632 774 740 643 528 593 619 729 620 762 517 634 511 783 602 758 522 639 610 781
505 516 635 518 486 498 491 527 525 526 487 636 630 537 519 495 603 611 529 482
23 1166 8 1157 1226 125 1120 1112 995 1171 1102 50 45 1146 1037 70 128 996 1122 106
413 463 546 451 399 341 543 415 403 384 447 448 401 470 445 382 421 375 355 428
1057 1096 69 79 954 1045 907 979 1085 919 17 1051 958 978 969 911 1094 1186 1034 921
462 480 388 374 384 493 428 476 370 518 450 397 430 420 378 372 505 424 400 547
89 95 1196 1176 185 104 1202 1125 1162 1116 75 1169 107 1147 141 1189 27 28 123 133
419 471 391 396 370 449 534 440 351 537 454 430 335 451 371 476 363 336 438 470
122 202 171 242 106 116 1133 139 191 1196 1166 1225 141 121 236 176 1199 168 1169 95
127 165 194 164 133 75 139 1173 99 179 100 1197 128 114 77 1180 108 1233 1130 7
120 1196 1123 206 111 127 84 158 176 1182 1201 1237 182 1132 1130 68 1167 173 1210 185
590 674 541 533 578 539 686 556 659 574 547 646 540 581 572 585 534 543 642 544
85 140 68 66 176 1109 120 83 171 1168 110 79 107 1124 165 111 118 1119 1208 177
903 1044 979 1035 994 1045 1111 919 913 901 869 1106 14 991 882 1 3 879 1034 920
716 767 787 607 741 638 708 786 777 794 737 644 648 744 738 652 705 739 779 730
553 574 554 430 548 595 678 532 444 672 462 447 666 451 578 669 674 579 684 593
966 1071 1060 49 1045 1102 1047 45 979 48 62 57 970 1043 65 1103 1062 932 956 32
484 537 505 458 554 599 521 642 649 600 471 377 488 650 648 607 561 595 468 513
1036 1165 100 1162 1157 1113 1011 1160 1126 1033 1224 1032 1117 1174 101 81 982 124 1111 914
96 1160 128 112 78 1034 1166 136 1156 1136 1181 1227 1032 1206 1131 11 1167 86 1120 16
466 527 448 375 377 613 550 602 530 494 515 619 474 393 392 630 349 498 357 529
179 194 170 199 126 1236 227 102 181 113 215 235 159 1228 185 1231 109 183 244 1198
200 259 283 110 254 109 247 1210 216 1207 1215 120 211 212 104 125 1223 121 198 217
967 1087 50 1060 969 58 1041 926 1054 1048 1096 74 1050 53 46 964 958 983 991 1088
598 643 623 756 641 613 784 539 780 760 748 522 527 782 606 528 595 599 608 634
975 1092 46 970 921 19 1066 56 950 1111 1039 23 1071 1099 20 994 958 60 1115 907
89 1125 1144 1176 143 24 1113 1188 1166 1234 72 1143 94 992 1114 29 93 112 1149 1220
53 1079 71 976 31 1098 3 58 46 1099 24 963 1060 30 1090 971 1082 56 7 42
38 1084 1076 79 1108 15 66 953 26 70 42 1181 4 1085 40 10 1100 964 1095 45
103 119 136 180 197 1206 1237 207 1028 113 1224 107 97 179 114 96 1128 1159 1205 110
706 752 644 750 793 651 635 776 705 757 700 720 721 745 761 726 660 662 794 649
11 1165 998 86 53 110 1055 1221 1110 1032 1037 1042 1108 84 1100 113 1051 128 102 1008
712 726 754 764 725 775 785 706 724 644 636 796 638 791 700 707 761 768 774 642
901 1047 1060 1011 1112 1103 1104 993 998 863 883 0 960 875 986 4 1043 1031 969 1123
118 1123 180 992 1238 1204 991 1159 1156 120 128 1110 1040 1133 98 200 96 1 138 18
650 783 754 712 800 699 640 773 703 719 656 632 799 652 635 648 757 602 753 802
44 1189 58 51 161 1104 129 83 139 153 33 19 13 1065 78 54 91 165 1072 90
73 151 9 1108 31 87 93 77 1109 44 1196 134 63 42 40 69 144 149 1083 1174
34 1075 984 1178 15 1105 960 1104 1061 1190 1073 1112 1100 956 22 979 68 1110 1083 1068
297 323 331 292 326 321 336 307 286 333 289 311 299 317 332 328 314 274 327 312
496 526 621 489 524 625 618 628 375 476 535 529 388 638 487 539 369 492 521 636
751 786 701 721 774 784 803 801 707 757 652 638 718 799 740 706 783 717 705 755
955 1063 975 49 1109 959 1090 1074 43 1097 26 61 1073 1076 918 1079 961 52 988 1056
1 29 1054 1120 1099 992 1034 51 38 63 67 79 1189 1160 52 1097 96 13 101 72
975 1095 1107 1085 1110 920 994 971 987 970 1084 1100 957 56 1042 978 1044 1054 961 979
624 642 730 713 501 640 725 715 742 621 500 760 630 514 659 517 513 769 494 537
556 670 456 455 588 535 685 595 536 665 661 565 566 582 429 673 538 576 542 692
248 260 225 213 212 219 267 230 243 204 198 278 193 253 216 266 236 238 215 229
1047 1106 1054 84 1046 974 74 993 1101 1123 1185 1100 1183 78 1028 1087 1048 21 964 45
351 393 476 386 396 346 375 469 419 421 360 340 399 350 374 380 338 401 480 466
264 287 267 315 241 332 221 334 326 242 307 298 252 230 284 280 253 285 316 222
593 609 558 641 523 644 768 493 660 657 514 536 774 542 537 496 759 775 521 582
1000 1151 992 1020 1114 1240 1159 99 1014 1022 1010 1129 1120 1168 995 6 1233 1226 1131 987
965 1069 1080 942 989 1075 1054 971 932 1085 58 1099 980 990 1084 1093 934 31 968 949
1042 1067 912 1112 976 1047 1066 61 947 910 1060 1054 1044 1101 1089 1022 1103 1068 53 36
107 1214 119 1155 1204 129 1145 128 116 83 131 1198 191 194 8 177 132 1148 99 125
513 613 517 773 624 501 637 493 497 509 598 606 616 617 636 506 478 528 515 498
92 1188 17 81 1216 1219 107 1125 46 1123 1109 1178 1239 117 12 144 1224 101 80 1221
47 1088 22 1180 1114 18 967 1078 1062 41 43 51 53 1187 1071 78 4 1103 1106 965
69 159 81 43 128 1088 1089 177 1076 1085 75 1092 56 1193 67 44 134 1075 130 163
26 1101 1182 1110 2 60 52 1069 35 1186 1107 75 24 41 14 1096 974 62 1105 29
505 624 738 626 601 603 617 770 619 611 516 527 773 647 483 622 742 598 497 615
917 1054 1035 1050 865 912 1118 1000 909 1046 905 944 1107 1056 986 1076 992 4 1070 920
1012 1158 1112 112 1128 111 1227 1222 1148 85 1119 1236 1161 1154 1006 100 1160 1040 1007 1
615 638 783 509 769 757 530 641 777 740 776 753 508 734 514 725 626 598 600 640
1001 1044 990 1121 965 21 1047 1154 914 999 1021 1027 903 1048 5 1123 915 907 991 1024
38 1184 1083 18 1063 23 57 144 1185 89 1167 28 1193 1065 1 1170 1183 1105 1103 45
94 1180 1238 1151 1196 93 1209 117 1122 22 120 73 1186 116 29 1130 1115 1162 85 123
101 1118 86 1004 989 1139 120 986 983 1038 77 1182 1008 115 11 1226 1032 1213 130 81
862 909 1042 924 908 863 851 977 986 910 857 988 907 869 1037 911 856 912 868 934
11 1107 100 1087 1129 1187 85 996 35 1193 1173 1120 10 1060 90 1090 1130 51 1163 1167
518 527 486 631 472 380 468 605 544 510 387 511 534 502 629 384 374 630 613 596
957 1073 1080 65 44 985 1075 1053 51 987 43 938 971 1104 951 963 42 1065 965 950
465 472 368 462 531 490 430 460 398 473 391 529 369 544 410 360 517 357 392 414
232 255 209 213 238 269 194 226 276 188 272 233 193 234 266 186 252 205 253 270
30 1062 1110 54 993 918 960 47 1184 25 0 979 1071 1189 916 42 951 50 36 1055
5 92 131 1235 994 1126 42 27 1165 1223 1180 1182 1153 96 128 1204 1209 1154 74 2
509 623 608 515 614 497 532 730 646 506 500 478 762 516 483 523 772 740 490 488
1066 1075 991 54 964 63 1094 975 1051 1054 976 1083 1078 944 55 1097 1081 61 948 1085
941 951 940 959 919 946 963 934 1059 1067 1071 1080 969 917 931 964 1082 915 975 972
118 1128 119 1030 197 10 1173 1110 1139 3 1021 196 1161 175 1148 1140 1020 1150 1233 140
387 486 345 605 526 381 385 346 480 481 516 415 470 389 611 359 530 380 608 484
28 80 1183 7 1199 53 1185 59 1197 82 138 71 23 1166 1101 1198 1060 126 1096 136
188 197 177 232 1214 123 253 121 1226 248 214 217 111 258 233 220 183 184 1215 236
936 962 969 968 1050 1057 1099 961 933 1097 914 1055 958 979 983 988 980 952 846 989
998 1159 1109 983 1108 15 1148 1222 107 99 905 96 1225 1012 1118 1048 1128 1001 1178 1056
919 944 907 990 917 979 940 971 864 1042 934 964 938 1064 923 862 948 927 963 1071
919 970 987 1057 911 904 986 1085 1080 856 985 1048 1069 993 995 989 1060 1091 1053 954
1095 1189 980 158 1174 55 75 139 76 83 982 163 160 171 1058 1086 52 169 31 1172
133 153 1199 126 119 167 80 191 92 1172 165 185 115 90 1180 1212 100 145 1217 156
627 767 519 523 766 757 509 713 638 789 746 774 649 621 654 526 517 632 618 615
995 1029 1148 1013 1053 998 993 1014 13 902 1166 988 1151 1047 1160 6 3 9 913 1052
29 1088 1114 970 1080 54 1179 30 1095 1098 38 70 0 1105 36 146 1089 55 1177 53
873 910 984 978 918 868 1057 994 909 895 935 932 900 1049 892 926 975 973 1060 993
298 323 317 328 290 289 341 273 313 302 284 342 336 344 330 282 335 293 301 285
808 850 817 824 929 809 857 801 814 862 845 855 858 797 828 925 813 800 844 820
639 782 781 616 650 640 753 699 768 702 759 767 730 766 755 777 731 517 645 637
915 991 1051 1121 1009 994 974 967 862 867 864 1001 940 993 939 868 981 1034 1124 1066
281 327 330 286 309 270 265 300 334 313 264 284 304 329 320 267 325 306 298 266
96 110 5 88 1162 85 3 104 1180 119 109 14 1206 1159 1140 113 1239 1173 94 1223
10 1163 1223 1169 54 1122 1154 32 1151 119 1159 1173 1146 94 1101 992 1175 8 1039 1161
106 201 1136 256 182 191 6 187 1139 103 5 123 1011 117 1132 1157 253 95 1131 254
593 665 594 541 587 575 607 546 688 557 584 595 556 559 668 574 689 691 576 532
82 1190 115 119 74 110 1103 140 67 142 89 1123 98 1194 1186 1191 1167 91 92 111
145 1201 1189 1215 173 1204 87 1214 89 1176 134 1227 161 1184 1207 171 1217 133 1190 1192
865 916 993 876 884 875 969 989 939 874 901 991 887 864 994 1048 910 909 858 925
451 457 341 409 338 410 402 553 339 337 340 463 471 435 555 427 549 346 395 470
905 1038 870 875 885 1062 884 894 925 1120 1037 1018 1161 864 8 908 1003 882 1005 5
1129 1147 1016 122 1133 1020 1218 11 1233 1123 1126 1153 83 1161 1013 1152 999 1119 1125 1229
102 1128 131 94 1224 1169 1014 111 1213 1013 1015 1225 110 98 1008 1027 1146 86 1139 1229
1206 1221 198 194 1131 131 92 1200 177 1162 1216 95 116 128 1125 1224 188 200 1212 1134
583 673 589 553 568 581 564 542 661 683 560 543 674 582 696 598 699 550 561 587
115 1145 1123 108 1231 191 1026 87 129 1125 136 94 125 193 1218 116 1235 98 1141 1228
14 1155 61 1221 1161 5 1 990 1132 27 1130 33 85 1127 31 991 1142 80 1135 1164
104 1223 199 1224 1150 1219 127 183 1237 1148 1229 1240 1167 1242 1198 120 91 87 1010 119
7 72 30 80 137 992 146 1108 1161 84 52 1177 70 1049 50 82 62 1044 25 1186
966 1055 926 1054 1041 958 1073 1072 994 14 1097 945 1084 957 918 1046 954 1001 5 969
1199 1204 83 88 116 157 1183 1226 163 156 1175 1196 182 158 1232 172 123 194 89 155
20 44 18 13 92 1188 50 1171 1074 1191 19 34 1102 43 10 1097 1162 88 74 1079
945 967 960 1051 921 1043 976 950 1084 979 1054 931 974 1068 977 926 1040 1076 929 955
668 689 695 654 701 659 667 671 696 664 673 662 545 571 660 588 557 579 652 666
1169 1180 32 27 1135 40 1133 1191 49 1158 48 1106 38 1226 44 84 31 33 47 1129
708 750 643 714 782 707 772 777 653 723 789 757 797 633 765 747 724 755 794 726
1170 1191 167 38 46 29 169 1181 1198 1119 1189 1130 142 19 87 161 79 1128 11 1187
