389 418 364 593 365 431 468 439 356 371 598 422 420 415 424 385 359 380 386 448
1173 1204 1054 1102 1037 1163 1192 1136 982 1212 1152 1239 1210 1146 1158 1049 1156 1113 1255 1248
1298 1449 1435 1437 1235 1308 1445 1486 1431 1255 1281 1252 1238 1272 1324 1444 1327 1470 1234 1424
561 661 586 545 722 694 594 754 585 543 654 631 550 541 613 685 538 644 625 718
1050 1205 1043 873 859 1247 960 958 968 862 861 1150 1230 1177 1054 1124 1197 1079 1056 848
1331 1363 1296 1349 1321 1302 1435 1365 1282 1408 1278 1309 1383 1425 1427 1403 1359 1355 1401 1441
76 230 262 190 64 1582 48 1707 100 1601 208 1572 1545 203 1704 275 1588 43 234 86
1487 1529 1655 1482 1532 1472 1516 1549 1520 1548 1509 1621 1683 1604 1477 1491 1678 1450 1458 1547
947 1040 1182 1103 991 903 1121 1009 887 1161 954 1078 1055 1059 1058 1172 922 1126 939 1029
555 592 673 422 645 651 660 680 600 644 692 556 642 679 602 557 668 674 655 672
1351 1374 1392 1441 1274 1442 1401 1346 1304 1381 1271 1375 1395 1376 1291 1362 1432 1329 1391 1372
233 272 1566 80 3 311 1717 1712 1565 255 58 286 79 270 1564 36 334 254 21 48
1037 1164 1055 1196 1063 1126 891 890 862 1163 860 921 872 1000 1169 1207 1075 1057 1188 966
1664 1701 93 80 1613 1574 2 1505 35 99 1575 1616 1673 91 205 100 1696 1462 4 73
979 1040 1195 1104 1096 846 1138 943 871 1161 883 1024 853 959 872 848 1026 948 1158 950
1117 1160 1086 1034 1125 981 1031 1106 1092 1171 1185 1051 977 1100 1206 993 1072 1048 1080 1116
1113 1160 972 1206 1003 991 1150 885 1192 880 1170 966 1167 1027 1002 968 1122 1161 1120 981
265 335 374 220 238 364 306 16 267 35 294 225 324 17 277 350 361 29 36 288
393 458 368 468 375 518 394 380 541 494 415 416 491 423 444 525 536 461 402 472
1229 1277 1345 1212 1320 1221 1313 1237 1273 1289 1321 1209 1329 1283 1190 1317 1315 1188 1253 1287
1151 1163 1149 1120 1171 1142 1145 1182 1032 968 966 998 1071 1204 1006 1192 1085 974 1073 1095
270 306 35 17 244 73 53 47 345 289 359 230 325 226 69 275 72 251 291 227
768 819 789 844 756 672 709 816 918 843 842 939 688 806 788 829 693 912 915 703
1012 1158 1147 1061 938 990 1177 920 1002 843 1144 980 959 916 1011 1014 866 898 1131 968
218 288 113 1550 278 1591 330 9 8 270 279 1589 27 62 122 72 273 12 337 277
1657 1680 1474 1702 1606 1690 1622 1469 1692 1460 1709 1699 1480 1703 1602 1479 1515 1677 1707 1563
102 1598 1597 1668 1685 1724 1643 1671 1594 24 16 122 44 1542 61 21 1692 193 82 58
905 1031 1039 938 940 995 1000 1092 861 990 1070 828 880 1141 960 830 883 1089 865 1117
898 1059 945 833 862 978 1100 991 985 892 1199 1033 1116 1020 1054 936 1111 1025 957 1163
1050 1123 1021 1176 1202 966 1194 852 847 970 1076 960 911 991 1048 851 1127 1011 1006 860
292 354 293 60 331 454 391 388 364 211 342 332 323 336 349 239 299 236 281 234
1465 1664 1483 1532 1610 1538 1559 1490 1531 1645 1617 1656 1529 1509 1705 1446 1494 1599 1613 1623
446 464 426 528 372 394 376 462 506 364 482 432 463 511 388 529 408 438 393 420
1136 1147 1093 1051 1124 971 1048 1035 1167 1191 1005 978 1021 994 1114 1058 1108 1195 1068 1172
42 66 41 137 20 123 9 122 63 195 197 1594 293 102 138 1557 211 34 223 254
1639 1700 1630 1500 90 1716 1624 1593 1625 224 4 1721 1507 88 1615 29 1596 1515 1607 215
100 225 1 83 191 1555 16 205 1582 291 63 218 233 109 1581 45 1546 247 37 1711
975 1103 883 1065 1138 1061 1182 1148 967 1158 1098 1126 1140 1013 926 1133 880 1038 1027 867
1562 1643 1548 1702 1622 63 57 224 1474 203 96 89 1712 11 229 1513 1697 1723 1699 1498
377 468 532 409 530 508 420 524 465 391 335 383 484 387 463 449 414 354 428 525
1519 1627 1705 1544 1563 1647 1614 1594 1663 1479 1558 1670 1505 1641 1525 1478 1704 1498 1536 1556
427 460 475 423 495 391 451 442 469 447 465 592 392 523 494 597 502 498 390 407
546 576 682 585 613 620 646 444 604 625 656 555 521 647 453 424 633 570 687 523
1693 1705 115 213 123 75 217 1603 1602 1539 1667 1609 1665 1698 1599 56 54 1652 1704 76
1623 1659 1494 1511 1668 1642 1606 1479 1627 1458 1650 1533 1624 1677 1667 1653 1551 1622 1611 1501
142 166 173 172 175 1569 154 178 171 128 104 117 112 139 1573 146 130 129 157 1579
572 654 558 668 755 739 656 728 541 695 573 737 607 713 741 694 553 587 557 753
956 1024 1081 1116 993 934 833 897 1104 1022 907 894 861 904 985 836 849 1017 974 1026
1500 1625 1469 1493 1566 1694 1693 1456 1608 1552 1632 1654 1707 1706 1641 1487 1561 1553 1592 1485
1345 1358 1322 1409 1277 1336 1230 1310 1435 1323 1331 1387 1445 1441 1338 1438 1371 1304 1434 1369
949 1011 1128 1153 1122 933 974 976 983 853 1142 931 926 862 890 1017 1141 1004 908 930
741 829 779 841 843 796 938 696 691 916 745 739 753 817 652 931 934 610 669 803
876 1035 1075 838 947 971 1166 862 1129 1058 1052 974 919 915 1111 860 849 1063 851 967
60 1718 1564 101 250 26 14 1695 57 236 55 1716 219 259 1717 235 1706 1621 86 64
19 190 118 255 1533 20 175 1717 229 162 83 1586 89 1597 163 62 2 40 1703 114
87 119 1575 3 143 1576 103 190 130 60 1709 128 1553 1545 16 59 73 117 30 204
485 524 551 437 443 516 489 537 496 482 491 515 452 480 526 517 511 519 449 440
1284 1352 1391 1323 1393 1239 1227 1230 1422 1220 1356 1344 1242 1307 1274 1435 1359 1437 1240 1225
1487 1639 1701 1532 1466 1686 1664 1657 1480 1528 1629 1675 1521 1637 1703 1522 1472 1490 1623 1622
384 462 500 503 514 468 442 341 368 348 410 388 489 527 401 420 346 400 414 337
560 588 603 425 655 577 624 590 620 545 683 690 602 559 650 663 599 421 557 621
887 1035 850 1116 835 979 928 906 1140 1097 994 1154 884 953 992 827 1137 905 916 883
245 335 361 72 67 9 82 267 246 1553 221 314 69 18 1562 272 73 23 51 61
1514 1527 1628 1513 1610 1511 1661 1551 1478 1473 1611 1461 1455 1656 1496 1622 1471 1482 1477 1516
599 616 577 628 673 669 676 575 660 433 631 549 555 596 626 576 529 597 426 586
539 629 615 619 507 612 448 674 634 549 631 453 561 432 668 455 671 465 460 543
1302 1441 1301 1331 1361 1255 1341 1228 1259 1336 1271 1254 1443 1432 1457 1327 1262 1277 1456 1458
1096 1146 1052 1199 1002 1017 1203 1053 1043 1099 1150 1108 1033 1014 1031 872 1189 1212 1144 1042
1504 1647 1596 1607 1517 1525 1651 1663 1545 1559 1621 1668 1522 1549 1615 1454 1498 1629 1506 1701
317 357 286 307 395 412 256 373 384 250 348 263 342 406 252 449 407 326 241 463
703 784 831 820 732 691 777 713 782 758 670 656 712 793 730 826 919 668 675 797
474 528 519 390 449 506 641 463 458 478 407 537 442 607 433 495 502 544 509 408
878 912 935 1095 1026 834 945 863 850 965 1031 1075 896 1098 775 847 1004 894 1047 995
274 325 213 56 63 21 364 326 333 61 34 372 355 292 242 212 359 348 302 217
1550 1692 1559 70 1668 86 18 33 1691 234 1490 204 198 1666 1562 55 6 1686 1555 1648
1067 1174 912 985 1131 1077 1215 857 894 840 1191 1225 1097 939 882 1000 1076 866 1198 1074
1541 1646 1694 1513 1528 1469 1542 1508 1557 19 1606 34 1504 1566 1511 1636 1600 1488 1692 1483
973 1100 938 1009 1110 1124 1023 905 1050 1008 860 969 1190 1182 1094 844 888 893 1194 1088
109 1701 130 215 50 46 29 1596 116 140 13 1567 1673 1724 16 42 1619 14 84 113
799 830 736 738 755 1011 708 794 789 805 947 792 781 845 884 930 785 1028 847 1012
15 1699 1683 25 256 123 1659 1590 66 42 1671 75 1550 1565 1557 93 94 255 1593 212
62 78 237 1576 99 34 292 96 1581 190 82 220 274 46 218 77 1552 255 85 1550
110 1718 150 37 75 48 133 139 1617 10 1585 1595 235 73 86 7 1615 101 1561 1620
1471 1480 1539 1541 1683 1514 1682 1495 1546 1643 1503 1620 1611 1610 1671 1653 1472 1684 1446 1635
30 1716 24 38 14 1554 1580 1708 1615 219 17 1546 271 217 1688 1540 102 267 260 21
975 1044 1212 959 957 1140 948 1046 1121 1165 1173 1027 1023 933 1078 940 863 1207 1185 888
1296 1313 1254 1266 1261 1241 1281 1293 1351 1228 1445 1247 1364 1271 1442 1294 1426 1232 1424 1344
988 1167 1047 869 902 868 962 997 875 889 981 1124 1207 1066 1085 1051 1099 1138 917 891
547 589 558 535 590 636 531 640 593 566 606 544 635 631 612 616 669 681 675 559
434 469 416 539 519 374 439 463 420 445 619 389 614 618 506 488 379 410 363 476
437 621 590 372 556 530 397 453 617 526 668 613 378 754 480 504 607 509 368 416
87 117 113 148 76 123 1560 177 79 220 21 1599 137 41 1551 1706 85 86 1568 32
1421 1436 1277 1390 1456 1267 1408 1295 1399 1293 1283 1407 1291 1337 1398 1348 1442 1310 1438 1373
23 1717 3 193 72 204 42 1553 130 7 123 1685 9 76 56 1596 129 221 121 81
353 391 358 373 374 372 285 359 324 328 284 389 286 345 283 312 302 432 340 448
1183 1227 1209 1323 1213 1218 1076 1084 1037 1089 1267 1145 1433 1236 1315 1074 1217 1308 1279 1055
1561 1579 241 71 117 1704 1564 16 1585 21 1690 1545 1553 122 1605 1558 141 40 1537 1530
67 1720 199 120 118 28 273 27 1703 1595 121 1576 1719 1580 43 1549 65 1600 1609 60
1082 1121 859 1126 943 1023 1201 1151 852 1209 1115 1205 1069 861 1148 1153 998 970 1038 1017
1358 1370 1343 1374 1315 1351 1305 1284 1311 1371 1373 1394 1409 1320 1404 1318 1437 1360 1322 1378
893 951 904 1001 1018 1044 1002 898 965 966 962 843 1035 851 990 993 920 923 988 903
1019 1139 946 1048 915 983 1168 956 1018 846 973 905 843 855 994 1117 1016 897 1091 1158
1046 1154 899 1013 1140 961 892 967 1160 1032 955 1044 1123 952 988 1161 943 947 859 1067
681 721 729 744 741 676 736 670 786 804 647 715 596 607 693 616 594 682 723 734
902 937 1034 999 1046 949 1021 900 1027 955 843 935 906 855 822 1025 953 1049 914 962
946 1019 833 1042 1086 948 852 1080 1129 1017 930 1154 1143 906 1102 1090 975 845 932 907
1267 1331 1437 1237 1369 1217 1366 1228 1302 1212 1342 1431 1311 1362 1330 1288 1232 1226 1425 1265
1238 1262 1227 1433 1263 1303 1293 1288 1427 1298 1276 1206 1258 1295 1307 1260 1300 1294 1195 1210
282 315 336 341 21 255 346 344 293 260 278 270 55 60 27 332 281 285 254 318
550 601 589 643 535 631 533 545 613 562 439 519 595 658 623 642 663 534 685 641
112 1702 1588 159 10 1 218 32 1575 79 74 83 1621 1551 163 1709 12 16 1560 145
1047 1150 1105 1114 1152 869 1061 1092 1199 1170 1184 1173 1149 1126 945 1183 1009 1209 975 1103
1232 1315 1329 1353 1428 1214 1424 1343 1321 1272 1279 1238 1255 1358 1197 1429 1208 1245 1229 1286
553 610 554 555 593 609 582 549 578 740 594 427 748 569 633 567 684 665 521 682
57 243 215 107 293 69 241 78 217 27 191 4 110 281 1706 219 307 45 50 112
1466 1488 1460 1523 1545 1541 1489 1667 1674 1666 1651 1634 1451 1498 1652 1533 1467 1475 1446 1530
851 1057 1088 933 1115 1042 1060 1152 988 905 995 1066 992 973 829 1190 931 943 1151 827
676 761 729 583 798 765 622 652 807 569 637 687 797 824 578 792 591 617 791 815
1204 1248 1312 1157 1286 1040 1161 1324 1150 1287 1227 1288 1113 1076 1075 1060 1091 1188 1145 1309
10 241 1589 296 1704 297 1563 68 254 313 219 196 110 269 323 325 49 118 103 1698
405 467 462 430 359 441 491 395 433 369 408 478 406 457 366 492 460 486 510 431
63 1570 1545 1616 1562 220 1688 1582 122 241 258 292 1706 247 208 1603 213 259 81 9
139 155 140 121 38 203 93 196 159 78 133 37 201 122 190 156 157 89 141 4
62 264 1562 320 328 36 1723 1704 211 238 107 283 13 1555 303 1566 50 1583 310 1571
1511 1633 1475 1596 1485 1495 1694 1690 1666 1604 1634 1498 1560 1556 1686 1531 1480 1702 1474 1697
1511 1540 1538 1632 1684 1638 1662 1678 1541 1461 1521 1470 1615 30 1517 1605 1631 1597 1698 1466
810 822 782 734 757 785 771 775 907 838 794 699 797 823 911 813 715 718 894 801
1481 1629 1698 1549 1597 1527 1670 1697 1498 1542 1667 1482 1685 1540 1554 1488 1638 1694 1672 1616
976 1140 1045 1009 1054 1178 1142 900 1113 1070 886 893 1202 863 1139 995 914 1167 969 1207
100 1701 1623 1600 70 112 53 28 115 250 1598 2 36 131 1602 1564 217 139 1635 1723
1111 1189 1234 1029 1027 1203 1067 1202 1098 1188 880 1210 1105 1154 1149 1139 1084 1039 977 1221
1148 1195 1117 1146 1031 1145 1040 1208 1207 966 1163 975 1196 1058 974 1156 1204 1083 1092 1217
40 229 288 97 59 1584 234 6 251 101 55 1569 1558 1567 1586 279 131 281 118 1592
58 76 1725 296 256 1594 1544 100 207 131 33 235 14 40 222 77 1707 278 239 122
122 1567 126 1710 1595 32 1696 84 213 216 1714 1687 209 1593 1705 10 207 1698 38 1556
1705 1714 1677 111 1672 15 1723 223 56 102 1623 1585 40 1643 43 1632 55 112 214 41
595 649 571 556 600 549 613 577 659 562 567 423 578 666 535 749 728 534 733 557
1526 1555 1465 217 215 58 55 30 31 1683 1694 43 1544 1603 103 1614 1502 1569 1705 1535
935 964 1147 1000 1043 1005 932 1082 1004 915 1085 1049 963 1028 905 947 1120 1023 909 1141
869 1092 909 1068 992 913 994 1066 1039 867 874 1164 865 1143 975 1199 906 1158 1041 851
996 1165 864 1121 898 955 991 936 999 953 1132 858 946 884 860 990 1006 959 1100 1167
740 808 785 712 672 656 805 811 831 789 695 653 816 665 796 753 751 828 675 777
465 514 472 460 399 455 363 489 418 477 470 405 521 480 539 442 388 423 386 478
578 688 553 618 559 678 681 426 708 687 788 572 562 745 560 693 737 558 549 706
1032 1147 1200 1007 984 1150 1152 1202 1002 1197 955 1207 1037 841 1184 969 959 1112 838 928
1361 1405 1368 1351 1396 1423 1322 1366 1391 1428 1408 1331 1388 1349 1336 1399 1432 1318 1313 1316
1038 1159 948 866 1133 959 1145 1211 996 842 903 911 910 1064 997 1033 1053 1140 890 886
1478 1528 1496 1457 1525 1530 1677 1503 1517 1534 1490 1521 1619 1471 1606 1514 1672 1502 1468 1501
873 969 876 1103 1050 1043 1157 846 965 1044 940 1001 1003 912 1146 1061 948 881 997 1082
1623 1702 1715 1681 1494 1674 1608 1525 1553 1650 77 1570 32 1554 1590 41 1562 1478 63 1537
