210 291 139 275 822 214 857 322 266 323 272 329 317 148 255 141 340 347 850 307
69 147 759 386 394 380 393 47 128 98 76 223 107 139 37 231 209 783 361 779
16 477 22 415 484 467 533 50 11 388 519 501 451 466 497 499 535 459 373 431
19 33 761 389 108 750 43 441 98 417 35 430 455 412 746 360 488 493 470 485
131 182 794 247 212 184 185 829 104 807 336 77 858 68 112 863 203 850 359 170
110 350 360 126 146 327 95 34 76 364 358 768 359 67 337 230 93 160 138 141
848 894 902 936 827 812 866 194 872 899 172 210 214 907 912 180 170 813 886 901
148 843 908 326 230 235 323 64 95 780 140 875 840 868 822 152 372 221 319 362
422 459 403 51 395 446 46 48 52 466 481 750 478 53 391 462 388 495 471 476
284 335 235 311 196 182 328 130 175 193 353 298 310 269 172 317 133 343 203 137
134 172 849 793 797 317 110 191 348 828 831 205 353 109 361 102 188 345 366 73
229 355 323 152 851 358 38 338 200 231 25 65 127 378 388 318 226 214 83 305
440 484 538 761 23 479 513 489 401 420 39 34 407 5 518 44 491 490 750 506
113 381 812 395 809 406 789 178 59 12 24 6 401 770 183 117 30 17 392 152
460 529 415 491 510 445 483 589 432 513 739 765 480 539 486 538 546 759 433 549
217 838 274 916 195 181 901 273 279 305 344 288 177 188 908 164 157 335 347 783
124 181 322 59 824 210 110 845 130 141 368 863 54 373 146 132 140 330 47 367
516 536 505 520 450 478 568 489 474 510 764 756 545 562 576 573 547 769 744 550
476 504 742 464 748 756 497 4 527 6 522 487 512 520 516 0 16 542 518 751
238 311 222 213 154 347 150 343 329 308 253 264 206 295 172 178 328 256 331 148
327 355 320 190 281 357 321 356 139 322 80 153 160 272 306 143 86 46 68 20
494 765 783 763 19 791 779 775 430 467 559 496 785 479 99 517 485 522 792 482
164 187 305 255 78 840 360 206 327 211 172 797 142 259 184 268 114 812 353 84
507 528 765 482 463 8 564 475 543 760 525 513 771 538 462 443 477 545 474 552
175 305 346 190 239 286 157 828 197 251 283 259 214 865 132 106 185 811 849 264
31 43 15 25 473 461 87 754 4 424 9 753 79 367 400 368 756 765 16 80
129 226 868 154 829 794 315 280 207 370 188 364 798 108 344 850 57 786 361 217
124 209 144 805 49 60 799 354 304 807 76 311 126 292 91 53 808 337 61 784
881 911 914 861 939 875 837 846 840 888 825 847 903 855 864 893 923 897 827 857
15 425 387 410 373 483 763 470 375 454 441 420 493 409 53 404 356 491 37 362
364 381 68 18 82 143 377 158 121 399 139 89 409 64 152 11 10 142 62 48
248 319 162 159 312 253 220 337 183 287 264 328 349 188 204 216 154 295 157 214
62 380 95 757 772 94 347 4 411 140 29 405 131 785 387 124 104 363 119 786
219 333 225 263 204 352 305 192 181 223 133 358 244 832 266 206 331 348 363 327
221 296 346 274 297 220 154 141 225 126 342 145 313 272 251 232 306 248 359 295
733 741 434 460 754 443 522 746 447 491 503 461 430 750 470 500 730 426 440 747
22 373 77 406 390 122 357 377 734 760 67 455 392 741 23 483 50 466 452 486
286 305 187 214 311 254 178 307 233 324 260 211 200 313 317 325 315 255 332 175
445 487 521 491 749 758 451 760 490 764 427 39 757 11 418 458 497 439 409 773
15 750 765 773 48 363 480 476 376 388 457 419 447 772 416 752 20 13 32 6
108 787 79 791 103 887 364 350 54 837 789 391 872 822 125 133 351 53 49 377
82 772 48 146 34 486 111 366 508 790 127 143 46 62 775 756 154 89 501 757
484 765 95 498 748 477 741 432 19 105 15 5 78 509 13 65 755 472 76 465
40 439 487 758 486 759 106 26 15 77 424 495 115 6 86 779 503 441 765 427
215 245 342 294 833 251 338 186 836 354 825 353 264 288 316 212 277 829 287 822
248 300 242 330 216 167 177 251 238 262 190 265 313 250 233 173 159 253 164 320
46 81 152 114 119 125 753 765 758 47 94 101 392 43 18 360 108 441 778 407
106 800 386 770 799 367 146 364 861 847 130 39 899 144 118 133 55 776 98 797
834 890 177 133 205 137 138 927 878 886 857 223 926 783 820 812 789 915 199 877
121 797 90 374 183 839 907 380 358 73 799 80 776 144 800 884 49 788 914 798
123 831 325 333 148 58 208 892 346 368 161 917 830 93 100 191 63 107 774 219
323 347 78 365 56 354 211 329 358 158 101 80 145 232 90 362 93 136 313 121
135 184 843 200 802 873 329 311 847 310 362 856 248 80 781 60 131 819 229 170
35 362 42 371 406 388 393 398 377 135 769 113 418 768 162 34 12 102 147 751
135 368 23 182 2 69 152 88 125 209 27 0 826 155 86 205 113 812 37 342
172 800 237 314 159 788 908 247 842 310 163 197 767 897 907 207 221 768 899 827
3 758 518 512 437 16 381 522 519 521 520 26 365 40 439 445 510 394 501 778
57 136 788 175 802 201 348 841 340 65 202 772 184 832 198 29 830 108 367 405
39 385 97 450 412 449 401 377 49 64 775 409 103 35 778 355 118 420 407 112
819 863 874 887 859 127 890 805 798 916 183 126 884 169 783 120 163 792 176 865
156 202 861 867 365 143 124 289 183 197 852 253 68 132 317 74 350 200 799 71
187 840 171 159 806 849 827 888 850 908 236 198 170 828 315 260 895 791 826 903
131 808 114 783 203 886 195 86 878 356 95 215 127 110 335 812 225 231 133 126
60 407 12 34 361 46 356 122 347 432 774 123 149 143 358 351 782 28 125 450
804 859 773 174 103 831 794 900 864 109 771 826 170 112 126 171 774 154 165 191
55 406 59 109 14 136 13 427 148 53 777 390 36 400 448 72 86 369 401 113
124 367 339 815 801 54 191 194 343 106 374 53 212 808 218 118 150 319 135 12
278 313 267 301 239 303 145 215 195 225 236 343 276 177 214 148 263 304 231 272
122 345 315 111 340 360 259 314 182 237 289 232 356 824 108 188 327 152 262 343
119 161 77 779 130 125 307 336 833 371 845 839 811 169 43 374 356 89 176 780
35 368 22 15 384 54 24 351 37 42 434 31 21 26 73 391 347 388 65 120
117 821 172 118 809 908 158 180 794 788 363 796 883 805 185 129 905 802 77 848
497 752 463 775 749 432 451 23 515 474 517 529 503 50 562 4 456 32 756 35
436 457 26 2 22 525 497 19 24 434 517 3 446 509 473 766 28 768 743 493
861 896 187 800 792 190 839 894 174 877 790 902 900 847 848 182 921 912 811 860
324 356 11 326 290 349 78 238 230 228 284 366 359 215 123 350 165 362 102 19
96 387 400 57 160 782 409 390 803 89 104 766 388 786 71 771 58 107 34 346
128 157 198 223 319 166 212 246 67 112 185 323 103 804 802 321 835 863 322 795
71 374 132 350 369 359 407 775 351 114 139 73 368 380 361 30 156 113 394 786
173 240 119 233 238 192 200 231 188 211 275 806 120 157 351 863 859 182 184 179
119 326 324 320 302 315 194 232 791 168 291 89 158 71 176 223 803 378 160 67
287 335 324 267 200 209 359 115 331 279 121 224 241 360 157 116 340 247 328 207
138 356 320 347 358 103 29 81 155 327 92 382 359 390 26 180 36 116 831 77
485 528 587 570 539 534 742 9 737 432 461 453 460 759 443 549 560 449 24 521
196 847 236 203 205 241 882 157 240 159 893 345 874 843 899 182 832 301 915 879
526 532 515 755 747 552 492 514 516 517 482 549 451 472 543 568 756 500 458 533
801 896 783 928 169 794 869 860 97 116 792 902 155 870 871 780 779 881 127 833
42 375 366 77 349 764 779 75 62 116 756 766 63 377 106 3 118 383 432 369
801 850 125 816 812 900 795 837 892 889 831 96 94 803 820 197 176 119 134 787
12 40 429 488 417 774 382 497 490 379 768 415 392 378 447 354 57 424 108 428
177 854 799 186 311 170 819 827 168 836 103 165 217 120 344 174 216 179 834 879
76 775 779 794 756 793 89 816 96 361 71 113 117 354 70 90 811 767 766 114
9 440 17 12 474 433 458 7 23 422 453 516 41 386 753 752 51 25 56 362
450 760 447 47 752 20 0 446 474 475 72 40 4 527 410 464 453 424 5 46
211 850 260 276 833 181 192 194 818 885 208 122 138 342 240 891 220 823 212 803
535 552 540 499 521 538 505 500 504 492 559 582 510 557 579 502 525 584 574 570
203 346 308 133 239 364 142 259 83 329 369 170 156 140 164 844 292 341 343 240
416 444 425 393 431 470 421 763 404 461 54 35 400 755 438 14 22 1 514 454
111 160 104 320 220 789 328 846 238 69 177 822 345 340 109 842 158 197 314 341
154 174 828 139 368 76 64 219 308 197 141 129 157 128 316 353 344 816 819 137
405 432 490 45 459 57 472 389 9 473 491 378 54 454 463 457 42 742 55 482
130 167 199 253 368 308 847 792 872 316 101 853 61 356 138 84 76 218 320 105
738 750 523 49 757 495 432 27 773 406 747 506 765 456 483 409 44 735 478 736
36 70 770 92 768 100 454 452 16 358 767 13 439 758 10 794 764 448 415 86
837 895 835 914 201 153 871 902 173 887 844 187 779 890 828 169 854 849 193 839
981 1008 983 963 1009 953 979 1030 1002 969 1032 996 1022 967 1023 956 992 968 954 958
773 807 36 488 896 134 796 88 779 504 915 90 119 783 877 85 797 809 914 856
122 357 224 124 360 171 790 38 832 60 816 322 113 154 111 772 784 809 778 11
552 584 513 581 562 579 583 526 553 561 549 570 524 545 529 510 522 546 531 548
74 789 804 71 819 840 355 106 122 875 99 125 859 886 854 157 356 822 884 763
57 153 235 222 213 770 191 176 389 80 211 796 404 867 391 355 329 8 146 795
234 284 233 226 227 299 264 168 286 220 303 344 231 296 172 216 325 350 291 153
161 213 226 97 242 793 115 211 101 165 245 254 797 339 863 175 340 831 872 228
153 216 200 84 851 844 354 117 226 795 139 197 799 138 69 858 123 281 166 821
201 245 204 156 836 193 833 269 307 343 147 335 184 320 218 265 845 233 293 322
237 275 157 174 272 336 291 284 261 310 335 165 322 172 192 154 152 308 305 160
19 735 374 372 732 44 746 737 733 748 378 50 31 49 472 2 434 495 412 449
67 373 108 367 137 775 363 793 784 66 783 45 398 352 357 99 767 155 153 57
119 831 824 875 776 321 58 902 105 811 872 883 334 140 158 803 351 92 202 342
16 436 478 372 37 48 446 36 470 381 15 49 404 12 8 4 746 376 503 363
167 820 235 187 142 226 144 169 778 125 317 117 99 247 127 837 884 860 346 192
16 31 53 446 738 8 45 748 58 435 49 387 409 470 481 61 480 433 407 424
56 367 781 93 48 375 87 779 371 122 115 360 755 373 156 385 36 359 780 15
34 746 766 88 58 513 450 61 97 449 362 109 501 69 396 500 111 93 423 497
798 885 89 122 850 136 108 769 170 94 844 830 82 776 874 825 917 811 124 143
864 897 844 854 907 940 904 159 158 885 150 796 160 818 875 795 846 136 920 892
171 222 210 857 199 131 241 188 232 845 810 91 192 820 159 357 282 254 814 196
983 1001 964 962 1016 1000 1025 972 958 1018 995 1003 951 996 977 954 1029 975 979 968
166 187 246 238 112 312 108 241 81 264 242 817 135 128 245 146 79 237 96 315
247 306 339 307 266 332 298 200 210 308 333 338 276 271 222 274 173 340 248 229
510 521 3 469 447 501 5 0 519 441 503 511 543 504 757 461 468 546 8 535
344 354 291 129 139 258 232 377 270 121 46 366 141 276 49 333 346 97 144 304
245 307 315 334 190 202 199 243 216 289 213 194 161 230 159 329 324 219 182 221
516 766 778 99 503 502 78 107 768 741 442 83 80 762 517 567 463 514 751 113
4 371 52 126 12 86 53 507 497 396 130 382 384 368 144 457 390 357 124 17
140 817 846 157 96 339 868 69 804 891 166 68 889 797 137 214 233 88 82 192
254 268 300 287 311 232 301 252 304 202 221 194 313 216 330 203 251 325 175 322
147 857 133 369 323 109 802 149 205 912 858 345 889 849 234 193 357 886 143 835
149 195 821 812 119 303 825 233 826 285 866 216 212 856 817 311 331 84 160 147
992 1018 1004 1010 1009 1007 980 966 1001 1000 1027 995 1025 981 984 978 1012 1008 1022 989
518 560 522 564 751 493 536 460 765 569 542 480 538 529 520 495 767 481 535 740
81 766 105 371 762 91 481 461 104 787 793 103 750 56 375 149 748 124 147 171
114 809 78 839 781 804 57 900 896 376 381 363 60 778 45 807 851 846 838 870
58 132 787 318 220 204 14 362 352 393 791 389 826 67 180 799 118 852 792 812
64 763 29 44 786 139 36 21 132 129 488 505 122 112 10 484 140 776 777 372
869 882 905 867 789 150 851 855 803 787 894 800 863 806 914 916 886 145 790 919
149 833 879 321 67 179 190 155 133 209 142 824 236 917 114 189 911 318 875 791
129 218 353 782 61 317 187 98 212 808 251 271 863 62 284 311 323 278 850 54
18 360 126 463 449 447 758 445 462 340 739 130 24 28 394 129 55 166 743 89
291 317 250 327 236 270 173 276 189 179 281 335 353 185 240 279 178 181 311 315
