1643 1675 290 289 1728 363 287 344 349 379 82 79 1646 88 1591 295 367 1729 1558 1567
83 156 1520 203 1690 1613 1607 249 148 1550 1678 1525 1665 1712 105 74 1679 268 92 260
78 147 304 1538 1522 150 59 1596 263 75 102 299 1585 37 1591 66 76 1534 1611 61
748 756 880 846 875 936 697 934 687 710 712 938 704 702 783 747 634 683 662 691
69 293 1655 303 11 1528 1572 1522 1714 1534 157 1561 95 1577 119 1684 96 301 143 271
1004 1107 926 821 954 850 1087 959 1197 1091 961 795 845 1096 767 1170 1077 1036 1010 979
883 965 971 884 845 748 1039 637 923 915 741 631 854 1058 614 693 511 781 794 623
1473 1497 1347 1382 1356 1420 1503 1428 1528 1426 1519 1409 1366 1530 1437 1443 1535 1394 1484 1387
104 1561 1535 1632 1682 149 263 319 56 1647 53 89 1675 1619 37 309 267 1674 108 259
1366 1470 1390 1442 1373 1337 1417 1279 1310 1278 1489 1484 1498 1269 13 1354 1439 1455 12 11
471 537 707 941 550 709 722 393 659 651 588 731 481 381 404 445 522 501 558 690
856 995 1042 900 917 837 988 1051 904 994 690 923 996 936 850 937 1067 739 860 754
0 268 266 1539 147 267 130 1543 1516 1470 1491 1722 279 1508 40 1563 161 148 26 1571
873 966 883 999 815 863 806 851 796 842 748 830 706 845 900 1007 868 941 701 965
1168 1269 1313 1370 1193 1186 1284 1110 1327 1206 1305 1075 1253 1127 1277 1361 1112 1105 1125 1352
830 1031 787 906 809 907 800 880 841 1066 1118 1126 1018 811 875 836 1072 1120 789 775
88 298 1617 1651 91 288 77 1669 94 1688 128 1623 345 1715 14 1731 1708 1562 278 1707
52 1655 1547 1597 295 44 1546 134 125 1552 273 1671 284 38 309 372 1661 1605 1688 1706
298 1658 347 98 61 1556 303 60 101 305 295 1714 1660 330 1551 134 335 1635 372 1684
538 712 695 736 549 522 646 652 415 985 441 557 454 456 419 477 533 757 761 473
365 411 499 440 497 505 361 459 429 364 1681 438 503 464 324 516 472 502 346 1682
866 961 696 1034 695 693 838 992 618 769 733 898 926 1041 930 924 922 712 862 851
1236 1300 1299 1277 1172 1338 1301 1175 1209 1282 1240 1180 1370 1239 1280 1229 1362 1278 1182 1234
325 1607 1675 350 1723 279 357 1629 1592 392 37 1553 1574 1670 1568 1686 1711 1561 1645 103
1577 1622 95 348 315 91 1682 307 1701 343 59 288 309 136 1579 1540 1730 1664 140 50
461 573 686 716 619 698 384 649 696 702 562 397 523 539 596 435 504 528 694 589
465 592 699 722 517 420 658 715 618 620 937 537 718 404 651 461 740 518 421 626
877 929 915 640 670 638 518 744 868 1041 969 683 921 1052 775 691 478 498 789 892
887 986 818 898 843 926 892 854 778 497 1019 734 517 919 891 916 835 829 976 792
289 1665 1580 368 301 1576 355 74 308 1679 56 1719 1656 1605 65 359 1641 379 138 1721
1034 1118 1198 1076 1055 1162 879 1207 768 804 886 1148 819 1185 1219 1089 1160 1045 1153 877
111 1649 1621 1585 285 1665 128 1732 80 349 293 1584 1647 1557 1662 137 1611 1672 100 313
1392 1480 1365 1343 1485 1363 1398 1430 1512 1468 22 29 1380 1476 1494 1499 1355 1358 1441 1416
392 486 605 602 357 391 618 1689 631 624 661 427 669 380 468 509 521 479 359 934
156 263 179 253 6 271 11 1553 61 49 1721 211 141 48 243 286 282 274 65 1713
101 1590 1652 340 1726 330 1725 1586 126 1727 1720 1654 124 86 1675 116 50 87 316 1691
1535 1734 1679 295 1713 107 1714 1611 1730 1695 263 1517 1705 1501 1648 10 1548 1664 266 44
397 456 1684 359 628 354 435 402 631 442 668 500 448 683 426 542 623 486 551 374
308 1713 148 64 109 63 1693 97 289 372 1534 320 1606 396 374 51 333 122 1551 1627
871 1003 1112 859 860 792 1090 853 645 858 998 949 777 973 916 800 765 817 856 1032
832 928 953 908 474 762 862 656 814 799 1053 646 668 497 949 834 500 837 1132 508
1370 1431 1436 1314 1309 1440 1287 1385 1426 1294 1279 1488 1462 1280 1313 1307 1389 1367 1419 1310
5 1469 117 1359 1508 1499 1429 1349 1548 1561 1475 1435 1401 48 1478 57 51 1537 1384 1424
533 677 480 423 465 926 563 707 715 776 639 675 503 741 919 862 654 687 911 604
114 1544 59 1526 1625 1708 1665 264 1691 1735 1580 72 1646 1528 1704 285 1639 1604 27 16
1585 1698 332 391 1642 1652 1565 78 59 1681 328 97 76 1637 1645 384 1633 1703 1610 1715
435 579 700 522 550 711 701 448 535 442 578 412 724 479 628 536 571 405 707 451
1639 1673 127 294 1700 66 1624 1605 110 292 331 350 1731 310 1670 1570 129 55 1724 1565
1540 1566 1692 21 1696 66 1645 1655 113 1577 1565 284 1734 1544 1702 1711 1646 300 1623 1729
57 1725 88 1603 1708 11 1 290 1625 68 1668 296 26 265 1525 112 152 1703 1636 77
1039 1101 1210 836 993 826 1195 816 1144 1214 790 923 822 1036 858 830 879 834 1005 928
799 887 805 517 657 869 757 515 882 514 756 981 861 513 972 1104 902 820 819 502
786 969 964 895 1051 990 903 678 826 968 858 684 1105 852 967 1043 922 948 803 664
111 1586 1694 1715 301 1693 1726 1680 51 33 1647 269 43 77 1567 291 286 1656 110 297
753 989 612 653 685 759 660 677 992 742 1012 893 630 656 787 965 709 941 716 994
624 704 419 430 489 575 753 774 739 599 965 421 606 642 576 547 473 975 680 742
642 951 554 600 704 985 559 608 664 466 523 981 705 779 992 531 630 720 689 755
60 129 1669 165 16 1556 1612 1620 261 151 1732 1684 83 252 298 1661 1699 75 135 1629
1559 1568 122 16 148 130 296 104 1554 1572 121 127 1597 103 152 58 1549 153 1658 1558
443 558 727 619 542 527 455 586 425 394 411 519 526 698 439 604 395 480 547 464
380 1708 340 343 299 329 507 304 366 1678 1666 140 1649 473 84 1635 134 132 81 1711
660 874 987 525 524 982 482 472 1049 830 749 883 479 925 841 627 606 622 729 616
68 1708 92 1550 1605 1690 1584 46 1617 1691 1531 1520 120 1562 322 1614 134 1669 378 1608
783 826 679 844 765 757 1124 1048 794 1067 936 838 776 873 1008 825 672 667 868 787
1127 1184 1113 1304 1195 1311 830 1062 1173 1175 1192 1246 1122 1161 1102 1284 827 1245 1229 1099
888 933 880 976 916 750 964 857 959 516 819 674 1012 490 508 870 1042 1017 998 777
751 1000 657 1006 625 1069 929 833 642 714 1015 933 1068 675 710 1108 997 968 1098 948
280 1551 90 170 1539 295 123 116 1721 261 1537 1630 1586 1706 1626 75 1636 268 258 1642
1630 1707 1637 382 143 1696 1627 1558 1585 277 1657 313 1689 383 340 85 58 1671 1709 1699
823 1079 851 831 1137 1129 903 1070 928 1003 1196 1132 1139 1138 1097 852 881 1082 1080 1157
56 1596 1571 26 79 1570 1675 1698 113 1594 282 1559 85 1713 1694 1715 1526 1731 42 1626
36 59 95 33 287 113 1526 1507 111 141 146 1559 295 1593 110 310 125 1735 118 16
357 486 398 523 305 596 1667 1686 666 638 383 313 922 634 489 1691 639 1651 670 376
670 775 683 701 975 1063 986 497 694 743 835 916 663 604 985 529 1013 495 792 673
658 965 735 882 650 945 659 876 776 847 521 745 598 932 886 716 514 966 737 611
1340 1374 1311 1335 1463 1370 1226 1278 1246 1403 1245 1466 1241 1290 1315 1480 1298 1469 1339 1478
278 1551 1706 154 269 1562 1641 1512 1583 1664 280 1723 1728 45 1575 253 94 150 117 1631
952 1006 931 744 1093 898 887 1032 993 746 664 1039 1089 529 693 760 878 1067 804 954
1617 1669 1612 1707 1607 120 1621 1703 1674 1563 48 292 1577 1589 53 72 1575 96 329 294
762 841 648 907 851 680 674 771 859 700 994 828 1127 1101 1016 650 917 964 1063 632
765 1040 651 652 659 925 819 699 980 677 1122 788 929 835 685 789 1111 673 898 1136
30 1484 1523 83 1513 274 1410 138 1368 1442 20 1407 1453 1458 1456 125 11 1578 1569 267
75 1727 1733 1731 296 301 13 1623 1702 118 45 1535 138 1561 1544 1615 1659 1669 317 86
547 739 862 468 416 616 758 944 767 598 636 453 680 969 965 644 464 437 986 456
4 46 79 1630 1497 1520 1638 1493 125 291 1647 269 35 8 1475 1646 38 276 290 305
860 1049 1041 1131 1076 752 981 1125 684 935 828 992 976 758 1128 834 924 1039 657 831
327 383 1673 389 113 102 1596 297 1733 1639 485 1731 1605 292 1708 1581 114 312 499 322
253 1550 116 69 212 205 147 17 43 189 199 19 155 1534 118 1521 191 1506 46 47
545 644 508 503 704 426 631 602 756 605 741 888 876 591 725 751 630 626 860 947
1369 1437 1310 1458 1370 1308 1298 1260 1364 1465 1322 1365 1377 1268 1294 1397 1352 1476 1509 1319
118 1531 1679 1636 276 0 1618 1723 300 1577 1503 1506 122 101 1504 302 1616 1534 1556 79
1358 1445 1421 1335 1417 1473 1365 1425 1305 1254 1359 1363 1260 1356 1342 1407 1483 1276 1269 1498
8 1547 1486 40 1730 1527 84 1532 284 1471 116 56 1714 1542 87 1524 47 1 1568 1509
1246 1324 1366 1332 1276 1333 1173 1376 1377 1334 1335 1357 1204 1372 1355 1279 1229 1156 1380 1182
573 634 960 669 598 570 774 549 682 457 651 496 754 671 607 548 432 554 963 589
131 1662 1598 75 156 326 12 1574 1657 161 378 8 1643 261 3 364 1700 266 104 344
80 115 1696 95 1570 1627 1602 1566 322 1543 1606 1631 263 169 138 132 1694 78 271 1735
848 867 1055 658 997 1017 974 669 982 1092 687 700 744 839 681 672 947 747 977 883
427 564 701 708 540 480 612 635 714 395 398 526 580 551 393 450 571 437 473 565
648 769 923 695 474 661 1062 980 974 737 732 802 770 497 530 462 663 840 790 768
867 1004 976 827 790 967 881 980 764 978 932 1079 959 853 1030 745 685 1099 961 698
367 1687 303 1595 368 1607 70 331 72 1580 1714 365 290 1683 377 1716 1632 363 1622 1583
843 878 945 876 771 806 875 1062 647 942 696 969 1003 922 776 1046 681 985 989 662
1411 1454 1406 1455 1460 1496 1408 1468 1382 1369 1351 1510 1346 1357 1449 1490 1491 1380 1342 1390
45 1528 1583 1482 108 1657 11 81 1533 95 1650 1476 1627 1591 39 1656 75 1653 1552 131
1381 1491 1460 1476 1508 1402 1359 1397 1442 1361 1318 1525 30 1373 21 1393 1322 1502 1472 1481
1539 1606 1697 1728 29 143 1683 95 20 1572 1714 1665 26 1496 1692 282 262 1703 1583 135
53 1558 1669 1697 1678 113 1646 0 1657 307 1524 1642 1668 264 64 158 267 273 1693 1690
132 1711 282 1539 1645 173 147 1544 177 59 1643 253 1614 1577 1555 80 1571 31 1553 250
79 1653 1697 1602 1714 292 122 17 1531 1633 1720 1654 270 140 1730 1650 1646 337 136 1614
147 1564 1656 136 175 102 1582 248 1559 1666 263 189 1687 1581 1641 293 83 124 140 91
1146 1231 1236 1176 1208 1316 1244 1254 1259 1129 1306 1303 1282 1161 1199 1072 1310 1248 1238 1168
117 1537 1549 66 39 1693 1719 1686 293 1710 1659 92 1586 294 288 1725 267 80 1716 151
1110 1195 1043 1308 1204 821 1116 1032 1128 1017 1065 1263 1070 1241 1050 1075 1250 1294 1253 1255
282 1523 1470 1717 134 297 69 149 1693 1593 42 1583 109 1649 5 1712 1696 38 1685 72
1686 1726 1664 271 1735 1612 1645 38 75 370 1544 306 34 136 292 1599 380 52 260 395
1076 1127 845 1072 787 1073 1063 1157 802 1216 1169 1140 808 1120 1061 1011 1211 848 840 1190
1396 1478 1349 1389 1474 1502 1353 1391 1483 13 35 27 1460 31 1395 1399 1346 1494 30 1517
336 1591 1574 1628 1654 1566 108 1695 78 1650 318 99 36 1670 1555 93 1655 1584 95 368
453 542 694 740 658 705 424 590 528 702 734 549 540 646 689 578 548 412 625 630
809 892 1035 515 517 478 1063 1104 640 1129 974 482 1042 1033 883 686 844 837 861 956
328 1620 1726 337 50 317 284 90 325 362 1632 366 1688 1649 297 303 1589 283 352 1677
320 1640 1657 1606 1633 45 1643 1630 1616 1687 70 93 1710 1684 368 108 1671 1686 290 1645
43 1562 71 143 149 1511 271 283 275 1553 260 19 1537 1684 1660 1706 1680 1622 1546 78
561 613 679 624 664 461 658 954 471 526 655 715 955 500 650 661 623 605 689 547
797 1097 1190 1157 777 1169 955 1053 1086 1106 913 1150 1091 926 873 1175 916 915 896 1050
697 970 951 704 640 988 967 667 567 947 585 532 519 672 974 715 763 695 850 670
372 1665 1730 1684 1641 1680 314 333 70 1712 1682 1611 1693 1553 1732 56 1636 1697 1655 1724
811 885 659 802 1039 1087 936 884 1076 654 1118 760 879 740 517 900 688 897 1112 1114
77 1537 1636 90 305 1626 65 1578 260 104 149 297 255 1536 170 1498 1513 1706 1538 1684
90 1608 306 1677 57 40 1553 1639 104 127 86 1658 139 1568 1711 1659 303 295 1594 1564
464 539 493 467 435 623 433 730 503 486 522 603 664 680 509 564 678 447 644 412
861 902 803 858 681 694 819 518 701 982 827 482 938 1005 687 807 679 776 494 1052
1357 1372 1380 1288 1453 1346 1462 1399 1405 1309 1336 1296 1299 1331 1444 1490 1386 1480 1349 1323
309 1593 1665 1666 58 1716 1598 1703 42 1673 1689 108 365 89 366 327 110 1557 276 1704
801 1101 913 922 1185 1093 847 935 885 809 840 1109 864 1161 1205 862 1158 908 1044 1201
1250 1322 1149 1155 1240 1346 1146 1228 1213 1196 1215 1264 1374 1358 1318 1276 1287 1375 1335 1207
1009 1103 812 1068 998 1036 1059 1194 1012 930 1120 772 1161 793 798 1128 1091 1129 792 799
1100 1197 1143 792 1041 1137 1175 1107 1190 1285 1163 1186 1287 795 1173 802 1128 819 1050 1234
1351 1454 1505 1424 1257 1390 1389 1335 1356 1480 1512 1373 1371 1411 1247 1415 1334 1436 1348 1460
405 529 463 378 474 581 642 524 396 501 712 362 720 955 373 639 438 506 574 525
781 1016 766 851 823 1005 841 1088 759 912 660 837 880 843 1008 1130 769 1060 819 650
389 455 692 425 515 350 546 608 367 1713 485 371 682 519 1691 630 504 459 1677 442
95 1641 114 1606 299 132 1717 111 295 1610 1612 1607 47 1733 1675 334 48 342 1653 1667
28 270 1554 1522 159 252 1540 1500 1473 32 169 7 29 1559 52 54 1537 132 1541 95
333 1625 1685 1647 1597 105 1604 1659 319 1569 55 380 53 1657 1662 1582 1690 76 57 363
298 1565 92 37 295 1715 351 1554 1531 64 1600 273 1618 1525 1687 1607 134 326 1532 1528
1692 1726 320 35 128 30 143 52 364 1599 1528 280 390 1606 1686 53 307 1611 1734 385
457 610 537 723 510 960 622 957 618 546 464 432 585 539 599 470 594 397 602 445
1542 1579 23 1532 1707 272 89 335 91 1524 8 6 1667 1603 266 318 279 328 1678 1681
