347 1007 763 958 253 195 1114 290 1140 422 265 1017 458 304 462 721 966 244 796 1020
41 855 57 88 897 146 158 52 965 1142 136 810 943 954 934 888 823 813 54 839
290 826 804 797 110 985 1171 900 55 345 318 898 42 442 48 4 914 950 959 51
355 992 444 1023 249 255 218 240 407 786 283 166 265 1052 453 182 1137 188 317 798
10 165 787 1005 26 225 215 110 970 851 989 1007 58 808 929 1165 187 908 781 993
230 807 841 330 1143 957 165 143 236 1168 320 781 828 166 353 336 968 289 827 944
534 707 1101 703 998 588 1054 752 755 524 314 746 1013 751 1030 449 1111 1020 1017 1063
212 820 31 17 860 1161 125 241 278 184 874 997 959 335 827 899 843 898 18 256
204 945 295 329 304 333 880 106 5 117 845 959 249 859 123 818 255 102 261 1164
313 762 1030 501 768 422 1116 1077 502 253 732 1019 330 530 769 781 1104 373 713 456
129 884 89 918 273 34 17 949 114 90 973 909 57 836 1177 961 199 825 809 47
475 512 984 509 517 303 720 299 308 488 994 577 1108 1055 1084 301 771 1071 990 513
25 935 175 57 1159 119 853 29 56 265 163 147 894 966 957 62 196 843 63 879
319 1001 290 1133 485 716 189 976 426 765 458 1121 339 806 454 729 183 298 1141 174
294 1149 189 841 1033 1044 1123 1022 332 1118 965 815 154 326 950 264 892 973 1037 985
295 454 1088 465 196 1135 776 989 426 432 727 1078 417 994 434 722 782 1030 1061 1111
18 143 205 147 958 1141 908 273 276 982 903 883 1162 257 120 192 29 187 198 165
1035 1116 699 995 1067 1083 701 692 277 784 1034 376 794 289 495 984 1128 426 1036 1082
222 1137 1157 162 317 123 292 263 240 1007 1123 272 119 1163 219 815 215 997 157 144
423 563 444 1079 314 701 309 692 709 317 1096 1093 1035 338 776 574 543 522 680 496
774 1119 333 383 425 1013 277 1099 733 463 465 457 787 1035 1053 485 767 737 276 1023
125 246 218 211 952 954 998 366 854 997 240 46 995 3 1152 1127 6 68 1148 110
832 865 265 106 901 127 937 851 972 1166 888 44 92 809 900 171 891 66 255 285
803 1021 240 1024 298 341 138 130 1002 395 963 339 172 710 372 1047 1159 1081 137 724
16 819 297 1152 1149 937 241 910 840 28 972 927 124 1179 183 881 272 885 263 284
789 1127 989 319 1051 788 304 305 768 216 1064 276 260 772 1024 477 279 345 1028 1141
156 1148 920 965 943 203 2 275 1162 868 291 967 270 962 287 238 856 272 970 274
267 357 821 151 1030 1130 824 251 326 1121 256 1035 843 984 260 335 991 774 847 960
179 1005 381 472 748 750 375 960 246 268 358 354 313 798 220 139 753 1056 1148 993
388 1012 1051 1031 302 753 323 803 444 1032 450 370 727 365 440 715 970 454 316 340
315 460 378 1117 1107 1134 783 373 322 194 1037 764 1050 779 355 770 403 376 1087 986
307 728 1050 776 1056 694 1059 174 356 482 343 179 798 443 1093 260 448 387 1006 530
445 1067 1041 487 1058 1105 786 982 287 427 464 1106 525 712 780 294 1011 346 444 466
525 1069 1091 711 1024 469 1003 590 792 476 479 739 1121 1058 478 329 451 723 688 1005
806 1137 166 936 350 994 830 777 356 261 220 177 319 139 1133 238 340 1164 287 798
729 1082 707 470 490 777 751 422 732 683 535 458 1103 1105 1110 499 430 764 536 482
289 808 268 188 458 1039 967 860 829 190 951 322 1028 961 324 1124 246 864 988 203
474 491 586 1092 715 463 499 995 1061 571 993 996 749 460 467 318 706 440 498 539
261 850 289 334 1161 262 1129 312 211 901 1127 268 76 957 174 934 904 841 1155 828
144 175 309 844 126 244 793 282 303 847 1004 230 998 199 37 252 886 16 248 846
194 221 795 353 999 276 323 1146 1150 116 981 235 259 844 352 267 811 982 318 185
116 150 169 42 207 238 1168 254 156 208 69 182 60 929 118 137 40 800 817 145
463 1007 188 751 706 281 1012 763 285 377 187 1008 987 348 773 785 1100 757 517 462
488 1050 1124 491 761 995 701 1067 593 696 590 291 747 573 441 565 1047 1010 730 1119
965 987 149 125 140 1020 1051 240 127 342 329 123 249 1030 845 784 191 1044 1037 814
473 983 1130 265 274 706 222 1081 1070 1082 206 146 1126 1089 433 1120 491 763 159 752
112 823 866 958 179 954 40 840 931 110 24 941 2 295 984 987 847 1167 55 808
593 665 580 566 682 640 657 639 660 661 637 589 496 500 681 623 605 678 689 569
427 531 445 499 1112 721 373 1067 313 382 534 687 678 457 461 765 336 589 414 473
476 1081 460 711 779 1108 793 998 480 794 474 788 1076 1118 1029 1101 755 494 512 536
189 817 114 964 1162 981 972 895 27 970 281 839 35 821 783 0 823 826 1007 928
715 1106 1071 1046 687 525 997 439 712 531 1014 429 1044 532 490 781 465 696 317 686
315 470 813 785 696 290 456 503 504 1027 1105 260 455 359 408 1129 475 680 494 266
806 988 477 298 182 441 269 138 359 1039 346 1014 848 270 375 206 817 1034 1163 934
54 837 943 1154 958 964 50 185 39 834 180 855 916 172 841 111 202 44 904 821
253 279 829 312 128 178 970 780 309 1138 779 247 310 259 992 965 1153 320 1012 807
158 846 869 791 995 877 874 1155 181 39 848 786 239 992 956 940 878 67 906 268
249 348 327 1014 259 400 184 986 182 313 256 296 992 292 826 1161 799 402 828 1124
20 937 13 881 927 821 1147 170 158 832 1163 809 900 145 41 28 808 119 156 107
1 142 58 23 941 895 2 205 804 1162 904 211 109 160 18 971 255 139 189 120
959 1171 811 187 883 218 51 9 291 835 161 1134 861 1000 970 297 176 130 123 1006
346 1011 437 309 289 769 350 444 299 323 1054 1014 795 298 331 459 360 1009 734 1079
434 1105 726 567 1059 1032 732 468 453 543 347 715 1087 1120 1126 1066 771 1116 725 996
1045 1088 289 453 983 1128 456 1033 430 749 478 498 803 564 724 1066 518 523 527 310
335 1116 758 763 369 737 1030 1118 695 325 978 267 264 293 241 1065 738 202 721 439
180 250 973 122 867 242 304 1152 1157 842 202 155 374 1160 350 117 158 856 157 121
194 1129 306 980 950 938 808 226 161 984 346 1146 274 334 1032 1167 1011 281 785 1135
154 986 247 811 181 856 201 121 108 807 165 978 1142 370 244 13 347 8 316 918
194 993 1159 371 1161 463 1023 953 340 368 723 450 159 1134 1057 976 350 931 863 1133
334 1034 377 1037 969 251 471 455 712 403 268 716 462 737 198 772 721 300 752 699
453 520 1086 320 476 715 488 527 562 684 1115 738 743 750 801 749 710 701 729 1015
305 356 352 765 315 210 792 438 179 1132 201 278 282 279 1044 270 216 361 286 1023
136 960 786 1128 964 153 54 141 1154 241 793 857 1140 23 1146 12 122 870 38 10
229 251 356 819 196 313 141 1125 328 362 365 269 363 123 152 959 815 160 301 366
777 805 163 1089 799 854 953 356 260 272 950 360 977 171 1112 161 1029 282 796 816
276 304 179 822 147 833 1008 469 981 1020 363 780 231 769 237 1115 1011 1012 1127 262
321 1134 456 970 447 383 971 160 1042 280 822 131 364 338 242 1036 429 361 196 475
963 1164 1133 229 150 189 934 965 163 942 169 266 133 873 307 30 242 849 60 256
828 953 43 950 898 185 832 1149 876 852 892 1144 1164 979 925 1171 13 840 1137 951
258 324 394 151 172 169 401 1035 145 312 238 395 179 315 1123 337 463 116 272 1046
840 949 279 162 49 61 889 176 23 854 9 968 246 108 876 25 283 940 291 890
135 178 305 780 235 144 2 296 904 999 44 28 957 289 798 112 3 1000 795 292
833 890 36 177 92 1137 1172 123 7 116 962 887 942 1173 1174 827 922 34 125 190
390 770 713 1068 283 993 511 473 466 1113 527 723 426 753 311 1010 746 773 1088 352
541 1088 524 705 702 561 459 481 766 1041 735 707 520 1062 501 504 1057 1037 488 1072
321 478 1070 1097 769 802 522 1102 451 1044 689 984 1100 787 735 386 1092 529 782 432
207 269 347 125 108 1139 789 243 218 160 988 367 205 1162 983 778 815 135 358 361
487 533 1047 587 508 1107 677 732 1097 423 1050 415 1100 448 499 418 492 556 762 1106
351 777 380 499 715 389 401 771 484 364 1017 489 1019 315 408 390 1035 434 1101 452
267 838 982 907 325 263 149 152 136 1140 54 834 206 274 358 200 195 314 1131 813
754 1040 305 472 1091 296 316 408 307 1092 783 466 446 685 532 365 319 420 505 1101
419 778 555 1117 382 796 1074 465 1101 540 439 283 312 284 1124 1012 1106 746 374 1024
346 423 206 429 1027 1069 469 322 246 544 1135 547 467 298 324 410 1006 299 439 470
705 1078 715 752 486 707 1018 1002 780 423 1067 460 1032 1102 436 1066 762 511 1122 690
709 772 1043 1114 313 1057 363 510 714 458 989 460 1050 1026 414 1077 383 521 507 801
176 785 458 131 1162 931 946 214 371 855 713 471 1062 352 321 1157 267 240 295 239
968 1022 849 1071 204 122 831 810 1070 255 973 943 205 1025 1141 458 1043 937 721 799
478 711 682 578 1057 754 726 774 1088 1022 320 777 751 493 736 710 1115 707 729 771
101 849 962 805 193 961 196 80 32 1155 29 830 131 65 931 846 958 1179 71 266
177 996 453 930 226 789 255 1043 329 349 1066 1115 731 174 812 870 232 237 915 711
799 1138 974 813 1170 973 783 1160 211 1163 315 280 1044 229 1009 324 979 369 276 1149
135 175 869 927 894 909 880 212 246 913 945 1167 1171 51 261 1166 780 55 232 1150
391 1039 1101 280 1028 786 507 1015 320 291 339 506 774 1021 728 303 352 285 1002 712
320 763 444 568 792 279 449 296 1068 731 737 1008 985 1078 416 797 467 411 684 526
850 915 134 81 868 61 918 194 97 189 1155 198 888 17 125 893 841 156 50 107
197 783 288 1109 263 991 734 845 739 338 983 355 820 951 293 364 477 446 1157 934
758 1071 724 427 478 734 501 742 1120 1066 313 1006 1010 789 562 564 747 319 784 422
1007 1046 420 480 387 708 1082 349 741 721 310 1036 361 805 517 169 1061 788 447 338
869 1149 1156 892 1154 928 1152 301 824 27 801 176 903 1162 878 981 917 979 881 938
55 113 72 94 204 1171 144 824 1174 248 861 925 944 145 130 956 217 1145 132 190
486 1041 797 777 806 330 692 731 1081 1039 756 295 451 438 286 704 436 747 675 535
97 1165 827 197 840 135 63 38 814 1140 812 920 1169 819 46 831 1144 42 971 818
153 803 1138 109 866 1155 28 787 147 164 997 335 282 365 869 1016 279 783 163 150
372 777 1061 694 736 1020 995 1007 1098 1127 497 783 982 1024 339 785 413 1105 291 332
505 528 765 456 1101 748 427 483 571 721 1109 543 723 559 556 758 554 1049 1067 448
920 1151 843 263 110 264 166 230 281 66 109 873 1137 210 158 3 906 967 824 207
707 1034 316 518 422 682 369 759 288 578 496 686 752 1044 808 732 1014 979 362 366
62 829 930 164 939 185 884 931 834 961 245 105 39 971 859 60 275 183 196 101
732 1063 786 767 1022 717 784 780 760 327 517 718 775 1093 1101 465 713 1056 462 701
128 805 790 883 175 958 164 802 777 819 32 821 131 5 252 148 306 259 906 355
492 742 1067 759 500 582 699 760 746 594 601 728 722 1049 1003 752 766 768 701 775
178 1169 1177 891 956 314 288 272 218 38 825 222 1151 842 944 256 1137 888 1012 908
162 244 837 970 214 1001 785 951 344 1135 361 948 259 217 251 345 836 839 192 791
182 274 921 855 976 1153 121 962 269 261 788 861 351 126 834 928 1125 852 125 1017
751 1066 328 1112 1049 1031 501 460 303 455 329 703 1114 450 459 449 1107 567 1011 1059
495 546 765 589 561 581 673 684 477 1115 1081 701 748 414 1079 1022 1085 761 470 418
428 1109 517 546 473 388 468 707 497 741 1032 714 524 475 516 462 355 1053 747 1051
366 1039 739 771 1125 1088 979 745 1132 378 252 1033 708 1097 693 279 395 1011 1015 726
360 406 262 981 258 223 1119 414 257 329 416 297 1123 433 990 785 356 228 1127 410
345 793 416 147 1118 1140 981 805 186 244 265 463 249 434 237 988 797 973 190 1149
831 918 202 47 5 805 919 800 843 196 837 83 1141 63 173 860 148 87 1160 50
538 1089 1035 586 506 497 573 435 713 495 716 734 441 757 761 418 1074 730 468 760
896 1161 1133 177 876 1160 281 44 1166 1162 838 133 900 37 163 93 3 7 1142 20
654 667 610 615 675 577 618 645 639 658 601 594 599 679 584 602 621 595 659 586
784 977 333 140 1139 365 727 478 222 150 1150 705 740 1016 826 216 307 137 1138 474
527 1112 686 762 677 772 709 307 1077 474 548 746 414 736 478 1110 438 703 1005 1019
55 108 125 1159 134 129 76 113 202 79 938 1164 825 155 920 124 207 64 7 45
710 1021 578 1024 975 686 729 453 780 469 350 331 480 565 779 437 1095 266 478 274
458 1085 770 322 742 1087 537 763 1054 439 801 1084 1027 1120 516 1010 686 427 1062 745
288 1040 161 440 1154 243 305 1009 824 265 334 183 1042 1062 214 375 191 446 200 1054
493 713 683 1121 510 1089 521 712 710 725 506 575 470 314 1023 715 592 441 573 757
580 588 653 487 667 494 574 628 673 652 591 650 681 607 515 539 560 576 684 693
469 488 794 987 439 995 740 1116 1068 525 1096 491 301 980 717 503 532 1118 1006 1062
12 39 854 115 871 915 50 14 925 0 105 952 964 847 58 1153 88 1170 924 97
387 1021 734 319 1013 1077 488 491 423 1036 482 775 330 700 347 768 1115 351 1062 1106
113 205 306 922 982 1131 121 50 1163 1143 116 20 221 1126 973 67 33 43 866 271
822 1136 904 51 35 918 984 895 922 1165 1154 174 140 332 279 956 310 348 265 289
820 1178 875 200 829 308 1158 72 998 180 968 872 10 108 115 971 1135 297 210 1146
310 463 1069 692 734 324 1028 1027 789 717 262 1033 691 1134 1030 751 389 304 740 181
75 863 839 94 1166 871 832 60 122 834 905 88 936 925 1151 850 184 901 55 112
