1489 2411 1255 2389 1247 1463 1217 1543 1286 2445 1514 2439 2441 2416 1547 1210 1493 1471 1475 1505
1214 2398 2304 2354 1267 1200 1506 1179 1219 1281 1488 1527 2320 1236 1531 1507 1520 2400 2409 1513
338 1710 1676 1645 392 1739 1695 510 1718 323 407 393 1724 25 1684 329 387 1652 16 313
1447 1473 1582 1443 1469 1540 1481 1601 1559 1596 1586 1603 1482 1575 1600 1449 1457 1453 1420 1422
293 313 279 57 101 64 77 290 112 331 93 97 102 318 72 303 314 285 267 60
1427 1586 1574 1602 1430 1397 1391 1578 1429 1600 1381 1384 1411 1597 1432 1436 1426 1393 1437 1620
2205 2227 2162 2215 2265 2252 2173 2181 2169 2211 2239 2183 2200 2190 2259 2230 2246 2209 2249 2216
1602 1627 1435 1587 12 1620 1631 1434 1652 1423 25 1641 1611 1638 1600 1440 1449 1651 1603 1401
37 1393 1394 64 1429 1416 337 1380 1709 1404 1668 1405 14 1662 1369 334 1595 1677 1360 57
1424 1583 1416 1604 1433 1594 1421 1405 1611 1458 1609 1600 1595 1618 1439 1436 1378 1460 1423 1592
145 248 114 247 261 270 277 208 125 116 113 215 147 250 164 115 159 207 152 249
1266 2372 1246 1178 1234 2388 1249 1283 1264 2387 2350 2398 1235 2379 2373 1193 1524 1504 2344 1184
1768 1792 402 1777 1825 1814 1770 1824 382 1797 1807 1769 469 1815 488 501 524 480 487 419
1385 1413 53 1380 1589 37 10 1441 0 1410 1615 1599 1438 35 1623 15 1391 1588 1445 1346
829 860 882 775 871 853 826 872 824 851 837 874 859 847 798 858 885 808 852 788
572 609 534 535 590 626 584 532 600 557 571 635 620 633 601 574 585 602 553 606
5 1387 1635 1619 1390 1698 8 1696 40 1422 35 1683 1607 45 1677 1395 1382 1430 1353 1411
1317 1348 1354 1387 1335 1296 1326 1383 1293 1300 1344 1368 1292 1388 1382 1319 1349 1289 1290 1374
389 403 395 368 361 385 1761 1800 1762 1740 358 1782 1725 1799 379 1754 1704 406 402 1802
1816 1850 451 508 545 1817 458 553 430 522 465 1877 433 1786 1839 1803 493 412 1801 444
2391 2448 2423 2347 1277 2410 2363 2398 1224 1514 1182 2383 2390 1539 1230 1486 1243 1203 1238 1273
394 1740 355 1748 406 387 1746 1753 423 363 433 1792 390 1768 444 351 362 1763 368 1754
39 1719 1729 387 1690 1393 1680 66 390 347 1411 49 1713 1720 21 1724 361 1688 1710 371
1636 1673 1609 1623 1669 52 1614 355 344 1637 40 1706 1660 1651 1687 46 335 16 361 51
422 456 459 1861 397 1846 474 445 1737 491 1881 476 455 471 1798 493 1834 1765 1894 436
28 1634 1649 1592 1710 1413 1660 1379 1410 39 1370 1673 1594 349 1636 340 1418 1376 1720 1611
465 1862 1919 493 457 1906 428 483 484 1852 1929 506 1785 431 1864 1890 1783 1848 1915 1823
478 1857 1859 1822 437 1796 1867 1839 1890 1834 1826 1923 1748 1869 470 1812 1904 1875 1850 521
1645 1673 1663 1679 59 1694 1699 350 1669 339 1671 1655 52 1693 1632 1639 10 22 357 344
1323 1344 1314 1293 1310 1353 1350 1327 1329 1351 1370 1317 1312 1288 1313 1359 1374 1352 1378 1316
2342 2355 1227 1162 2407 2391 1166 1269 1224 2346 2404 1512 2362 2389 1511 1531 1228 1155 1493 1261
388 1735 391 330 395 1782 349 1758 408 403 1783 1780 1770 402 418 1764 1781 370 335 1736
486 1889 1912 1757 1873 1802 1838 510 1888 1764 489 522 1759 493 1891 1823 509 461 1771 506
335 1679 1671 1660 1714 1642 369 1651 337 1668 1703 1718 1696 1646 1675 65 1736 1649 1680 1667
15 1387 1632 1426 1365 1434 31 1625 1616 1369 1620 1615 26 1702 343 1660 5 1384 1391 10
561 570 601 1837 540 589 553 578 606 534 608 518 531 551 1830 574 598 595 592 610
340 1654 18 1630 1718 1728 1735 15 366 1632 29 319 1738 1634 24 1731 27 41 1683 1704
1214 1238 2315 2385 1196 2357 2367 2310 1270 2433 1229 2362 2314 2414 2341 2319 1186 1170 2321 1212
854 864 798 868 892 785 872 832 784 891 866 886 878 821 852 846 889 805 888 833
1190 2297 2315 1218 2322 2282 2403 2301 1200 2362 2270 1223 1124 2347 2384 1119 2277 1121 1183 2400
1240 2374 2375 2436 1518 2389 1205 1525 1505 2437 1236 2424 2347 2352 2332 2426 1255 2404 1539 1511
433 462 1787 417 1749 1779 420 1861 1812 1817 468 501 1866 1762 1781 430 1745 1813 1882 1809
510 1839 500 1843 441 1793 554 1859 1778 553 548 1766 1779 1774 1875 515 541 1748 450 440
421 430 446 1835 1824 1829 462 416 1778 1776 1745 408 1770 1732 468 1743 1827 1820 458 440
697 728 646 691 735 695 684 716 745 681 682 700 727 742 719 712 720 703 701 748
526 1818 1823 1832 1845 558 525 501 533 436 1812 492 552 498 427 534 502 1783 485 550
435 446 1751 416 1771 1757 451 1829 1849 1747 471 1806 1744 1826 422 485 452 434 1834 1833
35 1396 1722 1406 1685 1654 1395 39 1379 32 1678 23 1665 1691 1710 1647 26 1410 13 1648
1251 1273 1271 1296 2336 2371 1288 2363 1269 1229 2352 2407 2410 2439 2401 2413 2378 2376 2339 2353
0 1606 1698 1582 1678 1410 1437 1407 25 1712 1589 1448 1375 1652 1707 1677 21 1636 4 1701
1567 1574 1584 1439 1573 1580 1593 1562 1485 1545 1442 1421 1549 1564 1566 1572 1473 1466 1445 1551
792 838 849 778 780 784 870 777 801 832 840 865 772 853 771 761 759 834 817 844
2357 2391 1211 1541 2407 1508 2378 1544 2406 1505 2336 1503 2394 2333 2413 1543 2420 1260 1228 2367
1232 2410 2445 2441 1552 1216 2419 1280 1503 1490 2438 1541 1199 1230 1537 1544 1498 1487 2388 1497
1542 2411 1278 1280 2400 1258 1271 1562 1251 2393 1263 2375 1490 2431 1275 1515 1272 1207 1459 2395
1168 2317 1184 1166 1205 1201 1206 2344 1192 1189 1163 2325 2328 1129 2352 2343 1169 1155 2359 1194
1240 2444 2375 1517 2362 1269 2329 1209 2436 2378 1268 1522 2393 1243 2328 2331 2422 2324 1513 1248
421 1775 500 457 403 1732 1811 522 1828 1768 1802 489 485 388 1810 493 499 477 1726 524
1849 1918 468 600 1844 515 442 1826 453 484 483 1874 1820 1832 1856 554 1923 1925 505 497
1475 1497 1514 1471 1470 1483 2378 1447 1450 2406 2376 2442 1529 1510 2379 2440 2437 1507 1512 2413
2091 2114 2061 2071 2139 2049 2072 2063 2113 2108 2059 2143 2087 2058 2065 2118 2136 2104 2060 2106
327 360 1697 351 314 1668 322 1677 370 297 53 301 307 71 80 1690 78 308 367 373
1415 1429 1409 1604 1417 1465 1423 1426 1613 47 1442 1596 1580 1430 1472 1607 52 1380 54 29
853 875 867 836 783 818 861 825 812 884 831 886 844 806 793 849 829 866 804 862
1738 1749 375 371 437 467 1773 393 1747 1771 330 395 1778 335 456 334 421 1745 513 472
173 193 147 221 165 195 189 223 168 228 166 226 156 154 179 143 178 207 216 239
636 672 644 695 676 711 678 638 723 702 680 668 666 614 722 708 613 712 654 640
1990 2016 1991 2043 2045 2040 2035 1994 1959 1986 2007 2036 2019 2006 1983 1969 2021 1973 2029 2010
415 1751 482 1771 458 392 428 451 356 1768 511 1800 416 1743 1750 1806 1735 1799 509 409
1241 2328 1225 1177 2341 1149 1245 2401 2381 2373 1264 1272 2298 1240 2399 2377 1256 1205 1270 2344
2196 2216 2250 2175 2244 2231 2210 2254 2209 2159 2222 2228 2236 2199 2172 2247 2179 2165 2168 2180
2190 2223 2255 2179 2191 2153 2230 2180 2215 2189 2226 2220 2168 2251 2174 2188 2193 2203 2170 2211
490 1887 1906 1847 541 489 1891 1864 455 1829 502 501 1894 504 457 449 1859 1846 527 1919
429 1762 1824 425 1758 413 520 397 1838 1734 1768 467 493 1773 1745 492 366 479 1793 411
1040 1107 1128 1090 1100 1020 1123 1083 1073 1056 1131 1138 1079 1134 1122 1023 1003 1130 1034 1045
21 1621 1610 28 1424 1654 1627 1583 1635 1658 1618 1432 1427 1669 29 1649 1605 1386 1615 37
154 187 188 120 116 229 170 255 241 253 107 135 125 249 228 220 110 140 117 251
515 1821 545 466 1856 1841 509 522 478 1706 489 423 480 517 496 455 1761 460 1831 492
1462 1589 1429 1423 1442 1414 1483 1583 1456 1444 1630 1543 1561 1570 1587 1494 1485 1435 1493 1405
407 1766 433 1799 1810 439 492 504 448 1758 1707 372 484 1747 1797 421 472 487 519 456
1405 1416 1422 1603 27 1373 1619 1393 12 1611 1584 28 14 1434 1445 1622 1432 1400 1433 1429
1267 1285 2365 1319 2405 1325 1314 2404 2397 2383 2421 2349 1233 1264 1282 1231 2396 1256 1302 1307
484 1774 457 377 454 434 399 383 468 477 1890 1786 488 480 1754 524 375 413 1866 527
1272 2425 2371 1531 2388 2444 1280 2397 1291 2424 1505 1254 1244 2447 1299 2420 1504 2386 2416 1274
256 266 298 222 130 274 112 105 121 244 275 248 140 233 220 269 250 234 272 122
1235 2380 1550 2419 1488 2394 2379 2363 1527 1188 1203 1198 2334 1261 1221 2326 2438 1213 1275 1537
2364 2403 1514 1522 1198 2339 2387 1494 1516 1241 1509 1162 2379 1487 1216 1500 1277 1519 1542 2360
607 620 642 575 664 593 622 570 628 657 641 617 594 662 577 643 658 611 576 667
407 428 1746 403 390 1820 399 1718 1803 1757 1764 1717 375 1725 1822 1741 380 1779 442 415
1354 1389 1302 1325 1387 1374 7 47 1412 59 14 1331 1330 44 1403 1383 1375 1369 26 1347
558 579 606 1836 601 567 580 597 542 550 1841 617 521 539 583 519 612 541 520 545
1219 2318 1221 2441 2423 1178 1172 2348 1170 2402 2440 2304 1226 2302 1139 2429 2300 1133 2319 1238
2199 2213 2241 2245 2244 2193 2165 2236 2178 2239 2194 2203 2167 2237 2226 2169 2164 2179 2251 2181
1365 1401 1380 1433 33 1382 1608 49 36 1348 42 13 1598 1609 1420 1405 15 1424 35 11
542 1823 1804 571 1798 1828 488 421 518 1861 1818 484 503 525 1855 483 1822 510 553 531
402 1790 506 1763 1809 511 493 479 1789 461 520 455 469 505 397 1812 1783 375 425 1712
498 1774 400 1847 1834 546 523 444 499 1792 377 1782 1836 1844 1824 1816 1776 1819 407 380
1177 1187 2353 2287 2370 1210 1202 1205 2325 2343 1200 2356 2347 1164 1186 2354 1216 2298 2323 2385
415 1760 1802 1723 379 465 1746 1756 376 442 1737 1804 480 424 1773 393 525 1800 363 1788
1225 2426 1208 2409 1261 2351 1542 2425 2422 2385 1248 2434 2365 1520 2325 2382 1256 1519 1504 2400
451 1852 1807 1916 1903 513 514 482 1785 440 435 1743 1841 498 450 1885 456 480 537 1920
642 689 669 625 655 705 675 618 631 693 626 665 659 640 653 670 716 727 694 724
148 169 210 107 240 136 251 147 167 108 195 156 109 162 209 168 179 153 175 151
293 314 50 267 61 265 110 102 291 103 295 99 306 287 109 333 268 282 108 80
1197 2392 2426 2395 1553 2319 1250 2447 1216 2445 1256 2402 1251 1536 2435 1530 2368 2406 1500 2312
207 248 171 226 250 154 276 186 204 223 217 243 150 241 257 166 179 148 184 235
2316 2341 2353 2325 1146 1161 1228 1149 2357 1128 2322 2300 1187 1526 1523 1183 2296 1535 1152 1244
1353 1388 30 1375 51 1315 1386 1354 1427 1385 1362 1398 1377 37 1425 1308 1357 1303 1363 5
2223 2246 2248 2212 2203 2265 2231 2234 2277 2279 2226 2268 2214 2181 2200 2255 2269 2252 2211 2180
525 548 1781 1783 1841 555 1827 485 483 1802 583 561 585 541 573 1797 1833 524 1818 564
2164 2177 2214 2201 2195 2104 2100 2193 2159 2196 2152 2198 2097 2096 2176 2155 2163 2192 2211 2162
978 992 2068 1005 963 968 1010 953 994 993 2054 1019 935 2073 960 974 1013 1033 947 965
1161 2303 2304 1163 2347 1192 1126 1186 1158 2349 1200 1175 2288 1189 2287 2281 2338 1145 1147 1196
446 1859 460 434 1826 442 1922 1881 1737 1762 472 1860 1861 419 1744 1849 1748 1905 1884 424
1156 1169 1203 1133 1210 1212 2290 1126 2352 2340 1159 1147 1150 1140 1189 2281 2301 2303 1165 2330
1228 1254 2401 1245 1200 2376 2349 2334 2435 2333 2387 1220 2335 2373 1276 1233 1287 2413 2379 2402
661 675 683 692 688 619 680 646 652 691 717 674 714 660 654 719 637 621 682 626
2166 2195 2157 2168 2144 2240 2207 2186 2188 2203 2189 2183 2226 2143 2201 2178 2193 2158 2179 2180
2400 2437 2364 1538 2406 2360 2371 1494 2352 1220 1221 1539 1209 2429 1191 1258 1195 1521 1501 1522
1449 1482 1488 1460 1599 1464 2395 1558 2397 1543 1467 1448 2394 1497 1540 1551 1571 1422 1414 1459
378 1768 1785 408 1800 1729 436 1770 1795 1730 523 1721 504 363 1778 1717 422 1772 403 1706
169 242 230 258 231 140 176 254 214 181 164 150 264 132 190 157 204 217 267 184
18 1621 1617 1426 1409 1691 1647 1407 1708 1671 1424 1606 1374 1682 1616 1688 50 1417 1440 1430
1389 1423 1613 1575 1394 27 1392 1441 1414 1616 1457 1403 1393 1410 1605 58 1352 55 40 1609
884 910 846 885 847 904 906 903 940 854 893 924 898 897 917 895 865 952 869 927
334 1730 1656 348 1669 1651 390 329 1737 408 1693 49 389 1717 1725 401 377 40 309 1697
1429 1575 1446 1599 1567 1554 1445 1477 1421 1426 1472 1443 1444 1601 1458 1463 1402 1588 1473 1382
444 1833 548 1830 1737 1880 1846 486 1743 1746 471 1878 1807 1775 1740 1799 1888 1844 1877 525
2340 2368 1494 2372 1256 1498 2415 1167 1278 2337 1226 1543 2321 1161 1151 1175 1265 2401 1141 1532
420 1829 543 472 1844 1780 492 535 1879 1886 1891 1810 530 546 1858 508 550 1873 1813 526
2050 2067 1974 2094 970 2087 2086 2026 2046 2053 979 2051 2099 2068 1973 971 2074 1976 2025 2088
313 326 56 358 311 294 71 284 1699 48 317 359 51 81 65 76 297 73 49 70
401 1758 1777 400 380 494 1717 512 409 509 1802 432 481 473 429 470 376 399 1746 465
325 1710 406 1690 365 352 1684 316 35 393 397 359 342 522 1724 395 1677 389 386 1721
1528 2354 2339 1172 2345 2358 2324 1541 1233 1489 1182 1181 1227 1272 2394 2333 2326 2424 2356 2342
1392 1419 1439 1437 1612 1408 15 24 1431 1455 1418 32 1590 10 1616 1386 1376 1380 1610 1424
1620 1637 1411 29 1435 1672 1674 1601 22 1635 14 1584 1656 21 1589 5 1588 11 1612 1594
1253 2425 1512 2400 1208 2354 1520 2430 2360 2437 2420 1257 1544 2381 1229 2401 1518 2375 1266 1513
1843 1913 1906 1932 1821 1925 463 1828 1862 513 1884 1849 1909 547 550 545 1863 532 1816 1822
2170 2194 2189 2154 2215 2235 2174 2164 2188 2233 2149 2193 2163 2187 2242 2150 2220 2153 2204 2162
2104 2162 2196 2071 2108 2157 2139 2156 2096 2197 2081 2105 2159 2100 2078 2093 2175 2137 2133 2184
869 886 914 879 845 908 873 831 892 860 871 887 867 801 814 882 904 881 825 829
2356 2392 1287 1199 1235 1532 2399 1176 2422 1200 1228 2447 1479 1255 1253 2333 1259 2414 1531 2365
107 131 76 273 99 300 266 86 297 263 169 78 137 77 282 277 159 171 167 255
1458 1591 1576 1622 1553 1567 1460 1601 1402 1472 1473 1440 1444 1572 1414 1634 1617 1606 1563 1578
1984 2039 2040 1963 1977 1967 1964 1951 1952 2070 2021 2064 1972 2020 2050 2017 1987 2025 1954 2065
1380 1394 1398 29 56 45 1374 1363 1397 6 1367 1375 1409 3 42 1368 1400 46 61 20
417 1764 376 429 472 408 468 1772 401 368 1782 1784 479 371 1755 443 397 1807 380 1776
519 1814 561 463 1797 558 1793 1837 1806 1790 462 1798 1847 1812 1826 1762 458 521 1809 1821
636 683 626 662 703 721 704 637 620 699 709 648 627 651 666 674 680 609 676 634
