269 672 622 261 615 708 223 217 249 203 620 207 637 312 298 643 247 310 639 205
380 414 592 729 443 382 710 738 395 556 420 370 396 720 409 713 425 350 416 716
304 319 737 2 326 670 350 587 652 621 327 721 299 624 341 616 312 289 581 643
311 734 714 294 584 738 322 387 581 589 373 650 579 641 8 377 696 624 303 392
25 715 585 3 707 694 620 21 588 370 304 696 365 608 302 76 379 292 13 592
241 665 646 635 328 289 235 631 271 228 698 212 315 210 201 200 224 683 323 300
283 648 620 629 703 655 225 688 669 285 277 249 292 211 617 298 640 635 657 251
610 702 655 638 351 657 616 601 298 707 20 374 592 356 656 627 347 588 306 270
574 735 29 558 390 377 314 10 706 559 358 319 335 3 353 374 343 586 24 328
243 657 602 619 700 615 295 200 677 334 294 241 221 245 199 329 218 671 633 687
584 726 616 315 354 36 736 21 328 615 33 391 702 343 75 330 590 337 621 607
157 182 139 134 133 132 223 155 137 162 141 203 193 145 170 197 131 171 209 147
192 237 663 647 207 268 221 245 225 160 674 636 224 269 206 271 168 205 670 684
623 708 655 594 646 304 287 335 333 351 339 634 301 268 631 327 737 325 654 690
315 352 383 574 365 737 344 695 634 618 310 1 657 570 348 697 662 3 601 380
601 615 649 666 340 596 737 285 616 374 640 702 654 668 584 335 90 574 674 714
579 731 620 704 567 325 600 722 712 372 366 311 334 349 346 374 331 295 18 315
296 735 333 687 271 592 583 315 679 655 617 612 702 697 725 709 4 582 572 375
434 463 420 446 405 503 461 487 445 416 387 478 489 459 492 464 413 515 394 395
352 387 325 331 594 581 701 729 310 391 617 430 349 347 383 395 605 348 609 417
209 228 687 672 654 183 675 202 206 170 256 260 232 243 242 169 683 204 264 201
270 288 690 308 618 255 616 243 623 669 663 699 234 685 325 313 645 668 314 617
152 162 185 148 137 141 122 147 174 184 114 169 118 129 167 140 168 126 133 135
648 690 661 245 618 674 203 306 668 239 253 601 240 297 233 207 267 225 606 650
575 728 314 709 326 617 370 10 386 352 0 23 390 321 379 14 714 6 737 605
281 708 661 247 378 626 638 373 10 258 667 636 267 645 356 271 1 673 298 11
289 691 685 612 726 616 221 303 207 619 234 286 309 724 247 626 682 307 222 690
29 583 612 382 726 71 323 732 585 69 609 384 308 738 319 16 9 567 328 349
323 651 272 687 363 325 661 2 680 320 342 219 303 729 575 641 613 213 249 622
577 729 561 318 328 348 378 569 612 289 554 604 341 358 15 564 719 605 30 357
8 731 43 301 737 33 17 717 30 581 26 40 723 39 329 707 31 612 24 566
331 617 332 337 619 295 586 644 278 739 372 282 585 662 298 638 659 361 10 603
304 586 723 279 5 722 7 704 683 571 344 680 307 19 353 35 625 577 580 641
326 634 288 262 681 649 676 574 580 710 640 2 294 279 346 267 299 291 315 248
583 723 584 387 711 29 731 595 384 311 571 12 391 298 577 1 33 565 74 728
322 647 208 222 204 696 296 220 223 591 588 583 677 332 231 235 239 293 598 651
357 393 713 328 739 382 433 565 595 615 598 729 358 591 428 737 407 443 384 424
530 545 511 551 489 539 529 567 481 518 520 556 486 478 562 538 528 483 533 553
324 609 602 720 615 670 709 586 655 620 303 697 583 88 646 722 739 736 724 630
373 597 377 399 57 322 403 341 21 634 47 58 568 588 626 603 356 10 345 34
457 481 485 496 504 467 466 523 511 531 456 461 463 482 525 514 522 452 477 512
364 562 392 613 368 395 342 347 363 374 359 589 383 554 351 327 702 582 712 326
219 643 227 326 624 598 298 212 686 625 694 316 192 705 658 646 610 616 641 209
323 690 666 663 608 253 729 245 338 3 313 691 659 704 676 363 320 636 697 324
69 583 590 596 327 311 568 82 737 30 333 87 560 379 612 76 49 27 714 567
457 494 497 447 537 443 481 459 544 530 513 495 499 507 541 436 522 543 477 518
290 602 729 257 631 726 0 296 303 39 738 7 23 719 350 374 74 567 329 570
368 609 85 717 379 345 630 72 738 733 78 588 374 367 637 300 652 352 12 632
312 700 615 299 324 728 734 260 317 715 675 269 678 708 603 590 717 8 653 285
603 632 687 77 240 329 711 80 75 738 667 284 712 619 686 719 635 626 372 253
372 572 733 331 610 704 339 349 565 731 720 376 368 387 614 347 551 350 573 607
667 683 661 300 303 642 212 255 284 655 262 318 703 690 320 316 254 627 699 670
282 661 218 299 638 639 226 663 626 321 662 610 220 208 642 316 715 225 199 277
357 389 612 554 729 614 594 438 611 613 417 380 424 379 430 336 428 592 565 378
385 584 738 18 409 334 9 2 407 39 338 393 720 14 581 347 349 365 384 399
220 651 268 675 253 256 226 309 607 325 616 663 621 193 313 692 265 288 236 706
366 605 11 298 642 714 616 350 576 645 708 14 573 629 365 382 588 698 378 722
143 152 151 122 141 142 144 119 114 179 108 161 153 154 110 135 138 107 139 160
473 515 535 442 470 507 503 521 483 508 451 525 469 449 499 439 516 481 524 440
213 676 658 647 273 238 286 208 697 699 638 231 292 300 687 249 644 695 682 253
349 600 314 616 21 606 45 579 578 365 78 335 648 288 351 3 316 79 8 599
299 597 314 10 624 714 375 36 304 594 326 275 337 606 699 74 736 318 362 65
599 726 33 31 716 79 321 323 617 391 636 627 618 70 380 595 373 621 355 288
281 652 294 335 599 245 322 634 223 655 208 717 636 625 620 324 290 317 648 629
18 717 733 39 295 296 596 623 283 612 604 294 70 383 305 286 60 607 1 292
12 600 571 341 604 331 614 2 380 309 8 332 710 637 303 77 581 611 363 639
271 285 698 269 256 254 673 601 246 273 712 270 614 652 308 622 257 707 605 266
404 419 446 372 443 449 445 436 438 375 394 450 435 396 399 405 417 391 388 440
448 493 520 509 407 430 508 535 415 483 522 543 436 403 428 518 541 449 441 410
271 290 665 268 644 601 249 245 328 635 332 319 272 640 305 291 679 240 694 712
575 736 2 351 733 566 338 372 555 584 728 21 359 370 358 573 353 586 379 354
197 216 672 670 236 645 215 663 685 687 201 237 205 262 231 683 207 646 213 674
35 597 71 361 32 723 720 47 590 319 26 73 600 315 304 50 63 55 341 313
349 707 590 600 365 611 689 640 355 732 613 577 721 287 634 281 348 593 623 637
636 687 637 314 207 276 318 685 290 217 702 701 305 272 306 231 283 295 274 634
308 343 289 571 592 696 579 657 658 691 732 281 280 348 600 361 593 690 717 689
392 732 409 304 375 371 607 2 368 324 395 386 0 356 14 567 321 599 377 556
35 587 344 53 312 332 708 354 377 28 585 322 34 10 60 73 0 608 355 71
225 654 284 319 256 305 261 273 312 643 655 274 185 236 199 317 642 245 316 278
620 690 594 638 359 358 291 707 621 598 288 671 301 658 252 583 342 597 216 219
570 604 368 655 711 66 306 713 302 3 618 560 5 714 629 723 635 612 648 367
400 413 431 373 426 432 411 422 436 385 443 440 445 381 374 421 435 369 367 379
296 334 669 596 610 666 289 635 702 672 327 600 602 581 7 677 706 715 629 265
495 512 530 480 483 508 448 529 446 534 510 503 450 533 440 537 499 532 443 486
459 483 438 521 458 493 536 466 439 432 542 503 444 504 535 530 435 470 537 515
276 683 661 272 289 616 710 223 302 262 622 686 684 689 300 206 694 232 266 618
305 611 370 275 712 656 288 309 605 290 683 585 318 80 652 734 334 600 674 584
257 693 282 283 687 214 664 686 262 279 310 319 227 610 682 620 616 234 275 206
404 430 454 459 443 400 453 398 450 427 448 388 457 381 393 413 385 432 396 420
8 39 577 618 739 60 65 63 19 736 584 59 49 619 72 614 77 599 720 61
673 686 317 308 660 316 300 285 681 621 648 687 254 640 671 271 697 206 653 218
690 701 244 342 715 297 710 675 673 634 285 305 629 348 625 314 222 351 225 302
212 239 670 233 186 675 634 221 254 247 677 256 211 215 228 197 189 265 676 276
302 641 230 584 318 612 715 707 211 655 246 261 739 657 617 649 5 321 252 705
422 441 465 423 445 478 410 416 506 428 517 487 433 434 459 515 392 511 468 496
316 344 362 369 286 370 633 375 591 9 367 697 705 657 669 629 694 699 292 310
173 194 181 187 193 154 151 153 199 233 239 236 676 242 226 167 204 176 210 197
237 274 652 199 244 630 219 685 640 621 617 679 246 645 256 275 669 662 272 712
337 601 313 655 633 311 36 720 609 316 706 608 600 631 361 72 66 22 602 71
674 698 313 206 215 624 700 265 639 713 207 226 264 248 286 329 634 229 290 656
473 507 462 486 504 480 450 442 470 468 525 455 471 439 453 488 493 446 521 467
715 737 594 369 597 736 610 312 322 617 24 372 15 374 710 623 382 604 17 320
205 647 335 323 689 278 237 694 260 222 220 209 604 674 660 261 268 644 192 301
334 653 646 355 329 655 264 270 679 696 269 627 281 207 351 225 309 366 209 216
354 586 723 726 330 557 375 32 5 338 714 736 6 26 345 309 722 23 9 0
400 417 391 412 388 398 401 426 380 393 431 386 427 430 447 448 436 404 376 399
407 445 469 461 409 395 410 398 504 416 447 476 443 483 379 380 386 394 460 478
205 258 633 671 231 230 666 210 194 644 225 647 278 232 253 244 171 245 243 209
198 230 225 681 209 654 168 181 184 680 248 218 174 264 262 171 195 244 265 645
627 659 648 262 667 701 278 276 233 236 211 231 606 715 295 314 275 703 691 697
602 636 275 239 28 601 294 716 299 69 277 76 595 623 332 329 684 375 677 570
86 609 75 585 729 278 276 76 354 586 17 723 302 73 19 657 730 575 600 726
31 49 575 1 580 53 597 594 65 61 582 581 720 21 719 589 27 607 3 60
621 641 668 652 650 362 295 288 307 238 302 300 604 226 312 616 244 696 277 647
619 677 710 588 229 633 593 616 294 589 691 700 296 630 668 725 612 349 297 684
306 704 666 9 716 696 269 641 366 581 347 354 683 607 297 646 669 619 737 578
633 689 637 236 243 663 311 640 266 323 622 278 657 701 692 250 277 260 702 647
614 667 355 357 262 587 367 321 589 727 368 633 694 271 254 335 590 721 14 88
611 634 627 312 346 244 661 80 267 725 722 617 269 616 296 265 669 630 5 358
715 734 323 584 620 312 282 2 714 709 294 9 304 569 613 28 12 609 721 572
604 642 75 723 79 310 648 379 641 624 314 583 349 288 571 302 369 266 20 692
460 475 468 515 496 521 485 503 487 479 520 446 458 474 511 431 435 508 519 432
198 216 215 639 243 683 205 648 188 250 214 192 651 219 689 165 230 193 222 227
613 694 265 725 244 321 720 699 325 285 261 717 287 319 308 359 679 7 332 691
291 677 619 665 651 274 279 211 688 305 262 656 329 332 672 725 613 287 626 691
282 617 703 369 638 706 265 687 593 727 723 602 648 672 295 605 278 370 699 365
191 219 644 647 236 260 659 681 665 241 240 262 675 180 250 691 232 667 165 669
360 596 351 605 374 612 575 78 598 358 716 36 591 563 337 21 347 19 731 12
2 329 653 581 366 693 71 53 353 41 657 56 626 43 731 314 321 351 699 309
327 617 305 601 687 303 315 276 701 593 723 367 301 695 9 600 575 290 629 343
219 238 191 630 186 256 212 652 208 239 245 658 251 639 634 204 657 240 243 221
547 553 559 393 529 557 542 374 571 568 380 389 530 523 526 391 383 522 541 514
609 659 369 730 661 713 635 716 22 594 342 363 227 375 350 72 642 584 219 6
495 542 440 449 524 453 452 450 548 522 517 553 497 471 512 565 472 540 563 473
379 582 707 3 406 418 298 615 711 567 15 414 369 597 308 315 714 724 347 603
537 547 556 553 496 559 497 567 508 534 481 479 566 515 546 539 571 491 548 506
384 572 354 577 344 605 421 361 369 408 345 573 566 721 355 415 603 348 731 596
633 690 258 602 294 701 255 297 688 232 682 712 247 276 282 648 238 279 216 316
293 627 713 665 283 317 301 298 278 646 664 337 273 613 318 308 719 244 615 619
236 674 633 310 650 269 223 647 635 217 676 685 191 225 278 314 666 649 306 621
300 592 282 75 8 627 277 36 669 664 273 594 303 19 371 315 74 706 35 607
185 212 652 689 218 207 196 645 683 687 674 204 242 235 691 211 657 681 655 648
621 651 583 584 632 627 238 246 317 233 206 360 688 633 716 596 674 580 367 704
386 417 555 435 586 558 416 345 398 718 413 352 361 372 559 739 441 434 389 397
548 555 532 530 573 516 369 373 544 579 509 382 563 569 513 374 384 567 372 561
10 598 308 312 335 640 736 321 625 298 375 565 563 14 38 305 0 370 293 322
2 314 687 579 5 288 350 321 38 297 650 309 646 303 31 6 638 8 601 284
14 576 721 599 566 3 582 372 366 712 51 569 588 391 614 382 12 23 565 355
332 617 347 722 618 641 339 323 325 295 310 710 649 630 660 307 293 614 608 336
210 666 694 215 327 204 675 177 289 656 268 640 286 277 643 252 186 256 250 178
