341 2177 2160 2005 1996 1932 1988 352 317 385 330 328 2167 2190 2133 396 299 402 2193 1953
1345 1784 1245 1869 1190 1810 1269 1788 1766 1329 1314 1746 1261 1272 1763 1887 1354 1161 1803 1307
17 51 771 774 782 732 675 2245 30 801 775 744 728 99 111 712 81 716 2227 37
732 2280 85 1652 73 60 699 1649 664 779 1648 827 40 2242 45 763 676 2241 869 753
349 381 2142 1991 333 1956 311 347 386 385 304 2172 322 423 310 420 1954 1968 1940 394
1283 1772 1786 1290 1263 1331 1302 1240 1763 1194 1811 1793 1824 1239 1862 1273 1185 1790 1871 1364
29 819 2294 69 747 2263 837 2276 64 674 2269 2260 2 803 35 702 3 807 654 25
682 763 703 731 2282 27 762 48 750 26 777 655 4 82 2243 2219 719 688 2292 668
436 1996 1947 2000 427 392 341 367 1931 1992 434 1939 407 1995 1937 428 1991 2018 335 384
1373 1917 1820 1351 1893 1926 1830 1290 1411 1400 1337 1410 1832 1346 1402 1895 1282 1858 1376 1856
1309 1912 1421 1377 1332 1274 1841 1269 1245 1811 1328 1829 1356 1412 1409 1857 1384 1874 1330 1373
1214 1835 1241 1884 1876 1842 1903 1858 1362 1794 1170 1337 1744 1859 1801 1254 1175 1253 1221 1740
629 666 58 48 657 30 613 612 645 43 42 675 665 47 36 607 38 610 638 681
1950 1974 432 320 387 438 330 1959 360 431 391 443 1934 407 325 399 398 1981 423 442
742 784 9 76 107 788 774 693 662 2262 2291 2254 687 730 706 2268 112 115 14 6
1232 1898 1248 1837 1890 1891 1282 1767 1817 1244 1340 1227 1250 1787 1205 1741 1357 1863 1737 1910
1363 1892 1794 1286 1900 1844 1225 1822 1802 1376 1819 1896 1908 1210 1331 1235 1762 1354 1777 1222
153 255 2186 214 161 126 107 203 175 204 211 2194 2213 205 2188 188 194 239 144 2236
1944 1978 378 372 1992 328 343 353 1937 1973 1993 2007 446 1997 345 430 370 375 434 392
2264 2293 2242 759 777 751 681 786 83 772 793 1645 679 781 125 841 789 690 803 1656
788 2222 175 181 755 16 2260 2284 719 57 715 784 133 51 804 2262 79 69 94 115
106 2267 83 2232 2218 21 92 857 2253 2206 798 765 95 15 846 799 120 786 101 760
1794 1906 1884 1797 1373 1893 1320 1779 1839 1807 1169 1764 1315 1852 1756 1837 1851 1822 1410 1305
1287 1849 1844 1344 1268 1397 1342 1761 1269 1880 1318 1915 1291 1910 1234 1389 1245 1277 1885 1362
331 2182 1954 2181 262 280 316 293 2151 235 374 1975 397 242 1989 294 1961 1959 349 1957
197 2198 177 203 150 189 238 255 202 301 191 246 235 149 164 2237 2246 198 139 290
722 741 720 679 38 68 807 2288 56 785 695 794 2287 699 93 2282 2265 81 786 756
1295 1379 1272 1846 1357 1425 1264 1897 1905 1911 1378 1265 1293 1841 1439 1901 1407 1917 1851 1440
44 719 768 729 686 695 2246 767 766 786 37 2278 735 807 688 701 727 97 677 43
1872 1887 1816 1811 1861 1370 1864 1209 1278 1222 1914 1835 1369 1338 1795 1805 1371 1813 1261 1849
1815 1904 1378 1207 1873 1357 1339 1778 1408 1217 1327 1820 1300 1355 1215 1864 1208 1890 1247 1369
349 2160 389 1987 327 310 317 357 2178 334 1973 2175 1992 421 1933 351 360 1943 2012 420
638 663 687 741 637 612 617 608 610 606 684 677 691 45 665 639 57 742 676 587
260 2181 266 2198 163 2197 2167 2179 282 248 2182 2157 160 225 2176 2216 2218 2213 169 2178
2128 2136 364 335 2150 344 2122 390 2120 432 2143 2118 370 359 2126 398 386 347 434 2010
1285 1370 1883 1395 1815 1845 1384 1915 1830 1879 1306 1843 1389 1823 1846 1334 1341 1375 1831 1764
210 2198 2244 168 147 201 220 2212 287 277 2221 2226 230 290 174 165 145 2201 2188 234
2247 2288 207 734 62 27 2276 783 2271 173 832 74 2281 104 49 2235 2229 795 684 670
1067 1112 1033 1125 1031 1064 1102 1052 1021 1131 1115 1042 1120 1059 1058 1025 1100 1029 1747 1688
1150 1756 1733 1244 1775 1779 1736 1286 1686 1824 1796 1768 1749 1315 1692 1057 1160 1069 1251 1808
75 94 696 2262 729 753 736 2226 2266 106 2261 790 2273 129 22 796 2292 2290 2263 2221
651 672 42 4 759 737 656 2286 669 731 640 734 663 696 757 614 617 26 660 2281
328 1939 410 386 1966 299 2185 309 391 2179 349 419 347 414 1971 369 448 332 2183 1938
1510 1540 1489 1523 1555 1583 1568 1445 1509 1498 1516 1550 1566 1497 1475 1448 1488 1449 1487 1479
1019 1677 1676 1140 1184 1716 1037 1712 1652 1663 1650 1757 1657 1145 961 1010 1724 972 954 1155
680 713 31 695 805 2250 6 2265 60 796 699 86 799 36 42 800 70 761 734 1
826 2273 2277 779 781 2293 840 699 100 2248 21 2295 2242 778 95 848 2238 2234 2236 98
28 807 746 676 732 683 760 49 783 826 687 823 33 675 714 828 36 772 729 788
67 2283 743 722 38 750 770 689 1654 66 838 112 114 2285 739 2219 94 810 102 59
25 2232 146 2276 761 77 35 46 2271 218 685 145 2216 2280 784 785 662 720 721 668
391 424 1930 452 1938 2131 1968 378 357 326 416 1943 456 385 455 454 1957 2003 397 344
547 558 520 518 551 561 605 536 597 586 581 632 602 559 560 544 633 524 579 549
1801 1845 1352 1791 1911 1901 1903 1288 1338 1289 1305 1897 1223 1197 1881 1360 1758 1857 1370 1304
2032 2063 502 447 2077 453 504 2118 2018 2046 2061 479 506 2021 2098 476 496 2109 2069 510
309 1971 402 1934 350 337 283 322 361 353 291 300 2156 336 297 2149 360 386 1979 444
359 2004 1954 2168 347 424 330 2165 365 1931 1924 1965 2017 322 384 1980 354 2007 400 2131
1184 1723 1203 1205 1741 1740 1202 1794 1032 999 1699 1789 1188 1757 1751 1024 1769 1687 1695 1221
409 433 2014 421 2133 2003 389 1994 1946 1981 2139 1993 335 1964 2155 456 2004 391 349 1927
1032 1688 1037 1752 1054 1670 976 1153 1704 1676 984 1076 1739 1043 1738 1036 1709 1168 1118 1714
235 2220 241 175 254 2246 172 269 2221 77 788 54 2206 197 2229 2204 2230 149 2193 2233
2237 2269 202 37 56 815 170 781 50 2212 200 224 733 784 91 197 712 107 808 2233
1323 1905 1778 1404 1855 1408 1402 1255 1834 1334 1328 1781 1400 1376 1333 1853 1394 1251 1327 1828
10 695 85 14 78 2287 70 2274 75 775 39 9 751 2296 62 2270 2233 40 2246 41
171 236 2247 175 2188 230 2206 196 242 135 220 145 217 2239 2185 2215 195 159 238 2209
196 2233 10 23 134 242 66 791 21 192 168 742 54 775 121 161 797 129 62 2208
431 2118 387 385 2016 440 2135 436 438 2133 382 454 2131 1964 1934 1986 1960 409 447 418
2121 2141 393 379 453 2155 2030 2154 2150 448 2032 412 343 2138 428 323 420 370 391 2029
1179 1719 1167 1703 1188 1002 1768 1752 1172 1695 1156 1690 1175 1215 1213 1196 1740 1037 1691 1692
271 310 357 2145 2146 367 2174 275 376 365 281 230 2157 2150 2209 293 1962 1975 328 2191
37 2281 859 1646 2276 2255 757 760 781 870 777 2253 0 794 74 698 54 33 61 856
349 373 420 315 311 2165 329 318 2128 2161 2003 359 1985 347 2150 1945 407 382 1949 389
857 874 848 2294 831 915 2267 2274 866 842 872 870 2288 899 2295 885 860 845 910 906
118 2240 2287 2289 2288 735 105 203 726 724 218 221 2245 125 208 718 753 10 22 693
1517 1545 1507 1491 1542 1565 1521 1451 1490 1547 1551 1515 1454 1476 1563 1549 1548 1501 1569 1538
1614 1626 1601 1586 1661 1600 1637 951 1624 949 1638 960 955 1629 1636 1590 1611 1640 1595 1642
796 2227 171 131 2254 2247 707 756 811 229 2215 117 128 39 743 108 155 127 728 192
212 2235 166 2228 742 712 56 2243 2227 215 197 2273 2206 72 128 224 790 2212 0 196
1712 1752 1321 1011 1226 1071 1796 1305 1695 1246 1793 1259 1141 1029 1311 1178 1069 1015 1144 1325
1551 1583 1575 1529 1564 1567 1510 1589 1594 1577 1530 1587 1517 1481 1506 1482 1520 1576 1479 1535
46 2257 56 738 676 749 2295 2241 742 730 776 2270 59 659 67 713 3 2265 136 660
1342 1765 1737 1777 1239 1904 1348 1181 1795 1286 1829 1148 1870 1859 1900 1874 1281 1750 1248 1810
733 783 2264 23 2268 60 731 2253 726 793 681 3 774 672 136 751 33 52 90 804
1354 1838 1822 1860 1307 1855 1261 1306 1208 1338 1241 1819 1230 1826 1201 1349 1334 1321 1202 1336
1029 1045 1154 1131 1047 1165 1140 1038 1076 1123 1130 1156 1153 1078 1037 1145 1687 1050 1080 1061
148 2248 733 137 2229 741 802 152 2244 164 99 688 2282 796 698 2285 2273 695 126 747
1050 1136 1703 1088 1681 1105 1766 1081 1094 1044 1150 1141 1018 1048 1065 1040 1111 1100 1167 1043
1436 1470 1526 1433 1544 1453 1378 1501 1468 1409 1469 1465 1390 1503 1394 1460 1524 1466 1440 1427
574 600 557 570 619 559 584 615 545 554 586 577 625 551 562 606 563 593 581 571
703 2257 790 2252 46 2255 2235 807 680 710 809 4 93 28 30 104 681 95 2282 24
760 2250 738 43 48 1 94 800 2238 32 786 2261 2257 60 23 2273 795 748 144 74
1272 1863 1227 1759 1829 1206 1299 1323 1341 1359 1374 1795 1329 1891 1892 1771 1344 1837 1204 1371
1834 1889 1895 1216 1229 1820 1360 1867 1267 1777 1273 1871 1195 1280 1915 1802 1239 1805 1202 1898
1367 1393 1826 1825 1863 1844 1380 1323 1378 1318 1894 1909 1914 1454 1433 1441 1796 1839 1301 1374
321 356 2007 1981 2008 285 358 1938 1950 1957 2146 389 1968 1990 395 390 1926 282 319 1943
397 2150 2134 1963 1933 413 2129 2155 350 434 313 425 1967 2163 307 393 332 2008 2003 2157
329 1938 358 327 2144 350 368 376 1939 298 377 357 1980 366 292 419 290 300 1933 392
1371 1901 1853 1241 1403 1899 1377 1904 1383 1251 1806 1881 1798 1791 1865 1782 1291 1915 1328 1298
1263 1303 1838 1755 1782 1328 1754 1846 1274 1763 1842 1875 1793 1829 1293 1785 1362 1871 1226 1283
1261 1870 1830 1219 1810 1218 1897 1361 1898 1238 1304 1353 1779 1231 1894 1233 1345 1806 1347 1893
760 2280 2260 80 677 1650 2254 862 2236 794 781 57 58 2261 77 32 82 1649 733 74
773 2286 119 688 68 129 2283 769 2287 7 720 838 816 742 669 16 739 2291 790 743
190 2233 71 766 191 2291 2214 796 217 151 124 725 2279 246 744 2273 711 213 11 708
1552 1590 1564 1569 1577 1614 1508 1524 1514 1522 1503 922 924 1498 1607 1535 1551 1573 1492 927
1776 1796 1237 1200 1254 1176 1269 1162 1755 1873 1267 1869 1345 1892 1332 1205 1277 1219 1818 1902
1182 1794 1839 1035 1741 1164 1368 1172 1736 1785 1337 1891 1193 1888 1904 1157 1716 1249 1810 1853
263 2184 2165 330 2218 2214 229 325 333 308 2221 277 2201 268 230 228 329 2185 244 166
1155 1215 1844 1879 1177 1058 1169 1771 1184 1870 1738 1031 1820 1053 1140 1142 1703 1699 1843 1164
10 2287 684 729 24 845 71 1638 1636 67 675 854 776 1660 749 1642 812 719 669 6
195 220 2232 245 2193 2208 247 259 262 2195 2205 223 2223 2248 2218 249 221 142 199 224
46 793 658 759 669 31 2267 63 23 784 2232 757 2248 42 773 796 2295 687 698 36
1018 1154 1743 1163 1764 1755 1674 1043 1017 1725 1162 1053 1035 1026 1040 1157 1156 1758 998 992
1678 1693 1728 1057 1668 1179 1173 1672 1163 1011 1126 969 1184 1665 1058 1685 1707 1651 1042 1029
1267 1305 1227 1761 1360 1256 1262 1235 1260 1224 1774 1325 1845 1310 1273 1320 1753 1825 1870 1866
687 754 707 793 766 2285 97 797 87 691 48 2 800 42 74 739 72 84 88 5
298 2156 272 351 281 292 314 334 355 393 333 324 2189 375 363 2167 2145 273 401 2190
1264 1868 1916 1301 1901 1236 1241 1369 1814 1340 1202 1803 1872 1896 1898 1782 1895 1274 1801 1291
390 2153 1926 2167 2142 415 2159 338 1995 2012 315 377 2138 1977 332 407 1938 1963 2131 413
69 739 17 47 105 57 16 2243 61 675 664 2266 2289 740 683 2253 2290 703 732 3
2011 2025 2027 2128 2108 456 431 2001 360 376 1986 2033 446 442 2019 410 1998 1985 2039 345
514 549 2025 2033 2032 629 2014 2019 570 524 610 2112 563 600 468 587 2035 562 505 545
1051 1690 1095 1659 1762 982 1052 1722 1079 1041 1063 1740 1138 1117 1102 1165 985 989 977 1071
187 221 231 250 2195 185 193 2236 205 2212 158 207 257 258 200 243 160 223 225 226
1136 1689 1100 1746 1051 1050 1040 1052 1037 984 1665 1161 972 980 1708 1039 1720 1699 1049 1717
130 2256 50 2212 110 755 2259 2225 42 2210 2272 815 808 162 798 11 785 690 16 43
1306 1852 1860 1796 1879 1756 1294 1841 1848 1817 1246 1909 1798 1352 1826 1759 1362 1906 1369 1905
848 2287 749 782 702 818 817 775 35 2262 117 2258 30 1654 678 872 827 754 707 735
381 2149 392 433 414 378 354 353 1969 430 376 2139 1926 2151 2157 1974 395 1976 424 2170
1228 1766 1796 1291 1273 1835 1861 1803 1737 1281 1747 1873 1774 1199 1338 1213 1287 1811 1239 1285
208 2205 249 189 2238 291 216 146 268 140 265 239 2221 252 181 110 263 2186 2240 288
1179 1221 1774 1181 1021 1246 1174 1692 1256 1237 1740 1817 1725 1712 1868 1034 1799 1867 1812 1263
1550 1558 1500 1571 1539 1560 1580 1575 1511 1530 1547 1576 1488 1484 1473 1601 1541 1504 1568 1507
469 2080 482 2064 2048 483 471 2088 2092 514 2111 2046 493 2028 2054 475 467 461 465 479
2 683 685 655 766 80 679 742 739 5 63 719 24 75 787 703 2256 61 664 688
378 1987 1985 2003 2153 2004 427 1938 331 309 328 383 1962 422 2134 2008 325 438 430 432
49 711 714 2242 2 20 62 98 664 2227 726 783 64 22 2272 8 2231 58 771 106
1188 1204 1732 1832 1746 1727 1172 1788 1753 1202 1180 1823 1865 1875 1864 1193 1723 1726 1173 1801
745 2266 87 739 666 712 6 2227 36 2290 773 2259 2243 830 105 2223 715 2231 700 706
367 397 387 326 419 2151 329 353 439 2136 345 1971 315 311 410 1938 392 356 341 2146
417 2002 1959 359 451 379 413 2132 356 2001 1962 1985 2150 1982 389 345 1945 1937 435 396
1340 1880 1787 1822 1755 1908 1357 1330 1878 1830 1884 1874 1859 1839 1312 1789 1215 1818 1806 1779
1027 1124 1686 1011 1052 1008 1088 1695 1688 1025 1098 1033 1162 1185 1001 1685 1045 1070 1090 1689
351 1948 390 325 1934 1950 1995 1944 2138 330 448 2139 1957 388 440 413 439 1983 417 2151
1154 1172 1075 1717 1217 1191 1776 1177 1709 1017 1780 1205 1712 1729 1206 1046 1786 1147 1685 1714
443 454 2136 431 2125 1951 2103 1970 442 2144 1977 1938 2115 412 1991 405 434 1986 501 471
1345 1837 1767 1335 1859 1279 1347 1882 1330 1875 1863 1900 1912 1794 1827 1211 1226 1239 1321 1236
1225 1793 1239 1243 1865 1265 1890 1816 1229 1338 1766 1210 1835 1749 1875 1277 1283 1768 1737 1908
1766 1846 1241 1181 1848 1884 1833 1169 1297 1329 1048 1028 1277 1292 1260 1800 1851 1820 1812 1313
312 368 271 2150 2188 2183 1998 1981 1978 372 381 2190 279 338 299 378 1965 1977 347 405
2235 2272 675 677 170 107 1655 43 138 118 1639 778 86 117 24 153 2294 152 2286 2262
653 661 619 642 639 652 646 687 738 678 47 670 26 651 663 683 30 29 669 637
