38 932 878 1769 11 1835 1052 1772 286 1846 1706 1693 892 1666 86 1746 1002 936 1763 267
51 938 250 1707 1037 862 42 1003 1834 7 242 1765 1781 17 911 1717 75 1848 38 1695
334 375 302 314 322 325 348 310 384 305 398 371 360 326 353 354 341 315 357 405
50 983 907 854 1852 1853 1807 1005 997 11 919 1040 1028 1778 51 1771 932 1806 19 915
267 1778 16 976 1751 63 1860 1862 876 913 1798 874 900 1014 28 296 248 953 1793 1013
942 972 1691 912 83 978 961 1739 979 995 60 920 964 916 1693 79 884 12 87 941
1239 1267 1323 1217 1288 1316 1196 1273 1341 1297 1264 1348 1299 1353 1191 1310 1329 1201 1237 1326
278 950 28 20 1668 1849 81 1667 1782 888 281 87 284 1004 974 874 1731 303 33 310
306 335 285 323 382 332 271 313 299 329 349 384 356 304 291 352 377 294 289 286
971 1848 1810 1735 981 947 996 276 952 269 1716 1738 216 902 45 1019 1724 250 976 285
257 958 920 1652 1753 962 87 237 865 1692 1648 1727 1815 253 263 868 943 1754 1661 889
981 1042 946 1044 1776 31 1753 1057 1788 1097 1792 80 974 1004 1748 1041 1804 73 11 1054
1159 1194 1232 1174 1181 1233 1241 1126 1163 1170 1165 1186 1225 1227 1124 1166 1140 1167 1117 1121
269 1826 230 863 1748 854 224 895 1745 268 1834 1793 880 932 866 62 1791 126 918 91
876 1718 938 896 278 67 1775 1776 63 921 1785 950 1644 1747 289 1618 1758 904 1738 880
970 1732 93 71 1678 928 901 73 56 1005 1658 1643 910 1766 1668 974 261 92 992 1707
15 949 263 92 1754 72 1797 942 1789 1844 1801 1808 1716 1788 1695 986 989 1752 256 1795
930 1768 270 977 255 21 1832 928 973 958 1723 1700 72 63 258 1672 957 1014 55 1840
905 1743 1807 980 1660 837 972 1797 1695 984 1740 1667 82 89 839 263 58 1712 1711 1
116 146 1824 144 221 176 1860 240 223 196 1817 91 1847 1836 187 127 129 188 233 1812
943 982 251 1843 262 1835 1840 952 1727 1838 1027 26 1816 1744 972 283 1709 1707 4 965
1509 1532 1469 1447 1461 1556 1452 1564 1482 1471 1534 1516 1538 1470 1464 1465 1495 1515 1551 1528
1663 1678 958 1644 1732 1746 1648 1659 970 1646 1724 969 1722 1731 955 1737 959 1703 1612 894
177 198 156 155 174 142 138 133 193 208 134 209 190 176 196 135 194 149 137 219
86 991 951 1047 49 976 1026 1750 5 931 1813 32 4 871 877 30 29 62 1761 872
721 784 723 792 771 815 747 726 734 773 697 779 793 694 737 782 725 809 708 741
866 919 23 1708 988 283 91 61 53 243 1762 887 81 56 46 242 913 260 1818 1760
863 1787 1809 871 58 51 1740 1728 1723 905 1684 866 1707 1789 1799 996 874 1699 66 1777
688 761 754 762 704 770 749 747 748 687 709 680 695 736 779 708 679 723 714 717
1051 1138 1177 1019 1100 1075 1184 1083 1115 1125 1064 1131 1153 1120 1052 1048 1112 1154 1168 1082
1045 1096 1075 1068 1107 1004 982 1067 1128 31 1020 1138 1095 999 1019 1022 1117 1005 24 1088
281 938 1720 968 1852 298 1863 902 1861 1717 64 1776 276 99 1856 316 1823 268 1819 21
959 1740 1660 1745 67 850 49 900 965 5 871 1701 898 1757 1711 35 982 56 1002 1634
1011 1086 1006 979 1128 1013 1109 58 1127 1135 1129 1755 981 1779 81 59 1119 1061 51 1028
39 862 938 40 1862 909 1035 1708 940 83 1714 1849 1707 1853 893 1034 35 1053 1743 872
747 783 805 778 746 767 689 797 748 719 715 727 688 802 682 744 762 809 736 709
724 753 709 697 682 694 721 785 702 761 755 723 760 790 786 780 778 770 722 701
1269 1337 1218 1254 1266 1309 1259 1318 1284 1343 1283 1280 1304 1316 1361 1363 1230 1220 1373 1330
70 265 262 287 996 26 1805 945 42 992 1829 1009 78 74 896 1799 102 918 1740 870
11 992 46 1785 991 912 1821 923 85 82 95 1010 1755 1803 937 51 254 1822 38 896
1689 1721 855 926 1641 1733 1766 869 1648 960 1702 1759 1705 909 1743 1728 1632 1651 1726 954
15 248 1779 73 1817 13 901 71 975 896 986 80 931 14 948 1808 1860 1815 267 88
221 240 269 222 177 1835 1812 103 253 1852 980 193 245 137 110 974 1867 119 235 109
85 1759 1825 948 1709 956 86 1775 1729 47 1019 1813 1703 253 965 46 910 45 55 992
28 909 1715 1731 1865 853 34 1808 1735 1790 987 1004 1741 38 884 1050 270 951 939 80
1252 1279 1266 1225 1243 1294 1215 1292 1323 1297 1258 1217 1310 1263 1286 1288 1304 1222 1261 1241
263 1782 851 970 88 930 1009 1756 869 1840 940 986 1013 65 927 280 860 1027 294 83
930 1726 65 896 1719 1828 1676 1658 23 1686 1832 1745 1697 973 960 1747 90 254 105 1817
274 942 950 934 916 1846 1838 862 21 867 1001 263 870 904 918 83 1822 992 1765 1816
275 314 933 902 283 1854 1776 273 1788 941 1756 335 300 912 862 876 317 1819 1785 247
954 1732 848 820 242 1766 955 258 946 1858 61 77 855 47 949 281 1693 268 41 1825
1319 1364 1271 1312 1383 1274 1342 1389 1240 1314 1263 1380 1378 1393 1362 1260 1363 1269 1333 1245
271 937 1861 73 81 1848 1847 887 260 244 1780 71 239 82 90 868 885 52 251 1818
500 528 546 432 450 564 459 434 463 563 520 566 537 472 464 550 540 483 428 439
49 931 1026 1750 1830 1030 1837 1850 1863 1017 904 1844 98 903 258 1766 1008 951 1693 1753
1390 1400 1379 617 1372 1381 1429 1352 626 1402 1389 1362 1438 1431 1387 1408 1398 1474 1397 1467
563 576 546 601 541 588 523 538 556 595 574 535 602 573 558 529 536 528 589 552
249 1803 73 997 973 76 988 106 1823 923 5 1783 1765 1845 3 945 14 263 6 236
54 999 56 1800 1815 1765 922 968 26 1750 1000 1862 996 1771 1809 1794 73 979 49 933
285 1805 899 939 3 995 93 100 1834 1844 7 306 300 84 868 875 2 76 976 916
850 876 1717 1794 903 282 1798 78 938 1665 1705 1740 1739 277 828 1795 1767 836 82 1680
7 921 1779 1012 1813 285 1026 256 103 1707 903 935 1738 928 916 1713 1747 876 1721 67
255 1807 1769 993 1755 289 1822 1005 1804 67 954 19 966 1008 14 1 12 1838 61 967
1559 1577 1614 1551 1568 1533 1595 1588 1602 1581 1607 1544 1576 1548 1616 1570 1606 1566 1545 1569
1208 1224 1160 1174 1255 1223 1226 1185 1225 1220 1259 1269 1240 1167 1233 1196 1237 1245 1179 1251
888 904 293 1750 1675 1720 80 896 1692 17 45 999 909 66 939 51 29 918 1754 1705
910 952 279 946 942 960 927 273 1850 1831 1740 1735 962 1829 98 864 950 57 1827 25
1764 1790 1762 18 61 53 17 929 1816 1005 930 904 902 861 4 278 42 1018 883 1793
1680 1746 1726 852 1694 1723 933 929 1648 953 831 1674 828 1693 1629 1687 847 840 877 949
1691 1731 1669 1714 1730 872 1736 860 1699 961 856 1672 858 875 904 1653 973 1729 920 1660
437 468 504 414 453 466 461 496 469 418 458 424 464 459 427 491 452 460 432 422
651 675 676 658 656 642 624 643 680 674 688 613 661 640 629 641 682 670 632 659
914 1720 879 69 266 1764 77 279 1827 27 242 1799 1694 987 1733 992 951 1808 67 62
1211 1247 1284 1331 1197 1279 1188 1334 1174 1263 1239 1341 1208 1227 1217 1241 1168 1226 1246 1186
1714 1745 921 1616 961 1694 1687 876 865 996 933 829 878 899 870 1715 992 1677 818 984
1004 1797 1060 248 89 38 1829 1027 61 83 1751 267 1816 976 250 1768 886 4 959 1016
21 1040 1126 989 1123 58 945 947 18 63 1084 1804 13 1010 1124 25 67 928 1780 1114
119 131 1812 245 128 174 89 213 231 117 218 138 149 106 223 95 146 151 134 208
1211 1231 1234 1254 1232 1267 1237 1175 1246 1229 1265 1252 1264 1258 1165 1253 1248 1169 1268 1236
1015 1771 1796 270 1779 1789 1094 1009 30 865 1085 853 1725 49 76 1044 65 1751 1065 265
1376 1403 1394 1378 1353 1461 1404 1446 1365 1407 1377 1385 1445 1486 1326 1413 1318 1399 1387 638
261 874 1732 872 877 1701 1803 1825 865 278 1659 1710 1722 1671 871 1798 282 957 249 1661
650 665 632 629 669 663 686 628 677 668 666 618 652 616 621 672 662 626 685 671
17 1791 960 894 98 1014 70 878 59 1021 1007 949 1775 865 917 984 37 28 1823 259
958 1698 873 1855 1635 1712 900 1700 1669 1839 46 1667 1004 15 1617 869 98 1656 1727 1711
1406 1457 1439 1381 1474 1378 1368 1419 1383 1405 1448 1442 1418 1382 1394 1509 1490 1413 1427 1399
1728 1763 65 900 955 30 897 938 1697 919 89 33 59 1660 893 1704 982 1709 40 859
1460 1526 1406 1525 1546 1488 1431 1491 1487 1469 1471 1497 1518 1513 1407 1540 1524 1490 1502 1413
1255 1349 1224 1242 1260 1334 1245 1328 1379 1285 1378 1293 1277 1282 1371 1216 1237 1227 1283 1287
102 1828 287 3 928 931 1843 1816 237 89 1792 254 957 242 72 0 1814 77 1849 1813
20 981 50 925 1862 39 1752 915 1780 926 982 980 1745 1032 40 999 1044 955 1804 35
906 1731 1690 32 76 72 897 6 1666 873 1725 1736 1712 1750 53 66 848 1646 1668 867
48 915 1804 1863 1843 932 1037 103 65 857 1006 1010 1832 967 1716 962 855 1826 61 1785
84 1823 927 60 1009 111 877 226 974 978 234 83 112 1008 907 287 1867 61 895 942
53 1008 901 1775 977 1005 947 1020 89 79 904 1806 7 913 992 1085 39 858 8 881
1054 1108 1106 1024 1105 1122 1095 1144 1043 1023 1060 35 1092 1111 1153 1157 1128 1151 1090 1142
1418 1462 1506 1390 1446 1387 1440 1477 1476 1484 1412 1436 1386 1497 1379 1417 1445 1458 1451 1422
289 913 1827 929 13 251 40 1724 1802 888 953 276 940 947 285 857 932 859 95 1832
1617 1717 927 1672 1668 1609 1748 1659 879 1716 1762 1663 1619 1711 1634 889 1682 1651 1703 1687
448 484 511 490 506 436 422 450 438 434 435 456 512 442 502 420 446 432 430 413
325 337 319 345 324 322 355 348 284 305 301 364 334 300 289 365 349 362 302 280
348 377 387 319 374 317 396 391 376 316 365 389 375 397 330 400 324 347 373 339
284 892 945 1721 1810 1661 865 1745 866 1816 1652 888 1812 1731 1868 47 1826 1839 927 288
45 70 1043 1777 916 864 1023 1760 1754 1783 78 52 39 856 930 865 23 935 919 972
823 860 1741 256 1740 1706 1767 797 861 1701 71 806 1690 808 872 824 1700 1689 73 801
1101 1137 1090 1044 1148 1097 1123 1098 1088 1073 1099 1168 1152 1082 1151 1027 1052 1029 1171 1144
58 899 93 19 1713 995 1855 1722 1811 1820 1716 911 997 1 1727 1800 902 979 1787 1797
115 224 1823 255 250 86 213 100 107 210 141 1851 245 1826 1816 246 233 102 1866 221
928 967 1750 288 96 291 1000 1691 2 1669 1815 279 1768 4 1690 939 987 93 899 6
33 999 892 1765 1782 9 68 1012 75 1762 968 961 1083 909 1036 11 1781 1846 973 21
629 645 658 597 607 624 612 620 660 664 1385 644 600 671 595 1379 654 605 653 651
9 940 283 923 1748 957 83 1782 981 98 1711 1799 882 1002 29 1006 1014 81 911 1793
250 1798 1007 75 873 937 880 5 1844 263 926 908 918 949 1760 980 1026 1842 93 889
375 386 341 368 390 349 345 369 336 376 328 398 411 389 401 334 358 404 392 331
867 1682 859 33 48 1721 1710 1664 1727 53 1611 29 1734 63 30 280 904 866 81 1739
1622 1656 1587 892 1736 1604 1654 961 1596 1702 1745 1735 888 1677 1692 893 1591 1642 1740 1730
54 1026 899 916 10 1027 1104 930 987 1799 890 1852 61 1849 39 947 1773 878 984 1768
27 923 1698 1703 1825 926 1777 1018 897 960 98 49 956 937 255 1851 882 1051 1836 920
859 1721 1758 890 968 823 858 1764 30 1738 847 1737 38 863 943 1659 49 868 32 938
47 1857 884 132 893 927 117 63 1822 46 133 1762 1866 1002 907 1044 249 131 1819 266
1028 1075 978 10 7 1072 1117 1071 1021 1137 29 1027 1093 1044 1042 1022 1780 1084 1796 1088
1649 1720 886 943 1677 939 1609 928 965 1762 1704 882 1764 905 897 1733 876 1671 1632 930
1049 1126 1108 1004 1159 1165 1013 1174 1046 1011 1123 1167 1136 1040 1135 997 1007 1127 25 1003
1440 1466 1463 1403 1461 1429 1426 1502 1496 1444 1527 1431 1493 1488 1518 1464 1500 1439 1470 1517
246 1864 264 1798 132 36 1804 972 268 21 276 52 125 924 283 1820 930 249 1839 42
1372 1385 1335 1350 1364 1367 1412 625 1321 1415 1332 1384 614 1344 1320 632 1355 1425 1416 1337
286 1869 135 287 917 967 224 18 1864 251 11 321 303 1815 100 244 306 898 906 966
36 924 94 1780 68 969 1027 242 1024 90 58 901 1068 1020 919 81 283 936 1857 896
1064 1112 1136 1156 1050 1149 1138 1034 1121 1038 1105 1072 1158 1076 1063 1028 1036 1110 1119 1026
18 868 1738 957 245 973 4 934 1010 1742 876 264 1672 908 896 1041 1678 53 22 59
1413 1446 1401 1508 1449 1424 1491 1438 1426 1400 1507 1455 1498 1490 1417 1427 1493 1422 1470 1504
632 648 650 674 636 680 649 668 607 675 1388 617 608 1389 603 628 654 1379 638 681
41 895 907 2 1808 1853 1690 927 1689 9 56 941 28 991 1014 1000 893 1038 925 1023
9 999 963 1757 1012 1003 1810 969 949 935 1799 1 59 7 937 1039 1823 1806 35 249
137 178 1864 224 1861 181 149 128 1845 214 1862 176 105 1831 1834 231 1836 147 154 117
953 1835 22 1657 1767 1003 38 74 249 1004 292 98 941 47 69 1845 117 988 887 1704
1455 1498 1414 1465 1452 1448 1466 1402 1413 1454 1428 1521 1405 1427 1415 1399 1457 1403 1423 1401
845 1743 1643 972 828 1653 950 949 1662 979 1693 1699 1775 1685 1647 1710 1769 894 1730 1707
1110 1148 1141 1153 1169 1154 1112 1115 1102 1096 1134 1190 1122 1132 1046 1053 1124 1074 1101 1059
862 1736 825 1704 41 875 1752 80 1717 923 1635 822 1716 852 36 4 865 1722 937 823
1205 1240 1245 1181 1232 1189 1170 1325 1280 1169 1173 1184 1203 1320 1274 1217 1163 1265 1272 1187
999 1822 119 289 955 930 95 12 128 896 1805 1815 45 1015 1749 1819 942 85 991 97
1043 1125 1107 1059 44 49 1117 1143 1111 1153 52 1008 29 1009 1166 18 1056 1106 1162 1116
828 849 840 1756 843 801 48 1721 44 851 1723 1744 46 1759 859 818 1742 1765 1732 1774
232 1858 1820 149 25 259 145 105 20 250 144 268 148 130 1843 264 131 270 964 100
1481 1520 1503 1437 1427 1555 1466 1472 1411 1476 1461 1500 1421 1547 1489 1451 1474 1473 1417 1415
235 244 266 1850 1863 102 14 116 1835 948 259 263 916 1851 105 221 1828 1802 1856 934
1289 1307 1353 1302 1273 1339 1336 1297 1299 1352 1343 1308 1361 1345 1350 1252 1342 1331 1249 1301
1669 1743 1666 894 1761 1765 974 932 835 1655 1618 939 1782 985 948 1662 953 983 1690 847
0 1803 1832 972 1768 1001 871 71 272 28 1802 1000 82 1806 940 1794 1003 1835 20 907
