255 877 844 242 290 278 264 842 279 881 921 253 1239 261 873 852 283 282 244 277
380 934 382 410 872 364 341 923 931 841 833 943 1221 835 355 448 303 356 460 871
592 629 637 611 691 614 71 681 678 583 642 64 28 635 5 44 16 33 574 573
1070 1098 1115 566 675 1137 669 676 1082 1058 1052 1049 1131 1066 1042 1079 1092 1061 1050 1067
1111 1121 564 662 668 615 586 580 1108 567 1147 1160 649 674 653 656 1095 654 684 651
12 48 20 591 635 579 602 0 21 77 16 622 631 15 8 633 36 35 594 596
247 279 913 893 879 872 920 1234 266 303 296 929 244 258 925 840 836 230 855 298
354 828 839 845 811 205 351 215 222 1247 816 854 191 189 334 904 408 382 939 396
332 353 924 914 313 952 336 389 944 825 893 387 840 847 453 309 921 393 851 946
403 1232 335 449 259 411 387 332 433 430 257 269 272 274 925 479 356 473 923 251
814 833 336 828 241 941 223 800 184 869 229 837 141 332 140 145 250 306 328 942
1009 1018 992 1015 998 985 1021 1022 1026 1004 1006 987 1035 1029 1013 1033 1007 1027 1005 1036
351 943 975 837 847 939 848 941 903 1224 1214 858 1216 982 390 959 914 406 347 871
1146 1198 1162 1150 1114 1126 1118 1160 1117 1144 1189 1204 551 1143 1129 1111 1140 1132 1181 553
81 685 109 778 34 616 20 62 1098 84 620 614 584 664 100 594 1110 1106 786 697
262 293 250 837 289 903 880 278 923 1227 908 302 845 314 917 852 1240 258 1234 249
409 437 1231 435 370 411 1235 468 511 384 365 1218 441 463 1239 407 479 380 359 439
32 66 592 626 596 641 594 0 76 86 58 603 605 619 614 1 83 622 640 604
852 892 855 369 877 864 275 279 911 938 889 311 299 365 812 338 313 270 257 888
41 623 77 574 53 666 58 613 685 594 586 697 24 668 694 633 570 57 48 7
347 1223 1235 834 1247 903 1238 376 914 902 930 332 391 359 365 828 871 297 306 461
273 868 289 918 899 274 891 272 349 366 871 1236 343 838 230 337 305 915 936 923
200 806 841 127 142 817 830 131 103 808 152 833 826 117 178 814 144 219 208 172
44 598 688 15 645 629 625 570 657 572 600 623 70 43 698 0 67 22 594 664
447 1225 305 450 438 1229 290 304 344 417 473 317 459 306 409 428 461 493 490 318
250 854 300 885 233 871 814 272 835 286 831 384 243 886 865 929 819 267 853 943
628 651 656 68 682 603 648 37 72 44 789 48 52 602 42 70 581 657 666 589
848 937 253 301 339 916 363 914 959 259 271 855 919 351 376 843 821 965 210 939
11 27 620 63 608 49 593 78 1 583 66 16 614 4 58 590 585 59 18 3
88 689 602 657 625 680 706 652 793 709 646 593 124 718 115 69 787 656 664 75
416 465 454 473 480 507 483 392 440 485 502 517 489 366 1239 424 499 1243 409 463
242 922 316 325 259 309 853 258 928 907 939 821 333 298 286 272 220 250 384 819
274 926 346 1245 373 948 891 958 288 917 944 383 836 951 931 895 247 375 257 939
383 862 453 350 462 246 874 375 457 346 894 225 896 382 935 933 916 331 288 227
384 871 916 368 313 859 403 353 881 886 456 305 308 867 339 361 315 237 382 934
733 774 164 737 714 664 157 171 691 709 723 153 154 787 657 659 160 785 692 757
358 901 241 1217 831 892 377 951 269 258 847 832 376 368 240 289 909 1237 390 325
261 908 318 905 879 919 851 901 276 1236 1227 1238 272 311 906 242 373 916 337 340
354 868 383 318 901 927 855 935 380 253 851 355 922 934 822 271 827 330 875 308
336 830 380 812 375 910 127 922 870 362 950 128 197 945 920 903 307 912 834 1235
265 922 242 366 892 846 877 866 850 1233 358 940 856 284 880 934 844 848 941 291
209 828 346 234 944 242 807 205 311 241 866 949 309 824 184 945 831 815 325 841
164 192 815 174 184 763 163 176 141 205 770 159 116 776 835 137 810 187 843 168
404 916 420 874 1237 896 1233 278 1245 891 901 1234 321 238 1228 1240 441 281 1223 273
615 640 69 590 780 654 573 667 52 639 588 600 579 657 34 586 593 693 76 54
648 697 571 622 702 781 598 580 596 671 604 768 698 784 711 780 669 76 693 635
1145 1185 1189 1121 1126 1154 1130 1120 1153 1191 1152 1132 1171 1167 1184 1202 1150 1144 1200 1179
402 424 415 1217 366 493 444 429 908 352 488 375 911 459 399 383 478 371 423 467
253 287 241 838 262 242 884 1238 243 872 229 233 905 1229 929 1245 852 842 894 928
410 459 440 374 472 482 434 393 432 378 417 1219 1235 1242 423 470 460 1234 431 1239
256 860 836 907 826 305 1237 900 324 839 323 229 1230 882 922 331 314 325 265 334
90 116 100 65 814 706 707 703 105 799 133 806 84 64 99 791 152 199 704 807
430 463 472 502 446 377 482 1226 459 520 1247 442 522 371 427 1223 376 414 514 468
172 776 677 772 680 695 155 715 789 757 146 717 716 134 739 681 159 119 642 137
354 913 365 332 914 282 857 1242 387 269 897 900 830 907 256 331 417 384 346 938
132 180 198 136 833 121 169 146 152 120 796 117 110 141 170 161 122 825 97 193
863 915 319 1240 248 320 262 278 341 870 298 397 373 842 392 325 331 316 920 329
452 480 418 1233 398 370 423 366 485 516 520 488 397 486 1226 424 407 442 454 457
336 930 299 347 871 366 276 379 346 324 1245 927 289 959 304 355 900 864 322 894
949 974 953 967 825 927 939 349 987 935 846 832 847 353 989 343 840 972 937 829
655 1103 623 669 1133 584 779 677 690 569 638 79 1134 589 1072 794 1101 1088 684 557
1094 1115 1068 1120 1073 1064 1101 1128 1075 1147 1081 1114 688 689 1059 1067 1085 1078 1072 1071
600 692 635 623 605 66 71 798 26 655 64 52 588 616 1102 644 673 92 51 625
577 657 590 575 691 672 600 690 631 784 78 599 627 1098 74 641 688 615 639 598
315 851 361 375 870 1247 837 353 330 352 212 326 381 368 342 834 1241 263 890 258
575 630 626 45 42 606 625 610 690 1108 576 580 52 670 554 38 570 574 609 1111
843 947 266 931 340 863 225 251 924 242 983 950 922 852 359 214 312 853 292 254
33 642 630 686 606 72 635 34 571 55 57 591 691 670 621 679 86 778 48 702
285 1236 910 854 480 878 925 281 441 889 276 1228 863 308 307 333 335 469 261 403
235 250 259 881 218 253 877 851 897 210 824 255 286 214 1238 883 293 870 248 880
287 834 949 854 321 947 254 249 858 366 821 857 354 334 239 235 133 896 878 888
638 787 116 666 771 738 774 643 680 586 86 53 589 650 654 671 732 1111 1109 105
571 653 682 683 625 76 655 1102 557 648 585 588 84 698 633 700 658 1128 578 693
618 629 781 569 70 65 61 53 597 35 700 671 74 599 632 609 610 649 681 662
68 634 77 581 600 577 596 663 623 63 667 694 608 673 60 653 20 572 700 591
32 70 589 62 652 77 60 622 641 611 625 79 633 581 0 580 39 582 48 90
245 852 229 937 246 845 267 225 381 924 319 832 898 309 334 945 943 826 322 864
1003 1008 1013 999 977 984 1011 1017 988 1012 1021 976 1016 998 982 1020 996 992 1004 989
353 844 335 836 247 838 902 370 229 907 272 382 301 826 263 319 268 367 278 924
201 826 139 849 120 336 819 144 238 824 210 183 142 948 821 200 358 223 845 245
1101 1128 1086 1089 562 573 1122 1121 1108 691 1077 1096 1088 1079 673 1132 1110 1063 1054 659
452 1235 917 448 468 311 380 372 342 1234 518 322 265 250 464 486 263 1238 357 391
689 1094 638 599 1099 664 647 1132 1075 710 785 704 798 690 1124 789 1133 1077 1101 784
1148 1189 1205 1153 1152 1140 1188 1144 1194 1112 1149 1183 1190 1123 1146 1134 1177 1162 1118 1185
342 923 904 942 397 868 901 929 237 936 852 316 306 250 396 249 935 823 376 242
388 916 324 333 861 1239 251 368 867 345 389 246 881 375 285 925 339 342 894 463
366 390 469 459 357 411 358 1245 934 932 829 431 341 842 412 941 410 856 354 840
573 594 682 685 675 1105 5 565 63 621 602 9 593 1099 604 614 677 1113 8 1089
730 778 801 689 780 731 741 662 727 798 681 641 803 86 162 617 634 699 608 657
255 897 861 913 844 894 1241 864 878 311 914 924 235 319 1229 902 337 1234 298 849
353 360 860 348 335 908 911 907 934 1213 831 840 349 836 408 370 858 391 837 398
241 845 915 229 301 336 850 338 894 212 292 373 382 852 868 363 921 225 822 249
57 89 591 79 601 635 691 62 713 698 100 604 108 612 29 588 30 590 2 83
471 511 452 461 428 431 444 1237 1235 439 475 413 524 467 483 1226 492 504 519 507
885 920 354 879 850 390 313 1244 298 370 886 939 872 295 338 1231 336 369 358 273
360 908 374 845 314 920 837 337 357 867 310 952 266 263 932 344 950 453 846 342
379 845 197 409 410 464 270 820 363 284 946 461 310 405 422 810 909 917 1221 408
35 591 14 623 672 589 78 628 571 679 667 601 634 18 613 60 676 569 2 32
370 410 430 914 1234 445 428 364 1235 872 350 849 458 426 348 940 920 455 359 935
1068 1104 1086 1045 683 1138 651 1049 1120 1079 688 1101 568 1089 1065 667 678 1054 681 1124
279 891 265 856 267 862 869 246 899 877 275 850 313 914 1240 918 864 295 892 848
110 714 136 719 690 745 728 671 684 152 674 134 144 741 700 103 775 720 138 696
380 416 482 424 868 854 461 458 405 350 456 905 847 383 438 448 360 930 385 920
414 1236 299 269 911 415 307 272 379 900 1245 319 421 1243 1240 1233 1247 478 380 271
94 109 786 132 144 140 795 787 60 141 794 129 89 702 783 713 107 146 780 808
245 845 871 329 886 946 377 847 244 892 305 303 259 235 898 313 890 848 241 938
272 903 268 915 925 361 310 897 327 848 849 334 913 889 383 275 920 884 874 358
461 486 391 402 441 506 392 388 439 387 517 492 1230 424 520 467 1232 512 525 495
957 978 984 992 971 961 991 983 935 990 953 925 1005 943 999 355 946 358 942 997
357 914 349 925 322 868 904 878 1240 258 861 402 408 353 927 264 389 1238 943 1243
186 214 156 138 812 833 175 820 236 818 821 849 119 188 127 834 139 194 181 841
1185 1197 1198 1134 1145 1164 1190 1200 1166 1195 557 1191 1183 1196 1160 1203 1133 1165 1175 1159
62 75 19 7 0 73 616 607 40 24 603 623 87 620 645 21 76 17 94 649
166 753 707 176 735 181 167 122 124 739 161 768 180 177 729 129 187 738 784 150
340 1217 333 942 911 401 382 845 386 1235 351 1214 357 362 835 823 921 925 312 330
607 678 640 610 588 52 648 702 1100 686 654 709 1110 677 658 569 1112 30 777 622
210 234 122 217 827 824 243 132 841 208 127 806 836 224 211 840 236 250 829 818
288 1230 853 328 473 832 867 420 322 267 304 929 250 916 915 913 869 890 1247 265
192 212 194 213 839 232 176 132 850 183 160 808 810 216 142 169 235 191 803 830
320 902 309 862 242 1241 293 243 375 312 891 244 317 269 259 399 905 897 850 377
305 843 260 1241 367 932 345 918 306 1222 835 927 1223 364 940 205 899 298 359 309
200 807 229 795 234 145 822 118 146 114 816 144 192 828 177 128 796 137 223 838
592 686 612 599 61 645 714 565 1110 55 614 689 45 32 65 611 777 628 693 591
135 831 842 865 373 321 171 237 927 850 225 202 176 331 206 863 950 943 323 361
60 86 108 115 620 79 8 630 599 634 787 619 594 697 641 715 713 118 607 792
112 134 187 174 192 89 807 834 815 133 167 115 161 120 197 81 91 148 177 168
396 419 1247 447 339 424 441 356 913 377 1220 359 466 904 901 372 395 1218 461 382
664 788 97 79 651 784 81 623 648 608 695 578 737 74 642 107 772 645 76 108
364 460 372 379 407 832 361 1227 945 352 430 854 930 498 433 505 426 869 1220 439
967 976 954 929 933 974 938 986 996 969 932 981 955 952 957 943 956 987 998 937
158 185 765 148 151 123 780 814 177 819 802 807 115 112 766 761 116 118 167 120
738 789 761 86 687 794 778 663 672 711 746 709 726 792 754 648 689 140 774 77
156 782 779 683 700 635 111 59 735 697 699 742 81 711 160 121 138 90 150 676
243 284 863 854 1234 232 245 835 224 914 252 293 861 846 257 268 905 834 822 1227
129 154 175 179 94 121 770 113 833 177 158 162 210 136 134 822 170 111 829 828
712 732 790 755 689 669 710 87 700 769 764 757 92 799 86 99 774 800 804 736
275 1231 852 906 246 331 1223 863 1227 327 313 483 469 283 287 1234 465 307 455 917
200 818 214 232 941 831 808 196 802 849 235 176 820 199 124 223 843 854 855 821
550 559 564 571 572 556 532 1110 1198 545 533 1203 534 530 546 570 543 574 529 1200
696 714 614 738 787 596 89 797 669 771 585 742 784 598 770 718 103 582 88 791
577 1109 587 576 662 661 1127 1093 1085 643 1137 1107 692 1146 664 696 580 579 645 605
699 724 658 748 730 773 732 716 599 584 741 653 802 600 782 96 88 651 804 733
736 752 706 700 740 794 745 771 798 716 729 799 724 705 766 738 731 782 717 718
1141 1189 1153 1205 1177 1107 1149 1129 1168 1170 1130 1117 1131 1123 1095 1191 1110 1120 1139 1111
261 838 356 815 281 924 235 853 820 937 866 329 243 258 872 1236 298 260 219 905
234 265 851 879 927 301 245 815 820 270 272 235 892 261 912 246 214 279 872 271
708 780 57 802 635 101 648 172 94 665 92 646 97 149 804 148 670 150 160 771
38 634 59 647 695 778 644 681 646 650 8 596 589 53 51 602 615 605 625 665
568 585 659 684 12 562 1087 578 644 581 663 624 594 623 1118 598 1095 1088 654 570
748 763 722 714 712 750 765 703 776 744 739 150 738 734 157 736 149 769 775 770
