110 155 95 147 167 151 758 109 818 769 62 4 770 206 187 156 181 172 756 308
624 640 677 562 639 569 600 669 668 646 625 612 611 577 654 563 589 652 560 644
466 517 423 509 553 432 557 450 418 437 530 552 285 496 445 300 556 298 574 525
690 723 704 653 689 672 734 743 705 695 692 656 655 670 726 671 702 717 719 667
32 83 742 127 106 1 102 136 769 52 111 107 802 815 81 28 813 7 759 752
463 486 596 572 278 501 485 431 563 518 562 511 435 582 581 559 547 280 514 517
146 201 224 236 356 287 198 160 154 306 166 252 268 333 337 358 148 117 202 247
254 390 174 344 318 419 242 417 312 266 340 349 460 200 211 181 314 428 229 286
189 248 316 177 251 371 258 119 398 400 343 262 406 255 134 185 284 224 250 340
61 111 113 156 146 76 776 103 793 102 769 74 37 754 761 173 73 160 79 800
384 440 536 531 467 403 517 419 316 451 527 436 247 429 192 232 452 489 297 209
277 347 317 166 196 344 422 235 450 265 331 222 289 351 168 461 356 442 220 435
254 461 310 328 295 424 177 560 548 176 272 178 219 435 507 521 189 231 343 341
287 446 322 331 250 244 506 396 473 177 388 363 245 208 255 209 303 522 453 405
283 368 219 345 466 395 341 215 323 207 248 329 437 443 363 438 231 313 162 425
554 621 591 551 620 507 518 468 487 570 458 495 586 560 607 572 513 589 563 475
454 511 440 415 530 535 257 477 588 516 484 466 557 564 531 303 567 565 299 431
12 75 24 782 801 4 815 756 25 783 47 813 54 9 80 87 818 84 804 92
255 441 223 391 326 282 404 442 415 206 488 523 213 429 426 356 348 486 314 302
329 349 233 411 336 217 370 289 199 353 343 425 295 282 184 331 302 228 413 288
263 397 255 400 367 212 297 268 182 295 460 459 304 378 184 256 264 322 171 403
93 737 92 782 60 123 117 762 751 715 81 801 818 16 137 136 786 82 810 707
220 334 302 211 262 407 242 173 365 402 243 276 213 272 398 269 291 265 145 349
307 390 200 247 345 311 176 441 132 222 329 190 230 324 326 203 293 375 280 362
215 256 270 418 327 384 216 332 386 261 312 363 269 430 419 362 461 334 153 445
213 295 294 273 170 141 322 458 447 467 313 440 475 285 224 459 362 279 463 324
279 332 185 392 324 323 360 338 227 462 253 391 211 422 266 433 259 282 389 247
212 229 241 182 246 172 390 189 397 232 358 138 296 278 280 411 342 301 170 325
454 572 315 455 589 309 251 453 269 562 527 625 588 481 603 508 265 577 591 530
289 344 336 168 325 297 210 321 460 378 314 369 342 366 270 382 166 459 228 282
332 400 326 170 266 427 288 244 214 220 226 165 285 298 282 210 328 178 355 181
262 287 204 236 259 385 286 231 291 253 281 362 353 187 222 155 381 343 237 325
80 729 49 20 783 19 105 55 101 811 693 698 113 749 797 46 71 799 782 744
461 511 265 541 421 473 490 255 470 596 545 256 267 604 582 472 478 579 559 527
673 691 706 732 693 681 635 738 742 735 723 704 637 710 690 667 718 686 641 678
467 482 491 539 270 466 576 537 465 442 304 581 281 422 268 536 519 297 459 552
108 756 81 82 145 72 734 768 789 64 164 802 796 66 136 76 147 805 774 139
435 472 548 516 302 447 466 445 556 568 500 439 247 486 541 258 387 230 529 385
262 277 239 454 312 400 194 404 225 394 328 465 233 257 164 343 221 245 448 399
235 430 429 205 425 299 195 482 176 183 483 319 381 469 354 294 184 398 175 366
754 786 124 814 129 56 104 793 115 94 796 15 744 741 779 4 751 699 799 75
469 483 297 558 428 588 526 504 301 420 562 604 583 599 450 603 441 601 565 597
319 412 310 152 441 386 445 459 422 269 390 170 241 340 345 383 202 381 334 366
399 445 304 237 327 505 244 261 291 555 563 481 268 270 354 374 397 283 507 344
484 550 444 584 593 548 542 556 580 605 579 521 501 490 487 573 554 460 486 471
340 423 223 221 366 339 190 352 289 409 303 458 256 387 355 209 421 349 322 326
103 770 777 749 747 806 85 161 92 766 808 802 97 795 89 774 786 760 112 810
53 796 48 740 13 810 768 769 52 51 791 758 83 40 767 739 26 780 89 765
275 468 290 573 347 227 535 517 223 374 334 532 432 403 302 382 363 329 423 471
70 110 810 753 812 96 745 152 737 734 748 46 106 168 767 811 780 109 163 818
163 198 164 325 137 196 357 114 227 255 161 280 214 295 185 103 331 248 104 240
71 759 8 22 811 749 731 36 792 43 106 27 94 793 83 125 799 49 804 729
57 94 109 733 142 153 9 30 42 806 110 136 750 49 802 35 61 72 75 773
295 337 466 465 182 340 286 435 170 199 433 348 402 166 165 297 152 306 352 255
212 311 140 243 227 253 287 223 433 424 191 432 285 155 394 384 467 323 447 441
453 537 461 530 539 526 452 284 501 295 313 578 375 476 434 592 429 495 611 432
585 617 577 555 468 609 511 551 593 531 629 597 483 481 480 624 535 652 646 579
705 723 707 726 692 753 677 693 742 744 671 720 739 701 727 729 733 721 703 750
558 614 490 481 565 598 651 483 618 608 592 514 509 597 642 463 643 563 475 622
559 620 581 556 641 634 518 514 498 622 574 611 553 600 549 554 452 560 603 572
391 422 316 282 234 364 470 246 278 367 228 370 315 387 464 451 471 235 334 289
188 311 385 155 168 379 179 389 246 153 432 378 299 305 427 191 203 200 467 220
317 423 132 322 379 361 369 461 377 289 160 442 166 264 252 449 404 135 358 316
74 796 762 127 739 27 732 786 769 797 114 783 759 75 18 53 56 777 82 49
172 247 397 184 121 422 309 275 442 296 124 236 127 353 302 139 406 282 191 338
231 275 330 359 258 339 264 212 241 180 301 293 172 378 171 341 198 467 453 414
313 437 128 329 162 494 472 439 277 432 522 423 469 336 309 434 455 274 139 176
12 94 767 141 121 794 69 92 145 768 802 758 743 749 150 28 67 152 735 95
373 445 488 427 203 263 213 524 451 423 257 174 307 412 532 491 494 375 480 513
461 493 534 426 559 555 539 436 417 566 593 600 604 557 535 479 480 300 552 584
314 347 189 174 388 442 158 427 284 463 195 317 259 293 403 201 306 315 379 437
631 651 666 621 664 611 608 679 648 603 670 593 663 599 605 692 633 613 627 662
96 755 85 48 780 792 812 805 125 6 101 8 774 4 122 84 102 745 124 13
296 359 468 413 370 261 313 456 327 366 214 144 161 207 388 293 228 459 470 405
153 186 257 357 124 249 290 133 317 185 123 260 190 362 104 227 169 269 300 221
308 470 385 338 463 284 347 484 547 143 149 518 366 212 123 335 454 191 141 266
298 377 266 168 175 467 455 247 302 386 409 308 171 434 454 200 343 447 157 445
396 428 357 492 444 469 327 291 465 381 237 451 439 338 246 329 387 226 335 372
151 173 101 106 295 284 286 167 262 240 230 120 184 234 118 288 148 248 117 126
12 782 90 786 78 44 114 66 804 129 1 11 747 46 809 8 113 758 130 121
257 296 225 394 364 370 328 420 348 349 261 167 265 431 255 321 215 179 353 393
774 806 77 3 65 114 120 83 118 810 7 27 763 783 128 48 71 765 744 80
232 286 355 260 340 282 364 220 472 356 271 259 446 314 272 359 476 264 233 413
204 347 372 264 306 174 334 351 136 393 416 150 407 342 237 421 276 280 284 337
441 527 270 466 579 313 529 403 279 316 371 295 369 474 459 299 415 596 584 607
652 690 680 714 618 717 702 718 724 722 676 738 685 616 636 656 716 637 709 712
199 277 264 184 325 391 291 213 419 246 131 144 262 436 271 219 381 212 282 284
189 327 298 348 279 319 150 121 235 309 123 374 379 292 244 192 178 273 145 227
447 520 294 379 603 311 374 497 295 376 373 421 249 573 593 448 473 559 310 298
209 341 154 189 141 366 198 201 175 211 231 272 258 331 210 139 187 284 302 285
335 406 441 359 195 264 272 278 277 420 190 249 233 205 349 399 234 284 325 346
119 793 766 160 154 48 149 744 765 83 64 742 105 73 87 148 50 143 184 95
309 421 279 363 446 269 172 300 433 188 458 450 185 135 318 306 253 191 249 455
507 605 540 617 513 440 451 634 583 457 604 559 483 606 512 627 472 613 614 523
522 602 580 582 591 521 636 515 536 433 452 546 445 620 565 553 526 524 471 597
279 318 211 386 421 357 467 138 259 205 430 182 437 440 162 164 257 150 170 220
132 205 85 175 180 376 393 89 141 240 96 201 147 162 172 95 248 199 357 156
619 644 592 665 674 604 636 557 602 622 673 547 590 582 620 672 587 663 621 605
482 513 542 496 599 488 581 485 455 457 567 560 512 546 467 449 442 494 588 529
305 348 268 327 375 165 149 355 439 395 309 248 273 281 256 366 167 406 144 405
305 335 133 162 209 455 386 390 432 462 291 187 442 164 178 255 379 415 175 251
214 378 151 163 176 149 423 448 224 290 267 406 394 275 367 411 312 313 302 363
552 589 610 537 474 486 587 583 446 503 606 504 570 602 523 585 536 613 469 591
271 298 248 426 259 247 251 378 262 295 240 373 382 444 461 363 410 195 268 151
71 803 735 813 740 38 127 45 21 91 808 796 123 83 15 129 744 806 775 121
164 199 294 158 129 134 359 328 208 350 269 182 331 286 289 367 165 232 385 284
173 269 118 222 179 126 227 404 360 433 211 186 215 347 445 343 397 197 149 307
335 353 320 418 406 250 262 401 263 316 200 175 321 376 165 411 369 296 414 388
691 704 754 734 692 722 667 673 711 707 679 665 750 733 662 717 685 727 687 732
374 398 227 182 408 181 269 179 218 271 446 287 435 392 185 273 402 362 378 307
573 621 560 597 585 632 643 484 496 610 523 639 654 520 449 448 518 532 471 500
157 292 211 287 102 395 127 460 261 241 314 170 173 200 210 130 475 182 453 364
87 130 755 109 810 806 69 174 774 94 205 809 90 765 808 768 733 139 189 108
720 735 743 755 687 751 82 698 691 92 690 709 738 723 80 732 727 722 77 101
169 217 167 218 197 241 301 315 313 343 182 220 345 299 215 424 165 425 381 360
52 69 39 100 88 753 29 757 115 810 77 103 787 792 78 35 101 34 105 49
72 801 104 810 778 77 787 8 125 84 27 86 126 110 54 742 736 49 115 733
153 172 330 294 168 320 222 335 211 275 220 288 273 311 213 160 325 322 128 148
3 117 769 99 54 51 87 156 92 170 793 174 145 143 178 67 85 776 184 176
253 448 259 340 413 438 345 578 219 515 540 400 314 273 261 296 570 232 187 557
394 449 434 276 432 502 360 255 227 387 407 485 564 269 222 395 377 403 257 317
255 326 231 262 418 168 265 346 313 293 194 398 362 309 399 404 464 172 167 292
416 453 508 241 577 428 336 488 265 417 410 526 327 550 314 375 475 302 383 381
440 549 296 597 374 279 610 417 594 611 601 495 284 525 506 385 445 538 293 280
216 394 267 334 427 161 265 430 180 200 251 189 209 218 319 439 433 385 230 238
258 451 496 266 225 520 182 321 178 452 277 394 221 351 447 571 397 278 309 203
448 502 552 397 270 257 508 298 504 398 565 550 514 563 374 386 272 599 271 261
317 345 374 274 193 214 401 236 254 141 230 437 200 387 180 246 349 386 130 227
194 223 126 363 306 127 294 166 163 293 431 145 333 206 193 160 219 187 267 210
173 278 370 413 390 229 186 193 168 192 222 255 395 200 288 364 137 251 467 241
633 656 672 596 609 654 666 616 681 597 669 665 671 634 661 614 637 700 594 650
261 320 198 172 375 410 430 292 308 409 400 279 208 216 403 368 170 282 185 194
324 402 430 291 228 351 262 294 261 344 370 208 200 364 160 180 323 277 156 296
187 263 191 299 439 445 249 236 214 314 267 463 324 148 174 150 398 370 379 296
324 358 334 272 374 267 362 172 220 254 322 349 173 213 316 215 364 399 183 338
270 431 339 226 454 483 228 202 313 437 354 366 330 323 479 365 244 207 322 271
396 435 225 471 278 426 530 314 505 311 219 419 376 534 292 362 240 531 231 251
54 94 0 135 152 61 149 810 146 99 125 740 802 72 22 39 774 739 73 764
141 164 188 229 228 218 191 284 301 222 286 304 111 175 317 212 285 109 289 296
516 582 472 597 608 470 581 599 547 571 548 497 542 512 513 448 623 488 533 443
454 563 516 284 537 298 543 573 255 260 530 446 379 546 485 595 538 617 282 494
335 373 189 416 434 284 188 216 313 228 283 180 227 300 420 166 446 251 183 419
212 237 268 169 189 230 194 184 377 176 252 378 248 263 338 148 312 211 440 386
196 322 342 275 353 411 350 363 149 257 388 137 434 139 133 214 340 370 327 420
146 305 376 226 131 356 312 301 246 158 362 182 138 437 234 175 475 354 420 323
59 85 793 762 759 1 51 818 755 777 788 746 16 732 28 97 729 115 116 29
438 490 377 445 540 527 261 496 402 298 254 235 464 280 308 484 553 316 404 589
134 190 305 362 158 276 336 274 318 230 247 292 216 82 254 330 264 110 229 261
140 302 354 213 418 198 106 94 223 386 297 168 455 145 342 116 150 303 136 298
645 664 619 646 686 621 653 692 691 613 670 683 701 674 620 696 676 699 705 671
