21 158 183 43 144 121 1106 1114 174 1076 177 152 27 6 23 136 1079 1049 24 1103
765 779 780 761 688 559 601 445 597 577 436 738 635 734 713 729 469 426 662 768
438 580 476 760 778 394 571 443 544 776 594 738 596 431 559 424 416 528 357 743
415 508 353 576 340 457 409 566 583 539 469 444 429 347 392 352 525 489 454 564
101 118 1102 1084 14 229 117 108 239 116 82 59 44 98 148 1086 176 1108 132 1114
357 409 526 456 756 339 541 564 558 355 246 423 366 383 336 376 516 487 568 545
420 583 418 581 373 365 596 441 553 503 525 377 571 769 506 484 508 586 426 391
608 792 621 573 587 667 773 771 574 776 796 570 645 700 690 798 777 598 683 695
275 309 339 234 288 291 186 313 284 296 326 348 358 333 294 265 266 352 302 197
12 19 132 57 1095 134 119 66 1062 30 1112 47 144 27 67 135 152 181 174 28
827 879 926 684 954 904 916 644 655 665 948 797 944 886 909 798 905 654 677 856
192 199 74 189 241 168 242 174 298 278 1085 240 267 254 135 265 76 61 149 283
961 993 941 922 1000 950 908 976 1014 1025 966 900 912 935 894 940 897 1024 1007 947
441 562 735 521 518 421 411 516 584 429 391 406 754 531 600 545 482 452 490 767
729 741 579 561 544 527 592 598 550 748 590 413 739 410 566 529 419 584 563 731
241 254 113 246 104 191 385 308 334 125 111 207 369 194 110 266 106 386 285 215
233 241 102 211 284 99 222 83 224 267 269 259 303 201 93 345 265 234 188 196
599 739 765 726 479 464 609 728 751 545 712 623 738 628 723 527 526 708 443 610
164 1078 57 370 54 131 61 1080 178 1063 1071 175 1096 115 29 1053 1090 150 162 55
382 518 566 573 337 461 259 512 424 463 530 368 541 256 393 516 391 399 457 523
64 1085 1093 1065 125 70 200 79 152 1081 84 69 179 1 97 10 201 144 153 102
447 562 467 601 568 547 490 386 535 362 349 560 453 460 518 370 774 374 572 409
240 289 309 279 310 197 202 331 246 199 317 280 208 106 323 262 247 244 327 207
429 580 400 527 406 347 398 504 568 740 570 493 417 540 585 605 469 380 450 514
384 447 439 761 474 424 559 400 428 491 445 553 522 496 540 409 340 511 356 255
4 70 1088 62 1105 67 108 1114 51 122 57 1100 11 1071 59 41 1107 213 112 21
87 212 292 314 243 295 230 116 201 65 52 81 240 94 204 193 205 76 70 115
196 287 105 79 197 330 217 73 69 1102 349 202 54 1093 309 244 67 351 348 123
608 795 461 776 593 826 759 663 755 685 673 654 594 686 462 655 690 460 439 595
414 513 755 545 525 383 489 518 341 357 344 511 377 442 467 348 445 440 480 743
539 763 397 727 427 468 541 718 451 359 611 405 700 714 416 619 495 612 621 610
32 128 1 1101 1075 197 134 133 1044 5 198 193 45 126 38 110 1079 144 40 1099
449 544 457 376 572 551 409 535 559 385 500 756 512 344 737 615 732 567 378 608
258 362 243 332 322 435 239 240 408 284 419 392 558 344 124 555 194 513 244 127
593 742 445 539 467 459 596 595 591 707 477 570 727 417 550 532 447 431 567 422
180 264 167 258 395 248 391 53 295 292 270 107 118 330 125 19 1082 1106 1099 52
288 336 252 197 234 281 270 323 322 196 385 235 297 424 415 426 333 386 404 264
595 741 720 544 570 568 608 736 473 602 627 632 768 416 564 729 599 440 747 774
922 988 1012 1002 1014 898 967 911 893 977 880 1006 931 925 980 996 1005 896 963 968
67 95 101 50 53 46 1093 215 209 41 229 188 204 221 1094 100 115 203 211 227
430 537 741 361 362 525 356 449 563 558 583 401 508 748 443 559 405 515 745 501
540 763 399 479 510 590 466 474 477 439 380 589 383 401 464 538 731 566 606 749
860 871 886 850 980 949 878 827 970 957 945 951 833 804 937 885 835 939 975 829
205 301 214 218 289 70 63 217 114 273 102 254 286 105 211 297 118 83 337 112
370 424 549 468 594 403 398 435 158 558 252 583 410 563 163 168 509 365 166 162
134 150 109 45 1078 177 40 1071 1103 166 25 10 1067 125 191 1097 37 1111 1096 183
375 503 269 411 389 372 551 332 470 521 486 261 525 343 507 520 418 435 404 436
570 740 532 568 744 374 541 370 573 605 433 707 419 776 747 386 709 474 746 565
600 767 763 562 636 462 621 693 736 790 724 791 444 582 452 566 553 623 695 429
464 528 560 598 340 356 493 583 529 344 348 554 411 552 426 463 373 768 739 361
594 781 646 578 779 591 665 649 560 659 804 429 743 553 660 565 576 765 803 572
567 775 462 456 709 693 373 692 691 468 630 453 528 758 745 572 441 437 421 404
582 747 405 718 777 543 403 589 769 419 406 755 408 565 559 753 430 528 706 481
622 796 621 718 656 779 665 810 764 803 791 789 797 823 712 689 716 666 637 672
342 400 525 515 754 562 487 751 550 375 259 240 371 358 290 387 395 327 479 266
418 511 569 543 422 482 367 340 359 352 504 465 577 351 500 558 417 544 396 498
221 302 104 219 253 262 237 288 275 193 82 199 276 89 224 201 73 227 103 312
395 429 572 382 526 533 563 748 753 596 535 397 745 427 490 262 754 534 545 760
421 529 370 587 360 742 765 396 527 388 466 749 483 342 407 364 440 552 371 545
331 341 366 354 458 262 287 277 420 414 314 276 402 417 418 324 269 267 460 408
275 292 279 296 307 322 255 311 293 198 237 318 319 372 267 239 306 210 347 242
893 1003 993 1023 920 932 947 873 887 1013 964 896 1031 1042 895 1036 878 885 1026 1040
402 569 547 494 507 499 539 374 510 469 351 537 765 498 434 439 582 418 761 575
489 741 528 531 762 597 776 588 421 583 739 471 703 367 428 574 521 385 416 417
465 512 475 413 346 414 581 594 479 502 386 503 517 580 547 595 410 500 744 583
940 1011 943 898 979 950 891 1030 948 1009 1014 1025 937 893 993 911 990 882 928 913
908 1006 970 975 931 1019 964 1049 1010 967 878 1027 997 919 875 994 877 1039 905 890
454 478 494 465 736 446 511 391 588 355 500 426 362 456 603 464 420 422 600 753
872 885 879 855 970 825 1008 947 927 936 955 894 804 898 826 857 864 1004 844 943
699 709 599 773 668 657 758 602 813 708 694 767 646 753 783 743 714 739 790 750
996 1031 976 1009 1030 941 949 1045 929 975 1020 965 927 1034 994 890 878 986 1024 1027
71 1087 1075 1066 1107 220 184 21 49 140 188 44 212 1 122 1096 216 114 180 4
241 266 331 297 213 358 356 203 122 338 103 292 396 211 116 255 224 212 359 355
460 598 765 452 615 619 382 360 583 446 416 750 399 422 590 757 785 639 633 368
383 420 533 389 548 568 264 443 522 749 456 457 538 333 263 530 338 573 381 581
329 341 359 238 267 351 269 276 353 265 401 424 245 412 422 304 285 236 282 251
290 334 348 308 248 197 273 206 331 342 387 325 226 299 235 347 367 343 242 361
883 897 992 950 1008 981 949 878 990 879 1017 991 1024 939 931 963 908 930 869 877
652 787 802 595 659 792 696 635 623 655 808 628 807 799 674 603 633 820 707 690
541 569 399 571 435 392 457 520 487 560 455 398 412 599 411 529 737 488 441 563
358 413 486 426 330 745 329 342 546 335 423 525 328 456 497 528 382 527 368 432
670 794 689 780 811 779 819 710 818 680 617 648 785 683 679 826 775 629 799 791
464 491 560 604 543 474 763 593 541 369 569 492 488 753 372 411 341 362 767 423
268 404 261 755 370 462 441 474 180 552 341 537 572 437 324 362 397 387 128 466
453 552 388 561 490 757 565 440 603 447 604 450 562 367 741 498 594 406 379 610
14 29 169 63 1061 1056 0 135 20 1103 1082 15 58 130 1106 128 64 30 1058 131
53 75 92 89 1114 1068 195 94 200 189 187 227 218 204 25 1100 56 1110 1105 1090
405 580 417 362 559 748 413 533 455 745 619 418 375 754 342 611 613 757 574 558
620 767 653 678 456 563 737 570 786 732 546 738 612 598 575 759 633 549 680 439
732 745 527 557 742 526 718 577 721 415 546 470 774 544 607 417 422 464 752 398
576 609 410 748 796 552 464 624 601 639 652 793 798 473 629 407 738 391 423 413
419 740 509 341 717 586 499 442 519 427 415 506 488 725 549 505 454 534 444 417
437 477 537 734 565 750 479 581 464 552 353 357 434 600 482 517 531 459 611 398
434 545 487 763 737 436 421 606 766 479 541 370 499 353 469 760 752 371 398 757
62 189 264 154 1112 39 149 162 172 98 261 53 198 265 1110 54 44 6 139 171
427 574 358 601 356 525 746 605 488 529 442 357 347 481 371 739 575 510 365 502
906 931 1005 1012 969 917 881 1019 883 985 928 726 995 1000 962 1022 1002 954 898 903
900 962 1019 926 986 885 886 923 959 967 909 970 1014 877 875 984 988 912 937 1004
999 1010 1028 977 927 938 902 955 1016 953 1038 1012 920 1047 887 943 1014 918 956 982
1091 1107 123 1063 150 1078 175 1065 57 190 1069 1085 1094 104 40 36 67 1076 64 5
3 33 60 68 115 127 20 29 1101 148 8 1054 108 134 1 46 163 1099 53 110
536 758 753 754 437 368 504 387 699 557 511 563 423 389 371 718 773 697 410 530
1073 1087 64 1091 1 1052 1099 1109 1082 1071 1076 169 60 1060 2 173 72 121 168 142
592 737 765 548 625 768 581 468 602 775 444 706 757 443 720 560 696 701 439 761
383 463 762 405 351 426 568 573 555 419 560 513 358 394 581 543 606 758 583 376
13 1056 30 1034 1057 1114 1032 132 1077 19 20 130 1 120 9 2 1104 1019 34 1029
707 774 564 731 442 715 712 753 765 597 778 693 769 764 735 692 754 586 756 595
924 1011 967 959 975 931 926 1031 1043 1039 1053 968 1046 886 964 962 1029 1025 893 1048
174 1085 146 63 65 60 176 1084 1073 1104 1065 129 1100 191 1089 130 1097 189 51 105
884 1013 1052 937 908 888 992 966 931 887 923 898 934 982 984 936 920 928 1002 991
413 758 453 538 420 753 505 355 378 571 383 406 763 445 451 568 545 746 384 598
18 60 103 1104 108 187 43 59 125 123 111 140 1051 73 190 1063 1 42 75 175
321 330 285 342 307 323 353 373 252 211 358 242 295 355 319 348 268 366 264 223
37 1107 1060 185 1092 1090 141 49 126 156 47 190 170 1111 168 42 27 13 119 1085
642 823 649 667 878 822 786 870 808 784 854 686 869 783 663 863 867 837 856 843
680 788 607 617 648 663 615 695 685 595 780 698 700 687 694 664 672 610 641 782
972 1011 897 924 1046 937 918 1026 883 900 1037 877 879 898 916 956 880 998 1028 997
375 504 262 547 419 561 476 259 370 463 163 346 434 548 507 256 488 421 426 390
110 202 280 70 82 57 178 4 134 67 201 79 129 304 230 244 226 235 296 3
35 41 42 28 156 183 176 8 1087 1049 1072 11 20 26 14 1046 48 1055 1089 152
368 488 513 522 333 338 503 405 512 265 494 379 524 271 458 262 499 569 552 446
694 789 773 673 705 777 798 721 646 664 808 723 788 667 680 634 706 650 629 819
657 820 853 677 836 856 810 672 815 688 638 811 698 861 779 608 787 848 842 665
448 535 519 372 447 537 368 606 542 347 346 352 737 478 470 376 355 345 767 763
665 810 819 783 691 673 693 821 629 780 787 624 683 680 672 633 813 838 824 615
230 241 253 105 88 342 112 338 319 261 256 89 240 202 267 265 197 226 333 244
173 1094 188 75 124 61 1088 79 192 3 126 42 1093 70 142 143 103 12 1074 7
130 1082 152 114 192 18 1092 1109 159 199 156 64 42 1094 20 1070 1107 115 2 145
660 811 867 816 866 804 810 808 689 619 677 821 798 643 671 657 865 787 680 783
248 332 257 263 267 253 246 317 376 289 274 294 269 324 236 377 379 378 243 369
168 372 469 446 1080 257 410 330 1103 157 353 531 513 565 366 485 263 123 566 271
343 380 366 384 540 420 513 382 162 496 428 572 250 401 468 282 422 288 573 252
579 771 735 698 708 597 595 746 606 408 567 754 587 545 737 702 744 749 577 403
271 332 320 283 347 188 345 383 343 122 281 302 257 380 356 323 398 185 121 306
412 573 454 373 339 768 376 744 524 772 591 540 545 428 509 340 515 765 467 507
632 689 691 654 707 770 604 808 812 811 818 683 825 676 669 801 779 673 806 661
883 1004 986 1010 979 991 1001 879 992 994 1023 905 997 964 1044 926 1037 1043 939 921
977 992 902 1015 937 876 973 872 952 948 949 1001 1007 944 930 914 882 958 1004 1006
405 490 533 451 538 265 364 557 462 525 387 426 561 569 555 753 375 748 517 429
341 411 256 266 296 240 289 354 462 508 584 493 435 401 287 406 396 359 378 282
273 324 335 186 337 248 194 188 238 190 314 325 262 288 340 269 260 329 294 353
356 557 550 442 542 748 766 566 343 767 382 441 401 515 751 358 599 533 252 580
139 1073 183 27 140 1 1078 1086 1085 1113 1059 155 1051 131 171 15 9 192 1079 1111
404 743 532 727 380 269 355 548 484 576 419 602 580 588 517 482 416 700 702 267
365 421 406 266 474 501 549 765 562 493 577 532 440 431 332 268 401 555 418 404
587 617 692 691 464 760 766 642 774 648 759 574 793 576 470 463 800 619 630 740
246 265 381 359 286 179 405 298 248 194 279 350 398 320 339 280 397 336 366 291
113 133 164 137 211 178 198 209 28 95 191 251 1073 127 55 10 126 177 12 1072
332 348 244 258 345 294 314 242 466 303 399 287 270 352 458 289 313 239 431 275
891 988 923 932 1004 962 965 879 918 912 998 971 920 940 990 966 1013 995 987 936
