184 225 4166 4341 236 4134 270 4452 4132 4123 4308 118 4244 4264 257 269 4436 4350 4272 4133
237 4350 4157 4422 251 228 294 293 4167 316 4151 235 265 216 255 4146 195 468 4330 141
4285 4326 364 4371 469 4241 4356 4294 176 485 4448 261 4392 473 487 268 4329 4302 4237 160
4336 4357 4417 4394 4403 333 362 4339 194 4389 231 4324 282 234 4369 349 201 4383 4405 4291
341 4397 234 4413 4384 75 482 4254 325 4326 270 4295 4287 4363 4162 4360 219 361 264 4271
1855 1948 2109 1774 2073 2236 2020 2025 1767 2070 1978 1934 2046 1981 2234 1753 2177 1956 1865 1980
3907 3917 4056 3928 3856 4064 3898 3869 3887 4057 3936 4073 3920 3935 3923 3886 3860 3938 4070 3941
1751 1875 1971 2006 1827 1735 1953 1717 2054 1825 1770 1870 1826 2084 1962 1960 2080 2055 1916 1978
381 4310 407 399 4425 4255 133 4169 4421 4331 369 4158 192 4338 471 452 4217 173 367 4442
1920 1946 2203 2224 1910 2234 2077 2070 1914 1838 2025 2016 2099 1963 1883 2181 2211 2072 2096 2079
1135 1497 1009 1495 1181 1130 1641 1069 934 969 1597 1047 1637 1253 1611 1531 952 1471 1197 1079
1082 1524 918 1550 1588 721 929 841 707 963 1043 1620 1596 1174 930 1025 703 1097 1104 1509
3237 3299 3454 3387 3239 3401 3364 3095 3113 3209 3251 3201 3085 3369 3428 3423 3311 3416 3303 3203
785 1533 1505 693 654 1478 625 1576 1501 643 1539 1500 828 1503 755 642 767 903 793 765
813 1495 1052 959 778 1593 1547 943 1005 1127 1066 990 1622 1036 863 996 1101 812 1476 1001
2734 2780 2773 2663 2826 2566 2822 2581 2684 2671 2753 2696 2622 2573 2503 2715 2853 2556 2572 2751
3160 3203 3099 3088 3161 3131 3245 3168 3108 3207 3208 3252 3092 3199 3078 3237 3192 3077 3079 3188
2482 2524 2446 2783 2548 2802 2464 2812 2792 2444 2453 2442 2522 2504 2552 2526 2535 2502 2767 2467
3268 3396 3466 3444 3380 3313 3412 3373 3467 3377 3119 3235 3424 3356 3464 3436 3448 3280 3455 3105
1268 1371 1412 1278 1323 1030 1217 1347 1327 1181 1335 1177 1373 1436 1153 1369 1264 1272 1276 1366
3241 3320 3357 3448 3398 3409 3069 3194 3386 3377 3366 3383 3202 3247 3348 3291 3381 3420 3120 3413
3865 3909 3829 3906 3848 3929 3879 3839 3838 3813 3898 3890 3928 3945 3861 3863 3935 3941 3853 3895
3407 3497 3286 3489 3270 3528 3557 3369 3435 3565 3239 3590 3446 3213 3371 3247 3301 3387 3214 3357
3030 3086 2919 3052 3070 3077 3006 3123 3229 3034 3028 3107 3329 2896 3128 3032 3095 3067 3103 3049
246 4330 225 404 4319 257 303 4288 4234 4416 4438 4231 300 212 353 4260 4293 4326 208 309
1002 1475 1615 1173 993 1653 1428 990 969 1463 1224 1635 1099 1590 1661 1618 874 1656 1431 1162
1159 1209 1189 1314 1131 1153 1312 1272 1259 1486 1213 1126 1378 1421 1367 1113 1134 1426 1221 1338
3298 3414 3471 3370 3326 3398 3276 3299 3284 3264 3219 3357 3318 3468 3466 3295 3274 3376 3419 3355
2630 2673 2562 2920 2718 2727 2753 2741 2674 2720 2772 2701 2606 2911 2749 2801 2595 2704 2722 2716
1528 1601 711 1459 876 798 1534 1129 882 775 866 829 1476 1452 1473 1571 640 1543 776 920
496 4235 4310 4275 581 4424 4429 577 310 559 4225 397 4182 468 4284 113 476 473 367 460
1888 2005 1970 2209 2219 1937 2086 2170 1982 1805 1852 1949 1766 1769 1804 2087 1926 2202 2113 2231
414 486 304 4218 4327 305 4211 4276 564 4439 4294 4203 4240 393 362 261 265 536 358 568
2042 2110 1872 2095 2058 1964 2070 1903 2180 1978 2237 1921 2085 2210 2025 2033 1917 2104 1837 1846
1890 2040 1897 1919 1788 1874 2127 2161 1929 1844 2022 1835 2075 1808 2171 1911 2032 1992 2187 2099
2499 2809 2772 2889 2802 2559 2555 2537 2455 2521 2479 2505 2750 2756 2754 2854 2630 2636 2654 2840
1936 2097 2166 2182 2016 2131 1838 2195 1852 1928 2199 2020 2207 2217 1893 1985 1854 1881 2202 1917
828 1493 686 899 1062 856 1142 907 955 1641 900 800 1072 1030 1475 1489 827 1642 1536 1130
3096 3244 3348 3225 3041 3316 3028 3294 3379 3118 3437 3251 3215 3299 3104 3034 3404 3423 3428 3060
76 4200 402 390 106 411 24 4221 128 4199 41 416 94 10 504 117 108 84 4174 434
3428 3558 3586 3484 3234 3589 3364 3259 3409 3371 3503 3568 3402 3244 3478 3526 3522 3365 3466 3240
438 4216 471 4172 86 4215 4272 508 38 4287 498 4317 513 4181 4205 4282 4278 505 4320 497
1995 2056 2219 2214 1931 1911 2068 2138 2091 2144 2141 1935 1899 2001 2190 2108 2006 2212 2237 1845
379 428 4217 4198 464 482 4221 4235 429 4282 4303 4228 380 363 393 4445 4206 459 4422 424
437 484 405 4220 272 351 4308 318 4187 4321 4317 488 387 4426 359 4221 4314 251 372 234
1205 1448 1154 1216 1064 1098 1161 1221 1399 1363 1070 1087 1348 1113 1173 1139 1068 1031 1190 1159
2226 2282 2350 1943 2059 2245 2272 2057 2214 2248 2403 1914 2201 2343 1907 2257 2410 2192 1916 1896
3675 3731 3702 3716 3687 3787 3759 3789 3684 3784 3646 3735 3681 3670 3649 3663 3669 3713 3771 3680
2521 2827 2515 2569 2591 2791 2630 2551 2824 2900 2508 2458 2893 2902 2499 2624 2567 2907 2496 2868
3138 3223 3382 3182 3159 3378 3160 3074 3287 3472 3407 3143 3198 3376 3296 3268 3150 3131 3073 3218
1380 1675 1716 1265 1677 1284 1660 1443 1692 1683 1686 1639 1446 1274 1663 1218 1638 1616 1462 1717
375 4216 485 4277 4274 372 4162 4308 458 472 112 423 4319 34 4250 30 374 4444 4442 120
817 865 815 854 805 1594 779 842 825 696 851 807 1504 914 857 1593 773 808 1474 792
3227 3437 3420 3538 3569 3447 3418 3506 3535 3403 3452 3551 3121 3555 3383 3472 3552 3466 3504 3270
758 774 1544 775 751 695 782 1528 708 699 739 738 727 1551 803 821 694 741 788 819
931 1509 963 1544 814 1496 1018 1040 797 890 1623 1631 976 880 969 1501 1089 881 1635 1478
1100 1611 1127 1592 1466 1430 1477 1641 1143 1448 1166 1130 1091 1520 1170 1145 1491 1432 1613 1175
3220 3452 3107 3421 3094 3385 3455 3366 3089 3119 3584 3238 3127 3530 3592 3255 3228 3297 3254 3390
1976 2060 2121 1923 2041 2220 2181 1943 2134 1824 2233 2213 1920 2102 1864 2076 2062 2080 1960 1890
1965 2212 2176 2178 2253 1976 2087 2235 2266 2053 1972 1884 1967 2091 2010 1862 2187 1880 2019 1951
321 342 266 4444 4450 4389 4346 356 293 4259 4300 456 4234 4265 480 482 4291 478 4386 4345
403 450 337 4442 354 282 271 330 505 524 525 4192 4151 285 452 439 381 296 4275 4201
475 4243 4237 331 24 242 517 4218 456 4441 499 4266 526 4269 4171 311 4295 4423 223 4205
275 4239 407 436 4267 142 4184 433 299 397 508 4390 4206 4389 113 4234 2 310 452 4405
810 908 807 780 1058 1005 846 895 1498 940 838 1476 935 1492 945 825 1004 822 966 953
326 4174 499 349 267 4283 4152 332 4166 51 4443 100 330 250 4228 405 488 496 422 4158
4182 4203 4243 364 101 509 367 4230 4240 4159 99 4205 4156 1 10 472 4181 42 4199 348
642 703 745 612 616 678 770 736 702 627 625 719 680 1526 776 679 666 699 1540 677
1169 1415 1687 1386 1490 1383 1451 1482 1126 1377 1282 1287 1118 1227 1137 1292 1634 1177 1102 1135
1666 1711 1698 1392 1703 1675 1668 1620 1696 1709 1394 1398 1424 1400 1407 1615 1653 1744 1255 1457
3511 3575 3653 3592 3542 3538 3594 3574 3625 3541 3616 3584 3508 3635 3434 3539 3498 3617 3629 3548
1368 1411 1348 1469 1635 1192 1355 1667 1344 1157 1387 1253 1231 1414 1461 1357 1223 1299 1456 1336
1817 2069 2058 1924 2054 2213 1866 2135 2018 1970 1978 1965 1952 2093 1791 1861 1803 1784 1904 2189
2642 2905 3016 2803 2639 2902 2683 2907 2677 2918 2956 2927 2583 2933 2898 3028 2876 2850 2765 3043
1427 1457 1279 1690 1196 1411 1685 1228 1104 1120 1218 1409 1294 1270 993 992 1438 1412 1643 1234
75 4396 320 261 323 348 12 4416 108 264 124 240 4199 1 226 26 298 4340 104 344
389 4195 6 440 2 362 5 422 454 462 39 425 97 4318 10 4225 447 487 51 434
2637 2910 2661 2804 2954 2662 2621 2904 2757 2611 2869 3056 2753 2893 2835 3053 2884 2596 2913 2801
469 4195 465 466 348 394 437 4269 29 4413 310 282 470 78 378 279 4201 4196 4317 4209
2069 2162 2125 2186 1849 1938 2201 1996 1957 1932 2123 1966 2215 1889 2150 1820 2058 1878 2086 2063
20 4167 241 387 4151 112 461 338 72 262 284 341 10 347 353 308 34 471 331 4213
1256 1420 1261 1693 1662 1135 1646 1348 1622 1680 1683 1159 1381 1195 1279 1717 1297 1429 1416 1205
2615 2792 2644 2611 2567 2750 2827 2818 2505 2561 2683 2883 2613 2856 2677 2495 2830 2621 2558 2915
1473 1603 1168 924 1658 1238 1449 1502 1648 1192 905 1055 1229 1182 953 1586 908 950 1414 1490
2592 2800 2785 2783 2798 2857 2639 2784 2676 2876 2915 2597 2854 2601 2502 2603 2773 2861 2543 2769
253 4345 296 285 339 245 295 4333 236 356 294 316 278 195 306 4429 267 208 4330 4148
3219 3469 3586 3561 3224 3402 3252 3521 3596 3362 3587 3566 3128 3283 3068 3365 3268 3277 3064 3420
1862 2220 1835 1827 1917 2241 1819 2034 1840 1749 1988 1944 2277 2178 2012 2008 1966 2246 1753 2091
2443 2476 2401 2516 2402 2458 2487 2504 2411 2399 2817 2837 2835 2826 2462 2492 2830 2488 2464 2470
437 473 4214 4257 4291 460 303 4449 4423 4439 250 511 265 4216 246 4296 260 498 381 4446
456 530 4250 361 4182 591 297 4309 4176 576 4209 453 4214 4163 452 485 4252 497 476 4312
2611 2826 2828 2517 2659 2523 2482 2751 2747 2471 2519 2890 2918 2786 2613 2769 2765 2804 2745 2635
2591 2821 2797 2669 2603 2869 2637 2565 2546 2853 2501 2640 2633 2635 2884 2605 2842 2579 2490 2751
3948 3968 3917 3920 3934 3929 4014 3957 4054 3979 3962 4065 3940 3960 3946 4011 3921 4070 3973 3999
284 334 4236 4243 243 4269 368 4182 4149 227 4341 482 4252 4246 363 4405 488 370 4300 4257
1185 1311 1357 1271 1464 1239 1198 1306 1434 1133 1477 1199 1429 1351 1358 1383 1153 1443 1447 1149
1014 1068 1058 1090 1442 1491 974 1042 957 990 949 1514 970 910 912 1046 1498 959 1291 1288
3901 3915 3899 3871 3944 3940 3946 3846 3883 3875 3925 3850 3859 3935 3936 3853 3912 3888 3941 3923
2053 2167 2118 1872 2120 2014 2197 1830 1875 1897 2055 2028 1879 2111 2046 1999 2049 2097 1941 2061
513 543 595 574 4217 583 443 462 4295 4440 568 534 4442 561 4303 4304 4235 519 616 4297
1242 1384 1226 1449 1708 1461 1408 1725 1319 1374 1438 1356 1228 1327 1284 1476 1289 1664 1353 1457
1909 2220 1812 2022 2190 2089 1866 1961 1916 1941 2278 2164 1905 1831 1801 2264 2127 1940 2182 1764
2644 2782 2633 2823 2725 2643 2816 2723 2647 2589 2748 2528 2571 2660 2667 2693 2621 2739 2544 2809
2359 2427 2273 2341 2365 2439 2306 2348 2367 2395 2443 2301 2326 2316 2456 2336 2444 2295 2303 2453
2343 2411 2304 2337 2347 2452 2375 2372 2288 2389 2255 2322 2311 2262 2331 2340 2253 2353 2366 2348
220 4144 4168 4353 4145 371 4197 4207 383 4151 378 282 170 144 226 4337 174 4272 4418 239
2576 2802 2797 2619 2741 2739 2823 2793 2746 2568 2670 2587 2627 2743 2807 2511 2541 2781 2766 2605
1004 1513 1097 1500 1457 830 965 1595 812 781 953 791 793 1063 981 815 1066 1071 839 1100
920 1497 1466 981 829 1081 1109 848 1617 905 1124 1550 1599 880 991 847 1637 1016 1583 912
952 990 996 902 956 915 1070 1525 912 931 903 984 1519 1078 1046 914 1008 991 1043 1512
439 506 4279 4300 550 386 4267 409 4227 591 4269 4308 4286 513 399 4168 474 581 4264 480
3072 3337 3089 3325 3299 3038 3087 3298 3099 3104 3109 3132 3330 3269 3108 3051 3239 3128 3232 3286
1866 1946 2103 1776 1868 2106 1969 2110 1997 2105 1985 2080 1932 1821 1897 2115 2060 2054 1840 1816
1941 2233 2221 1960 2054 1922 2213 1853 2182 1845 2306 1854 2104 2120 1959 1997 1929 2291 2127 2064
1015 1506 1457 1478 984 846 1571 1112 972 933 1541 831 1625 836 977 929 1117 1090 922 1048
2160 2183 1943 1894 2086 2083 2147 2158 2072 2220 2149 1961 1910 2145 2075 2152 2082 1912 2030 2057
874 1481 839 1528 1517 1625 828 1479 869 925 920 1440 1223 995 989 932 881 1656 1494 1249
334 4247 336 213 4177 4186 492 353 217 385 295 414 270 449 4254 4276 139 127 131 4267
290 361 295 4158 392 266 4339 430 382 209 4394 358 447 495 4216 224 4285 381 246 4232
4315 4417 150 4415 136 187 223 139 4309 4329 4306 4310 178 4318 4384 4282 442 114 4338 4301
1106 1449 1053 1513 1052 1519 1667 1178 1127 1648 1405 1198 1469 1228 1486 1611 1074 1364 1188 1080
812 1500 1532 893 1471 1472 1009 691 1053 846 1586 1581 1022 911 890 1028 995 1098 1091 1465
2518 2543 2537 2582 2553 2488 2595 2487 2519 2768 2477 2502 2510 2831 2828 2825 2826 2561 2563 2764
250 4263 118 347 401 4145 4149 466 236 4200 445 159 486 300 356 4310 4203 339 124 345
118 4241 344 189 235 4206 4401 171 33 23 4399 334 4164 405 4232 4256 76 4207 51 270
2664 2760 2626 2805 2633 2593 2739 2608 2679 2574 2683 2564 2642 2570 2612 2735 2808 2822 2587 2750
1252 1429 1219 1207 1378 1360 1613 1404 1325 1222 1223 1263 1672 1143 1074 1377 1142 1225 1643 1689
3502 3583 3428 3454 3575 3456 3644 3437 3533 3471 3578 3600 3586 3431 3570 3544 3597 3603 3507 3599
306 4148 248 295 4258 454 4252 359 268 484 485 4173 4450 417 4283 130 273 4282 4233 387
947 997 1487 907 1013 898 909 1485 928 977 930 1504 893 1061 557 933 879 553 937 886
724 1524 1090 1081 939 813 696 656 977 761 643 1479 669 1546 1498 1084 759 950 839 736
3817 3849 3883 3868 3775 3865 3900 3748 3761 3844 3818 3811 3810 3882 3776 3816 3755 3752 3850 3770
123 4247 492 402 388 518 377 4223 166 255 65 510 4310 409 319 304 164 129 92 25
1137 1204 1501 1461 1250 1372 1495 1356 1357 1153 1081 1603 1480 1272 1616 1646 1366 1332 1224 1079
1925 2068 2113 1937 2213 2224 2238 2167 2121 2165 2093 2161 1932 2034 2082 1876 1811 2116 1856 2008
2047 2203 1876 1913 1910 2075 1830 2153 2169 1895 1850 2244 1870 1883 1861 2039 1878 2249 2204 1900
332 4172 36 4393 4203 4149 92 20 10 432 4198 4178 4235 484 508 4294 4162 407 451 49
285 4246 347 140 4406 4260 218 240 427 4393 3 142 267 4278 200 130 199 4151 319 4255
434 469 242 4237 490 332 481 418 379 352 247 4267 363 4433 4252 316 272 4210 4223 320
396 4448 4413 252 592 304 4234 578 372 480 163 284 4185 452 250 205 4429 555 311 150
467 4154 27 176 0 128 438 509 4277 4286 367 126 355 221 466 195 231 445 294 4216
394 4287 4182 132 438 313 4418 4181 4259 523 4237 144 158 4436 4199 524 4159 238 273 296
47 4204 4193 4197 4166 20 473 453 52 86 6 464 4219 139 4224 4237 457 4147 442 129
1230 1442 1450 1254 1282 1484 1315 1406 1346 1428 1176 1633 1661 1602 1626 1689 1615 1418 1425 1376
2348 2427 2447 2432 2284 2464 2317 2419 2402 2316 2264 2451 2465 2273 2404 2413 2462 2409 2307 2473
839 1510 1488 1573 1040 1498 842 1570 1005 964 1127 1062 1601 1526 1627 950 982 942 1557 1625
515 596 447 487 612 4206 4295 4446 479 4425 4287 4240 4222 4450 4200 538 627 503 607 475
22 4212 4276 452 78 92 431 56 17 4156 4214 472 4192 70 502 442 4172 428 59 4234
3478 3594 3598 3597 3584 3436 3549 3409 3393 3419 3574 3492 3572 3440 3513 3391 3575 3493 3650 3411
152 220 4163 4343 196 288 4130 4140 4247 4246 139 238 4 4422 154 298 4263 4436 100 4241
