660 672 526 590 668 652 559 528 566 501 498 497 644 514 604 636 562 522 567 558
551 646 599 609 502 613 524 522 498 548 580 521 616 558 629 664 662 420 561 547
424 539 415 385 477 443 511 457 449 517 377 570 605 640 552 549 518 436 541 500
1296 1305 1281 1290 1278 1292 1331 1328 1311 1268 1309 1317 1304 1293 1303 1312 1323 1276 1329 1320
296 309 271 361 326 342 330 310 245 229 291 297 319 306 237 221 280 328 349 317
9 52 957 68 1016 1027 74 1007 1024 55 937 954 58 1015 72 7 992 10 22 1014
1942 1956 1901 1986 1969 1959 1952 1904 1997 1936 1972 1940 1911 1906 1920 1980 1954 1981 1957 1937
182 193 199 234 150 163 176 201 1107 159 1094 223 185 146 249 246 188 145 1108 153
280 333 247 292 365 290 296 304 338 294 258 305 320 229 347 354 277 364 283 371
538 568 653 642 612 650 404 535 426 635 570 441 370 463 599 523 529 361 608 598
1075 1166 1145 1155 2236 1065 120 1080 164 138 2247 1174 135 132 102 177 141 1172 117 154
1082 1101 209 110 181 183 194 113 1081 1102 158 1163 135 200 1125 160 111 1078 125 1076
2046 2080 2096 2071 2123 2070 2138 2024 2056 2079 2113 2074 2143 2110 2100 2057 2061 2132 2109 2027
304 343 378 340 292 308 348 262 276 288 282 221 251 240 326 215 250 268 230 283
1085 2255 2244 129 1130 2222 242 1076 1116 194 1038 1160 1079 135 171 152 230 998 208 232
597 651 569 646 618 610 641 548 559 600 598 574 621 639 638 543 577 642 605 578
1630 1688 1692 1699 1628 1589 1682 1634 1700 1592 1632 1614 1711 1621 1707 1583 1657 1678 1701 1664
226 249 2250 265 203 258 229 274 212 195 259 288 247 280 2229 2234 268 251 256 201
22 1016 48 962 110 115 93 95 107 16 1011 85 102 20 1007 1033 948 12 998 78
2191 2221 2250 2211 2230 2216 2219 2193 2222 2223 2185 2220 2225 2242 2255 2232 2213 2236 2237 2196
57 977 72 988 926 73 931 964 14 970 983 56 1031 924 1035 1000 68 1029 82 0
1812 1821 1779 1811 1848 1794 1776 1816 1804 1841 1800 1818 1793 1806 1844 1819 1825 1831 1815 1838
2 951 1019 79 16 2232 1025 1005 64 986 959 989 940 955 74 78 21 34 1027 983
388 536 458 678 423 534 439 445 460 494 616 565 525 547 511 446 497 436 471 367
1825 1837 1801 1797 1808 1858 1832 1842 1800 1847 1840 1852 1846 1859 1849 1812 1834 1818 1839 1838
121 133 1116 155 1062 1133 1121 119 1077 151 150 1132 1076 1047 162 1093 95 164 132 149
1519 1566 1570 1588 1599 1500 1492 1575 1537 1542 1576 1522 1496 1560 1609 1555 1594 1486 1521 1574
1326 1339 1327 1332 1357 1322 1302 1303 1331 1346 1328 1304 1338 1341 1347 1309 1343 1317 1350 1313
1672 1684 1689 1658 1659 1655 1677 1699 1704 1634 1627 1664 1696 1695 1700 1647 1708 1626 1646 1661
2096 2141 2044 2163 2056 2059 2075 2068 2090 2161 2051 2102 2109 2155 2089 2080 2072 2125 2054 2114
118 1113 1030 1033 148 1169 167 1100 1009 1115 196 1162 92 1151 1055 1032 130 1127 146 1163
504 542 397 646 417 648 472 641 558 503 425 434 583 525 602 584 444 409 391 479
320 369 532 229 302 534 251 252 263 286 357 296 277 311 528 319 365 333 393 255
1073 1121 114 1103 1124 99 2239 1154 1164 130 1096 1099 1061 112 119 1063 129 2242 123 1089
162 1106 143 1107 167 137 163 1127 130 2261 1077 1087 182 204 127 159 1133 1122 160 194
152 1116 1074 165 2254 104 123 1061 1091 192 173 132 148 184 2248 149 99 177 1054 1128
528 569 383 599 443 610 404 437 645 368 670 540 377 609 563 642 444 463 611 442
1824 1851 1850 1819 1799 1842 1877 1815 1805 1862 1791 1836 1838 1871 1854 1837 1856 1866 1801 1870
1591 1622 1579 1581 1586 1529 1618 1624 1561 1658 1528 1655 1626 1573 1580 1615 1530 1595 1594 1610
103 1042 1083 133 1140 69 118 1052 997 1024 988 73 1009 1079 108 1084 2243 1126 90 1043
140 1078 1096 1146 1074 2261 150 158 136 1056 194 1069 1063 1077 179 192 1095 163 1123 1155
174 216 171 166 132 260 1101 2255 165 304 285 236 1094 182 265 200 162 2247 272 303
2174 2231 2260 2228 2180 2245 2182 2212 2261 2224 223 2189 2194 2193 2166 2257 2188 243 2259 2209
65 75 8 4 948 62 1036 964 10 18 81 67 1003 36 1037 1005 962 921 11 926
530 638 387 501 674 382 565 651 455 586 445 436 409 449 564 652 488 557 598 507
453 1245 427 524 454 503 435 528 1261 1239 441 463 426 548 508 492 1229 537 422 467
35 982 68 52 966 932 994 984 969 1008 946 948 974 100 1020 28 18 980 76 929
575 585 643 590 572 539 668 537 664 570 628 569 675 607 605 638 563 553 548 598
1481 1499 1558 1505 1516 1488 1528 1487 1552 1562 1460 1563 1455 1468 1560 1478 1502 1490 1507 1486
75 978 1044 0 79 74 1054 1029 1051 7 66 996 8 61 1034 32 1053 81 35 23
41 979 35 40 59 38 64 53 1 86 969 987 26 65 76 945 1013 947 1003 33
242 286 209 338 282 2244 278 238 336 208 184 323 271 2225 198 2222 2239 322 188 2236
22 922 994 972 998 28 9 948 982 72 65 8 989 60 21 41 1020 63 40 13
1692 1720 1733 1731 1667 1669 1668 1679 1698 1634 1664 1681 1658 1752 1671 1661 1654 1739 1702 1695
531 636 602 601 379 605 616 443 357 572 363 456 478 485 618 666 562 438 504 585
302 329 276 317 353 259 281 270 217 337 334 258 324 311 368 239 244 265 231 352
512 566 522 475 463 628 478 678 448 388 513 444 606 563 613 472 667 516 422 402
1710 1740 1701 1705 1703 1720 1689 1746 1717 1733 1712 1702 1727 1698 1686 1718 1695 1722 1711 1762
1274 1290 1292 1294 1264 1314 1291 1304 1297 1287 1303 1251 1260 1247 1310 1306 1298 1262 1309 1305
170 1096 164 1110 188 1101 169 161 1115 201 339 1092 154 1113 1066 182 1099 128 158 173
10 974 1018 987 937 949 1023 938 39 1011 26 947 1013 944 1008 979 1010 941 968 63
1864 1882 1920 1912 1885 1897 1883 1913 1874 1907 1875 1878 1866 1894 1858 1861 1884 1914 1869 1909
415 491 456 492 432 381 442 537 457 514 434 477 512 515 511 469 535 461 384 451
520 545 628 439 363 529 668 375 480 638 570 463 466 413 376 507 503 647 669 540
1384 1401 1417 1392 1396 1359 1397 1431 1440 1410 1361 1408 1424 1402 1373 1448 1382 1413 1378 1366
429 479 533 500 497 441 491 532 488 523 541 431 425 495 486 455 513 435 526 443
504 533 501 553 492 576 377 390 434 422 374 423 560 365 510 357 527 526 568 675
999 2249 1077 1040 1028 2237 44 2257 2218 982 1042 1002 1037 1013 244 1102 983 2234 239 217
1532 1561 1538 1536 1588 1589 1587 1539 1600 1598 1573 1509 1611 1592 1575 1568 1544 1557 1586 1550
138 1073 1071 120 1083 148 117 1094 2242 1120 204 141 122 1089 179 207 1069 1155 131 150
391 401 384 533 387 435 366 532 412 427 385 364 369 372 437 386 524 417 371 536
2212 2243 2239 2236 1007 1014 2199 2235 992 994 1076 1004 2185 220 246 1005 1001 1083 2257 249
124 1122 114 1074 1066 1133 1147 1053 1106 1099 148 1057 1119 107 1092 1068 1054 118 1044 144
603 666 647 656 663 605 632 581 546 671 585 599 649 548 540 563 634 658 530 665
12 954 56 958 1017 70 1023 1024 15 68 50 955 989 949 64 956 66 18 940 976
573 581 641 605 612 638 668 674 622 610 595 673 633 560 624 587 600 572 661 544
17 1019 977 60 1016 970 1005 987 933 924 967 19 93 948 1 1003 953 1007 979 6
401 517 454 540 525 488 669 403 658 460 484 565 432 474 377 372 368 391 445 678
53 1017 37 65 93 98 978 1002 997 36 50 95 1013 97 924 13 27 16 7 1034
1398 1446 1427 1397 1433 1473 1418 1469 1375 1436 1366 1457 1451 1367 1459 1415 1372 1402 1394 1428
1981 1998 1995 2012 2039 1969 2002 1970 2017 2022 2020 1992 2026 1978 2013 1972 1968 1977 1952 2023
1209 1232 1257 1212 1185 1203 1234 1255 1189 475 1260 1258 463 1248 1250 1199 1252 1261 469 462
372 543 433 374 612 498 380 328 412 508 458 610 481 488 625 402 400 539 568 340
1841 1851 1864 1853 1846 1818 1860 1852 1832 1822 1828 1854 1873 1830 1826 1855 1863 1844 1845 1861
112 1082 1021 2246 172 1118 119 1151 2245 1107 110 1140 1018 135 159 1155 1093 1136 1130 2251
1950 1974 1946 1930 1935 1961 1985 1966 1991 2012 1970 1981 1980 1983 1968 1957 1969 1962 2003 1939
964 977 933 62 948 11 39 34 54 16 8 27 6 950 59 987 942 981 12 0
581 638 628 659 666 537 674 652 591 644 542 649 675 608 607 647 645 603 562 670
47 988 6 947 95 971 966 948 983 9 1001 19 81 90 1024 949 72 924 996 991
327 364 272 328 263 285 257 336 329 366 271 318 539 252 383 312 532 280 253 522
1190 1218 1243 1199 1208 1198 1244 1242 1229 1179 1207 1240 1227 1209 1197 1174 1213 1234 1177 1175
4 953 58 70 14 52 68 62 927 75 67 49 56 46 958 1014 1013 50 63 54
24 956 980 974 935 965 936 14 40 973 934 80 994 993 28 969 988 992 20 951
2054 2101 2084 2068 2122 2120 2103 2094 2080 2046 2116 2110 2112 2143 2137 2141 2127 2129 2109 2034
1070 1109 128 1151 1059 173 1150 101 91 1153 137 1071 189 113 1105 1132 1046 1143 1135 204
539 628 502 373 515 385 675 493 443 403 562 546 367 559 476 467 614 478 439 519
558 631 674 517 562 615 530 553 550 543 625 646 606 567 531 658 524 590 597 568
1710 1724 1756 1700 1733 1705 1748 1736 1703 1741 1699 1725 1742 1757 1747 1726 1695 1696 1690 1691
1068 2258 1052 1156 2221 1087 1059 1129 239 1099 1070 1037 1011 227 1155 2233 1002 140 1097 135
437 477 471 546 507 541 461 407 431 479 1230 441 529 1229 459 470 1232 487 492 432
453 478 525 512 476 513 502 470 482 451 493 446 520 542 462 1231 438 498 518 1226
82 91 963 1050 88 1029 1003 968 1054 972 75 996 111 985 54 962 976 998 102 43
1238 1254 465 1250 1276 464 1225 1234 1279 1275 1272 448 443 442 451 459 463 1233 1263 1249
1017 1027 49 86 38 996 20 37 50 84 1028 115 85 992 1004 1038 92 114 1056 21
594 612 653 623 558 572 635 549 568 666 632 678 673 593 576 677 548 637 668 658
1656 1667 1654 1634 1665 1664 1649 1687 1628 1653 1685 1651 1699 1621 1647 1698 1683 1666 1631 1639
1114 2240 1071 1009 957 1035 1075 1086 1129 1062 181 1149 1107 1076 157 1142 233 113 2217 1093
200 1086 1123 135 1130 170 128 233 1094 214 246 166 153 178 223 1099 185 1109 1111 1108
568 653 650 521 626 590 595 672 649 593 668 541 576 569 604 602 559 552 597 657
1355 1370 1357 1371 1378 1410 1377 1337 1379 1336 1407 1361 1394 1380 1372 1340 1356 1403 1352 1397
419 435 402 513 420 448 466 498 417 437 470 487 549 547 541 528 482 481 386 484
551 652 658 507 651 519 635 678 561 648 636 542 560 630 539 619 585 611 529 506
1580 1615 1589 1570 1555 1605 1536 1629 1583 1576 1581 1545 1613 1630 1571 1551 1595 1611 1543 1546
456 523 461 506 1238 564 678 371 366 1227 383 522 498 525 534 510 391 390 460 1240
1494 1522 1479 1527 1561 1515 1549 1493 1568 1541 1529 1585 1544 1498 1570 1502 1565 1518 1467 1503
1656 1693 1630 1636 1677 1716 1670 1714 1632 1662 1718 1673 1640 1694 1663 1708 1652 1699 1684 1649
105 1080 78 1143 1127 1160 104 1069 1135 99 1060 1043 1119 1097 1114 98 160 193 2241 1088
72 974 949 27 1028 30 62 61 19 32 993 87 965 60 954 964 17 68 94 1037
554 650 577 621 629 595 505 638 536 540 653 654 594 630 598 664 678 515 510 513
1696 1712 1738 1733 1661 1705 1700 1697 1658 1743 1727 1701 1668 1742 1670 1673 1723 1664 1729 1695
120 1115 1147 1106 104 1141 1130 138 1064 1056 1080 1108 1104 140 151 139 148 1039 176 180
2215 2224 2173 2258 2199 231 2178 2250 2191 2242 2230 257 2190 225 2261 2248 2203 2207 249 2232
582 661 629 548 614 508 559 616 563 568 587 633 579 637 552 611 630 604 566 640
404 540 478 421 541 394 535 384 605 486 562 385 362 460 613 376 583 415 499 488
1112 1168 1141 1093 168 137 1173 1184 1100 189 1156 150 188 1133 1163 131 180 1158 130 116
1723 1742 1762 1697 1727 1711 1746 1764 1700 1744 1734 1759 1717 1757 1761 1725 1714 1750 1695 1708
1112 1146 1135 1081 1124 2261 1115 1137 1074 1138 106 2255 1157 116 174 140 127 1098 1147 1163
590 622 568 635 628 637 606 676 677 663 661 632 575 648 608 607 558 593 679 656
442 502 464 481 409 450 1226 435 512 675 548 452 507 525 523 478 421 1227 455 679
178 216 137 149 148 1084 2261 1102 294 152 273 241 1110 305 1077 245 254 196 198 242
2059 2129 2114 2083 2103 2057 2040 2075 2115 2117 2159 2153 2137 2108 2139 2109 2113 2157 2150 2069
1705 1742 1761 1710 1764 1751 1712 1728 1681 1755 1752 1725 1730 1760 1756 1737 1722 1680 1715 1716
935 960 34 20 27 52 923 940 50 44 40 956 62 67 61 922 947 45 932 946
150 1091 1099 196 2261 186 198 185 143 1102 110 137 1074 211 131 183 213 1090 158 175
400 427 479 408 456 402 434 450 404 521 534 369 448 389 543 415 397 438 366 384
47 1010 99 1009 938 58 32 75 52 925 1007 72 10 66 946 921 1 956 20 2253
2071 2141 2082 2043 2130 2080 2079 2165 2116 2048 2151 2045 2150 2111 2086 2073 2100 2091 2131 2089
1073 1096 108 181 1162 1044 184 2240 1136 2250 110 199 129 2254 136 171 142 1116 1157 130
78 88 1020 961 1024 968 964 36 1065 1066 955 52 93 967 1009 974 1026 1000 38 1016
83 1003 73 1061 2244 53 976 13 78 95 1016 71 98 118 1054 1056 2242 984 961 89
1593 1615 1562 1549 1629 1568 1542 1556 1535 1604 1553 1582 1596 1597 1641 1585 1627 1588 1580 1543
5 38 970 930 963 46 71 977 944 938 1014 52 62 997 11 1024 925 965 957 1015
442 508 513 453 524 677 559 475 1845 465 1228 533 549 481 1843 544 407 530 415 553
599 647 570 558 574 542 636 551 576 552 655 616 639 600 659 623 582 546 589 617
582 631 541 605 551 591 575 663 630 668 601 604 586 647 538 565 581 555 655 580
1109 1155 136 1133 1110 202 116 1154 142 2259 108 1081 1121 124 1140 1158 193 109 147 1138
2187 2216 2206 2184 2172 2231 2205 2212 2181 2249 2175 2202 2199 2246 2227 2194 2234 2250 2242 2204
2182 2219 2205 2197 2169 2170 2254 2208 2190 2181 2238 2202 2210 2234 2223 2248 2194 2235 2198 2253
310 364 386 239 266 321 233 282 300 215 379 250 387 330 299 243 227 339 355 293
1535 1590 1578 1518 1597 1613 1531 1624 1628 1561 1598 1627 1487 1502 1584 1558 1566 1621 1626 1592
