117 1400 657 25 834 841 1408 665 1401 948 1382 1425 942 101 926 1387 81 806 916 714
21 1390 839 1429 708 833 51 935 830 876 702 1384 868 805 15 1406 1340 825 907 874
1317 1406 130 821 70 903 665 739 825 1394 925 921 1409 88 1026 154 835 142 1386 675
860 888 854 869 839 920 913 829 887 1298 930 1408 1330 1399 1321 1411 852 859 1395 836
776 788 757 802 734 741 731 737 765 769 1283 777 794 1307 791 772 805 747 746 748
914 1424 949 1038 818 819 94 636 16 718 868 98 1307 670 902 843 908 1302 147 141
238 276 270 216 286 305 244 225 289 243 296 217 298 219 281 272 236 307 226 274
1338 1382 1375 1315 18 824 6 1332 4 1325 722 724 1359 19 1366 1381 1390 820 0 826
60 95 57 690 671 629 67 661 678 63 99 1428 649 120 66 72 40 88 659 705
1013 1040 1433 972 1407 1036 1044 1053 1018 1015 1055 1420 996 1409 1029 1411 1332 1068 1025 1403
11 1389 801 802 923 947 1349 4 1308 741 1426 9 717 730 17 707 1409 822 708 1393
909 920 940 924 945 950 941 890 1410 1398 1423 919 1421 1399 1432 925 1415 918 1434 894
382 439 424 1150 458 435 1287 333 332 484 431 432 1212 1137 415 340 420 1197 1145 403
928 1425 1044 98 951 10 1303 1422 686 908 99 68 939 54 841 961 9 884 83 905
149 176 183 620 169 122 623 128 1305 219 161 188 113 129 1405 146 743 135 747 760
866 875 923 1397 885 942 898 917 892 1320 1410 1311 830 902 878 911 1310 1407 900 1332
89 677 665 104 55 51 679 639 79 632 121 58 27 94 100 101 700 669 657 116
1330 1380 854 886 1035 1396 830 890 875 1326 925 37 1325 908 829 932 1383 736 903 1331
197 211 225 244 182 142 144 1280 147 176 208 1283 158 215 206 200 209 1282 205 1287
324 1204 1229 370 402 1203 400 1191 348 1138 1173 363 1182 1238 338 352 297 1155 337 346
32 68 678 693 49 1332 55 1323 646 110 15 1326 61 41 1399 64 713 71 86 1320
923 950 1330 1430 931 1309 1414 944 884 1429 925 886 1316 880 872 1307 1432 942 887 1418
412 428 472 372 1208 439 418 361 463 390 450 379 362 401 452 1198 395 440 1205 1200
896 943 1315 1384 957 1400 1386 1405 951 1326 1328 915 959 1411 889 1329 961 965 955 843
1006 1041 1075 975 1008 1331 1330 996 993 1416 971 1334 1427 1002 1408 1420 1048 1412 1052 988
899 1298 190 915 590 854 729 195 126 869 1304 213 1290 123 128 810 568 586 867 575
732 1388 848 823 759 897 842 1342 851 757 803 742 137 760 870 1373 828 812 929 1372
891 939 931 917 913 1302 869 1402 884 911 877 862 905 1428 1424 1401 1412 1403 943 878
404 422 464 483 368 447 461 478 1200 400 437 440 459 444 396 467 451 482 481 395
726 822 18 15 744 1383 829 666 1312 840 704 856 1419 711 733 853 837 753 1405 129
721 1298 824 715 32 841 198 641 693 1388 697 193 638 1309 1382 893 1403 581 689 835
63 708 45 677 662 681 78 0 1407 1421 1419 53 1394 106 69 43 725 37 103 705
543 1259 1240 503 1238 1239 1287 493 561 1241 1251 512 518 500 563 1267 562 522 1285 520
582 1299 567 132 209 596 572 891 590 187 574 588 204 726 594 633 892 1396 1297 1306
760 794 740 145 806 769 726 1287 156 600 748 606 788 743 780 728 766 1308 608 148
282 293 247 305 278 297 265 233 281 273 284 250 277 295 256 242 234 312 253 317
840 1416 698 922 82 734 1421 1389 43 1323 1333 731 101 1411 145 945 741 810 1322 850
864 899 935 1409 1334 827 888 919 1315 1414 918 925 1405 930 868 875 1402 924 1310 903
379 453 480 475 435 1190 347 344 455 438 421 1160 469 353 487 1130 485 1148 472 1179
68 88 81 677 681 643 82 39 44 694 669 1412 74 1422 691 1416 688 705 95 1423
422 485 1209 1260 388 1246 376 497 366 434 372 403 1205 1251 378 459 492 1207 431 1252
727 812 1331 23 1435 742 1397 667 1318 672 1296 699 1430 1313 1432 804 818 802 752 1392
377 1146 1138 394 1123 364 399 344 386 1178 1218 423 1211 1131 356 1156 1167 1110 385 1168
850 875 847 911 841 1393 837 1432 1334 1312 1322 880 832 1414 1328 921 859 1434 878 1333
743 783 621 792 791 148 137 794 772 732 756 738 778 155 782 1390 817 1414 1284 615
651 677 30 1414 49 60 128 25 1419 110 112 69 74 1430 124 675 643 655 1427 1417
78 97 127 1310 1316 1409 659 651 627 61 679 123 662 1404 77 51 686 668 1417 661
656 1412 1310 807 1313 845 1420 739 940 733 918 645 49 56 52 819 1316 710 632 1436
737 1398 130 818 695 139 1386 710 827 128 706 1304 804 853 1322 899 712 119 843 870
247 1280 211 529 551 538 1286 273 185 285 202 595 590 557 1276 580 272 564 526 269
38 1395 6 1400 8 1415 947 1387 1307 1341 1311 1403 1406 843 667 1374 59 42 721 684
557 577 598 597 584 1289 582 547 592 1265 1295 564 541 574 546 579 556 568 1274 554
39 51 1406 36 679 686 677 1398 678 1407 99 32 3 66 687 1423 108 75 21 1421
706 1428 630 692 1424 1029 671 896 1402 66 129 10 729 946 18 1397 1422 78 28 113
1395 1409 691 1332 1338 1310 878 1436 747 650 143 882 99 1417 932 147 845 873 93 665
128 622 633 181 1416 173 607 647 654 655 630 626 152 103 1318 609 1434 144 618 657
694 1432 70 939 112 1396 1324 851 685 117 86 648 76 55 893 819 5 681 1436 718
534 555 577 1263 524 564 1269 545 522 1255 1256 521 1289 529 1292 551 1279 1277 1248 1284
745 818 1399 1416 1406 129 1313 1310 805 611 1425 756 143 622 1327 795 1404 835 786 1335
178 205 181 1276 1284 232 130 202 220 1296 149 156 1307 180 1306 221 162 227 234 145
1218 1229 1192 1205 1198 1201 376 1220 337 1217 1195 1235 334 1194 322 330 350 1215 1206 1246
847 1317 840 897 931 900 1416 1326 132 839 147 803 706 122 727 802 1334 856 1418 1379
894 1394 1431 938 719 1413 802 732 930 1297 842 1323 880 1418 1434 877 932 723 717 852
18 680 48 1332 1388 1331 657 654 711 651 1312 701 50 34 1429 709 1427 102 723 1390
1312 1420 24 106 626 1033 1433 729 630 42 627 1386 117 850 673 810 32 874 131 160
754 776 140 735 1310 608 1289 1282 751 163 759 1284 739 602 1309 743 603 781 798 770
406 454 468 1199 423 393 1208 457 482 363 400 392 428 451 384 374 486 388 461 1196
1144 1179 1196 1195 1185 1118 1162 1169 380 1124 339 1112 357 1141 1163 338 340 345 1148 1183
884 1323 1422 704 1040 1431 710 890 723 697 821 829 1322 51 713 1430 1420 833 808 689
951 1426 953 642 10 716 834 677 16 1329 90 907 869 1410 1332 911 1331 1312 854 644
135 738 806 1418 801 1313 736 139 166 784 158 1385 623 788 805 1415 148 1392 151 1294
90 102 1433 1412 105 633 647 60 74 1423 58 671 638 47 635 45 649 82 675 657
610 745 812 762 595 1307 780 1404 1396 148 797 806 156 1393 731 611 1394 155 729 616
42 1321 1326 1414 734 823 93 1403 706 861 698 921 39 1409 69 1425 862 818 914 1331
938 1423 654 651 733 1040 58 734 80 917 1432 859 899 952 684 1420 137 817 937 864
333 346 1123 314 1133 377 316 1202 319 350 324 386 330 1140 329 1141 1231 1215 334 1223
720 1407 817 873 74 741 829 1328 1321 695 810 665 146 660 145 667 88 1324 1316 150
1025 1411 893 124 842 700 58 88 127 1426 918 1329 82 1060 57 683 60 680 999 922
609 1290 618 172 1293 1308 746 749 557 151 1284 560 613 797 223 150 1306 181 551 164
500 1248 510 1232 485 488 499 1262 1249 1236 1266 482 512 505 1269 506 1264 532 331 537
1075 1086 1006 1085 1092 1053 1048 1023 1102 1098 1011 1089 1004 1090 1049 1074 1060 1087 1042 1069
581 1299 188 634 1394 584 565 205 1306 1310 206 1286 194 732 199 216 191 1298 624 126
142 195 623 1314 744 109 113 206 194 618 218 759 1289 1432 141 628 1299 143 1423 1405
838 1325 1347 7 2 695 820 35 31 716 17 1412 855 739 1416 1385 20 1430 939 828
45 74 10 675 657 116 109 1396 84 709 85 667 59 99 27 28 15 46 95 674
726 754 126 1334 21 831 19 820 774 782 620 825 1392 751 732 721 156 674 1407 140
891 924 1298 962 1334 948 931 896 900 950 1312 1306 1318 889 1304 901 894 903 1309 898
376 401 414 338 454 330 400 332 1114 1151 472 1172 1209 1179 1181 377 407 1169 451 1187
943 958 1416 1425 985 965 1418 912 921 939 957 1392 877 969 1402 953 883 901 1412 927
135 631 132 185 1395 1290 1293 1411 751 635 118 176 137 652 727 1291 1303 88 633 166
768 1308 1419 930 641 603 1307 938 712 1385 1331 24 1387 103 113 926 887 184 657 155
1326 1402 720 1411 882 808 719 688 2 112 83 946 871 137 910 1358 108 1325 1417 852
939 1422 855 74 721 920 71 807 839 56 1038 14 76 678 720 705 910 9 3 955
1041 1408 673 77 68 695 799 1031 863 113 156 729 652 874 812 1052 926 745 689 703
400 475 429 432 492 425 392 1202 413 410 464 372 485 396 454 406 369 1253 472 1207
118 658 1301 103 653 125 100 1432 99 74 621 35 69 1298 1404 157 43 1299 164 671
538 552 580 1284 1288 1250 575 570 567 532 1277 560 542 1248 568 1289 1279 1285 1275 1290
897 1390 946 1361 837 1404 854 1336 8 1401 815 1345 743 868 903 845 1370 830 858 934
982 1045 1044 1013 991 1040 994 1422 1059 1000 1041 1006 1043 1075 1067 1004 965 1050 1010 1069
472 486 477 1250 1247 510 501 430 398 485 471 402 447 405 427 446 411 1237 498 1261
335 1134 1156 1205 1196 1241 378 361 1217 1234 1182 343 1242 365 1138 332 349 1226 1115 1187
31 75 3 58 1428 662 81 1425 693 1313 1321 33 639 91 1308 45 1397 52 1386 679
664 1413 72 1310 930 672 119 32 882 98 45 1398 877 1397 1037 949 895 916 48 900
140 177 122 119 111 752 135 174 106 614 1417 1415 207 205 212 179 625 214 633 1401
1179 1203 391 1153 1134 354 1191 392 1220 388 400 411 1198 410 1193 1148 1229 1175 416 1168
859 872 1314 1406 880 892 926 895 948 1412 854 887 1327 868 840 1320 1435 1410 863 1387
272 298 248 239 306 310 229 323 249 252 282 225 236 314 299 255 307 226 324 278
420 475 448 497 468 396 423 375 411 452 472 380 1239 416 487 413 493 485 447 394
720 1301 837 811 1314 600 111 129 208 906 640 584 697 122 704 210 693 899 1429 1436
628 1415 145 138 61 632 1023 1037 110 45 98 945 1402 706 860 743 711 147 830 915
135 750 631 138 797 134 777 1397 1398 774 739 172 737 106 1288 633 731 746 1289 124
59 698 726 652 17 1399 6 11 1310 104 1430 19 32 1409 1412 1398 719 39 102 72
703 1421 631 32 810 67 704 816 66 28 1419 638 11 128 910 103 20 655 1402 809
1168 1181 1129 1142 351 361 1183 1171 1205 1201 1154 1214 1133 335 376 380 367 364 338 1135
148 1406 1402 1039 74 841 1031 655 32 1291 945 925 1329 34 799 867 49 1397 818 933
874 903 872 1416 1324 873 1319 1308 868 854 1412 836 1388 947 896 1418 900 859 925 1393
878 1320 1429 1341 875 1435 1039 1411 917 36 1413 1378 708 1423 732 909 836 25 697 1410
133 185 171 215 176 209 1396 1306 1281 116 1398 750 1412 637 1296 620 1316 1426 1286 1287
387 1130 325 452 352 1172 343 368 1133 1209 1139 355 1188 1180 358 1211 382 1157 1165 1101
147 628 1302 655 742 141 1410 665 651 1434 197 1417 1307 1429 121 629 143 98 1403 192
383 411 361 1214 359 358 324 1211 1145 449 380 457 452 434 365 444 462 373 1205 1133
1166 1192 1132 1222 1145 1135 334 1158 345 349 1131 369 395 1142 1115 1121 1138 383 378 1210
948 1318 665 816 1389 1336 853 813 1414 841 949 1395 850 1428 698 879 46 849 38 920
947 969 923 1333 936 1405 953 882 1392 1404 890 1435 1036 1397 880 1415 1431 901 914 891
264 285 308 253 279 298 286 224 297 242 219 225 282 256 252 267 238 239 288 277
652 1418 1323 858 76 728 65 671 78 953 1325 1047 887 112 1046 924 144 83 663 854
721 1312 1297 753 796 632 1430 651 1380 732 15 122 131 837 1404 1384 707 652 1389 85
207 1290 151 177 136 560 1296 1277 214 1292 153 1276 744 150 170 742 588 1289 191 741
84 1405 107 890 1395 1398 1030 917 1392 32 822 921 724 912 688 69 665 800 926 111
1046 1059 1042 987 1083 1050 990 1058 1001 1079 994 1068 998 979 996 1420 1076 1432 1427 1085
922 1410 864 53 712 863 730 705 652 1325 802 1333 56 809 895 935 1318 832 801 838
822 1399 120 1386 1413 1417 869 887 143 922 939 733 808 1436 819 812 919 139 29 845
696 1331 1344 939 1313 23 1390 662 10 1043 44 827 681 945 675 1392 71 667 1388 870
883 1314 81 147 119 924 1308 84 159 1396 688 920 150 828 947 129 1336 902 887 719
678 718 726 67 697 643 92 1308 680 71 641 714 665 13 824 88 1432 1397 719 1324
662 1420 821 816 83 652 950 954 706 85 1037 923 130 104 97 1431 862 1435 61 642
751 771 754 619 135 162 795 784 786 756 808 800 622 760 1307 624 147 140 724 1309
680 692 1399 727 663 721 705 1420 666 18 69 9 46 673 91 36 726 1314 108 51
884 934 909 1315 1333 961 869 867 954 1392 927 882 924 930 1327 917 889 1421 1412 1328
524 537 555 1262 509 1287 1255 520 1264 1275 542 504 1270 538 1256 500 551 505 1250 1253
20 1392 1330 838 836 728 1338 1342 894 723 2 945 737 1313 914 1428 883 868 736 1425
284 297 274 311 246 259 303 302 306 315 285 236 299 235 290 269 232 249 258 270
135 750 1420 730 145 1290 1424 799 143 604 768 747 631 729 1398 113 166 796 1412 112
1155 1193 1130 1145 1218 359 1182 1169 347 1124 1122 1216 1160 376 1139 1183 1215 328 1121 1113
1027 1067 1069 1020 971 1042 995 998 1030 1059 1425 1423 1070 1005 984 1422 1411 1056 1039 1037
850 885 1306 833 889 849 921 943 1387 1324 910 1328 853 895 1401 1405 1432 840 838 822
757 792 762 147 804 776 612 141 737 783 608 618 600 164 137 162 602 784 755 615
1157 1170 370 1177 351 343 349 360 1183 1169 371 1206 1118 1128 340 1147 369 361 348 1108
168 1287 193 1284 163 603 547 231 555 222 607 188 565 530 749 1274 169 796 545 580
809 840 1314 823 803 1311 869 797 1322 747 838 865 733 732 811 718 875 1333 873 1312
