643 697 644 1494 626 1502 1430 710 1493 1512 675 1501 1425 714 681 1473 1498 678 694 695
509 1302 570 452 1352 1243 1281 1276 1351 1303 399 1397 443 421 435 491 1261 475 1323 1299
166 976 894 837 986 879 920 977 130 98 138 131 1647 176 860 196 115 102 116 851
570 1419 531 1351 1412 1387 598 610 1356 1364 568 630 580 608 702 1414 669 694 1368 513
1487 1545 656 662 692 1566 1486 672 788 698 673 708 1488 659 1490 660 1567 1513 695 725
555 1347 580 1365 485 1280 1346 503 518 1418 513 459 576 460 1303 1266 579 1295 536 592
247 1037 289 287 297 321 172 313 246 198 258 208 226 1022 315 299 236 1017 168 280
71 1646 779 860 773 1612 826 979 140 877 931 959 834 830 1611 806 883 127 878 796
1434 1454 1499 1469 689 1459 1500 716 1448 1420 604 688 619 607 1478 629 709 593 724 581
1622 1639 950 1508 76 1549 783 1598 1506 1574 930 93 789 817 59 843 96 940 924 81
769 1634 861 836 887 851 1563 1546 809 127 810 740 1580 817 1625 793 1487 136 914 1526
1567 1575 717 784 720 1562 788 1580 1594 1516 1627 1487 1520 1558 1549 775 1503 1625 1599 1535
1381 1410 1380 509 646 1429 522 1366 1350 1316 637 1335 1411 1323 541 581 611 512 1397 553
516 1350 556 492 559 540 1268 1304 436 1369 1314 1397 459 1312 445 1311 439 578 1292 1291
1369 1413 667 593 1389 651 494 511 502 1327 646 1433 1390 498 499 565 1436 563 1312 536
942 968 1617 895 138 838 904 133 865 1621 980 989 102 129 958 995 906 880 104 79
476 497 1261 551 493 519 443 1376 387 390 510 496 1359 1257 1227 1248 554 507 1371 557
105 847 1618 966 773 964 840 992 848 120 832 879 100 794 1653 867 94 775 87 129
1208 1261 418 349 364 531 1228 1277 1289 481 348 1202 1185 1256 404 1226 1190 323 451 1238
562 1418 684 505 501 1347 529 542 1436 553 591 602 1402 1404 573 1431 630 503 543 1427
135 170 937 1008 202 198 948 950 164 986 906 101 115 996 965 1642 1649 978 1655 181
1507 1538 755 1468 1599 726 740 1536 1459 1469 1549 783 723 1617 1534 716 1556 702 1621 1486
495 1387 1236 1230 621 1266 408 1253 583 1358 459 624 419 1418 433 1341 1339 605 596 1367
552 597 582 575 525 594 1368 1442 1372 569 555 1426 1365 585 1406 1346 605 524 554 1436
460 1320 1281 491 1217 1226 1230 1271 1317 1290 429 456 1268 1333 1194 396 482 1204 1272 1214
714 1439 744 652 1597 1585 605 706 610 640 1522 643 1516 650 1431 738 675 677 1428 587
854 1651 784 950 953 111 844 969 1655 941 113 1591 794 774 108 72 48 910 1647 49
479 1357 527 385 1390 1315 1328 543 403 476 499 410 1362 567 1296 580 1280 547 558 506
1450 1501 1429 633 1473 1436 597 752 1560 608 702 1528 601 689 629 595 1595 758 1557 596
392 1293 361 461 535 501 446 1298 1177 1368 1213 516 1182 1187 1186 1306 381 437 1194 364
1281 1322 528 443 1377 1229 502 448 1250 1333 442 1369 378 1300 377 1238 416 1275 419 409
241 1075 1090 236 1129 237 1100 204 246 1082 1108 219 1043 305 262 196 193 323 1107 245
392 435 396 1270 1209 383 1300 1294 1334 375 1278 349 400 442 416 504 1295 1213 455 1222
748 1565 672 1547 3 1575 1519 720 671 1517 1473 683 1542 1497 781 1571 1615 1546 12 1523
404 1212 476 1229 367 345 416 467 1232 491 482 1315 1305 350 420 473 414 1255 497 490
670 1479 1504 1418 701 1524 623 657 689 693 729 661 1440 687 637 1466 700 662 1518 1450
878 1640 84 826 810 924 957 1637 794 95 968 813 1599 843 889 975 822 944 963 140
870 915 892 117 1622 933 988 129 1611 790 953 876 979 105 1626 939 850 107 826 819
1284 1353 553 556 403 455 1256 411 570 479 1282 1400 1339 498 540 1351 413 1305 1347 1317
820 1625 87 98 830 859 1619 759 1 791 57 961 119 975 1565 860 50 5 1555 42
750 787 875 1651 894 889 11 1583 1461 833 1547 1465 1579 821 1469 822 102 57 799 720
1092 1139 1131 1167 302 1144 270 262 292 1174 1050 290 1100 224 1090 1089 300 220 1120 252
353 382 357 1230 314 486 465 371 1224 423 1267 469 351 1265 355 374 455 329 1176 1190
727 1490 687 1473 692 1576 694 1574 1573 1509 671 1476 1548 1538 1454 1442 647 1534 1563 1543
832 920 800 1634 865 139 829 796 946 888 1611 143 952 976 972 977 867 144 838 879
1605 1626 1511 1585 1485 74 947 809 1644 1621 883 731 918 1614 967 1486 726 1543 937 130
114 883 1630 975 66 876 913 817 1628 74 954 911 149 1627 926 886 1601 938 1619 779
314 1129 271 1192 1220 337 245 221 353 246 1055 239 283 242 1079 1133 297 341 1077 1222
840 1624 109 945 1629 63 948 77 67 71 41 1598 1621 887 1614 751 869 865 935 1535
167 996 104 1020 166 997 194 1011 200 189 185 995 100 1032 110 968 119 988 197 160
104 943 995 905 913 82 975 836 139 125 804 954 834 64 1654 931 143 821 54 114
90 973 47 992 1651 795 142 818 847 79 878 1649 869 1612 827 131 133 21 139 1616
1613 1632 35 743 1629 1579 777 921 920 45 856 1523 836 19 792 62 1505 1549 89 779
755 1569 721 1548 1501 769 731 730 770 1577 752 1556 1586 1578 765 1511 2 1610 8 1532
924 986 959 1012 867 909 804 843 120 831 1627 969 849 879 840 862 907 137 890 109
1559 1617 1551 1648 1490 937 923 892 46 856 841 1635 756 19 1543 880 1548 1582 747 1507
18 39 748 96 68 12 1595 773 4 747 753 83 80 766 769 59 1635 1631 41 56
832 953 788 928 949 1634 1644 102 915 816 873 106 1651 803 109 1610 863 914 946 800
245 1044 207 267 1073 1041 1104 187 217 1085 1108 272 1059 254 301 314 283 306 1084 1037
1109 1157 1078 1070 1101 1145 1102 267 265 245 301 255 1087 1140 1084 1086 322 288 1114 1103
379 1172 1255 1253 400 1135 355 1197 406 1129 331 359 364 1132 1277 447 1156 1130 1159 1273
840 928 864 825 857 1631 800 877 977 911 916 803 936 893 1648 972 937 96 958 1614
201 228 1087 308 1022 267 170 237 1016 199 288 1013 295 1042 310 176 1032 218 1026 216
263 1077 1059 240 233 1113 264 1098 270 259 243 282 211 308 220 1082 1049 1048 1053 1135
706 1524 1495 643 722 652 1475 1574 658 1594 740 718 705 1501 1482 630 1496 1555 774 1609
828 944 798 983 968 904 826 810 1627 794 774 1626 1639 95 1655 1624 948 126 772 783
152 995 141 1001 140 989 1005 104 184 1014 103 965 1021 189 952 128 976 1016 1009 986
1602 1612 1567 1642 728 1555 754 836 1542 37 1484 1587 795 1604 42 5 729 1480 1601 716
88 941 847 905 891 33 945 996 819 914 826 892 1650 836 952 112 148 987 936 806
131 906 129 894 1620 898 146 793 982 118 1010 835 957 798 806 115 1647 861 996 935
296 1074 269 264 1089 224 1129 227 1055 228 1127 209 1123 236 1091 295 1133 1065 333 1094
1192 1245 1182 354 1212 516 436 402 1278 506 445 533 489 526 1189 1207 1163 1259 323 1283
681 736 732 1532 1495 725 660 1520 1609 1539 659 1469 687 1528 1470 649 711 647 1447 713
89 909 963 103 21 787 72 68 806 51 124 1644 791 13 76 878 926 62 66 73
1434 1476 736 748 1494 703 627 634 756 588 658 668 711 746 1590 1478 757 1515 710 642
1484 1607 1524 1528 1536 898 1585 1539 629 1529 685 13 703 757 872 876 2 669 858 808
808 926 1617 823 910 123 1616 101 76 966 133 785 1597 875 1631 835 862 66 831 1653
566 1357 598 510 1331 1351 1296 569 601 1333 1390 597 517 1380 549 583 1298 1355 1302 535
750 1524 705 1518 1491 1571 1534 764 723 1525 790 1559 748 1478 791 12 1488 1574 1621 1490
651 1481 658 1523 739 1405 1500 1516 1415 1446 608 634 1479 1437 1401 1580 633 1502 1458 1475
574 601 1370 1373 611 1399 593 590 1394 1381 633 616 512 578 1360 1444 1430 597 1418 625
14 1632 851 923 1648 82 110 750 775 949 129 858 784 123 769 954 39 755 88 914
314 333 1213 215 286 299 315 327 1210 236 375 372 288 229 238 376 340 371 338 368
501 1283 503 421 512 1351 1317 527 1227 1374 1387 1276 517 480 1278 1390 554 561 534 447
763 1632 1523 788 846 789 1493 14 835 751 1529 972 4 89 801 1585 1568 1580 818 1552
924 974 968 1620 807 1617 984 99 920 855 882 799 963 930 118 810 862 825 148 908
228 1029 1040 174 272 220 226 1085 1063 262 195 286 288 1015 1048 150 235 1031 187 258
484 1332 1264 1296 1341 504 457 1309 490 388 540 1209 1305 1333 433 1292 1388 1299 518 1280
172 1041 1054 267 183 232 150 170 192 191 1021 246 277 285 1071 238 1031 144 137 996
1606 1632 126 58 71 888 827 823 801 68 958 106 786 765 732 80 883 1514 1480 1594
1530 1604 800 34 757 1629 763 1487 1513 825 1536 870 1611 80 1610 824 1592 1559 64 798
690 1434 1451 603 1507 646 721 593 746 1466 1472 629 590 1454 635 1494 679 715 1464 1509
1522 1567 772 1519 1569 1582 729 1573 1544 1516 1592 1500 1555 792 1577 764 1490 1483 1598 1565
106 867 53 988 967 937 87 806 841 842 1633 840 139 910 1641 916 82 1612 776 975
442 1211 1214 395 450 448 1194 479 1196 399 1206 1186 1216 1215 492 1287 367 425 1332 1188
777 1638 880 840 130 921 829 855 860 1609 1549 1633 949 816 742 868 885 46 824 830
691 1510 1428 745 747 663 1527 1588 656 652 1422 712 1569 760 1526 699 1614 1543 730 1474
65 771 29 1500 100 1628 815 59 757 41 1537 78 1605 1502 821 1517 1564 25 90 33
256 296 253 212 238 1035 214 205 301 226 232 1051 1061 283 1057 298 1101 199 1053 1133
665 708 1580 1596 1480 746 688 653 712 624 1510 1582 700 704 1527 650 633 1595 709 659
1325 1374 495 1378 595 490 1297 1412 449 576 1333 1415 1313 587 494 486 447 532 1315 1266
406 490 1348 415 1223 517 1363 1206 1222 539 1378 1293 479 448 1197 398 414 513 404 1371
635 1468 733 668 1452 1508 1455 743 734 1519 1460 606 723 683 672 1505 617 703 1439 1446
1131 1155 1177 274 323 302 1134 1167 1105 1135 1084 1164 259 1171 1091 301 326 272 314 1107
450 1197 433 445 1181 375 414 467 320 1185 1328 1183 1235 497 457 1192 1323 424 378 316
1536 1594 782 1598 1622 1499 766 726 60 1576 1488 743 1508 1539 794 756 748 738 1551 1600
91 102 69 940 1639 25 893 13 791 892 849 989 24 105 75 44 117 866 982 21
1257 1301 414 1341 440 1360 529 497 1364 1293 1258 407 1233 503 1246 1365 495 487 479 1299
853 865 1606 908 814 791 944 970 828 868 1628 113 846 918 841 1617 777 93 894 1634
772 1494 1544 1492 1569 722 1527 1472 48 1501 829 62 34 659 1593 795 1504 51 1618 77
600 1434 584 1389 644 1428 1381 648 678 1480 1429 1391 1450 617 685 578 1377 1410 1424 1439
715 1579 1581 1526 1481 685 758 784 1590 634 742 749 786 658 1449 791 729 692 745 1604
389 401 1294 355 472 385 1262 1261 1183 1265 487 1193 1180 426 380 1192 1273 445 367 416
851 886 1646 781 101 962 961 837 1655 842 1598 1650 951 815 884 1605 911 885 1606 913
417 1183 1176 385 481 1310 357 1229 1207 410 1156 433 1193 500 333 401 1151 1168 1327 443
1564 1579 1548 1563 1620 1521 1587 1535 750 1600 736 1592 1599 733 734 1500 1480 1566 1491 1627
931 1645 828 119 1625 129 934 124 1650 784 31 839 975 80 871 63 795 861 144 1623
1287 1354 443 398 584 503 499 458 477 1249 1258 523 1403 1315 486 1373 520 1404 1384 397
33 1604 1605 716 893 3 64 769 834 25 70 712 735 1647 1598 1624 884 1563 4 1529
1013 1033 200 1012 244 1000 218 1056 203 1057 1015 223 1039 222 251 170 1044 183 144 1005
1305 1348 1403 1397 553 1386 1332 1302 485 1402 419 457 498 1342 1308 1256 1248 447 495 1270
877 1646 86 95 1603 1623 981 73 64 140 134 929 965 45 921 829 842 891 916 1647
1254 1293 458 450 503 500 525 541 468 435 1366 419 1253 371 441 1201 391 524 539 1262
335 1219 1198 1240 1183 440 345 1266 279 402 419 387 411 491 347 391 385 1195 1230 317
186 1009 989 987 213 1030 146 150 159 153 228 979 198 1054 170 227 997 144 1008 132
387 454 396 1225 1333 419 399 522 369 509 375 508 511 1195 1273 521 482 525 1312 1187
1148 1178 341 1097 426 405 401 361 1143 348 392 342 1145 1188 410 1138 1094 1196 1153 1222
715 1587 1561 1470 625 1507 1475 1523 724 1608 1481 1499 674 1620 1610 1551 731 763 1468 1428
246 1035 166 288 1098 1076 240 1014 1016 216 1040 187 253 213 1081 174 202 168 1053 229
105 877 1627 44 944 1604 896 1640 950 868 1606 63 886 939 958 126 86 917 1603 884
809 846 1630 1646 1634 810 1600 1595 893 799 951 932 869 1626 913 842 1605 852 807 777
489 548 1241 431 456 1337 1412 1357 537 599 1243 1380 1377 538 563 1231 1229 1409 1222 503
234 1036 273 1020 285 171 265 227 215 1041 245 1094 324 1011 256 1034 1083 1086 1042 165
755 1541 1599 776 1624 1561 1499 1572 711 710 1605 741 1523 1543 778 1521 1597 706 1602 1571
747 1577 1520 696 6 680 745 766 752 1516 1468 1553 765 739 1497 755 780 1624 1493 1524
1531 1579 722 777 1506 1478 1607 727 1527 770 1475 1575 1596 1505 768 1580 1574 1499 732 1481
344 1192 385 1181 419 371 1260 428 434 361 448 1188 1170 1248 301 389 325 445 324 418
847 1640 873 75 786 28 1632 951 941 140 811 792 135 1642 938 868 927 54 818 1651
652 671 627 633 1501 1425 1423 1496 1408 711 702 679 668 612 1493 650 623 1401 613 1416
387 1262 463 474 1285 481 455 1222 1328 1239 1214 449 1173 456 486 1333 1261 1331 1306 1314
309 333 311 1178 1220 1213 272 294 1218 1194 1057 354 1230 329 1199 1139 1128 368 350 320
22 1631 771 974 61 1634 792 972 1621 1641 960 1605 826 51 773 131 762 120 755 929
540 1285 513 1257 1340 1373 595 590 1417 383 507 390 1387 485 584 419 534 567 406 1290
573 1351 502 482 1384 551 1356 1423 1357 496 1390 1411 599 1294 536 1331 611 1308 572 1321
341 1202 394 445 349 1255 1186 454 1210 461 367 423 368 291 344 293 311 1167 309 1198
1541 1598 1540 729 1476 735 1507 881 21 1549 1536 708 4 1535 1604 1623 1 755 746 777
787 1637 801 1588 958 1628 127 908 779 1609 83 783 868 959 67 774 841 852 781 1620
476 1308 1321 1330 434 543 494 1270 1307 522 1254 407 1323 512 446 1231 1248 409 523 496
479 1326 525 422 1344 1263 487 457 1365 1209 1219 434 1311 1275 1314 1330 1332 1306 405 1224
1341 1375 566 582 577 583 1316 445 485 586 533 1377 565 554 501 1373 464 584 580 460
