825 893 883 833 165 843 875 931 923 805 869 839 179 860 836 808 813 874 168 166
63 213 765 227 20 5 1007 208 773 111 806 197 245 956 254 174 41 772 973 167
478 524 485 476 568 528 505 489 498 443 445 452 480 515 564 462 492 463 442 509
465 496 504 571 521 570 528 523 530 438 501 474 536 563 436 492 498 560 533 463
493 530 558 555 545 465 492 460 466 471 523 556 485 549 498 501 525 478 462 481
495 537 454 554 460 479 463 498 496 545 531 490 491 547 506 511 507 504 468 482
14 60 78 716 8 90 732 176 50 22 737 198 240 260 728 65 259 780 77 213
321 723 707 284 769 12 282 695 730 38 338 706 357 249 270 235 237 315 744 715
956 967 1024 181 1035 1021 176 183 228 1034 182 220 1054 185 222 990 979 948 952 945
32 766 257 220 196 265 742 278 770 207 246 722 199 189 294 292 255 746 27 198
797 947 21 805 808 253 201 773 961 195 787 965 1010 932 46 774 802 916 782 188
208 963 763 198 753 1012 17 1039 1024 757 1007 166 212 207 31 249 992 240 1033 728
205 750 792 22 266 27 250 39 299 243 206 953 219 737 165 301 37 259 292 262
186 810 193 208 812 158 61 946 777 63 770 930 30 55 21 796 220 189 804 73
746 778 211 40 295 716 789 293 263 738 261 294 33 229 318 756 722 757 247 291
231 814 212 233 790 229 241 794 730 781 934 836 838 752 989 935 915 235 937 791
966 1037 236 971 235 201 214 224 186 184 215 213 947 1002 954 183 1028 1033 980 948
430 457 390 564 1113 475 562 435 436 495 499 420 603 558 497 456 473 498 575 1114
170 249 233 950 259 191 189 172 794 834 196 720 719 217 777 792 241 823 194 31
742 762 200 198 252 707 768 181 232 246 213 726 310 12 767 49 745 188 190 226
180 822 786 959 893 233 935 40 87 203 256 768 66 95 166 804 84 90 228 806
304 729 289 56 739 748 727 742 262 2 327 209 340 287 300 776 15 719 257 699
218 986 749 251 6 219 739 754 1022 239 1024 955 163 963 1005 939 49 960 236 224
452 575 590 565 458 388 436 459 1190 476 600 585 560 595 490 610 468 570 558 556
287 324 258 699 275 263 348 291 714 767 700 306 759 726 267 315 332 740 333 756
333 362 341 700 298 717 683 689 350 375 348 392 728 339 297 374 707 344 697 387
822 834 835 159 890 833 181 803 814 143 167 873 883 928 846 150 841 876 792 854
166 821 239 826 937 170 796 819 89 910 215 894 850 940 939 141 209 832 67 197
529 551 514 483 468 491 568 521 492 523 462 478 533 572 558 547 575 469 487 554
8 56 5 11 221 776 164 22 82 188 94 202 34 701 53 257 103 756 167 783
128 154 122 816 118 135 83 141 849 123 163 161 166 139 840 170 108 95 848 117
1 793 49 249 745 4 754 22 710 255 221 218 809 197 185 733 712 222 229 198
4 758 49 251 715 725 181 764 1 711 742 761 239 730 278 720 185 288 223 282
444 562 527 470 583 553 1193 536 534 424 529 480 493 1191 554 446 488 483 552 539
361 380 384 697 340 354 393 388 609 407 391 342 331 341 586 579 343 610 585 693
223 254 744 257 218 811 206 724 3 808 966 796 935 33 788 41 274 173 51 229
331 703 13 748 302 357 283 664 665 37 300 298 291 27 288 685 30 334 692 728
79 99 117 115 230 808 242 51 811 252 231 97 160 82 229 61 84 35 248 93
448 464 421 485 577 468 514 1192 590 586 440 478 496 494 445 497 423 480 435 429
589 611 642 581 445 599 435 606 574 645 580 575 402 633 571 389 593 587 601 379
282 767 217 271 803 233 267 761 782 312 736 24 201 180 290 739 34 709 245 248
41 247 257 712 721 8 172 782 54 262 182 710 280 34 752 204 187 764 767 169
211 766 720 288 961 31 307 993 18 292 719 984 177 180 747 14 948 710 209 254
5 48 52 41 257 724 239 13 92 242 256 85 178 22 176 237 203 730 733 769
1090 1106 1076 1075 1063 1091 1066 426 1083 1107 1059 1126 1114 1080 1065 1093 1094 425 1086 1054
425 598 423 412 442 454 583 612 621 427 572 599 626 614 408 414 439 1110 605 429
98 160 141 825 130 173 180 807 117 77 126 151 85 96 187 97 830 112 93 115
756 784 52 248 766 42 10 234 801 789 215 266 301 244 778 298 30 303 731 203
472 557 489 554 534 553 453 538 560 563 496 500 461 540 529 499 442 463 507 566
1058 1068 1081 1057 1051 1085 1071 1054 1015 1075 1034 1048 1084 1030 1001 997 1079 1049 1002 1020
304 331 707 726 716 296 730 270 272 330 697 711 352 723 310 326 336 712 701 347
665 700 326 327 678 726 34 298 346 32 296 351 685 302 654 353 345 672 684 744
200 933 190 798 750 162 66 28 914 763 170 972 32 760 78 55 7 813 811 59
21 752 247 17 295 293 270 721 778 55 51 311 706 226 269 190 27 275 281 199
37 192 40 938 183 202 250 232 64 818 253 754 744 814 246 228 260 819 921 975
961 979 1041 236 232 188 1037 221 220 941 225 976 1023 1025 181 178 996 1044 230 938
36 182 962 224 781 750 723 724 201 88 210 234 92 941 207 928 220 28 799 960
1108 1130 1123 431 1141 1107 1190 1121 1103 1192 1120 1158 1102 1129 1088 1083 1104 1070 1097 1193
242 814 759 227 256 0 793 825 738 262 73 194 238 834 191 906 921 236 83 36
808 940 191 816 166 933 823 992 1030 158 802 164 976 230 237 235 986 923 997 203
949 972 175 954 962 194 950 204 953 1018 802 184 210 203 220 993 191 977 227 1042
357 384 401 597 425 596 372 705 612 684 580 393 347 345 396 339 695 422 377 421
129 143 851 100 83 109 845 116 837 842 84 830 168 90 127 167 101 850 865 829
57 229 174 55 59 733 85 807 761 8 726 243 89 755 812 86 94 972 39 203
571 588 376 380 428 558 1183 622 1185 586 411 1193 377 579 619 382 418 606 390 463
1003 1061 1092 973 991 1082 1019 967 1080 1086 976 1028 1050 1058 974 952 1047 957 1040 1087
826 867 808 856 840 796 930 170 177 888 799 887 883 166 806 885 804 171 155 864
182 749 920 221 274 963 952 47 794 197 276 90 83 198 977 207 42 158 770 750
81 224 228 243 108 746 71 127 195 67 167 988 78 978 18 60 227 188 115 754
277 318 297 268 255 768 733 753 714 725 354 320 339 253 744 247 786 723 249 251
252 787 62 0 248 15 800 261 12 238 782 243 69 754 213 17 13 734 202 742
151 830 80 892 113 854 851 815 124 150 133 881 158 141 839 926 911 79 149 840
1133 1182 1169 572 568 1159 1149 1117 1119 1147 574 1107 1138 1135 1179 1180 1134 1125 1154 1161
835 926 939 949 848 801 144 943 861 164 890 155 957 162 847 950 160 893 834 151
961 986 189 1026 1034 232 202 222 933 1038 971 196 215 237 1004 974 183 212 180 234
30 699 248 335 232 729 16 199 19 339 316 201 737 203 785 684 77 660 326 307
71 185 969 267 198 926 208 213 228 749 983 112 767 758 166 959 40 170 771 21
432 576 573 613 433 624 390 588 612 412 443 1189 410 593 1106 453 1114 580 402 590
975 1028 982 1009 226 211 990 1071 954 180 936 971 950 179 214 947 202 225 956 194
242 747 247 54 60 814 34 38 941 29 44 812 272 205 783 314 182 956 745 189
110 164 213 795 826 139 235 124 798 104 122 140 138 60 178 129 136 102 231 808
566 578 584 398 537 605 583 568 479 577 402 471 625 553 590 419 604 390 414 575
967 1017 215 974 229 1041 184 231 1003 177 178 1009 1072 990 971 237 1047 1015 236 946
276 723 730 262 240 753 779 35 57 716 312 712 756 754 321 233 740 278 690 314
277 776 291 45 290 778 782 752 708 47 797 196 775 297 768 198 268 757 62 726
256 794 743 787 945 191 170 59 235 17 242 730 9 248 738 25 781 244 196 233
200 978 165 233 211 189 982 183 80 256 808 930 246 1005 248 809 232 162 221 1019
940 960 1010 938 1049 971 1000 993 920 799 187 966 811 917 998 992 1033 1022 932 939
99 148 61 53 830 65 130 89 835 81 149 161 155 132 133 146 858 850 112 73
482 507 472 455 489 552 515 561 530 457 527 488 468 496 548 508 539 501 511 479
176 812 152 48 932 834 844 963 826 954 94 261 246 771 968 200 157 767 789 154
233 722 56 234 203 737 51 697 22 788 339 751 20 974 41 207 685 212 253 299
284 329 701 321 256 350 328 742 720 344 723 265 758 298 302 730 696 731 725 745
23 749 235 280 755 793 299 30 228 194 11 71 289 310 696 297 3 725 65 722
132 148 859 99 111 833 864 109 119 843 158 865 80 112 100 124 153 149 128 834
464 493 463 453 434 561 547 511 455 452 473 487 492 541 441 479 486 560 535 508
634 655 646 692 605 599 693 656 669 658 622 657 597 607 654 612 643 623 681 650
384 420 427 598 426 576 396 446 402 389 441 579 411 406 592 582 604 594 593 363
43 705 785 797 328 64 681 696 776 251 691 259 320 40 724 218 682 679 741 708
801 816 215 771 168 59 806 947 849 229 933 945 85 262 240 770 195 919 223 210
65 247 83 50 13 813 201 219 770 758 735 58 714 46 280 263 35 224 248 104
65 165 814 834 7 820 25 166 115 234 781 87 222 159 783 9 225 157 805 35
398 611 577 399 603 391 365 416 410 608 621 383 403 414 395 575 649 631 586 420
304 726 252 335 770 331 778 701 234 254 2 759 753 741 32 243 31 40 729 293
228 951 181 249 213 757 260 745 233 220 763 1042 808 738 1025 218 967 172 202 1040
959 1029 955 974 237 1011 942 1049 968 1054 1036 1033 1066 928 978 200 1045 957 187 204
702 749 3 689 307 328 360 323 669 38 317 33 354 783 717 32 4 211 335 11
1133 1187 1105 1131 1158 1145 1155 1186 1157 1193 1137 567 1144 1188 1112 1148 1141 1154 1119 1160
465 563 497 460 496 573 455 512 457 535 577 508 539 579 582 506 534 560 501 442
4 703 41 23 796 345 314 305 311 63 671 773 207 780 6 310 1 24 795 357
827 905 872 824 861 864 854 918 161 828 888 910 853 816 914 878 876 809 897 889
965 995 1036 1012 227 988 1029 979 199 976 1051 959 1054 206 178 983 221 953 1033 180
388 580 581 587 619 450 566 591 363 439 421 569 578 585 419 563 399 370 436 447
863 886 903 821 857 832 849 888 828 137 829 902 141 840 869 870 871 862 853 860
224 794 988 750 56 188 966 34 728 953 200 741 268 194 193 28 785 780 790 951
193 978 190 931 977 753 933 797 748 802 60 807 777 168 951 1026 62 236 816 230
171 953 768 822 964 210 995 197 162 73 833 809 945 68 1015 175 87 93 233 59
220 744 785 17 960 35 713 175 818 24 719 729 273 736 763 2 768 43 40 797
372 688 646 672 727 684 371 695 713 390 400 408 675 708 393 358 687 691 347 716
989 1020 995 221 949 217 963 956 214 955 1054 1064 943 993 944 1052 983 1049 998 1072
274 302 235 308 788 334 747 760 292 750 322 236 732 282 283 726 312 775 721 746
71 102 214 216 153 54 187 99 66 124 115 68 149 47 137 256 104 210 198 81
457 560 539 436 472 477 553 502 493 478 574 584 485 552 530 564 482 451 582 470
233 272 766 69 74 281 722 64 753 964 232 290 788 262 315 302 734 194 36 953
191 777 720 934 220 67 27 807 756 977 771 805 165 776 11 785 956 982 266 784
265 780 190 778 290 268 288 762 194 26 189 241 784 287 712 741 34 755 805 65
661 677 682 680 659 691 673 704 663 651 674 671 670 709 705 377 639 652 701 672
58 740 318 799 252 271 787 738 706 15 702 265 88 212 697 12 781 22 45 258
264 768 47 59 771 767 230 35 729 252 744 795 305 225 201 770 254 775 745 239
446 481 1188 520 541 479 576 586 554 469 425 505 454 467 485 447 596 480 460 557
205 935 974 204 9 938 46 955 72 38 756 913 39 16 171 765 75 210 217 741
609 624 425 437 599 410 585 428 409 612 635 388 572 394 637 618 383 400 579 573
255 743 181 813 39 256 278 261 725 179 296 218 72 226 295 272 245 741 760 312
687 717 245 768 644 376 5 351 310 366 645 12 302 316 703 331 273 650 752 301
74 107 61 116 97 149 222 184 202 187 144 219 31 168 178 130 69 248 147 224
74 254 92 63 91 793 119 109 112 255 811 718 207 65 785 93 100 795 235 223
996 1012 1009 982 971 1071 967 1056 1065 963 964 1014 942 941 1044 962 213 1042 1059 1027
165 841 81 899 227 932 233 124 191 890 129 109 153 133 199 126 878 234 203 111
134 849 138 150 98 160 859 891 834 93 827 840 104 162 818 844 880 121 877 841
695 711 290 311 742 713 283 703 656 739 738 741 668 693 665 672 16 292 731 652
420 449 562 477 600 465 613 579 468 382 574 618 611 479 614 568 488 467 583 448
821 853 873 858 139 899 793 183 855 159 903 911 854 906 148 856 912 886 157 897
261 806 925 189 901 269 178 172 720 250 63 944 196 935 912 907 763 296 722 289
789 799 164 59 7 65 947 17 191 812 921 67 815 165 749 919 175 788 924 214
451 482 570 519 459 507 438 475 523 423 478 501 545 552 541 555 490 546 433 578
804 831 945 203 885 162 243 861 179 783 166 254 181 927 876 239 821 67 869 180
61 77 109 784 734 797 252 157 120 260 218 184 798 47 804 789 243 212 183 84
190 762 57 187 777 787 815 949 786 164 206 731 71 816 269 716 728 23 83 76
237 794 184 941 797 760 211 773 786 930 967 49 753 224 46 56 943 940 44 771
681 700 713 355 672 13 33 735 329 318 320 745 286 326 7 740 725 699 670 718
