319 368 309 391 420 32 351 474 367 459 406 326 442 324 20 542 452 375 403 439
322 555 268 285 574 554 542 323 314 294 366 364 378 264 301 559 346 561 273 579
560 588 243 284 214 619 290 551 269 209 621 211 546 602 578 576 261 584 614 281
872 926 915 867 861 875 925 927 883 910 896 901 860 892 846 912 838 844 845 898
457 472 346 402 464 459 398 408 386 434 491 499 18 14 347 436 17 534 501 469
123 140 746 784 110 807 798 760 105 107 128 816 788 138 139 96 775 100 828 754
322 381 552 285 337 373 397 287 555 405 353 297 393 371 362 538 547 558 400 379
2 407 449 391 446 392 439 355 11 10 371 385 434 30 23 467 19 466 424 430
481 529 535 462 518 491 487 464 501 473 486 513 525 499 495 353 516 368 540 492
746 764 781 699 813 788 808 763 783 709 821 765 820 131 770 833 738 718 123 828
331 464 424 301 413 393 469 408 379 426 417 373 321 318 348 500 476 451 347 472
350 472 373 353 478 499 497 491 481 539 469 487 393 510 330 320 452 318 396 27
24 344 348 449 321 451 471 34 323 342 370 324 378 31 508 352 414 338 469 459
148 733 721 749 747 734 185 757 798 712 724 715 184 134 188 678 817 182 130 750
363 437 2 448 19 26 435 379 16 423 326 460 422 372 371 461 471 395 401 538
739 822 821 790 112 844 124 684 158 700 107 135 121 786 729 772 753 760 709 699
665 684 647 664 667 703 627 634 654 673 697 678 635 674 644 692 642 636 661 633
339 504 402 345 460 530 344 368 509 380 352 397 511 469 365 378 383 310 518 388
23 356 335 364 41 312 318 319 458 407 544 353 20 352 388 30 4 348 412 5
827 834 765 864 745 772 784 783 815 87 133 869 131 787 779 145 850 854 852 149
114 804 91 132 137 839 83 143 783 767 121 772 102 88 139 92 786 790 141 119
153 818 134 201 126 764 811 138 164 707 756 817 732 181 725 751 159 731 766 211
100 118 120 128 91 79 139 97 144 101 831 806 825 830 124 777 841 807 93 823
290 547 531 336 326 540 305 262 344 314 552 364 530 301 515 307 537 576 575 270
402 459 352 390 11 12 362 353 458 401 24 420 394 31 36 357 5 17 457 377
127 810 784 138 134 817 90 142 778 763 110 148 145 739 151 102 839 733 803 99
730 753 822 771 697 694 130 816 137 675 754 692 733 705 810 154 156 682 722 689
441 460 470 16 8 27 22 421 412 348 5 372 354 23 355 417 31 444 357 29
37 380 469 402 26 406 19 449 390 48 54 450 397 370 409 351 347 346 388 47
622 629 596 586 608 615 633 587 636 189 616 610 619 638 191 583 182 190 640 651
371 413 427 346 541 466 467 408 7 365 463 340 473 424 342 461 6 17 387 26
327 357 397 332 385 370 449 21 354 535 461 404 383 362 360 310 381 20 546 316
808 840 781 828 809 872 783 773 904 772 106 757 896 822 770 830 796 753 895 767
754 788 789 127 732 829 804 770 802 824 759 791 772 819 834 764 821 786 826 124
431 455 368 371 447 374 360 21 435 34 394 350 343 479 338 469 18 407 468 30
9 440 18 409 447 455 424 444 399 31 465 450 11 369 454 467 15 423 36 453
326 336 469 477 309 403 542 546 365 286 465 349 323 18 358 357 343 289 316 476
282 579 610 549 313 230 300 616 580 303 592 291 296 570 606 613 256 576 258 278
836 865 93 110 875 878 101 853 896 841 786 828 134 104 794 857 838 831 892 866
8 26 363 23 360 43 32 449 445 439 42 403 2 413 30 20 436 9 454 35
54 388 469 395 470 63 59 394 461 52 44 47 55 65 53 22 321 43 386 34
769 813 764 773 134 741 817 749 128 760 735 814 725 833 818 787 121 117 824 127
136 773 153 747 140 794 744 826 759 758 829 815 141 809 836 129 112 109 113 814
327 391 26 55 310 478 359 551 378 336 377 351 13 20 361 409 369 554 468 10
361 536 357 375 358 23 506 327 490 512 356 344 472 339 483 493 364 389 415 383
333 475 543 486 376 381 504 530 307 458 359 465 330 507 539 472 493 302 526 488
178 602 195 231 228 196 240 174 580 220 202 610 189 206 573 571 622 265 181 207
306 557 281 575 566 260 348 300 550 337 287 336 345 249 261 539 325 263 267 313
240 266 187 297 603 589 569 551 230 597 210 612 179 279 282 553 584 283 592 571
244 578 292 568 610 260 229 250 617 188 221 227 581 597 261 565 293 191 193 243
399 456 480 467 432 441 383 14 393 352 55 374 366 338 429 355 409 471 376 391
334 468 500 410 361 350 317 488 510 309 491 298 548 371 388 326 511 343 302 20
256 567 592 557 598 292 571 231 270 250 248 314 577 309 264 296 286 251 285 252
423 439 14 409 458 9 393 25 443 428 29 424 2 17 22 404 23 1 427 418
128 790 776 739 845 140 108 806 775 760 761 795 835 118 833 90 132 805 104 103
150 810 783 787 180 837 120 734 749 754 795 767 148 781 155 131 800 840 792 830
896 926 906 914 909 894 860 856 897 919 851 850 916 892 853 895 858 908 885 877
906 912 879 901 862 896 925 873 883 856 859 881 886 839 920 872 878 911 854 858
131 813 122 791 744 129 781 123 93 691 694 88 835 693 759 89 746 805 771 739
579 600 251 287 189 615 629 290 289 595 564 224 576 270 597 267 580 292 575 617
139 836 798 750 814 776 90 89 774 873 767 769 98 119 753 127 110 87 845 109
17 450 420 21 4 442 38 363 443 341 386 412 416 411 434 388 45 399 358 375
776 784 134 821 124 741 809 838 131 128 123 145 806 803 777 833 839 816 826 819
544 559 334 291 557 335 247 553 271 505 575 370 285 284 500 570 352 534 509 252
699 719 720 733 737 698 731 687 734 747 697 691 705 743 692 729 819 727 732 716
219 250 578 593 158 560 236 214 229 558 568 171 191 562 615 205 196 281 204 172
164 180 613 182 189 199 603 218 201 244 160 185 154 179 159 210 232 148 147 602
877 911 905 840 896 914 863 910 865 913 858 879 873 841 861 925 864 920 929 860
234 260 598 296 190 249 572 225 589 240 554 216 617 222 295 600 204 300 561 563
874 922 877 889 875 904 898 851 892 916 859 879 857 929 890 880 860 861 850 840
180 224 573 601 236 254 219 210 594 589 569 570 255 197 206 571 606 156 178 579
360 453 343 321 418 326 25 317 382 367 537 324 390 536 393 411 376 372 435 364
152 161 225 153 181 168 169 825 143 157 732 209 809 220 826 185 139 184 814 811
268 293 553 296 325 577 552 281 549 319 314 243 272 242 585 261 303 582 580 312
7 424 427 428 398 455 458 439 38 14 464 456 421 429 34 397 441 45 459 408
449 466 30 361 17 12 344 505 343 510 494 22 368 480 395 7 10 482 432 476
360 410 13 536 354 35 0 319 540 361 374 447 408 322 377 421 471 428 459 373
427 437 426 446 440 449 396 456 447 452 394 455 4 367 402 412 9 404 407 468
134 778 841 746 132 104 138 117 785 90 802 152 755 115 153 96 750 108 811 147
236 574 573 168 249 593 192 226 242 240 209 270 255 562 241 280 228 227 613 584
106 121 794 144 103 93 848 139 817 845 140 113 818 135 120 119 775 98 830 105
313 353 543 504 309 400 450 292 284 317 563 280 477 333 297 384 393 270 360 330
491 522 475 485 534 505 520 495 502 536 467 537 508 465 527 519 486 538 513 523
282 547 252 576 332 555 306 506 270 320 548 364 317 346 262 530 293 348 556 304
159 173 152 609 610 736 605 616 606 613 729 611 234 240 168 186 193 151 603 189
116 132 103 810 790 854 128 826 760 147 121 781 90 809 130 746 131 95 115 123
205 618 181 178 241 632 643 170 185 252 204 589 200 239 598 222 186 207 196 194
174 188 594 615 242 630 152 598 624 173 247 221 595 626 190 604 596 203 622 209
59 78 91 92 76 98 81 58 89 54 46 74 67 69 79 75 47 64 50 49
866 884 921 900 847 876 838 863 889 905 923 868 894 890 882 871 896 906 910 844
316 556 554 291 553 289 542 333 303 321 255 259 277 325 545 369 575 338 314 302
158 725 745 186 737 724 178 740 755 192 149 170 156 171 142 199 206 747 161 731
560 583 234 595 300 275 559 285 247 317 235 571 568 314 277 614 278 270 590 580
371 389 362 386 317 328 456 335 44 341 464 354 6 35 25 462 395 369 475 474
250 578 215 285 266 595 291 213 209 283 253 615 238 224 211 562 616 218 206 559
506 534 470 344 467 340 491 550 496 353 352 507 547 468 339 521 497 544 337 518
319 345 344 275 459 541 336 361 398 465 28 560 362 503 316 464 374 475 403 385
334 507 392 471 506 532 312 394 461 526 497 523 549 347 539 525 321 335 474 510
136 798 780 790 845 133 828 800 795 104 801 839 93 108 134 137 816 750 837 827
360 378 542 462 382 347 479 41 403 21 34 377 538 39 460 389 375 471 449 474
273 565 276 268 281 309 571 239 294 251 237 548 252 272 597 282 289 561 588 269
859 879 927 921 892 867 850 855 849 888 882 923 914 875 926 890 884 894 854 862
628 641 637 627 665 624 646 655 649 661 602 644 599 186 656 600 635 617 189 668
762 769 107 835 115 125 767 828 791 129 793 801 119 821 99 127 771 806 132 788
9 407 42 440 45 386 364 8 27 424 447 466 393 390 402 455 39 406 376 437
313 548 339 320 330 536 535 316 312 542 325 303 354 328 278 555 321 281 315 358
736 750 768 730 719 695 727 779 790 794 763 749 815 781 774 155 738 682 775 753
439 448 2 348 418 372 458 6 26 440 393 5 356 368 373 12 366 464 467 431
13 393 411 34 49 53 439 341 385 382 417 416 35 456 28 473 400 11 373 52
868 909 862 843 925 883 879 928 871 869 881 915 922 835 860 926 911 907 876 878
237 614 623 243 175 223 205 594 178 196 238 166 580 218 626 199 587 641 582 220
329 538 374 377 341 554 490 515 327 355 504 467 532 540 310 476 518 311 494 493
43 373 8 335 472 60 40 446 410 454 387 344 445 386 44 319 42 406 17 1
147 157 126 172 817 218 213 187 151 735 152 742 144 788 197 148 814 134 204 800
120 792 780 129 783 136 745 811 761 822 790 840 100 740 768 801 831 769 130 93
270 301 318 259 330 586 546 556 243 267 552 555 559 321 268 333 336 585 295 282
107 141 813 149 91 118 839 781 116 802 780 742 783 821 816 817 808 104 99 826
18 467 408 410 475 391 425 8 32 411 392 403 491 380 338 386 336 375 503 328
768 804 137 125 126 101 140 819 781 100 128 798 772 788 773 807 835 780 842 741
38 369 394 44 350 543 454 347 478 330 405 14 317 401 451 391 479 398 332 337
618 627 237 196 630 586 188 182 227 231 652 207 201 587 173 594 244 649 647 245
346 479 458 345 323 395 455 362 452 343 21 470 376 531 509 461 18 536 394 330
183 221 217 249 595 260 174 259 257 611 605 612 181 609 239 591 229 200 192 214
290 565 546 307 558 567 302 255 301 592 292 287 324 258 563 328 325 314 543 312
354 396 402 316 465 504 374 41 365 394 444 350 336 387 541 317 366 395 467 7
745 812 747 771 737 775 807 714 731 793 133 738 748 782 141 715 148 730 822 823
171 218 160 161 174 619 152 221 606 245 197 588 219 196 591 589 189 193 576 194
150 194 132 611 243 174 743 158 229 139 238 170 809 735 807 216 169 164 624 159
324 333 464 472 288 303 543 459 335 552 318 557 554 540 316 463 458 296 350 291
310 324 294 567 344 350 327 389 269 356 550 392 276 313 291 553 362 467 302 371
267 278 260 556 250 574 563 590 581 298 318 265 320 244 593 288 239 587 283 569
14 465 414 473 462 386 368 337 388 367 30 2 428 419 331 407 481 450 402 344
107 822 141 829 733 152 739 783 128 760 790 737 762 756 831 154 842 750 122 95
310 360 387 292 282 296 416 270 557 397 289 271 355 317 349 374 453 386 543 448
408 428 30 386 21 365 362 366 371 407 375 41 455 403 388 353 37 440 17 2
407 461 22 450 403 10 441 395 340 384 396 427 1 478 361 331 43 474 353 24
230 607 210 192 239 240 612 635 190 211 180 577 252 182 208 582 241 199 249 216
390 443 3 31 336 400 407 422 11 56 333 323 18 349 462 42 355 446 433 397
147 733 161 754 679 821 719 747 680 138 699 705 759 750 718 133 816 692 828 797
397 469 39 497 7 50 30 509 404 369 4 11 368 12 0 394 534 364 477 475
853 891 915 896 884 925 917 867 848 833 885 929 850 116 856 903 886 887 863 855
414 453 437 427 428 26 460 353 366 30 20 469 440 356 417 339 347 2 9 377
412 447 18 4 437 463 433 388 21 423 368 406 15 6 27 372 356 425 467 25
33 459 386 51 7 35 48 469 438 400 439 347 23 371 336 28 398 11 43 471
191 208 241 610 167 214 189 222 215 240 628 226 239 589 251 618 219 201 176 249
46 400 345 383 339 349 469 23 417 58 4 3 407 61 381 472 435 415 20 445
36 441 377 14 23 426 45 427 453 397 462 380 1 454 372 55 382 53 368 424
231 615 191 250 253 230 164 590 599 192 573 187 567 571 583 245 631 640 165 201
213 248 260 586 163 184 262 235 157 580 166 600 572 234 584 257 223 263 277 169
665 673 677 647 669 689 671 691 631 640 645 652 655 649 642 684 638 634 668 680
