635 730 786 649 634 621 672 728 674 712 745 748 770 781 695 751 716 732 690 798
811 842 824 862 927 804 891 954 880 795 832 1023 964 885 854 79 691 960 22 57
29 49 851 881 900 25 819 948 12 901 898 799 85 909 853 1031 844 826 835 88
188 213 211 219 197 217 181 194 186 165 208 201 191 226 210 174 187 173 176 178
13 816 807 839 876 778 73 856 794 1030 783 5 931 1027 930 782 891 916 919 57
17 30 878 16 868 924 916 913 1035 970 877 38 961 51 819 977 971 918 827 79
973 1025 898 1032 849 97 848 811 905 908 798 962 33 1033 1000 959 37 875 987 877
951 961 139 896 846 967 137 885 973 61 80 51 85 927 968 849 826 945 77 944
833 887 956 846 16 1038 816 1024 955 829 54 930 804 8 855 912 820 959 891 911
189 198 187 212 209 210 166 185 207 202 175 178 186 206 213 173 217 183 171 215
1027 1034 1028 1021 23 821 972 32 1020 806 905 932 809 840 893 846 930 823 882 810
779 809 861 21 870 869 37 723 689 832 771 759 868 1038 25 666 878 849 895 760
695 710 781 666 795 780 675 668 739 590 807 794 799 674 665 785 786 797 735 670
28 1026 853 26 799 931 814 861 844 88 1022 77 837 824 1030 19 914 1038 885 908
14 922 904 901 915 925 927 69 1037 82 924 834 848 814 851 930 849 39 53 919
918 956 969 103 892 21 816 6 43 891 911 40 115 4 47 888 1027 822 936 879
16 901 1033 904 32 26 4 811 60 834 903 5 880 1031 848 902 824 948 879 809
334 366 226 330 263 258 327 273 397 333 342 249 257 307 385 398 243 326 380 314
43 887 876 54 61 22 77 51 880 961 79 16 852 911 15 859 881 941 849 88
815 1037 867 1033 811 1023 806 882 9 934 829 30 924 909 59 778 857 786 822 905
29 892 863 876 942 806 86 1039 811 885 957 67 895 12 20 9 853 812 845 71
812 890 35 900 835 792 59 1025 791 824 820 836 961 799 69 777 935 7 851 895
320 385 227 226 324 361 230 312 332 333 338 292 399 279 296 294 335 384 394 284
45 952 135 14 16 44 821 60 922 805 845 811 111 873 937 813 69 960 903 73
182 197 223 211 225 206 168 209 153 217 173 174 191 201 167 189 151 184 164 152
144 163 956 152 180 176 110 153 137 187 118 145 114 146 82 959 148 179 125 134
108 136 125 141 79 118 123 958 124 48 58 949 103 99 51 170 65 133 97 975
633 682 713 776 740 699 659 599 658 727 741 772 600 805 801 678 808 664 610 675
658 665 753 786 742 673 713 653 778 716 674 690 639 743 638 696 780 740 666 785
19 839 10 951 889 920 26 45 32 76 1023 853 67 830 85 52 818 23 823 842
229 247 264 319 283 327 289 253 273 298 226 215 333 293 214 331 244 320 231 296
634 739 742 626 740 760 718 758 753 771 635 655 764 715 619 709 658 682 620 782
100 966 60 939 128 112 910 841 88 901 840 95 102 49 46 957 884 30 934 960
687 792 775 666 751 716 806 683 664 817 651 765 724 739 870 656 734 680 738 649
246 299 268 284 326 382 328 249 233 265 337 252 384 307 313 315 277 381 222 314
770 800 671 731 1035 799 868 657 737 801 675 715 751 719 698 651 789 762 595 710
854 1037 26 1018 21 23 59 924 930 1023 25 19 31 923 899 62 974 916 58 928
757 791 732 870 759 765 799 590 769 683 685 670 680 741 746 592 767 666 796 753
838 1037 866 819 943 903 831 938 50 928 957 32 911 889 880 919 3 932 936 53
43 1026 1024 64 965 36 20 1 54 847 937 825 886 851 949 854 900 831 931 917
259 293 291 260 325 230 341 218 249 275 367 366 336 263 225 382 300 324 253 282
645 776 798 676 807 810 669 693 731 765 638 742 706 713 791 752 651 640 678 785
83 959 115 145 845 885 49 69 887 9 74 130 64 975 945 132 957 946 903 900
86 99 978 944 79 113 849 22 92 109 70 24 76 939 80 123 42 982 145 49
75 885 22 888 110 35 40 867 96 139 916 1029 931 19 846 957 963 897 137 47
14 824 12 919 910 836 804 70 813 848 42 932 853 52 933 25 1030 15 55 834
629 765 761 703 806 610 631 779 807 606 743 602 653 786 783 645 702 773 623 611
810 866 858 19 908 744 49 785 778 918 849 690 1015 799 812 15 1019 772 880 975
229 328 364 274 262 340 277 320 271 282 222 249 380 398 326 387 360 303 388 217
262 290 289 364 254 325 366 334 316 284 219 297 282 216 226 306 248 291 338 305
154 176 134 133 159 167 109 114 146 175 113 107 157 144 166 163 192 156 127 186
709 797 1037 804 874 765 720 712 756 819 682 627 865 876 808 730 780 775 664 856
220 287 277 231 306 272 252 261 366 237 181 207 234 235 259 233 311 342 281 249
0 954 890 1039 926 14 126 923 143 141 940 847 21 922 117 36 828 896 35 881
838 937 852 897 77 128 83 75 927 968 35 76 113 118 926 1029 117 23 50 891
971 1005 851 90 977 25 1028 110 877 979 1018 74 96 854 39 48 114 40 1016 965
121 140 89 54 932 162 930 67 51 113 955 150 964 64 151 116 79 942 967 68
806 834 801 21 898 702 56 856 843 1036 10 790 842 849 932 20 39 923 1029 857
639 725 720 714 703 665 705 687 626 750 735 765 599 754 656 764 759 591 597 633
1024 1035 823 833 25 43 834 1010 55 853 36 19 1034 896 886 887 807 973 975 1020
163 188 194 116 207 147 139 120 141 117 174 125 151 126 165 205 213 143 155 127
714 739 712 597 785 727 740 773 737 808 630 696 759 735 710 718 721 674 793 768
288 330 290 296 382 340 285 251 257 266 318 341 219 244 311 283 231 253 245 314
633 741 644 659 767 803 608 798 698 649 682 739 785 714 782 765 672 796 684 677
59 952 841 43 817 82 1036 812 37 5 839 110 837 70 937 18 73 116 48 820
221 268 332 250 328 316 255 360 327 177 279 248 287 235 283 330 180 304 342 264
38 842 862 936 927 947 935 916 846 80 91 830 82 27 944 924 805 948 90 933
79 956 115 103 99 58 848 144 40 23 911 912 128 886 973 942 964 895 833 122
46 104 939 54 966 886 883 34 980 125 1027 885 864 898 118 18 854 1025 64 139
146 958 23 64 974 67 903 99 21 925 72 894 890 888 58 942 121 45 965 896
79 896 88 972 878 1034 12 809 829 894 1026 841 53 111 967 16 40 1 872 953
190 204 187 168 196 198 165 218 214 220 186 188 210 219 215 203 179 192 222 182
6 57 123 108 76 888 79 87 925 81 926 840 893 950 959 33 48 941 5 125
302 364 385 245 260 224 294 251 383 296 278 248 308 363 348 238 284 349 235 386
687 809 885 663 859 828 744 694 918 794 1032 851 683 805 827 692 831 49 900 635
39 916 841 870 10 869 65 927 945 26 954 8 914 889 52 1017 1024 42 968 845
805 1025 848 708 774 977 840 905 799 815 25 885 868 793 699 745 19 1031 764 855
112 120 167 70 138 79 929 107 91 952 58 162 90 126 48 68 142 87 108 77
128 149 151 65 145 88 117 74 134 160 91 146 158 165 934 943 79 80 959 116
52 1037 911 22 11 898 850 901 969 862 903 812 105 13 37 891 906 83 70 899
129 959 78 941 931 140 930 43 882 148 976 91 926 24 911 151 122 94 970 102
277 361 254 360 364 243 380 240 289 303 279 311 366 219 309 338 341 269 216 310
646 701 759 702 651 806 698 762 805 693 595 713 658 636 751 696 645 775 592 661
257 339 244 383 363 223 319 235 299 337 286 332 260 281 269 331 285 338 393 336
62 825 944 136 124 13 913 118 70 919 893 20 943 38 37 58 80 112 72 1031
746 788 741 630 704 784 706 814 642 707 724 797 771 757 635 637 718 662 645 650
592 659 675 615 686 622 633 766 655 637 706 623 604 661 740 717 665 749 720 613
848 871 809 930 863 4 51 806 883 76 800 21 44 928 821 43 22 927 962 921
81 912 968 129 936 825 134 43 11 29 145 955 850 90 1035 1036 102 939 28 131
982 1012 966 860 978 964 976 868 967 1009 97 988 1016 1019 854 971 95 965 972 968
16 43 1036 839 919 950 971 967 72 12 44 912 28 1 902 884 67 69 813 875
889 954 962 122 35 869 58 866 953 18 814 1023 932 872 964 1037 21 946 903 120
51 899 913 882 28 878 960 844 827 58 815 105 918 813 958 108 930 879 898 39
109 974 958 74 119 947 59 128 969 863 858 975 93 155 953 1022 149 99 968 1023
989 1001 975 1009 1015 1005 971 979 1003 1021 1000 1008 1002 978 985 1010 1004 977 1020 1019
262 300 234 294 386 380 218 230 362 361 244 247 237 364 299 327 339 296 252 291
19 901 61 21 34 870 11 49 884 908 1027 941 821 958 910 812 890 880 23 873
899 1026 825 59 963 935 799 900 931 32 797 839 7 955 908 1014 1016 906 57 897
135 950 970 171 162 170 117 829 902 108 156 948 898 154 912 967 1 11 6 103
810 891 3 833 54 882 774 817 961 1 826 15 823 1029 785 900 953 740 780 790
647 665 633 685 692 734 686 768 668 649 727 701 736 761 702 627 646 747 729 641
11 28 928 19 952 968 60 953 850 901 9 918 48 830 809 831 826 18 921 818
25 820 40 838 912 67 963 69 50 60 86 841 829 27 1020 805 822 909 62 925
822 930 122 2 71 1031 830 24 887 1027 809 955 886 917 912 853 945 919 871 83
10 943 932 85 13 119 843 2 50 128 916 134 20 944 889 838 946 930 883 112
102 138 959 67 159 74 66 125 979 152 973 43 971 156 88 136 153 982 132 173
922 1037 77 19 921 917 816 800 804 878 24 11 797 83 52 828 1028 931 945 942
92 964 879 897 931 105 119 907 965 958 61 883 107 85 890 909 950 938 94 95
885 1027 828 886 823 10 902 843 866 971 3 874 0 821 943 910 956 74 812 1013
43 898 66 894 18 104 33 60 809 859 72 1032 941 86 805 8 69 947 77 1025
25 848 48 894 860 810 1039 87 937 928 823 77 811 972 27 880 806 942 899 941
25 938 907 911 836 937 48 939 56 831 70 61 802 903 812 68 899 864 19 47
24 1039 863 53 42 953 907 818 913 799 11 47 5 18 25 869 63 824 821 855
46 836 818 77 815 854 39 849 930 907 9 963 877 954 1025 917 1022 891 1029 103
21 925 803 52 872 1026 899 817 960 837 936 807 943 51 954 896 859 938 47 940
279 363 317 364 382 244 232 315 285 241 335 222 243 227 293 278 217 330 333 340
666 681 742 699 784 667 787 736 734 646 788 635 737 591 654 634 789 643 691 661
593 655 751 617 592 738 716 769 601 645 786 783 634 600 755 779 620 756 723 766
15 955 1038 846 10 51 913 933 120 113 921 908 63 119 20 42 77 101 46 78
341 362 237 324 295 269 279 250 249 257 266 385 290 242 349 273 326 259 293 333
336 380 395 410 333 242 322 278 341 247 393 318 381 286 360 260 332 252 248 257
19 1034 50 894 954 902 22 54 62 841 828 848 41 910 36 868 946 1029 817 1032
882 889 864 801 800 1 926 24 912 949 942 47 55 866 40 43 1027 28 1022 861
46 51 926 22 916 53 118 108 85 67 887 840 922 25 57 924 894 944 950 970
644 661 698 732 658 712 592 596 632 768 680 630 689 753 722 793 764 597 667 775
595 648 664 673 696 746 729 711 663 750 779 617 644 610 767 638 778 777 721 660
720 739 765 593 789 706 793 800 749 741 635 784 726 767 674 668 795 808 645 665
184 215 180 204 206 200 195 207 169 210 211 216 218 199 219 183 173 156 172 163
707 779 710 674 645 782 792 722 630 789 629 790 654 702 799 764 765 719 708 813
91 986 978 1021 92 965 1004 862 961 116 973 129 980 81 864 1020 962 118 970 1017
1 908 839 55 1035 961 843 822 34 1028 879 905 25 26 874 877 899 820 927 24
976 989 864 97 1017 100 1020 867 1023 861 104 849 868 1015 859 986 979 1009 971 860
9 894 61 1034 837 45 850 884 920 56 1029 808 78 900 948 35 933 1 20 834
37 53 823 7 861 956 937 88 821 26 849 942 802 1036 974 803 9 865 1016 1028
48 815 11 21 806 16 844 1032 1025 932 924 4 80 1039 775 67 967 52 86 831
848 864 47 909 817 51 851 85 863 819 825 926 63 824 968 931 55 1023 832 876
917 1026 872 30 952 968 68 811 881 56 909 46 31 816 943 914 874 1036 1033 819
296 386 247 231 258 218 261 340 254 406 338 304 307 257 398 381 362 320 236 348
47 863 867 953 1009 803 897 41 43 1007 852 1039 946 949 907 905 42 824 65 1011
229 338 270 389 223 384 295 277 231 279 275 387 274 336 250 222 332 216 325 218
5 907 911 843 13 892 811 899 870 822 77 883 947 42 49 2 933 52 890 836
233 310 327 288 248 339 363 279 287 294 230 361 307 262 237 289 276 338 337 259
236 293 225 368 308 279 305 280 251 304 302 336 325 292 297 338 221 330 172 295
37 54 65 1023 1035 126 9 108 900 1027 34 21 1016 86 1029 932 59 832 809 851
848 1018 47 976 889 871 911 852 819 49 1039 972 828 839 977 15 6 25 935 64
891 941 946 828 819 4 822 830 889 56 119 814 131 956 965 950 959 37 846 902
37 981 90 47 900 968 842 813 85 102 94 861 1020 845 20 45 854 58 9 891
46 54 108 1027 898 946 81 83 56 835 107 962 11 956 104 47 13 813 970 817
675 782 806 716 687 683 748 649 792 658 699 794 659 700 677 703 631 790 733 638
312 361 318 384 289 294 333 322 305 336 382 387 327 330 265 235 325 310 307 388
