1459 1503 1506 1302 841 1516 1429 1473 754 1515 1490 1485 882 1449 1532 1498 1517 1453 752 1539
691 721 679 719 731 689 669 671 692 714 688 746 734 641 660 716 750 681 740 649
592 1014 1044 585 1040 1037 1001 1000 1002 982 1006 578 1045 990 979 546 569 1042 607 621
556 971 602 934 940 1014 958 593 1005 966 941 532 529 572 987 552 1007 598 568 992
1413 1449 1447 1442 1348 1463 1443 1352 1393 1474 1276 1288 1446 1349 1285 1289 1246 1362 1354 1286
856 878 1473 816 1480 1528 1523 827 810 1477 1548 1543 864 1492 835 1538 860 1490 1518 1542
604 1025 558 996 1016 1037 1376 1346 632 1357 608 571 612 1030 1003 1050 566 628 1004 1046
868 1476 1498 813 1455 762 1492 1449 773 812 776 1490 1504 1527 772 861 758 837 1466 1544
1063 1169 1184 1065 1165 1171 1054 1080 1040 1050 1084 1181 1077 1058 1162 1086 1082 1060 1160 1079
1279 1345 1236 626 1212 1256 1243 1045 1247 1219 1399 1354 1206 616 1375 1238 1209 1258 1300 1355
1253 1414 1190 1317 1266 1242 1344 1336 1202 1248 1231 1227 1372 1219 1265 1355 1237 1205 1203 1263
1244 1281 1407 1339 1381 1303 1358 1293 1414 1312 1430 1302 1297 1347 1046 1054 1190 1385 1258 1425
1448 1480 1454 1465 1313 1284 828 1408 1279 1319 816 1321 1463 1416 1507 1436 1514 833 756 1494
1207 1216 1231 1251 1262 1376 1202 1369 1297 1194 1215 1379 1246 1037 1378 1281 1279 1249 1267 1223
49 86 46 121 122 106 126 73 238 24 56 59 114 249 60 19 78 34 6 69
502 926 899 498 382 485 512 959 918 891 907 396 960 920 527 903 963 922 972 974
1256 1410 1366 1447 1208 1225 1403 1348 1326 1321 1411 1190 1050 1219 1334 1438 1336 1320 1328 1342
1294 1382 1412 1394 1377 1439 1223 1340 1355 1208 1332 1191 1335 1393 1219 1032 1409 1252 1438 1259
599 630 609 1333 632 563 1018 1020 1334 646 661 597 562 620 642 1342 578 639 615 1331
635 647 656 679 619 627 646 665 703 659 614 628 634 617 680 668 674 701 673 683
510 521 487 486 543 938 504 538 983 503 533 485 544 943 984 948 551 536 930 540
1237 1316 1414 1327 1253 1302 1265 1245 1295 1432 1322 1174 1299 1390 1443 1030 1423 1409 1369 1380
241 261 38 242 215 6 225 33 24 19 1 214 23 40 216 251 287 31 2 267
1044 1228 1175 1369 1070 1317 1325 1188 1329 1055 1282 1380 1306 1284 1345 1054 1367 1274 1390 1049
1346 1423 1388 1332 622 1396 1461 1243 1225 1199 1397 1257 1228 621 1441 1316 1376 1244 1428 1324
1048 1168 1247 1213 1326 1170 1322 1209 1081 1178 1190 1268 1243 1165 1034 1084 1204 1174 1219 1167
1266 1383 1222 1030 1417 1305 1218 1045 1438 1252 1251 1415 1196 1377 1338 1181 1039 1281 1197 1271
1269 1434 1324 1284 1443 1353 1471 1319 1415 1451 1208 1354 1400 1243 1241 1437 1393 1305 1432 1469
1213 1297 1276 1427 1432 1283 1044 1043 1215 1457 1421 1284 1287 1366 1263 1455 1423 1420 1363 1202
1336 1355 1239 1282 1275 1280 1313 1292 1285 1424 1371 1298 1028 1237 628 1253 607 1188 1271 1251
633 650 648 614 655 613 703 641 635 684 634 691 612 606 637 642 649 670 632 622
1091 1108 1078 1069 1125 1144 1159 1062 1117 1070 1086 1138 1163 1145 1119 1161 1137 1105 1166 1157
1187 1257 1192 1055 1205 1299 1054 1202 1405 1031 1208 1070 1293 1353 1216 1434 1278 1428 1346 1230
1 38 59 64 75 36 255 91 96 72 206 86 48 101 4 219 30 105 49 69
1088 1156 1075 1094 1099 1108 1068 1095 1067 1163 1124 1131 1071 1097 1141 1116 1085 1090 1100 1091
1233 1353 1300 611 1346 1372 1330 1366 1276 1279 1205 1264 614 1302 1321 1249 617 1236 1251 1347
311 343 381 281 345 289 346 271 350 376 320 279 319 273 316 375 380 290 310 296
395 425 459 427 460 441 415 486 942 381 426 933 384 893 366 360 413 409 915 446
180 212 190 136 1 141 150 154 140 161 192 204 226 175 21 130 24 142 138 246
521 941 948 506 909 954 919 408 542 536 968 527 924 385 911 967 913 404 554 495
614 1367 1233 1033 597 1409 1019 576 1364 1018 584 1414 643 1016 605 612 1237 1420 639 583
687 706 648 640 721 653 716 664 666 669 742 651 676 740 725 705 713 724 734 659
140 163 111 116 172 175 103 192 157 178 174 139 170 180 109 176 166 98 124 112
46 104 98 15 66 38 134 92 0 48 253 19 94 96 86 229 71 241 91 7
524 981 966 495 1015 579 505 924 543 564 514 521 552 542 972 1010 500 949 499 575
1494 1509 1444 1526 817 784 780 1503 1486 1484 1477 1443 776 1467 791 812 752 1447 759 787
396 923 905 384 386 493 954 935 895 497 899 358 397 962 441 975 897 392 967 482
674 708 645 703 718 669 701 677 634 675 637 739 649 651 723 736 741 737 670 679
1227 1277 1415 1258 1437 1413 1054 1049 1321 1232 1203 1282 1376 1285 1350 1245 1280 1402 1218 1369
323 363 344 404 313 364 273 345 348 290 325 365 343 301 338 275 399 341 347 354
1063 1176 1201 1035 1065 1181 1073 1185 1161 1087 1078 1092 1081 1193 1310 1322 1324 1199 1318 1326
765 1456 1504 813 1439 1300 816 1527 1500 788 806 1445 784 817 785 754 793 1534 1316 1426
1419 1451 1287 1254 1477 1363 1324 1337 1356 1429 1422 1306 1266 1433 1375 1281 1267 1292 1352 1495
1207 1230 1182 1276 1264 1370 1287 1035 1278 1316 1354 1057 1369 1259 1054 1243 1313 1266 1292 1195
1241 1355 1045 1280 1344 1416 1410 1376 1049 1191 1232 1394 1185 1374 1310 1044 1269 1192 1287 1027
339 358 383 304 381 355 346 331 287 290 279 292 309 391 399 365 395 353 334 335
1238 1363 1030 1413 1029 1244 1411 1209 1312 1300 1245 1351 1325 1385 1246 1335 1357 611 1205 1333
1232 1308 1188 1212 1395 1427 1455 1353 1034 1234 1336 1311 1316 1265 1296 1367 1203 1211 1441 1423
12 63 52 57 24 212 31 15 245 236 230 43 92 37 49 88 89 211 225 201
379 393 910 906 431 356 373 901 381 348 424 426 414 896 359 371 345 401 430 390
1343 1397 1386 1246 1418 1232 1370 1215 1362 1379 1432 1274 615 1050 1192 1247 1332 630 1296 1376
753 1508 771 1466 873 720 1502 879 880 741 868 1498 1546 755 1503 1532 1495 765 764 745
964 978 560 989 979 957 972 510 528 1006 1010 936 502 507 540 1004 924 983 946 923
205 231 199 217 178 48 201 254 103 269 181 177 275 22 272 143 271 212 41 229
1039 1194 1352 1351 1262 1042 1225 1309 1018 1027 1298 1064 1259 1192 1299 1291 1248 1026 1289 1273
773 1503 807 1452 764 765 760 778 1507 1504 1499 823 1480 814 1536 1459 1544 1492 1490 766
930 969 490 551 545 515 980 947 521 570 499 912 922 958 983 406 382 960 400 968
1064 1168 1159 1085 1177 1039 1077 1040 1163 1054 1198 1171 1155 1178 1069 1200 1063 1080 1189 1061
817 864 815 791 814 787 896 780 844 884 841 887 796 847 1470 875 852 818 1477 886
1041 1221 1285 1181 1252 1059 1340 1198 1049 1358 1227 1180 1287 1333 1329 1169 1282 1187 1174 1264
1325 1388 1208 1179 1414 1253 619 1258 1223 1295 1196 1285 1233 1406 1263 1448 1267 1204 1277 1357
120 161 121 86 221 172 177 170 145 107 188 164 171 173 130 72 190 192 166 151
509 991 1006 976 934 972 1027 497 570 975 534 930 484 928 486 582 571 505 543 1004
1051 1236 1210 1242 1348 1016 1346 1278 1020 1033 1335 1179 1243 1197 1326 1216 1070 1389 1372 1357
578 994 1022 992 617 973 565 594 976 531 536 608 996 971 539 1032 979 606 990 592
1045 1265 1194 1420 1259 1236 1360 1331 1290 1017 1387 1394 1241 1030 1293 1215 1044 1207 1062 1412
1246 1306 1270 1256 1428 1290 1413 1242 1040 1351 1330 1334 1396 1228 1178 1041 1432 1440 1419 1411
510 980 995 996 576 490 571 945 941 584 1003 934 511 999 992 948 568 957 517 514
871 1506 796 1491 894 1464 860 1522 766 788 876 834 846 884 1496 1511 1538 1459 885 797
1423 1438 1301 1334 1315 1467 1388 1472 1333 1332 1440 1415 1266 1465 1446 1403 1336 1439 1457 1428
1203 1358 1238 1212 1179 1402 1245 1393 1210 1194 1274 1216 1061 1413 1062 1300 1332 1280 1185 1022
1046 1259 1347 1334 1006 1329 1262 1299 1433 1063 1215 1328 1341 1050 1338 1246 1017 1387 1418 1350
1048 1259 1415 1341 1245 1222 1246 1235 1386 1423 1238 1075 1231 1432 1426 1216 1224 1078 1066 1183
760 1531 897 753 1503 898 1525 773 732 1483 884 887 787 783 780 1461 777 1533 1473 1493
509 935 476 379 905 915 970 510 515 489 399 955 904 979 497 899 531 909 916 408
299 333 265 312 295 317 293 302 313 325 360 309 350 310 322 274 359 339 338 369
32 93 52 122 68 61 227 135 28 22 140 134 119 86 124 65 81 240 1 57
782 828 848 820 1490 1494 840 821 786 824 868 1515 1467 860 879 787 800 858 836 1489
559 966 535 925 487 1010 935 968 952 481 564 967 580 947 589 574 1012 584 595 955
1240 1318 1231 1327 1316 1257 1300 1189 1192 1422 1210 1045 1185 1364 1452 1243 1039 1218 1436 1427
510 523 923 938 991 522 927 985 924 981 520 935 502 945 922 984 514 491 977 551
841 1486 1440 840 737 813 889 824 742 829 1464 845 779 826 744 1516 838 1487 1470 763
1299 1424 1293 1338 1372 1420 1304 1307 1187 1289 1385 1244 1184 1448 1336 1423 1240 1261 1241 1044
1244 1280 1293 1400 1347 1391 1421 1409 1422 1188 1277 1395 1414 1038 1376 1215 1257 1349 1389 1206
504 985 1010 547 954 997 558 531 581 968 529 512 924 580 494 488 973 971 982 919
332 366 379 410 281 383 348 345 388 343 381 382 352 276 290 399 306 347 353 393
1395 1435 1406 1410 1426 1297 1313 1244 1407 1321 1319 1286 1353 1475 1285 1367 1260 1466 1434 1289
210 236 2 220 11 229 35 276 216 175 211 18 274 259 17 105 142 15 260 31
187 221 230 270 236 216 232 258 128 164 13 226 259 155 176 29 242 250 11 188
1217 1352 1042 1417 1373 1338 1223 612 1260 1267 1346 1371 1204 1401 1345 1020 603 1396 1254 1425
51 249 45 90 113 216 79 43 33 105 114 111 270 225 8 75 259 21 29 3
1398 1411 1433 1282 1359 1425 1292 1422 1334 1307 1399 1261 1316 1395 1363 1254 1263 1230 1361 1239
229 241 264 270 35 22 246 1 112 111 266 49 31 265 218 273 115 193 269 258
1171 1194 1232 1290 1240 1037 1294 1310 1062 1039 1308 1032 1246 1288 1200 1262 1255 1189 1181 1050
5 24 100 205 208 97 29 33 45 87 255 222 7 234 203 217 53 221 212 201
485 953 502 938 988 940 561 915 923 527 936 962 965 509 916 422 531 478 530 479
1159 1161 1097 1162 1135 1153 1136 1073 1092 1129 1147 1088 1123 1086 1060 1074 1062 1139 1081 1138
1397 1432 1357 1372 1420 1289 1362 1355 1374 1381 1425 1340 1269 1344 1229 1254 1273 1305 1405 1334
397 420 473 935 481 388 924 913 423 468 901 415 375 462 918 945 453 928 451 909
1211 1385 1247 1237 1224 1244 1374 1266 1372 1044 1291 1284 1428 1053 1190 1230 1384 1251 1050 1402
550 970 997 945 576 537 567 538 949 940 998 966 956 494 596 521 592 560 933 540
554 997 536 544 1005 598 555 1013 991 1007 579 954 1012 1029 982 1026 994 552 955 589
802 873 787 1538 1513 828 780 862 784 1545 769 821 1537 861 1484 775 1500 798 849 791
1346 1399 607 1287 1400 1434 625 1353 618 1423 1416 1190 1192 1294 1412 1255 1253 1280 1383 1397
1336 1380 1425 1422 1399 1245 619 1429 1375 1321 1038 1348 1210 1387 1293 1299 1388 1184 1206 1319
172 180 183 167 158 164 195 203 187 182 215 210 152 202 170 166 124 136 217 148
816 1493 1540 1457 1496 1489 879 1480 753 1472 873 1504 827 1524 845 1477 833 1466 813 777
585 618 1022 593 1359 1358 990 556 570 1346 1002 1361 1017 1003 611 1000 603 1347 565 592
1255 1438 1309 1256 1289 1347 1189 1194 1446 1338 1381 1188 1285 1425 1275 1333 1393 1228 1215 1383
417 438 394 406 385 411 410 389 391 476 396 392 383 473 424 432 462 442 440 459
436 454 422 481 471 405 432 427 441 438 393 463 395 431 388 392 468 413 464 476
797 821 819 851 853 849 1482 811 1516 1521 842 868 857 1498 1524 1519 1536 1507 1544 870
391 900 376 372 939 359 418 871 875 944 390 485 478 911 411 1538 366 943 1549 435
531 965 566 511 958 558 931 922 546 947 557 917 933 535 556 936 959 934 532 483
257 270 245 310 303 234 235 316 15 246 315 17 233 308 268 299 281 317 292 296
1322 1339 1391 1048 1054 1310 1260 1364 1372 1330 1280 1200 1233 1326 1242 1324 1392 614 1379 613
1220 1283 1227 1040 1346 1282 1338 1200 1244 1394 1431 1397 1184 1296 1377 1190 1371 1294 1256 1407
555 1006 949 1020 978 596 977 1045 558 1044 993 981 963 600 985 1014 986 584 1005 998
657 676 642 622 665 630 633 706 688 709 685 664 680 700 712 701 699 632 716 647
595 996 557 628 975 565 583 1019 981 567 969 1022 570 1018 569 1007 530 1031 980 613
1462 1498 866 795 807 1456 1444 756 1477 1429 1535 842 843 1474 852 1544 1528 790 1506 878
1366 1397 1031 1433 1314 1252 1374 1358 1034 1212 1318 1278 1428 1211 1316 1298 1213 1026 1432 1216
601 1008 986 1027 1039 1006 565 979 1018 591 1028 628 607 988 615 992 1011 975 1035 576
1330 1399 1360 1311 1335 1051 1178 625 1316 1394 1391 1263 1367 1046 1045 1376 1366 1177 1438 1256
20 228 260 51 85 19 7 44 73 98 91 15 26 266 205 112 50 279 24 200
785 1527 818 831 850 827 1547 760 1529 857 799 859 1489 1487 763 1507 795 838 816 836
707 733 725 696 722 674 715 697 684 753 755 717 737 742 719 704 673 656 671 740
392 933 919 374 382 899 940 965 487 384 387 416 372 508 411 354 976 475 507 908
1222 1292 1424 1441 1272 1409 1204 1223 1183 1196 1233 1413 1281 1443 1351 1238 1428 1343 1371 1191
1383 1416 1211 1277 1286 1392 1349 1452 1389 1307 1346 1244 1347 1315 1238 1426 1035 1292 1235 1337
563 583 966 587 971 528 988 613 558 974 612 1001 961 546 614 1005 552 581 543 526
42 85 7 82 51 117 111 101 62 254 79 27 244 54 94 23 120 21 118 75
294 342 364 363 319 346 283 316 330 281 309 280 343 345 295 260 353 341 299 291
932 975 1002 999 957 548 974 930 1009 914 953 992 488 516 574 940 552 546 989 939
18 79 230 22 76 237 238 42 109 16 211 50 36 15 125 100 219 116 54 66
1499 1544 861 1523 1545 1477 769 1495 1504 766 1524 812 898 1532 1509 1535 860 798 779 1456
1079 1118 1164 1062 1098 1112 1104 1067 1050 1097 1110 1163 1064 1152 1167 1087 1113 1048 1117 1103
109 140 91 100 141 232 175 183 167 94 158 48 55 169 66 112 147 171 151 73
694 709 648 686 675 656 723 743 679 693 640 738 726 643 728 657 713 670 745 655
166 188 119 135 225 165 149 229 127 212 224 198 144 137 181 222 185 193 209 206
