1 19 28 618 646 656 644 689 650 654 653 625 709 624 22 628 35 680 619 637
146 729 99 740 103 85 101 699 766 777 71 90 87 112 786 665 758 690 165 759
185 218 741 272 205 207 305 326 256 209 182 180 313 166 306 255 769 199 252 202
64 116 90 688 674 157 43 98 636 656 104 131 689 73 74 117 675 723 31 75
172 759 774 855 174 161 717 847 745 166 737 795 728 789 840 218 726 170 184 825
358 852 261 187 887 857 259 367 267 226 181 368 186 870 327 335 209 172 811 359
254 849 213 190 809 316 827 178 851 294 330 176 853 844 283 226 857 817 196 872
232 287 866 871 886 850 314 237 231 208 280 279 183 333 273 223 887 327 342 844
517 546 559 566 481 509 519 601 500 485 554 484 486 584 585 483 487 496 542 498
276 315 233 293 229 257 287 290 216 193 202 268 220 305 219 261 336 272 314 226
181 192 734 207 821 197 175 747 758 851 263 178 228 883 283 273 759 158 278 833
102 645 631 146 612 36 729 623 673 671 638 679 666 94 65 48 610 642 659 595
155 174 709 172 682 736 841 840 761 783 773 119 711 851 145 852 844 210 691 114
62 725 111 741 141 801 100 764 156 120 800 46 752 116 78 133 727 765 705 692
103 129 729 104 97 155 121 52 110 42 165 651 708 35 720 163 167 138 91 665
292 322 213 311 345 332 273 888 269 200 268 262 306 276 327 349 307 224 279 227
129 675 651 61 649 48 683 113 92 684 682 733 732 699 707 91 695 102 698 59
46 89 640 129 125 112 644 100 68 35 710 645 713 30 40 683 118 124 661 149
618 641 27 80 58 653 659 612 3 675 620 37 678 46 87 95 34 6 33 596
493 529 471 602 472 544 482 530 454 539 596 514 538 512 563 520 561 490 465 492
162 192 774 211 724 846 859 831 156 139 234 270 238 844 768 130 751 254 205 283
187 822 752 757 162 843 205 836 163 842 862 238 810 832 181 768 844 184 172 176
599 651 18 669 662 590 78 636 688 677 634 667 16 106 71 639 554 525 97 1
355 857 258 329 220 852 856 197 883 176 342 358 193 814 863 855 265 843 233 361
38 61 42 89 643 62 140 115 82 74 726 141 28 626 664 32 91 23 121 708
262 304 222 305 866 245 856 329 179 861 864 267 883 859 229 844 338 273 307 206
576 601 645 584 635 579 534 604 574 518 556 550 530 549 511 520 651 513 557 624
194 851 260 177 870 188 837 175 259 163 157 162 285 839 183 191 234 810 814 878
37 45 80 87 113 726 68 710 57 69 73 725 703 78 109 117 28 62 721 30
34 58 702 97 98 139 80 134 639 48 57 115 636 119 634 622 117 638 22 105
64 131 162 122 690 657 728 38 61 163 69 88 105 32 642 102 672 48 34 692
787 807 814 827 762 799 841 765 183 790 718 848 837 801 734 758 764 818 184 849
478 534 438 587 437 491 458 559 570 452 526 465 463 500 455 501 477 527 553 584
525 584 548 562 495 602 613 478 484 487 643 573 475 537 511 494 571 488 616 538
18 713 712 632 136 62 42 785 149 701 624 763 614 790 120 131 781 718 687 647
189 857 154 362 155 265 173 345 880 226 267 170 875 248 232 196 876 350 815 247
222 888 842 180 251 234 361 253 198 261 368 230 868 208 287 349 832 207 884 835
226 281 284 863 305 185 835 244 842 836 252 839 837 238 186 249 273 343 869 342
9 675 627 694 616 18 92 679 606 670 135 657 625 608 23 10 103 714 680 649
207 320 222 264 342 259 289 281 290 279 339 873 271 840 311 882 295 184 303 837
518 551 548 603 509 495 558 547 474 562 520 505 584 499 549 510 572 580 491 579
592 613 535 537 649 662 637 640 635 562 654 26 599 540 595 23 9 618 559 634
59 639 648 33 42 631 717 599 616 654 584 596 41 80 119 121 580 604 118 623
699 762 808 26 803 707 161 731 802 164 709 124 800 187 660 812 137 749 756 766
525 552 502 595 567 519 511 533 551 554 566 574 542 504 482 555 506 607 531 490
102 134 723 83 689 670 52 716 80 39 675 156 163 679 170 88 46 653 709 729
661 676 707 128 113 111 6 109 686 616 143 645 130 713 124 69 722 11 101 81
71 638 1 677 627 41 85 75 588 140 579 0 724 23 145 661 79 672 78 119
871 882 199 267 265 239 228 366 829 215 368 825 872 847 257 355 834 842 245 255
212 275 180 299 309 206 829 879 832 318 344 881 310 297 224 196 270 177 850 190
505 534 580 555 540 608 588 481 556 557 529 544 577 493 589 582 503 581 550 558
196 240 221 178 176 254 880 320 192 879 852 876 218 860 877 278 205 857 305 281
68 653 660 42 616 37 663 13 112 106 1 137 686 651 602 79 89 50 100 692
759 792 748 829 736 179 696 740 760 743 770 167 825 176 742 187 181 160 168 755
66 106 729 30 46 95 68 669 136 129 117 36 54 37 94 657 65 111 722 715
736 771 143 185 156 178 735 732 791 688 806 712 807 800 704 779 811 174 798 776
813 824 196 768 780 744 861 746 888 864 170 183 833 176 792 810 169 187 753 742
27 615 564 654 581 724 620 3 592 587 600 589 2 28 698 5 708 19 598 596
136 162 714 677 135 99 81 147 94 84 764 179 150 719 117 40 137 198 173 138
255 870 878 847 323 344 885 296 234 184 305 251 363 855 335 366 249 208 211 282
71 665 676 105 710 635 652 684 727 651 131 141 694 132 701 649 112 109 138 127
238 280 854 328 285 230 225 333 271 260 264 864 862 205 855 276 255 885 853 272
45 136 660 729 686 108 717 89 29 726 624 695 129 120 110 67 83 130 697 701
220 848 203 870 880 208 215 818 311 226 807 250 831 289 245 285 312 222 223 852
64 653 647 632 108 659 646 718 600 684 119 716 721 37 51 136 13 634 140 85
547 583 589 533 587 572 507 560 599 493 484 500 501 625 544 540 519 643 552 594
253 336 866 295 182 352 243 339 195 862 316 183 349 865 360 842 280 236 358 330
203 884 240 887 258 200 230 838 846 845 288 862 854 358 874 289 254 232 256 241
32 710 779 114 58 624 30 721 764 687 758 41 742 160 126 627 162 36 759 46
260 325 247 229 278 269 242 233 850 883 331 183 215 267 863 344 858 268 256 261
40 620 582 96 668 9 6 660 65 87 715 109 27 140 111 127 593 118 10 717
40 140 173 25 629 24 87 118 54 122 82 51 99 29 170 700 114 117 49 111
673 719 717 712 743 132 797 26 100 82 692 10 751 172 21 151 87 644 748 653
484 523 463 583 565 465 458 472 454 517 503 562 585 451 595 529 513 543 491 577
24 116 71 661 659 652 17 625 66 5 725 719 147 37 76 61 28 682 629 142
258 328 259 239 861 288 853 281 283 855 309 202 252 316 843 327 301 321 231 217
490 520 586 558 447 594 563 539 591 529 590 467 571 472 508 510 443 543 582 477
41 113 153 651 133 625 131 109 124 140 33 683 78 652 669 87 622 658 105 629
64 105 661 83 687 78 34 622 86 666 92 147 37 678 154 715 79 140 723 690
507 545 598 575 577 493 578 590 488 496 553 482 500 467 466 516 599 529 533 556
529 582 641 487 610 597 506 599 572 501 578 584 523 621 614 539 534 634 601 559
601 629 42 641 651 51 665 620 561 84 602 541 626 603 27 56 528 79 577 16
45 90 70 78 683 80 728 642 41 722 134 705 634 106 56 629 628 31 57 677
199 226 224 840 191 213 337 889 326 833 861 173 219 229 258 296 180 863 845 198
149 168 715 123 156 748 707 734 675 103 206 838 105 787 175 684 108 842 849 698
253 854 847 291 353 338 180 860 249 212 184 183 193 360 239 277 276 226 885 205
127 158 139 61 68 122 661 722 146 88 44 159 188 681 705 156 83 168 70 749
140 715 751 113 709 167 669 117 30 64 733 26 138 729 106 758 793 736 684 707
358 862 875 820 225 216 369 833 330 198 858 262 368 877 238 355 252 847 333 867
253 867 208 884 252 269 274 355 281 221 314 263 877 270 298 855 338 256 878 290
523 554 502 518 560 604 569 503 581 489 521 572 547 556 544 571 580 494 530 527
798 836 742 755 179 780 830 867 727 739 764 722 831 871 751 801 792 875 813 889
827 843 195 252 799 850 202 819 822 169 213 201 854 824 878 261 229 876 224 204
199 289 218 889 316 283 837 839 855 249 246 267 180 838 251 844 311 219 272 204
355 858 218 818 835 874 821 359 357 262 256 861 337 235 223 207 854 228 360 196
138 717 667 51 721 84 746 50 28 91 679 739 88 117 159 71 693 123 690 785
245 868 311 258 281 854 236 853 874 200 229 181 234 313 866 254 253 341 858 278
181 834 230 173 179 227 155 731 793 876 167 185 863 849 144 756 196 246 172 885
57 100 729 39 643 651 35 53 66 75 685 117 64 73 65 59 679 726 627 48
826 879 882 209 210 221 174 182 355 170 226 806 785 839 325 364 326 236 812 798
503 532 587 502 472 529 461 560 557 522 476 495 539 597 486 542 591 595 506 500
255 296 247 210 202 215 342 214 206 232 248 260 327 230 198 219 207 252 302 263
70 128 55 671 117 75 712 108 124 721 38 728 78 647 149 139 672 72 103 654
795 807 852 180 737 815 772 747 769 788 825 793 783 844 726 753 732 836 173 816
513 579 539 468 627 521 613 535 633 549 517 559 555 565 523 519 596 507 575 602
16 627 709 645 36 599 622 591 674 585 2 681 62 21 664 52 614 611 12 634
594 620 613 647 58 633 659 644 56 8 588 531 624 46 654 596 668 522 569 566
75 669 84 117 686 5 627 622 694 668 149 677 96 700 73 118 681 1 146 646
218 882 228 332 212 237 343 245 194 839 849 335 328 274 283 367 365 360 286 338
187 243 194 756 226 190 874 269 757 210 862 850 321 860 858 168 272 261 759 300
636 650 113 3 95 21 581 631 596 658 599 604 77 86 68 24 668 22 633 75
488 519 486 565 563 550 447 599 575 468 554 594 562 471 484 596 474 460 593 569
574 612 564 541 569 650 538 540 497 605 572 537 509 529 501 13 604 542 512 31
260 851 861 824 304 258 192 874 319 348 226 208 229 885 870 333 872 831 842 257
0 25 726 704 14 23 648 5 115 36 661 658 696 681 682 687 623 673 19 26
86 661 681 654 699 119 140 616 608 65 721 609 50 682 722 105 619 685 617 80
245 840 888 251 873 203 857 313 293 811 185 866 868 302 802 798 247 331 246 797
666 717 50 26 145 628 683 616 641 168 152 110 99 69 113 685 40 86 733 643
835 855 226 265 238 340 803 800 263 870 839 332 186 252 212 266 363 260 861 822
154 758 690 708 806 700 722 109 748 742 191 175 730 802 725 134 789 693 803 755
704 750 119 13 805 128 162 37 788 18 761 672 40 133 147 763 121 154 784 748
50 89 101 113 144 681 138 147 634 639 134 658 728 145 83 128 650 48 81 37
497 519 534 453 575 570 530 590 576 481 531 456 588 543 585 540 572 526 547 485
235 879 269 865 310 341 291 286 331 322 356 196 256 228 301 324 275 827 313 835
293 331 320 211 327 339 250 233 345 223 276 332 330 336 231 353 289 292 224 301
19 691 637 157 666 112 614 697 705 657 625 669 34 640 722 147 736 606 663 30
58 630 643 16 635 634 107 622 665 711 18 641 76 110 620 604 575 587 631 4
640 679 676 71 90 16 147 81 585 666 13 702 103 675 731 617 711 101 668 695
551 595 612 549 495 630 639 543 555 644 627 540 629 588 632 490 532 521 598 613
371 394 416 405 378 389 373 413 391 374 396 383 419 386 403 425 398 380 420 415
649 686 714 672 617 709 77 146 28 598 99 153 610 124 65 670 96 106 735 684
808 834 167 832 821 193 816 820 179 737 787 793 817 191 776 744 806 819 171 798
248 873 260 221 346 358 276 368 242 223 318 212 199 865 263 250 887 889 301 270
76 659 666 5 129 142 640 644 671 66 723 46 65 63 692 629 617 667 612 64
85 116 672 52 728 677 653 659 726 25 66 67 644 59 685 65 627 51 681 687
53 65 58 634 39 38 713 73 86 82 724 719 112 106 100 627 640 727 711 78
779 802 743 736 175 839 176 797 818 829 178 171 739 725 830 824 772 801 787 169
484 547 471 573 575 498 568 594 523 441 455 504 467 449 511 542 529 458 500 480
593 609 530 655 22 639 586 534 541 16 624 546 6 545 517 516 547 571 588 577
24 689 151 670 723 12 8 707 623 3 26 20 143 135 691 105 634 99 31 696
245 885 211 226 843 366 199 317 232 253 239 870 291 338 883 198 310 358 289 887
600 622 62 532 616 666 613 662 21 538 577 517 584 634 35 568 581 580 33 534
502 560 511 589 491 498 576 556 490 596 494 558 613 532 610 582 584 593 471 569
346 853 307 297 817 190 173 871 340 299 352 208 305 247 200 347 350 886 315 857
341 856 258 235 292 238 326 276 325 360 311 253 280 260 345 218 811 812 816 252
44 109 152 628 33 661 658 653 733 128 686 136 671 663 43 716 106 664 138 64
749 793 150 734 183 832 815 742 758 714 149 761 760 699 703 185 158 772 816 743
248 866 296 291 283 328 188 849 861 847 196 288 225 252 307 261 855 320 250 335
249 300 326 306 244 872 277 259 317 867 854 327 346 339 287 883 846 237 230 344
41 716 78 684 749 699 754 129 715 141 89 745 91 618 164 65 68 117 81 166
