175 1765 276 1790 200 69 2 66 1752 1813 1722 202 1791 1696 54 224 1725 147 280 1742
601 670 625 660 606 538 532 692 621 592 690 666 549 588 519 642 547 531 525 1809
297 386 424 395 389 460 469 1793 432 740 409 273 330 1797 360 422 316 1801 329 448
1 66 153 1751 143 105 1731 170 24 101 206 221 1726 1760 113 8 111 166 1787 163
1481 1523 1470 1544 1469 1536 1486 1496 1463 1492 1489 1516 1457 1543 1540 1474 1497 1445 1546 1498
266 1804 684 235 674 205 1812 254 207 305 1780 669 278 1757 231 211 671 248 259 241
49 167 1803 26 89 80 54 1734 147 143 1793 237 10 1772 221 29 39 245 190 186
889 898 847 876 884 902 883 907 869 851 844 865 899 841 866 875 843 840 906 864
176 1765 1749 12 282 1806 238 8 181 24 40 1707 1754 148 1772 1745 1809 1703 45 210
495 718 447 452 498 699 736 464 698 551 510 534 548 738 435 484 436 527 496 509
1724 1756 139 22 1775 216 68 137 4 1706 1800 1784 41 1774 161 179 1781 27 23 168
528 588 711 538 561 624 526 482 481 549 586 483 480 598 541 616 602 503 643 636
785 823 1321 1242 843 777 1227 804 1236 805 1305 767 1250 1294 1312 1295 796 1309 1297 837
491 544 563 533 730 567 422 695 594 502 453 521 489 587 519 688 570 406 657 490
411 490 462 374 455 429 738 325 523 308 763 547 416 506 450 527 362 487 475 538
172 1736 1705 210 211 12 1769 1720 45 22 143 1778 49 214 63 220 202 149 1760 181
273 300 321 1788 1805 418 430 291 385 437 461 405 320 274 1809 428 281 324 296 292
62 231 206 45 262 37 189 116 1793 265 97 221 147 286 18 80 254 75 1744 14
431 486 373 729 717 473 749 382 721 370 362 532 465 355 296 412 326 520 425 712
587 633 618 676 597 686 543 555 611 662 520 542 685 654 502 683 535 623 541 689
823 843 886 887 892 789 866 897 1230 1236 876 877 836 1258 1299 1217 784 1257 878 873
50 141 1793 171 196 1783 79 95 153 1755 158 234 236 1775 177 235 245 1741 172 206
8 1724 1702 1765 1749 209 6 22 16 1729 1789 1795 134 55 1751 1693 67 201 196 180
280 1782 30 264 227 1781 310 222 274 182 42 315 18 50 247 231 297 1808 208 198
175 1737 151 1733 2 4 30 212 156 29 1708 1747 157 17 150 1758 1778 210 160 152
376 464 490 488 471 373 382 421 420 359 357 325 469 458 407 448 340 445 329 365
316 400 378 368 431 425 335 399 372 412 349 761 756 480 482 321 463 334 297 438
61 84 66 143 68 1758 1770 50 210 77 24 9 13 169 152 1789 89 100 229 69
564 694 498 589 584 510 557 660 621 689 677 603 601 575 535 619 653 504 652 558
1293 1328 1290 822 1323 1338 1310 1278 812 1341 1332 1324 1353 1371 1253 1291 1274 1292 1309 823
77 143 97 1726 156 161 135 188 141 114 1731 1751 99 1744 194 66 155 152 1742 165
39 126 75 1776 149 143 246 1785 57 78 221 6 134 1761 1766 1760 163 216 1794 1734
252 308 452 389 278 412 241 292 330 1804 273 465 361 216 374 462 257 356 1784 413
325 418 328 417 383 731 424 303 394 443 324 734 313 358 318 314 304 467 302 369
221 228 1808 6 1766 141 24 1807 210 1735 1788 220 16 1789 193 25 199 5 270 1798
601 693 536 606 591 505 595 604 709 553 555 663 544 643 669 569 545 605 667 699
367 463 464 484 288 287 481 418 489 408 446 492 368 438 361 304 421 328 495 501
106 129 51 145 131 140 148 109 50 80 61 153 81 100 32 142 36 104 52 31
840 851 858 848 879 852 853 873 890 883 823 899 881 884 870 865 901 905 838 832
617 678 526 565 1801 607 542 544 630 1812 638 599 604 658 576 558 563 1807 545 603
175 206 57 226 142 10 1778 41 164 153 146 1789 1752 42 181 1764 182 229 234 52
132 149 1755 29 211 81 8 44 123 1748 55 95 176 18 38 191 46 96 203 65
49 161 1764 1797 1794 150 1746 66 47 67 184 4 1790 11 71 1711 1708 1759 117 1760
1783 1806 241 279 1757 301 264 300 682 1752 277 1811 240 59 283 1807 674 689 284 236
247 285 314 308 260 227 269 262 292 253 1810 1811 1806 1813 264 295 294 248 250 1775
561 660 583 596 685 626 550 674 619 663 683 689 625 555 629 603 598 601 636 545
1686 1711 1705 1685 1736 1663 1664 1734 1689 182 1656 1750 1704 1642 164 1742 156 196 193 181
455 489 385 353 517 363 400 412 375 740 467 456 499 460 447 350 723 299 360 379
809 1319 1287 1313 1346 807 1350 816 780 1291 1323 1309 1282 1271 777 1364 822 1341 819 1292
1447 1486 1509 1432 1493 1437 1468 1467 1455 1470 1425 1424 1494 1436 1514 1451 1524 1454 1433 1515
330 381 369 737 378 302 730 371 349 297 331 364 380 292 751 314 324 416 424 304
485 525 414 523 701 446 561 607 643 631 735 707 554 560 443 624 451 398 635 617
202 1741 204 1728 1762 35 26 1761 1714 23 55 1766 36 143 1796 40 183 14 1813 1697
52 189 168 8 115 224 1713 64 223 5 210 160 1720 77 136 148 82 239 241 132
980 1079 1094 964 942 1024 1122 998 1074 1020 1057 1116 951 965 1126 1130 994 1102 1110 1041
830 1311 852 1380 846 826 1317 843 806 850 1320 827 1375 839 863 821 859 824 1336 1273
1437 1465 1462 1415 1467 1494 1487 1499 1428 1448 1433 1477 1484 1421 1483 1518 1492 1522 1461 1439
1149 1167 1180 1151 1186 1190 1197 1150 1154 1203 1177 1138 1194 1145 1185 1206 1139 1178 1182 1171
291 354 416 468 325 232 233 425 316 393 369 1790 361 372 394 423 1802 349 474 417
1600 1632 1564 1560 1639 1636 1605 1628 1601 1645 1603 1683 1643 1663 1674 1644 1637 1654 1566 1620
291 370 236 1798 299 1784 1774 357 240 396 353 245 316 407 367 361 442 372 1813 1795
217 1802 277 676 284 230 1760 1769 40 197 140 208 274 1741 1753 4 190 203 296 41
1039 1062 1064 1112 1010 1097 1046 1038 1105 1130 1058 998 989 1071 1068 1134 1073 1042 1094 986
1757 1808 36 206 56 1791 62 1766 689 686 278 667 1767 1719 1782 136 144 1794 1716 139
563 696 507 611 665 559 617 720 631 508 554 650 652 553 625 524 674 706 567 584
4 141 1760 206 196 195 60 48 46 1758 94 1788 197 100 121 1759 165 89 1752 82
516 710 592 738 495 591 627 625 533 616 607 604 600 647 617 504 593 620 646 572
510 717 708 538 497 698 487 583 524 533 584 735 505 604 586 484 483 473 616 711
573 601 696 575 638 544 514 649 536 686 687 694 556 604 653 657 702 580 531 581
1710 1749 30 139 20 213 1740 163 1709 66 1794 71 1733 42 204 151 1788 1799 218 1751
1064 1089 1101 1015 1135 1051 1062 1080 1001 1099 1014 1070 1012 1046 1058 1116 1138 1106 1125 1075
24 1751 1718 210 137 1743 46 194 158 221 1780 1720 1734 1784 1763 192 14 1717 1742 197
292 1807 344 35 401 1793 675 294 368 275 1803 384 1809 394 669 370 1787 295 1767 343
848 900 869 894 875 866 836 917 847 885 863 846 903 834 867 840 839 874 899 865
27 165 139 1778 1795 158 1737 213 1740 36 1794 1783 61 1746 32 216 1704 144 16 38
27 43 242 184 82 161 211 1752 1727 200 63 198 205 1764 163 121 1743 45 1757 182
1745 1782 1793 62 11 165 134 135 217 254 5 1703 150 1748 265 261 1711 280 1744 162
1613 1639 1622 1657 1615 1641 1669 1621 1638 1632 1587 1658 1626 1617 1633 1585 1680 1647 1569 1684
399 480 408 755 436 435 446 420 526 395 294 374 739 730 498 411 492 304 530 471
56 162 124 1709 121 1777 176 212 161 0 104 125 138 237 241 1760 226 1736 1783 185
441 493 304 359 299 722 428 297 461 301 516 355 747 378 527 300 542 526 440 762
1553 1577 1595 1555 1539 1612 1568 1571 1550 1566 1611 1589 1569 1578 1552 1605 1538 1540 1554 1545
1386 1414 1322 1405 1435 1365 1345 1374 1433 1421 1339 1333 1418 1416 1415 1437 1417 1334 1359 1377
388 467 456 488 466 731 341 414 305 380 423 328 754 336 375 477 304 342 498 506
590 691 669 524 563 624 641 625 1810 570 565 527 598 649 577 668 659 562 655 567
287 369 256 258 450 328 460 1777 437 431 227 296 314 231 454 238 318 251 421 329
378 477 392 737 459 446 448 740 435 739 358 738 733 356 490 335 426 325 512 350
2 133 115 1 16 61 186 97 125 58 172 184 145 49 36 1733 1763 1740 200 41
290 356 369 368 222 472 229 371 316 317 346 352 455 250 265 329 336 374 460 297
1701 1722 1721 19 168 1667 199 14 178 1730 27 1669 152 174 1755 1698 1733 1740 209 180
62 1747 119 204 56 1780 164 224 2 107 45 35 191 242 1714 223 32 136 1756 15
170 213 278 63 274 39 1756 154 1745 11 249 226 1796 1747 171 222 156 35 10 25
266 299 308 252 434 403 224 1811 443 289 1780 1777 369 1800 246 284 354 441 244 373
202 221 219 277 252 201 149 258 1793 266 209 11 1810 229 213 1808 25 20 135 203
435 744 307 385 388 418 365 763 398 733 477 364 470 463 739 379 427 468 358 308
1133 1160 1091 1144 1060 1098 1176 1019 1146 1071 1052 1090 1185 1158 1105 1074 1152 1080 1153 1196
287 357 324 421 341 1798 248 392 222 300 471 396 220 266 271 230 315 235 427 391
668 689 604 695 706 607 709 561 705 552 598 587 688 693 642 1806 1804 701 656 677
262 1800 198 268 243 224 240 13 1771 214 675 1772 277 1804 291 33 269 263 236 293
168 1729 211 1775 1781 1722 214 174 1779 1782 139 1754 154 172 160 1752 1746 67 17 1768
1399 1424 1439 1385 1345 1417 1409 1408 1413 1426 1382 1443 1441 1403 1401 1359 1421 1391 1405 1431
588 681 620 513 640 1799 703 663 589 585 644 544 591 666 680 565 647 553 515 697
957 967 968 999 958 1002 996 955 980 1014 978 991 1000 929 940 939 981 990 1013 932
225 1751 1769 250 247 1795 196 12 139 19 149 1727 234 171 48 73 254 1791 274 1755
808 831 1325 850 854 776 841 862 785 1328 825 1311 1317 818 790 792 1308 1326 817 853
1303 1369 819 1291 1376 1359 820 1334 1300 1362 1409 1345 825 1392 1302 1403 1312 1404 1378 1374
1553 1574 1615 1576 1600 1523 1556 1606 1595 1540 1589 1562 1563 1525 1542 1557 1529 1555 1560 1527
310 394 290 386 285 749 352 408 434 316 367 333 472 342 415 478 370 271 446 443
517 696 695 653 639 477 619 500 728 513 615 524 606 588 649 713 562 499 533 709
277 309 465 216 416 1793 326 427 387 448 1790 253 223 388 1786 357 424 426 428 454
386 482 338 514 387 477 417 733 422 333 532 303 368 320 306 340 358 354 737 380
819 1298 1264 1257 1368 826 822 1234 1251 1335 1286 1364 1299 1366 1280 1254 1289 1374 791 1371
979 1071 1026 1138 980 951 1017 962 1117 985 984 1106 1092 1012 966 1134 947 1123 1090 1127
570 655 685 558 574 539 571 668 515 619 584 591 534 648 537 639 529 660 508 688
1109 1132 1052 1158 1141 1098 1157 1065 1107 1087 1056 1082 1067 1075 1093 1063 1062 1081 1089 1135
548 648 623 627 652 516 612 614 695 528 574 504 572 656 550 526 514 717 540 702
1764 1787 244 218 143 6 247 269 58 1752 282 175 236 35 139 253 1757 263 1766 203
1589 1606 1554 1557 1598 1604 1585 1614 1552 1620 1576 1626 1596 1609 1617 1584 1591 1586 1567 1605
1403 1420 1384 1348 1433 1377 1431 1404 1423 1389 1372 1385 1354 1382 1344 1402 1411 1350 1413 1417
508 604 573 603 594 492 564 666 519 661 479 606 728 592 630 541 731 545 706 522
1279 1322 1255 1282 1386 807 1338 1319 814 1368 1312 1311 1382 825 1379 1294 1289 1260 810 1318
1357 1372 1321 1393 1417 1371 1345 1373 1316 1282 1349 1385 1375 1389 1384 1325 1291 1295 1380 1288
514 623 536 673 730 607 521 696 609 617 547 594 577 612 492 503 602 519 556 610
1674 1696 1717 1727 1664 174 182 1686 1704 1670 1638 1682 1683 1694 1729 1736 1737 1669 1722 175
247 270 1770 1785 1782 297 310 271 221 218 294 305 42 243 220 232 1806 284 295 47
1432 1448 1459 1458 1484 1501 1420 1435 1468 1486 1428 1464 1454 1406 1440 1477 1490 1412 1498 1515
777 789 762 753 764 810 812 822 773 755 759 811 819 796 805 751 791 795 814 772
162 1728 1745 216 205 155 197 1763 1749 48 24 1775 1732 1719 1711 67 167 1691 1744 148
782 802 806 800 804 821 759 749 823 820 819 766 755 810 757 751 796 754 783 793
17 1736 231 15 1700 1741 32 148 57 1740 228 19 1797 1720 163 8 164 6 204 202
311 336 377 322 349 458 273 449 294 297 429 370 300 306 406 339 364 350 303 380
792 801 754 830 806 804 772 768 828 773 810 771 763 827 818 776 790 759 756 775
259 309 228 226 1798 344 1786 365 325 273 407 288 427 320 332 440 1795 1801 461 458
488 528 712 408 571 727 586 419 489 633 575 466 413 486 589 719 530 477 723 472
307 349 305 454 442 297 332 459 410 366 445 352 369 403 348 321 381 420 382 263
28 1760 3 145 1759 66 1722 51 29 1790 181 190 1771 206 1741 193 187 1751 147 1764
507 727 418 443 408 720 388 476 722 462 456 749 501 564 433 446 478 597 423 712
1410 1428 1437 1453 1450 1434 1423 1441 1445 1372 1443 1398 1359 1366 1360 1370 1378 1388 1389 1386
305 325 324 430 373 397 269 415 327 440 451 339 398 313 365 311 263 264 275 316
626 664 634 687 663 594 584 667 518 608 1809 614 521 632 534 624 627 633 563 642
354 377 315 476 471 299 424 481 312 385 464 732 346 413 429 287 290 389 475 301
552 688 706 580 519 708 669 702 704 610 713 498 579 504 719 551 527 492 564 644
574 611 660 520 511 589 559 640 700 593 674 591 602 635 664 517 565 656 675 527
227 1746 153 154 170 267 174 41 212 219 27 244 169 240 1760 73 3 136 282 25
1106 1126 1112 1132 1125 1075 1072 1068 1099 1076 1085 1056 1080 1063 1067 1122 1050 1110 1086 1104
822 1300 1217 1291 1345 1249 1347 1219 1311 1225 837 1234 1353 1340 824 829 1313 1318 1256 786
1180 1213 829 1143 1187 1215 1166 1238 1184 1242 1210 1163 1149 1232 828 1246 1191 1239 1222 1146
1148 1184 1182 1217 1162 1151 1216 1147 1215 1137 1199 1174 1149 1154 1157 1155 1198 1183 1172 1146
1318 1378 1316 810 812 1360 1390 827 1376 1386 1366 1342 1310 1336 1328 1419 1352 1321 1311 824
40 1805 688 147 1755 669 220 1758 72 265 261 237 235 193 200 148 298 42 1799 69
