418 454 387 449 392 420 391 431 467 379 483 492 424 435 416 417 475 486 436 460
740 783 20 805 756 760 781 804 739 720 3 47 18 795 23 728 727 825 27 810
394 414 379 376 445 378 443 438 404 446 433 411 439 383 395 387 426 347 369 391
1378 1394 1392 1405 1344 1352 1401 1386 1426 1398 1384 1391 1360 1370 1376 1415 1348 1379 1380 1364
1093 1107 1115 1126 1102 1098 1100 1110 1073 1128 1149 1064 1084 1096 1145 1079 1147 1116 1059 1065
72 94 833 27 41 787 835 828 847 73 914 924 845 70 40 53 54 804 85 916
106 867 918 834 927 100 892 133 900 908 860 85 844 910 885 117 123 855 901 882
565 610 623 593 603 553 637 638 555 550 622 605 606 575 549 602 552 619 598 578
1317 1333 1347 1319 1307 1327 1349 1334 1329 1312 1315 1332 1321 1341 1326 1351 1353 1324 1337 1346
690 701 696 672 675 657 706 679 717 661 716 703 670 683 671 718 663 715 662 725
38 767 60 764 65 770 759 5 840 2 849 765 842 36 778 789 795 61 836 850
38 755 720 75 830 810 739 48 760 71 832 33 60 811 28 825 72 74 802 16
603 627 610 664 569 557 635 564 586 656 630 660 636 597 558 577 556 634 600 559
729 757 794 1 787 55 5 788 709 44 747 12 732 755 708 733 47 6 725 22
493 507 501 519 515 482 517 469 456 490 521 525 477 523 461 513 459 480 503 474
10 763 4 803 800 729 777 772 835 795 63 36 33 785 35 3 833 40 12 737
155 182 156 220 200 217 127 158 129 219 190 174 123 171 169 198 162 882 187 883
599 620 598 650 646 568 579 645 577 606 556 605 583 580 619 566 633 653 647 563
479 509 525 518 506 445 505 526 476 519 468 449 514 455 467 462 453 496 477 443
692 709 703 689 729 678 724 718 722 680 685 671 702 714 706 720 734 731 676 701
4 742 40 792 791 729 754 779 806 59 17 777 21 723 34 803 56 724 719 816
108 902 137 908 83 891 917 141 901 90 142 932 893 890 856 119 887 899 830 929
142 904 849 147 843 932 165 137 896 899 161 913 106 839 97 166 118 141 850 87
897 928 132 858 918 923 860 921 129 900 108 869 894 893 142 842 888 884 849 131
707 716 738 746 685 695 726 727 719 682 690 749 747 718 752 681 694 744 731 741
395 424 427 404 413 414 432 458 371 456 416 363 457 452 375 388 454 401 399 448
1203 1215 1188 1222 1193 1226 1218 1240 1176 1231 1212 1230 1229 1242 1201 1184 1191 1195 1232 1199
1344 1361 1332 1355 1339 1323 1374 1320 1390 1396 1379 1380 1345 1383 1348 1392 1366 1357 1360 1349
1105 1148 1078 1109 1178 1091 1103 1093 1123 1122 1132 1165 1138 1171 1082 1168 1172 1086 1177 1170
19 823 795 793 74 816 31 802 834 787 826 772 748 733 734 783 766 44 78 784
235 265 194 246 243 199 209 299 193 215 283 285 269 275 218 214 251 284 280 266
1066 1095 1029 1056 1050 1132 1024 1125 1081 1131 1080 1122 1049 1070 1055 1036 1051 1105 1032 1088
595 604 633 605 572 573 628 569 592 557 558 591 566 622 625 554 594 562 629 638
41 794 838 35 804 824 851 770 77 812 19 53 831 762 758 826 22 779 782 808
315 343 371 354 281 388 328 283 312 296 333 338 365 335 357 285 314 1081 373 329
1123 1160 1149 1186 1113 1133 1107 1097 1140 1162 1188 1184 1173 1168 1085 1171 1166 1167 1088 1132
464 471 460 453 483 496 448 504 461 482 472 470 494 441 442 439 481 458 451 479
542 574 522 587 607 613 596 549 550 524 589 526 604 592 623 601 614 554 520 548
615 626 602 656 575 601 596 579 648 623 660 652 631 610 642 606 611 569 580 616
1081 1102 1079 348 1100 1087 1049 346 1103 1056 1039 1137 1099 1134 1144 352 1042 1107 1063 1116
90 817 51 783 97 16 806 835 775 917 60 99 789 824 856 798 98 800 38 74
1010 1051 1071 1038 1067 1037 1065 1040 1045 1080 1011 1073 1058 1046 1047 986 1024 997 1029 977
586 607 622 583 639 641 614 579 640 566 619 628 612 643 624 560 559 605 625 574
1048 1076 1079 1067 1055 1103 1047 1057 1052 1070 1080 358 1086 1053 1049 1056 1017 1010 1061 1087
0 52 817 62 807 17 763 784 808 831 794 70 760 755 749 28 764 853 838 32
113 899 832 892 914 873 141 146 96 935 853 847 91 123 835 861 126 852 862 100
529 539 547 550 519 566 559 546 530 534 520 531 527 538 560 565 535 555 554 528
94 852 87 62 838 890 113 71 106 120 816 860 61 104 116 92 73 899 72 75
1215 1237 1242 1184 1186 1241 1238 1203 1194 1205 1250 1253 1196 1223 1217 1185 1220 1259 1222 1243
54 807 820 20 88 826 840 851 761 775 757 810 91 60 71 56 832 768 68 847
551 587 618 545 534 529 632 610 602 625 580 539 526 535 530 622 575 611 628 531
440 470 417 401 426 487 399 420 481 458 445 465 488 455 503 475 414 489 439 419
119 848 918 908 63 901 50 900 144 70 876 914 911 118 100 52 858 74 49 825
794 828 70 93 801 844 72 778 767 802 10 847 792 824 787 814 83 42 766 755
1048 1072 1042 1027 1033 1026 1104 1038 1047 1092 1082 1031 1075 1030 1054 1077 1078 1101 1017 1108
552 565 589 568 533 553 586 570 564 529 587 582 590 536 562 614 579 543 584 595
32 48 804 774 850 833 756 742 842 33 808 755 797 772 42 9 44 75 747 56
67 825 854 50 856 913 813 848 22 8 811 839 34 820 3 805 840 835 808 31
1069 1078 1112 1034 367 1105 1044 356 352 1108 1100 1061 1085 1045 350 1096 1029 1056 1079 355
214 265 275 209 232 198 281 252 251 259 247 296 227 221 298 278 194 288 211 276
1319 1327 1301 1349 1305 1334 1317 1325 1328 1310 1329 1344 1313 1299 1332 1311 1341 1308 1318 1312
422 455 393 399 404 383 430 426 428 484 434 474 425 387 468 390 470 482 427 400
442 481 480 477 433 492 505 452 402 471 467 498 466 465 500 468 399 506 403 497
947 975 957 999 925 1007 952 977 1011 990 1003 948 926 918 993 911 989 915 933 1005
135 150 908 896 910 895 891 161 886 163 156 126 148 888 155 130 131 906 894 133
912 930 80 81 97 928 840 913 102 105 868 130 836 904 114 121 934 123 78 905
1182 1207 1200 1217 1152 1191 1149 1177 1151 1216 1197 1208 1237 1164 1225 1174 1160 1190 1180 1227
1404 1434 1373 1441 1391 1407 1400 1405 1413 1412 1371 1428 1369 1401 1375 1444 1417 1437 1435 1406
120 135 100 165 902 880 150 117 904 108 898 878 856 101 912 171 863 133 868 890
185 196 188 166 242 178 179 226 193 171 199 170 224 159 192 204 164 195 186 150
142 167 117 199 178 149 133 910 166 906 159 895 180 889 187 174 195 868 192 153
334 366 341 397 358 368 303 307 349 323 405 346 337 333 300 332 327 296 347 304
213 262 204 277 269 248 175 255 226 199 259 182 251 217 261 195 208 263 186 181
1342 1352 1330 1392 1319 1355 1367 1353 1351 1349 1317 1325 1381 1322 1354 1338 1336 1329 1324 1372
835 851 41 50 846 840 14 856 101 112 16 106 74 17 854 58 859 870 88 23
63 831 849 102 852 8 84 826 25 921 16 98 113 64 858 815 846 838 787 818
740 784 822 765 47 717 1 754 713 801 17 746 73 44 820 56 729 42 807 52
140 869 847 909 107 156 173 109 895 870 861 161 123 930 154 124 920 902 923 126
217 274 252 227 214 187 241 226 247 258 202 271 289 298 251 242 250 294 263 284
13 742 779 8 769 768 783 751 719 734 758 763 2 830 735 827 9 45 737 739
1208 1216 1202 1221 1195 1236 1243 1183 1226 1182 1181 1228 1178 1185 1189 1229 1219 1225 1218 1223
147 179 879 166 146 895 884 122 144 172 885 165 148 215 207 199 167 154 873 193
40 774 28 815 827 843 795 789 808 779 757 43 61 78 770 38 839 834 776 747
654 678 644 674 651 686 626 620 683 662 628 630 648 697 681 675 709 647 687 622
109 925 836 108 92 94 936 110 908 947 926 124 830 101 833 951 917 869 832 102
487 501 454 484 450 453 480 515 477 503 475 467 464 478 469 457 474 456 458 497
448 467 472 430 456 444 468 480 473 484 470 420 406 411 438 485 408 423 434 453
872 881 131 909 896 906 100 911 859 913 125 879 898 926 851 907 130 932 137 861
19 37 824 837 38 26 768 756 742 822 55 56 801 729 24 11 767 762 35 813
71 80 86 48 44 835 61 83 815 857 66 65 861 29 59 43 790 41 793 38
876 912 930 95 132 830 869 151 112 77 831 833 870 853 866 90 923 75 84 116
1104 1129 1159 1086 1065 1072 1160 1157 1071 1139 1147 1146 1108 1092 1093 1143 1099 1116 1136 1161
1288 1312 1333 1336 1294 1335 1331 1321 1278 1327 1318 1289 1286 1280 1306 1302 1334 1329 1267 1293
384 420 350 398 356 453 422 449 363 344 411 427 340 396 413 444 425 457 352 339
1036 1068 368 1063 1097 1087 1034 1072 1050 1090 1028 1075 1048 1006 1003 1081 1047 1095 370 372
653 664 670 647 686 668 629 644 688 636 638 628 627 669 683 665 633 641 667 643
103 873 827 904 928 108 871 83 96 97 111 94 915 912 902 80 142 852 143 916
106 829 854 922 840 925 893 904 870 24 897 820 800 919 804 823 95 46 910 792
246 257 216 229 230 263 282 245 208 267 286 270 234 236 271 275 207 212 266 210
850 863 847 49 901 47 866 895 41 65 63 857 906 876 873 98 99 85 849 108
913 943 965 900 863 862 112 110 126 896 103 859 954 89 113 70 843 961 93 838
745 755 40 723 22 734 13 759 730 33 39 732 29 764 767 719 49 787 2 720
1267 1282 1290 1263 1274 1284 1281 1308 1266 1247 1248 1246 1252 1253 1264 1300 1293 1276 1303 1251
129 154 175 158 905 125 119 146 133 143 860 140 189 885 188 149 916 901 117 890
100 860 127 922 899 79 119 833 856 896 852 115 883 865 836 897 849 111 830 916
356 388 329 396 349 332 322 423 378 411 1077 335 334 407 370 422 371 1076 319 331
867 886 120 861 884 144 865 114 933 923 854 900 126 104 105 927 121 147 844 918
209 239 213 273 210 279 243 256 259 173 263 264 196 268 212 282 237 190 174 233
1288 1312 1302 1270 1280 1289 1310 1293 1281 1286 1282 1265 1266 1303 1337 1309 1273 1330 1287 1297
63 856 893 904 831 864 128 87 782 922 73 848 10 77 111 866 20 770 809 837
542 565 570 553 551 597 580 584 605 574 564 583 531 595 601 520 535 596 528 600
20 835 67 827 755 108 833 753 50 113 107 81 858 743 918 30 819 751 66 752
80 804 761 832 760 77 922 789 1 60 89 796 859 923 919 854 858 823 86 0
681 702 674 713 710 691 700 714 684 712 698 687 673 696 680 727 671 704 711 682
562 576 544 621 542 583 546 626 559 605 597 593 618 602 600 627 592 610 613 590
124 917 924 878 938 149 910 79 101 916 107 855 143 940 937 116 86 147 892 894
11 759 741 828 740 45 777 32 780 56 744 55 43 38 835 61 24 18 30 739
1437 1456 1441 1415 1424 1435 1446 1442 1426 1449 1445 1416 1406 1419 1407 1454 1440 1422 1405 1448
434 445 450 430 451 415 454 476 402 459 437 409 410 460 483 404 484 391 455 418
846 856 887 845 95 69 920 85 872 104 830 63 52 100 833 882 108 897 848 64
1379 1386 1351 1388 1349 1359 1376 1416 1399 1395 1367 1358 1354 1403 1397 1407 1394 1377 1364 1408
254 284 203 313 253 245 211 273 220 270 279 228 217 283 259 248 212 240 274 297
1244 1264 1231 1272 1217 1261 1254 1220 1241 1286 1257 1262 1283 1248 1253 1234 1274 1229 1228 1242
203 239 251 240 249 233 205 277 283 221 237 255 280 225 234 278 289 172 288 243
1382 1400 1356 1395 1432 1407 1369 1355 1401 1377 1433 1346 1383 1404 1423 1415 1378 1376 1392 1434
167 179 198 144 142 169 158 211 193 131 153 188 152 213 147 187 159 137 132 173
71 793 70 21 73 752 817 801 72 814 829 805 787 34 790 42 78 759 47 843
753 775 809 782 17 760 813 768 739 36 819 743 64 734 804 721 61 740 790 11
341 372 383 358 348 363 374 401 369 376 335 371 356 403 323 368 373 409 318 320
268 280 290 256 236 228 307 227 304 302 270 209 269 267 230 252 245 233 234 238
563 598 571 638 556 637 554 540 596 612 549 560 626 544 599 585 547 641 621 565
1345 1382 1392 1361 1346 1390 1326 1398 1347 1401 1328 1394 1407 1377 1404 1349 1365 1334 1324 1412
1046 1074 1012 1043 1087 1083 364 1020 1036 362 365 1033 1084 1000 1069 1061 1014 1109 1098 1006
825 847 47 12 88 816 828 23 58 33 790 860 30 903 120 49 74 866 116 123
47 781 793 801 62 784 73 13 828 810 64 831 844 52 27 853 40 779 1 39
711 736 757 16 11 700 26 737 726 742 31 15 709 710 713 728 689 693 22 20
20 56 850 795 77 747 746 48 821 50 855 843 798 10 775 38 42 830 786 6
1152 1172 1121 1142 1157 1185 1163 1156 1114 1160 1164 1113 1179 1130 1162 1184 1124 1165 1174 1132
14 821 836 729 758 37 827 833 72 842 728 29 831 807 61 30 757 783 4 802
1339 1356 1347 1353 1393 1317 1382 1380 1361 1397 1321 1320 1346 1377 1354 1381 1331 1363 1343 1365
142 893 900 889 851 150 859 117 126 930 871 121 122 895 857 130 127 921 896 108
214 238 270 255 216 176 259 237 193 271 201 254 181 266 283 243 274 273 190 180
132 157 887 901 859 182 893 862 125 144 150 137 908 899 128 190 857 880 885 868
881 915 860 907 891 108 879 95 902 85 86 932 136 888 913 850 876 948 940 115
67 94 48 908 775 85 111 924 56 27 821 43 814 87 797 780 73 820 23 34
732 761 61 52 735 794 730 759 706 780 708 712 803 754 37 722 765 2 728 795
596 617 626 638 606 605 637 574 629 594 555 634 602 610 586 609 619 568 622 572
1412 1435 1380 1455 1390 1448 1442 1393 1429 1389 1402 1394 1416 1456 1387 1444 1433 1452 1447 1406
878 920 835 903 96 84 85 135 927 864 127 86 928 100 909 892 914 109 123 849
1083 1111 1100 1125 341 1065 1135 1084 1096 340 1153 1054 1063 1079 1121 1105 1146 1127 1136 1066
