811 860 2668 2653 905 841 884 775 2704 831 793 839 2799 2743 937 2665 772 844 962 2810
807 2770 2780 2771 1269 2668 115 100 2647 105 907 2731 948 770 856 905 2640 2665 803 2713
1940 2091 551 2156 2087 2151 2168 2150 1924 1977 629 1928 1962 2133 550 2111 2073 2123 1922 2070
2654 2696 2677 823 2698 2618 2678 2738 767 2744 2706 730 2704 822 800 773 843 835 813 737
2728 2760 902 88 2720 92 948 930 2718 801 104 886 840 830 880 833 915 2683 831 845
949 985 858 1068 989 921 1005 2795 875 1011 952 915 990 945 892 964 991 980 1019 1035
340 359 351 269 1481 378 1432 300 305 1430 304 1438 1469 1388 1484 289 307 315 1393 1397
348 1416 347 1432 327 1411 273 1474 350 364 369 326 1381 289 1390 1484 1459 1485 311 1508
2411 2458 2416 2473 2524 2481 2516 748 2407 2459 747 2528 2442 2410 2455 2456 2447 2398 2628 2380
1227 1325 90 253 95 1283 1268 217 39 1322 246 192 1341 1263 1217 178 1362 1251 1359 1260
89 169 93 17 31 62 2780 72 40 1293 1240 930 1346 70 1229 141 42 1334 1319 178
1968 2100 2173 598 2063 1983 2006 1984 2136 618 581 560 624 1969 574 2094 563 1980 1947 570
2499 2544 2512 2453 2480 2457 2821 2626 2448 2518 2609 2860 2564 2841 2477 2505 2468 2530 2621 2516
1403 1428 240 1343 330 1531 1501 1439 260 214 1527 1505 372 1464 246 241 296 1443 1450 360
326 352 1499 236 238 218 270 358 257 341 1376 347 314 1494 1380 255 1498 313 1484 333
819 2696 2742 863 814 846 2743 767 782 2641 772 2688 2663 2746 853 2722 847 2711 2758 825
2426 2462 2415 740 2498 2401 748 2454 2422 2495 2398 2645 2413 2464 2507 2597 2393 2529 2478 2639
978 1043 935 2814 919 854 898 949 1091 1060 965 861 942 986 1020 939 873 2826 2820 848
1424 1486 1399 372 317 1413 408 1477 278 1558 1421 1464 1514 416 1543 1403 368 359 1532 365
53 187 157 124 52 226 191 1206 60 80 1295 206 1312 1224 1354 908 1195 1293 4 1377
690 2317 705 2321 714 2192 2304 2362 677 2242 2342 665 2325 2230 2197 646 2231 2217 671 2319
313 1438 307 263 1468 1480 229 1474 254 1469 1376 321 296 1516 305 1436 303 293 284 1409
2663 2685 2720 741 2701 740 831 812 783 742 2627 2658 777 813 744 2664 751 790 2694 807
339 1507 1436 393 1405 379 365 377 1564 289 1377 1366 358 1565 1414 297 336 1428 410 409
492 501 1624 1622 512 513 1627 507 510 1606 514 524 1666 1663 517 1677 1602 1638 1664 505
290 343 1427 1405 266 1417 1388 352 1367 1387 270 1389 338 1430 1454 1413 1501 1470 1396 1398
210 230 1318 3 1291 200 322 263 185 1362 1227 1301 1321 1364 1322 228 256 20 1310 314
2585 2867 2477 2574 2521 2542 2843 2858 2476 2516 2561 2497 2830 2495 2619 2625 2532 2582 2837 2558
2683 2733 873 764 2760 2758 2721 801 2804 2714 2765 898 2649 2666 866 2763 2652 884 2778 2664
746 804 763 2713 838 2778 841 803 2454 2663 831 2767 2730 2763 754 766 716 758 2461 788
592 2089 2087 2129 624 616 2164 2055 1943 594 2017 2019 1990 634 2042 2072 1955 2106 1950 600
876 942 904 1032 2808 822 2763 830 1042 926 851 2727 973 819 1007 2783 922 909 823 2719
2014 2029 602 2078 640 577 2037 1972 614 616 2004 2052 594 2056 1984 1997 2012 576 610 566
270 1420 1417 1376 315 1374 379 303 1454 235 318 308 247 361 273 1439 1518 223 381 1383
831 969 2742 916 1035 836 2699 2831 877 1013 812 879 789 2848 2705 2744 2847 2818 2841 2754
930 2816 1033 876 974 2862 59 928 67 2852 915 1026 2830 2565 2800 2849 960 883 2799 968
2462 2609 2473 2523 2606 2408 2484 2644 2505 749 2467 2590 2411 2402 2409 2525 2605 2635 2397 2572
987 1060 982 1104 1053 1030 2826 1016 1031 893 1087 944 1012 955 1042 1058 1118 937 927 896
2 176 1353 7 32 33 1187 1218 1237 1214 1270 41 73 14 1285 3 1206 1276 1256 55
768 2647 776 2677 2618 779 756 749 2682 760 2622 809 2643 2634 2694 2465 2695 746 2473 817
2490 2617 2519 2554 2643 2626 2656 2511 2555 2611 2451 2640 2453 2603 2424 2625 2534 2478 2583 2645
278 343 1382 1442 1379 257 1501 241 1367 1438 1380 286 331 1384 1495 303 1492 1456 345 307
123 167 151 910 24 70 0 154 1255 1216 1268 1273 31 1293 1260 895 1305 115 1324 10
1509 1529 1487 1489 324 285 396 383 1469 279 1545 1440 1494 333 1452 1441 1421 1483 338 281
659 2350 669 2337 2218 684 702 2195 687 689 679 2217 2333 693 696 2074 673 701 2179 690
78 1223 887 1298 111 95 189 5 17 185 47 2786 76 1246 161 910 41 908 912 2779
851 2725 793 2751 2791 963 777 940 2780 970 787 821 894 2679 856 2701 923 897 809 811
2171 2195 2222 674 2130 2122 2349 688 664 2198 2162 2125 2116 2147 667 2108 2220 2148 2328 2180
2211 2219 633 2244 2175 2228 2273 2184 2311 661 2223 2210 2227 2233 2328 2202 2236 2239 2350 2208
333 359 1499 360 352 335 251 325 1467 1482 242 1399 1384 370 236 1381 267 252 382 1365
593 2062 2065 625 1991 565 584 629 665 630 627 2013 612 2003 1963 1988 1961 579 657 2085
2634 2664 2511 2683 2498 2662 2650 807 2694 769 2651 2523 2601 758 2608 762 2623 2621 749 2668
16 66 190 1190 915 14 92 9 1251 208 56 1285 102 203 1261 196 127 1335 107 19
1159 1174 1200 1160 1184 1176 1204 1115 1178 1132 1110 1194 1162 1192 1131 1158 1173 1149 1146 1114
244 262 1349 1325 1397 1315 289 1339 241 1414 299 325 1383 1374 1330 1371 278 287 215 221
801 851 993 2690 881 778 2765 2802 943 2643 767 751 907 2632 825 915 2631 2695 832 843
2509 2544 2467 2461 2469 2541 2611 2872 2819 2570 2447 2586 2540 2835 2628 2550 2580 2481 2585 2605
569 2013 1969 2028 1945 541 1984 2044 2075 637 587 2000 627 2004 559 631 1947 594 598 1997
2824 2837 2847 2786 2747 2557 2750 2760 959 2773 2758 974 2761 2803 2540 2560 2854 2806 976 2579
575 608 2011 1962 562 2076 2082 2079 2043 2074 2016 1975 1977 582 550 597 595 1980 1976 1941
1546 1581 1507 1500 1497 406 1524 431 426 1624 1608 458 1604 1462 1574 1626 1543 1528 1493 439
1335 1379 1229 1356 1366 1451 1406 165 283 1418 1434 1327 1362 305 174 1353 272 1425 1428 224
572 1942 1935 597 608 581 2015 1965 2088 1977 541 1931 588 546 2020 580 1943 2012 2081 610
75 1313 1309 3 1299 936 57 54 1286 1377 66 17 926 931 242 80 1202 74 43 1304
1444 1480 360 385 1400 347 1563 390 413 1484 291 1465 375 376 1419 1418 1506 1567 1564 1439
834 853 2716 796 855 2738 809 823 995 881 2725 864 870 990 1002 1003 915 2718 2791 936
1046 1067 1112 1076 976 1009 1127 1053 1108 1028 1033 1106 1117 1026 974 1034 1025 954 1042 953
25 172 150 1239 1270 168 138 51 187 158 13 1315 1323 1295 140 1345 1229 154 1203 199
846 898 950 949 63 2799 2699 56 118 875 809 2752 143 964 860 906 2748 73 798 897
598 1971 2013 603 1972 2093 614 2033 1997 2081 1953 2066 569 1982 1943 2061 628 586 1994 1938
966 2841 1035 1004 2797 2565 2871 837 1018 928 965 2795 2803 2874 832 2799 2848 2539 2822 2830
399 1518 1532 1451 1594 1422 1467 415 1487 1454 1488 1556 1438 1505 1513 1442 427 381 1419 1545
841 970 919 2803 1008 2800 1052 2708 2795 964 872 2700 2770 892 1004 2846 850 2747 2792 809
2227 2314 2249 666 2279 2300 2262 2337 2264 2214 2247 2245 657 672 683 2311 2312 2207 2273 690
1009 1046 993 1116 921 1073 910 931 1098 1000 1099 1070 875 1119 1067 1017 1105 843 881 962
2587 2606 2499 2588 2479 2570 2469 2555 2862 2622 2503 2466 2495 2568 2448 2484 2535 2497 2562 2612
794 2725 788 2633 2779 2647 2745 734 828 2691 2733 2732 2653 787 2757 812 764 767 2741 2693
2508 2579 2623 2474 2449 2850 2565 2580 2613 2444 2448 2609 2564 2554 2575 2603 2604 2490 2485 2634
588 2074 1973 2048 2072 562 597 547 1967 1953 624 2056 607 548 1957 2078 2075 2065 1964 660
39 101 1213 1244 125 914 205 1327 2764 98 1347 2760 166 133 103 1329 61 149 147 56
177 1254 10 1296 1328 1319 1235 94 34 1267 90 1261 1216 148 73 132 19 1276 16 1218
262 283 1460 345 1497 1394 1354 335 221 218 330 1448 1456 339 1503 315 240 233 303 249
1164 1177 1204 1160 1181 1176 1202 1118 1151 1155 1113 1193 1135 1144 1142 1201 1146 1133 1196 1187
698 2320 2361 707 2225 710 720 2199 2203 645 2302 694 2336 2367 2312 2223 674 718 667 686
645 2075 1969 2100 572 2015 2206 2104 632 658 2213 1962 1999 625 643 592 2319 638 683 2211
792 2660 2748 2653 2709 818 733 2619 844 2741 2696 838 2621 833 2721 2679 780 2630 730 2692
1681 1909 1853 1760 1674 1669 1700 1697 1667 524 1704 1733 1908 1662 1684 1826 1929 1754 1847 1875
406 1589 1565 1537 404 1457 1558 1507 1567 1571 1534 415 1600 1621 1556 1584 433 432 381 1604
947 1021 872 854 996 1043 2746 1036 946 1034 2790 1039 926 1044 1030 1015 2756 855 857 2762
653 2332 2204 2218 2180 2355 2196 633 2220 2195 654 2186 2207 2360 2317 691 2369 689 2185 2053
2195 2334 2353 675 2373 2223 696 654 690 2345 651 2320 2370 2165 2199 2202 698 704 2155 2368
1466 1511 328 388 1473 1516 1459 389 1531 1477 1520 392 1453 1468 381 1422 340 1481 335 366
590 2058 1968 1973 1982 584 599 2004 1945 2085 571 641 2002 561 1998 609 616 600 2054 655
1802 1929 1896 1892 1870 1763 1716 1806 1851 1693 1852 1730 1911 1876 1728 1771 1871 1748 1739 1891
869 982 2725 848 1053 905 2822 936 824 2745 966 819 2751 859 912 1009 863 2802 871 2729
62 113 60 1308 1266 182 155 886 99 41 1261 101 1256 56 84 1232 891 1290 1228 1325
2550 2596 2594 2467 2530 2871 2842 2599 2873 2828 2469 2514 2532 2459 2861 2519 2850 2619 2829 2820
851 869 990 993 2733 2729 853 2746 877 952 924 915 2720 988 2783 831 984 819 818 2725
222 1404 1396 191 1392 1501 321 1409 306 1347 294 287 1488 258 1463 1312 299 356 278 312
93 1218 1295 147 1200 1320 143 1243 160 128 56 150 1226 192 1194 1254 1239 1315 164 1265
863 2789 2805 2823 994 967 2836 1008 2736 877 2726 872 988 911 884 2828 2777 2784 853 966
661 2201 2334 2358 700 2169 701 676 654 682 704 629 2168 2356 2231 2159 2183 2229 2333 2193
1947 2093 586 2142 2141 567 578 584 2087 2089 1981 2080 576 1972 2067 1935 1986 2107 575 565
163 1237 48 164 154 29 1276 39 1225 1252 23 1219 1270 1193 126 1209 144 140 177 173
891 979 2758 880 888 2755 88 922 95 986 915 2818 1044 2759 895 77 70 916 2799 2750
1941 1952 2089 2093 2074 1974 1969 2073 1929 2078 605 2065 554 2103 596 2092 2087 607 2086 1931
66 1302 1255 1249 61 1333 175 59 1262 3 1242 17 1247 1308 1346 161 1214 915 1278 1213
892 2765 921 810 127 2772 68 906 817 872 2781 873 985 2798 2753 2775 860 126 2776 920
1694 1925 1822 1873 1739 1704 1753 1911 1947 1716 1935 1728 1905 1798 1796 1897 1844 1724 1779 1762
2226 2310 2239 2203 2214 2233 2201 2211 2306 2314 659 2258 2230 666 2265 2202 650 661 2277 2259
150 1275 22 79 48 64 1 103 117 2760 1262 0 174 85 1298 1226 2782 36 1302 60
1397 1417 1420 1467 341 253 284 305 1377 1363 1478 245 286 1481 364 351 1512 312 213 1398
166 1224 71 1231 176 1328 1297 1330 206 139 114 1261 129 151 23 1227 1339 5 207 1248
541 550 553 596 1983 551 1977 530 589 591 537 561 1979 519 1980 513 1973 529 1981 564
621 1974 626 642 2051 2055 591 1981 2072 2094 613 2001 633 568 573 650 2092 1967 559 1955
427 439 1610 395 1614 1613 412 452 1630 408 399 460 441 453 1540 409 429 413 426 407
1354 1393 1413 1372 1337 1339 1317 314 205 1419 1366 360 1442 1397 1408 1341 178 1431 316 198
1421 1517 1475 290 1432 1438 1511 407 301 1546 1441 354 1541 1399 1512 1559 1545 1495 376 293
80 925 2762 973 887 969 148 1013 2760 152 1295 980 1251 915 875 2795 180 2754 2782 24
361 1456 1474 295 358 375 284 374 1415 1462 315 1533 365 1452 332 305 1490 1504 1464 1466
2141 2168 2192 2159 2131 2127 2201 2137 2160 2114 2204 2150 2136 2124 2122 2104 2184 2125 2175 2090
870 935 1017 907 894 2730 821 866 914 941 963 72 942 2816 2814 1027 2735 954 869 830
575 2013 578 2031 580 606 1996 2019 2063 2027 587 1946 614 591 1988 637 1951 1955 552 545
670 2327 681 708 2366 637 2332 647 661 660 2204 688 2317 2223 682 701 707 2316 2331 657
1303 1320 1286 1321 1201 218 1322 179 1248 60 1239 1219 234 1190 1358 64 1200 176 1349 1214
1711 1894 1893 1925 1764 1882 1754 1699 1876 1870 1835 1802 1779 1807 1819 1889 1856 1707 1784 1918
226 1318 169 43 293 196 1193 1315 271 1236 1338 31 1408 58 1224 1300 1369 1196 1197 1387
854 2716 2657 2671 866 2764 2742 877 2777 953 985 901 834 928 882 963 2655 2754 906 2779
65 1293 898 1233 1334 61 1251 1260 108 136 920 1256 94 137 209 131 33 1328 166 210
2529 2861 2540 2526 2871 2492 2839 2480 2573 2554 2556 2555 2465 2810 2817 2499 2461 2579 2477 2853
383 1434 1468 1467 1544 1527 271 1497 285 1446 1400 1402 333 1385 1386 274 1428 370 1380 1550
1198 1331 1287 58 1322 179 59 1254 29 1381 242 206 1372 216 170 1388 46 25 187 1255
134 164 1268 70 81 1308 54 34 192 87 1282 45 179 84 1241 107 1250 72 8 1290
923 2804 925 80 2797 112 969 2754 2785 913 928 873 51 916 852 61 2817 1014 2854 949
2322 2365 2401 648 677 681 2380 2341 2314 2411 2223 2363 2398 2202 2313 2372 701 2316 657 655
88 910 164 1291 2799 161 869 159 2756 992 166 1000 62 961 990 896 1223 916 1286 1232
26 1277 1210 2759 27 1262 54 1265 75 2782 131 38 1323 5 1252 1332 1248 47 1302 40
2487 2509 2644 2446 2500 2579 2615 2486 2502 2501 2547 2637 2592 2441 2503 2578 2454 2423 2424 2522
338 1505 1526 383 324 251 1406 1561 1464 1429 1423 287 403 1407 1421 1456 360 1412 402 302
96 894 2771 154 2750 1282 152 173 2729 1245 840 93 911 953 133 2788 90 2794 903 166
2380 2453 2481 2339 2335 2446 2351 698 2346 2513 2599 2520 2504 703 2456 710 2509 2408 2489 2604
674 2309 2258 639 689 2323 2331 2180 2355 2234 2336 2219 630 2240 651 654 2326 634 2348 2356
31 164 1239 25 83 76 1201 171 55 205 1245 1234 1321 166 1228 1275 156 1286 1240 91
2492 2577 2575 2596 2593 2609 2537 2458 2631 2547 2576 2542 2641 2586 2584 2516 2600 2597 2456 2511
859 986 998 1048 872 940 2781 826 820 995 2811 924 911 878 925 898 974 1071 1072 2798
310 1437 316 369 361 335 304 1375 1371 317 1488 325 1454 338 1456 1445 1389 362 1531 1434
2395 2456 2474 725 732 2450 2517 2465 741 2479 2383 2599 730 2390 2502 2625 2467 2378 723 2423
853 2716 805 2765 2692 787 909 2742 922 2798 988 2684 2709 2663 996 868 2771 981 925 2810
1050 1067 1068 1051 955 982 1041 1046 1085 948 1026 1097 1006 1071 946 987 1025 1020 1084 1014
422 453 441 1627 1486 1468 1550 1482 471 1475 1548 1545 395 1624 1536 405 472 437 409 1617
