314 333 343 307 291 330 320 297 303 340 308 342 350 294 305 334 315 328 304 349
178 470 218 210 239 173 242 180 479 471 137 151 238 454 250 209 491 175 464 200
245 532 496 230 237 270 472 272 467 541 494 504 475 283 260 545 262 547 463 459
258 512 247 508 503 511 208 268 497 501 507 550 540 516 528 250 546 266 214 510
576 591 597 585 589 599 586 588 604 594 583 605 568 574 578 593 600 587 595 577
308 319 297 335 314 300 320 326 292 293 306 327 337 304 294 323 316 336 284 318
174 478 262 445 107 447 149 227 263 450 212 215 130 221 254 206 194 177 284 279
154 714 145 422 420 169 82 122 432 176 146 706 124 701 419 162 115 439 187 121
201 479 460 189 465 454 272 485 445 245 213 212 229 257 440 446 184 195 239 450
188 211 470 474 241 466 239 512 472 196 514 220 210 171 214 179 447 461 503 459
199 458 235 499 221 482 190 460 226 244 437 200 457 487 191 438 214 434 467 448
523 540 281 271 276 249 216 270 297 521 519 546 269 272 293 506 290 232 234 225
54 671 673 86 5 10 11 676 9 659 45 27 398 82 660 657 13 396 19 70
75 722 425 144 171 147 694 106 101 449 145 143 128 83 709 701 78 698 427 411
195 206 227 441 187 461 465 208 174 220 229 176 170 231 190 491 504 496 510 498
103 152 169 167 137 113 708 95 181 155 78 82 122 171 173 96 184 718 107 71
233 257 450 554 500 506 551 539 205 276 281 264 460 249 279 540 510 512 558 283
206 456 234 454 211 452 195 240 157 248 184 245 180 186 220 221 447 236 189 465
628 636 631 620 0 629 5 626 44 640 41 31 655 15 621 617 625 651 38 393
447 712 142 69 221 457 105 108 215 223 458 68 214 74 83 216 156 165 430 706
405 692 54 695 696 413 72 417 710 420 699 69 690 416 58 59 47 409 57 706
665 674 22 395 661 5 663 10 669 19 57 672 15 37 31 678 673 1 8 29
164 721 453 84 153 431 133 703 424 187 456 113 421 152 68 413 433 441 94 720
49 642 626 8 670 641 16 392 669 696 640 673 623 684 676 3 686 391 5 646
180 451 457 241 220 170 245 452 470 712 175 200 458 246 236 208 441 238 173 450
66 76 145 82 131 102 92 48 675 95 77 93 123 143 49 704 110 708 44 65
45 55 676 655 641 394 86 651 5 644 642 63 29 19 14 645 693 39 50 690
97 720 67 707 428 118 426 116 82 449 721 119 442 145 438 715 117 717 455 156
516 539 260 220 529 521 269 255 557 236 502 290 559 264 222 494 256 489 244 513
274 292 248 305 306 270 550 254 273 284 545 540 522 501 471 541 307 314 279 275
197 500 492 471 447 267 216 456 220 497 474 257 481 524 195 172 470 441 478 182
212 510 184 469 521 453 529 471 531 520 447 254 491 279 257 221 448 537 276 525
682 688 706 404 73 393 666 22 27 37 687 693 663 406 9 47 3 8 26 698
394 638 657 663 26 405 1 391 40 28 683 646 22 60 45 637 7 39 665 658
253 526 501 220 538 502 542 510 513 555 265 238 250 246 251 534 280 291 240 486
223 503 522 205 214 513 236 229 267 469 260 274 494 437 452 504 456 462 528 235
137 711 719 124 148 132 72 434 422 697 100 79 414 82 180 720 136 437 96 723
23 53 14 687 392 641 28 654 643 650 658 22 630 6 55 670 18 56 651 44
538 545 286 288 553 242 557 519 280 271 269 559 554 287 551 513 257 546 233 277
29 662 682 395 45 656 663 684 38 655 639 686 51 653 53 18 28 25 629 649
210 449 433 454 234 721 204 709 444 474 195 459 209 456 427 182 215 460 208 517
242 488 190 270 245 526 249 266 212 239 235 508 227 519 206 226 507 241 491 220
398 681 40 696 684 665 675 0 59 45 397 41 23 27 68 24 393 25 38 31
216 487 213 496 237 210 520 501 183 221 471 514 217 460 236 220 247 268 258 488
51 670 664 665 398 673 658 45 662 683 677 679 395 392 651 75 48 14 56 652
211 499 226 483 500 277 516 491 460 462 216 481 459 443 251 510 485 507 496 254
463 481 477 173 248 278 439 202 172 255 276 217 215 179 200 184 182 207 174 499
631 647 627 33 15 46 664 642 25 639 50 638 28 618 39 48 662 32 619 11
206 439 184 166 168 434 708 722 455 473 429 203 510 458 198 201 419 483 711 465
183 202 439 182 448 446 476 503 468 499 212 191 436 194 152 150 149 165 177 458
35 45 20 36 64 44 17 68 14 53 52 24 55 693 651 676 0 633 683 4
184 437 449 164 705 699 199 219 148 193 415 204 220 471 459 211 182 715 234 196
679 689 686 15 55 32 671 61 41 698 411 704 13 49 703 20 692 408 65 675
76 128 124 135 97 98 689 694 719 711 79 698 152 114 77 86 122 117 125 63
193 485 451 207 256 482 174 480 274 502 213 474 218 253 449 262 512 468 204 471
190 221 476 169 462 233 472 520 173 525 212 498 438 445 518 235 460 526 248 501
4 631 679 390 683 394 7 637 21 31 676 48 39 685 617 56 14 651 41 22
25 42 691 690 653 645 46 6 651 43 689 29 657 23 650 680 685 24 673 660
40 663 683 397 638 8 641 31 672 24 43 28 687 649 61 631 686 669 660 25
74 697 680 434 717 718 85 114 136 131 107 712 721 690 431 92 139 101 98 433
284 547 275 509 294 537 496 536 474 302 483 481 559 300 468 282 256 291 295 556
379 384 385 380 375 372 388 386 366 377 369 387 365 363 378 376 374 383 389 371
298 556 308 317 551 557 545 300 535 264 282 553 554 287 276 275 549 290 311 292
509 526 272 528 504 520 492 251 209 214 491 248 266 507 540 511 212 291 211 275
204 225 181 500 465 515 179 491 476 187 200 242 510 492 490 195 446 532 229 196
159 190 204 710 96 151 471 480 182 720 152 138 479 439 119 446 201 451 136 718
111 719 134 68 449 722 698 174 447 107 143 169 135 124 95 709 70 172 121 72
300 555 273 284 262 296 546 541 280 261 297 271 540 259 536 544 319 265 267 283
77 89 53 103 707 129 127 722 64 704 714 721 156 130 139 718 122 154 136 137
203 501 187 447 175 509 494 523 206 285 465 251 469 236 486 173 475 267 255 204
78 713 174 444 149 167 155 451 79 97 81 130 711 65 89 75 143 71 161 103
418 722 448 168 133 438 86 437 78 718 704 456 717 137 701 174 165 92 716 80
468 495 220 445 515 259 465 265 256 271 224 488 508 219 513 245 511 249 485 458
141 152 123 105 75 185 89 103 114 126 116 74 161 84 719 102 165 171 98 80
510 526 490 239 273 520 224 244 218 221 264 233 498 513 211 483 502 537 281 518
394 683 686 46 675 397 631 658 391 650 652 72 37 11 396 17 653 54 48 29
365 378 375 381 362 352 373 356 385 350 366 371 358 387 357 361 382 355 359 380
74 95 122 715 150 153 719 107 166 112 67 698 693 66 695 692 687 694 690 115
454 459 432 199 170 196 461 250 215 171 426 188 467 208 239 201 163 220 198 429
468 490 170 268 243 222 265 510 179 280 191 242 461 229 278 174 277 206 237 470
47 662 689 64 33 652 697 62 20 73 23 56 27 679 655 682 678 669 695 665
116 168 191 121 440 153 141 135 164 713 194 144 179 132 718 75 80 169 79 131
326 336 335 322 350 311 334 325 324 319 315 345 329 320 342 349 328 343 323 314
464 492 184 479 445 248 502 478 163 474 262 506 503 179 441 210 214 181 266 451
205 442 179 478 456 503 481 453 164 174 441 722 425 445 213 172 435 460 155 234
166 176 452 477 98 464 479 168 458 717 126 143 117 167 204 466 446 202 169 460
202 438 474 450 215 166 209 472 696 433 437 227 481 483 188 441 418 226 179 704
208 456 184 236 218 504 440 433 472 173 428 159 193 165 226 502 198 210 459 201
143 173 139 465 135 466 137 165 160 92 443 132 182 83 94 181 82 99 144 120
210 448 502 203 720 516 213 422 241 716 437 211 233 189 222 508 490 712 228 216
85 105 133 107 704 708 143 72 104 139 67 55 97 74 171 164 119 115 78 160
252 533 505 234 517 483 506 497 526 537 236 225 551 545 472 486 223 535 482 238
40 656 681 13 57 644 52 12 44 36 691 50 62 17 45 20 662 668 394 47
178 465 464 488 480 175 234 143 190 247 722 183 154 171 217 494 469 187 155 451
7 44 664 69 665 60 10 19 17 52 670 669 51 674 37 652 30 689 649 635
23 651 7 29 654 679 5 15 30 391 53 39 27 14 637 50 647 34 659 678
495 510 202 534 208 470 245 521 512 502 264 228 476 535 482 255 260 289 215 508
612 622 642 618 617 598 635 614 625 619 631 621 601 602 626 596 616 623 2 390
69 76 80 118 707 699 718 48 723 57 126 79 64 140 113 134 712 130 682 116
271 552 254 481 525 549 523 519 262 279 537 510 267 542 516 293 517 541 553 291
99 720 129 159 415 167 704 451 110 696 694 709 64 136 148 106 155 119 120 130
479 506 196 189 273 277 500 280 457 178 455 239 207 272 242 187 477 180 498 223
212 480 490 470 211 461 285 504 257 481 475 217 514 194 210 517 518 280 457 453
108 145 135 89 171 140 90 718 101 127 716 710 162 151 179 164 156 723 173 167
539 558 233 260 525 256 259 545 258 522 273 544 276 277 289 246 553 296 287 284
9 624 664 663 8 614 650 6 52 673 55 39 639 4 618 0 659 2 649 670
74 706 142 414 447 139 416 127 119 444 67 718 164 70 441 134 722 162 159 438
205 458 441 448 490 455 494 176 171 432 231 244 240 442 445 226 457 223 213 478
149 179 167 195 470 87 89 455 711 441 91 468 206 200 115 123 104 83 120 180
77 718 154 415 422 451 448 420 423 431 453 85 100 425 692 111 150 56 59 92
202 454 503 173 481 197 218 718 435 489 184 488 719 232 450 433 456 460 215 478
83 123 131 98 54 128 140 164 84 59 104 80 129 114 95 116 704 52 709 169
42 667 656 394 628 65 26 15 397 33 631 644 390 663 676 684 45 660 18 49
288 297 550 293 511 552 290 304 554 544 285 298 548 268 553 270 319 273 310 505
225 497 443 190 476 461 453 244 233 463 430 194 192 243 223 251 531 515 280 448
654 669 645 15 45 662 0 20 659 667 19 52 53 3 673 652 670 13 4 47
283 505 275 545 199 547 553 239 265 537 274 244 278 259 247 280 211 261 503 305
22 630 33 42 640 8 674 28 681 677 670 662 16 51 3 35 619 9 684 40
21 44 20 645 69 667 670 55 64 52 651 693 36 688 649 7 675 19 684 10
84 105 110 113 118 713 155 718 98 83 68 114 720 86 133 145 107 88 124 723
197 474 482 444 242 450 215 227 204 181 499 463 484 170 272 179 212 442 209 224
155 182 210 458 134 471 141 722 716 709 164 92 212 112 707 206 443 712 153 170
17 683 69 28 392 638 71 21 695 645 657 13 673 402 685 16 391 58 694 27
266 557 535 295 278 530 289 238 518 252 534 520 276 287 245 499 296 251 522 503
44 635 27 694 21 8 67 6 639 32 68 23 39 19 622 618 17 676 658 57
255 552 271 531 539 478 265 235 527 248 250 497 474 279 542 495 234 516 298 487
189 480 173 186 274 218 273 460 496 465 262 242 282 238 489 470 180 457 463 220
17 680 626 655 398 392 677 665 0 666 24 694 640 43 7 54 42 32 69 683
134 175 469 120 472 207 76 712 145 109 713 98 461 442 168 150 164 112 74 711
189 473 217 193 210 208 251 222 248 472 458 204 471 486 468 436 490 194 218 476
246 457 454 437 452 483 476 453 538 214 166 210 505 496 534 240 267 233 544 474
274 503 512 517 546 254 256 206 203 539 496 538 264 495 235 247 224 540 300 228
52 698 430 688 696 83 697 8 672 80 57 77 62 72 9 39 653 720 673 3
53 650 660 702 696 671 691 52 632 4 18 686 661 28 73 639 40 84 7 675
128 169 181 156 118 468 173 443 111 144 444 469 453 92 188 176 153 82 466 441
269 286 254 496 514 509 555 291 298 544 268 303 307 301 483 538 490 517 248 539
278 515 539 535 538 558 489 511 531 279 264 554 286 263 553 477 479 269 257 255
233 526 290 207 480 272 208 231 241 512 230 245 503 485 291 219 538 267 265 438
216 502 501 526 228 255 463 256 215 213 238 260 531 227 234 265 205 464 465 499
47 692 636 666 671 716 721 691 15 677 4 54 46 7 25 69 38 654 17 40
4 638 22 13 672 673 7 660 641 654 43 44 634 49 658 629 666 648 28 40
536 548 268 287 534 526 525 271 513 511 539 260 549 537 554 285 523 258 551 259
15 673 396 29 642 687 390 398 17 648 34 626 391 393 671 689 684 61 3 675
283 553 489 281 480 253 496 292 506 536 286 304 303 263 535 468 260 473 498 485
65 687 66 49 676 72 68 70 699 76 40 79 97 684 704 691 61 694 83 410
336 342 318 345 327 341 326 355 354 332 338 348 337 330 321 343 325 317 335 347
50 664 391 656 670 1 54 30 683 37 397 2 74 32 660 25 653 652 666 680
164 172 147 152 199 705 442 185 711 475 161 203 194 124 119 465 455 189 178 97
407 417 412 708 690 706 432 429 438 717 424 428 695 413 418 419 699 719 414 434
92 718 433 88 70 438 163 441 707 77 695 98 93 107 136 159 157 425 415 65
