216 308 180 184 403 250 249 282 335 371 231 193 229 345 407 374 361 348 396 275
273 384 425 271 346 303 280 463 423 345 282 292 432 332 446 445 210 220 222 431
34 97 56 106 9 6 124 72 10 82 46 11 116 50 78 68 47 13 77 112
237 447 252 421 361 272 381 194 458 399 383 346 364 282 472 387 219 249 401 389
76 92 37 40 41 91 3 22 113 93 14 89 78 69 50 77 17 99 8 97
225 431 259 278 455 223 242 214 399 224 226 367 461 328 215 256 238 418 262 234
1251 1256 1244 1215 1278 1213 1279 1221 1258 1247 1287 1220 1290 1243 1228 1255 1245 1274 1239 1250
264 301 273 433 233 316 424 345 397 380 421 203 407 199 367 257 255 289 249 331
4 122 44 85 65 13 87 27 125 112 59 92 151 48 33 84 35 123 1 50
524 570 563 510 525 574 541 523 569 612 512 511 490 640 547 565 633 520 585 622
632 658 564 600 640 574 615 621 668 669 625 578 608 674 627 622 655 612 656 644
510 563 517 531 556 626 642 585 552 497 557 561 549 580 489 636 558 534 550 483
1053 1063 968 1036 969 1086 986 1071 1122 1000 1083 1006 1111 1108 1035 1066 1118 1044 998 1084
989 1032 1051 936 927 1028 1012 1027 970 947 1062 1090 1069 950 933 990 967 1034 957 1014
628 655 643 629 626 653 661 609 636 575 685 571 604 651 567 649 561 588 580 647
21 95 115 94 47 107 7 88 27 52 78 98 64 30 66 108 105 80 46 0
358 415 385 467 318 344 248 466 271 333 394 416 203 442 397 227 435 325 398 317
833 854 874 871 811 890 857 891 843 856 837 846 855 844 882 834 823 836 831 794
428 460 403 235 409 379 394 238 264 444 292 454 258 234 433 226 499 255 259 277
799 836 859 820 828 790 752 794 808 758 781 815 805 829 834 766 856 849 803 756
983 1020 1007 927 964 969 1057 1000 1019 939 1084 1055 1074 1097 1073 1065 1109 1051 959 1085
783 820 744 837 803 800 763 781 797 815 738 756 757 737 829 851 788 832 751 846
256 334 246 390 224 401 324 398 441 382 331 353 406 332 208 274 418 186 318 293
42 52 106 104 2 62 80 19 18 36 100 93 56 86 24 73 53 97 1 79
439 464 496 364 250 255 463 389 273 478 500 397 441 377 276 427 254 258 374 272
699 709 718 689 688 746 727 677 736 712 741 708 721 702 692 690 731 747 711 706
189 339 297 284 350 184 266 234 153 343 359 325 205 163 148 272 263 340 229 361
201 273 268 175 246 412 183 384 223 275 315 192 349 390 324 239 231 197 168 416
243 327 418 256 359 407 333 288 207 374 373 247 421 227 309 323 191 202 322 394
1457 1477 1490 1506 1491 1444 1433 1480 1442 1500 1503 1492 1489 1484 1463 1435 1487 1486 1471 1475
675 691 686 721 648 722 714 635 719 637 699 703 709 706 690 672 693 702 678 680
465 497 438 410 445 498 487 437 530 444 434 542 504 461 407 488 395 490 459 463
926 946 914 978 936 889 941 956 900 901 960 891 954 969 982 899 976 909 952 992
279 397 399 375 264 351 346 281 423 426 447 227 451 377 308 334 465 313 396 370
371 419 392 239 195 234 459 258 326 343 364 460 317 361 399 481 453 462 356 191
1348 1371 1341 1373 1336 1377 1352 1369 1332 1380 1353 1343 1384 1382 1347 1339 1359 1367 1331 1356
903 939 982 925 926 962 874 946 944 971 968 947 894 988 923 906 898 935 872 907
1188 1208 1219 1220 1181 1186 1207 1159 1218 1194 1197 1224 1216 1171 1217 1211 1198 1199 1180 1162
1347 1353 1331 1369 1366 1350 1348 1374 1365 1361 1341 1325 1342 1370 1343 1340 1326 1352 1367 1358
7 33 79 84 117 68 45 51 97 104 83 21 46 53 31 88 34 43 106 118
487 516 429 554 572 586 518 489 600 599 524 453 621 616 571 498 559 602 598 449
270 291 334 282 434 332 277 230 435 210 421 302 408 269 263 278 264 307 368 225
251 392 288 213 293 265 211 232 205 345 391 423 463 207 248 356 242 218 236 197
1285 1308 1276 1293 1331 1282 1258 1322 1272 1328 1338 1290 1296 1266 1270 1257 1256 1260 1335 1254
31 69 86 40 103 16 94 29 71 65 54 92 64 68 0 79 46 22 88 100
516 614 604 546 625 573 633 560 660 578 564 647 629 521 616 618 526 609 579 523
287 388 332 280 219 312 229 356 456 419 361 259 269 281 239 369 344 234 414 453
252 419 381 397 342 266 314 423 349 374 439 350 335 380 222 243 362 477 370 315
100 123 166 126 0 116 132 146 13 135 149 92 25 109 10 14 7 164 151 75
25 70 109 63 90 35 14 68 114 24 37 104 107 60 20 54 15 3 32 23
202 366 420 162 291 440 406 244 253 395 355 346 396 182 226 452 179 405 418 236
607 648 589 616 689 679 661 551 654 606 566 644 598 688 572 623 592 541 656 574
247 451 292 352 438 370 246 425 402 437 430 331 302 374 214 316 433 442 477 321
248 433 363 370 216 344 262 313 254 312 442 413 299 195 355 404 406 389 321 411
468 490 416 543 504 454 442 415 529 466 494 500 426 477 508 489 448 520 533 498
563 619 581 535 648 558 513 537 605 596 579 568 616 643 573 541 606 607 557 646
522 573 615 547 542 523 640 611 588 497 626 489 633 575 499 627 530 504 538 576
243 376 287 281 328 443 339 435 378 252 450 298 257 380 401 347 402 269 446 279
1066 1075 1138 1031 1122 1143 1121 1065 985 1078 1049 1080 1006 1019 1129 1029 1096 1009 975 1073
600 625 632 531 534 513 516 549 664 579 666 629 533 560 650 658 608 620 619 583
415 455 469 483 375 362 401 228 447 360 265 253 451 377 282 378 223 417 476 380
400 456 491 489 241 247 286 371 429 353 381 496 339 462 436 488 361 495 285 347
386 439 273 315 476 483 302 327 348 405 440 339 437 389 345 290 324 225 239 198
974 1002 1029 926 1025 964 1044 1072 991 1012 1035 932 1017 1066 941 1006 1085 1078 979 989
295 315 205 417 395 328 412 289 302 243 191 268 385 311 241 297 233 345 366 201
216 259 420 379 425 234 302 229 226 358 224 206 437 370 349 430 307 249 218 257
1382 1397 1415 1395 1384 1374 1417 1419 1393 1408 1372 1388 1418 1383 1362 1361 1365 1368 1363 1410
1488 1494 1481 1519 1517 1520 1476 1524 1463 1499 1516 1466 1482 1507 1496 1486 1479 1484 1468 1513
1007 1094 1024 1121 973 975 1028 1150 961 1026 1090 1010 1083 1101 1080 1017 1020 1056 1032 1034
545 569 646 566 503 509 644 487 548 595 514 567 585 510 622 598 583 645 494 604
496 516 584 453 538 564 552 530 543 589 514 461 485 579 536 493 527 540 469 558
447 486 478 414 518 421 449 389 527 452 505 472 537 387 499 366 240 539 470 412
57 76 27 60 49 50 82 9 86 102 11 47 7 101 39 64 52 93 5 30
348 374 186 444 408 394 281 403 457 208 259 418 443 261 336 245 318 420 461 462
934 973 1060 1062 929 903 1029 979 1014 905 897 1023 922 1025 984 993 1052 937 913 1036
1008 1068 1124 983 964 1046 1102 962 1117 1065 1107 980 1072 1059 1033 1108 999 1112 990 1034
1092 1130 1073 1012 1094 1007 1059 1134 1014 1140 1011 1166 1027 1085 1083 1061 1125 1139 1082 1056
1013 1099 1076 1098 1122 1082 1093 1017 981 1090 1010 1107 1064 1097 1023 1072 1094 989 1114 1050
788 800 801 786 831 768 764 758 747 759 752 777 834 803 810 818 826 778 811 773
276 395 384 349 445 331 294 215 351 350 247 218 321 423 279 244 358 336 223 406
1366 1371 1357 1353 1370 1372 1347 1359 1382 1348 1355 1377 1373 1375 1356 1342 1365 1383 1346 1352
1221 1245 1244 1230 1222 1266 1196 1237 1212 1247 1256 1233 1202 1243 1197 1273 1214 1204 1264 1234
86 98 81 54 30 78 72 73 94 55 104 69 15 80 89 105 44 67 97 115
63 86 103 72 69 81 23 33 59 42 5 79 44 17 94 95 34 54 25 55
886 912 946 965 925 958 883 897 900 949 910 952 929 887 924 909 850 933 867 856
1134 1161 1184 1114 1143 1120 1097 1119 1152 1089 1147 1151 1124 1075 1144 1130 1133 1079 1127 1158
597 656 662 620 604 671 618 515 549 658 561 533 529 551 688 651 678 595 544 683
248 362 290 196 211 213 354 223 225 355 330 359 406 449 250 307 352 265 301 204
34 64 69 56 9 52 4 2 14 71 10 32 50 48 45 60 5 57 59 91
674 697 667 634 737 678 657 679 680 716 698 704 687 693 702 720 739 655 633 706
214 320 177 176 394 186 365 337 366 268 387 359 401 280 198 195 334 192 371 352
494 524 596 574 460 493 554 601 588 576 513 587 548 565 531 579 477 583 607 570
1472 1493 1510 1507 1490 1486 1509 1502 1447 1451 1518 1487 1500 1520 1480 1511 1497 1506 1508 1457
45 103 138 25 98 129 55 79 80 36 112 111 53 37 91 40 126 139 106 51
978 1067 955 1003 1085 976 1093 1053 1016 975 1123 1113 1024 1005 1092 917 1008 1125 1004 1110
1346 1367 1349 1371 1375 1343 1327 1324 1362 1325 1377 1379 1354 1387 1341 1339 1331 1353 1337 1381
282 317 417 316 266 193 352 412 319 292 370 250 333 215 344 287 304 239 225 335
1034 1081 1138 1095 978 1037 970 1091 1116 1018 1101 1132 1104 1013 1051 1072 1036 1063 983 1148
266 394 286 216 359 328 469 194 340 213 326 208 299 227 241 252 285 440 229 317
1021 1121 1128 1072 1105 974 991 1067 980 1022 1084 1155 1064 982 1074 1160 1046 1082 1083 1073
877 890 874 872 858 853 910 904 838 897 909 843 862 842 845 889 891 918 847 844
306 342 264 227 222 279 367 308 206 403 391 276 303 193 209 218 217 344 380 395
638 684 576 715 706 614 578 673 575 679 626 672 584 611 572 602 601 562 583 603
186 213 338 159 339 391 315 245 367 260 207 355 243 346 328 195 172 170 380 173
557 607 551 574 616 566 528 606 526 582 554 501 522 567 552 659 654 626 590 530
1499 1524 1475 1552 1505 1523 1539 1503 1554 1545 1504 1537 1506 1542 1522 1474 1494 1510 1543 1479
309 357 378 225 308 307 281 306 254 326 287 362 318 197 344 389 213 339 372 369
565 598 616 522 553 536 539 593 606 630 534 653 658 572 521 629 524 535 619 611
577 623 532 599 508 547 553 611 607 648 638 534 634 521 619 549 526 546 598 523
361 442 444 352 192 439 276 407 341 217 282 367 360 476 264 229 424 201 209 438
1284 1297 1281 1279 1307 1283 1288 1274 1292 1252 1253 1282 1266 1259 1258 1321 1315 1262 1310 1303
254 319 441 289 281 290 443 312 266 225 390 404 338 430 297 369 248 428 392 381
919 959 909 1034 906 994 988 942 898 901 953 927 914 946 1008 960 978 937 985 1010
1000 1020 1046 999 1069 1095 1056 1076 1078 957 1077 1025 1086 987 973 960 965 1088 963 1083
371 438 208 352 447 210 434 342 245 323 424 471 212 398 363 435 274 358 292 333
821 851 838 801 812 797 826 885 840 842 798 841 786 783 808 802 789 827 847 803
1124 1149 1062 1117 1157 1084 1075 1109 1180 1064 1107 1111 1074 1181 1102 1127 1063 1106 1141 1113
200 241 450 341 442 205 255 233 393 322 361 390 368 397 197 296 365 364 249 281
606 616 604 591 522 590 625 531 558 653 611 513 538 661 530 560 632 536 662 592
586 654 515 672 653 533 648 674 595 644 597 553 663 693 624 542 518 546 632 634
240 349 381 236 199 219 442 423 184 281 291 255 321 260 254 353 230 445 338 257
520 591 487 530 521 651 609 501 578 489 588 513 642 523 503 640 627 589 552 564
286 343 429 280 337 316 248 399 300 391 199 439 256 269 441 386 298 311 296 252
63 97 33 68 102 95 16 22 62 99 65 1 69 123 108 85 29 8 64 53
722 742 751 756 786 747 680 781 720 741 706 691 734 776 708 723 704 779 749 780
979 1000 927 996 968 916 1004 1044 998 1015 917 948 946 966 931 1078 954 1064 1042 1040
962 1030 1006 1020 1008 1054 1005 1004 960 1112 1031 1090 1028 1103 1099 929 1074 967 1107 1096
456 482 240 241 412 432 392 502 400 397 238 373 457 472 496 370 481 398 365 372
1063 1090 1057 1080 999 1106 1105 980 1077 986 984 1044 974 1139 1052 976 988 1001 1024 1109
593 612 600 568 596 576 647 513 602 630 590 634 516 615 586 598 587 652 544 632
199 360 179 313 235 335 357 332 231 333 234 319 223 187 196 378 376 372 380 392
1314 1322 1343 1340 1293 1306 1344 1330 1335 1309 1296 1290 1305 1331 1299 1333 1292 1315 1318 1339
844 877 889 907 856 830 847 831 878 857 832 879 894 864 812 871 850 819 883 833
263 435 381 326 286 349 433 465 440 294 297 359 280 364 245 477 235 296 250 425
285 302 305 333 378 221 406 315 342 316 358 321 349 319 252 433 356 256 389 288
1289 1312 1333 1268 1318 1313 1332 1261 1319 1330 1277 1260 1255 1331 1340 1309 1267 1341 1323 1283
269 392 193 314 231 364 418 243 415 407 249 308 229 223 328 324 216 295 421 373
305 386 363 360 306 444 454 320 239 206 217 394 446 450 427 247 200 203 323 465
1508 1521 1542 1537 1557 1532 1510 1535 1507 1536 1487 1527 1502 1511 1523 1552 1544 1486 1529 1514
1319 1323 1310 1336 1305 1303 1315 1339 1317 1335 1296 1322 1325 1308 1327 1313 1334 1300 1309 1341
784 801 764 805 740 804 772 747 810 827 825 790 771 768 786 746 816 812 811 755
235 318 437 303 256 322 196 383 255 227 370 353 226 323 384 349 424 374 445 300
236 431 367 299 342 334 406 240 220 204 304 202 257 305 272 350 335 271 263 243
941 978 910 924 1007 970 982 986 983 1053 909 1018 1045 1068 1029 918 1016 968 994 1025
257 379 240 193 203 426 436 199 334 400 456 402 393 310 298 428 355 425 206 392
1262 1290 1237 1294 1253 1243 1233 1235 1297 1240 1314 1287 1296 1307 1309 1312 1285 1245 1257 1269
1192 1214 1174 1185 1206 1198 1165 1213 1166 1227 1212 1178 1188 1238 1175 1186 1181 1208 1216 1195
209 249 197 182 165 446 399 282 402 394 167 375 214 258 200 381 451 275 226 246
36 78 41 21 22 76 92 102 88 108 34 40 31 105 5 62 75 85 27 60
1039 1070 1092 1130 1043 1025 1000 1085 1057 1020 993 965 1084 1056 989 1094 978 1078 1004 1029
