672 741 706 722 680 562 764 447 696 649 662 643 575 459 703 794 708 720 528 522
657 722 556 665 728 640 589 570 455 517 444 676 583 649 660 568 437 680 466 636
1036 1055 936 1022 958 1054 909 922 955 950 975 1079 1094 983 967 1042 1087 911 1082 976
300 320 324 286 285 288 295 279 334 328 333 293 326 284 298 330 280 336 281 304
593 648 661 733 568 547 446 669 434 541 465 612 632 567 678 458 695 730 524 698
850 868 815 801 776 786 900 859 849 890 779 764 846 759 754 1005 909 794 810 804
79 111 1152 80 1215 1187 1209 1158 1179 24 152 1169 32 115 158 1175 1167 1234 1148 17
926 980 954 939 984 1041 1038 990 890 964 974 938 965 1017 1037 1048 1015 1024 930 1011
514 646 538 687 706 670 635 455 477 531 575 436 673 568 583 467 459 642 518 516
566 613 618 598 723 677 528 590 700 676 744 673 686 703 699 474 670 638 585 604
742 763 788 663 540 674 726 652 681 855 553 692 862 677 560 688 697 734 790 787
978 1043 927 1057 1071 1051 985 1003 990 975 936 902 935 951 913 991 1068 1069 922 1042
654 729 529 780 436 553 487 435 687 715 583 555 587 475 741 429 525 663 492 724
148 1224 187 93 178 115 241 1216 1213 147 161 165 1205 247 142 1235 224 237 145 1227
922 1029 1054 918 899 951 1042 982 921 1066 999 1028 970 928 1064 965 898 1007 901 1032
515 632 622 602 566 612 664 552 455 627 537 531 459 636 517 538 486 510 447 462
519 660 648 574 591 718 429 505 547 520 477 572 446 494 500 673 483 597 724 704
238 243 1218 1216 248 221 245 130 1213 261 223 192 178 184 177 198 191 232 219 1225
786 884 838 890 732 873 780 764 767 761 848 812 785 778 876 869 737 794 905 758
560 627 550 548 540 661 617 498 624 472 494 523 731 644 563 480 539 487 501 603
786 882 901 732 757 801 802 834 866 743 729 1014 916 767 884 871 908 881 889 734
436 687 554 707 742 723 743 547 710 439 732 753 525 440 441 751 457 657 678 749
1156 1166 1195 31 1188 59 1201 24 1114 1150 1193 1101 1146 69 1130 1124 13 77 63 1174
793 814 822 864 780 769 858 773 827 764 742 836 744 866 815 794 859 735 760 789
435 673 763 650 692 417 665 646 566 563 516 532 451 439 545 723 645 757 558 546
933 1027 1041 963 950 928 1026 895 979 1011 955 1053 1046 929 942 989 985 1060 977 970
165 241 218 174 159 206 235 149 254 253 1206 136 178 153 156 217 125 130 259 239
149 1219 113 1192 94 157 1204 1186 151 1190 1232 91 1173 1238 186 93 222 121 170 104
166 1221 112 174 184 1222 177 173 1242 109 1238 1177 113 236 201 1184 171 1230 181 160
901 993 1017 965 906 976 931 1045 999 953 1041 1007 926 964 1028 992 1002 861 1048 970
940 983 895 892 1052 1066 1009 1028 900 1017 921 961 1013 948 973 985 927 965 917 1057
997 1044 969 914 878 1065 871 872 987 882 894 1052 925 970 929 868 1080 1072 881 1021
881 901 948 1014 967 971 930 852 847 1034 851 992 845 870 860 866 996 937 940 1035
72 91 60 1166 112 1202 52 123 102 55 1142 1195 1174 36 1149 84 110 76 8 28
962 979 896 1050 989 923 1071 933 945 1006 902 1072 973 1019 929 1066 1039 1064 944 1045
130 157 219 164 135 246 1218 1231 134 88 116 120 96 231 1225 151 1219 225 123 243
6 1147 24 26 1098 11 1175 27 1171 45 62 14 7 1172 48 63 70 1123 2 76
1154 1188 1157 1117 20 89 98 1201 1158 1168 1109 1184 1116 7 1173 1152 1153 1095 4 81
956 1048 1041 954 1010 912 985 909 1053 969 944 952 1055 1060 978 975 974 1020 1018 934
333 351 290 281 348 354 284 276 363 277 287 321 289 300 337 361 358 299 365 294
83 1202 29 135 95 50 1180 41 72 73 1231 1168 112 158 1234 1228 45 142 117 1146
868 909 866 846 874 898 925 949 853 852 781 932 967 1017 902 797 873 983 1029 931
556 718 674 678 590 580 737 598 699 597 577 654 763 535 712 728 715 724 586 560
560 582 726 702 686 569 735 628 681 627 580 691 734 557 638 704 644 741 629 632
97 1213 235 168 179 1208 1227 1201 1237 1160 1224 77 1214 1225 1234 184 1164 236 117 1217
597 628 573 639 623 626 605 617 581 515 548 562 650 520 497 549 654 652 495 484
80 98 104 44 1144 1178 1143 1241 50 1172 126 105 1229 97 137 68 24 1191 1216 112
46 1121 1153 1 23 1104 3 1082 7 32 1142 1125 10 8 1138 33 20 24 22 62
542 689 691 679 652 676 438 719 535 767 466 646 758 566 631 576 470 593 562 530
51 1181 1 1242 1120 1106 58 100 27 70 1151 36 1182 1231 1145 25 64 1165 1114 1105
488 635 451 620 532 618 699 562 673 640 454 479 471 473 672 540 514 529 530 669
162 1220 199 158 1223 234 118 121 1233 83 110 187 195 164 219 1218 130 201 109 180
1086 1115 1140 1135 1047 1117 1058 45 61 1150 1066 1 1146 39 62 1119 1094 22 1143 1102
37 76 77 35 1239 24 1178 1100 1192 33 55 51 52 1091 1116 41 4 1206 69 13
35 87 1130 1235 27 110 44 75 106 55 31 0 85 1092 1126 1233 1182 1236 59 1183
521 629 571 702 511 634 453 697 480 466 539 660 622 575 690 627 508 676 492 602
953 1066 1053 1006 1042 922 1101 931 940 958 954 996 1013 924 1024 905 1001 1106 1105 1017
136 1204 143 1176 1182 1239 135 1215 1201 132 228 1203 112 118 83 227 1213 1210 90 96
457 549 493 705 640 578 654 650 720 590 506 502 698 538 419 532 704 587 482 597
14 1142 1100 1134 34 6 18 9 36 61 22 1092 77 75 39 73 52 1088 67 1165
482 532 596 552 715 661 726 649 723 660 471 668 543 576 718 674 662 493 566 652
87 113 1150 1156 147 1153 72 143 155 29 1155 129 1205 1175 114 82 152 58 97 1202
559 616 715 654 665 692 680 643 639 547 543 619 478 702 583 467 577 722 714 725
778 873 859 904 858 755 908 764 884 743 750 881 900 895 845 752 880 854 800 899
782 803 754 871 825 745 839 786 798 824 776 734 848 855 882 780 735 799 733 838
541 562 444 687 629 743 690 655 673 696 544 461 597 720 711 475 454 616 468 528
920 1033 950 922 1020 1046 984 933 1053 1035 1025 969 995 977 1060 963 902 946 914 986
1225 1234 88 110 151 177 75 1224 103 1194 1226 164 1183 96 134 117 114 1235 179 69
456 671 707 560 576 488 754 652 539 446 765 449 743 583 422 695 646 483 630 543
531 731 776 595 553 685 729 763 556 693 706 676 696 727 648 636 734 715 589 707
848 874 751 859 785 803 792 760 812 778 867 887 779 911 856 872 847 860 791 830
799 859 783 819 895 797 890 792 875 892 762 794 796 855 784 778 785 773 878 894
59 1190 92 1228 1164 19 1123 1172 1112 64 1229 71 1209 1227 1185 1222 1189 107 1142 87
110 1198 1171 1178 1214 155 1168 120 124 150 1169 1190 1176 95 1187 1237 104 1175 1233 151
125 243 177 1243 182 1236 142 145 236 1233 1241 164 147 186 1205 106 152 252 128 104
108 1225 158 155 1228 1171 162 1194 179 1169 103 76 1193 1234 1183 232 82 137 74 131
110 1222 1237 1211 1190 83 95 1179 138 1217 189 132 115 1230 237 119 108 77 244 242
520 548 650 546 451 510 458 591 736 705 538 666 537 685 529 567 689 541 504 601
999 1039 909 970 910 1053 888 925 1076 915 1002 889 891 1069 1054 869 887 949 985 953
972 986 1052 998 935 1040 1003 924 1017 951 997 955 1050 1059 1032 958 918 1013 1049 1000
783 885 1000 867 782 757 916 770 1016 909 728 859 747 918 746 879 869 842 809 908
69 1166 23 106 62 1231 68 1150 41 99 1153 1164 56 1242 4 61 64 1134 59 2
675 745 521 693 438 568 793 520 578 574 549 553 710 787 552 451 548 674 670 667
1188 1228 1233 1179 134 1217 94 1175 86 1232 1170 111 1171 160 98 1194 73 76 1215 1160
528 706 712 687 466 494 652 512 580 568 575 560 710 632 659 717 711 640 716 437
542 675 711 648 473 710 654 756 541 638 699 553 634 470 597 728 548 456 567 631
158 1202 1240 1167 151 1231 105 1217 161 75 1190 1198 132 81 83 90 115 1236 135 1200
446 520 496 533 647 468 601 668 675 701 643 592 642 524 650 453 598 687 536 659
460 510 643 527 638 456 447 474 491 635 539 640 502 548 538 655 439 424 455 497
1085 1122 1140 1079 36 46 1155 1086 1147 34 29 63 1104 14 1080 1098 1062 42 1138 1120
455 627 484 541 504 425 549 482 420 597 519 636 470 590 522 652 466 674 570 574
524 533 496 694 535 646 624 449 519 461 477 567 541 466 515 516 686 635 631 679
702 739 584 578 740 637 726 539 522 443 711 692 567 748 641 555 701 699 731 766
939 981 966 1037 998 1063 1073 897 1010 1031 1000 1016 1003 979 1064 1067 990 971 946 1044
505 516 632 506 627 651 460 461 534 488 637 658 669 538 633 449 504 497 671 636
920 1037 972 1045 1033 978 1044 918 903 957 1073 949 1009 991 1002 922 907 951 1067 900
43 64 30 1133 1180 1110 1136 32 1175 1155 62 26 1095 1157 10 1152 1170 1105 1161 1134
7 30 1140 66 1148 1131 1175 1119 1157 12 10 1101 1 50 1168 1125 1171 62 1133 24
8 1153 1139 53 65 1123 1135 1175 1150 1093 71 35 1149 1098 68 1163 1151 64 1155 1104
67 1158 62 1164 14 1168 84 55 54 88 1131 18 7 58 1233 80 1132 94 33 1142
454 499 641 524 638 630 668 505 681 453 495 529 547 439 512 652 522 473 477 633
165 238 180 125 176 203 230 156 218 234 247 145 1220 1203 175 221 1204 126 246 240
485 499 467 480 535 450 465 657 610 477 496 627 452 524 501 640 463 469 649 650
319 324 315 334 341 306 307 346 343 295 349 330 285 316 296 291 292 290 308 288
111 1215 183 1194 1182 1238 151 241 115 1179 234 117 98 1184 147 185 232 82 76 113
0 31 1152 87 30 1113 1111 1167 1133 1106 40 1107 1155 1139 70 33 1101 1103 69 1090
528 558 719 713 456 593 462 691 519 596 591 595 452 725 693 532 645 692 635 447
155 227 1207 174 165 147 160 224 202 215 220 166 230 260 125 167 116 110 145 1220
568 735 699 697 705 782 792 533 620 621 779 632 682 690 786 773 596 738 562 552
844 857 798 900 768 826 861 811 789 837 804 765 810 887 839 880 856 797 833 841
783 837 730 738 823 847 855 733 845 764 846 792 789 795 872 851 831 780 883 748
278 293 339 308 291 268 329 269 306 301 356 296 286 276 327 287 346 295 275 353
112 133 125 1196 227 248 153 76 74 109 120 113 1237 252 90 122 1219 81 1236 114
682 761 649 766 848 642 438 658 697 653 538 701 779 436 713 730 637 573 780 526
690 736 647 772 763 761 703 567 751 548 648 707 535 689 649 445 677 752 431 580
939 1013 932 896 898 1060 984 1008 949 994 950 997 1031 1020 1071 1021 1003 912 1052 983
137 229 203 1227 257 193 256 242 155 189 1213 1238 93 221 135 152 115 1234 1197 136
129 248 144 243 137 1203 151 1212 225 93 117 100 96 118 154 237 115 1239 245 1208
784 851 863 889 780 878 738 856 888 885 880 760 809 843 744 764 800 803 761 796
483 536 478 693 726 504 654 493 673 689 587 498 562 454 714 605 703 636 662 511
154 1232 229 1225 158 221 1219 74 1226 228 233 1169 1172 68 102 80 176 131 170 230
420 439 445 698 712 436 661 431 688 430 408 687 441 437 677 442 410 364 669 361
952 1060 992 1052 1054 1082 996 1073 1027 966 1093 988 1050 1049 910 942 951 1038 997 982
161 1198 194 88 234 146 222 96 148 77 1235 1184 138 1183 179 230 218 142 112 103
469 512 449 603 493 519 601 506 645 500 616 450 468 617 612 621 487 505 482 494
555 581 677 587 730 728 670 579 567 638 621 722 618 568 534 712 617 674 576 681
1084 1101 1154 36 1065 1121 12 1077 44 1116 1110 1071 1132 1095 1052 1050 6 1139 27 1047
577 655 559 602 488 560 633 492 643 674 628 695 584 544 513 642 493 663 612 450
385 412 393 423 420 410 365 366 383 378 421 387 380 409 401 399 402 400 388 416
484 641 503 554 549 599 675 465 446 514 672 559 483 567 488 694 521 642 592 650
869 894 984 915 878 910 788 1028 992 1025 1026 897 1029 911 874 875 769 855 887 918
15 1149 1116 1121 1114 1126 16 1155 35 1131 34 29 41 25 30 40 57 1170 55 1154
913 980 991 1019 993 1024 987 952 1040 931 1041 975 1057 947 967 1039 905 933 880 1053
870 1013 903 934 888 967 1049 942 1012 935 955 885 767 974 949 883 953 1014 1045 940
137 1226 232 119 105 161 106 1208 130 180 131 1194 242 234 181 1231 163 1237 82 115
25 1169 1123 9 1108 1210 1185 1091 1164 65 41 3 1188 1167 1207 1098 81 1105 1155 1183
96 1169 90 83 1161 1243 95 134 63 29 1234 1216 1227 67 1151 47 1185 1232 69 1212
33 1114 1090 1179 83 1140 69 9 89 1176 1093 26 1108 14 84 1181 35 31 12 38
485 649 640 512 572 728 617 493 696 446 498 639 456 438 644 481 534 590 593 586
49 1161 36 1103 11 1193 1174 1140 1124 5 19 64 1166 1125 1114 94 1142 1135 1236 72
760 778 672 878 781 732 685 665 707 669 881 843 847 721 758 724 882 757 805 763
39 1164 3 49 1154 92 1130 1101 1134 104 1091 24 78 1103 22 46 62 1138 1231 1113
854 878 913 892 875 787 809 850 772 807 899 851 864 881 857 1000 763 904 793 788
617 632 648 594 561 536 564 606 523 550 595 637 668 577 470 461 615 513 590 509
772 878 726 856 734 859 724 1001 839 798 995 851 899 906 902 841 907 903 792 1000
167 226 249 195 260 1207 206 221 147 134 1225 250 144 1223 261 1214 143 166 254 193
659 735 525 747 733 788 552 536 691 666 633 725 512 655 445 719 532 689 570 779
910 977 885 870 965 1042 1020 1034 946 1047 924 1057 886 872 958 994 918 960 874 1038
19 1096 41 1082 58 1143 32 1113 1123 1177 1106 23 10 1151 1100 72 75 1073 7 1119
17 1163 1107 1149 47 52 1153 60 1127 67 1164 86 1124 51 36 85 1121 1145 65 29
