950 987 940 1006 905 1001 926 1042 956 937 904 1045 970 1012 1015 947 994 989 1013 919
781 811 814 762 822 772 788 850 813 815 760 777 810 796 800 858 857 837 802 752
595 660 568 682 560 667 542 641 601 554 596 587 690 540 581 678 543 696 604 534
1538 1598 526 1553 1548 1531 1660 39 79 1632 1688 76 14 429 1665 1503 466 1540 1555 1687
674 711 688 652 689 590 715 701 624 638 748 692 625 623 699 597 743 698 664 702
1567 1627 1571 1507 0 1523 1625 501 1533 8 488 475 1524 1674 1671 20 428 1500 452 472
1944 2265 1971 2256 2286 1963 1942 2255 2292 1978 2277 1926 1979 2293 2257 1992 1951 1988 2252 2226
87 1743 1483 1674 85 2391 1731 1699 72 2444 2414 2452 1801 1779 69 1728 1755 136 1711 117
1450 2388 1463 96 1454 1720 2449 2403 109 1743 2347 1696 2418 2431 1773 1817 105 1439 2367 1834
574 655 690 624 621 701 583 700 600 521 635 524 622 543 565 566 667 695 607 684
1386 1425 1454 1362 2376 1328 1371 1438 1337 1396 1397 1399 1363 2372 1333 1351 1404 2373 1421 1419
754 783 803 743 719 770 710 794 731 777 808 726 728 815 778 732 804 813 736 756
35 1648 1669 76 389 65 460 384 1661 40 57 53 1499 1664 1683 1666 1510 1591 38 1600
1905 1976 2283 1985 1999 1945 2028 2006 1969 1950 2248 1914 2013 2015 2030 1967 1923 1975 1932 2239
78 1485 1696 2429 1726 1531 1457 1704 111 1452 50 1708 2436 1525 2416 1481 1682 1535 1740 1491
1153 1196 1261 1170 1272 1130 1176 1197 1108 1151 1132 1229 1101 1257 1191 1146 1118 1165 1236 1127
211 283 239 318 213 290 218 297 315 317 221 316 266 264 250 261 245 268 179 231
1855 2067 1867 1866 1869 1816 1875 1826 1884 2348 2081 2057 1822 2094 1880 2034 1817 2025 2083 2355
51 90 393 129 367 115 124 1481 2436 399 1727 1720 137 1725 61 1654 2414 55 2453 1632
1725 1800 2445 2370 2418 1506 106 2416 1804 1772 1829 2371 2374 1503 2387 96 1754 2375 1793 1710
1956 2250 2263 1951 2274 2256 2268 2257 1931 1971 1914 1972 1916 2284 1923 1920 1969 2240 2262 1905
1834 2343 1827 2309 2405 1807 2352 2373 2385 1876 2363 1814 1857 1874 2311 1821 2307 2415 2324 2333
458 500 1584 425 484 435 506 492 1617 456 1594 511 1632 449 1574 423 1553 490 495 431
1706 2410 1832 1831 1787 2455 1460 1749 2424 1747 1737 2412 2356 1709 2431 119 1477 1715 1505 1760
1927 2241 1987 2005 1903 2297 1908 2301 2270 1974 2219 2280 2289 1981 1957 1943 2221 2207 2245 1997
746 781 794 805 757 696 799 717 806 763 813 752 705 766 731 779 815 761 713 750
1803 1833 1782 1836 1746 1853 2383 2399 2451 2381 1804 1817 1839 1748 1732 1799 2423 1828 2453 1863
55 118 50 78 2459 64 1520 1455 399 1505 47 1543 124 1662 89 75 100 1479 1655 2453
1882 1912 2277 2080 2008 2283 1997 2320 1903 1841 2313 1854 2059 2062 1988 1851 1995 2081 2071 2012
1489 1697 66 1468 1783 1713 1495 2425 1671 1730 1716 1645 111 1465 70 1699 1682 1505 1715 1511
579 660 546 647 612 683 531 694 574 533 639 664 534 539 663 671 582 621 606 518
2046 2083 2074 1879 2026 1877 1855 2313 2069 1875 2079 2310 2107 1887 1884 2114 2088 2314 1869 2025
1313 1336 1380 1395 1335 1390 1389 1401 1321 1312 1306 1357 1350 1004 1007 1272 1308 1328 1307 1293
64 83 1483 1673 2457 2436 1642 2424 1663 1496 1653 1761 1682 1742 2456 2432 2417 1749 1475 34
1686 1765 1712 1502 81 1754 2404 2388 1793 1491 1506 101 1782 1522 2438 1464 2429 92 78 80
554 619 679 695 514 530 676 681 529 595 641 630 611 627 608 570 689 526 626 636
1719 2388 1778 1488 1819 1445 82 1713 1709 2386 1805 1721 89 1448 1513 2408 1472 104 1767 1788
1922 2268 2271 1997 2306 1965 2260 2261 2284 2251 1980 1948 2227 1994 1888 1933 1951 1942 1898 2237
1783 1826 1711 1737 1833 1742 1732 1811 1842 2434 1717 2456 1791 1714 1802 2352 1740 1719 1768 2374
1799 2395 1697 2407 2365 109 1769 1722 1833 2411 2398 1834 1810 1807 1488 2426 2387 1451 97 2430
64 106 1734 2421 1533 2408 2450 136 1486 1715 123 1640 1498 1512 1708 1504 363 2436 1694 2451
114 1498 1636 126 1651 73 1749 1761 1471 1474 87 1452 2414 1642 1735 1721 1756 110 152 69
1485 1711 1479 97 1702 1791 1724 1449 1744 1758 1674 1784 1777 1798 2392 2418 1739 1672 1730 2447
1471 1690 2379 1478 1673 1656 2381 1782 1487 1731 1496 1677 1745 1715 2365 1454 1482 1445 1763 2407
2075 2093 2192 2304 2105 2060 2183 2022 2056 1877 2068 2115 2186 2064 2091 2029 2051 2185 2078 2053
1931 2267 2262 2293 2283 1993 1952 1994 1927 2291 2254 1975 2265 2296 1914 2248 1957 1904 2286 2220
69 1540 28 26 1697 1680 1610 13 136 366 23 1513 447 1 1616 1491 1564 462 52 365
1441 2374 1789 1483 2395 1829 1448 1451 2336 1788 2329 2402 2410 1796 1481 1775 1458 1784 1414 2422
105 135 1448 1749 344 1666 62 328 2458 323 124 2423 1461 1667 1533 2400 1748 1697 1761 1669
614 681 629 646 555 704 654 628 703 604 576 634 671 554 548 674 566 648 663 619
1465 1514 2399 1621 107 72 1513 2388 128 1483 1440 114 52 102 1494 1480 2413 61 1701 53
168 307 284 156 145 196 358 343 169 302 285 271 341 141 207 321 204 181 301 192
109 1694 1476 1521 102 97 1736 2448 2457 1789 111 81 2423 1452 49 1755 1752 1776 2444 1509
673 712 634 756 598 746 734 577 600 757 578 611 667 631 604 671 602 629 652 606
1783 1810 1807 1840 2377 1690 1711 1802 1801 2375 2393 1776 1729 1716 1737 1709 1834 2385 1755 2390
2022 2314 2342 1913 2352 1899 2287 2048 2046 2105 2302 2275 2035 2007 1881 2354 2117 2290 1911 2038
1686 2437 1809 1778 1648 1720 1652 1479 2461 1772 1689 1785 71 1718 1803 2387 1660 2444 93 80
1190 1225 1165 1174 1213 1204 1268 1247 1227 1258 1265 1218 1177 1232 1170 1160 1142 1230 1267 1221
1124 1153 1103 1157 1245 1196 1148 1105 1233 1223 1129 1056 1113 1173 1214 1226 1135 1220 1086 1098
2126 2184 2099 2162 2158 2177 2101 2112 2145 2211 2154 2091 2190 2161 2210 2144 2142 2188 2117 2132
287 303 274 194 259 331 150 197 202 291 201 324 177 186 316 292 279 260 344 328
1155 1178 1201 1119 1146 1258 1140 1233 1152 1195 1263 1203 1141 1112 1215 1190 1145 1148 1101 1185
1090 1121 1046 1153 1041 1125 1058 1127 1151 1150 1083 1117 1093 1175 1036 1143 1101 1027 1056 1030
1158 1237 1096 1278 1246 1125 1198 1155 1172 1259 1156 1251 1180 1130 1225 1108 1100 1222 1173 1210
1854 1878 1824 2069 1904 1853 2308 2374 1828 2067 2315 1890 2035 2037 1897 2377 1892 2327 2382 2365
99 115 1757 2460 1452 78 2462 2456 131 1709 1670 1451 1762 1681 1448 1712 2394 1533 1701 1482
2348 2364 1831 1789 2338 2408 2332 1785 1461 2418 2329 1459 2400 2374 2381 1802 2325 2321 1825 2308
1557 1655 1591 481 482 1691 1565 1509 1606 1505 30 468 1508 416 462 16 1688 7 79 478
1152 1177 1242 1117 1162 1224 1128 1123 1247 1096 1208 1204 1146 1149 1212 1266 1205 1225 1097 1263
1981 2284 2022 2013 2326 2288 1938 2270 2245 2322 1974 1946 1955 2307 1957 1944 1933 2267 2232 2318
2116 2127 2211 2203 2128 2159 2026 2175 2147 2208 2090 2131 2139 2168 2027 2215 2126 2192 2214 2132
1835 2354 1797 1850 2381 1876 1881 2401 1855 2312 1809 2314 1848 2371 1828 2382 1837 2338 1796 2329
218 235 274 203 291 276 269 294 252 210 193 242 214 186 261 289 293 185 205 251
1458 1472 1697 1668 1440 2415 1689 2395 1481 2427 1417 76 2399 1499 2397 1720 1459 1460 125 1523
1724 1775 2414 2456 1771 2365 114 1739 102 1715 2430 1759 1703 1800 1747 2447 76 1819 2384 100
2232 2256 2213 2289 1987 1970 2290 1933 2234 1988 2001 2201 2271 2000 2262 2237 1993 1978 1957 1960
1324 1337 1349 1362 1390 1334 1388 1286 1345 1356 1389 1301 1291 1326 1346 1401 1292 1278 1387 1273
893 910 925 960 950 940 945 931 870 882 876 918 936 888 937 951 948 930 908 919
33 404 37 1537 402 1649 1550 1648 1545 39 394 389 391 1536 1635 1528 1525 1621 432 422
1261 1289 1008 1316 1270 1301 1015 1318 1022 1277 1176 1312 1241 1331 1216 1163 1010 1285 1049 1224
1001 1045 986 968 1011 993 1015 1067 1028 1038 987 1080 1296 964 1082 1292 1086 982 1032 989
1541 1604 488 1640 61 1565 1652 493 1520 470 1685 19 1511 53 1583 498 1579 1588 1519 1662
1714 1761 90 109 1666 1482 91 1806 1486 1782 101 1672 100 1703 2410 1475 1476 1511 1506 1682
2316 2358 1985 2287 2293 1977 2344 2380 2083 2088 2034 2011 2389 1915 2079 1887 2351 2020 2412 2394
1931 1973 2312 2292 1938 1999 2233 1915 2009 2263 2267 1889 2008 1916 1953 1904 2257 2011 2262 2276
1826 2366 2381 2325 1773 1865 2327 2413 1464 2402 1452 1451 1854 2405 2342 2340 2317 1833 1777 1828
2415 2447 2425 1712 2427 1700 2433 1781 1460 2400 87 2391 1789 1744 103 2397 1696 1804 1707 1780
2368 2403 114 1858 1694 1778 1742 89 1717 2449 116 1725 1755 2404 1822 1784 2430 1747 2395 1792
55 93 36 1645 2445 44 37 2417 1468 58 1633 1511 21 57 1706 84 1498 385 1762 65
1359 1399 1387 1393 1326 1348 1414 1374 1349 1340 1443 1376 1436 1429 1421 1417 1428 1427 1342 1432
39 64 1551 394 402 391 374 22 20 1544 1642 141 1656 77 86 1644 108 13 392 1534
853 864 855 860 834 844 830 837 826 869 859 854 809 875 810 881 823 865 862 878
428 1638 1536 417 52 469 1649 389 6 1603 9 1564 1579 1590 450 66 457 1522 1628 56
2135 2213 2154 2125 2009 2171 2114 2207 2246 2191 2237 2158 2186 2005 2166 2120 2148 2199 2218 2008
391 417 36 50 448 371 423 32 28 412 421 396 373 49 442 1655 361 439 382 364
1702 1736 1676 77 1801 1782 1465 1775 1477 2434 1497 2388 2398 1685 101 2462 2445 1690 1723 89
901 922 958 885 883 970 965 945 938 968 927 916 957 917 905 896 880 955 923 890
41 58 390 385 1683 360 1532 383 135 1628 80 402 1626 107 396 59 61 50 1625 405
722 767 764 783 797 728 803 741 673 784 680 790 759 689 753 692 721 677 785 701
1398 1443 1488 1484 1401 2400 1417 1374 1324 2398 1329 2387 2409 1358 1470 2410 1366 1330 1406 1381
1986 2010 1990 2258 2308 1996 2025 2035 1993 2200 1920 2004 2239 2031 1970 2217 1974 1987 2331 2111
1770 1803 1689 2450 1686 1788 1706 1801 1822 2361 2372 2377 1793 1773 1690 2379 2441 1717 2437 2399
818 852 786 872 791 834 805 816 812 850 841 803 857 873 783 787 788 840 817 807
2133 2207 2227 2125 2237 2122 2203 2104 2225 2110 2197 2169 2178 2140 2181 2189 2172 2159 2016 2131
1724 1788 113 1678 1677 2383 1743 1710 79 1501 110 95 81 114 1834 1707 1691 1723 1773 2457
1502 1658 1647 1675 1604 1722 91 1716 1533 1545 1687 52 1636 1523 1543 1630 1565 1542 1712 1677
1110 1156 1184 1075 1136 1047 1062 1094 1232 1224 1151 1196 1140 1210 1172 1171 1115 1147 1063 1218
569 624 660 662 518 642 612 573 588 682 654 672 625 628 610 526 605 579 524 666
110 2454 1711 1485 1786 1693 1691 84 2410 127 77 2391 1757 1722 1699 50 2433 1472 86 1710
1545 1609 441 1511 8 1653 1613 1675 1537 39 1582 6 54 1571 1610 1575 12 1587 1530 480
1906 2304 2294 1989 1914 2030 1892 1967 1966 1939 2021 1911 1882 2306 2091 1962 1957 2311 1965 2345
1789 2442 2371 108 1767 1809 1687 122 1813 1834 97 1760 2409 2460 2410 90 2458 1733 1735 1762
112 1472 1492 1685 1744 1719 1681 1668 1531 1495 2390 2437 2416 1530 2371 2444 1449 59 144 127
450 466 510 473 415 1624 1604 1605 468 1637 1640 446 467 523 1586 1611 480 1641 1603 517
21 1643 1520 1573 1633 54 460 1502 1644 1542 55 438 1543 1669 1578 43 1574 1528 436 1537
2079 2099 2110 2207 2006 2314 2044 2085 2019 2042 1881 1883 2114 2189 2046 2058 2089 2054 2066 2324
1775 2449 1827 1788 1781 2415 2375 2422 2437 108 1743 87 2384 1765 1714 103 2388 2397 1749 2398
169 286 324 297 156 180 308 191 320 275 335 323 200 159 139 333 339 153 343 162
1826 1851 2423 2047 2403 1842 2054 1782 1774 2341 1885 1827 2363 1861 2360 1773 2050 2378 1796 1872
101 1450 88 1697 1435 1683 63 75 130 1730 1504 125 1428 1679 1715 1485 1522 1471 2444 1470
165 311 166 357 176 160 164 334 354 296 279 361 291 337 349 161 197 177 330 345
572 620 548 600 690 549 592 636 537 590 665 693 568 569 518 533 645 594 669 696
108 1716 101 128 1812 1813 1662 2434 2416 2430 2424 2405 1750 1470 2389 2411 145 95 1502 1671
1557 1599 42 1628 1624 1655 525 4 492 1587 20 450 1592 1525 3 1666 477 1643 1596 1577
309 345 298 275 360 181 184 363 281 173 145 306 351 339 287 192 272 329 375 139
543 583 667 634 618 668 666 576 676 647 604 533 658 547 599 622 609 585 564 574
1723 2455 1682 1695 115 1503 1812 1801 1768 1804 2420 89 2449 1800 2458 1758 1690 1721 1706 1716
177 203 221 186 213 217 208 304 325 239 200 232 243 328 272 340 310 211 314 202
1709 1771 2395 2371 1719 1517 1803 2437 87 2380 1734 1688 1759 77 2388 1697 2370 2401 1728 2411
1468 2412 2389 1506 1695 1789 113 1481 2387 2406 2456 2439 1701 1810 1462 2370 109 2376 1512 1753
1720 1761 2420 1478 96 1797 99 2411 1691 113 2455 2445 1505 2412 1705 1803 2439 1699 1763 1473
1504 1637 1484 1562 1665 1538 1460 8 1597 1653 1702 1573 97 1643 1528 1592 479 46 1553 1646
829 849 866 841 839 819 869 813 850 833 871 806 810 794 818 834 808 822 797 861
76 1758 2385 2417 1502 1785 63 2420 1720 1537 1531 1666 1695 2438 1528 2461 1689 1696 1540 1659
26 1541 1607 1641 39 431 1548 447 12 434 1508 433 1537 1528 1677 1682 1511 9 441 19
663 692 687 596 567 701 606 724 626 590 643 689 655 611 614 658 652 727 610 695
470 1539 1569 1517 463 431 1544 67 1655 14 1675 435 516 1513 1631 437 1614 1510 1628 72
83 1760 1703 1769 1800 84 1516 2411 1775 2447 1521 1475 1529 1477 1789 93 1676 1537 2436 140
1895 2021 1993 1899 2332 1991 1908 2076 1902 2290 2305 1893 1996 2019 2293 1963 2075 2040 2101 1981
1564 1638 1625 424 483 1658 1630 1607 489 434 1545 1640 479 26 1562 1509 1534 1660 1586 1618
484 1575 1555 1571 436 1584 1523 1657 1604 445 530 1635 1607 497 518 1588 1529 465 501 1578
1126 1161 1092 1094 1143 1077 1207 1132 1214 1215 1228 1155 1174 1253 1115 1232 1119 1254 1146 1129
1526 1615 1577 1646 495 73 87 1505 1522 105 1635 69 1684 1572 459 1685 1589 1668 1689 11
1540 1592 1623 1505 1637 493 22 52 1520 11 1506 70 522 39 1639 1660 1543 1627 77 2
2012 2285 2203 2218 2307 2099 2221 2004 2232 2021 1974 2301 1994 2204 2260 1926 2288 2095 2001 2265
1464 2374 129 1504 80 1495 132 2332 2353 86 122 2375 1825 2327 1691 2428 1821 2397 2381 111
1736 1771 2400 2439 109 2394 1748 2417 2427 1820 1737 1784 1702 2375 1770 1769 1785 1706 1799 1795
529 564 500 630 581 499 540 515 481 517 628 493 644 605 649 662 483 618 594 582
1720 2416 112 2440 2459 1713 1709 2458 1750 83 1797 1719 1482 1754 1718 2397 2401 2456 1808 104
39 406 422 37 1633 53 393 428 362 66 398 1644 430 43 396 425 7 1631 28 443
