665 775 752 821 765 896 808 820 890 848 689 674 833 632 782 667 837 763 719 841
1353 1452 306 33 272 307 1296 1431 1295 1373 204 1334 24 1453 249 143 1437 62 1425 242
581 617 542 585 551 635 559 586 601 569 606 593 640 565 578 502 587 514 524 568
43 1185 55 1278 1239 1385 1327 1194 78 1206 1268 1458 1292 1451 1326 181 1288 13 1457 81
387 505 464 354 449 482 421 529 495 347 517 550 468 434 391 532 430 427 399 364
164 1242 1226 1170 1363 143 1298 167 1172 1294 1212 120 1190 1339 171 1388 227 1161 125 1348
13 150 1277 162 1265 32 125 1302 1197 137 149 1430 38 1 1180 1275 1247 1263 61 1453
267 281 314 293 1373 210 1406 1419 1352 228 1385 242 331 417 350 248 1374 1418 327 299
973 1039 1047 1078 1021 1013 979 1084 901 975 966 1054 1040 976 1101 1023 1081 1061 1105 1069
384 447 423 436 502 338 497 547 495 345 478 521 323 484 369 432 385 506 321 479
868 908 920 979 770 956 928 801 925 795 954 784 883 880 826 845 764 757 850 794
1288 1438 207 4 1273 206 243 249 1334 1356 1260 17 1436 102 75 1281 31 1353 1461 116
129 1328 1272 1460 1319 1455 43 140 31 1207 1265 1284 1334 1376 144 1298 201 1306 1276 1396
849 877 953 852 934 781 949 911 847 805 908 784 782 867 806 789 634 757 797 955
19 1438 7 1317 61 170 214 1382 1336 1320 1168 149 1293 1283 1341 43 1453 1271 1316 195
7 1291 1426 207 147 1201 1150 1322 103 118 1423 250 39 266 2 1265 1327 76 1432 25
536 589 611 461 635 476 495 569 446 447 508 438 529 440 588 604 595 542 475 572
108 1444 1434 1349 1412 188 1367 1319 223 253 24 58 191 189 1155 149 1396 198 1450 232
1039 1092 1037 1012 1104 985 1014 1067 987 948 1086 968 938 1074 973 1070 1142 983 1047 1069
156 1200 204 1284 1176 1218 1219 163 26 189 1213 170 119 30 1430 1313 1307 1293 149 19
195 1360 1301 1385 1405 1306 322 1348 1432 244 1317 1256 1452 149 1365 1307 319 1292 1361 281
782 889 833 674 653 899 796 768 929 916 943 671 939 783 773 637 632 803 654 749
727 765 666 644 464 857 768 812 674 801 676 887 807 805 738 677 783 472 678 473
1209 1236 1173 11 32 51 1219 152 1457 1241 31 1176 34 155 1194 120 1243 14 22 1245
673 787 748 875 768 706 470 893 737 779 752 860 659 825 826 656 889 894 822 760
168 1443 43 50 1341 1174 126 1395 151 1256 1293 1440 1298 235 1278 1409 1351 1250 1163 1183
168 1430 1316 1334 165 10 1437 15 1277 1324 1364 1456 1337 315 234 198 47 265 1375 201
983 994 926 917 919 941 1011 923 957 947 978 963 949 916 993 935 1045 971 925 1003
124 1276 1335 1152 1203 42 252 219 90 1155 115 106 248 1200 59 137 197 1336 1190 50
1394 1424 309 224 194 1395 248 276 1283 207 1405 1300 163 284 1279 1284 247 1459 1293 287
176 1185 1233 1380 1449 1162 228 207 11 1231 1132 1179 33 214 3 1269 1371 222 206 1260
675 694 474 635 767 734 666 674 660 665 733 664 643 676 634 765 466 646 669 477
983 1014 1011 932 1036 989 958 976 933 992 1000 997 1007 1006 990 943 1001 914 950 1028
18 56 1239 1269 1149 48 105 1446 1164 1306 79 142 1181 1242 1188 1300 1173 1132 1197 1203
112 1152 209 51 1104 1128 1182 40 1124 194 1240 1150 1123 1292 1100 14 93 1301 118 1302
153 1184 1269 25 1149 1204 1141 142 1298 177 55 191 13 152 53 1190 1441 166 123 56
33 171 1197 1233 1312 1244 1344 51 76 30 1331 223 1454 1427 53 138 1153 80 232 179
155 1199 1433 49 1279 57 138 1193 1252 1289 1189 168 195 1219 148 1331 33 1341 3 1211
401 425 258 359 316 371 305 351 452 459 430 372 412 391 449 494 410 276 291 427
1180 1254 1183 1131 2 1270 1160 1317 153 1192 149 1458 133 139 77 1252 53 169 82 167
221 281 295 1273 1399 291 230 270 240 1377 237 394 1405 326 243 68 1435 165 179 328
236 1430 278 230 1369 263 193 1387 1437 1285 282 108 262 1412 162 1304 220 239 1301 280
772 843 925 950 661 774 815 638 639 929 941 650 761 665 669 944 894 900 660 862
189 1246 56 11 1431 1158 126 1188 1200 142 68 47 1446 49 1182 222 1306 190 1204 1343
655 689 754 759 626 708 472 781 772 465 671 681 704 726 676 669 651 784 688 656
59 1129 1451 1169 5 1257 100 103 128 1155 1196 19 1244 1268 1162 1100 127 1240 1160 1267
662 690 686 732 465 794 786 642 687 758 737 678 792 777 479 810 676 782 739 785
685 745 751 663 648 654 633 674 772 794 788 680 774 731 723 671 466 758 765 786
1253 1445 1453 226 1434 1166 1435 55 1376 1423 237 209 180 29 1438 1185 222 1179 116 71
426 510 502 333 390 477 315 354 381 386 321 303 534 465 389 498 560 535 407 411
201 1426 1180 1347 1161 171 239 1447 162 1413 1382 170 261 178 160 1296 1318 1274 1258 1322
75 1176 1199 1281 1187 123 1115 41 217 1166 1269 83 205 70 111 1288 1198 120 1452 1123
679 739 691 677 662 676 636 713 669 714 639 779 755 643 708 684 651 678 698 710
479 505 531 497 471 472 569 443 525 378 441 439 527 718 386 494 506 550 438 411
7 127 1275 1305 1195 105 1242 1283 1181 1308 165 1462 134 1441 129 1434 1149 1198 1297 1279
744 769 637 812 788 899 875 662 638 724 760 843 865 699 680 858 803 775 810 780
253 301 228 294 216 200 226 1419 244 1439 1341 1411 238 234 1426 190 218 1432 424 217
258 335 300 1340 412 273 1383 378 253 284 1431 432 197 443 1419 236 1342 418 1367 196
273 412 306 358 1414 1422 1417 1363 326 311 1365 340 716 349 469 271 239 432 1385 383
126 1300 192 1450 123 1329 1152 1190 1325 197 63 1247 1187 1382 1259 1173 1204 1426 170 1441
751 786 708 757 753 847 722 718 730 855 674 868 760 844 890 812 908 755 679 785
121 1462 1231 1447 1324 1434 1307 242 227 186 108 1338 1271 154 1297 70 1367 145 49 7
863 911 809 893 810 973 906 897 931 884 801 918 839 965 835 823 919 912 817 765
434 500 319 503 387 430 349 438 410 560 419 443 510 469 403 468 581 573 394 544
20 155 1286 1237 78 122 1454 49 1202 162 1186 1170 65 1324 1226 43 1270 181 1198 1316
297 1396 1382 260 301 1287 1378 222 196 421 408 288 204 1279 1433 234 1425 332 1455 406
766 886 956 848 913 696 634 870 878 722 655 909 840 707 684 801 803 829 646 828
319 361 259 1370 449 396 1363 305 1324 322 1326 429 1390 238 358 446 432 340 426 283
424 510 292 504 368 345 304 574 460 497 549 476 512 466 425 579 307 320 348 585
131 1457 70 160 1320 147 1398 1228 1459 32 1436 1444 235 167 204 1270 38 19 1190 1322
853 883 639 920 772 932 938 778 767 657 907 918 828 795 837 934 942 782 847 923
108 1162 166 1456 1245 34 210 93 25 1130 1277 1437 13 14 106 1374 203 1440 1185 182
92 1133 1078 80 1179 1069 72 63 1291 1134 1161 1150 106 89 1137 1107 1115 31 55 1282
1249 1307 114 1328 1199 1275 1236 30 1447 6 1235 27 195 1265 209 76 1175 1324 21 192
1137 1180 1161 1123 83 1172 1209 82 1173 98 1170 1454 1278 1190 198 1089 1078 180 1094 1136
1033 1085 1043 1060 1101 965 1141 1076 1096 979 978 1102 1104 969 1037 1099 1071 1044 1084 1021
6 52 1168 143 43 81 167 49 82 1147 87 1157 166 63 1136 147 132 1335 1248 108
506 572 428 555 502 379 470 625 435 479 577 522 467 548 448 422 453 436 384 388
174 201 193 1366 1250 126 43 1424 241 1263 1160 1362 1162 217 1169 1435 187 207 1278 1349
766 864 883 942 705 725 830 744 777 905 739 854 742 958 720 866 695 639 767 772
654 685 681 623 849 672 777 741 754 721 717 742 800 633 687 708 803 748 630 854
235 1293 1361 18 1315 299 1161 269 1244 171 257 246 1276 136 126 108 168 305 1410 1354
240 1278 1442 132 124 1391 1311 129 297 51 130 242 77 1288 244 32 40 207 1343 1169
331 428 395 387 340 330 283 410 442 396 414 313 492 320 336 1333 339 427 393 520
927 976 1032 839 889 886 981 924 923 902 1000 1047 1016 971 861 826 866 977 956 832
292 1358 1411 1291 1339 277 219 1445 208 1420 247 1416 1448 1426 1457 358 335 1335 294 408
1110 1153 1079 1099 1094 64 114 1180 98 1189 1156 213 38 1122 1191 1106 1175 1090 58 1169
406 477 473 344 384 463 311 722 275 334 408 707 333 546 335 387 482 278 352 721
38 1246 1143 1293 1321 161 1240 1224 1319 13 1148 117 16 87 25 45 21 1327 1297 1291
9 1433 74 1444 1398 1462 1353 1232 1458 1358 1386 1442 1403 1294 1258 77 1319 168 1179 169
309 1337 1437 1316 264 230 324 1329 320 334 1307 226 237 146 162 426 424 305 298 1253
1282 1343 87 214 28 148 43 1303 29 177 1298 57 309 321 1336 287 1438 96 185 266
410 424 371 461 709 314 336 349 435 413 284 446 428 481 287 719 505 515 320 343
207 1403 1372 1332 1358 162 1273 1423 186 276 1438 1167 266 211 1263 1161 1305 1387 1461 308
262 413 457 705 203 306 227 429 334 233 249 1351 1340 394 1402 476 715 1436 258 1416
182 1172 1266 1378 237 1262 1155 161 225 158 1295 1254 1364 1343 1362 124 1126 1453 1272 1192
177 1182 1311 1246 1186 66 205 1226 72 1133 1281 1442 86 1140 244 1332 1437 156 148 1247
1405 1423 207 1422 1295 1348 289 1370 284 1371 163 245 257 170 1335 214 295 1396 301 242
994 1006 1007 1021 962 965 942 1035 964 977 1031 1010 986 943 1025 1029 1024 1037 941 975
194 1412 1385 179 1302 1421 1161 280 1366 1348 1371 1355 1289 1416 1455 1290 1182 1440 1341 1353
836 899 935 865 777 928 867 792 960 639 856 948 875 802 947 793 897 863 888 962
176 1177 201 1118 1346 1160 1196 1262 1446 214 198 1113 1310 54 230 1121 1283 1448 1451 1157
619 637 615 609 770 848 613 603 738 800 844 679 566 633 810 781 666 635 736 593
341 401 400 287 488 332 329 493 277 377 495 437 315 459 486 379 475 487 448 313
733 776 827 718 830 743 695 767 624 766 738 900 641 803 646 768 711 861 687 474
843 926 874 772 985 859 864 834 860 794 802 901 845 966 897 775 883 916 972 815
665 685 796 704 718 669 793 647 714 727 699 475 784 766 655 798 638 789 768 757
441 542 422 566 469 488 497 498 519 368 340 499 413 562 400 409 386 565 496 346
1115 1136 1050 1142 1182 1051 116 1113 1143 1083 1144 1180 87 96 1077 1105 1173 118 1125 61
1339 1380 1369 1393 1304 1352 108 69 1364 1361 1285 309 1411 1412 64 1409 106 1355 1287 114
1187 1268 1186 1242 1445 241 1287 1235 9 1266 1212 25 1298 174 1262 134 1225 1334 222 1427
158 1269 1315 1170 1242 85 1389 63 1250 1341 30 1361 1190 1193 1307 1342 120 220 169 1182
185 1273 1388 1339 110 38 1439 134 1372 143 1380 119 1341 1417 44 1387 106 1260 1462 1176
1155 1278 98 21 185 1383 1315 1253 1328 165 58 1299 231 1363 12 1181 1339 223 1160 112
245 1294 81 1322 1282 1366 310 300 324 56 1300 1250 1368 18 1352 108 1251 130 302 1443
567 611 573 542 525 630 599 530 517 529 494 509 577 620 526 556 603 610 531 589
242 1446 55 257 248 118 231 41 1312 323 307 1420 1321 1358 1290 114 226 1322 34 1269
189 245 1460 1436 1345 272 1162 1181 1395 1447 237 1303 161 323 319 164 1336 1333 331 176
703 741 728 468 692 712 744 659 717 767 789 691 774 755 705 707 726 761 641 787
178 1275 1376 52 1273 89 240 75 106 1163 197 160 1304 209 175 244 1384 158 1430 1290
333 365 1336 1334 306 436 442 1345 321 374 272 250 420 294 446 317 295 371 340 424
187 1422 155 1300 281 1368 1158 1419 1402 1260 1265 1438 313 1164 1415 297 1321 1249 1305 1384
22 1303 162 181 43 1176 1273 1192 1147 198 1291 1250 165 48 21 74 128 1425 24 1173
1174 1199 1171 1452 9 210 1159 37 1283 1255 92 1153 199 54 1170 1155 96 1284 163 154
124 1283 1303 203 193 1346 1384 1433 1373 261 4 146 227 1457 1316 66 46 30 1377 159
1282 1415 1176 1286 121 1457 97 1155 104 123 86 1264 1460 1402 1437 1251 235 308 1184 302
322 352 455 1365 325 448 259 298 366 393 1356 324 280 238 379 285 1341 351 245 1346
49 1227 61 183 156 1267 149 1340 1204 1451 171 26 136 1274 71 1453 159 1169 1290 54
0 1271 79 130 1245 129 1316 1374 71 180 240 1190 169 1334 35 170 234 1448 1432 1235
330 371 444 250 425 318 317 354 405 309 319 430 263 297 249 413 422 387 285 412
116 159 1163 99 105 1174 1293 1127 1131 207 1444 1148 79 124 1338 200 43 191 1241 1315
771 839 930 831 791 667 775 631 726 757 688 642 928 910 680 746 927 792 809 913
833 882 857 934 821 883 875 844 916 836 796 812 622 803 758 908 938 819 949 827
80 1133 1151 14 1173 1122 1276 1136 1113 1155 1117 1076 99 1114 100 24 1144 1189 1380 1087
343 399 326 302 346 494 407 281 410 485 340 406 365 388 277 324 321 458 493 443
304 1364 1323 1371 342 300 1367 1285 1417 185 313 280 1434 402 244 1301 191 1449 1350 1380
397 453 326 505 300 386 340 354 497 399 480 426 540 464 442 473 488 379 337 311
1407 1428 158 204 172 1323 1398 1285 202 1454 215 1425 1341 1408 198 1403 178 1434 1297 1377
164 1458 172 1439 1266 1357 45 1429 174 1443 1276 1174 1314 135 155 1343 1234 1456 1170 201
240 275 1345 1426 289 1381 301 1394 403 263 1295 407 310 1417 1396 1376 1439 1462 1353 220
664 740 639 703 752 737 806 681 650 629 796 705 704 750 637 655 686 795 691 712
308 408 480 459 301 717 1382 473 1392 1341 267 478 284 362 383 428 429 425 358 1395
658 693 771 745 801 716 741 678 782 629 695 749 643 734 738 794 625 789 473 757
987 1019 1011 931 972 1001 1015 977 1014 997 947 985 1030 999 956 948 1013 988 937 1026
153 1198 128 118 38 46 1281 1295 1328 31 165 1314 24 1210 1277 1276 169 12 1241 1443
1351 1373 264 176 1338 1345 185 1434 1378 173 1460 308 1349 1285 1401 107 254 1394 110 204
210 250 1430 1330 1333 1345 1349 409 1380 296 283 1339 165 1417 1341 1290 184 268 333 253
63 1462 1308 181 219 92 1172 148 1157 1246 1318 236 225 243 1272 100 1136 1160 1458 1334
1178 1258 154 1236 1316 145 186 34 1240 71 1162 8 195 209 105 88 111 1233 1182 1159
121 1321 170 87 1280 52 1168 81 1340 1383 1284 1251 138 59 1312 160 1171 1346 1432 1442
