1311 1558 1508 1510 1561 1414 1235 1208 1411 1230 1515 1342 1589 1545 1542 1417 1205 1325 1598 1518
1164 1191 1051 1200 1210 1257 1049 1168 1229 1125 1151 1145 1142 1219 1150 1232 1266 1048 1050 1262
445 520 2352 415 495 627 553 506 518 456 631 628 613 620 551 469 508 524 522 425
2320 2353 274 70 56 2284 260 46 72 2333 447 2318 141 2335 49 2371 2373 2293 2334 246
690 723 753 402 660 627 661 812 730 636 724 731 712 656 689 673 703 693 809 742
71 2323 81 275 2269 67 2261 2295 2384 281 33 2342 38 2263 239 241 47 112 2265 105
1843 1923 1758 1943 2014 1830 1955 1905 2026 1795 1845 1990 1747 1776 1827 1891 1773 1717 1942 1719
669 676 705 635 714 715 407 616 643 697 736 645 649 738 405 409 636 711 747 701
23 113 2245 88 112 69 2177 2436 100 2428 151 71 56 79 65 92 97 2244 2409 2229
1998 2139 1778 1938 1974 1961 1978 91 2020 2247 2248 2051 1779 1937 1989 2157 2140 2126 2119 2123
454 535 449 451 461 465 522 877 623 418 885 2358 891 524 422 892 864 515 416 523
2094 2294 2275 2072 2286 2288 2042 2318 2043 2064 2040 2270 2124 2259 2265 2088 2333 2336 2331 2305
98 2149 129 2169 1991 16 1793 54 100 1932 2208 1938 2177 2171 2188 10 35 22 1975 74
440 553 431 554 441 498 604 561 482 488 414 485 566 533 688 555 529 574 549 668
360 2414 347 125 608 375 223 350 602 2416 27 351 24 2412 369 305 3 605 186 192
517 532 506 468 868 481 866 906 913 429 487 432 919 554 890 422 441 886 547 849
535 895 436 467 513 841 498 547 554 838 473 913 892 500 864 448 873 477 421 849
1073 1123 1077 1122 1178 1075 986 1104 1116 833 1175 1113 1022 1056 1054 1170 1139 1000 1084 1080
1747 1891 1723 1873 1788 1804 1773 1816 1768 1828 1885 1795 1666 1922 1876 1797 1800 1659 1954 1900
1203 1315 1563 1261 1440 1127 1400 1306 1224 1342 1271 1538 1192 1305 1395 1162 1355 1202 1234 1318
876 914 924 535 813 1110 530 1109 919 831 894 1106 885 1104 932 542 839 824 525 867
1815 1946 1788 1919 2172 1927 1774 1925 1841 1814 1739 1897 1870 1882 1833 1761 1864 1732 1966 2166
927 1005 1116 978 793 1052 1056 1114 759 1027 987 981 1078 1101 1119 917 825 989 952 1032
1630 1655 1639 1645 1499 1626 1763 1694 1484 1718 1488 1612 1491 1672 1496 1724 1635 1640 1654 1764
278 286 302 290 280 2321 274 251 287 2354 2340 60 254 190 295 173 149 150 265 180
227 312 2402 296 130 196 2216 233 612 185 365 342 2414 180 316 393 2381 207 2432 2223
1612 1681 1752 1652 1662 1416 1484 1519 1407 1656 1516 1520 1409 1668 1761 1644 1597 1466 1412 1482
177 358 590 220 2398 357 363 329 144 232 368 176 2441 2403 2395 2425 313 380 606 2401
47 266 91 73 2317 2266 103 2268 2388 2208 2255 2334 2350 2251 129 147 105 127 148 263
252 282 2382 254 46 181 64 2245 68 38 2228 61 73 253 59 280 2262 154 145 199
1066 1136 1007 1122 1133 1105 1208 1076 1180 1093 1104 822 1147 1003 1047 1058 1193 1082 1195 1175
768 835 801 825 843 1072 829 1070 782 771 755 1001 769 1137 951 863 854 741 931 1012
293 417 181 462 430 445 171 566 606 2351 529 649 655 443 604 636 2343 2393 668 408
774 824 812 953 928 946 1066 940 983 954 933 919 911 994 820 967 829 800 770 1081
1350 1486 1456 1318 1481 1507 1566 1523 1338 1323 1327 1383 1402 1412 1505 1530 1540 1385 1438 1337
2078 2104 2111 2097 2319 2313 2071 2070 2292 2117 2067 2060 2310 2029 2108 2051 2042 2271 2107 2291
173 321 640 573 400 133 364 349 605 228 289 2401 190 157 2376 572 599 395 366 146
124 2427 2206 2239 224 43 2235 2426 114 40 131 198 67 55 2410 204 2419 163 2236 2202
304 317 229 176 374 365 609 188 184 314 180 290 635 358 630 2387 362 2404 618 2398
423 440 635 599 489 518 422 523 476 605 386 620 421 612 382 415 502 408 482 551
1343 1500 1604 1479 1337 1332 1625 1349 1439 1309 1464 1345 1320 1496 1450 1504 1505 1637 1383 1447
1348 1490 1399 1431 1455 1314 1539 1532 1334 1478 1473 1384 1428 1513 1470 1463 1494 1338 1408 1313
388 551 331 362 349 566 598 586 661 406 357 429 421 346 334 436 442 413 433 458
1643 1673 1631 1607 1754 1630 1628 1615 1731 1721 1734 1737 1762 1689 1619 1616 1713 1743 1711 1621
2 2195 2219 86 2212 2425 2172 2428 88 134 2186 2174 2181 120 2430 2188 2163 2158 146 97
1784 1817 2018 1725 1840 1984 1856 1944 1750 1945 2015 2005 1918 1951 1997 1822 1994 1768 1719 2006
47 136 80 139 262 92 2325 2326 75 2252 2419 2249 2392 2333 120 98 177 267 170 2198
558 623 662 670 460 596 671 611 676 568 599 317 562 299 634 393 575 530 650 412
1174 1209 1047 1324 1296 1064 1125 1262 1265 1153 1140 1230 1055 1069 1246 1037 1162 1025 1038 1181
1222 1278 1256 1201 1199 1183 1221 1282 1177 1193 1284 1283 1217 1312 1178 1189 1286 1289 1180 1225
406 690 753 720 460 537 729 370 718 730 659 446 328 304 545 633 630 724 400 741
66 2320 49 93 2266 43 2222 134 73 2223 2362 2230 2292 2304 239 2350 2360 2358 2301 278
545 556 516 600 379 434 547 438 524 674 661 612 385 608 541 605 623 855 597 871
2229 2254 2265 247 2230 60 13 258 222 50 81 79 2270 117 82 12 263 135 2138 254
1717 1801 1707 1827 1951 1895 1775 2175 1767 1805 1784 2174 1690 1772 1818 1666 1790 1937 1995 1748
172 2409 2407 169 173 2438 333 168 142 350 210 2377 366 139 230 3 341 126 212 129
173 2384 303 204 176 172 2354 145 2422 2342 2418 147 212 165 317 2443 369 2344 2395 2406
639 692 388 747 586 656 662 718 667 382 611 379 599 627 755 637 407 619 643 421
121 2206 144 130 2155 110 2443 206 2154 2193 2444 53 108 2200 2392 2427 2228 2436 2157 36
279 2380 250 220 2401 292 199 214 2344 248 2225 76 147 312 239 216 40 150 2384 46
14 134 113 104 34 2410 160 234 2418 2180 5 147 4 2196 2204 2366 2219 159 174 2177
1768 1832 1897 1955 1900 1708 1792 1926 1751 1905 1656 1699 1951 1969 1706 1720 1979 1942 1889 1729
18 105 75 2185 116 2435 2196 29 91 2259 15 52 23 2180 67 2214 2426 2153 55 2177
2219 2378 133 276 2391 131 2204 5 261 10 2224 2330 2256 35 129 2385 215 198 2221 290
190 2385 347 231 216 134 180 249 359 164 2433 2439 289 2430 206 2404 333 292 157 45
816 849 879 762 534 754 943 1007 740 751 897 756 1104 701 987 975 763 838 813 814
126 2399 343 2396 80 96 2387 2189 54 2218 144 2384 157 208 70 214 217 2382 20 116
143 2352 173 479 457 2232 107 75 301 2305 243 473 2231 166 305 248 24 2228 257 73
1321 1505 1247 1228 1307 1217 1322 1458 1534 1412 1332 1407 1485 1418 1451 1348 1470 1349 1328 1523
640 651 570 581 701 411 612 709 652 592 678 391 427 546 549 569 419 556 303 679
1223 1263 1259 1177 1270 1279 1292 1313 1204 1269 1227 1191 1232 1317 1261 1182 1214 1216 1277 1221
1735 1765 1794 1864 1764 1795 1642 1706 1900 1685 1807 1954 1653 1809 1951 1704 1674 1688 1640 1774
129 149 2227 147 17 2418 244 2222 187 172 20 65 134 2383 53 119 177 2400 11 2395
1196 1320 1391 1224 1164 1339 1401 1422 1140 1449 1522 1559 1344 1243 1520 1338 1220 1513 1199 1203
1753 1779 1987 1941 1778 1928 1726 1817 1844 1896 1964 1793 1939 1802 1668 1903 1775 2010 1931 1894
206 227 357 242 171 2410 2402 2397 263 2421 280 145 358 209 312 2227 211 190 2389 41
773 960 970 793 808 800 946 753 1007 1005 751 840 810 744 979 831 749 799 755 985
313 389 558 422 435 391 557 604 224 628 384 346 222 585 549 416 409 322 334 613
1000 1029 1157 934 1154 992 1098 1088 1136 946 1137 1049 1063 1051 1100 1085 1005 1096 1108 1031
237 2219 2180 12 2182 282 2183 277 270 142 183 2328 54 2236 2422 2387 33 196 135 19
1314 1541 1407 1344 1392 1581 1300 1572 1412 1512 1431 1215 1555 1399 1226 1414 1575 1460 1417 1401
165 2418 231 206 125 123 194 351 2435 2403 291 2390 2427 299 22 185 127 2398 326 179
982 1020 786 970 920 794 963 1117 1022 841 758 826 1059 1114 938 945 751 1056 1142 995
1338 1461 1321 1367 1339 1395 1450 1315 1426 1519 1429 1443 1512 1510 1554 1456 1532 1385 1541 1491
684 745 398 717 953 646 666 679 614 944 804 389 956 988 757 951 719 399 554 676
1081 1129 1044 819 1085 1186 1097 847 1034 825 822 1057 1155 836 1040 1082 1213 1091 1035 1070
1144 1180 1044 1045 1182 1224 1079 1198 1221 1194 1214 1216 1037 1127 1025 1067 1129 1033 1031 1008
1440 1499 1371 1538 1622 1634 1382 1483 1444 1482 1537 1374 1492 1529 1486 1350 1412 1429 1405 1613
300 320 396 586 188 409 165 241 328 365 172 2417 192 155 173 275 285 2422 349 581
1806 1964 1862 1997 1993 1766 1798 1740 1753 1961 1749 1708 1927 1972 1866 1925 1722 1752 1952 1968
1862 1970 2135 1910 2169 1990 1921 2134 1824 1969 1898 1795 1844 1821 2140 1993 1963 1783 1772 1868
572 631 600 687 305 431 412 616 422 613 680 371 323 557 330 544 386 435 381 297
1925 2026 1721 2132 1988 2069 1790 1775 1856 1939 1993 1803 1979 1806 1962 1926 1992 1849 1990 1794
211 2408 333 2441 2403 228 2220 209 153 2207 325 2412 317 236 204 2382 2415 222 314 165
809 844 1019 857 838 748 736 912 777 820 884 729 931 799 752 751 960 1022 922 826
1808 1836 1815 1718 1727 1715 1743 1781 1987 1890 1962 2172 1741 1762 1909 2175 1830 1944 1943 1709
63 250 78 288 2381 2331 2389 233 43 2321 226 2247 90 86 2370 238 2382 2230 2392 37
232 2229 281 110 2435 2404 151 64 185 163 172 13 2398 3 2423 199 138 2244 240 2421
9 112 2396 84 2205 2155 2188 80 2151 110 17 2230 87 121 2257 2409 2402 2198 2219 2183
331 2416 2428 324 301 23 397 374 601 586 15 2383 6 306 584 2422 2425 621 2439 385
157 308 290 232 349 2396 282 399 625 643 2391 2370 618 335 338 2412 2383 239 294 400
339 400 315 372 331 442 643 613 369 649 436 399 2392 381 2382 684 415 680 669 618
8 2221 2178 64 236 2195 2413 2222 34 2217 143 2228 2250 2155 2264 75 2260 2147 2193 42
1829 1846 1865 1908 1886 1859 1720 1933 1753 1848 1815 1934 1711 1810 1880 1945 1878 1916 1696 1717
737 814 945 708 789 841 989 955 740 760 710 970 976 836 960 806 731 700 1027 990
1039 1152 1142 1056 1140 1006 1043 996 1189 1068 1015 1075 1156 1007 1037 1181 1035 1005 1183 1198
858 927 743 763 1095 976 802 759 926 812 925 1021 866 978 981 1015 890 922 867 1097
1792 2161 1769 2160 1921 2219 2175 1909 2214 1959 2205 1774 1733 2208 2147 1958 1970 1808 2166 1741
193 229 303 2443 321 169 2440 2408 271 2429 319 158 2210 2425 335 2419 2374 243 222 228
2151 2166 2204 90 107 2232 2200 2188 1964 2140 2242 2146 2164 1963 2187 81 2176 1792 1974 2250
134 2431 2372 2236 55 2211 2244 45 5 110 130 204 32 116 2224 43 77 2221 202 228
1421 1500 1629 1644 1350 1434 1404 1334 1337 1523 1370 1476 1387 1347 1425 1422 1639 1486 1369 1532
826 1073 916 1098 1128 1036 750 833 1180 912 1161 825 1025 744 933 978 840 843 858 857
2115 2266 83 2248 2315 2102 2084 2119 2101 2317 77 2110 2291 2286 2131 2083 2246 2332 2076 2331
1320 1557 1570 1470 1568 1550 1337 1441 1226 1197 1405 1541 1587 1306 1302 1592 1251 1527 1296 1330
342 2390 223 387 2387 360 222 284 185 194 165 31 120 273 261 393 339 618 274 178
1161 1184 1213 1030 1199 1156 1234 1069 1167 1139 1222 1227 1051 1181 1132 1188 1056 1179 1052 1147
102 2238 34 2262 40 2251 247 254 121 2208 98 2228 2140 1 99 251 54 2370 239 2160
951 978 976 1069 743 941 813 814 738 808 989 701 946 801 922 809 1031 751 819 702
1769 1957 1829 1771 1983 1695 1912 1889 1714 1770 1740 2154 2149 1715 1949 1987 1997 1944 2151 1956
230 260 2246 40 238 164 316 35 32 2407 170 285 319 237 213 2390 48 2216 2401 180
573 631 336 689 691 544 341 415 350 312 593 353 555 437 584 580 351 560 569 563
947 996 792 705 801 800 1140 811 931 1142 1061 956 970 810 999 840 700 1078 802 1093
2106 2312 2079 2113 2353 2349 2073 2329 2047 2336 2095 2282 2301 2086 2278 2295 2048 2321 2072 2124
634 655 434 626 709 604 324 619 653 396 429 672 375 301 708 688 631 591 408 667
968 1000 1142 1086 787 1028 1016 790 972 770 920 769 813 963 831 745 1075 928 933 1054
740 982 935 764 997 1062 715 1032 964 672 758 986 756 682 664 765 1082 1077 837 972
226 319 265 297 300 2380 576 160 364 266 2390 2381 397 36 41 619 258 293 321 400
2145 2225 220 147 50 2264 98 2142 1986 23 131 146 2240 2150 2256 2146 2239 1971 2169 1976
564 587 640 658 354 333 581 629 353 680 687 420 591 690 331 645 685 361 362 624
1360 1413 1325 1399 1532 1333 1311 1403 1492 1422 1369 1408 1345 1339 1396 1367 1432 1614 1421 1500
678 739 752 666 960 715 953 694 738 952 669 949 638 685 801 755 690 702 652 956
1228 1296 1208 1306 1297 1193 1184 1315 1261 1263 1270 1219 1278 1280 1201 1223 1299 1319 1212 1324
1789 1913 1721 2151 1844 2017 1856 1955 1918 1803 1946 1781 1714 1990 1941 1968 1836 1903 1761 1961
1510 1565 1411 1581 1574 1436 1358 1451 1395 1490 1607 1407 1517 1612 1402 1353 1321 1599 1550 1610
927 963 937 859 1079 761 1096 951 763 1114 950 869 748 772 980 1093 1008 790 1017 787
777 826 1007 1071 907 913 951 943 755 1083 1085 759 1074 794 1015 962 942 1078 1008 925
1805 1992 1997 2025 2036 1937 1792 1813 1757 1901 1899 1919 1954 1759 1909 1975 1931 1908 2012 1712
1442 1501 1631 1607 1456 1329 1450 1424 1410 1395 1438 1318 1500 1319 1398 1334 1418 1493 1345 1606
611 645 669 420 557 552 578 412 397 545 440 664 295 349 575 660 367 361 608 649
2321 2366 47 295 298 2267 57 2349 303 2295 290 2359 266 2329 2337 2341 245 2320 2257 285
1695 1763 1668 1670 1908 1729 1657 1947 1659 1953 1684 1845 1957 1791 1828 1640 1858 1678 1638 1890
1576 1602 1590 1546 1519 1594 1571 1575 1486 1479 1515 1589 1457 1624 1510 1511 1520 1593 1483 1601
157 376 331 566 638 235 585 2416 561 322 608 363 181 228 130 621 2386 606 140 335
52 98 2206 5 2195 2192 269 256 246 248 257 96 2138 133 2219 2378 2329 2151 2355 2199
1671 1739 1798 1915 1762 1657 1909 1766 1738 1961 1918 1775 1689 1697 1781 1782 1677 1675 1690 1838
1993 2026 2064 1925 2076 1994 1996 2141 2123 1998 1955 2042 2070 2069 1774 2041 2008 1776 1777 1782
1011 1048 930 982 849 1074 843 959 1128 994 934 823 938 1114 966 838 1026 1060 1093 980
0 219 80 2216 2188 22 205 24 2178 137 81 2422 2402 102 139 2430 5 2381 6 2403
1397 1422 1367 1424 1439 1504 1512 1382 1325 1525 1349 1423 1303 1407 1534 1516 1501 1234 1383 1417
