482 586 1472 1386 660 1374 1464 472 1527 584 1501 557 1485 1392 1466 539 1388 1396 2179 2160
1828 2092 1838 1931 2138 1743 1790 2105 1891 2068 1781 2076 2082 1757 1906 1898 1971 1738 1715 1764
1967 2136 575 1835 581 1894 2050 1999 1853 2134 1969 1963 1837 1943 1889 1759 2139 2161 1748 2092
1765 1780 1737 1708 1869 1805 1954 2100 1809 1726 1832 1793 1896 1846 1791 2065 1787 1731 1858 2066
572 644 553 566 1321 2142 588 1486 675 2147 630 1932 581 1378 473 557 619 1919 607 1464
294 1586 292 2195 2176 1615 431 1566 388 371 2190 275 1571 265 1606 170 331 2173 349 1609
66 1097 1087 1052 1108 1005 1068 75 1083 2210 97 1110 73 991 1 72 988 1126 1041 1122
368 436 1510 2181 1386 378 309 431 264 511 261 495 2190 1579 1533 2180 257 251 370 1522
1728 1845 1730 1820 1824 2082 1741 2110 1961 1971 1981 1688 2130 1701 2133 1970 1908 1755 1910 1883
289 377 369 452 1562 290 293 312 1542 236 1569 295 1579 394 261 431 299 438 339 279
602 649 578 1473 658 1489 543 1308 1482 1366 1361 458 471 1497 553 1488 566 1470 1512 657
297 310 364 320 1587 377 336 385 289 339 267 321 314 319 287 412 280 399 380 265
418 1596 422 199 1556 420 1571 345 338 426 377 201 430 1540 417 1525 285 319 318 389
456 2188 1582 183 336 1573 1571 2200 395 466 257 1503 1589 409 1577 473 472 160 265 252
1892 2127 2123 1713 2129 2157 1753 1935 1996 2088 1891 1969 1711 1718 2090 1863 1696 1860 1795 2073
268 297 373 414 366 298 350 356 289 352 374 270 405 360 264 328 271 402 310 1564
313 334 1602 328 297 2200 352 365 286 406 376 305 345 266 304 414 1578 413 2191 384
794 875 1238 1201 729 846 828 852 1194 1195 1286 823 851 813 1230 1305 1196 1292 821 820
44 1048 1131 1010 59 2223 43 1083 2229 1099 107 63 130 1066 1037 1027 2211 1126 3 2216
591 1479 1402 676 2166 1367 540 544 1400 1485 1446 1513 614 575 1328 1502 633 2150 651 1364
455 1540 456 529 2189 183 1516 493 139 530 585 508 204 184 1528 2161 173 360 2163 468
698 1256 858 667 1478 862 764 1220 1299 845 696 1313 806 1337 1232 1345 1277 787 1281 759
1702 1721 1722 1845 1756 1954 1847 1688 1940 1731 2069 1820 1787 1744 1759 1801 1890 1889 1687 1778
1390 1423 1508 1483 1381 1518 544 476 1463 1393 1414 1440 543 1449 1429 127 1511 130 1347 1526
801 1325 1275 799 1380 757 847 694 1286 744 1268 829 748 870 1349 1234 835 856 1314 733
1176 1210 950 1152 852 1193 995 1208 1226 1233 914 1235 875 945 1001 967 931 1194 1004 1242
664 1508 1425 1504 1422 631 584 1521 1288 1373 1366 1389 487 1468 1350 1505 1287 1302 1312 427
1705 1927 1929 1729 1925 1821 1894 1840 2085 2101 1751 1760 1932 1926 1808 1698 1688 1723 1944 1920
550 611 459 616 575 1366 593 1368 1358 1633 578 1373 487 546 530 462 660 488 557 1389
529 1576 1544 2153 1606 1378 1388 428 433 1494 291 333 269 429 374 423 335 2193 482 486
1834 2095 2092 1668 1978 1792 1905 1843 2128 1917 1758 2132 1687 1851 1813 1831 1903 2099 1856 2144
334 2187 173 485 496 1581 532 517 132 398 1413 484 196 1587 154 518 170 127 1548 260
960 1122 1173 902 1210 1014 1189 924 1048 1126 1069 1209 1049 985 1016 2220 1004 1177 1050 1065
512 548 1548 573 474 1488 2174 627 1524 1418 1537 532 635 608 1554 1379 1536 468 492 628
697 744 845 736 1310 1337 759 756 1259 1244 1279 1314 698 673 743 1340 721 1230 1274 679
21 2220 1074 998 1088 0 2217 2203 1038 1116 26 2228 1137 94 14 1053 1100 1049 1004 46
760 1237 1253 680 726 675 689 823 838 828 1270 678 771 835 873 797 786 865 861 1215
1686 1724 1730 1708 1692 1698 1788 1685 1908 1919 1951 1727 1682 1840 1704 1887 1764 1902 1913 1758
1119 1155 1009 910 1016 1044 955 1118 1136 11 976 979 1008 1091 1067 43 8 919 1075 962
1683 1921 2086 1823 1947 1938 1944 1744 1822 1679 1824 1915 2129 1885 1746 1917 1666 1896 2107 1771
71 1095 1119 1065 1009 1038 82 59 44 1088 105 1000 1006 1146 997 2213 2211 1035 95 62
881 1223 900 1268 864 814 905 1202 939 1207 1250 1246 882 1233 891 794 789 823 1199 1229
1071 2229 141 67 1035 1034 2223 51 138 43 1096 1036 1099 131 1038 1101 2203 107 1072 1128
1812 1892 1840 1722 1890 1751 1972 1769 1800 1774 1913 1713 1949 1714 1934 1768 1956 2135 1971 1923
277 392 412 2184 2191 1562 282 350 246 1611 1591 2178 256 1545 450 1598 248 311 2189 2182
880 939 930 958 776 890 1195 844 963 1226 900 1220 959 923 1008 995 1142 1004 1145 843
993 1170 1024 968 989 1115 904 1102 1176 977 1033 1141 1175 1197 995 1191 1110 1164 1153 997
1758 1850 2129 1846 2066 2102 1995 1773 1896 1757 1768 1829 1945 2131 1843 2072 1979 2089 1894 1838
433 1504 597 2177 1396 1455 131 1532 1365 1486 367 2184 411 444 431 545 401 1466 249 1451
255 277 312 319 318 377 262 275 279 380 397 291 359 225 220 227 2196 369 2198 150
919 1174 915 891 978 1159 1190 910 886 897 1158 967 1177 932 888 908 1179 1142 894 1216
597 1389 2157 466 452 445 625 1412 1480 505 2173 1363 1528 1496 1342 1502 1473 519 1510 2143
1812 2076 2058 1721 1991 1862 2142 1696 1697 1758 1709 2060 1743 1906 1822 1825 1692 1800 1886 1948
1701 1732 2108 1912 2115 1887 2081 1844 1744 1840 1714 2101 1811 1824 1841 1742 1822 1809 2074 2117
70 1107 1032 997 1060 958 1006 1056 2224 2206 77 1091 1130 994 1066 1003 1051 2214 95 1039
700 778 1479 1251 753 730 1348 706 697 800 669 683 751 852 858 682 1322 745 843 1477
686 869 760 864 1245 1290 1259 1252 678 821 1339 1273 1265 866 854 805 884 781 733 1280
111 1067 20 1087 1069 169 2230 138 37 2209 1052 48 104 1073 57 2224 118 76 32 148
947 1204 1205 973 1022 1203 925 1145 1139 895 858 946 1186 996 955 1134 919 1129 891 988
78 2215 100 2213 50 84 2198 1103 97 2203 1045 104 1082 1059 1060 36 1039 102 1080 42
1843 2110 1791 2139 1753 1835 1922 1988 1737 1868 2137 2121 1777 1847 1678 1952 1920 1769 1767 1900
196 2179 2146 166 510 505 388 463 1586 441 1561 515 2162 199 2205 454 489 2150 2180 353
571 605 565 1350 656 584 1500 1492 551 1499 621 567 598 469 467 576 1379 1357 550 1919
400 1596 416 349 249 370 434 360 1529 1570 1600 1619 413 280 1551 277 2167 210 351 312
1769 1824 1935 1878 1955 1836 1907 2064 1899 1731 2136 1801 1809 1879 2076 1839 1875 1901 1699 2137
333 356 1582 420 278 344 305 327 423 288 362 1580 289 302 398 2182 1604 322 286 1611
1954 2123 1819 1883 1915 1751 1815 1715 2138 1788 1928 1995 1946 1873 1772 1741 1752 1925 1941 1768
458 1566 2188 602 363 2193 443 2169 420 257 1558 1550 1559 608 2161 2173 348 244 327 1544
1381 1478 1373 541 463 521 1519 598 1377 1422 665 654 1500 435 1459 518 520 526 1409 1308
1749 2087 1819 1772 2114 1775 1961 1964 1794 2100 1866 2124 2067 1726 1906 2057 1799 2061 1791 2149
915 947 1148 1133 905 929 883 921 983 903 954 1003 881 1134 999 1161 961 1182 1111 982
905 1004 1104 924 918 946 1149 1093 1005 994 959 11 997 1138 1038 916 35 1111 1105 1144
1762 1815 2109 1899 1859 1871 1752 1889 1810 1878 1973 1947 1921 1745 1844 1939 1946 2138 1738 1851
1429 1487 1480 588 1450 495 665 1410 582 614 1329 1303 1447 1437 129 609 1515 499 600 126
634 662 596 1501 1294 673 628 1356 1383 682 1351 1350 1463 470 593 544 469 1324 1323 1467
466 531 449 1371 1382 1498 1561 568 2142 1396 588 1630 1393 1523 1514 528 1529 2173 1500 1376
475 2178 1621 522 2149 594 1518 418 2154 592 2147 1571 1553 2156 1574 440 454 1504 1562 492
205 2197 225 208 382 385 192 2186 160 2183 203 2206 207 2204 95 506 173 410 1582 1578
400 1623 1562 424 2166 240 2187 532 1583 2199 338 447 387 1608 397 1584 269 519 255 1596
1982 2038 2012 2046 2083 1881 1860 2082 1760 1886 2026 1969 2131 1849 1964 2020 1880 2126 1876 1863
535 598 1346 1525 2175 1396 1482 1523 515 2142 599 548 1625 658 664 1520 518 1571 481 482
384 1575 1580 1548 2171 244 424 2167 406 1564 1601 1599 359 283 1574 295 527 395 263 1527
264 435 481 265 1557 355 1567 424 279 399 431 409 2169 369 280 2184 240 1564 434 1547
111 121 177 96 132 2190 182 78 155 1071 120 109 2204 2188 71 167 173 108 210 191
1831 1957 2121 1693 1974 2052 1815 2136 1710 1761 2156 1884 1918 2076 2073 1742 1723 1911 1762 2124
546 1533 195 1562 467 380 1560 176 1641 623 171 421 583 1549 1394 411 542 569 1506 409
83 1087 2227 1029 1093 1015 1035 1102 74 40 2201 1112 97 87 19 24 1106 26 1092 117
344 361 317 416 1599 262 1573 1578 404 1546 282 444 1595 1582 439 431 1532 2200 263 345
627 1342 704 661 1277 735 1459 1384 1499 1272 1493 764 1343 788 1292 602 689 628 548 1497
744 858 1319 748 1211 1315 1257 1316 842 678 718 765 738 1240 1213 1261 1278 679 697 834
898 985 1153 1165 981 1029 1102 1189 1111 868 967 1179 1112 1019 1030 1136 991 1021 965 1133
1083 1117 1126 2224 1053 1059 115 107 933 1042 1123 971 1162 1158 103 102 120 39 962 123
790 845 761 1292 782 725 854 807 830 751 698 843 1307 721 1280 777 775 1233 697 820
663 704 794 741 837 602 672 1355 738 1483 687 724 796 1279 1486 612 1328 1509 623 813
1214 1228 877 1175 1180 1264 1200 1199 857 895 1263 820 1234 848 1219 1222 774 1231 1208 888
1771 1951 1901 1686 1916 1762 1759 1897 1963 1857 1804 1841 1915 1905 1787 2067 1902 2118 2124 1860
967 1106 937 1031 1212 991 961 1058 1203 1037 1197 951 1160 978 907 898 1191 1013 998 974
764 1266 1338 1251 1233 1234 1279 1329 1323 859 735 699 757 824 861 1281 737 738 776 682
1878 1996 2073 2055 1964 1870 2101 1949 1741 2130 2064 2056 2075 2047 1744 1987 2123 1901 2003 2077
1035 1110 1008 75 1121 1024 983 931 1094 993 67 1020 952 2225 1064 1076 1042 1093 83 1079
227 277 369 298 162 256 427 420 169 364 379 293 350 247 279 259 2197 237 266 429
350 422 349 287 165 209 1576 275 194 1617 235 2189 1584 393 443 323 375 241 1528 384
578 2163 1373 660 1617 496 439 2133 2058 471 450 1355 1558 462 630 1564 567 1649 1377 1967
142 2179 157 361 2139 452 429 1535 1608 1066 2202 371 2195 372 219 192 464 353 1638 193
1938 2087 2133 1965 1814 1770 2081 2105 1737 1821 2145 1725 1680 1849 1755 1734 1744 1950 2064 1730
10 1153 1112 885 1117 1099 1134 980 970 938 6 897 941 1088 1166 903 33 1055 953 1129
797 1236 1253 1235 840 1330 674 752 804 1227 823 862 1242 1217 1337 772 803 1250 683 738
1624 2158 604 2135 1567 1575 461 442 2129 1589 1576 1571 446 535 484 1652 1574 598 1620 520
1870 1973 1819 1827 1889 1905 2163 2128 1820 1875 1854 1817 2052 2065 1758 1873 1813 1756 1964 2056
49 2213 1128 105 1089 1117 51 1072 1064 113 67 1069 1078 1098 2218 118 2200 15 141 139
837 1253 821 1244 1269 1295 849 1225 1240 1321 719 872 863 1280 1271 734 782 1224 1293 874
140 171 148 2198 212 428 112 145 1602 131 233 144 177 190 1072 120 2195 158 162 114
1697 1746 1667 2106 1729 1780 1677 1775 1705 1947 1880 2076 1763 1914 1680 1883 1907 1958 1968 1745
960 1211 1114 1176 1126 1134 858 1008 997 1013 895 1226 1130 1198 1192 1007 964 878 1104 1125
11 1138 1027 1086 1087 939 920 1067 1053 1043 1100 1052 1166 964 1034 1029 931 1065 1149 0
1974 2002 2164 2115 1885 1952 1894 2120 1828 1744 2022 2095 2153 2058 2081 2068 2099 2056 1888 1977
71 82 1037 67 2218 87 2197 2196 50 2229 40 1101 118 90 2233 1045 2231 34 2217 69
761 1289 1242 661 852 710 1369 804 1335 750 676 730 1319 665 1291 692 1252 1237 1255 728
2063 2094 1804 1825 1815 2133 1872 1886 2131 1866 1712 1927 1721 1802 1863 1938 1972 1966 1858 2044
1550 2174 429 376 196 515 506 482 522 427 150 550 250 187 183 1597 528 1619 589 536
1041 1096 1139 1081 2209 60 47 1099 1141 126 995 2225 1004 1042 73 31 1128 1124 57 1112
1886 1939 1937 1741 1910 1811 1943 1843 1748 1982 1963 2056 1989 1844 1970 1678 1917 1966 1742 1806
1270 1309 686 1290 835 1362 848 831 805 792 788 1306 1242 815 691 806 1289 684 674 671
1666 1690 1668 2121 1709 1928 1711 1680 1670 1658 1949 2112 1909 1912 1687 1902 1678 1677 2088 1819
358 372 271 379 1546 439 305 1573 1606 1554 1616 436 1576 371 1550 1621 329 431 1602 410
1249 1285 766 665 1225 761 1261 874 1277 1324 1221 1226 1364 709 663 788 1350 674 757 644
351 1558 497 506 1626 396 205 256 1614 294 455 1619 486 452 510 336 279 333 487 494
487 1414 474 446 1551 2159 1501 1509 2180 541 445 515 558 2166 1412 592 2179 476 477 548
330 398 434 1602 296 311 2185 329 306 364 1525 366 406 267 277 1596 1617 401 1527 395
463 474 2175 482 2158 2152 1522 539 1394 2179 534 1525 555 583 1508 600 1531 2162 1526 1627
1237 1275 839 1246 1347 1270 1291 1305 1298 1213 728 705 760 714 690 691 725 1224 742 817
2164 2177 470 1606 1622 1587 520 517 1552 579 440 372 545 448 2136 2128 456 2175 414 1643
361 1607 302 447 2166 1529 1533 1583 279 313 276 1589 2170 1623 1563 426 304 336 389 297
681 823 851 813 1476 740 1258 1322 746 1265 1260 1369 1249 1294 680 1365 1470 1330 1350 1486
517 1375 1441 2174 1344 1577 1445 1556 625 1415 649 454 1346 678 623 1514 635 583 582 1463
1733 1769 1683 1921 2138 1936 1826 1759 2127 1973 1744 1971 1690 1964 1910 1898 1774 1887 1732 1767
99 1045 2218 1040 1 1061 12 1006 1071 136 1073 1099 1083 48 1034 93 125 1068 2203 113
156 2199 203 150 2213 186 1594 120 352 215 185 388 2200 255 1550 182 179 366 2205 149
107 130 165 157 137 2191 2195 129 147 110 136 1450 154 87 2206 2185 133 1086 1083 174
1887 1948 1813 2130 2089 1841 1864 1960 2086 1897 2052 2065 1683 2069 2132 2084 1970 1687 1723 1878
1307 1465 801 814 1439 490 1429 1349 828 1437 486 844 1251 1331 1265 1430 1376 752 1285 1281
1208 1222 1262 855 873 935 1167 959 969 885 1171 1214 940 968 862 957 954 896 975 1250
983 1116 1097 906 1133 905 980 2232 1019 1090 2226 924 1048 1167 1091 914 1155 934 1148 27
1553 1615 201 459 2184 413 489 1621 450 202 425 206 2174 1574 464 2180 191 534 339 2166
281 324 368 1602 1611 414 312 395 331 364 1607 1571 2199 371 1575 327 360 308 410 310
698 1316 1348 771 1318 665 730 1265 1347 866 1314 779 793 1279 759 846 1479 653 1337 1301
741 1340 761 1480 648 626 1285 646 625 1298 612 860 633 1338 716 610 609 1362 636 616
420 1567 392 526 1597 1544 330 2176 2199 444 286 379 1626 479 2191 380 171 348 531 539
1095 1110 1071 64 1067 1072 1150 931 1033 957 1 2221 1087 97 1064 986 1135 96 1055 1090
359 421 1548 1613 309 216 379 394 235 337 1554 156 2195 1591 1555 1594 329 381 1618 1600
