822 913 892 903 912 860 825 842 944 959 839 901 803 872 947 812 894 924 870 815
370 406 323 389 615 330 383 310 613 402 641 605 318 305 391 379 632 347 322 630
15 468 51 0 507 451 466 513 500 474 506 34 27 21 445 459 48 22 473 462
369 656 314 309 306 614 313 339 320 648 376 621 330 336 401 351 353 324 368 356
79 97 532 108 63 111 526 75 112 92 113 74 103 116 102 95 82 525 522 519
458 496 542 31 521 511 471 531 447 0 44 443 56 467 10 485 41 459 516 33
418 463 452 15 41 42 40 603 51 498 417 471 449 490 486 432 609 487 38 446
1017 1024 1008 991 1025 1007 1016 1001 1015 996 1010 1009 994 992 1004 1000 999 1012 1028 1027
554 578 573 528 524 56 557 53 57 472 540 534 558 550 515 66 43 537 581 560
763 953 872 902 741 919 968 790 890 825 933 895 733 944 806 800 970 874 760 948
344 616 346 340 306 331 632 635 363 392 308 408 403 406 301 622 407 637 621 601
838 950 809 800 798 830 883 926 881 766 916 910 853 844 957 931 799 777 783 877
709 728 741 689 706 700 737 757 743 736 708 754 730 693 686 735 746 685 749 742
501 514 484 467 66 552 547 493 475 35 65 45 509 525 72 464 61 518 516 548
701 711 706 707 715 702 710 718 694 696 683 728 698 693 691 731 687 684 677 688
768 804 821 788 965 954 947 829 742 805 782 975 905 825 800 834 773 752 759 832
681 699 695 684 715 698 691 693 703 676 678 724 728 690 673 725 697 727 721 688
770 951 805 738 908 750 799 891 786 765 923 794 835 886 942 839 840 804 967 902
371 639 643 384 635 351 391 337 309 632 612 381 352 343 321 608 354 638 619 305
315 354 609 282 345 338 640 378 318 327 396 283 653 381 292 632 620 330 310 319
359 389 328 316 645 341 350 374 607 329 346 637 629 393 306 616 349 383 608 630
58 481 526 521 559 566 72 45 525 496 467 594 56 520 564 596 63 485 67 479
483 554 569 568 504 551 34 64 474 566 573 496 558 521 560 24 63 475 467 36
342 624 610 366 641 369 608 411 613 396 609 378 634 357 301 330 328 380 632 388
320 344 400 315 343 319 382 306 389 338 395 346 361 372 345 321 311 378 616 308
45 597 461 608 559 533 426 595 514 496 32 600 515 521 58 593 54 564 452 576
40 480 563 544 46 60 475 604 478 423 446 62 551 484 27 439 515 594 535 537
827 900 877 916 941 950 892 848 822 806 852 887 932 901 802 891 902 935 907 875
699 707 733 710 692 717 728 713 685 702 677 706 708 680 679 724 726 721 698 727
853 880 922 866 936 923 870 909 928 841 943 884 873 947 929 839 954 951 879 924
834 868 959 946 934 927 938 804 914 846 807 950 808 953 856 867 885 908 923 871
878 943 879 856 914 809 846 936 806 885 930 877 871 869 902 813 847 958 947 901
790 820 921 810 816 772 953 837 948 965 889 791 941 786 829 792 896 919 964 947
385 609 394 628 630 598 388 374 347 353 597 392 624 368 421 344 402 411 352 646
833 933 818 903 826 838 930 840 939 806 887 940 849 868 915 831 873 901 862 934
357 629 623 349 323 332 308 403 350 318 380 628 409 358 365 346 391 619 610 620
11 420 428 459 22 414 464 467 18 440 34 456 468 422 431 450 454 461 20 425
52 520 67 62 78 529 518 464 550 561 471 74 516 548 468 479 499 501 481 583
173 201 171 242 250 131 181 137 165 243 259 186 134 130 184 195 167 147 154 132
315 345 643 286 623 360 378 377 375 628 396 347 290 392 627 381 324 625 356 365
753 778 978 759 956 791 741 785 952 764 800 963 775 733 957 810 812 747 784 752
55 60 545 470 44 516 66 543 50 518 525 515 526 72 498 492 522 471 529 48
900 926 844 838 863 851 817 883 823 858 902 860 896 877 930 848 842 904 954 957
373 638 400 389 657 326 336 323 375 632 321 631 629 616 641 386 611 390 360 621
832 913 871 909 822 923 935 861 918 818 941 952 889 817 827 955 924 904 960 855
897 920 833 839 830 905 824 821 922 860 939 942 936 888 847 816 865 911 906 814
478 597 470 563 584 596 587 533 61 555 40 609 532 496 526 32 534 37 573 550
835 842 840 939 841 822 899 806 958 924 950 871 929 906 949 886 820 849 918 946
653 666 378 684 660 315 647 397 639 334 321 681 645 381 665 324 358 652 658 651
202 248 212 193 203 214 149 261 172 249 173 260 179 232 198 247 174 266 230 237
232 247 198 255 193 146 243 159 164 216 210 149 205 262 249 203 242 236 239 150
441 458 425 495 13 423 40 430 427 471 30 470 47 457 472 11 429 31 417 6
181 253 204 248 259 172 169 158 201 203 252 156 199 176 177 270 188 186 159 193
393 406 653 392 428 655 397 624 388 380 625 355 348 608 401 423 366 337 638 403
820 915 948 936 805 868 961 914 937 796 967 873 952 949 871 817 958 890 882 830
60 479 489 566 511 477 466 543 589 536 534 545 26 74 37 58 57 555 562 514
42 563 444 586 595 486 555 601 600 518 521 464 548 452 515 581 508 431 480 526
511 523 582 526 528 68 520 487 490 473 72 500 36 506 531 521 50 529 482 38
265 277 271 284 305 264 262 272 278 252 254 250 286 283 268 287 298 306 260 293
184 200 210 194 147 168 209 235 254 206 208 156 216 241 253 203 183 161 243 215
358 643 361 306 616 325 651 637 632 300 332 328 309 372 656 329 373 317 341 646
413 615 34 389 315 412 21 382 408 414 376 37 404 358 422 635 391 27 611 41
239 243 249 188 256 149 145 161 170 201 246 230 156 186 195 254 238 177 252 162
941 949 911 938 872 783 818 824 881 807 960 781 798 921 954 955 882 910 865 838
673 692 696 714 717 683 685 675 678 693 719 688 698 668 701 699 684 687 686 667
9 25 17 428 1 42 31 494 503 21 483 425 13 427 43 417 498 426 414 4
477 540 577 534 29 479 559 24 74 507 476 519 79 462 44 544 583 498 527 490
423 466 31 414 465 441 433 431 434 477 8 459 476 35 17 420 408 501 4 16
64 491 512 41 488 550 471 541 522 493 523 25 519 61 513 557 553 63 520 536
162 207 254 120 241 148 122 141 215 152 204 135 130 161 175 240 177 144 163 214
739 768 720 789 967 777 950 792 744 762 721 750 741 761 778 749 801 810 780 793
993 1018 1019 976 978 1000 1029 973 1009 1016 1008 1028 1002 981 986 997 1014 1004 1005 1007
86 96 104 118 110 88 71 77 114 81 98 84 108 92 113 112 75 70 76 99
102 120 85 87 148 94 162 92 81 111 91 112 86 107 106 110 75 136 138 84
820 934 831 819 797 789 830 931 818 787 894 942 887 906 947 890 834 879 924 955
436 457 32 431 43 2 458 11 47 3 4 467 471 446 469 466 435 5 48 468
741 801 780 784 724 751 800 904 952 746 965 763 807 766 787 761 802 726 778 773
471 521 59 475 581 61 482 24 511 553 476 29 555 75 519 492 33 542 517 63
834 896 937 910 943 916 938 903 956 923 904 906 864 930 830 909 857 849 912 862
533 556 44 62 594 499 493 575 66 515 583 572 527 70 485 548 554 543 550 568
169 249 244 258 144 233 152 147 197 145 255 139 191 167 246 264 262 230 124 205
119 159 234 141 231 107 102 110 122 233 137 175 128 206 132 230 244 98 245 126
809 944 947 950 837 778 894 903 921 892 977 915 797 812 811 941 773 826 877 896
367 381 345 332 652 645 386 327 408 338 380 638 363 615 326 314 308 637 622 655
979 1002 992 1021 978 980 982 986 1024 1012 964 782 783 1009 1000 788 1022 968 973 993
0 20 419 6 8 420 471 428 7 424 35 417 27 15 464 24 28 421 413 9
276 288 262 294 279 336 322 315 301 269 260 271 302 270 318 330 283 324 328 309
369 648 650 660 612 357 379 630 304 638 351 332 372 386 394 629 371 631 327 366
44 597 587 34 576 573 57 603 498 558 518 423 29 563 464 522 586 46 532 422
478 539 71 473 520 521 46 578 54 503 78 546 553 468 548 39 57 49 65 55
831 945 843 855 809 875 898 921 850 801 880 847 903 876 952 828 948 885 877 904
89 113 108 70 97 93 71 135 107 120 79 80 136 109 125 91 74 73 123 67
310 325 306 338 359 283 384 337 299 618 643 377 378 381 640 368 364 347 644 633
729 745 769 777 751 754 743 716 746 764 797 770 723 795 707 803 788 791 720 766
821 952 822 966 800 928 969 774 967 930 799 921 813 971 953 941 811 875 810 760
772 795 790 823 740 787 806 973 802 952 743 763 959 752 748 750 767 801 774 812
194 238 154 146 253 196 202 193 144 179 184 247 168 162 163 155 147 201 239 180
318 359 366 347 386 369 286 372 341 304 299 370 625 351 376 645 395 618 396 648
23 471 530 423 553 529 8 419 492 63 420 40 57 480 554 498 501 461 536 497
322 637 289 372 310 331 616 363 320 614 316 292 286 389 347 638 381 312 325 652
826 947 957 901 925 954 811 961 953 827 898 863 962 910 834 895 928 905 804 907
474 541 61 561 574 489 69 72 76 60 579 580 537 538 513 30 28 481 556 54
36 476 441 65 503 418 486 443 494 493 506 42 20 525 587 480 540 496 533 514
127 168 148 109 245 242 149 243 121 129 215 120 235 134 165 161 188 199 194 171
32 414 448 468 427 609 612 413 408 436 39 502 493 12 402 451 8 464 421 35
415 613 435 30 34 18 446 601 420 361 37 611 410 342 430 393 623 636 387 365
81 96 83 78 93 72 73 100 97 110 80 86 84 74 89 91 118 95 112 70
91 115 94 78 145 116 93 108 129 72 114 134 138 105 98 96 136 130 120 131
654 662 389 672 381 368 331 395 657 318 647 391 388 332 644 370 312 313 394 635
166 203 198 180 238 179 130 205 172 182 206 209 170 213 207 164 121 191 153 181
932 949 963 897 881 876 913 875 807 965 810 920 862 887 785 777 787 944 938 788
69 521 493 73 510 540 42 51 74 543 78 61 477 66 52 88 558 531 527 533
832 902 922 915 877 928 872 861 908 862 857 946 933 827 937 830 815 818 810 907
320 363 297 620 654 302 647 305 352 285 349 336 312 653 325 382 636 619 621 627
342 351 364 307 405 329 373 634 402 399 400 331 616 386 374 390 362 319 609 369
871 943 828 858 865 904 897 893 922 870 810 860 809 878 902 951 812 831 918 838
293 338 372 316 632 349 384 307 367 308 630 334 273 380 309 325 295 388 378 364
262 271 268 266 285 280 252 247 274 290 250 269 265 276 293 255 292 279 270 272
492 536 517 62 548 59 72 484 501 77 502 496 464 73 487 550 56 480 459 70
806 906 798 903 790 956 848 939 899 967 915 751 938 962 919 805 810 796 942 918
337 637 372 371 315 621 615 382 620 636 334 343 345 384 377 323 376 634 397 328
61 472 482 493 555 499 511 536 483 470 78 27 547 509 528 80 535 505 540 26
700 723 722 683 705 734 704 712 738 729 696 744 721 708 698 697 718 691 701 681
780 978 955 763 953 768 808 811 984 809 762 803 793 948 798 974 750 815 965 742
866 940 903 820 850 957 935 834 889 844 847 836 906 865 819 950 904 891 822 929
369 650 611 615 315 354 392 659 621 395 361 337 321 638 647 391 339 328 662 610
540 550 49 581 68 78 526 506 582 505 554 558 477 483 524 66 565 532 559 502
448 461 484 31 4 415 503 12 460 472 466 495 475 497 459 467 465 29 425 470
818 929 825 811 829 952 875 895 969 912 935 820 879 810 841 950 886 780 802 953
822 841 886 866 925 953 855 943 849 840 844 830 807 945 805 899 797 814 893 942
968 977 957 798 982 771 996 985 774 966 978 974 814 812 952 799 1002 794 988 984
546 587 581 46 525 558 490 555 571 601 526 70 583 556 551 529 504 480 582 75
330 362 372 373 343 353 346 402 636 396 383 359 374 283 284 338 358 626 332 644
725 745 733 775 770 762 735 786 785 765 731 780 730 737 732 749 717 724 763 723
17 34 432 469 25 485 480 504 492 459 429 413 490 42 505 458 506 500 31 423
372 405 412 371 339 655 608 631 627 424 417 376 418 322 400 397 327 330 421 343
113 127 99 98 87 149 114 129 111 122 88 143 131 133 159 169 86 117 130 138
59 546 489 539 43 549 520 587 49 481 483 504 522 534 75 485 572 56 555 474
384 399 414 625 407 615 642 647 617 312 320 391 637 409 613 375 402 381 341 626
780 968 817 764 776 808 775 958 954 753 818 970 815 955 960 749 803 809 962 988
350 400 335 613 315 647 636 398 641 396 330 308 367 318 627 322 373 336 629 611
185 249 248 194 189 260 253 187 255 184 241 171 235 236 199 165 164 196 234 175
864 938 853 927 891 919 890 946 854 826 889 849 952 821 868 948 836 940 876 835
348 637 383 611 359 610 624 358 347 361 389 349 364 649 337 652 377 626 622 385
698 707 733 676 675 714 700 718 679 721 724 696 704 729 684 693 725 687 690 719
73 508 52 487 86 530 75 470 524 78 490 485 480 53 492 533 83 92 493 542
69 542 579 77 516 93 559 85 495 486 513 509 577 512 502 58 53 68 475 70
836 909 842 841 932 839 946 926 929 935 952 893 899 822 945 831 867 857 923 895
617 633 622 653 381 350 396 334 377 386 626 415 414 370 373 411 321 628 403 611
56 524 530 472 502 511 505 521 532 543 51 67 62 68 522 493 467 489 508 73
