360 1775 919 140 209 309 999 404 1701 165 246 1601 164 1681 230 160 382 1580 1070 1607
368 1654 349 212 1809 2283 372 323 213 360 421 226 1786 929 355 322 1009 1791 1012 1000
2415 2454 1236 1263 1212 735 1271 7 1358 591 1399 552 1378 540 2141 722 2100 2033 1235 2371
152 1672 328 1588 837 1695 223 845 106 1669 885 1745 1622 1589 107 1603 2320 416 309 1613
1375 1483 100 31 1358 613 1447 2409 732 2443 722 759 1450 793 1421 1519 608 1306 581 1257
1 1422 1469 55 619 573 1358 1435 60 1471 21 773 1351 1433 18 1317 758 691 679 1428
364 983 308 2279 872 1044 873 1762 336 1620 382 986 381 1017 1794 1786 405 1621 1046 1604
186 1667 1690 897 1680 1717 273 959 2329 1787 801 422 790 1633 427 805 221 2322 223 1695
632 2119 2392 1398 614 1404 623 738 2047 757 751 2363 1384 1401 760 560 2464 1483 730 2030
1047 1802 1816 1042 1757 197 1830 1091 220 1004 1099 1792 1053 1856 217 374 1796 1767 1854 838
696 2241 2464 807 57 2407 1475 51 117 2466 1383 655 14 1495 64 2382 5 1508 111 43
670 1387 2341 1354 796 1474 1456 782 753 10 1500 1347 1394 684 778 693 1413 2326 2393 634
543 2013 1196 648 2432 2033 529 514 1201 653 2077 2430 2058 2458 2096 1307 2065 645 633 1200
268 1657 1782 400 1700 2269 1014 239 2312 1623 1678 435 227 1647 976 1607 1644 2263 2295 1632
1519 2472 2056 2196 2251 764 682 1397 1548 2047 27 2333 2421 2072 673 732 2372 1298 2174 2232
236 1659 2314 1788 291 826 982 227 924 426 1060 1713 424 1732 202 251 1726 2296 831 919
614 2060 1432 2378 1366 524 2086 1376 2035 2399 2042 1266 1277 551 1340 1442 2437 2038 553 647
1013 1076 1126 1081 1100 450 2308 364 1026 2309 1828 958 1856 1859 1675 1102 1127 1850 961 1678
1179 2072 1133 2045 1210 2035 1187 2052 2101 1204 2444 559 1247 1962 1222 2027 1358 1154 2426 1988
74 2328 47 1369 682 31 672 1499 1543 681 34 708 724 2158 2198 2098 807 30 62 76
233 292 1643 1574 1662 1648 208 2309 232 175 969 1611 218 833 1629 2278 2290 920 905 2319
161 2328 756 1761 718 759 1711 785 1489 672 267 1556 2320 687 670 1796 1534 1742 2239 46
672 2379 2357 2135 61 635 1426 1514 1456 623 2334 2129 1310 664 2231 1370 2328 2370 2239 1539
11 2444 1374 1492 1360 757 2103 2468 534 1205 716 1480 2414 1467 2123 2424 2401 1487 766 1455
209 2260 1620 2342 937 312 1564 922 125 821 319 293 1735 1733 1571 899 288 2226 814 850
580 1241 1447 31 13 1292 517 2371 1316 2020 2377 1300 2464 1201 1219 740 2456 1439 1253 1215
35 94 2114 785 827 799 119 2418 2460 2407 2119 2465 1567 1441 2322 2080 1415 1421 726 2118
330 935 369 344 915 366 170 887 176 1003 893 1679 316 389 989 364 1686 1611 1631 952
1660 1733 334 282 1675 247 371 190 161 189 430 1584 1611 278 1630 1651 439 1004 1718 345
380 978 924 958 1007 1648 1702 1693 1611 331 1578 372 1723 1023 318 1645 1022 1588 957 342
522 2081 26 514 596 552 583 561 2040 2089 495 2096 525 22 502 2057 15 2431 1286 494
102 1488 1475 2140 753 1441 1445 1504 10 1430 774 2120 31 9 5 1508 1563 2285 669 1395
144 787 1596 1475 1579 1469 14 1409 1564 101 162 65 2357 1 1410 2382 635 1770 44 56
101 138 2255 1549 122 838 1446 1789 1500 2384 751 91 1552 83 60 828 863 33 2336 126
191 933 900 1632 1604 953 353 999 259 1653 991 366 1817 997 255 243 1778 208 1784 1772
1467 2418 567 1375 1496 1328 2084 1437 733 2090 657 2458 595 1259 709 2087 2089 1407 737 648
351 1645 333 398 205 203 303 165 1665 935 1719 2306 1597 896 1721 320 922 1655 898 1604
306 1791 1662 289 1614 899 336 2291 1715 342 1816 1578 937 1776 1673 125 402 329 237 1775
1312 1356 621 666 624 2026 1444 1400 616 1408 1406 2381 1437 601 667 583 1411 2037 2138 665
2280 2324 371 691 2243 256 244 100 147 1518 1066 233 228 2154 221 46 71 1579 370 811
1030 1054 1011 389 1057 1767 1826 412 2285 990 438 2283 1819 1034 1024 2282 1814 1060 1828 398
1109 1157 1156 1843 1180 1976 1923 1840 1066 1055 1925 1825 1075 1046 1196 1073 1996 1931 1835 1044
9 717 1365 2117 1390 4 2389 588 2457 11 2451 742 716 2374 808 798 67 2372 776 1433
663 2351 115 1302 36 2239 739 1527 2328 718 635 1388 43 1462 1266 1351 109 712 725 1529
265 829 286 880 187 1659 1571 1634 206 100 210 2284 2292 219 208 152 2287 851 170 2265
1508 2327 794 2331 191 760 726 1552 716 91 2146 176 102 704 2248 736 749 1359 751 2178
724 798 69 797 2459 608 2334 108 3 777 779 1417 656 2109 2350 743 85 36 637 1465
619 749 2038 794 633 37 707 1447 2114 767 1412 1347 580 73 1420 2039 102 1464 1503 1507
679 2375 2420 1353 2239 682 594 658 55 31 1560 706 710 700 592 583 1467 805 1474 2323
716 1533 68 2342 2224 2333 55 1434 2327 111 1487 1447 2338 790 2112 2235 1460 2390 1458 2408
1284 1358 1416 631 1268 2420 2042 1213 560 1373 2015 2435 2050 1292 1444 1450 1456 2449 2396 1245
289 920 304 257 1655 828 1779 2292 291 897 882 1773 343 1780 348 188 226 957 1586 976
1893 1928 1148 1143 1126 1097 1884 1877 1867 1115 1898 1940 1858 1878 1934 1936 1951 1108 1851 1135
373 1770 1637 2289 1032 978 1814 360 190 1045 207 1673 331 269 1071 2285 993 1639 260 249
670 775 798 700 1429 58 2475 711 2329 1371 16 2473 9 2104 1436 2383 2439 113 695 1363
594 1282 1229 1338 1386 565 592 2064 648 1393 2108 2059 542 20 1466 2406 1428 1352 2080 2039
370 1805 1007 1020 841 198 1633 441 2290 397 1625 1647 150 330 992 1093 156 385 341 1039
210 2262 1609 1560 244 2344 326 1612 146 1786 906 869 108 1745 179 168 1796 75 2239 1724
592 2417 2371 634 641 743 1468 1340 1437 713 546 2115 1392 683 2092 2401 28 2470 1254 572
740 766 717 2366 665 801 12 2470 723 1498 1426 2342 2110 809 84 1468 2406 1502 676 2458
1553 2241 2247 1533 2198 99 2235 2343 1502 1562 2256 1521 1548 101 85 2234 2152 91 1495 2267
995 1012 1831 1665 942 346 1044 990 1837 402 2310 363 1683 1775 418 1648 421 1054 1023 406
1389 1421 1514 647 681 685 2330 2336 36 1515 705 787 1444 1476 1316 2475 2098 693 2425 29
463 483 1197 437 429 449 513 422 431 423 441 1185 1134 1178 459 433 1193 442 481 498
735 2465 2069 677 527 780 2131 2353 1513 553 2430 1440 16 64 2088 1369 1506 648 799 693
1277 1348 1295 2130 621 1263 1351 633 637 1238 1368 2401 1282 2406 1377 1245 582 1317 2421 2004
1768 1811 1820 1689 845 1011 1671 330 398 158 1702 389 241 1837 1106 1812 324 428 1641 192
1466 2134 1367 1343 24 567 15 691 1335 673 2100 73 1389 1390 80 1395 1376 1336 2103 559
1266 2101 1415 1424 1280 1405 1255 71 68 2384 1355 2104 571 1308 1312 554 1358 1232 1414 1403
1322 1461 726 623 2368 1287 724 786 1422 788 2067 635 2401 68 1503 1441 75 1395 1289 632
1077 1802 1845 1826 850 1806 1134 1131 862 442 415 194 1019 1791 1873 1081 1750 412 1760 1846
340 1719 253 353 333 257 1800 324 1737 983 328 1002 344 1689 374 345 966 1686 912 247
87 695 823 2319 1466 2236 2334 1385 23 707 54 1562 708 1497 2407 626 37 34 1573 749
530 1217 1208 2084 1245 1200 506 539 2061 1266 1278 523 559 529 1216 2053 2455 2101 632 558
66 2261 1511 22 241 157 169 12 2338 765 1510 775 2157 724 2280 2304 0 239 2177 117
1029 1824 393 1073 1829 159 1051 1788 1807 849 177 1047 423 1789 154 1038 1014 972 1785 1823
1011 1680 937 383 963 1803 377 1734 1077 413 439 363 1037 1008 1783 1652 175 977 1813 289
257 1719 1734 840 322 200 890 813 1644 1679 206 902 863 213 898 321 2290 1738 2276 417
784 1430 1423 1351 649 2399 1515 1408 673 75 2338 2132 1454 580 697 2370 2105 0 650 708
1512 2353 1516 754 784 2375 714 1513 1428 2355 1483 2205 693 1414 2214 1541 1437 2393 2204 596
731 2378 2394 1449 1450 715 2122 2099 658 746 682 76 2235 686 617 575 657 2475 1526 1540
406 1607 928 213 1008 999 990 147 227 331 364 1006 1655 1808 1786 429 1721 228 1736 993
445 491 1814 466 1166 496 522 450 1196 499 406 1077 1080 1210 1186 1206 449 1809 413 1104
144 185 1717 1030 1818 1605 1574 1781 268 235 928 1741 223 113 97 1569 1713 1024 2321 238
15 2104 2115 1497 50 2100 2127 80 2061 1393 76 1380 720 2361 53 2030 535 1396 1500 69
490 514 2066 2037 2010 2036 1175 456 1237 1200 1989 470 2062 471 1247 1169 2059 493 2050 1242
644 661 741 752 1424 2388 660 2436 1271 1363 2111 1307 1345 2058 2340 1386 2364 668 2468 1377
368 1774 1025 972 284 1010 1813 233 1609 377 275 1808 165 1687 926 301 387 920 1045 383
368 965 919 1679 394 921 1707 977 1671 1646 895 1796 924 1690 1696 1778 1748 991 1618 1012
7 1463 1456 1371 764 2446 2443 1325 2104 50 1461 38 673 739 89 1410 1493 2344 2399 1423
195 897 1647 222 170 356 885 934 1661 318 2325 1824 179 374 820 1777 2264 236 1781 201
1391 2396 2194 1318 1539 689 623 2186 1390 1490 2136 661 1413 2193 1400 2115 1425 2094 1485 2439
1625 1650 160 219 1728 294 161 368 258 1687 167 933 1623 1781 1729 1753 170 1772 224 283
366 923 1732 193 1623 393 1772 351 914 181 1771 1676 155 1618 981 234 261 870 419 903
516 2009 1272 510 1245 2036 2003 1206 2094 2011 2074 535 1256 1227 1269 1990 1984 1168 1972 2081
1057 1109 187 401 1009 1835 1104 1661 1751 1842 1866 1012 1749 1927 1054 1950 182 1929 1944 1123
364 1763 1058 199 334 203 928 957 151 395 1613 348 1581 1785 997 326 1013 1786 1610 355
198 919 1779 2254 1005 1003 1702 1646 812 1677 1754 987 2306 841 155 156 235 1736 1795 1669
493 524 1284 1177 1115 486 1276 2450 1993 1229 2429 1287 1206 1170 2083 2052 1224 2456 1209 1274
1155 1974 1142 1183 1955 1932 1936 1929 1215 1162 1992 1918 1956 2011 1158 1981 1962 505 1176 1972
2305 2341 2354 1364 2319 1013 793 672 1800 751 43 2262 1561 42 809 140 0 1435 1006 1453
1024 1073 1028 1109 404 1100 1011 963 391 1079 1004 1779 975 1849 378 1022 1088 407 992 1013
1508 2348 701 2202 2373 14 1525 2360 673 1425 2334 118 1553 38 702 43 1546 88 753 2260
403 1038 1757 1859 1854 1810 1006 1636 1805 1014 983 419 355 1083 370 1824 1752 1731 1814 996
2296 2321 2232 2171 2328 2295 2299 2255 2179 2219 112 108 262 181 97 306 2342 2313 2152 2197
643 2346 2362 2323 1382 2359 749 2475 2317 2411 2236 2318 1492 615 814 637 1512 1231 722 1562
1577 1749 204 307 1675 409 1561 1685 230 1790 136 1669 216 2255 1765 376 205 1806 275 93
1202 2034 516 2035 2039 1259 494 2041 1276 2462 2464 622 1270 634 2425 1325 646 2090 504 2075
380 1624 933 987 206 911 1636 941 977 235 1673 209 980 1676 1762 329 174 383 362 1051
1700 1800 1720 386 414 209 341 866 1027 1775 220 337 1678 212 1780 403 1735 1749 161 850
1694 1731 419 1671 164 1591 1708 190 233 356 1756 260 1668 1792 364 214 242 148 165 200
643 733 1383 599 589 680 2012 2431 748 1501 2123 696 2062 2048 573 761 1302 2064 730 2426
744 2330 1512 1431 723 822 1439 2320 1453 2130 676 817 1414 1484 1443 2381 1559 2474 780 620
604 1232 2471 1427 1347 1317 594 512 1290 1418 1437 1276 1197 2429 2460 2001 1411 536 2368 2004
1415 2419 1247 758 2414 22 2115 2098 1358 37 1408 1296 2394 1402 742 1288 0 682 1273 626
1848 1933 1093 1898 1019 861 1888 1063 1046 1825 1934 1835 1816 1906 1969 1086 1832 1084 1877 1882
712 776 738 1535 622 676 1393 116 594 1398 7 1432 1488 1520 710 2362 789 751 661 81
957 990 1063 1664 289 404 393 973 929 909 991 329 938 1611 334 387 1054 1666 1660 400
772 1449 1443 806 1377 1332 2117 70 1433 41 1462 1373 1477 1448 2118 8 777 676 1492 783
1488 2401 86 7 2119 1474 2220 25 39 2420 2121 718 1454 38 2356 1487 563 2428 1380 1521
27 1383 1446 2088 759 2091 1256 101 2359 2115 564 2381 761 1385 1366 102 2347 2336 746 680
1525 1538 1517 1434 1386 1521 2212 89 1445 1378 2231 1435 2217 2386 686 697 721 2324 2251 1528
192 813 284 68 304 713 838 684 796 916 1743 1720 824 1645 37 166 676 929 1680 696
1605 1748 432 2286 1673 347 1682 243 220 119 189 173 1668 137 124 140 1708 1706 389 205
760 2359 1532 1483 1447 1462 2215 33 39 597 742 637 1544 2395 2116 1489 91 1526 1478 1419
1284 2107 2112 54 1381 567 521 2429 744 2406 593 11 600 612 599 619 2464 590 2106 2412
320 941 236 1717 350 1584 940 381 195 1639 1673 352 1679 1792 1655 944 1761 966 1578 1582
1271 1296 2103 651 2024 639 633 617 2107 2071 662 2048 588 1250 2032 570 2468 2128 1254 1270
417 1828 1770 399 1677 387 1614 1752 428 1782 157 1619 193 1042 1119 375 1832 1805 858 188
1276 1309 1402 1258 540 667 541 1222 650 2382 2377 1422 1372 1364 1389 582 1239 591 664 1347
1307 1373 1254 609 1458 642 675 568 1453 2022 2028 2113 1270 611 610 1495 1391 1472 658 1284
159 812 96 887 2340 265 1792 1731 188 61 1661 1809 836 252 243 873 676 50 1635 1774
9 1442 2084 1480 2392 745 1441 2119 2123 1310 1445 755 1389 1355 21 1391 1384 2111 754 2087
961 1627 168 404 1637 293 1026 1643 356 938 318 371 256 312 1657 416 252 355 906 277
637 715 767 2365 100 632 2454 775 1297 2010 765 2338 1302 2336 752 1461 2467 1535 1317 2366
1090 1850 1124 1016 1114 1896 421 1941 1020 1925 1847 1042 1014 1923 1942 1038 1087 1047 1839 1070
177 817 90 872 216 1654 1768 2346 1625 240 1632 860 831 843 193 2339 1683 101 160 1818
1002 1640 1643 1599 410 940 338 1063 269 358 243 192 1608 377 346 1061 402 1654 919 315
1474 2138 2131 703 1490 1413 2400 592 2402 618 1458 2109 600 782 724 722 2414 18 1338 1434
2088 2098 1241 1423 24 1435 9 26 13 2028 1431 1239 2385 33 2070 2374 63 25 675 2451
224 1656 302 1655 247 416 2277 413 1781 969 904 2308 174 1713 1688 807 181 163 2282 2313
15 570 2440 1443 1414 1459 754 1378 1485 2364 1408 1387 1308 793 2449 1457 1481 611 616 81
1712 1748 229 319 347 1785 1788 400 366 259 361 333 1809 1603 286 163 1695 431 1805 196
975 1010 914 372 357 1027 413 364 341 1080 1045 919 343 962 1796 1058 1827 1670 1055 922
101 1542 2392 2236 1504 1502 2388 1491 1545 143 1529 2346 70 64 2206 103 2342 2215 726 2383
98 730 85 2133 2352 19 577 786 67 2359 2289 775 745 2357 819 1417 1578 1424 610 1379
180 907 1699 863 1694 1732 238 2264 853 328 253 888 791 904 1819 1806 1823 280 251 200
977 1648 232 332 1030 1759 983 361 1003 995 207 932 225 1773 426 233 952 1006 1672 1622
1508 2384 2356 2416 774 1510 2184 617 718 78 599 1311 1437 559 776 2402 2259 68 2470 107
2408 2426 543 704 1543 1288 2153 2189 1454 2150 651 2457 2172 1238 1277 2077 1496 1289 1250 1257
