1903 1955 1901 1836 1868 1989 1791 1859 1965 1954 1805 1837 1839 1933 1788 1820 1807 2236 1928 2237
313 1648 1613 1691 1747 2274 1641 351 1663 1690 2277 1667 1702 294 1592 1632 1579 3350 2290 1583
1325 1454 898 1390 1492 1339 1376 833 915 2332 834 764 1348 1315 160 1314 1313 1434 156 1447
1344 1371 1432 1384 1460 2386 1311 2339 1400 2439 2445 1434 2389 2351 2481 1327 190 1476 1323 212
48 618 34 1247 5 1194 622 651 59 666 1236 580 3457 39 3432 701 636 3419 44 3485
2656 2844 2805 2708 2635 2853 2752 2687 2721 2711 2854 2750 2754 2716 2859 2728 2719 2640 2796 2718
1048 1231 122 48 880 822 1296 671 967 1248 729 115 885 924 717 1303 38 639 1028 674
98 1050 799 956 76 695 1235 907 738 736 857 94 751 870 1221 1090 1137 641 1192 1051
1 63 574 625 1181 39 661 603 695 1157 30 3493 667 3477 1190 1198 3458 1246 83 31
2767 2798 2853 2847 2796 2698 2744 2850 2672 2734 2731 2761 2839 2678 2795 2650 2814 2669 2828 2671
176 1388 1415 1382 2355 1485 1309 1430 1455 138 1488 2307 242 2301 1457 163 2318 829 2386 225
1338 2474 1479 2514 2453 1319 1367 235 1459 2510 1428 1396 2439 1378 1352 1313 191 1467 2421 1366
980 1025 791 1012 961 1010 1055 950 1276 747 812 732 880 718 141 1280 809 1037 942 731
714 1278 780 1223 799 3645 1298 92 1209 971 695 61 1044 1063 770 1158 751 94 880 791
1527 1543 1685 2328 1629 1563 1747 1599 1754 1757 1530 1702 1575 1592 1484 1529 1670 1486 1726 1655
74 1156 3457 3656 1058 3433 19 1292 1060 626 1287 693 1209 1175 1294 104 1261 1214 1278 622
481 3343 3393 485 3355 498 3339 3348 3357 3274 3284 3366 3341 3317 3301 486 510 465 3349 3395
2023 2059 2035 2210 2241 1984 1977 2020 2046 2215 2026 2062 2246 2217 2004 1976 2095 2102 2237 2029
673 1135 1283 3461 41 1091 662 1214 671 678 1282 1189 630 3450 1133 710 1164 697 688 624
332 1749 1768 2281 1532 316 1677 1737 2300 1774 1701 2270 357 1700 296 345 359 305 1525 1755
727 757 946 1302 862 139 833 942 785 1317 780 1300 775 787 814 147 128 961 160 986
3492 3543 3589 3442 11 558 3583 3640 57 3507 3588 3572 42 29 8 3505 3639 3647 3508 3481
594 3535 555 550 3634 554 3659 3463 3479 3512 3631 7 3549 548 606 3448 579 563 3398 3630
308 1636 1650 1658 2274 1542 2287 1630 1552 1756 291 2311 1631 2252 2273 1745 1612 1646 1770 1684
751 1029 1049 1255 962 1198 719 1202 912 1249 138 1209 886 1024 752 746 3652 826 874 862
802 1313 1222 740 113 1033 932 775 1330 1442 808 94 767 734 779 911 1259 1243 1239 861
2311 2328 2291 1405 1557 1510 231 1512 242 1366 1562 2356 1377 1570 1547 1379 1402 1447 1523 1565
3602 3616 591 3627 3550 3512 3605 3513 3522 587 3594 3533 3523 3544 3585 588 3615 3589 3511 3563
831 1286 79 1267 771 161 1042 739 989 1293 1090 1128 122 863 1041 799 152 711 934 836
1822 1867 1889 1884 1956 1906 1807 1779 3372 1872 1869 1775 1819 1953 1795 1903 1802 1827 1893 1891
2601 3003 2629 2605 2938 3040 2557 2996 2592 2993 3035 2614 2937 3022 2556 3031 3007 2599 2950 2998
3541 3564 3644 3596 3532 3528 3618 3627 607 3585 580 3503 562 606 3623 3506 581 575 601 3599
2105 2173 2204 2133 2069 2198 2107 2168 2066 2131 2217 2112 2100 2202 2143 2205 2085 2199 2169 2074
197 214 1478 215 2318 257 1452 1384 188 1481 2303 1321 1490 162 1332 1328 261 218 160 205
608 3635 36 3481 3529 601 3473 3563 544 3658 552 3653 550 3564 3469 567 607 3518 52 551
1035 1222 103 1075 1293 948 101 729 78 108 798 632 737 915 11 1199 696 962 688 961
2875 2961 2511 2550 2876 2542 2978 2567 2864 2913 2869 2559 2500 2508 2937 2588 2959 2587 2580 2935
1659 2296 2282 2266 1627 2319 335 1546 345 1609 1703 344 2298 1701 1666 1681 1717 1487 1600 1739
1003 1021 736 1069 993 1054 954 137 1019 864 827 947 1284 1088 988 782 1260 145 117 805
3375 3387 3376 3355 3380 3365 1823 455 1619 3398 343 1809 1673 3391 1647 1609 1659 602 503 1640
2084 2113 2145 2200 2185 2035 2179 2042 2205 2218 2213 2114 2044 2053 2137 2172 2099 2062 2081 2198
296 1744 1610 1743 1609 2282 1690 1641 326 1620 298 1648 2266 1656 1785 1766 1576 1660 320 1749
1046 1062 663 1031 834 967 925 1286 741 1170 76 1261 115 885 1133 1195 1276 832 754 1096
1848 1895 1845 1924 1791 1795 1787 1862 1844 1907 1885 1950 1816 1868 1811 1842 1860 1829 1803 1778
798 1240 950 3661 3641 835 49 837 1143 1021 1045 824 1301 1285 1182 1201 1128 753 11 639
3516 3539 548 3623 3477 3515 597 570 556 609 3642 3567 3626 3590 558 3521 571 604 3635 3640
1624 2270 2299 1610 301 2291 1771 1665 1598 321 1769 1404 309 1429 329 1660 1433 318 1645 1740
86 1147 1081 1228 1047 1222 1189 1051 630 137 1192 800 668 818 42 1142 1246 661 120 1290
113 1264 940 817 656 648 1084 833 1055 936 1241 1244 837 739 722 789 1184 783 818 890
45 1215 788 83 3473 3641 1220 3492 1086 1208 674 101 3646 1285 602 817 1238 3486 115 831
1641 2298 2258 327 1600 1718 304 1693 2261 1593 1652 1568 343 1570 1623 2270 300 2305 1616 1541
754 1036 849 1304 1310 1017 1019 814 142 1035 3647 1326 90 108 1238 807 1325 800 128 1230
177 245 274 233 226 178 1302 1356 1348 1359 1366 1411 1463 221 134 264 161 1363 1310 154
2930 2961 2496 2551 2905 2524 2935 2955 2941 2912 2914 2881 2895 2913 2530 2538 2987 2929 2485 2517
1670 2301 1595 1473 1626 1700 1561 2273 1653 1627 1394 1705 308 1587 1652 317 281 1441 1589 1392
1419 2358 1316 1386 1475 1331 2389 2303 215 1371 1502 2266 1413 1363 1445 1422 2335 1375 1324 194
3361 3395 369 3399 505 3354 482 3400 3386 3419 3398 569 458 464 573 3353 509 574 556 3393
622 652 3499 3464 49 3440 573 620 1260 1214 637 3417 3396 641 676 563 84 616 711 1232
685 1135 1205 41 1222 1269 1085 712 627 22 79 1259 1187 1234 1029 613 1043 684 131 3438
1370 2327 1420 1523 1365 1468 196 1475 207 2386 1526 2318 1332 1455 1409 221 2384 1458 2368 1411
665 1268 789 825 3463 103 14 771 1201 995 17 3430 1209 1 72 1187 3663 844 752 147
1741 2289 295 1505 2304 1597 1614 2268 1703 1777 296 1781 293 1650 1503 1689 2296 304 309 1733
1039 1201 745 971 1058 1052 111 759 941 661 1294 1301 760 1213 949 922 3647 112 140 1259
595 3650 3446 1047 80 3584 3426 3610 3661 1269 1057 3400 642 3564 1271 3655 619 1184 1289 617
129 1286 1000 1306 996 997 1228 1004 978 964 657 815 113 1170 1127 850 663 1175 773 1188
112 740 82 998 898 1027 121 877 1143 1257 1178 1285 95 130 1052 99 986 1070 1185 717
579 3549 6 3522 3465 587 3597 3620 3651 8 598 577 3548 3536 629 540 3582 3544 31 3625
2516 2542 2546 2572 2950 2496 2488 2504 2540 2500 2501 2924 2554 2946 2478 2954 2934 2479 2910 2486
191 1326 1475 1349 1436 2340 871 1457 158 1373 1453 219 1363 235 1433 879 943 1421 1415 230
2312 2346 1564 1528 2352 1365 2319 1407 1451 306 212 2291 2337 268 1427 1422 2383 232 1476 1363
17 64 1222 3471 3641 3646 31 1226 1221 53 696 1195 1192 621 601 693 55 25 88 600
1061 1210 722 835 1081 3 674 1261 1150 3469 1036 1281 1075 1028 3642 720 24 679 996 108
1258 3653 1279 665 1066 776 579 652 1139 3501 1270 837 1030 588 1280 1123 791 3538 3542 1129
1471 2372 1416 193 1338 1335 1345 182 1420 2342 1434 1461 2331 2339 2388 2322 1399 222 2330 183
198 1391 1347 2265 1445 1368 194 2342 2349 197 2309 1486 228 1474 169 186 1403 2313 1465 1462
1589 1774 1541 1676 1733 2298 286 2274 1730 1805 1724 1534 1536 1656 2255 2290 333 290 1683 1817
1329 1443 210 1317 1314 1462 1446 1507 939 232 187 1326 900 869 1313 2346 2381 2299 161 1361
3033 3060 3096 2599 2598 2625 3100 3039 3090 3029 3017 3084 3007 3076 2996 3071 3063 2983 3069 2616
175 236 1441 1457 1392 1347 1329 2340 1351 1353 2344 234 1447 141 1411 1366 196 1395 1480 249
3350 3357 1673 1662 458 1649 567 1671 3352 341 592 3379 3321 352 331 3322 1614 1636 451 1620
227 1453 2271 217 1476 1323 1492 1425 216 1318 1413 1377 2356 2320 1353 1502 1328 241 1479 1378
113 1088 1257 1185 1263 1108 857 1210 725 1154 1305 96 1014 85 1241 858 739 652 665 842
2605 3006 3019 2992 2630 2617 3010 2627 2572 2606 3032 2559 2632 2981 3014 2565 2577 2555 2568 3029
352 1608 1777 2292 1541 1670 331 2273 1744 1772 386 3351 1684 1539 1594 369 2277 1591 332 3360
2985 3006 3046 2594 2974 2574 2615 2598 2966 2957 2581 3036 2590 3015 3010 3001 2623 3011 2531 2588
876 949 995 1294 144 962 980 853 132 1037 1309 145 1003 1048 826 984 759 934 941 850
1613 1631 347 1549 1751 1538 1596 1633 1771 332 1733 1536 1749 1628 1670 1555 2291 1540 328 1541
2533 2946 2599 2507 2979 2983 2500 2592 2555 2990 2958 2497 2572 2538 2541 2584 2498 2493 2984 2955
723 3653 75 738 102 835 1216 110 104 152 867 875 1280 3515 754 859 1300 592 915 82
1211 1274 989 31 818 1064 113 163 1213 1147 1218 87 821 53 152 694 1263 1278 836 971
850 1208 113 1020 919 923 873 1041 1076 765 724 963 1308 1245 1021 79 666 759 951 1181
1022 1287 1199 1252 799 972 905 66 865 1291 1257 1279 924 1276 137 1040 147 1191 688 1054
1847 1884 1827 1918 1815 1960 1816 1974 1882 1781 1980 1929 1841 1854 1914 1822 1798 1904 1842 1958
926 1291 808 1266 1137 1281 893 798 1235 896 1248 743 695 789 698 820 933 924 831 1125
282 2252 2267 265 277 298 1587 301 1577 1511 1592 1538 305 227 1534 309 2277 238 2314 295
1133 1262 1183 67 1251 96 66 1077 118 1208 806 842 932 1257 1078 797 1075 1061 1194 719
1512 2257 1623 1737 1534 324 1631 1406 1567 1759 298 2346 1743 2287 1732 1546 1763 1747 1571 1482
803 863 86 945 136 846 108 1318 832 977 1268 1211 137 1190 155 760 930 957 1193 1208
796 1201 1235 3656 837 874 1303 713 1028 757 933 148 828 824 1237 1025 789 1244 1215 950
94 147 1240 645 734 1244 116 850 692 917 74 1312 153 884 1044 736 800 709 71 841
554 3389 3429 3425 3381 3391 495 3419 3527 3422 346 335 341 3431 3297 3542 570 3413 586 3453
1397 1442 2270 1483 199 2389 1475 237 2304 1470 1345 1324 1472 2310 1453 215 2367 1330 2269 1514
1608 1686 336 1585 1597 334 2264 1683 1766 2301 1639 2266 1669 1759 340 2290 1751 1677 1590 1782
844 1055 878 826 1295 850 714 915 1019 3655 906 896 770 711 1190 1301 3651 687 852 75
984 1301 1283 811 102 795 731 909 926 1290 945 834 163 132 1274 739 792 895 784 820
569 601 3386 3437 3647 18 40 3462 3394 587 3645 548 3627 35 558 602 3388 3644 3559 3432
269 2300 1680 1704 1660 291 317 1598 1736 271 1654 1585 1732 210 1427 1644 1601 1481 208 225
481 507 3358 505 522 463 483 526 3377 3365 543 524 491 545 529 504 477 470 451 3419
153 1308 727 753 718 96 1286 783 1026 928 1323 732 902 844 863 207 1288 857 745 819
2389 2409 2403 1395 2357 2459 2446 2457 1438 2440 1397 1392 2412 2396 1443 1385 1399 2436 2424 2475
1532 1743 1726 1569 1552 1578 315 310 1543 1639 2368 301 1665 2295 1501 1770 1633 1758 1669 1623
997 1027 103 1269 1025 151 1063 733 740 1263 830 958 838 919 922 109 871 1297 1270 917
2384 2403 2469 1415 1496 2358 2352 2344 1435 1444 2372 2444 2378 1407 2467 2438 2367 2349 1456 1469
720 945 1049 1276 107 925 903 717 826 85 825 801 843 678 743 1050 714 3652 876 1055
724 808 843 938 989 1292 999 763 839 1258 885 877 841 993 1276 880 3663 804 828 981
168 1320 1468 136 1370 789 1441 122 729 190 1332 1372 783 913 885 799 199 143 835 1412
1213 1260 697 1064 873 683 93 662 1139 794 1030 1090 872 771 52 805 3 1089 1040 102
2064 2075 2155 2046 2170 2027 2008 2148 2158 2207 2101 2145 2211 2103 2176 2018 2072 2063 2212 2028
1022 1297 1217 1152 121 855 96 743 163 144 714 1299 90 833 920 1195 1052 929 899 803
841 1206 1302 833 756 151 736 1137 126 1063 1276 1279 686 891 749 860 918 79 888 1312
1129 1215 70 1271 1135 3467 0 3643 835 1225 1209 1294 1196 817 106 686 1099 1272 1195 1049
34 585 73 3533 3431 3452 3561 559 655 579 3575 3585 3391 3594 3389 1244 1208 3437 3648 3498
345 1766 1621 321 1610 1627 356 1770 2269 318 1608 1622 301 3352 1557 1567 1744 1690 1767 1537
143 929 1026 804 121 860 989 192 845 113 738 127 918 715 128 933 865 868 1040 1041
1170 1293 163 1193 1070 946 792 1200 1084 1049 691 728 1278 919 988 840 168 836 1134 1026
2897 2960 2526 2890 2863 2993 2952 2904 2973 2945 2488 2540 2551 2940 2508 2900 2953 2531 2908 2921
1005 1030 1248 912 966 147 3661 1277 1000 115 989 136 1240 116 119 1033 824 121 981 1303
87 101 1146 1144 1181 715 707 851 116 1229 58 1087 1206 1192 1142 617 795 1195 678 1304
581 3487 3459 620 3432 8 595 3550 3565 3563 3455 539 3510 3386 605 3559 3522 3357 3504 3441
1917 1973 1951 1942 1992 1905 1960 1909 1968 1914 1884 1946 1969 1890 1922 2001 1918 1875 1954 2022
739 1293 914 847 811 1248 129 1007 1134 994 705 1016 803 86 962 869 751 725 1198 1153
1506 1528 1519 1549 1738 1494 1409 1597 2337 2357 1562 2280 1752 1390 1423 2283 1407 2356 1444 1594
96 1306 741 929 965 1296 638 967 1313 801 66 769 823 878 1138 1031 924 1056 109 907
848 1256 850 1282 1088 710 821 1229 823 1191 645 886 734 122 3654 903 739 1208 102 803
325 366 1774 1630 1588 1765 1748 1639 1718 395 2262 444 2282 2284 3385 1711 2268 3367 1719 404
89 831 702 749 1202 662 1161 161 1243 734 682 829 1159 1045 1048 883 1029 1271 1065 792
1416 2350 218 1341 2327 1464 1439 1320 211 233 1500 2367 1531 2348 1326 1501 2363 2331 1430 1493
882 1051 1330 727 851 779 850 1179 790 1297 922 1173 963 1066 1185 1217 768 760 758 1266
2748 2774 2646 2704 2657 2645 2782 2732 2721 2854 2742 2862 2833 2792 2684 2865 2734 2810 2719 2777
317 1754 1677 1514 1655 1731 360 1652 338 1666 363 1685 1591 1604 1770 1639 356 294 1584 1676
732 999 1309 100 1032 978 1011 862 1050 1278 141 1303 810 147 961 871 725 1001 816 1067
3527 3577 3658 3519 3552 3617 3619 3500 3591 3562 3609 3654 3584 3502 578 3616 3496 3553 3557 583
3588 3617 3566 3527 3517 3583 3554 3536 601 3526 3612 3584 3636 3516 3543 3518 3560 600 3622 3571
1982 2010 2004 1963 2236 1991 2019 1921 2026 1962 1999 1901 1900 2212 1965 1979 2022 2068 1903 2011
712 1171 767 1291 763 73 703 1043 1150 104 732 91 1270 1067 761 11 31 1212 771 837
2045 2063 1949 2210 2019 2072 2029 2050 2246 2054 2006 2047 2242 2060 2013 2247 2073 2001 2009 2032
673 701 814 3649 625 1044 1054 1149 1147 827 3656 771 114 27 4 1056 1176 1033 1197 695
1860 1907 1930 1862 1878 1801 1838 1804 1972 1902 1987 1962 1889 1887 1797 1812 1973 1824 1890 1983
607 3433 585 29 643 3414 3522 3492 3548 3524 662 3639 590 55 3541 626 32 3532 3494 601
228 1426 1414 2264 1468 281 2315 177 1509 1436 2310 1499 1497 2372 1319 2390 1392 2350 2358 2388
