3 401 362 86 67 304 281 58 116 28 157 151 395 290 288 15 65 408 377 392
227 236 273 196 244 364 380 287 174 249 176 271 247 294 281 373 170 291 253 279
85 358 329 297 13 9 296 317 343 315 369 374 25 279 341 388 92 460 268 368
62 473 462 56 476 79 279 295 325 455 361 84 39 373 48 478 3 342 471 8
134 375 139 69 126 107 279 248 50 45 66 276 297 253 377 300 18 6 298 278
236 282 358 58 38 192 249 225 285 379 278 373 29 20 28 193 45 372 370 268
51 349 326 273 17 294 352 313 65 373 276 54 303 375 11 63 310 48 49 35
79 370 237 393 88 463 392 84 93 63 151 91 37 363 458 386 472 382 145 20
174 240 162 198 173 137 204 242 151 195 197 209 267 196 243 140 190 280 150 380
105 420 376 385 110 17 426 394 407 434 112 430 367 436 0 388 390 408 10 88
308 342 280 276 343 285 312 12 287 27 355 45 294 42 309 313 368 365 371 35
249 279 52 33 277 150 172 158 380 11 225 163 300 351 364 215 161 223 309 302
118 133 249 170 397 8 0 137 406 384 263 414 1 162 5 165 87 383 121 377
447 473 10 475 457 63 470 448 422 476 54 434 441 454 461 450 451 429 16 18
294 348 267 25 245 376 263 298 347 268 238 319 38 306 297 367 300 302 265 29
127 395 5 141 377 378 375 119 142 383 90 108 412 135 87 404 128 385 393 133
433 458 20 454 462 447 423 82 68 77 11 60 28 452 469 12 464 459 438 23
41 372 272 1 253 287 400 18 230 72 308 373 323 132 37 73 59 34 47 134
20 437 451 10 284 95 3 43 66 73 371 464 421 273 417 51 277 89 308 68
41 308 344 285 287 72 23 57 336 338 63 272 300 78 267 342 45 4 30 296
98 371 220 87 358 414 223 73 280 219 375 229 157 382 145 361 99 369 40 274
125 139 397 385 155 147 244 168 172 124 4 381 407 90 418 118 393 166 372 410
287 340 230 69 29 22 232 276 373 227 333 68 226 324 0 332 315 291 366 292
97 382 249 160 235 414 115 401 409 419 415 423 106 82 233 379 19 374 117 424
221 237 176 199 202 201 273 207 374 276 298 371 287 288 378 269 215 253 285 274
282 359 52 240 268 68 292 279 229 274 70 304 331 277 313 71 309 50 66 1
211 219 191 242 201 253 264 247 175 260 212 257 199 284 234 220 231 265 235 266
283 364 371 43 79 380 101 319 17 28 285 45 50 260 346 58 63 4 336 374
449 460 425 69 13 441 84 433 477 450 76 70 85 79 64 428 74 71 27 86
441 482 444 58 79 478 479 9 452 86 464 468 443 18 21 74 472 480 84 4
424 447 469 0 414 416 6 431 429 85 439 105 95 425 1 89 421 13 7 482
180 197 233 160 182 265 258 189 211 151 188 208 229 167 257 238 217 178 246 226
302 325 357 330 348 370 270 271 353 40 289 350 234 49 277 240 362 318 313 346
80 456 474 25 47 71 59 89 75 356 382 31 362 37 102 92 78 85 98 434
255 273 173 296 137 239 171 37 62 184 150 143 274 213 300 30 201 175 5 293
137 245 144 387 112 138 231 190 205 217 243 394 187 103 287 167 267 248 228 211
71 370 92 356 80 39 11 19 146 297 0 466 12 7 96 24 390 125 31 95
32 268 229 292 286 146 197 341 80 259 156 59 285 228 70 256 205 166 368 350
305 320 7 2 311 340 367 353 280 64 315 297 47 60 44 20 277 31 58 343
84 457 100 458 473 54 445 442 382 81 91 385 415 3 355 384 24 454 375 16
43 77 479 30 274 369 467 79 81 63 9 7 28 462 329 472 363 319 69 469
17 380 145 246 473 122 139 25 355 3 45 275 50 231 148 32 73 252 375 151
177 257 193 191 197 278 258 379 131 267 144 203 276 190 245 175 265 171 389 261
6 54 69 334 473 83 471 77 143 325 314 336 267 392 303 367 430 347 120 92
22 478 88 21 264 324 381 266 329 5 282 342 83 304 451 443 278 64 265 294
25 80 35 450 356 453 36 72 361 269 359 8 11 17 462 70 85 29 477 26
70 82 350 365 479 50 455 472 23 429 358 86 383 31 21 468 368 463 65 357
256 272 252 199 387 165 185 144 151 140 176 157 220 390 386 191 161 21 384 22
291 363 361 281 265 238 268 65 245 319 38 90 367 310 316 305 333 351 12 327
2 392 105 359 102 131 304 247 428 62 89 91 9 241 297 134 128 242 267 0
142 406 123 401 392 136 1 248 272 5 240 242 246 100 175 420 269 7 120 131
2 289 401 416 130 315 13 229 15 12 361 10 300 412 328 233 299 310 287 111
24 273 18 465 380 202 314 36 330 28 69 371 332 70 258 15 358 324 39 51
140 157 246 398 254 185 245 183 162 177 113 193 385 101 268 121 251 247 132 380
237 378 263 246 3 103 93 0 189 169 219 81 158 195 18 278 412 204 73 136
71 452 59 367 469 372 44 12 30 6 376 358 65 60 431 463 373 456 479 72
94 428 394 416 409 434 72 389 390 398 397 421 92 378 130 452 14 96 128 16
23 454 36 27 447 61 75 280 466 345 270 299 26 428 54 304 341 330 19 477
198 233 175 252 287 292 192 249 376 244 196 161 288 181 260 212 230 365 262 274
160 257 389 280 250 373 123 270 390 148 285 370 218 143 249 256 209 380 136 201
47 344 281 290 334 311 16 48 300 316 301 372 274 328 34 52 363 368 70 40
16 384 372 254 110 314 367 378 160 468 244 272 70 268 430 296 90 308 94 85
222 270 363 150 145 147 30 260 245 235 265 295 229 236 294 140 224 3 268 307
293 367 141 151 236 282 81 9 376 44 274 21 99 106 105 33 41 343 280 347
15 376 143 387 142 152 241 453 104 12 372 284 475 140 36 396 59 264 294 476
41 291 300 237 243 306 312 305 244 61 292 347 25 297 357 30 343 321 43 310
410 425 0 407 98 395 447 390 152 389 100 95 143 147 433 386 101 125 379 116
157 174 125 401 390 132 389 386 371 396 375 244 393 249 139 253 261 403 180 236
303 339 277 329 352 24 359 3 58 341 363 292 365 32 333 295 318 342 30 298
246 294 225 367 214 170 23 223 381 156 58 167 267 237 309 242 39 280 293 387
247 277 33 42 214 240 294 203 212 149 358 26 306 145 4 49 153 159 315 143
286 374 96 298 346 69 125 160 234 289 75 396 333 260 392 380 95 393 249 153
109 382 380 402 167 121 270 368 370 79 1 90 248 420 128 162 422 241 117 411
63 364 32 75 483 22 454 286 40 297 269 44 381 282 34 20 267 453 1 368
84 97 469 75 430 19 398 376 57 127 13 123 426 0 82 356 65 355 129 117
8 299 106 398 377 62 131 282 335 362 71 477 480 135 121 95 275 337 314 364
19 38 47 332 333 460 348 448 7 44 359 320 370 309 23 10 25 317 456 71
30 316 81 38 371 342 333 49 285 73 326 279 359 377 313 463 356 297 276 31
207 235 196 298 225 244 220 255 297 379 209 261 238 176 227 371 273 205 180 290
452 478 451 424 444 74 63 481 473 20 12 446 62 58 89 470 8 9 66 69
285 309 303 31 288 47 56 221 358 69 353 15 272 225 265 223 312 11 20 22
37 305 288 24 278 348 57 346 340 69 34 1 298 352 339 356 347 373 71 336
321 367 348 349 294 290 262 41 104 27 17 297 345 91 57 65 7 352 12 73
447 478 79 6 462 72 471 475 63 461 9 445 60 472 456 453 467 441 73 83
139 380 149 159 146 122 83 109 135 156 366 1 20 144 169 110 24 266 130 143
186 210 248 162 226 246 225 260 159 237 257 229 197 242 272 189 239 258 178 164
12 474 350 91 375 297 473 266 448 31 60 368 33 277 53 384 242 58 466 482
141 166 198 143 126 236 266 411 262 404 196 128 238 257 7 5 384 164 259 202
407 415 88 141 5 378 129 421 405 131 387 399 124 149 420 119 371 408 430 394
23 462 431 41 435 371 306 472 305 356 61 317 313 30 432 276 441 60 457 270
22 60 448 321 56 302 43 266 78 74 71 7 92 457 301 82 265 20 278 288
59 293 0 315 5 365 310 474 472 363 306 469 10 36 349 286 326 453 329 22
227 251 201 259 284 212 253 209 386 389 235 205 146 382 268 140 279 232 141 239
293 365 243 371 50 36 26 350 342 14 351 45 279 29 70 331 376 235 9 355
98 389 124 107 162 83 380 85 104 2 149 145 129 419 5 16 403 110 427 415
122 136 148 12 248 153 249 119 124 169 109 388 159 267 373 381 410 94 96 92
429 463 0 27 1 467 82 448 446 430 21 87 62 445 432 72 78 93 8 436
97 386 257 384 109 421 259 82 410 247 149 71 151 127 88 391 84 76 262 19
38 374 300 57 26 141 138 299 336 126 291 47 43 5 102 73 411 72 255 77
389 412 388 391 98 256 118 164 162 160 128 102 433 115 127 399 149 419 147 3
111 396 147 421 385 386 141 372 407 139 152 104 393 10 101 96 9 106 410 146
121 369 148 87 32 353 383 287 397 408 3 127 103 268 299 89 298 13 285 43
67 354 54 5 352 463 320 321 71 368 478 476 74 358 275 279 306 75 21 323
137 402 170 164 410 121 168 123 148 390 266 112 156 166 368 100 122 421 102 417
121 374 139 379 356 32 411 417 146 53 155 73 54 65 366 92 103 396 268 147
265 384 417 103 156 258 138 365 153 277 27 278 111 113 221 173 196 412 275 402
18 72 1 291 6 298 97 380 88 481 309 25 16 243 42 469 308 359 13 55
19 275 382 429 82 50 253 229 251 199 463 271 360 13 9 361 236 235 61 217
185 196 182 253 218 174 269 183 195 260 167 191 184 161 230 166 256 176 255 210
233 276 355 190 208 228 256 4 246 64 171 287 198 296 303 6 362 26 226 274
304 324 353 9 15 47 63 303 279 310 351 11 293 373 365 305 291 312 60 311
192 259 178 191 187 199 137 371 200 202 138 151 254 245 280 377 174 169 233 285
197 269 11 248 371 297 21 211 306 144 258 138 192 298 277 376 137 370 357 16
319 366 77 349 36 348 346 58 359 46 297 360 21 107 320 52 32 275 295 94
1 294 146 364 242 278 75 316 82 95 334 15 280 402 437 43 413 112 382 404
49 63 349 362 280 71 16 368 452 53 78 360 61 38 88 279 371 273 346 482
111 413 426 382 387 411 10 421 97 418 417 150 151 89 94 384 381 395 404 106
233 293 68 238 340 235 38 34 209 355 243 228 241 211 225 41 287 226 30 348
259 385 386 231 2 265 277 204 137 108 3 416 232 116 168 419 410 163 283 11
100 399 147 421 365 159 140 2 133 146 373 409 12 138 380 95 98 366 379 86
161 168 370 207 179 244 242 245 246 131 130 144 205 241 369 187 141 194 196 254
189 266 287 141 28 135 220 359 201 231 142 176 232 210 177 179 138 147 281 301
144 384 2 108 372 165 147 244 243 176 388 1 254 396 134 381 273 266 245 402
19 81 73 84 71 11 460 289 359 46 426 303 77 354 452 457 356 479 38 107
185 253 376 231 269 242 267 173 164 261 271 254 171 226 245 272 248 388 144 258
149 267 398 211 209 371 145 392 285 159 223 287 212 175 116 8 405 200 80 217
2 396 388 63 411 17 99 116 391 367 102 403 138 376 24 298 137 283 3 420
57 345 370 303 477 32 325 482 59 18 50 483 363 68 54 337 84 274 307 46
59 467 469 48 306 288 46 465 327 5 435 300 342 432 28 338 72 434 2 20
211 224 264 177 256 369 287 285 255 276 265 195 210 216 376 244 206 274 272 205
34 293 236 337 306 345 313 360 371 321 264 68 230 300 232 38 275 233 226 47
208 248 273 133 238 228 138 260 185 275 262 237 253 283 386 153 200 152 171 291
51 333 56 70 81 316 331 46 314 320 28 48 339 80 73 278 82 459 37 14
446 472 433 468 437 54 459 26 65 18 16 482 435 466 456 447 14 426 58 453
275 303 335 311 354 296 198 267 341 360 356 308 5 58 54 37 22 280 49 236
75 357 298 91 41 284 371 84 465 318 331 59 10 23 29 381 461 479 476 27
140 175 173 272 164 153 159 263 116 399 106 207 389 122 235 264 149 195 1 154
148 172 142 163 209 181 236 107 113 139 239 256 152 254 367 252 400 3 197 248
134 267 17 261 245 387 116 299 202 6 269 10 288 281 20 413 277 167 192 231
8 289 354 85 2 424 310 360 52 82 74 84 305 342 66 267 430 333 131 89
57 338 302 458 294 474 463 282 456 37 48 478 479 42 472 477 46 326 346 76
47 80 81 293 268 10 334 73 312 43 7 463 349 79 360 353 35 328 454 361
277 298 295 250 274 378 260 212 376 327 361 216 294 9 313 247 265 352 209 223
307 325 26 50 5 278 353 15 282 285 54 286 277 30 359 295 299 48 65 49
19 350 283 40 43 453 24 467 282 20 284 57 28 347 353 304 45 16 23 273
142 393 375 372 413 246 404 412 380 149 260 148 113 176 382 11 418 245 250 111
42 276 266 313 18 334 311 43 66 214 68 233 46 61 17 39 2 79 31 211
140 153 182 246 376 242 7 178 159 382 388 260 412 265 401 163 138 169 124 111
47 372 268 228 398 18 304 274 318 360 251 117 224 120 118 252 138 403 325 42
22 461 321 280 86 375 453 326 36 475 80 467 468 70 289 282 340 81 69 93
