38 1121 43 89 1071 1132 15 1080 44 169 1086 1129 1094 45 107 19 35 1044 1115 78
1044 1057 1069 1032 1096 1014 1017 84 171 1061 73 1111 1105 46 43 104 167 1065 147 89
1253 1800 1360 1842 341 1784 1361 306 355 1826 1739 1259 268 1792 324 1846 312 1308 1257 242
424 1968 1995 1951 1840 1994 1896 478 475 404 419 388 1990 1927 415 1943 1985 1852 1974 1957
5 1137 66 33 1148 1166 1131 172 21 1107 1173 81 1126 1130 1155 27 1153 25 59 1154
1385 1474 1382 1268 1256 1450 1344 1432 1314 1446 1413 1333 1414 328 324 1407 1463 1358 1295 1305
355 1802 1257 360 1331 1792 1784 374 234 1847 1271 1742 1826 1864 1836 1829 349 1817 1845 384
693 727 689 707 742 677 656 725 679 662 730 675 672 683 736 667 754 761 703 680
1322 1822 1317 1345 1808 1441 1861 1506 1311 335 367 319 1308 1852 1791 248 1859 1770 1877 1325
248 1763 1734 1695 204 1737 1721 1724 283 313 1706 1782 1719 321 1821 1752 1781 259 209 1742
1889 1924 410 1910 383 1908 454 1920 368 1914 362 1865 1849 392 492 1883 480 1876 1843 448
1846 1870 299 1347 276 392 1362 1254 421 1808 1790 304 1881 380 445 1311 1238 430 1265 1894
827 862 806 844 797 817 819 1721 883 791 870 810 770 865 1556 805 1679 822 1681 869
19 70 1100 1139 18 1133 106 1039 1152 1066 1065 1157 94 177 1075 1083 105 1081 1115 1038
532 615 2046 521 496 525 549 592 519 600 596 573 609 587 490 2023 628 598 650 567
1276 1484 1498 1457 1265 320 1243 1818 1795 299 1341 1371 1247 1881 1845 335 358 329 315 1839
550 617 509 539 637 508 517 613 552 503 590 535 2032 554 608 567 646 538 498 651
660 701 715 669 643 682 732 631 632 694 721 681 684 729 674 675 725 676 699 726
760 781 783 740 776 824 838 807 852 720 825 737 850 808 813 809 826 827 788 812
1257 1869 1260 1271 293 1295 1845 1353 1882 1343 1255 358 420 1900 1840 1788 1818 1805 1506 1313
1261 1853 1364 1814 1847 418 462 388 1264 1806 1248 1789 1282 458 1310 404 457 1885 1830 1864
1359 1426 1417 1394 1313 1496 1352 1358 1400 1839 1434 1437 1253 1271 333 1272 1473 1846 1424 1391
1385 1433 1398 1427 1434 1425 1330 1464 1444 1369 1412 1332 1342 1366 1413 1359 1418 1429 1371 1324
181 1091 203 43 1133 49 1118 1041 137 1058 1077 1046 139 131 174 212 1131 1076 134 179
254 1776 264 318 1740 299 1753 332 277 237 1763 245 296 273 1751 233 1797 240 340 1705
1188 1222 1157 1246 1158 1201 1206 1203 1191 1152 1155 1185 1198 1165 1227 1248 1178 1235 1196 1226
1887 1899 420 388 1919 303 400 1903 487 301 1927 1885 365 307 1847 1891 335 472 416 1857
576 2021 1999 503 557 587 606 624 534 547 517 578 526 473 493 2004 567 549 2025 621
551 2042 582 610 594 556 480 2023 634 2016 626 494 484 555 478 604 625 609 539 471
237 285 297 1769 220 302 1758 298 202 258 1770 1841 248 1776 1729 251 1854 1749 1819 1808
1076 1113 96 1105 1131 1070 42 1094 65 142 124 31 1042 107 141 159 128 24 156 154
1377 1449 1369 1323 1294 1423 1309 1355 1324 1484 1453 1358 1419 1388 1339 1375 1370 1412 1310 1425
130 975 953 923 1032 949 173 921 1001 1076 1038 167 141 156 102 941 1016 132 925 944
1848 1875 1346 382 338 1275 1798 337 1267 455 433 295 345 1791 311 314 436 282 347 1327
476 1911 1880 511 425 500 1972 471 483 1894 2039 2026 1914 1992 1893 1984 1943 401 1888 1915
1679 1726 271 1653 1600 278 280 1652 1724 1662 857 1638 1729 1686 1762 1773 274 270 1648 1610
1723 1782 1496 292 1676 268 338 247 1770 833 1783 1297 848 347 1793 352 258 365 1757 1708
1574 1609 1605 1572 1583 1599 1645 1533 1697 1566 1613 1679 1691 1610 1687 1594 1638 1629 1696 1525
66 1112 1111 1129 44 1134 172 1084 32 4 1081 12 1102 1139 94 1078 90 106 82 21
159 1081 36 141 101 183 1093 1049 1122 143 72 1033 1099 1094 142 89 1048 117 158 74
394 417 366 1883 422 1937 1882 1857 1861 372 378 1960 365 442 1954 1859 446 1952 1944 1967
1136 1150 1173 1096 20 25 1183 1119 1106 47 1163 1152 1132 1186 1156 1120 38 1129 8 1116
1352 1391 352 1497 1466 1428 1460 1358 1441 1425 1342 1388 1474 1851 1440 1452 1855 1480 1310 1345
1260 1797 1483 1783 1497 229 269 1879 341 1320 273 275 1329 1352 1244 361 1759 1482 262 1467
1416 1447 1383 1438 1327 1324 1462 1429 1442 1361 1422 1412 1316 1471 1414 1319 1393 1323 1406 1370
1284 1810 1242 1267 1314 323 1293 1850 1464 1250 316 1475 236 1326 364 1796 351 1495 338 336
306 372 1503 1286 373 1287 1892 1889 1842 1288 287 1876 378 1894 361 398 1905 1241 1316 1252
1061 1074 37 74 1029 1055 1034 1041 41 179 1105 84 159 109 1040 1095 97 1106 1117 1072
478 520 2000 581 1980 469 1931 551 1937 632 555 546 1932 535 482 1884 575 1951 513 545
602 620 536 519 635 546 612 505 521 535 577 539 566 567 604 628 529 613 656 525
336 1292 324 1845 1375 1346 1804 1814 1797 296 1875 1468 1356 1486 1857 1788 1885 302 349 297
537 560 628 2033 509 547 515 505 523 2021 2038 544 494 502 613 634 526 2023 632 602
113 985 956 112 1079 119 1082 133 1074 88 123 969 1006 148 923 111 1108 1017 1000 1030
1860 1884 1862 1324 308 1315 1843 361 1342 1314 357 1304 1925 1917 1272 1296 362 330 1900 1346
304 1751 364 358 355 1635 1243 1759 273 1638 1672 309 1291 1767 258 287 324 1518 1770 1253
1278 1848 398 1327 1294 351 1828 394 1284 458 1484 1799 1470 281 1475 1816 1306 323 1889 443
1333 1350 1398 1278 1854 1297 1327 1464 1324 346 1289 1858 1389 1384 1450 1443 1373 1501 1243 1321
433 455 1958 1905 1928 444 1877 1906 1858 1914 1918 1844 1869 1879 434 459 2001 413 1999 1998
1487 1499 335 1337 1800 1465 1491 1288 1271 1459 1246 1484 321 1781 1272 329 303 1469 1474 337
611 635 665 587 604 537 595 657 562 594 597 620 642 649 550 528 608 640 609 601
461 1896 454 1987 2005 431 1967 1993 1920 1915 442 1860 1845 474 1854 1951 419 1975 1933 369
1547 1610 1589 1692 1619 1528 1628 1678 1672 1562 1534 1638 1684 1648 1521 1615 1602 1557 1531 1526
505 2024 493 615 569 501 470 576 543 2016 575 2040 473 2035 566 627 509 2039 481 584
411 1875 1240 1927 1268 409 347 1867 438 393 456 375 1852 1887 1929 1298 1881 1910 302 1941
1247 1790 341 378 276 1742 1301 375 1340 1849 263 1486 1324 240 291 285 1488 1254 273 1840
391 1871 1937 376 1861 1294 1253 1251 336 1932 430 1281 1246 388 1271 317 1914 320 1878 452
10 1110 59 14 57 1094 1105 7 31 158 176 1056 3 35 175 1128 4 23 1083 1117
351 1357 1818 1348 1269 1240 1292 1373 1834 1795 1267 312 366 1344 1326 1360 327 1341 1375 1274
918 955 988 997 927 962 939 935 906 978 893 980 912 965 974 905 904 946 941 917
579 2047 2037 519 2015 482 500 507 480 490 486 2035 2029 612 2044 508 597 2021 571 2043
374 1802 1234 1813 410 1868 411 315 1324 338 1265 1890 339 1765 1306 258 413 414 1767 1780
360 1819 385 1888 1281 1259 1850 1816 1790 328 1297 377 364 296 1862 1258 384 1841 1304 1780
562 622 537 530 520 596 536 2035 525 512 572 2029 521 541 603 576 528 2030 555 2018
75 112 51 1008 1021 132 1052 115 1080 111 74 2 84 1109 972 36 968 962 1010 72
1900 1921 495 445 1913 478 371 1945 459 1862 466 1890 1880 402 428 1905 425 400 455 390
171 195 176 138 1038 126 1109 1072 189 173 209 207 180 1118 192 1085 1098 1082 1117 1127
366 1790 1742 383 231 1278 355 1740 1745 360 1341 1304 1820 1799 323 1281 1301 1268 234 333
686 709 665 736 715 682 744 664 721 733 716 740 688 644 660 647 712 699 643 656
1390 1461 1378 1420 1345 1440 1478 1492 1407 1452 1413 1417 1323 1370 1315 1376 1333 1309 1453 1400
373 1809 1258 1244 1871 232 1886 1307 1777 1789 1234 1303 1281 240 1796 1299 1792 1288 1287 1790
36 1113 1050 106 1080 80 1141 67 95 1073 2 1108 30 1137 84 1124 1058 90 1098 1067
493 504 1943 2024 1924 1930 577 477 518 2032 509 464 467 591 1947 536 486 2029 512 1949
5 55 42 1156 175 102 1096 12 1119 1122 49 1150 1101 1117 1128 1102 104 54 1162 56
347 1816 1809 1866 1751 243 1298 1800 1834 1789 1799 1870 1274 1360 1771 1258 314 1872 274 310
139 1095 13 1115 69 10 34 129 1114 1002 1067 1096 1037 67 1094 966 1116 1098 20 109
1300 1359 1349 1859 1492 1844 1446 1439 1815 364 1807 1268 1426 359 1855 1399 298 1862 1791 1270
1287 1355 1290 1246 1381 316 1881 1266 1376 1874 1795 1268 1255 1301 1852 1316 371 1450 1827 1293
554 608 581 556 541 2023 507 615 570 591 566 631 2046 525 2048 571 537 627 588 514
408 1902 422 1871 1921 466 1886 1905 386 381 420 471 410 1953 451 1890 1852 438 1888 487
774 805 842 777 814 835 855 776 808 749 759 862 831 793 837 812 819 851 766 844
5 1171 21 1099 8 15 1122 44 81 1098 84 1174 1196 1109 1133 1193 1148 1149 61 22
519 2039 526 476 569 523 2022 618 499 631 553 599 591 511 554 543 2038 538 548 552
1037 1080 1122 1057 997 74 1074 131 36 1026 81 137 120 1125 1000 44 123 24 1006 1022
399 1857 316 1915 1948 1848 1258 1833 1323 330 357 1804 405 1856 403 1291 353 1898 455 355
402 1943 1920 476 413 417 437 448 1905 1867 1880 1872 1846 1966 419 1965 1843 470 1928 404
291 1746 261 1756 331 1844 233 1841 241 1747 238 1683 1716 1686 338 1713 1700 1794 1833 1838
451 1899 479 458 440 378 467 1860 1993 1857 418 369 1902 493 498 390 476 1949 1979 448
166 1045 1112 143 144 1034 1030 1047 192 168 57 75 92 1125 125 66 155 1104 195 194
1295 1881 1493 445 1508 1462 1366 429 1849 1339 1254 1296 364 368 433 421 1512 1474 1480 1824
488 1953 1987 1916 394 476 2033 1941 1936 522 1949 542 538 2035 489 470 1917 416 1948 1950
99 128 113 1086 1024 50 987 40 1040 54 970 1083 1068 31 115 1027 171 981 1044 34
735 756 714 717 809 718 733 749 807 824 776 821 739 750 731 822 823 702 816 737
322 1790 241 1481 1311 378 285 1266 318 1318 356 267 1857 310 1805 1247 1834 1740 1292 1297
1277 1342 1295 1785 1856 329 1450 1803 1783 1428 1278 1313 298 1823 1292 1786 1400 1361 311 1243
1546 1578 1589 1617 1679 1611 1631 1579 1609 1551 1550 1537 1618 1584 1529 1657 1607 1663 1630 1628
294 1865 1764 396 1263 1302 404 413 1512 262 1828 1818 1309 1774 1898 1246 1513 1876 1874 459
387 1899 1927 1910 1941 1833 356 411 1888 1904 1885 1907 358 1873 1881 437 357 1852 1932 380
1237 1257 1865 1477 1809 367 1876 1872 1500 1853 1802 1815 1324 1233 1839 1883 1334 1834 1818 306
550 596 515 619 2031 633 505 525 573 616 2037 534 629 555 584 575 543 2035 565 630
1334 1822 1495 355 1829 1244 1866 249 1389 1285 1796 351 1364 1437 287 1374 1321 1295 356 1349
859 866 814 868 1684 1698 1704 1674 851 872 1665 831 858 1547 841 860 801 854 889 815
132 163 1018 1063 1043 156 144 988 118 153 1034 146 105 999 1014 1091 1062 119 1067 1079
1325 1795 1479 1353 1242 1796 1250 1290 1809 370 275 1785 258 322 1270 1446 352 343 1739 1823
120 976 1049 1031 1005 1057 1101 116 147 1074 959 1113 1097 1011 929 936 1083 947 1030 140
944 978 952 971 928 129 940 967 1003 932 918 991 950 115 955 930 1024 99 113 133
567 606 513 517 612 2047 546 580 2042 535 621 565 507 602 595 643 615 603 550 2046
1687 1710 1624 848 1629 1748 847 1646 272 1609 1689 859 265 281 1644 1731 1546 1767 1693 1652
720 740 785 696 721 781 773 741 687 689 810 742 764 715 753 758 703 694 690 717
165 1109 1053 34 155 1117 1079 1069 1099 78 1098 1127 1105 141 169 1041 124 131 1063 1110
468 1914 1950 2000 1999 1954 1989 1904 1972 1876 461 2019 1964 457 1941 452 492 1959 1920 494
309 1752 265 1723 1884 275 1320 271 1258 310 337 311 1741 312 278 246 1285 1738 315 1855
411 431 1838 1934 1924 1860 457 1973 1968 465 1942 1953 1859 1839 1916 1893 1931 1983 1950 1927
801 857 1720 814 816 827 1689 774 835 1724 1680 1692 750 1679 768 1688 883 813 747 823
400 1851 300 283 1954 440 432 1822 1827 430 1256 348 1838 1890 1298 286 1311 441 1848 1309
1721 1774 287 1755 1788 844 1715 1644 1695 851 342 1743 1676 1830 1672 1709 319 271 1765 256
84 1012 49 1008 99 1019 117 1044 137 1040 1086 140 17 1026 128 964 982 91 965 971
463 1945 442 1899 1959 465 1932 430 398 1984 1906 422 395 1998 1915 443 1989 1912 1928 1875
1697 1729 1629 1634 249 1753 859 1669 837 282 1717 828 1651 1682 1690 1619 833 1762 1613 1676
1308 1467 1293 1323 1455 1260 1857 312 1806 1831 1298 1499 321 1859 1307 1238 1292 319 337 1325
1260 1857 1900 1470 1363 1231 461 443 297 1852 1293 1233 1803 1334 1467 1323 1308 1228 372 1309
1299 1476 1266 1339 1475 1337 1275 314 1811 1345 1847 1378 1786 1344 1280 335 1802 1463 1824 1843
167 186 1092 1065 1069 1105 1096 216 175 136 1089 1044 141 226 1059 199 177 123 1051 150
286 1817 1772 1874 1792 300 1780 240 1798 232 1836 1306 1287 1730 355 1841 246 1827 347 359
1358 1830 1402 1862 1457 1495 1383 1338 1478 1260 1787 1316 1266 1846 1816 1837 1452 1249 1493 1241
1451 1479 1299 1366 1309 1467 1458 1426 1382 1311 1380 1262 1248 1285 322 1503 1355 318 324 1303
434 465 1966 1853 1870 440 491 425 1880 1973 490 413 1850 406 1985 1943 443 1944 472 2014
1658 1725 259 1614 260 1732 1628 1786 1727 1728 852 1720 1647 1705 1697 1677 1665 1760 1687 1693
319 1361 1269 1427 1275 1388 1478 347 1454 1390 1499 1342 1490 1266 370 1434 1285 329 1452 1276
1670 1710 1738 1545 1767 1604 1740 1654 1761 1542 860 1763 1698 1548 1678 1735 1625 263 1660 270
325 351 1492 318 368 1287 1336 1877 304 1755 352 1846 1241 1764 1332 337 1789 1309 1360 1820
287 1730 1752 1652 1790 1659 248 305 1639 1751 845 1831 314 1701 1699 1645 244 854 1758 1733
1132 1143 1162 1153 35 14 1175 1109 13 8 22 1142 17 28 27 1155 1147 46 50 1177
1675 1708 1721 861 1761 1763 1772 1673 1701 1743 1633 1638 1616 858 256 1711 1657 843 1647 1691
348 1804 382 1277 238 274 324 303 1851 1786 1852 236 312 1269 229 351 331 1297 253 1354
1271 1309 1240 1501 1254 1460 1233 1863 1465 342 1846 1825 1329 1472 1853 1263 297 1301 326 353
368 1245 308 1838 1877 323 1321 1785 1298 1866 1257 343 1810 356 1817 1265 1250 374 1858 1486
341 1312 1886 350 1888 360 1779 1253 293 316 1266 301 1361 1252 1377 1833 1823 1817 1866 1376
1365 1446 1452 1437 1473 1443 1447 1356 1453 1380 1415 1357 1276 1451 1485 1269 1470 1279 1418 1273
1294 1379 324 1418 1502 1855 1829 1236 1480 1479 1457 1433 1784 1244 1819 1456 1825 1380 1331 1335
1956 1979 437 1954 1999 1993 1977 432 469 452 420 1934 1976 2006 1926 1943 1927 1964 475 1960
