494 1655 1318 1607 730 1679 63 1313 1248 762 1305 1281 505 749 1707 40 37 1267 1583 1596
680 2113 658 690 2131 1796 669 697 2138 2119 612 1767 1794 671 595 1780 590 2163 1758 692
1240 1981 2071 1963 2096 1247 1985 1275 1253 1207 2093 2102 1243 1792 1202 2003 1984 1849 1232 1990
500 1277 1290 1683 1607 1693 765 2262 1682 759 1305 484 1711 1707 456 1712 1876 2241 460 2
325 861 430 778 424 291 866 316 403 893 373 287 394 794 320 429 329 349 901 292
455 781 87 322 7 363 501 336 445 438 1680 486 407 490 750 1323 1285 1302 319 804
1368 1430 1391 1342 1623 1400 1468 1466 1479 1374 1371 1456 1447 1424 1387 1533 1497 1626 1326 1520
725 2212 595 2171 2246 2152 2228 587 1760 530 2168 2245 516 756 1794 1710 1804 2197 2185 2142
1370 1416 1371 1396 1625 1496 1435 1419 1352 1489 1524 1410 1360 1516 1417 1330 1365 1401 1405 1502
505 2273 1666 763 529 1301 1591 2185 1669 1263 510 492 507 2244 1606 1647 1588 1285 1639 1641
519 1681 2189 1729 544 2215 1736 2255 528 2225 16 740 2190 1674 1621 508 2221 531 552 1655
1304 1319 1510 1491 1531 1534 1662 467 1294 1331 1493 19 1317 1590 1308 1343 1339 1689 1589 511
1387 1442 1425 1351 1347 1363 1431 1540 1482 1534 1405 1406 1375 1480 1440 1403 1420 1331 1474 1513
605 620 626 602 631 1780 589 2184 661 1735 2182 662 671 2200 645 1744 608 2180 2176 1774
749 1661 362 1596 57 533 1278 436 440 31 560 1725 729 466 1256 492 412 738 1304 1666
353 801 53 73 814 328 899 379 429 104 335 151 354 364 819 886 398 389 51 793
1903 1927 1859 1921 1964 1935 1810 1798 1824 1884 1828 1878 1860 1958 1866 1874 1922 1965 1951 1905
487 2255 536 2237 479 1263 1647 1638 1619 2185 46 532 1596 1643 40 744 510 1317 762 1636
1314 1519 1489 1296 1278 1378 1550 1272 1419 1610 481 1399 515 17 12 501 1311 1662 1307 1586
595 703 1773 2118 1778 592 2114 584 2160 1737 2104 620 632 2212 1763 2151 2196 721 679 2164
3 773 1661 1630 1654 792 520 1658 13 1318 1309 737 1301 355 1310 1635 530 753 343 1322
26 451 508 1639 527 57 503 794 337 783 1693 497 72 362 1645 796 407 492 28 1299
20 42 477 497 469 488 735 54 1585 1622 743 17 37 9 1613 1616 1623 744 754 471
1280 1670 1617 516 758 480 755 521 1601 739 1313 1273 1692 734 544 1597 752 1272 1715 559
1207 1997 2083 1223 2036 1195 1972 1198 1974 2026 2015 1218 2028 2080 2072 1205 1176 1171 1226 2023
498 1274 736 1592 1633 529 14 21 2 1604 1647 1271 749 1323 1262 1609 1273 744 2219 49
1257 1647 521 768 1683 1232 757 780 1664 1666 452 512 526 1597 459 1614 744 1685 779 1263
74 164 466 149 456 139 795 775 75 90 452 763 817 816 475 800 194 448 142 468
1033 1075 1088 1011 1047 1056 1015 1041 1085 1100 1055 1104 1026 1007 1107 1053 1024 1062 1013 1054
593 2208 549 507 2158 1764 2209 2134 2236 546 2273 1716 2232 710 695 2266 2197 1753 584 697
348 765 481 459 738 506 1647 346 457 1644 1668 745 485 414 389 801 333 362 53 341
817 864 75 68 137 403 327 832 912 929 309 317 97 920 798 927 153 849 294 876
151 805 818 312 816 826 338 456 126 906 782 87 405 427 408 192 331 316 825 352
2005 2021 1162 2075 2018 1191 2067 2065 1163 2008 1204 1183 1212 287 309 2001 1222 1985 1976 2059
667 2158 2207 2122 683 1780 2154 694 2173 2202 1779 2181 656 587 1740 688 692 623 2215 706
1213 2087 1219 1252 2021 2100 1976 1851 1214 1781 1251 1998 1216 1234 1206 1183 1204 1795 1999 2097
1231 1261 1675 747 1282 1632 1679 757 1251 1248 1198 1608 1678 1664 1326 500 715 734 2080 497
516 554 1741 21 1615 1730 1608 39 1732 2200 2250 2248 760 1604 471 1750 2165 776 3 1626
1416 1440 1355 1514 1442 1511 1377 1448 1401 1350 1375 1513 1365 1392 1382 1501 1504 1489 1402 1512
48 751 514 1685 6 1691 541 67 444 1578 1642 31 396 746 437 447 724 1662 1864 1728
1592 1639 416 1513 1565 1287 441 1281 422 13 1337 482 1635 1607 1625 510 4 1245 439 1340
1029 1064 1096 1055 1107 993 1050 1038 1058 1052 1102 1090 1008 1015 1041 1085 1063 1108 1002 1092
241 959 280 181 971 273 202 940 965 209 988 263 235 946 924 987 222 961 982 948
58 472 54 447 1320 1312 1723 11 796 1701 18 450 800 34 510 1332 1319 1273 1643 1676
53 788 755 800 385 68 376 831 330 805 347 785 72 31 850 468 429 434 392 817
929 943 901 224 281 230 313 277 211 271 253 965 817 228 203 912 984 927 979 311
2226 2261 554 2259 487 544 2208 2202 2222 511 557 498 2199 484 541 584 534 2161 2266 542
206 251 254 948 247 125 140 138 150 228 943 149 213 223 951 239 112 121 244 116
637 2186 2261 655 1939 701 2167 526 2117 1942 672 2196 2215 2165 2134 2195 1759 2181 599 562
344 430 461 390 384 328 768 448 431 743 1637 383 422 334 776 756 767 783 1645 775
703 710 573 728 2150 2145 693 618 2123 2164 732 681 2127 1249 632 723 598 2122 629 584
2155 2225 1731 1752 1750 578 616 682 634 533 571 1729 527 2115 1757 2202 2198 2263 606 695
1774 2148 665 2180 716 564 2195 2194 622 657 646 2147 612 682 673 2129 2114 1764 609 638
1357 1507 1390 1306 1537 1566 1482 1334 1419 1480 1523 1389 100 1320 1506 1339 1378 1421 1360 1632
1631 1647 753 1306 1252 1309 432 496 508 482 1263 1273 518 1304 452 443 775 1669 12 22
363 382 766 464 432 437 777 339 436 736 798 336 438 774 448 451 763 335 748 453
421 447 1604 485 5 805 1286 1670 362 370 354 376 411 1684 388 1675 1635 397 1304 756
513 1279 472 1319 778 52 1323 1732 30 1268 1637 2268 1667 536 726 1603 2272 1736 490 2230
457 1613 1333 349 1514 1632 790 456 805 368 28 422 37 1657 389 487 403 490 1654 1311
1347 1507 1323 1356 1360 1576 1628 1520 1532 1591 1550 1406 1485 1595 1389 1477 1641 1564 1586 1531
159 802 775 443 460 357 62 127 49 204 327 157 469 340 102 392 437 45 173 787
1799 1947 1907 1941 721 1828 1960 749 1845 2101 1728 1903 2198 1975 1796 1970 718 1848 1936 2096
366 763 492 772 528 38 375 70 59 1671 505 518 801 449 1278 357 64 341 412 473
539 723 2162 2206 561 1780 1762 523 533 1663 1796 1736 1777 2204 1289 696 2242 1256 1653 2207
569 2233 2216 562 2128 544 1686 1285 713 719 542 1711 1721 1739 2119 551 571 2271 602 2229
41 449 509 58 786 1612 1316 1632 447 758 30 1644 1325 345 745 32 11 451 469 335
387 434 456 359 748 343 745 1682 423 1636 373 774 772 337 356 348 425 332 403 807
666 686 2140 608 2145 660 699 683 2196 599 611 650 2134 2141 2148 631 713 2195 1755 598
1352 1529 1579 1478 1558 1513 1355 1505 1351 1599 1570 1430 1345 1486 1556 1426 1391 1603 1413 1548
298 901 888 870 849 907 831 286 275 881 835 2072 800 2067 296 287 2070 2065 278 2021
1288 1649 1655 757 1619 1647 1675 468 1651 512 466 1260 1663 428 1339 434 555 1261 471 1610
587 700 2116 2121 576 1708 607 2205 586 1736 693 564 2128 1730 1784 595 1766 559 1726 2124
554 1294 2209 1605 1579 1688 1253 544 572 1332 2181 1700 1593 2183 1712 2220 2155 2164 497 1732
492 1321 3 1638 482 41 1697 1297 739 1664 1493 1648 527 1721 37 2243 1707 1708 1665 1267
1126 1134 1171 2048 1102 1121 1098 1143 1160 1094 1148 1123 1138 1164 1093 1109 1103 1096 1146 1107
461 1711 493 573 1647 48 1693 784 805 1331 55 2217 508 752 2248 7 453 1615 1657 1590
663 2160 1775 2212 1763 2116 1745 612 625 2179 671 1737 2178 560 1777 624 539 1752 541 2225
1157 2050 1130 1151 1135 1165 2033 1173 1188 1142 1169 1191 1197 1164 1161 2052 2032 2030 1145 2031
839 857 907 914 916 869 289 322 903 806 877 804 307 862 856 865 860 302 911 864
1912 1935 1929 1910 1959 1881 2210 1808 1906 1836 1873 1943 1877 2201 1901 1734 1894 2188 1799 1924
56 802 897 392 785 63 325 159 826 399 352 892 331 421 754 326 814 319 486 400
579 2222 1733 600 1737 2136 1709 2178 571 719 1780 2175 2172 546 742 710 596 2147 503 2120
85 783 449 745 500 171 111 477 133 366 173 357 99 764 10 448 68 756 817 489
123 166 153 111 205 816 812 158 93 216 1553 223 1554 186 71 137 91 217 100 90
563 2195 700 627 585 522 2177 599 524 1690 712 1758 680 2221 2118 1737 2111 701 715 1728
16 33 516 491 792 1624 739 749 501 514 515 1309 757 1313 1590 788 43 526 735 1323
618 662 692 2118 2158 693 664 688 583 678 626 619 1767 632 2109 1740 643 646 586 634
1736 1798 1972 1818 1887 703 511 1867 2195 571 1781 2201 719 709 2150 706 1759 1982 1899 1780
411 799 380 366 416 756 49 831 399 61 317 48 377 845 55 68 438 740 777 373
1598 1625 1250 1279 498 1281 1519 1628 1667 1266 15 1579 1261 1262 1636 1368 1581 1586 1623 1330
579 1737 539 1698 574 716 1781 541 2109 549 2157 712 1716 717 1710 550 551 577 2175 555
469 1601 1271 1628 494 1621 523 1649 514 1345 1527 744 1265 1333 498 783 503 1711 1694 465
689 2188 1748 1732 2144 718 684 1740 2231 659 2113 2151 630 592 1731 615 681 1753 2162 532
734 1668 1712 1299 464 1297 467 33 1613 440 748 30 528 749 1669 1695 1734 1618 1742 719
1834 1857 1837 1917 1793 1788 1916 1984 1885 1734 1895 1808 1877 1898 1883 2091 1888 1906 1796 1910
614 652 649 645 596 668 1751 2114 1776 2129 604 2173 624 1745 2109 600 2212 579 2209 2207
337 426 345 354 434 422 373 801 360 762 312 332 336 420 436 395 739 458 804 432
602 638 2215 682 656 1730 646 684 2110 2192 701 679 2126 1761 637 606 663 2187 627 579
1718 1834 571 1703 486 1824 1667 545 508 1898 1808 512 568 531 751 1670 1674 507 564 1852
1232 2077 1251 2037 2088 1983 1192 2066 1241 2093 2003 1181 1191 2101 2024 2087 2033 1987 1193 1198
68 796 382 793 38 837 83 342 781 85 402 824 880 368 764 393 66 49 361 394
1599 1654 1345 1617 11 490 1254 1613 1606 1601 522 537 1315 1530 1261 1621 543 752 1678 1266
719 1756 641 750 738 717 615 2097 1761 2121 626 1737 1256 1268 596 1269 680 739 1805 1258
555 2151 1766 1277 2117 1719 534 710 697 1774 1751 530 2189 1693 690 598 1734 1658 2163 750
2232 2249 514 2163 492 1701 534 2197 504 2167 2170 506 2263 552 2198 2191 569 1730 550 2235
563 1744 2127 1733 1771 1729 1747 1738 2131 1684 544 591 1802 2243 2211 2163 2162 2190 2230 513
80 822 911 849 817 874 899 894 127 60 69 861 154 170 836 77 110 867 125 865
769 1668 1330 340 531 560 480 794 1609 1656 389 1610 1683 493 1329 1251 1325 506 789 1640
442 743 1796 1646 540 1667 15 792 1658 1740 455 1684 1636 362 1283 64 1639 1801 1267 473
709 1786 1954 2154 1959 1765 1808 2163 682 1799 607 2147 1764 692 1779 590 1745 1772 1853 2133
455 1690 1608 1626 464 13 745 479 1616 56 1685 548 489 1695 1662 1726 747 1604 1282 491
461 1310 1647 516 1632 1726 1530 753 1582 55 1607 533 1279 1314 441 784 1640 442 1593 19
562 1289 1640 443 515 444 1709 1741 466 1582 1281 1696 1312 1645 2154 1649 1629 1251 1729 2195
512 744 1639 2242 1611 374 1790 1317 1284 26 1638 410 5 1306 427 1724 561 1297 409 471
939 957 312 257 917 299 982 237 274 981 214 901 910 306 271 953 938 308 239 276
412 794 861 417 463 364 817 882 477 818 750 448 843 318 38 358 450 349 860 436
1047 1063 1016 1106 1003 1067 1041 1071 1072 1008 1040 1085 1102 1048 1027 1046 1095 1023 1086 1090
572 2147 680 586 664 2238 667 1701 665 1720 694 2106 2152 604 587 531 2105 696 1712 2145
29 1320 1255 1527 22 1363 1679 449 446 1584 745 485 526 1274 1675 1305 453 47 1582 1644
1429 1471 1390 1382 1458 1427 1490 1481 1368 1369 1420 1478 1457 1468 1372 1461 1415 1498 1470 1394
1829 1918 1911 1834 1957 1821 1828 1930 1942 1716 1872 1941 1883 1904 750 1954 1913 1929 1934 1736
166 822 140 866 811 837 885 877 93 138 149 199 899 144 146 862 119 101 207 845
670 692 2209 708 2120 2183 622 1760 1775 713 598 714 1765 678 2128 2124 1766 718 2177 638
461 495 1675 442 1676 452 766 66 1637 784 531 1292 1323 809 776 477 2228 782 1329 341
641 1758 655 1805 1771 1756 2153 711 627 740 700 1793 582 675 2180 577 2120 2116 558 2151
2205 2227 2211 1936 1719 2165 2263 1715 563 2136 614 600 624 2142 1732 1941 2193 1741 1740 1735
750 1729 573 1684 2231 406 751 57 539 1658 1695 1805 562 55 411 1691 401 465 1667 1747
2013 2050 1997 2061 1989 1203 2040 1152 1214 1170 2090 2091 2011 2008 1160 1193 1135 2062 1984 1202
795 900 474 430 352 369 476 385 444 477 361 313 70 466 760 436 850 295 843 806
12 1318 1626 1622 752 451 1601 1351 42 1535 1645 1328 458 38 505 772 1495 1345 531 514
2110 2127 2190 593 659 658 581 1741 617 2201 1964 1774 1762 591 2181 697 604 2119 2129 2141
438 1667 1291 1701 1677 1317 1289 1281 428 1306 456 567 1253 1297 787 1256 1645 735 1319 1318
588 1732 1767 1791 1686 706 2219 700 493 585 595 727 1691 1688 741 710 2222 719 513 1701
1336 1584 489 1625 1343 1310 1508 1545 1271 459 1309 26 1285 1480 25 1517 1563 1492 1303 1389
2018 2039 2050 1195 2046 1148 2081 1183 1203 2036 1209 1147 1202 1176 1205 1212 1215 1196 302 2013
2010 2029 2030 1986 1165 2076 1150 1154 310 2028 1222 2088 1217 2017 1172 1209 1984 1205 304 2081
497 757 779 1586 466 10 418 781 46 518 1596 404 402 380 1670 772 546 398 384 446
1164 2068 1987 1994 1140 2028 1989 1220 1190 2000 1209 1219 2029 2005 290 294 308 2062 2047 1175
1350 1505 1497 1373 1369 1531 1359 1415 1397 1490 1500 102 1337 1594 1640 1617 1417 1426 1408 1348
545 2191 2196 505 499 530 1742 2269 734 2156 1678 1672 1289 1941 513 1675 594 572 2151 500
163 218 233 257 193 219 821 232 119 186 919 105 932 957 191 255 244 173 111 241
463 1323 1490 1676 1519 1281 1294 1272 1336 1579 1604 470 477 507 1496 1491 484 1651 1262 1667
540 1691 477 555 1744 443 2209 461 733 2205 544 452 755 2251 483 588 567 519 500 1290
1407 1453 1422 1372 1443 1341 1394 1484 1438 1466 1432 1367 1401 1400 1352 1490 1446 1381 1527 1464
1380 1439 1524 1479 1428 1423 1521 1404 1407 1457 1350 1526 1347 1395 1468 1466 1502 1477 1389 1536
1684 1701 1269 1658 1697 505 728 498 478 1709 488 1297 526 1292 550 446 435 457 1288 1705
1801 1933 1966 1945 1766 1795 1842 1772 1973 1940 1895 2191 2104 1873 1970 2187 2199 1780 1837 1855
401 757 48 508 425 505 57 413 536 403 878 778 475 1280 806 0 381 448 787 68
691 711 2160 1256 606 2154 1736 670 2131 1757 575 1760 1748 1263 2197 1779 2183 731 2161 2140
490 2251 734 1677 40 1721 2202 1663 35 2 1716 1304 749 488 779 2272 2189 2192 1585 447
