69 1474 878 879 864 1463 165 147 105 853 161 1480 811 910 1404 157 64 1466 900 1431
394 1356 1293 1271 1354 299 378 1345 332 330 474 186 229 253 565 287 568 911 1329 1334
100 176 1368 1439 907 153 870 913 155 142 929 1378 1455 894 921 1416 1477 1435 1413 161
254 1356 1341 1275 286 183 920 276 1370 316 264 950 943 298 235 1238 387 201 1361 932
108 853 734 697 1458 732 806 915 781 895 20 1444 811 782 1448 875 64 167 79 762
998 1135 1082 1062 1126 1050 1090 961 954 1134 1161 944 953 1154 970 1150 1008 942 1151 1089
337 436 297 319 282 577 532 1352 289 666 278 349 422 408 410 275 1360 435 360 375
919 943 961 1356 887 825 138 833 973 888 184 986 182 840 855 1363 900 936 133 112
813 902 741 181 920 772 807 144 762 151 954 688 85 169 799 126 182 65 100 868
184 932 223 797 1357 121 871 949 110 152 253 860 879 963 1426 814 168 284 157 182
591 630 426 361 569 649 676 583 425 453 648 349 614 593 604 427 659 406 387 560
145 1377 1362 262 927 1438 887 905 147 928 183 66 1391 162 890 151 925 871 853 187
90 908 953 1434 156 106 184 101 141 787 154 59 1450 94 1440 1446 146 879 126 123
951 1092 997 40 994 1354 1006 1057 1061 981 1037 967 1041 891 962 886 1120 1003 1067 961
928 959 886 1028 166 813 854 941 1367 1003 842 922 1041 798 1083 128 131 140 887 986
365 450 346 221 606 1371 245 1367 602 422 487 385 675 498 579 206 514 355 583 557
411 565 362 377 581 202 552 561 569 342 379 499 645 417 546 566 490 449 207 526
205 361 439 323 1353 191 360 376 1359 338 204 379 351 197 194 1355 390 415 1366 300
933 952 851 1063 881 969 882 863 1356 1372 924 1364 930 948 156 805 123 809 165 872
423 597 582 557 586 368 405 689 459 395 367 588 533 348 396 594 358 516 625 472
485 681 378 475 631 424 676 551 546 706 690 482 622 648 767 479 415 384 609 406
237 1355 1276 916 367 317 194 927 1240 238 397 285 364 327 254 258 138 1247 1381 398
1264 1312 1333 267 1355 1238 1344 260 1331 268 1257 1318 1334 1236 1332 1289 1259 1339 253 272
609 623 445 674 665 367 392 577 574 657 618 668 680 380 565 624 436 583 587 660
954 1013 925 1093 1056 1058 965 796 1144 977 960 1141 956 933 1050 1049 1004 903 976 1139
1263 1273 1294 1255 1323 1320 1360 1235 1370 1237 1287 1243 1262 1234 1282 1244 1330 1242 1314 1312
462 492 447 464 449 519 483 553 557 384 669 373 561 573 680 516 450 501 512 487
379 621 635 506 649 337 547 629 630 1362 246 643 249 574 662 487 573 453 597 445
490 553 450 498 372 455 417 536 413 506 488 648 480 381 663 369 695 672 383 397
422 577 337 380 578 520 521 680 374 338 489 353 590 449 390 666 539 371 446 490
107 1432 1380 104 88 1461 887 59 1480 872 861 879 863 135 855 127 1430 154 1389 186
434 541 390 648 604 425 337 396 435 486 432 558 411 581 440 402 525 362 577 448
857 932 49 791 911 814 180 844 695 1353 105 777 803 143 879 800 169 63 14 52
65 82 15 134 852 865 75 797 2 918 878 81 895 80 119 848 61 164 802 127
547 569 432 412 393 361 656 351 474 505 429 660 564 476 367 426 463 614 499 502
181 1425 1462 874 187 178 1449 1420 130 1441 269 1387 1366 885 284 1405 1471 1473 1395 896
147 1423 854 166 6 58 1464 1474 1380 271 1448 944 1362 1468 55 150 1361 917 268 1366
386 512 587 617 354 350 496 440 250 217 341 627 357 426 537 424 203 344 460 589
214 257 1372 322 407 1303 373 196 192 1322 1299 324 323 313 149 1338 360 372 276 1354
594 663 624 382 553 514 622 591 557 450 384 386 394 597 649 667 652 614 586 612
972 1063 982 966 1001 937 951 1006 963 1120 1069 960 941 935 32 33 984 1099 1081 922
721 749 826 764 834 766 731 816 717 730 750 780 790 856 830 789 801 735 840 708
216 315 234 1354 282 277 339 203 363 350 226 210 238 399 334 390 348 330 236 182
365 442 410 441 601 394 1370 497 621 415 462 436 389 590 618 544 445 369 472 450
163 930 916 932 878 926 856 1352 859 155 148 107 810 976 1353 949 1 131 176 64
93 1412 105 1390 1377 881 1479 117 150 901 860 1425 1391 1442 1431 1467 1413 155 1418 1450
1106 1126 1081 1028 975 1070 978 1037 1142 996 1004 1034 1008 1016 1162 1129 38 977 1122 963
13 820 874 24 771 5 839 900 693 864 17 843 760 898 746 895 0 744 30 68
185 224 111 213 1373 1410 1384 400 181 1352 1346 306 895 259 1398 309 300 1444 1397 404
980 1042 1055 1032 1077 981 948 959 974 1045 946 1068 1134 1057 968 1054 1108 32 1091 1098
173 1477 1449 1430 1436 101 897 148 910 1468 159 151 1450 185 102 1453 287 98 905 127
349 604 662 434 351 435 414 572 359 596 346 357 365 1381 647 198 317 216 454 610
488 683 371 605 693 451 420 637 374 635 583 384 611 390 589 426 440 460 699 783
393 1359 584 1307 638 621 1296 349 367 1254 303 516 194 1381 571 564 622 256 466 636
429 471 478 611 407 340 421 443 578 668 380 653 549 681 576 590 338 575 589 646
1377 1426 1390 939 101 270 189 197 262 1422 228 1463 931 1404 1380 934 913 1393 1416 1384
43 1202 1204 18 1180 12 1213 1173 1176 1199 1174 1191 27 13 1200 1227 1169 1211 1217 1206
691 816 595 899 832 719 48 11 665 812 56 671 824 593 863 643 906 552 776 551
810 918 944 843 1352 161 4 904 145 833 700 922 103 771 1357 849 704 874 909 808
109 116 74 1475 62 896 92 901 137 140 72 68 1400 139 1403 856 927 885 7 103
94 1420 1474 99 63 901 871 72 168 67 896 1386 873 876 73 1463 98 857 109 164
1434 1447 112 895 1385 1401 1380 167 1430 1457 1475 325 141 156 1386 80 903 891 887 1456
88 1478 176 1455 871 1417 1412 1416 896 115 70 1432 865 62 1451 897 160 64 119 883
534 547 514 467 562 507 377 484 653 473 673 399 438 443 468 681 522 690 446 415
71 1444 800 2 844 857 111 787 179 1448 907 1475 12 803 119 1469 155 128 872 874
37 1161 1197 1113 1119 1097 1196 1029 1093 1182 1056 1067 1031 1125 1060 1061 1038 40 1178 1174
585 679 778 617 768 439 364 347 397 396 393 489 773 646 445 589 491 361 358 420
753 822 2 814 722 58 864 810 865 900 696 781 852 752 894 841 800 694 772 51
1253 1334 269 270 271 1262 1294 233 238 264 1329 1228 232 1232 1254 242 234 1298 240 274
281 910 1350 941 225 216 787 825 218 1344 806 914 833 197 873 232 205 290 112 844
129 848 833 1360 856 902 166 792 928 786 1370 942 120 2 811 795 853 847 726 67
215 409 460 496 344 526 1343 210 530 375 323 480 484 328 221 317 645 483 591 1366
354 384 605 631 338 308 343 516 332 626 634 243 535 515 226 305 468 424 427 629
207 408 208 1354 380 445 400 473 461 301 193 577 470 516 559 351 335 1370 206 518
161 869 1472 793 3 1418 917 144 113 1423 1411 836 1374 897 1400 65 785 713 17 811
356 468 367 368 562 581 206 459 559 461 323 544 1360 344 1362 587 616 491 520 1370
822 849 865 843 889 140 14 762 868 845 691 137 1 884 697 5 841 882 118 930
1079 1139 1103 1102 1002 1125 966 1021 1088 1016 1120 958 35 1041 1153 1000 1003 1010 1030 1106
1177 1208 44 17 13 1223 19 25 1192 1194 1207 1152 1163 1229 1230 1155 1219 40 26 45
403 471 310 494 361 590 217 547 496 252 1342 416 580 674 522 515 208 316 276 259
988 1109 1021 1104 1022 1132 952 982 955 965 951 990 958 1145 994 1134 966 969 975 1137
444 535 458 675 424 591 441 506 519 479 401 412 667 337 481 392 347 385 525 652
224 397 606 611 564 319 275 322 384 445 395 1366 557 552 481 584 496 521 372 535
1069 1117 1036 1128 961 990 989 1057 1074 956 36 1040 1144 1130 1079 1043 967 34 1039 1147
1454 1478 111 1443 1397 858 161 104 1457 67 890 81 1405 82 1446 89 892 1423 1424 1475
787 911 863 737 752 845 826 74 939 1369 186 934 1475 63 1359 283 75 865 768 861
375 630 530 681 449 585 214 464 248 210 486 343 547 604 613 524 227 668 597 592
175 1445 78 913 139 1409 1394 1438 872 1455 925 105 1449 886 1372 1454 1374 1386 199 914
358 596 436 577 206 584 319 561 332 428 309 361 313 447 614 589 613 444 453 1359
408 597 593 333 317 535 354 595 469 227 548 590 348 319 307 632 269 370 614 425
1251 1295 1365 1357 270 238 263 265 1337 1244 1354 1258 1356 1344 1364 1234 241 1290 1345 1317
1417 1465 105 875 886 107 171 904 872 117 897 1477 186 0 154 66 1408 68 187 873
1237 1288 1247 257 1259 1240 253 254 1277 1309 238 1261 1313 1289 1222 1336 1315 1290 1353 1239
105 1452 1402 1406 146 1460 915 1481 69 1462 865 102 1419 883 856 115 93 119 1438 899
887 1459 811 784 814 820 68 892 132 1448 189 907 794 157 92 883 74 910 2 840
941 1367 334 903 339 371 121 347 167 929 301 1339 234 866 839 806 1393 1267 187 175
66 1449 864 1422 878 837 94 862 905 1428 839 166 1412 96 916 902 168 132 57 179
64 163 140 1457 809 911 1446 1381 833 936 878 170 888 895 196 1468 896 850 851 147
424 485 506 555 476 599 421 478 450 469 680 653 606 575 409 472 598 585 517 508
837 918 17 878 0 175 706 963 836 751 165 944 691 966 120 133 827 108 839 721
135 899 127 187 1440 860 99 952 806 794 1468 853 1441 855 789 1438 916 898 189 109
118 1477 1472 149 843 101 121 71 2 883 1427 933 62 1450 908 91 86 138 1440 184
1393 1417 1459 1466 115 1413 1376 185 298 118 1391 1416 1377 275 302 114 1381 188 146 148
683 692 795 749 757 696 835 820 647 620 661 739 791 462 833 777 754 730 451 481
1415 1456 1401 188 1459 83 98 896 907 1431 1440 113 1397 162 92 901 882 86 1470 96
1078 1134 1006 1088 1113 1059 954 1125 1149 949 1162 1041 1083 1104 1119 963 1084 38 1128 1033
253 1336 303 1244 323 1242 235 269 325 413 379 1315 409 296 244 249 1359 383 306 1333
457 530 409 443 560 494 399 444 581 647 653 410 379 529 593 458 561 404 607 528
538 666 539 696 621 547 469 576 448 391 574 559 635 510 376 368 422 509 601 504
970 998 1114 1002 945 1046 956 997 1034 953 1028 1100 951 1105 1060 1003 1128 966 1007 1072
976 1013 1069 1122 1094 1040 998 985 967 1035 997 1039 973 966 1067 1064 1113 1066 1016 1044
1094 1125 1109 1028 33 1090 1118 1007 1132 1103 1078 1123 982 1048 1104 1033 995 972 1074 1086
395 540 399 274 675 599 263 584 470 235 530 468 220 407 221 595 1350 446 413 492
217 264 1297 274 329 362 227 298 293 146 226 1328 234 381 328 1288 321 1363 206 1387
554 675 676 407 457 404 523 631 692 619 599 661 477 370 612 630 565 488 684 396
220 284 214 291 238 223 260 348 198 209 922 266 213 281 178 376 928 304 1389 207
795 928 176 291 872 889 839 61 758 142 1358 904 891 881 977 694 910 880 917 66
69 114 85 4 1442 1413 850 913 139 104 895 1470 881 1404 1473 99 932 844 890 936
266 315 1306 1381 1376 349 346 1304 414 1303 338 292 1347 1335 301 403 303 1364 408 1341
217 381 543 203 190 385 1351 598 484 629 448 1365 227 271 389 358 180 639 447 260
170 1371 1450 953 144 882 1360 125 909 135 252 157 877 176 343 1402 1357 875 1448 1352
188 205 177 933 256 134 881 900 1357 1375 1404 1379 1361 335 1437 907 323 1349 1371 339
371 466 510 626 213 445 426 684 1369 489 432 470 655 658 544 661 390 388 230 627
181 1449 240 1361 105 116 1450 907 1403 1443 245 199 270 1463 1422 278 248 306 922 1402
123 918 173 181 115 794 864 162 896 801 150 966 807 1374 946 135 169 875 796 1368
182 313 216 1397 124 1390 109 926 236 901 110 250 280 151 108 1349 892 297 1440 175
184 203 252 1358 333 1379 364 149 293 354 1436 1364 376 397 360 889 1388 208 370 273
401 608 652 226 391 653 490 435 664 540 211 550 405 615 646 493 567 423 1346 382
157 1413 1387 941 165 856 107 286 1362 1434 106 104 1363 873 69 1403 102 174 3 1419
289 1396 185 221 1472 907 1374 168 1480 1376 1423 277 291 1361 1351 250 1386 310 1399 178
203 346 464 1345 416 360 337 1390 429 344 185 358 456 287 307 311 377 459 1362 381
382 562 339 435 505 607 227 469 656 368 348 412 443 374 683 466 468 648 641 483
889 934 1453 150 1376 11 12 798 920 956 944 952 145 784 168 1477 850 1437 123 133
606 628 455 400 683 658 391 405 626 630 670 605 348 457 388 583 381 442 414 433
269 308 353 1347 1386 264 1307 330 267 207 1341 1313 222 286 315 417 196 1338 257 252
998 1100 1116 1114 1141 37 980 1123 1118 1117 957 1120 969 947 1149 38 1022 1104 953 1020
742 783 715 683 768 777 815 694 700 854 762 791 826 808 725 778 840 875 878 886
464 656 453 505 426 605 687 512 521 681 585 377 667 661 518 575 351 574 402 564
695 847 802 48 772 827 895 671 8 911 839 130 559 693 829 11 717 125 655 743
596 620 624 342 373 622 382 378 653 663 630 691 344 590 650 633 598 385 689 360
768 802 75 808 812 899 765 803 715 796 810 2 745 785 781 6 717 920 883 921
801 919 833 741 723 180 883 110 163 816 5 707 118 702 902 127 861 1381 719 182
1251 1291 1254 1299 1276 1278 1301 1281 1233 253 1259 1321 1257 1309 1357 1295 1302 1296 1286 1308
335 1391 288 372 408 292 282 371 293 180 332 375 331 1395 1436 342 397 1416 405 313
15 1219 852 1218 8 1224 820 848 844 846 37 1239 32 16 831 1194 1228 1234 68 1214
805 912 154 16 844 876 170 279 943 825 928 899 103 709 815 807 827 947 871 897
611 642 401 446 382 380 372 575 347 602 573 398 625 350 360 634 433 657 623 582
430 598 646 561 360 425 558 662 465 443 498 349 338 668 506 630 603 379 402 497
129 896 897 151 1477 870 851 68 99 916 144 163 63 855 111 85 927 1434 892 793
355 586 603 628 408 367 680 640 420 359 442 374 684 1363 457 604 378 356 463 389
