1526 2496 2456 1523 773 2572 2467 2539 1405 2588 2381 1512 2470 656 745 1478 2533 2451 1552 1505
306 1102 818 1103 1061 1889 847 344 1848 310 1858 8 2122 1863 396 1137 325 235 1849 290
1728 1756 1789 1752 1738 882 1680 1018 1702 1713 1011 1006 1747 1782 1701 1704 1697 1692 1670 1039
699 2547 1531 1506 1521 2498 2456 1543 1482 2539 2584 2489 2536 2530 668 754 2479 709 2504 712
1921 2310 541 1905 2324 2344 1143 1335 1916 1330 1891 2303 483 1954 2280 638 590 518 1132 2315
304 812 821 258 279 1071 797 817 1858 1593 830 807 793 307 271 1091 1857 266 1842 800
563 1366 1440 1936 2437 1927 2425 664 2472 1424 2354 545 583 613 2370 657 1469 1408 604 1429
1938 2316 1922 2339 2326 609 646 556 1946 604 2318 2338 629 575 509 1952 2359 2375 594 2357
127 1282 82 1216 2133 102 1208 2168 1271 1287 142 2251 1191 107 2167 1225 2074 2102 1253 2246
558 651 615 2329 2344 2432 2405 604 1375 648 2458 2373 2461 1427 1387 581 2338 2379 671 2430
1133 1160 2087 1913 1309 1172 92 2083 2257 26 1905 492 100 1099 1175 1116 24 2262 2133 1117
454 2198 1140 1082 1828 1289 387 2188 435 1255 1883 2218 485 1846 2261 1146 2262 1092 2247 1069
1768 1813 906 911 403 381 1019 1797 343 344 221 169 993 997 1047 205 927 1742 405 168
1463 2379 679 1382 1390 669 631 593 664 2407 604 2336 564 1376 569 2357 2492 1429 1951 623
2169 2206 404 1038 2199 2241 2235 1271 407 2180 2211 351 1839 1048 384 1267 2153 1816 1266 1268
39 1881 2102 1896 1917 2140 470 489 1908 53 1860 2127 1887 79 447 51 54 512 1085 2135
1056 1811 1830 425 1825 335 970 912 207 932 2200 412 959 980 2177 1789 199 1045 1078 921
451 480 1132 1161 2082 489 2287 1832 1119 1321 1275 2116 2106 2172 1323 1113 499 1148 2299 1175
58 2282 1157 458 507 1300 2138 2087 2119 1327 59 2145 2256 1175 22 1337 2126 1130 1168 2122
890 1770 1688 998 963 1669 1733 961 1786 913 1780 979 1737 1039 947 1719 975 1747 865 940
816 855 306 1670 1645 229 1596 875 882 811 243 1618 1598 318 332 262 897 833 265 813
12 1841 1122 1891 363 1861 1130 1845 320 1863 1035 2186 302 2134 2133 1047 296 425 2122 1118
1182 1222 1190 72 2135 434 1305 1297 1290 1275 1277 152 2100 2074 139 1152 2264 1164 2129 487
1511 2587 2512 669 2515 2487 685 748 1492 1554 1488 2552 1553 2590 1547 1522 2568 679 2558 2579
133 1270 2258 2134 1276 1195 95 161 1241 2148 1266 1177 1175 96 1217 2095 1262 1282 2112 2150
874 1706 1654 1016 870 1777 864 215 1011 868 278 1005 273 1004 1025 876 902 856 1704 1640
1480 2419 2407 554 2497 553 578 1500 1391 2454 607 1442 648 1387 1482 2484 2388 2386 1445 641
685 724 1528 710 658 2515 1489 1549 1513 2575 2499 751 2582 2526 2546 2527 1558 2436 711 647
421 1095 429 1092 1043 1262 2223 4 1255 2198 428 1876 440 0 1075 1870 378 1087 376 31
561 2445 1505 676 2353 524 2451 1395 1358 609 1412 537 1942 518 2302 2405 683 2298 584 1958
1198 1255 82 453 2084 1249 103 1282 2139 130 89 144 2131 2119 109 2149 1238 2173 2086 1293
1470 2395 1447 2033 548 2405 581 2396 1491 1436 549 2411 631 635 684 560 1377 554 655 1966
995 1024 1825 1703 1036 935 1834 1035 1676 1822 1039 1037 1747 884 895 962 977 939 1798 916
575 1409 2346 565 628 2492 640 2375 1366 2362 1951 556 1940 2316 2323 678 1382 586 1958 648
399 2139 1061 2189 372 2107 403 1860 1876 380 1843 1818 2169 2262 1063 346 74 486 1829 2110
702 728 757 723 685 2455 748 2529 2469 2518 2507 726 2533 1493 2527 1515 731 2550 2470 1529
2045 2408 2012 2390 607 2419 2333 1421 2351 2451 1386 1397 2414 1451 2472 649 546 2355 2057 572
1435 1993 1970 1384 589 2353 551 2379 644 2477 643 543 598 1439 1406 2359 1391 1440 646 601
1396 2477 2436 688 703 2405 1493 597 1564 1377 2324 2412 646 549 637 705 1428 1959 538 1522
1580 2480 2385 794 715 1407 2352 1440 1501 2363 710 765 1542 650 643 1517 771 2470 701 2483
17 1101 304 2113 397 1856 313 1845 6 1132 324 1115 1068 1143 1889 1129 8 1095 53 2149
975 1694 933 1752 940 1021 1782 1029 932 1661 1792 1719 876 1812 1794 1781 1763 1022 954 987
629 670 585 2383 697 2310 2433 2403 544 1420 2378 2487 615 529 1499 685 1450 653 1439 2432
941 1815 418 362 1019 203 1811 337 956 180 1789 186 1016 1801 1024 1802 926 935 1054 176
450 487 2102 436 1252 483 1175 1273 1896 1337 2257 2124 1837 1187 2139 1181 2230 1171 2161 49
1458 2367 2412 2027 2484 2402 2392 1410 1945 598 637 573 1931 541 2365 2482 1368 1482 2321 608
1199 2101 434 1902 102 454 480 159 481 477 1284 2064 88 507 105 69 1223 1254 2276 1188
255 1629 790 846 1631 1593 1632 301 791 345 231 1638 319 807 1837 1620 1614 822 1594 1604
1496 1525 2487 2566 2556 2507 1560 712 2530 2490 713 2421 644 1490 1519 682 1557 748 2536 750
236 849 280 1597 284 1619 1668 866 880 1636 1590 862 358 1666 1067 1068 1655 225 853 270
439 2101 448 1150 2144 1085 1874 1070 2193 2233 2279 1265 474 1349 114 2147 1172 2073 2186 425
698 723 2522 2535 754 748 2588 2471 2565 1550 1489 742 661 2582 1562 1546 1556 1549 1530 1559
1164 1184 1314 1232 2264 2083 506 1275 39 1148 2094 126 105 2062 458 1163 96 1209 60 1242
1353 1367 1920 568 2353 578 1373 1951 1384 2347 498 1890 609 2286 2355 1371 1889 551 1901 1949
426 1821 1252 208 212 235 2204 1007 367 1839 1768 1819 387 1852 1707 1260 2119 1003 190 1858
610 1957 598 1345 2370 1419 1397 2318 1470 1480 1979 1374 595 664 2382 1977 605 1937 646 2439
520 2280 68 1177 564 1298 2096 451 2250 1323 2112 61 1914 2343 1330 2131 1351 464 518 1907
1760 1810 368 1833 170 990 1722 1747 997 975 1034 1827 1706 960 179 1823 985 1007 994 984
2037 2424 2022 2355 2473 2360 2466 658 666 1947 2417 610 2430 2053 2462 644 545 2465 646 2020
564 1431 1466 2421 591 1989 622 2440 1992 1983 597 1993 621 1448 1991 2459 1956 580 670 2384
655 2488 753 756 2519 637 2398 1371 739 1547 2333 2442 2588 2467 601 573 615 2342 696 2356
335 1839 246 1055 2191 840 865 239 1034 864 2194 384 1834 1058 300 1666 2190 216 1823 2200
1016 1027 2182 2177 1689 1729 1809 1708 1766 1841 954 372 1709 1786 1686 1739 1710 1832 351 2188
677 2505 2396 2487 713 698 2355 2591 2415 658 1543 752 1538 1563 1442 1508 1497 1548 1432 1504
1175 1189 2065 141 452 1165 2106 1256 2095 2073 110 123 1152 1302 2269 2268 1285 2116 2147 1157
121 2102 1173 75 472 1329 2071 76 119 2120 38 143 144 1226 135 1230 1892 1219 88 86
1434 2333 615 1386 1371 1935 1430 2412 2351 1373 676 630 545 2007 2443 653 2372 2436 2481 2016
2348 2426 644 1445 1393 2413 676 614 630 2445 1432 2318 1365 566 577 643 611 525 2389 2353
1542 1551 764 1503 674 2499 1531 2502 1552 2541 681 2532 2555 1517 2496 680 1573 1581 1521 2525
547 1447 1339 552 514 1389 1358 2425 1421 1404 611 610 569 2350 2373 1468 585 1345 524 1486
1497 1533 2437 2496 1484 713 1413 1556 1423 2369 1460 661 2535 2375 1431 2362 2490 1397 2366 2383
973 1040 970 1657 2202 1675 1707 936 1020 924 1698 1710 1708 1685 1847 2185 1718 1687 353 2187
299 1659 1031 1849 322 1042 254 354 1088 234 229 1033 1833 284 341 1708 334 277 1854 1692
1935 2346 584 1960 552 1917 2412 2445 2475 1471 2389 2017 1472 2468 1964 1379 568 1437 1362 2366
1047 1062 439 1030 2161 339 414 2138 321 398 2135 399 1081 1083 1815 1055 416 314 2143 1840
212 1051 235 1834 343 406 348 1046 430 223 355 2216 264 1069 1854 179 1814 1853 1835 217
12 1862 1085 0 485 1151 15 1055 406 425 1848 53 325 1081 2127 1869 431 1876 389 1079
1700 1758 1008 1781 1662 1680 1032 987 1704 1677 1716 1753 979 1693 1786 912 1730 975 914 1729
326 846 2175 1077 278 1863 788 838 871 1638 2172 801 794 265 1842 859 870 1619 876 333
955 1787 981 1026 1806 1784 964 1765 905 908 897 1752 904 1027 1007 1769 1778 1792 1019 894
1308 2284 86 2122 83 1149 453 2060 504 81 2283 2295 2271 1316 2131 66 1332 1311 50 2129
512 2102 452 1328 1897 1894 463 1335 1326 491 2141 1333 1890 2129 453 469 2103 43 445 533
1326 1915 524 2111 43 1912 2091 1123 1911 2107 2277 1136 546 1908 2330 2096 1367 2335 477 552
117 1237 2119 1207 1264 2071 2089 1174 75 1176 1235 1298 141 95 2114 2086 1195 1185 1167 2092
67 1316 2257 1327 1153 502 2293 2087 2115 2288 2085 476 2076 1905 1142 1342 1902 1168 1144 1325
903 971 873 920 912 1710 1684 951 1673 1788 1672 1027 874 1679 1677 932 1013 916 1793 875
2108 2275 1126 2263 2084 486 1899 2254 2130 18 2101 1316 117 1890 1162 2146 1184 474 1145 1869
66 1138 1884 2100 1113 2109 490 20 499 1872 27 1922 482 1166 2288 1308 1875 1173 1866 452
1940 2305 1941 2317 1954 2318 1959 1384 1923 1945 485 1333 2278 2370 608 1364 474 623 1948 2346
1242 2151 2263 1220 9 1255 2082 1232 2110 1197 2081 1247 2235 91 1056 1291 2181 1174 2077 174
887 935 1703 1704 1661 984 1792 1694 1685 924 923 1658 1775 937 940 988 1717 1716 921 1710
2328 2365 642 2490 505 2346 1398 1425 1447 1391 2409 520 1972 2306 2375 670 1355 1986 1495 572
516 2290 2274 62 58 2288 532 479 1148 1886 1166 1906 2332 2285 518 1165 2321 1928 2114 539
998 1666 1680 996 247 1799 1700 335 351 994 1001 1024 1042 227 265 1790 1654 1787 249 1667
419 2137 1277 1183 398 37 1273 1855 2135 2229 1157 1879 1829 1094 1311 2131 1239 2234 0 1159
1331 2060 1338 1189 522 2302 1320 521 1351 1304 2313 1322 496 1332 1909 104 497 528 84 498
518 1379 1884 502 1325 1141 557 2355 2359 2433 1168 2375 2398 1960 2347 1400 1166 2325 2472 2367
682 1454 1438 2509 2317 575 2329 2453 594 1491 2466 1537 717 1552 2385 543 2461 1530 734 2316
864 1718 1738 256 260 236 999 1782 1753 1650 979 1624 1613 351 835 333 991 869 910 1648
518 2340 2030 1934 1481 2436 1334 534 1356 1908 2107 663 1893 1419 2385 1480 2413 2396 2376 1931
875 1703 1668 215 902 226 1036 1755 1024 227 277 977 1658 1006 1702 1752 229 894 1669 999
446 2252 1171 462 2257 1836 425 1252 1311 1265 2107 427 2262 472 1091 2163 418 1178 1832 1078
1413 2000 562 2416 1984 591 672 597 1437 585 1451 2491 2474 685 605 2342 2325 688 639 2407
933 957 1040 1794 917 923 903 925 909 1805 967 887 1003 1020 1811 1817 892 937 1808 1818
1408 1451 1459 2377 2463 1480 543 2393 679 1414 568 2406 622 1377 2490 1397 1477 1502 549 1411
298 1636 846 812 819 836 294 1640 1846 1659 1648 1643 1646 835 1620 839 820 869 1856 872
470 1192 2275 481 1169 1284 1138 450 82 152 1231 1171 1877 447 1868 1227 81 1250 1247 469
2482 2491 1432 2531 1400 2590 2586 2360 706 763 1441 2523 664 745 1417 2525 762 2393 2472 742
347 1660 1006 274 285 1812 1649 277 1017 996 330 834 1823 1074 320 865 1713 997 1826 883
275 319 792 288 370 1652 1869 1629 325 330 816 1859 231 298 1095 345 291 1613 1607 817
1674 1689 1728 350 872 1675 1679 1766 1018 231 874 1034 1653 1721 237 1671 224 1007 1672 344
1335 2313 566 2074 1388 2346 518 614 1384 2320 2345 625 634 487 2267 1344 1949 593 516 1391
42 2108 1877 1338 72 53 1141 84 39 79 1190 503 1119 1143 1340 2087 105 1137 427 513
1833 2161 240 439 217 356 395 1840 432 357 2151 1845 294 306 1831 1077 2203 2205 188 199
494 1139 1150 2311 1128 1330 2146 21 30 2122 2099 2092 2088 26 1117 48 2321 457 463 485
991 1779 1763 1760 1006 1015 1033 1702 950 998 1654 1704 941 972 1789 1018 954 987 1682 956
2164 2196 2145 1075 2173 2150 2157 1291 1074 458 429 1850 1281 2214 2199 2182 1053 2152 451 463
1610 1624 1596 302 295 803 262 248 807 258 1659 1605 315 834 821 857 275 296 333 284
1375 1943 514 582 618 1942 1965 2461 521 2452 1412 511 1360 1955 554 1376 619 2474 1413 1956
1445 2323 1968 1420 655 1926 672 2305 627 586 2376 2460 1375 1491 600 1480 2001 622 2464 1399
1095 1832 441 6 409 1130 1877 1114 1835 2190 2151 1090 422 2132 217 1110 8 451 1136 1032
339 367 215 309 377 1672 1674 2197 1846 1032 1829 2185 391 1660 856 273 1643 2165 243 863
540 1448 1492 1399 581 1930 1924 1944 2375 2356 2361 1331 1356 2371 589 1919 1351 2343 566 1496
1422 2486 1980 752 562 742 631 2439 2396 702 2594 1532 596 2360 2367 1459 1473 726 659 1492
83 133 1295 118 1286 82 2097 1317 2280 166 2120 2278 1302 2144 1228 1148 1249 103 1309 62
566 1971 663 1426 536 667 2372 1356 635 526 1965 1396 1459 617 1476 2426 2457 589 651 1366
562 1416 1399 1993 1958 2370 1474 1422 2407 1929 614 1960 1951 1423 1927 1456 1466 2456 2335 2317
74 2083 43 2081 2277 1310 1147 1271 1157 1224 2256 2276 94 2080 2062 1290 2069 1329 2096 1203
504 1874 1319 43 1852 0 2274 1919 1908 1106 432 1365 2137 1160 470 13 2130 1151 1854 505
1083 2161 2123 2171 429 1049 1864 2216 2252 299 326 1053 320 1112 313 287 389 1124 377 344
976 1024 1745 891 884 1692 1015 989 927 1004 1801 1779 1819 1770 1727 919 964 1791 1686 979
1317 2142 84 2295 77 103 1149 1286 1280 50 395 1082 1181 1128 415 2108 1145 499 2124 52
1182 1287 44 2124 89 1155 2254 140 2133 2129 1241 64 135 1175 433 491 1180 1275 1243 1260
639 1430 2407 1376 567 2476 1416 2367 587 1424 1439 570 2446 2439 652 536 1379 2340 2404 1998
1957 2432 2476 2484 2389 1928 1496 570 2338 1965 2362 2435 574 1460 600 1981 1969 2024 615 2345
664 2486 2524 1542 1523 2482 696 739 582 1383 1501 775 676 1479 2419 2438 596 1428 653 2431
499 2114 461 1134 1143 1337 525 1331 496 423 2104 1294 2097 1185 24 1299 1324 2137 1151 113
15 39 1112 1895 2104 1882 2110 1139 78 33 1855 2138 1172 55 2098 23 1152 51 2114 1138
678 2352 2008 641 1366 2431 2358 703 2414 1515 1360 2413 551 613 1413 525 642 624 2422 2452
679 2490 2472 2391 1513 674 1511 2524 2493 1391 1491 2526 1409 2434 658 2520 746 2513 2482 2388
2023 2338 2378 512 2421 1447 2457 2368 2042 2325 1418 1469 2414 533 2355 1407 2339 2043 1487 1424
815 1630 334 824 248 1661 843 855 811 814 298 1666 244 252 300 836 834 242 820 867
1947 2366 628 2357 1937 1948 573 577 2392 2434 2401 1930 663 1974 1368 1454 554 2472 679 1459
486 1313 2135 2111 2075 1289 2132 2286 1308 2099 2082 2300 62 68 2112 2285 1329 483 2314 2083
410 1083 313 2222 301 2180 1859 291 1863 310 1037 2162 2169 1257 2179 1039 21 363 2141 2122
1260 2113 1194 1344 446 2149 1181 1231 1274 140 2157 422 135 2241 1279 456 2130 107 1316 488
660 683 755 1521 2471 2466 2396 2497 579 1509 2344 1464 2326 2511 2509 1416 742 723 1543 2378
281 854 251 269 336 364 836 297 301 1628 1652 216 239 224 1601 1635 1642 1659 236 835
240 299 1078 1848 235 354 1623 1672 1644 200 336 1646 1830 1844 1611 335 863 1609 312 284
2368 2471 2382 1461 641 2004 2009 543 2355 2397 645 2448 646 1401 574 621 572 544 1437 2008
