788 795 58 786 801 740 728 777 762 70 718 738 757 741 67 735 61 74 83 739
324 654 650 664 255 665 349 615 275 323 343 661 668 281 335 251 336 653 294 301
61 709 733 81 10 727 12 789 804 798 60 22 67 8 0 71 782 86 725 87
45 720 781 722 700 46 57 23 715 738 30 693 19 76 60 28 7 707 723 54
32 63 25 711 93 746 77 727 64 705 718 23 723 743 0 714 14 62 697 11
188 197 177 225 216 200 178 179 227 159 195 194 168 186 196 205 185 158 170 221
57 708 45 39 705 56 29 6 694 87 12 795 31 723 709 64 71 55 799 733
80 790 744 24 709 757 771 21 59 706 35 776 27 62 764 780 67 785 801 802
453 601 585 474 451 595 471 482 613 577 581 608 609 416 485 588 622 462 428 446
288 326 660 261 618 628 349 317 302 248 632 273 616 321 256 642 621 665 303 300
581 600 470 611 455 478 616 604 572 436 488 589 477 614 567 472 585 494 481 467
273 648 622 624 240 663 673 238 630 640 334 652 323 304 275 301 319 660 287 305
49 701 30 65 59 79 711 58 20 801 724 721 84 725 43 86 19 6 61 702
122 134 147 126 151 120 119 107 152 111 115 132 136 155 102 154 161 168 112 173
43 64 54 697 69 20 8 775 709 787 26 30 58 724 691 63 743 9 86 36
325 666 323 645 351 249 299 344 360 624 615 684 256 319 665 653 355 320 340 261
666 680 263 285 687 290 650 281 692 23 652 638 325 647 251 16 311 246 260 672
67 705 7 788 777 697 44 716 24 740 82 73 36 778 795 72 86 792 783 42
409 432 380 583 453 456 448 462 396 420 375 385 611 421 388 445 406 436 413 455
148 162 143 155 118 126 125 154 145 187 114 172 132 113 192 133 190 163 178 169
271 297 270 338 641 324 673 259 283 230 660 281 650 275 628 666 251 333 651 262
659 666 288 620 232 230 290 633 267 660 618 674 275 307 628 239 681 686 231 273
66 783 742 736 715 25 797 93 23 713 86 28 729 751 54 750 798 88 42 802
53 82 61 99 97 798 49 37 66 730 711 800 69 736 91 721 695 31 694 797
81 792 728 797 34 43 730 770 54 76 56 739 720 788 6 715 22 733 32 794
81 99 23 14 795 717 34 701 24 65 57 800 117 30 25 73 728 731 79 93
451 474 481 573 493 445 497 491 612 499 477 590 503 426 452 473 441 416 448 574
271 284 637 305 684 275 643 663 245 317 287 659 249 304 645 662 263 669 678 274
57 78 50 737 803 738 789 99 724 711 695 707 735 84 56 73 792 716 32 85
22 706 85 722 727 21 689 51 712 726 692 14 84 8 729 52 26 691 36 70
155 163 156 115 131 138 187 197 194 188 176 165 157 146 154 120 122 166 147 172
357 382 355 396 356 393 337 377 330 398 619 376 367 335 620 371 323 415 411 332
276 648 315 309 301 328 641 659 263 261 283 289 619 655 653 290 336 306 657 243
709 730 692 77 791 688 694 781 27 761 85 703 768 5 766 760 770 712 754 697
372 409 426 358 347 360 365 361 382 355 381 410 412 352 376 377 380 400 396 411
331 635 618 325 320 347 344 290 338 322 359 292 646 294 302 622 327 638 345 328
74 721 731 796 69 800 66 75 718 715 46 59 30 58 78 725 792 92 73 88
391 408 434 367 421 428 441 381 363 364 417 352 382 392 425 389 380 372 353 359
343 630 290 312 376 322 617 299 337 353 330 356 616 291 314 342 647 636 350 639
776 787 750 799 758 729 772 788 727 804 83 724 61 777 798 728 767 68 752 722
59 721 802 751 88 744 784 714 775 793 752 745 783 776 51 700 733 53 782 45
62 746 742 94 29 72 86 796 728 61 781 27 82 42 36 798 710 788 89 35
413 428 410 386 414 411 446 372 415 394 465 470 452 409 427 448 457 421 442 462
307 652 268 259 321 239 260 646 250 643 619 274 645 240 340 615 662 286 671 295
84 798 720 18 722 731 62 40 785 93 24 102 51 56 91 100 788 787 50 32
54 694 728 720 71 33 713 15 679 82 795 736 699 68 712 88 799 722 10 86
8 697 685 61 9 24 722 78 74 680 715 81 54 18 72 15 58 56 682 16
19 697 679 56 58 696 699 30 43 693 65 707 73 32 33 721 6 710 38 52
291 317 256 324 303 319 632 333 316 326 331 335 622 239 254 323 300 271 651 638
161 185 122 135 164 158 133 117 205 177 167 149 151 141 146 147 194 127 182 176
116 155 179 99 162 101 173 171 178 161 156 109 131 123 132 107 130 147 180 106
485 556 509 506 512 466 528 456 524 541 590 585 493 571 483 491 554 452 542 484
489 588 469 437 435 470 513 485 512 504 607 516 574 486 450 503 606 438 608 558
80 788 770 716 759 73 25 741 768 89 98 59 805 35 754 789 96 803 83 36
723 748 47 84 735 719 767 802 77 53 67 724 54 752 83 716 39 59 762 757
148 164 117 157 119 165 161 128 162 175 187 139 185 134 140 130 122 150 146 135
233 260 659 273 225 665 295 654 211 653 674 664 672 642 281 276 208 255 249 673
460 568 423 578 599 602 420 462 426 476 429 590 492 489 438 428 473 485 513 443
264 285 238 315 682 305 295 284 647 323 669 304 265 275 281 639 232 681 301 648
311 336 616 350 293 306 341 320 370 634 667 633 279 642 657 371 281 353 621 343
291 664 259 265 243 252 311 242 270 674 329 316 231 673 642 685 247 289 321 651
368 397 429 342 352 387 393 334 417 371 413 375 380 383 426 406 338 358 403 422
459 477 455 456 572 463 579 468 428 485 589 606 558 596 479 450 451 442 470 426
729 763 747 728 761 61 57 783 69 775 735 743 53 798 786 741 725 55 709 74
300 624 283 672 312 338 286 649 632 611 354 279 653 251 601 347 665 270 285 260
498 509 530 475 540 553 485 558 482 567 481 523 545 488 490 566 579 474 529 525
276 641 287 654 259 343 235 621 664 304 301 679 299 312 278 637 342 657 619 289
267 659 645 279 256 263 262 677 268 304 300 233 681 307 246 323 625 329 237 318
293 645 295 262 663 314 291 664 636 628 318 286 673 324 637 270 642 245 315 667
10 707 52 717 75 686 23 689 42 3 678 701 38 7 39 73 19 76 684 695
398 412 435 419 409 436 388 411 402 410 378 429 380 386 396 434 365 387 393 430
78 785 89 798 765 769 746 730 753 760 697 718 59 68 762 739 55 747 16 715
355 365 408 377 384 364 332 401 387 399 389 382 343 630 331 383 619 347 346 378
715 799 784 780 698 695 90 692 785 734 736 36 788 80 66 791 29 32 33 26
284 648 244 268 629 334 669 659 649 290 280 285 232 309 663 627 657 282 642 304
242 276 246 320 688 672 251 236 685 258 313 638 662 300 642 279 255 268 214 669
304 625 348 323 611 608 300 668 293 266 296 658 315 612 354 309 613 633 314 317
401 412 410 360 357 393 392 377 433 370 398 369 428 430 395 384 441 417 397 440
379 398 408 392 415 363 376 367 401 397 423 373 374 433 394 386 426 353 368 409
459 574 560 587 468 435 508 478 563 500 566 565 473 582 423 558 562 601 453 446
90 795 741 98 785 95 713 75 52 804 57 738 89 71 791 725 773 61 790 86
680 699 241 716 63 651 692 707 5 15 679 663 693 282 234 661 51 232 266 218
423 452 467 404 397 594 419 485 406 604 455 422 439 432 486 399 471 476 458 451
252 665 628 644 680 253 291 305 316 282 245 645 276 286 233 642 327 235 293 241
440 614 443 644 641 437 424 471 602 621 454 474 475 476 336 409 427 465 435 436
420 450 411 397 396 587 577 476 426 410 471 433 464 459 470 604 578 479 582 417
267 282 239 655 225 325 649 664 318 641 677 642 313 287 654 634 241 233 278 657
248 657 672 283 645 286 234 269 655 673 648 326 322 671 323 292 623 650 666 264
304 632 609 271 639 624 272 633 263 659 614 314 301 317 643 310 292 651 641 670
480 565 556 562 588 459 586 542 515 560 452 486 473 496 505 528 535 529 469 498
146 155 121 114 186 166 160 123 138 129 156 170 183 119 126 140 172 147 171 125
756 787 768 744 759 80 778 63 726 779 784 71 742 770 789 58 775 78 74 760
472 483 453 578 596 494 602 575 562 590 558 572 559 451 569 492 508 571 566 484
351 375 343 630 407 376 347 632 353 322 305 320 625 349 346 393 620 396 621 324
732 790 718 65 82 737 796 47 49 721 58 84 719 51 734 758 786 794 76 59
515 562 473 535 503 544 561 495 541 539 571 525 555 490 553 480 481 556 474 566
501 553 513 491 502 476 530 499 572 515 485 535 531 477 487 484 549 547 543 504
332 633 643 632 363 284 361 640 311 621 658 651 635 610 351 341 326 636 354 666
787 794 752 770 70 67 778 804 83 802 733 75 759 756 767 796 732 60 68 74
279 666 648 667 320 317 241 263 325 281 652 303 630 649 251 660 247 326 322 242
5 698 710 57 68 699 707 678 690 692 714 75 42 53 676 32 40 718 709 1
307 327 324 358 325 650 303 669 340 346 281 343 353 285 276 633 640 299 624 615
435 603 607 464 585 405 448 446 605 459 590 465 619 467 612 411 617 604 596 606
18 43 41 22 683 699 707 12 64 40 3 65 700 711 88 706 689 687 28 14
321 343 313 296 311 299 367 333 331 303 374 337 358 636 297 371 633 288 650 615
473 484 474 487 462 512 589 440 581 491 488 438 454 598 560 463 570 493 599 437
328 640 656 308 338 626 628 346 285 624 649 663 670 310 356 614 647 282 642 314
659 680 656 253 263 686 21 663 254 224 621 303 8 660 668 653 682 636 331 262
58 703 33 59 35 712 698 693 711 36 37 739 705 24 90 726 70 707 796 683
177 188 222 167 156 175 209 144 155 165 218 198 202 148 131 181 190 159 134 171
309 658 621 678 255 242 269 656 652 305 337 263 314 304 320 240 333 256 637 647
314 331 620 357 652 281 646 342 348 629 306 279 622 616 319 359 653 329 337 642
594 615 602 638 641 324 580 639 608 647 605 579 612 650 345 576 466 649 447 342
76 697 19 793 66 90 54 710 42 782 71 22 92 78 713 96 724 729 726 79
49 705 32 60 74 24 25 727 28 5 70 59 36 20 71 9 29 801 694 10
295 645 656 332 285 306 274 255 238 627 325 252 620 331 660 260 307 337 280 282
248 659 241 322 286 293 629 268 247 242 632 234 651 688 624 291 308 257 660 281
362 398 378 395 423 419 412 432 337 418 401 345 385 404 407 382 347 417 326 363
371 382 362 343 391 348 416 353 401 407 337 360 351 366 379 344 408 356 400 338
207 231 291 269 249 660 199 671 241 182 201 184 186 271 227 284 282 196 220 290
6 679 243 696 278 13 654 255 258 220 703 242 668 248 216 279 693 235 660 244
115 122 114 106 101 138 147 149 110 97 111 161 126 124 123 157 128 130 144 113
231 289 208 206 651 284 257 657 246 666 662 660 256 644 241 279 631 240 670 269
283 669 660 293 305 291 270 247 253 674 229 657 301 656 282 635 284 289 255 654
67 699 78 703 62 797 736 738 692 735 47 57 700 26 70 714 715 61 31 701
8 29 63 82 77 51 721 32 716 52 86 6 71 25 49 0 40 56 38 681
477 484 455 454 498 501 565 441 510 458 464 581 576 457 439 562 595 461 504 495
61 732 81 733 740 43 711 753 702 796 718 757 701 71 22 742 74 797 698 84
313 647 328 279 323 270 294 247 309 298 332 320 345 324 342 268 250 642 265 257
11 686 265 224 222 674 22 709 35 48 710 40 261 223 700 19 711 244 21 680
41 87 727 691 37 43 686 71 718 795 731 97 710 73 693 5 721 1 95 33
22 690 710 688 74 53 713 49 714 718 673 33 79 67 58 76 24 26 19 689
677 688 21 251 295 42 662 293 216 1 703 689 278 650 43 701 285 657 14 294
497 548 487 580 553 517 546 507 559 511 543 561 498 584 544 499 516 575 505 473
335 353 648 632 340 616 312 635 367 289 306 358 642 392 303 331 384 307 351 376
764 779 62 725 751 738 781 791 67 762 63 768 70 753 727 798 793 66 766 797
769 785 805 723 79 762 766 780 61 73 751 783 754 760 745 788 72 767 787 724
120 148 155 140 169 165 146 139 161 123 134 121 163 154 131 181 172 111 183 136
723 733 48 40 703 712 799 701 32 784 791 761 50 798 747 780 72 46 804 779
216 677 19 21 669 651 194 681 270 239 193 189 186 655 287 695 688 276 230 262
86 96 706 54 803 60 27 57 68 38 71 103 76 82 100 25 106 804 796 789
21 56 22 18 680 694 12 679 802 49 83 795 80 728 43 58 87 691 686 5
656 681 6 235 631 682 252 691 279 18 687 29 266 284 23 329 639 265 635 628
689 711 684 10 57 727 19 690 69 714 699 61 678 691 37 706 85 83 59 719
47 721 700 774 86 60 728 12 778 66 74 65 737 5 23 56 692 6 709 39
253 295 258 264 316 266 306 280 269 683 647 336 688 223 265 234 227 333 319 305
782 793 720 802 756 82 786 738 767 70 800 794 65 72 772 799 76 788 73 791
407 431 401 415 436 391 469 451 464 447 389 410 424 426 379 467 455 428 372 373
599 611 606 443 461 618 593 640 463 610 624 617 588 434 581 433 589 635 447 612
453 571 476 468 570 500 575 456 589 457 595 610 514 455 478 419 554 506 452 467
