783 810 722 744 821 725 812 779 780 728 742 713 1094 809 1097 769 736 734 786 763
156 935 180 136 183 875 244 152 1099 237 942 1119 885 994 989 931 215 1007 157 977
247 1085 1042 936 274 1079 1072 1018 1070 243 1080 248 220 1005 268 1069 277 224 265 269
838 1125 882 98 958 99 854 973 893 777 1113 101 1138 756 825 960 998 985 68 1107
843 998 836 1104 943 67 910 959 824 982 999 927 1117 856 963 954 767 974 869 864
181 219 914 247 193 142 930 944 935 149 927 929 201 1004 859 146 173 148 189 151
740 829 1098 815 920 727 792 856 723 11 45 997 871 807 1130 872 1111 1117 757 761
857 1000 1032 153 997 866 1107 1010 1130 930 847 870 845 1120 1012 50 189 49 1088 883
54 767 83 788 94 35 745 852 1096 840 855 768 106 765 779 839 87 14 827 1097
537 548 512 572 532 553 558 523 531 524 547 567 585 519 518 577 576 541 488 549
574 608 565 576 593 602 620 599 633 545 588 543 547 549 541 600 605 616 626 595
42 123 151 22 105 850 853 1143 860 856 833 27 831 1121 858 1152 1124 1136 1150 38
110 910 195 917 858 847 121 95 94 835 196 12 913 120 39 865 0 1123 871 35
485 502 521 494 446 531 406 488 518 444 497 432 514 470 493 535 450 419 513 472
857 977 906 948 829 1125 945 1160 927 972 944 876 866 1121 105 961 941 40 167 97
901 1110 15 930 996 1130 830 1118 62 972 16 37 1109 939 844 818 875 973 40 863
774 789 838 813 768 831 754 764 745 765 750 828 770 836 837 763 835 1100 1102 820
165 916 918 1135 850 923 187 825 995 1155 994 952 878 1117 174 1147 944 859 996 151
876 979 1101 1151 1098 969 837 1122 826 1156 897 899 972 857 1129 902 881 909 917 1127
557 572 590 550 534 531 541 607 568 524 555 516 549 597 554 551 517 595 586 559
565 585 612 569 531 552 616 542 541 603 556 574 586 547 545 590 607 613 595 551
672 693 649 699 710 662 700 713 668 670 718 671 694 705 647 656 678 724 712 643
1021 1075 247 1077 1010 1052 242 266 1046 1011 1033 1071 258 1019 1051 1068 1072 1001 1053 1060
100 115 913 14 129 847 849 62 60 1151 922 1150 61 930 1002 944 137 848 918 44
136 909 1161 130 134 931 112 907 876 890 929 137 1152 144 851 166 1151 1108 190 838
869 947 833 932 979 1001 914 1000 1005 212 870 176 1119 899 181 972 861 1144 965 826
741 802 826 822 761 724 755 827 743 764 735 768 746 818 767 814 797 800 811 757
406 447 397 416 489 400 433 419 428 478 429 452 394 443 455 403 432 426 471 402
513 561 515 534 514 596 503 553 482 590 575 571 595 581 476 570 587 543 472 522
848 996 938 61 863 992 943 870 931 207 904 1023 974 1013 961 162 769 1081 209 1095
113 1149 1115 876 1124 120 109 130 917 915 142 17 132 1150 107 903 857 111 1151 137
344 372 395 319 368 347 398 361 312 317 396 348 327 325 366 381 328 369 346 320
39 1134 21 864 905 47 862 927 121 19 10 829 35 116 976 871 827 1156 901 6
837 1117 974 999 1120 755 995 973 1125 1102 842 867 893 768 926 870 956 887 1143 1109
212 865 183 996 1152 907 1137 885 961 177 836 1148 1101 883 1146 1130 936 975 908 893
831 979 848 765 1108 946 965 896 1129 1004 3 775 897 47 1128 862 772 958 930 832
403 419 382 454 400 501 384 457 441 401 483 397 386 385 484 388 387 393 473 395
85 98 1094 114 923 121 105 5 133 941 841 164 856 1004 103 850 91 150 1090 917
178 1090 1039 1076 1075 935 941 149 199 938 207 1034 921 853 247 95 96 919 943 165
325 331 298 306 346 317 359 337 308 357 321 314 342 335 313 345 319 307 318 340
445 468 433 402 476 422 417 462 399 443 496 494 387 464 453 444 401 448 434 497
389 438 415 477 390 431 421 429 408 398 485 407 473 504 455 375 463 403 445 500
47 854 8 861 74 155 191 857 103 940 208 831 987 34 207 843 60 1104 998 206
497 515 486 510 548 533 420 561 545 464 471 521 508 498 519 516 431 553 492 436
191 220 924 941 175 923 183 233 202 247 170 864 194 949 916 196 854 173 249 863
363 394 422 371 376 420 359 382 387 378 409 358 418 454 403 414 375 424 339 435
143 926 172 90 1121 55 1130 860 193 936 899 890 101 902 108 840 934 1133 939 844
941 991 994 154 853 1091 104 1010 1098 856 1088 1004 958 823 845 234 166 181 233 98
1011 1072 1103 995 940 1037 1067 1051 1059 244 1008 1077 1021 997 1009 1047 1070 1085 236 987
454 469 426 404 415 409 511 391 475 425 505 462 397 515 461 448 517 423 450 489
866 1115 958 57 123 897 865 846 874 985 1113 1111 49 857 1149 1157 124 842 960 829
412 500 392 503 483 475 459 481 458 501 513 418 491 489 504 416 508 397 395 525
951 1004 857 195 970 981 206 939 961 1075 837 954 1019 1123 928 1074 1029 1106 1084 956
731 807 750 796 707 747 809 773 824 730 803 706 741 695 702 737 805 712 814 799
913 1108 190 1006 212 1119 160 10 853 1127 917 1116 47 1113 895 860 54 970 923 965
549 559 566 587 564 544 527 580 511 582 539 584 588 536 509 550 530 575 561 508
265 287 267 253 251 1028 308 276 275 285 1032 245 292 270 291 306 1027 263 1015 1021
183 915 147 943 39 50 225 919 895 930 1134 166 877 956 52 928 149 846 1138 903
976 985 892 1104 924 930 914 840 874 1119 1097 879 1118 875 939 1124 915 1130 964 988
1031 1081 1048 1076 249 1091 1067 996 1030 255 1089 243 1044 245 1056 936 1054 1075 1049 1085
1060 1083 1075 1079 1091 1004 1028 996 994 1009 246 241 1031 1027 997 1046 247 1076 1002 937
856 968 998 50 220 56 59 158 1108 217 905 906 865 868 835 1151 167 991 881 10
13 1120 112 940 985 992 1123 39 982 830 840 121 905 864 872 929 879 31 33 1134
872 953 112 875 914 910 936 1108 854 933 1147 832 827 1006 836 913 873 934 926 890
776 815 798 790 802 1104 825 781 1093 824 1099 827 839 808 826 799 821 791 778 794
64 843 870 211 865 837 1095 846 850 214 943 942 53 905 60 828 62 86 1098 209
352 365 361 390 332 353 338 340 384 368 370 383 351 382 330 359 327 376 325 366
832 926 913 897 975 195 145 239 908 973 194 211 947 862 46 845 817 825 865 872
541 553 546 589 534 505 494 496 582 564 522 507 587 526 559 502 586 538 537 556
20 111 134 1142 124 161 867 1149 135 31 51 131 13 100 43 153 870 39 160 1139
236 259 282 1027 1012 924 209 1011 1032 267 247 228 1018 1085 230 940 214 931 942 1015
411 451 432 487 398 468 435 491 406 389 417 419 483 393 436 474 503 439 489 481
106 915 1128 212 1139 958 198 898 171 148 115 931 218 127 947 84 108 826 923 937
589 601 613 618 626 578 615 577 628 566 584 603 624 581 629 607 570 625 552 573
257 1020 228 1008 1083 245 268 255 1015 996 1071 282 285 263 283 1067 1053 1035 278 1019
512 544 508 476 535 564 548 492 490 466 502 573 562 510 541 533 522 553 421 473
1009 1030 831 1060 252 1004 1057 1016 929 249 1038 1093 997 245 178 1043 933 260 1025 932
727 734 752 776 761 726 790 706 683 773 701 700 709 791 694 751 719 796 699 797
161 934 971 839 162 903 1157 898 1116 185 923 974 867 873 158 155 144 1003 171 979
1010 1066 937 1058 1073 994 1068 1099 1002 1095 237 1094 1052 1011 982 1045 1079 236 1083 245
118 1151 99 102 47 866 141 135 895 900 114 10 1147 2 888 915 148 911 1145 875
871 1140 842 945 955 894 928 835 828 905 916 1104 991 904 24 1126 907 1146 1106 202
136 173 164 139 106 211 145 117 181 133 931 161 204 120 195 847 214 162 168 107
11 1122 1121 172 976 942 1107 918 894 63 881 1106 1102 1148 846 19 858 958 966 110
304 324 297 271 309 331 323 351 347 280 290 338 282 314 329 321 310 276 340 285
213 917 204 989 872 218 4 881 182 147 7 0 931 954 1148 159 179 861 245 832
751 781 811 800 833 737 786 760 809 839 794 768 782 801 1098 765 783 739 810 733
332 347 314 305 370 330 361 343 326 355 358 376 308 357 315 333 372 336 342 360
388 435 465 434 467 361 393 417 404 497 392 485 370 405 424 400 502 373 490 438
939 951 917 93 943 840 1088 208 101 214 984 970 1122 839 895 841 157 1092 228 848
20 112 17 1158 132 1146 100 1154 133 124 38 1133 1139 1135 6 31 129 97 98 147
132 167 920 944 186 159 861 136 153 924 852 918 200 143 860 1156 104 148 122 115
943 1108 830 912 150 893 1005 1129 1090 10 234 868 974 228 9 828 174 1097 1114 105
503 511 530 529 428 548 490 468 412 515 546 423 470 539 523 467 528 547 540 480
38 101 50 848 826 116 122 26 844 847 93 8 1088 922 1114 102 59 1154 95 907
760 790 751 787 749 729 1097 64 732 844 772 793 743 733 776 785 811 67 780 812
306 334 341 278 347 286 296 310 276 326 332 311 342 359 281 319 283 336 317 356
8 60 118 1111 1129 756 764 46 766 116 61 98 1139 92 102 114 1130 858 23 921
112 129 945 138 99 866 158 147 98 922 145 128 1154 142 141 1146 114 159 105 106
1013 1038 1024 1003 988 1016 1073 256 251 1071 1005 239 1035 1018 255 1030 1070 1083 259 247
648 660 694 674 684 613 639 650 698 626 646 627 695 620 616 615 628 665 619 679
142 935 157 1125 918 908 865 982 992 1011 207 151 891 156 920 968 173 830 875 153
85 925 205 152 1105 834 998 939 204 1118 982 136 82 967 69 1131 1001 1129 1003 103
52 757 72 735 21 39 781 71 766 1100 17 786 759 788 33 853 9 843 924 1090
56 922 15 130 6 832 218 952 849 894 201 1129 757 994 169 1116 154 1130 1098 226
195 920 1106 863 102 217 910 899 881 908 938 1119 858 890 902 937 206 925 942 57
649 670 699 618 709 668 687 635 643 693 707 664 676 704 681 671 712 686 673 685
990 1110 43 1094 956 5 55 946 1123 1128 875 1004 871 1132 916 970 932 1005 825 948
912 1137 838 1124 44 855 117 824 21 105 918 977 917 193 1115 897 988 937 939 176
997 1099 922 750 1078 918 858 996 925 767 965 49 917 1016 1084 938 783 832 1094 757
882 911 831 170 909 46 941 988 955 959 905 951 194 152 1139 112 169 1119 987 103
104 162 96 852 848 64 847 56 187 948 1123 73 164 161 144 938 94 16 131 82
394 444 476 447 403 388 415 462 387 436 460 470 433 362 384 443 472 429 359 412
422 467 485 448 466 395 503 479 458 500 398 453 442 449 432 408 416 504 478 436
534 545 493 509 525 498 511 496 559 566 539 527 540 529 524 487 561 576 506 513
173 926 880 222 831 895 930 906 98 178 846 993 99 981 951 170 879 72 838 887
995 1089 910 993 1070 1077 949 1019 960 974 1122 947 1036 1071 864 1011 1037 1078 242 906
979 1131 873 911 23 963 958 1115 1094 877 1108 6 941 948 1129 904 961 15 118 1133
53 105 840 1113 79 158 910 925 115 1104 97 120 84 1159 146 81 5 927 920 760
861 986 991 914 942 1 184 132 988 164 949 222 927 185 870 199 863 950 1154 1093
174 923 53 901 220 858 1108 878 839 881 941 157 1115 924 835 1123 1118 875 180 219
904 970 951 1105 113 972 933 916 883 930 832 964 827 855 1157 1121 937 114 912 903
218 948 1125 930 197 971 208 973 164 858 996 855 1107 1094 245 932 840 859 970 236
912 936 984 1108 934 1121 233 226 139 897 134 835 103 10 1107 965 130 112 174 990
111 910 35 196 980 979 1102 904 961 918 828 125 835 957 826 146 934 141 1151 7
838 908 758 124 914 199 828 983 51 133 833 991 119 45 822 212 195 953 201 945
121 1152 23 878 912 919 3 893 137 8 128 891 113 880 1123 1139 30 874 899 163
848 871 1138 76 830 924 1097 1106 201 901 870 1124 1126 82 115 874 948 966 59 165
663 688 676 677 707 678 695 726 681 714 686 711 713 639 717 637 634 689 702 716
34 45 19 26 44 99 56 908 829 919 907 76 94 915 1149 1160 101 832 107 124
871 994 1120 831 968 1103 961 848 1114 972 862 1126 935 1143 825 837 916 920 865 947
521 529 510 555 513 550 562 542 485 547 554 540 499 500 530 544 472 481 498 492
630 642 634 611 670 603 608 657 615 656 663 662 633 602 682 640 652 677 612 609
376 390 385 428 402 372 444 393 369 438 399 440 451 359 371 408 431 454 396 400
178 923 935 934 1117 47 875 78 936 209 212 912 206 220 158 1134 202 217 836 902
941 966 131 989 202 229 1090 906 232 128 1118 132 849 854 168 988 962 96 956 213
971 1121 1099 189 902 955 894 19 833 916 933 888 1112 947 945 1143 920 1115 988 935
122 142 168 37 131 143 114 155 161 916 1147 148 915 902 12 909 905 924 110 130
145 160 139 851 939 915 858 115 198 195 156 197 945 114 112 946 153 944 1130 867
943 966 129 939 127 1115 141 102 849 1124 909 935 152 216 972 1004 918 193 917 227
834 928 1118 129 95 190 1110 176 873 180 774 750 825 846 58 852 935 861 745 758
409 421 492 439 483 406 509 495 419 395 473 423 472 490 512 448 496 481 450 440
212 931 898 888 951 871 209 1124 161 201 99 991 1130 94 923 195 1108 155 996 937
88 101 116 139 924 164 137 4 121 141 918 940 156 94 167 56 840 133 47 1088
213 909 1132 156 954 958 858 848 135 860 12 863 890 897 1159 893 239 984 864 42
438 464 440 474 397 416 452 450 496 492 410 428 415 497 388 494 483 485 431 490
739 774 1099 792 800 824 810 765 1100 786 1103 835 52 837 767 734 49 822 729 741
831 1006 851 859 3 915 842 818 49 758 53 238 40 921 918 1132 902 1003 953 846
850 1130 831 211 980 937 834 923 8 105 847 4 179 933 158 174 162 996 948 49
171 180 167 193 1120 1094 913 189 1123 177 136 946 159 1118 917 939 194 215 187 178
