1245 1826 26 1355 1244 1257 1562 125 48 37 1515 1350 1465 1462 1436 1505 38 1344 1824 1300
1003 1722 1748 752 948 1063 991 949 1666 1071 1115 1040 1090 1121 1685 803 1010 1085 1038 950
412 467 420 414 270 222 534 555 241 278 540 266 294 481 598 218 425 302 563 524
348 445 355 323 488 536 405 438 363 454 326 272 496 259 404 389 448 242 252 240
345 362 536 483 294 510 247 606 620 501 481 415 266 412 267 429 332 499 260 383
656 912 308 330 868 766 935 773 335 828 319 589 732 869 886 943 667 864 602 665
389 599 415 660 594 605 438 342 421 661 580 455 276 334 277 336 449 524 600 567
1432 1822 1465 1231 1577 41 1270 1185 1503 1389 1370 1302 1541 1455 1332 50 1197 1551 1556 1825
828 956 984 890 887 866 770 806 983 769 817 972 805 879 926 899 973 792 996 859
1489 1552 1440 1625 1481 1286 1221 1486 1257 1533 1463 1413 1583 1495 1831 1309 1828 1634 1435 1511
671 724 722 734 601 885 939 672 606 589 318 749 704 697 922 906 766 309 928 647
1674 1719 1663 1019 1656 1650 1703 1746 1666 1743 1078 1083 997 1016 1087 1064 1641 1730 1714 1753
1196 1770 99 1762 48 1774 1129 1785 1157 76 1133 104 1191 1187 1099 58 19 1813 68 23
432 511 399 240 555 211 417 318 282 470 459 274 451 344 285 273 616 412 617 327
770 1004 900 945 846 742 949 1725 850 940 762 880 1722 985 1728 1020 783 791 822 866
1304 1460 1524 1816 1415 1274 1324 1370 1394 1444 1811 1273 1548 1495 1446 1808 1341 1386 1358 1526
637 675 300 618 677 313 704 729 718 327 699 323 698 605 679 706 645 319 324 716
986 1022 794 838 1728 1711 832 1075 951 979 782 813 980 770 1047 835 1054 836 1722 982
38 61 133 26 65 1190 1232 1814 13 12 102 116 74 1208 1827 1234 1171 149 1202 156
760 846 717 892 758 723 775 1005 810 798 737 803 897 999 973 1009 724 961 731 777
1671 1690 1032 1653 1641 1054 1042 1080 1646 1684 1721 1692 1083 1707 1733 1683 1691 1659 1651 1650
297 369 233 260 391 299 313 373 234 257 351 598 596 537 287 231 503 293 308 338
1266 1800 1575 1242 61 1421 1173 51 1765 135 55 1608 1598 0 78 1587 1373 1301 1470 1482
720 914 874 809 687 635 828 940 903 821 842 935 675 762 763 819 639 922 673 671
1157 1794 15 1824 1104 65 114 1782 1815 128 1147 1284 1275 1756 1240 1803 1255 103 1825 137
275 344 335 500 336 399 613 642 626 416 299 455 608 526 274 621 404 303 407 596
1103 1789 1556 1529 41 1769 1602 1218 1614 1589 14 1757 1121 1740 69 1816 1149 1074 1731 1170
402 473 358 615 345 205 252 266 470 361 593 573 324 553 556 270 539 259 364 264
51 145 1177 155 1780 1792 127 77 199 41 1206 45 39 30 139 172 1241 218 1217 87
804 903 861 870 992 753 766 756 1012 935 907 1014 818 780 858 836 855 796 755 835
75 108 1816 130 1769 162 1791 4 47 104 59 1215 8 51 65 52 84 46 1810 1203
1114 1152 1067 1740 1103 1797 1728 1733 1161 1742 1074 1192 1173 1737 1190 1092 1106 1080 1142 1752
247 494 556 508 261 385 518 296 280 251 418 514 254 239 607 395 434 293 529 337
14 1216 1603 1819 1181 1600 1564 1804 1771 69 1569 1766 55 118 1579 1796 1830 1191 1602 43
183 211 229 497 147 193 502 240 82 267 505 181 258 76 472 223 210 476 485 179
233 253 341 344 433 429 471 169 493 430 539 536 288 473 454 528 232 514 324 213
289 479 447 543 576 359 432 617 618 546 386 337 339 218 274 258 490 409 494 518
356 599 362 378 297 655 440 603 288 326 596 339 634 412 695 499 381 614 712 497
43 1206 1800 0 1188 1579 1837 1775 39 1571 91 1201 1204 81 1237 4 102 112 1761 1598
24 1832 1176 140 1530 1549 1208 1782 152 1772 103 1815 1198 1425 1836 1543 1190 1541 1229 54
755 951 955 888 813 970 841 848 921 901 729 890 922 996 805 874 809 815 806 1013
1309 1837 1238 1261 1519 1805 1246 120 1494 1337 1515 1344 1473 51 1202 1390 1799 1299 33 1525
1279 1827 92 109 1494 1469 1394 1814 1533 1472 1273 42 1430 1244 1510 1443 1210 1370 1828 1208
258 306 431 614 372 513 619 475 267 692 265 697 303 366 220 278 661 683 599 682
1558 1764 1614 1117 1550 1275 1294 1825 1244 1123 1754 1475 1093 1213 1201 1271 1817 1829 1510 1125
798 973 911 896 860 793 920 861 913 1020 886 1011 1014 867 773 846 871 857 864 751
103 1200 88 1831 14 1179 119 1789 1819 1235 7 1785 140 123 37 1828 4 1159 1757 1194
1441 1834 1490 1567 1245 57 1454 1198 1538 1360 1400 1375 1216 1549 1240 1825 16 1364 1310 1382
1054 1068 1746 1018 1670 1061 1673 1019 1060 1102 1044 1027 1682 1047 1057 1032 1031 1010 1725 1073
1266 1826 1539 1355 1207 120 1303 1573 1606 1494 1444 1497 1590 1344 1447 1378 1812 1279 1491 1295
1533 1790 102 1788 123 1462 16 1229 1355 1628 1309 1130 1535 1537 1134 126 1811 14 1596 1146
1086 1746 1048 1750 1116 1042 1761 1769 1717 1718 1714 1068 1140 1703 1679 1698 1661 1716 1143 1052
9 44 130 1206 1196 1770 1215 50 1214 1207 105 30 1184 1777 1190 1790 1794 1204 1234 1210
1694 1730 1049 1664 1142 1034 1089 1710 1047 1757 1761 1674 1743 1755 1008 1060 1716 1053 1739 1073
1458 1489 1498 1328 1306 1329 1284 1311 1596 1510 1429 1491 1349 1813 1566 1826 1433 1319 1279 1276
934 951 875 750 939 868 809 902 843 816 729 715 899 723 834 756 813 819 946 757
202 462 345 483 315 278 369 153 530 413 463 218 384 548 147 150 227 447 484 394
1471 1562 1365 1258 1508 1428 1812 1612 1574 1446 1509 1552 1596 1222 1246 1588 1262 1306 1478 1491
1280 1534 1299 1238 1258 1631 1389 1254 1540 1334 1341 1526 1450 1805 1391 1251 1324 1326 1397 1249
776 993 963 1038 733 793 802 1014 823 908 914 760 902 756 819 995 997 806 792 893
366 469 617 441 468 588 268 281 519 214 555 385 326 496 460 361 586 583 324 226
943 992 864 768 814 1038 791 902 856 1019 1004 824 942 730 733 987 843 831 957 851
1098 1728 1154 1690 1120 1007 1002 1149 1780 1055 1119 1737 1722 1689 1753 1118 1037 1089 1761 1028
736 764 882 1002 912 738 859 775 995 670 971 728 810 657 881 833 842 1010 702 710
1140 1779 9 1791 1131 1190 1608 1217 1248 56 1101 1569 1108 1133 1081 98 1127 1800 1780 1803
1332 1392 1521 1481 1285 1346 1266 1269 1312 1302 1326 1440 1388 1402 1343 1475 1293 1362 1515 1316
65 108 1208 1833 1228 82 74 1206 138 1797 158 1185 1812 1 4 14 1191 2 1777 151
876 967 996 759 997 871 929 919 812 770 777 921 959 910 1015 918 976 970 933 877
1499 1614 1805 1305 1817 1434 1357 1495 1314 1605 1437 1547 1575 1294 1618 1451 1808 1554 1531 1541
1035 1684 984 1020 985 1033 1712 996 1709 1051 1678 1664 1014 1018 1739 1746 1065 1019 1735 1066
1312 1522 1816 1436 1514 1608 1598 1314 1330 1286 1391 1571 1255 1562 1823 1337 1558 1433 1588 1423
1300 1410 1271 1376 1415 1330 1441 1325 1476 1808 1460 1332 1387 1486 1520 1321 1519 1530 1482 1429
1244 1792 1221 1270 1762 67 1771 1286 1162 70 1523 1553 74 1815 1773 92 1555 1273 1530 1560
1406 1415 1416 1312 1270 1353 1472 1482 1478 1291 1337 1285 1497 1477 1499 1446 1492 1351 1397 1463
1199 1584 74 1184 1165 55 1156 71 1534 42 63 1477 44 1593 1228 21 1624 1290 1497 1210
1552 1605 1270 1500 1292 1271 1624 1491 1484 1541 1244 1454 1769 1285 1626 1239 1511 1304 1836 1185
512 543 263 612 614 305 378 315 566 466 611 561 492 497 348 488 448 272 313 533
308 711 537 671 925 315 275 313 675 283 921 232 674 286 311 681 642 518 732 499
87 1202 102 76 1832 137 66 42 1170 1762 96 1176 147 1208 113 1815 1823 89 1809 1161
1064 1680 1755 1743 1095 1656 1677 1695 1667 1088 1027 1087 1714 1728 1030 1066 1750 1024 1692 1687
1291 1553 1561 1283 1369 1821 1474 1799 1603 1819 1354 1300 1526 1489 1314 1573 1276 1467 1623 1476
1338 1466 1521 1432 1460 1534 1396 1459 1283 1467 1549 1322 1444 1495 1368 1307 1323 1437 1296 1337
246 440 448 272 479 431 447 235 379 388 465 336 202 225 354 484 536 262 383 253
586 644 551 406 467 718 567 489 494 711 698 704 514 629 722 476 605 591 714 305
1299 1827 1319 1810 1336 36 1280 1512 1353 1523 1534 1184 1796 43 96 1189 1351 1448 1806 1493
66 98 102 1212 163 47 144 35 1779 13 27 115 9 194 1807 68 104 126 187 46
831 998 943 791 773 798 1025 895 825 995 916 786 993 889 780 890 954 884 914 1027
766 843 849 908 720 903 744 780 998 1006 924 839 856 778 948 910 990 879 861 741
319 644 307 232 692 359 518 239 242 680 671 278 259 582 295 643 650 614 469 272
80 1806 187 41 1243 91 55 145 1254 6 1256 1525 1292 1529 1804 1175 1820 1579 1270 48
1575 1776 1549 1615 1219 1264 15 106 1565 1778 1274 1562 1518 47 1255 1097 1612 1206 1527 18
1044 1715 1027 1670 1082 1012 1051 1067 1723 1696 1731 1023 1677 1754 1039 1016 1076 1737 999 1052
557 598 362 594 495 657 263 409 604 365 569 267 467 566 492 645 602 477 592 671
792 939 863 797 822 1013 861 855 886 819 835 888 952 913 791 1011 751 891 770 881
1491 1574 1271 1561 1611 1791 1567 1288 1427 1808 1221 1446 1276 1444 1181 1542 1628 1447 1352 1456
1337 1372 1396 1420 1387 1504 1529 1484 1495 1417 1826 1426 1395 1367 1278 1260 1296 1834 1526 1518
1297 1570 1363 1551 1323 1275 1462 1424 1791 1345 1232 1535 1293 1757 1554 1351 1365 1270 1285 1403
314 616 329 518 271 241 474 588 578 466 369 547 287 709 243 240 368 523 530 264
58 1221 1585 1232 1551 1231 125 1802 1765 1183 106 1781 93 1571 53 1808 86 140 1206 90
244 263 220 367 312 362 372 593 483 218 298 487 472 596 508 413 326 356 273 454
1028 1070 1093 1741 1106 1679 1033 1071 1056 1708 1720 1014 1088 1082 1101 1075 990 1687 1099 1698
426 492 437 222 600 416 488 461 360 511 469 490 243 216 237 560 338 466 361 324
768 788 913 769 985 826 781 987 925 957 1011 780 825 992 868 934 1018 797 908 815
803 922 938 747 878 796 700 1006 713 845 818 869 755 782 727 769 791 1008 668 775
868 933 720 752 852 871 717 809 791 856 725 847 862 757 821 713 766 733 886 826
84 100 80 37 183 1807 131 1833 1793 1210 185 1805 186 1834 16 122 180 106 8 1225
1106 1781 53 1073 1134 44 100 32 1124 6 1563 1786 1191 1547 1616 48 1622 1097 1212 1155
1485 1555 1269 1567 1252 1356 1803 1502 1285 1617 1584 1455 1623 1632 1489 1305 1435 1598 1609 1482
837 922 819 986 924 864 717 713 881 960 805 935 923 862 883 832 861 823 933 668
1342 1459 1525 1479 1407 1268 1356 1369 1383 1833 1505 1827 1535 1395 1401 1439 1292 1387 1829 1449
73 1787 1757 122 1756 23 42 1807 1233 1096 1749 152 1203 50 1549 1544 11 1611 1141 1596
1185 1807 1506 1293 1574 71 1589 87 1188 131 1523 1262 107 1290 1570 1268 72 126 1470 1178
1278 1534 1411 1464 1569 1386 1382 1340 1288 1554 1296 1578 1468 1401 1434 1633 1808 1347 1594 1332
1368 1446 1401 1522 1507 1498 1502 1304 1814 1559 1318 1279 1382 1443 1488 1412 1810 1433 1266 1413
225 238 281 226 459 241 321 486 482 474 448 451 489 504 200 271 253 205 458 460
1282 1457 1424 1368 1366 1517 1376 1266 1248 1452 1304 1585 1522 1442 1298 1821 1311 1285 1797 1832
304 336 375 520 506 234 493 664 505 662 237 409 653 399 476 358 253 262 665 525
1111 1728 1022 1037 1024 1746 1789 1095 1147 1166 1025 1781 1756 1009 1692 1672 1737 1137 1093 1079
1325 1512 1488 1486 1579 1270 1290 1527 1330 1617 1370 1449 1281 1369 1273 1392 1600 1302 1292 1298
285 372 353 521 292 272 307 619 442 625 530 375 393 233 386 293 394 406 503 606
276 492 465 594 464 621 603 290 370 304 624 526 415 475 349 292 474 326 231 266
441 519 213 399 347 506 603 416 263 409 465 439 487 612 342 601 454 371 491 388
269 374 368 601 502 476 383 377 367 382 246 228 474 614 559 301 537 528 335 361
1481 1547 1824 1553 1312 1275 1494 1582 1497 1410 1233 1320 1562 1340 1213 1771 1496 1279 1291 1419
108 157 1 1822 74 101 1793 1773 127 173 143 72 7 1825 205 175 107 1791 73 1803
1600 1803 1224 1588 1481 1579 1591 107 1776 1838 1777 1586 1621 1574 1580 1770 1550 1157 1816 1241
817 1007 1025 818 805 843 986 926 852 971 1723 898 812 955 847 871 933 1712 984 892
1352 1821 1555 1507 44 1808 115 1803 82 1518 1591 1328 1339 1818 1530 1279 1298 1224 1553 1304
296 585 314 617 661 380 377 538 662 525 350 511 563 514 507 523 242 349 279 482
1449 1536 1278 1533 1333 1330 1403 1423 1214 1804 1376 1621 1350 1500 1497 1835 1581 1343 1798 1357
447 509 484 221 418 588 452 405 542 395 514 508 557 473 420 564 403 482 213 244
980 995 791 768 936 935 754 786 811 1000 979 812 827 967 972 976 763 840 949 945
243 313 540 445 538 656 544 428 634 685 246 499 680 348 509 485 435 226 236 233
910 946 1010 963 748 857 889 966 813 815 833 846 883 825 670 737 998 790 705 962
1602 1774 1176 1739 1633 1125 1782 1742 1130 1808 1257 1170 1780 1101 1578 1537 1097 1636 1749 1576
803 983 882 970 891 785 981 995 796 947 885 999 1048 951 923 907 789 954 883 940
1295 1549 1561 1383 1592 1371 1791 1606 1242 1482 1235 1234 1245 1313 1400 1335 1615 1495 1304 1558
7 49 1826 124 140 99 96 1784 1215 1225 1781 123 1820 1816 1200 1786 1231 1220 1181 1212
82 143 1211 187 201 209 1787 1214 1215 47 186 132 106 0 58 1820 1819 71 195 1204
49 1193 1593 1159 140 1232 1588 28 46 110 106 1195 1795 71 69 1785 1164 1821 1781 1819
1612 1642 1564 1666 1784 1648 1533 1773 1653 1484 1534 1519 1614 1628 1520 1589 1643 1627 1580 1619
396 563 500 381 287 423 626 503 476 605 449 451 504 601 371 384 413 615 524 403
51 1769 13 1589 1569 103 1120 91 17 1755 37 1227 1209 101 2 1784 1793 1218 1602 1552
762 804 1006 764 1018 906 915 838 941 989 900 1014 1024 822 721 723 736 859 1001 998
399 499 339 336 332 521 623 367 244 252 617 510 376 473 448 343 575 364 230 325
1541 1819 1804 96 1322 1312 1292 87 1795 1830 1424 1433 1474 1592 1782 1231 1436 125 1837 1535
277 300 413 279 243 280 497 417 517 650 484 443 356 269 587 291 235 262 509 512
1460 1834 102 1258 1270 1440 22 1827 1449 1267 1323 1461 1271 1423 128 1429 1556 1513 1470 1225
53 97 1826 174 173 38 143 1194 93 166 162 1191 110 0 1812 2 115 1767 1237 89
1181 1750 1656 1822 1722 1794 1134 1213 1115 1710 1798 1789 1803 60 1667 1733 1775 1177 1182 1758
