42 1022 652 1032 76 647 653 1752 39 988 1007 990 22 55 1009 1765 638 9 651 992
1112 2049 2030 1090 1107 2042 1760 1766 1126 2033 1101 2062 2054 2037 1754 2050 1124 2029 1088 2043
624 941 965 966 620 974 940 912 971 916 924 980 962 633 608 923 928 968 943 981
1468 1772 2052 1476 2044 1781 1774 1783 1039 1442 1502 2017 1773 1734 1136 1747 1498 1041 1737 1510
1 993 1032 1760 1004 5 55 971 977 980 27 50 991 983 1022 32 1768 1764 1769 996
606 622 621 609 975 959 577 619 925 576 578 966 972 629 596 939 601 940 943 582
1325 1368 1394 1366 1314 1372 1343 1328 1341 1392 1353 1361 1385 1330 1391 1348 1380 1363 1367 1357
1706 1712 1656 1733 474 463 467 1446 1674 1693 1662 1730 1725 1455 1402 1723 1417 1439 1410 1424
1403 1607 1608 1409 1646 1543 1616 1683 1389 1388 1374 1659 1647 1610 1706 1567 1549 1413 1630 1625
1075 1126 1107 1148 1140 2025 2029 1109 1776 1095 1157 1116 2032 1124 2053 1045 1777 1142 1773 1103
1895 2134 1459 2119 1887 1813 2113 1719 1724 2133 1866 1026 1868 1742 476 1797 473 1907 1858 474
550 573 561 560 821 915 600 527 553 896 587 577 593 598 885 552 599 908 881 884
1402 1595 1633 1379 1677 1642 1675 1635 1396 1700 1377 1623 1564 1699 1566 1627 1392 1607 1391 1684
1583 1598 1637 1595 1387 1620 1621 1398 1409 1584 1657 1412 1606 1400 1405 1569 1612 1391 1545 1618
537 820 751 842 524 762 752 813 884 517 833 902 880 764 844 561 802 521 843 906
1846 1868 2062 1890 460 2059 1825 2065 2081 2085 2120 2077 471 1883 1887 1827 2119 461 1882 470
486 1896 1893 1831 1890 1916 1822 493 1883 1897 1823 2121 1923 1839 1928 491 2096 1887 1817 1917
763 789 649 820 659 798 754 821 922 885 883 642 655 752 765 663 872 665 839 863
1440 1658 1661 1436 1650 1639 1719 1441 1612 1616 1398 1605 1430 463 1672 1608 1384 1431 1402 1725
1409 1663 1619 1708 1681 1415 1606 1376 1623 1695 1626 472 1679 476 1668 1425 1377 1642 1637 1388
1314 1320 1307 1341 1330 1311 1321 1315 1294 1296 1343 1312 1300 1323 1342 1308 1317 1328 1331 1298
1843 1881 1891 1848 1889 1839 1841 2100 2131 1857 2099 2120 480 464 1894 1893 2088 1898 1851 1845
1545 1592 1576 1610 1561 1548 1522 1633 1552 1656 1617 1654 1584 1534 1598 1549 1585 1573 1628 1588
53 1013 998 36 651 654 10 69 17 58 33 986 54 646 995 1020 1026 26 641 77
1724 2121 466 1750 2109 1849 1451 2096 465 1460 1811 1440 1860 1828 468 1838 1738 1758 2101 1455
1112 1127 1091 1769 1773 1765 1137 2032 1085 1117 2054 1100 2053 1089 1120 1073 2044 1138 2025 2022
1670 1709 1402 1612 1707 1704 1652 1416 1437 1683 1649 1626 1662 1691 474 1397 1648 1439 1434 1663
467 1657 1429 2109 1837 1425 1651 1633 1830 1405 2095 1913 1623 1904 1905 1916 480 1680 1420 1612
536 813 867 873 515 517 906 746 749 889 905 892 864 524 844 835 758 552 861 848
956 970 643 610 927 1007 938 923 935 612 1001 943 1034 1006 1033 916 1043 641 640 1002
1465 1738 1756 1785 1494 1505 1474 1032 1768 2134 1721 1033 2128 1740 1747 1500 1457 1448 1511 1789
1594 1641 1578 1395 1406 1425 1638 1426 1604 1579 1584 1617 1619 1597 1648 1569 1530 1647 1588 1595
830 852 866 884 854 877 540 778 874 862 541 544 775 806 798 853 860 785 859 863
48 998 1764 964 1024 979 20 971 1756 1772 64 59 1759 1768 2059 69 8 1767 1766 26
1820 2119 1826 1896 1886 2104 2130 1719 2120 1844 1851 1818 1859 491 1718 1883 484 1865 2109 483
1407 1649 1631 1414 1383 1409 1432 1682 1412 1694 1435 1596 1589 1672 1624 1533 1553 1427 1551 1420
1424 1612 1657 1395 1433 1421 1669 1633 1452 1379 1694 1630 1663 1715 1682 1656 1695 474 1406 1583
1863 2089 1868 2098 1881 2092 1842 2122 2113 1830 2084 2128 2117 2063 1889 1837 2115 2119 1833 2106
1608 1636 1666 1430 1652 1585 1565 1581 1631 1638 1596 1607 1379 1556 1587 1384 1401 1406 1532 1564
548 889 888 821 883 878 783 541 907 807 877 812 513 557 884 882 814 910 912 561
1139 2045 2020 1127 2016 1044 2029 1150 1751 1054 1144 2061 2032 1040 1761 1111 1112 1148 1770 2046
1102 2053 1133 1126 1084 2032 2071 1756 1139 1033 1763 1776 1141 1081 2033 1099 1764 1032 1075 1028
1738 2103 1473 1754 1030 2123 2119 2133 1721 1816 2124 1828 1768 1895 1465 2062 2128 1736 1883 1737
1669 1701 1620 1670 1427 1716 1403 1415 1622 473 1400 466 1432 1613 1401 1423 1714 471 463 1405
464 1905 1423 1675 1913 1674 1712 462 1671 1722 1676 1661 1707 476 2093 2116 481 1919 472 1886
1545 1588 1532 1626 1642 1524 1603 1578 1589 1629 1646 1551 1549 1531 1546 1617 1651 1521 1599 1519
1003 1752 1741 1769 2027 995 968 2052 1743 1787 4 1032 2132 9 2035 2033 2 1031 2113 978
1003 1035 966 1049 1050 1761 50 1002 1781 57 53 977 1750 2031 1472 6 1 1733 1018 8
1625 1671 1652 1398 1651 1412 1687 1410 1537 1543 1587 1640 1660 1542 474 1397 1703 1620 1585 1554
2058 2064 2084 2082 2052 1126 2099 1877 1862 2047 1863 1865 2106 1767 2102 2072 2094 2038 1036 1873
720 740 711 745 690 732 662 758 661 737 712 683 757 659 696 715 716 742 670 668
1473 1755 1501 1483 1035 1750 1485 1005 1124 2047 2043 1449 1754 2028 1770 2055 1031 1038 1129 1033
22 657 29 745 20 668 41 731 1006 638 660 4 643 773 42 1035 751 649 40 43
644 961 1014 973 664 619 984 26 993 752 4 1028 655 25 1009 624 960 32 977 962
1421 1621 470 1557 1655 1423 471 1716 1714 1416 1411 1617 1641 1662 1554 1593 1450 1406 1553 1409
1835 1847 2110 1830 2091 1894 1843 2098 2128 469 479 1868 2086 478 2083 2132 466 462 2129 484
1491 1529 1470 1528 1516 1629 1548 1498 1543 1462 1515 1639 1471 1489 1464 1502 1477 1479 1517 1466
1792 1982 1789 1793 1977 1973 1796 1744 1743 1981 1810 1992 1997 2112 1985 2133 1782 1461 1453 1460
1264 1274 1258 1272 1284 1245 1302 1273 1266 1254 1293 1307 1304 1290 1281 1275 1259 1263 1276 1294
1014 1770 35 2050 652 2060 1053 59 2022 640 2059 1744 13 1130 1150 1097 1126 69 1783 1760
823 842 881 827 506 902 843 523 549 879 772 874 510 836 508 550 526 875 531 789
915 937 940 779 634 914 782 638 617 547 627 794 964 623 608 771 918 791 912 621
1198 1217 1175 1253 1237 1257 1239 1186 1177 1200 1207 1189 1199 1228 1249 1238 1187 1252 1227 1171
637 962 1016 1015 942 23 8 659 978 1030 923 628 946 618 2 982 1028 925 924 649
549 906 897 933 934 821 889 781 895 932 788 937 784 909 778 912 801 558 908 774
1487 1527 1522 1466 1479 1639 1495 1508 1491 1541 1640 1525 1497 1471 1468 1518 1514 1540 1642 1489
1451 1729 1704 1465 1424 1721 1469 2119 468 1449 1027 1755 463 1443 1745 1732 1448 1028 1736 1479
465 1683 1380 1725 1910 1422 1842 1412 1892 1438 1829 1402 1706 1400 1672 1846 1704 1419 466 1384
994 1773 1776 1786 973 1094 1028 2048 656 1049 1742 644 1017 2053 1055 648 2032 970 2033 1078
1830 1871 2116 2072 1890 2095 2086 1866 1843 2087 2058 462 1837 491 481 1849 1882 1894 484 1833
1815 2122 2114 1848 1740 1747 1889 2102 1812 1871 1752 1758 2098 1456 1787 1837 1826 1898 1834 2090
1560 1589 1590 1632 1568 1604 1583 1599 1566 1649 1559 1609 1612 1532 1631 1633 1603 1567 1600 1606
1615 1673 1549 471 1432 1686 1374 1402 473 1669 1418 1598 1647 1580 1693 1657 1423 1380 1560 472
1734 1744 1461 2129 1774 1716 1775 1456 1723 1770 1765 2107 2105 1792 1748 1038 1453 1722 1750 1470
623 936 912 903 647 607 980 924 941 638 942 906 904 982 911 918 953 773 631 639
1992 2021 1082 1139 1974 1794 1782 1995 2049 2017 2044 1048 2036 1045 1149 1777 1053 1774 1131 2000
1391 1653 1439 1445 1630 1545 1662 1380 1325 1693 1652 1676 1543 1383 1417 1639 1609 1656 1665 1420
1007 1041 35 27 2057 1759 36 16 9 1751 995 50 964 1058 644 1755 1783 968 633 1761
978 990 637 1016 42 1762 1006 1782 995 1025 1015 953 999 1039 1038 621 627 979 1007 43
1410 1690 1714 1432 1713 1426 1443 1625 1402 1630 1641 1671 1377 1429 1710 1447 1597 1688 1643 1379
2069 2096 2106 1731 1727 2064 463 2120 2129 2103 1848 2077 1868 1838 1824 1894 1839 1858 1749 1873
637 1012 994 1037 986 1773 654 7 1752 41 647 997 980 648 773 628 29 26 13 982
716 740 753 721 658 714 739 711 656 726 690 675 743 746 751 754 735 762 719 664
775 890 914 512 891 644 927 750 799 557 933 536 817 909 912 535 836 778 776 521
927 950 918 942 642 608 902 914 968 778 920 908 630 952 780 925 785 928 951 926
50 1020 1034 989 27 17 1031 649 974 30 1037 58 70 80 1766 1010 8 53 985 49
1091 1117 1131 1762 1113 2023 1147 1150 1061 2040 1105 1100 1093 1104 1087 1089 1101 1146 2051 2057
1710 1719 2125 1696 2133 1462 1455 2134 2128 1407 1724 1691 1460 1418 1742 2126 2119 1420 2112 1745
1472 1510 1783 1752 1454 1466 1773 1474 1483 1488 1757 1447 1493 1036 1034 1038 1787 1482 1040 1495
659 756 728 673 822 672 14 669 678 806 19 800 651 744 776 783 750 820 767 742
1358 1392 1613 1341 1649 1678 1696 1357 1419 1674 1417 1700 1381 1615 1328 1337 1616 1651 1671 1662
1744 1769 1747 1739 2060 2118 2119 1146 992 1745 2110 1765 2058 1732 1088 1780 2125 1723 1792 1721
966 1002 955 954 1761 37 947 998 27 943 989 5 1770 639 2058 1778 646 47 44 994
1729 2121 1812 1864 1898 1752 1719 1902 1796 1442 460 1451 1888 1829 1443 1848 2110 1435 1716 1863
1817 1825 1798 482 2119 1838 1884 2110 1818 1804 2123 2106 1898 1808 2132 1882 1843 1876 1841 2102
1217 1235 1953 1944 1954 1210 1949 1256 1233 1214 1212 1218 1194 1246 1221 1197 1190 1230 1219 1192
1759 1769 1002 1039 1027 1129 1047 1130 1469 1023 1036 1746 1779 1025 2046 2059 1081 1013 1099 1771
1730 2092 1025 2132 1868 1853 1464 1440 467 466 1859 1847 1748 1881 2098 1843 461 1745 2068 1889
26 1016 653 1013 40 1028 9 1027 10 7 1037 15 996 980 63 1014 49 42 640 1769
1455 1464 1750 2124 1746 1784 1789 1472 1456 1480 1756 1501 2114 1488 1032 1755 1734 1446 1453 1737
1681 1691 1399 1440 1448 1630 1649 1701 469 1697 1432 1658 1388 1659 1611 1665 1710 1624 1631 1447
50 1015 76 638 59 651 70 648 72 1750 27 11 1030 1011 1024 69 653 1021 47 5
1027 2059 2125 986 29 33 991 1745 999 2037 12 2057 1869 52 1737 1862 16 2078 1031 1858
667 755 670 671 686 661 653 712 752 797 650 748 745 782 775 774 655 659 819 779
0 985 1011 26 46 18 1030 955 32 55 959 970 625 10 3 53 36 1003 48 963
1050 1064 1078 1154 1069 1767 2021 2020 1048 1138 1166 1151 1772 968 1077 1164 1088 1070 1049 1135
1850 2094 1849 1734 2129 2112 2071 1882 1879 2084 1867 2114 2075 1889 2105 2130 2078 1839 1843 1826
1466 1743 1745 1465 1720 1776 2121 1516 1788 1783 1722 1772 2132 2118 1472 1485 1460 1779 1459 1464
27 987 639 16 634 20 58 640 53 1023 1776 1012 28 1017 54 32 976 40 1778 655
1852 2061 1824 1755 2050 1032 1858 2053 1749 2062 1831 1879 2054 2048 2071 1027 1033 1869 2104 2047
1492 1530 1479 1481 1555 1501 1520 1542 1519 1544 1487 1489 1513 1472 1490 1477 1500 1511 1506 1529
522 851 891 864 827 821 546 514 887 874 852 861 843 830 517 862 853 541 825 535
1059 2025 2026 2027 1126 1756 1133 2032 2015 1131 1780 1147 1082 1156 1047 2008 1779 1101 1778 2044
1474 1757 1732 2124 1500 1772 1463 1026 1038 1468 2121 1780 1504 1752 1781 1131 2060 1771 1014 1513
514 860 521 525 513 809 865 849 814 878 526 509 867 511 837 887 826 848 497 870
1097 1766 1011 1146 1783 1144 1110 1007 2058 1129 1770 2053 1119 1046 2034 1737 1032 1089 1471 1151
638 1023 932 70 1015 8 930 915 943 648 36 968 937 1014 625 971 48 1007 659 1008
1439 1668 1441 1460 1720 1649 1465 475 1390 1433 1457 1419 1384 1667 1690 1458 1735 1381 1704 1453
800 878 848 528 901 900 533 854 549 908 638 825 902 796 912 860 815 871 786 917
874 897 886 520 787 896 769 810 826 559 510 818 799 555 797 549 883 798 538 852
1931 1943 1960 1919 1939 1944 1913 1951 1932 1954 1907 1941 1923 1918 1930 1934 1906 1935 1928 1936
63 1026 1760 46 989 1744 982 973 25 991 75 76 639 51 83 60 652 1024 1755 977
1391 1663 1335 1354 1367 1390 1352 1356 1330 1644 1608 1331 1664 1380 1422 470 1632 1601 1414 1410
460 2101 2070 1656 2098 1837 1886 2106 463 1893 1729 1718 1839 1829 2124 1826 2128 2132 2105 2092
1761 1776 1055 1736 1774 2042 985 1779 2017 989 1739 1773 1002 1077 1131 2046 1129 1469 2045 1051
810 834 894 890 519 789 811 546 878 895 527 541 752 809 825 757 905 640 783 842
1611 1671 1389 1618 1587 1640 1689 1641 1654 1405 1703 1632 1657 1660 1688 1586 1675 1673 1374 1599
1870 2076 1851 1883 2085 1866 2066 1841 2107 1829 1847 1859 2101 2118 2079 2078 2121 1873 2132 2087
1066 1168 1073 1144 1079 1170 1164 1165 1046 1058 1133 2018 1142 1047 1190 1187 1050 1054 1135 1061
1758 1787 2024 1457 1035 1757 991 1771 2019 1006 1747 1467 989 1768 2021 1037 1759 1802 1742 1803
791 883 922 755 536 920 518 790 847 534 874 815 863 839 819 548 779 761 526 822
826 859 877 524 543 819 883 514 533 510 882 779 780 764 551 843 526 878 824 535
760 805 866 650 819 651 634 841 777 913 817 829 816 779 904 731 742 765 793 640
1819 2130 1840 1754 1843 1723 1795 1758 1878 2117 1725 1453 2125 1790 2126 1820 2113 2095 1809 2088
1544 1607 1403 1660 1667 1531 1529 1602 1592 1571 1640 1380 1555 1543 1644 1631 1639 1387 1556 1662
1394 1680 1338 1696 477 468 1702 1665 1697 1678 1329 1602 1434 1610 1693 1353 1674 1703 1661 1432
687 732 658 735 696 730 669 690 760 701 682 702 729 675 744 711 758 717 745 661
980 991 17 644 1041 993 654 1022 973 975 1785 954 1013 1005 637 1011 1010 1006 999 645
1401 1409 1686 1633 1629 1668 1706 1676 1355 1643 1650 1652 1620 1374 1598 1398 1378 1677 1391 1636
992 1043 1015 1753 1070 1785 7 3 1774 982 9 968 960 43 1075 1777 1773 1772 648 629
1093 1769 1112 2046 1132 1471 1135 1073 985 1143 1781 2033 2018 2025 2030 993 983 1107 1784 1036
34 42 43 33 2 1005 59 67 1017 19 982 983 47 65 1034 56 15 75 26 18
1471 1513 1741 1772 1529 1760 1517 1767 1759 1465 1752 1523 1486 1527 1732 1511 1749 1506 1779 1472
1811 2124 1866 1731 1736 2093 1864 1868 2096 1847 1840 2129 1849 1824 2102 1821 1850 1735 1835 1816
1471 1515 1032 1482 1759 1030 1747 1036 1778 1742 1467 1782 1753 1457 1464 1462 1506 1744 1777 1743
816 881 858 516 845 900 871 754 552 843 531 548 908 859 783 891 804 894 807 746
827 835 824 518 536 897 846 810 542 867 826 526 520 525 890 517 879 532 792 530
1458 1709 1472 2123 1725 1662 1749 1714 1476 1437 474 1691 1791 1412 1420 1459 467 2121 1715 1712
482 500 1907 485 1923 1920 479 517 1419 1904 471 1835 509 1905 1831 516 468 1828 489 476
18 642 763 977 653 654 993 1013 1028 659 11 662 1020 4 937 643 633 9 919 990
