829 912 929 981 937 918 948 795 985 878 793 974 778 888 955 850 986 841 924 923
338 380 351 297 406 428 414 343 555 73 1067 345 427 352 561 105 349 96 141 425
309 1088 403 325 93 37 1079 165 69 328 125 1018 120 303 63 160 1067 373 304 135
149 189 237 326 96 254 122 180 87 307 98 327 131 262 129 318 330 248 201 227
794 833 962 999 715 842 977 978 937 785 893 820 745 983 748 973 873 818 816 747
31 1099 299 367 1053 1079 152 91 51 337 36 354 312 148 1073 26 34 1009 143 114
656 718 727 742 626 602 563 600 622 759 757 733 638 543 741 575 701 581 621 587
177 262 156 168 112 132 228 216 283 159 183 233 309 273 263 166 208 251 165 253
547 615 516 577 667 564 554 543 420 631 415 637 557 599 522 680 529 689 660 669
661 722 698 617 691 780 586 750 683 619 656 648 625 609 713 730 761 575 582 594
23 1098 390 82 299 294 290 38 138 310 126 141 1045 1042 1016 1053 91 368 1040 73
145 1100 98 310 205 1086 292 214 344 313 31 270 193 297 301 25 1014 323 263 182
351 394 303 299 312 80 340 353 404 288 368 323 322 396 97 302 365 362 1078 112
609 709 591 597 770 596 619 535 614 773 552 548 747 754 763 660 662 663 538 585
822 987 905 975 823 869 802 804 893 891 824 827 1007 924 840 1027 776 1022 814 859
170 244 123 213 305 271 179 97 200 172 325 204 247 316 183 216 96 188 238 312
123 339 167 1081 162 369 389 177 306 112 297 1095 364 1083 315 1063 182 115 91 78
361 386 379 1083 427 1094 304 342 433 362 418 91 104 96 292 348 1090 337 434 388
37 91 994 1096 298 991 997 1073 1101 355 108 123 145 28 996 1033 107 119 105 171
553 593 600 598 427 645 652 655 594 409 666 406 599 529 665 700 411 614 412 518
78 324 390 68 305 124 1100 113 121 1069 88 17 1014 292 9 83 323 409 79 67
619 654 756 707 720 716 731 683 688 612 524 545 564 602 712 748 586 753 678 663
233 281 304 239 285 269 211 282 109 228 266 298 248 234 263 192 126 230 198 296
86 106 159 366 175 302 1035 287 138 1040 129 39 1017 13 327 1049 158 113 332 140
199 261 291 248 227 200 295 241 170 236 155 152 157 278 142 184 123 247 175 215
160 317 94 110 61 288 311 190 416 199 172 142 324 203 71 259 225 272 310 308
217 290 149 239 82 229 129 95 137 87 200 302 117 271 211 126 266 285 355 259
10 54 48 1061 1066 112 75 36 1023 42 1064 7 313 1038 72 50 110 1065 1007 1086
158 242 185 316 161 213 112 281 173 110 123 302 280 326 320 329 322 304 182 229
137 184 98 114 283 111 95 1085 174 257 298 347 94 264 148 287 1096 332 221 187
136 192 261 346 326 347 187 120 350 284 285 247 110 319 322 99 307 224 267 201
69 342 331 326 124 373 392 1008 412 414 357 395 9 399 1039 339 116 6 137 1017
602 708 632 699 758 561 587 573 751 649 687 609 742 552 673 524 723 619 606 628
199 265 245 188 298 153 125 193 180 179 289 197 151 241 208 163 150 205 269 127
804 911 983 894 887 835 901 874 856 772 769 957 946 881 742 789 893 830 897 823
359 1088 131 387 311 141 1035 338 36 132 108 124 1037 312 116 135 364 24 1100 347
581 704 622 639 753 598 612 666 542 702 769 734 610 755 618 535 742 750 772 591
326 406 366 310 111 125 72 1079 151 1087 312 281 116 1092 157 1096 343 418 90 133
837 963 986 792 820 877 854 885 896 984 991 970 914 886 841 905 887 999 805 954
293 1089 343 355 51 318 192 268 365 1044 177 328 1022 116 107 304 113 1009 336 278
1008 1068 40 888 341 973 976 95 885 18 1048 983 999 106 1037 63 1044 336 1084 7
783 836 930 788 753 898 743 999 789 757 758 689 909 717 763 794 967 828 867 816
174 310 353 256 257 233 136 241 117 234 244 67 1076 1093 360 404 247 1091 361 277
426 548 379 640 586 636 616 596 410 409 526 366 658 635 514 375 611 606 551 442
305 1090 70 174 300 406 1095 171 274 92 302 125 1010 135 1017 1069 165 1088 48 403
558 597 524 652 549 543 660 562 572 638 596 707 634 620 379 594 626 584 412 377
380 438 394 362 523 312 529 433 318 525 410 342 474 416 359 489 517 339 314 420
155 200 264 151 196 315 224 228 248 292 254 230 288 209 311 148 123 110 274 130
841 956 959 999 882 788 853 898 822 887 1000 996 886 997 847 791 789 1001 864 909
586 600 672 649 638 685 669 708 530 533 657 641 680 532 604 647 646 614 562 688
1044 1067 1014 26 71 322 1064 63 1092 114 113 1089 309 334 1087 90 54 1016 1007 1069
115 176 122 335 186 266 305 6 263 275 1060 174 285 362 1101 106 364 136 187 1071
837 917 990 848 812 838 928 792 787 909 796 876 956 916 855 939 955 973 998 874
31 1051 4 103 1005 59 75 1025 85 1084 57 91 1043 1001 66 1045 95 43 1020 1062
226 245 149 185 190 283 195 139 199 274 271 202 275 148 221 270 191 171 208 246
48 88 38 1101 56 64 290 131 59 84 140 287 71 334 106 1039 10 1005 57 15
218 245 258 131 205 261 201 163 272 289 135 252 193 171 156 290 271 175 259 198
755 796 789 769 741 686 858 659 841 671 694 849 819 683 765 662 672 729 670 688
170 271 95 304 225 129 141 92 285 177 196 193 262 326 133 209 291 218 128 96
34 83 59 1063 1006 80 1020 329 303 1042 97 110 295 340 339 1070 144 318 1074 291
155 217 273 109 215 311 182 309 178 126 269 211 125 264 106 288 159 142 91 268
967 997 944 940 1049 866 823 924 928 839 812 818 1055 988 837 950 803 874 850 935
659 726 768 554 633 756 734 776 746 538 564 752 783 730 782 638 736 709 616 571
99 151 112 77 201 88 56 279 1061 89 326 1100 332 9 347 308 100 80 174 236
113 135 361 137 223 349 327 323 86 163 270 286 326 1095 1066 190 342 222 1080 290
671 763 730 580 809 587 583 544 748 712 663 760 619 738 770 650 742 743 767 702
318 1068 355 1040 132 78 385 160 133 346 171 375 146 111 17 39 37 162 393 414
693 775 689 579 604 600 691 612 711 740 595 728 621 718 690 812 615 777 727 806
772 800 776 824 694 711 709 822 756 684 695 726 690 786 705 813 823 771 802 897
984 994 970 1030 1038 1002 873 1011 1006 21 1021 842 897 888 874 829 812 1044 1049 1000
985 1014 867 69 1010 999 46 810 63 961 895 1009 1039 882 11 1035 1093 1025 846 23
648 742 605 592 704 533 576 690 736 737 657 802 603 788 563 547 654 574 723 655
207 248 185 188 138 153 291 154 284 280 150 277 190 156 256 272 177 238 142 289
609 705 651 569 563 775 641 683 592 556 568 546 626 694 704 586 772 574 685 581
364 426 409 397 535 1090 307 457 453 447 467 363 462 387 424 310 516 411 518 552
706 742 626 600 592 662 799 776 724 639 650 687 664 701 690 750 743 654 796 659
887 997 836 1023 960 970 1013 819 29 854 1032 912 915 1033 845 913 1044 870 905 30
98 347 401 341 303 290 108 1089 397 1049 387 1 284 373 295 1076 159 299 328 402
37 1079 998 346 1005 16 1019 76 340 25 335 319 71 27 10 121 66 81 85 92
885 996 1043 46 21 965 1044 828 1018 870 1033 821 907 859 837 982 24 997 28 981
218 240 220 191 182 178 185 195 252 285 135 291 207 192 282 163 270 272 241 187
1009 1037 10 45 877 60 1084 90 1067 888 1031 1063 1070 1042 87 1094 1006 48 1099 27
811 857 965 879 884 787 920 769 789 909 851 949 977 757 799 850 895 951 883 881
70 1045 993 1099 337 54 1077 1031 997 990 1083 38 0 321 48 1017 1082 339 18 35
98 295 81 1052 307 363 18 211 132 285 1082 1073 338 1075 351 344 283 105 1053 181
414 551 440 391 618 329 626 395 601 546 372 634 364 398 677 314 536 316 338 678
51 1073 1093 13 1048 90 95 10 121 28 1087 124 1032 93 342 347 1061 1002 1086 306
109 137 17 309 297 285 327 271 341 166 223 128 114 328 318 319 60 61 10 12
511 526 529 496 517 623 546 527 441 542 456 512 436 596 488 557 481 612 601 622
854 930 881 933 966 863 859 850 887 851 924 838 979 893 936 814 825 794 954 831
802 841 771 962 899 893 953 785 748 988 859 902 782 793 918 963 817 920 833 776
686 745 757 567 589 760 684 639 800 595 758 665 675 636 794 607 646 653 780 759
1032 1060 1036 97 59 1082 1072 1007 1005 989 1074 5 96 1013 49 89 1063 1056 1041 95
1032 1098 41 1071 63 128 1044 1003 1013 147 144 152 22 1095 354 985 340 39 1050 14
124 1094 127 169 369 27 173 119 130 52 1095 316 135 93 132 329 368 77 188 1041
442 520 460 577 559 615 486 572 426 424 583 463 553 474 548 514 558 411 493 576
118 175 102 100 275 1096 273 162 354 253 172 79 108 209 147 184 189 200 177 10
108 1059 308 350 1065 341 97 87 301 1027 284 66 1028 321 125 175 122 363 81 1016
137 316 120 1093 122 343 209 307 379 362 349 282 163 98 71 298 276 143 152 204
203 294 372 241 231 157 103 327 316 133 181 110 340 166 353 122 286 168 146 78
29 1003 1044 1092 1057 1036 1020 1017 1001 26 1080 43 972 61 27 862 87 837 2 845
816 976 890 993 1000 902 795 895 931 796 1009 808 991 982 810 962 776 782 774 919
546 579 541 529 527 431 687 665 659 519 696 425 667 675 601 642 523 577 646 623
1041 1076 1088 998 3 11 331 20 70 1070 6 1066 318 1027 78 992 1012 335 93 96
531 643 437 638 724 462 432 574 632 676 420 595 551 630 431 444 466 684 429 464
199 289 351 210 360 147 273 98 245 139 331 334 288 244 186 137 213 206 335 269
142 335 219 186 66 185 404 118 1085 346 301 104 102 1068 1093 214 1065 163 115 179
420 538 651 561 543 604 330 629 455 589 548 611 525 345 404 441 612 361 519 631
1011 1064 994 1100 45 1089 995 93 1073 1067 18 77 1066 1054 41 1034 1046 318 1055 63
852 873 985 986 975 947 834 991 997 855 890 934 961 813 950 830 809 1001 940 876
12 1075 336 35 1007 1002 1064 330 1 52 323 343 88 72 114 78 317 90 337 100
35 67 1085 328 1070 94 1093 1094 83 115 28 324 1006 308 323 1043 1002 105 1097 312
1037 1098 1072 1079 1024 1007 85 1094 39 390 1035 25 320 1065 51 63 14 16 95 151
649 664 650 608 682 740 611 713 591 603 741 743 646 632 550 739 564 762 578 540
819 901 908 900 810 824 873 784 847 789 991 841 987 927 860 864 771 788 837 918
417 442 441 525 418 365 309 407 446 409 395 302 304 325 515 399 372 321 423 449
835 992 804 27 878 809 989 792 853 880 29 784 920 915 961 877 1002 999 1028 807
742 793 800 670 668 763 648 704 751 853 837 790 780 748 661 778 724 761 680 700
70 343 47 332 84 57 1063 107 335 383 386 325 293 306 1024 53 17 1048 1040 1095
692 751 773 746 605 789 703 808 673 568 621 644 584 608 674 579 684 645 576 757
433 479 376 482 370 402 466 514 384 422 439 521 452 420 371 517 480 411 523 448
732 781 667 753 687 710 702 739 746 815 813 783 750 671 708 666 757 808 749 653
544 596 655 536 585 411 662 565 409 597 648 520 698 631 696 647 416 684 429 634
521 624 576 703 698 627 672 523 623 699 675 532 542 626 512 725 536 678 605 671
565 644 659 685 564 639 624 580 570 687 672 553 711 405 599 597 707 414 667 601
28 1062 1047 1087 96 86 1079 100 102 67 1082 31 1043 5 1064 1029 313 2 996 1038
811 895 1005 882 995 784 762 927 868 756 849 803 786 911 877 761 791 969 979 879
112 148 100 369 1090 344 1067 173 1078 324 295 230 0 1093 320 68 199 181 74 88
889 973 818 802 915 829 875 982 958 929 971 980 970 1001 891 969 883 985 888 932
114 284 62 242 69 1063 112 359 297 320 323 207 134 1062 356 283 254 84 7 185
30 1016 55 1057 1058 1086 1088 34 46 985 22 7 1063 1094 53 1099 1007 19 986 6
444 494 472 414 465 484 534 422 415 503 487 516 499 456 537 520 529 462 453 421
451 525 642 429 626 575 463 586 516 624 430 571 577 540 501 561 504 526 515 597
34 1041 1036 1019 19 1089 1070 1083 1090 1005 69 82 1050 57 35 1032 60 94 7 16
340 367 1101 300 358 1076 334 1081 1094 313 399 371 1077 374 138 352 93 348 75 1098
178 241 246 284 179 291 202 135 130 253 239 283 176 119 259 215 115 278 267 307
144 278 202 296 219 309 260 101 255 256 186 212 226 84 247 327 237 135 176 113
112 1090 64 1042 4 1071 53 147 80 2 176 1031 79 369 1041 1 1026 160 1080 62
212 279 291 325 316 110 252 167 192 140 174 282 170 109 210 130 254 247 246 253
877 981 965 878 820 928 822 911 908 845 934 959 807 842 906 846 849 929 1019 835
80 1013 1003 292 992 118 300 1045 130 92 67 110 1040 108 77 339 123 986 1073 1100
346 423 409 382 533 1080 529 524 1073 1096 522 370 454 413 136 355 1091 440 359 1078
477 511 457 468 455 526 506 446 443 496 479 494 493 449 491 503 502 462 472 473
117 309 164 323 64 178 195 380 279 154 399 201 1077 182 73 417 101 275 99 350
101 150 112 325 344 1080 19 159 321 144 108 216 274 1098 359 333 213 97 207 295
141 339 1069 332 188 151 323 217 328 348 137 269 157 184 144 375 381 379 342 206
145 340 343 404 371 65 90 328 187 80 121 290 1075 418 196 1077 219 365 99 1095
766 806 835 898 965 897 885 678 668 725 966 866 844 894 709 900 790 736 912 680
70 105 290 51 99 61 1012 158 329 117 311 364 111 8 15 77 157 71 3 164
58 1048 78 1069 1041 1056 34 102 1076 998 1074 62 17 990 71 105 63 1028 95 11
