191 503 542 596 640 456 131 429 651 156 208 519 528 643 580 548 650 583 182 134
219 619 364 227 245 184 594 608 573 249 378 236 290 217 580 609 401 325 216 329
94 142 707 152 722 469 450 465 175 724 488 60 108 126 477 670 479 168 62 522
335 377 679 622 580 569 559 614 687 272 617 547 238 573 647 618 287 249 606 654
185 734 590 78 480 169 425 192 652 186 547 489 406 534 686 725 88 518 494 707
200 571 60 52 454 586 607 551 645 349 179 296 727 697 310 323 11 707 567 581
307 623 628 200 648 583 54 586 540 638 616 604 676 206 660 649 207 403 525 66
298 416 385 179 672 193 405 182 404 700 207 376 512 215 255 165 263 406 210 401
375 615 363 610 289 303 619 408 345 292 344 676 605 250 421 230 410 309 630 389
365 682 659 284 511 87 499 312 149 406 168 574 508 218 618 440 637 742 462 15
197 552 548 407 742 660 321 701 625 396 578 351 388 317 505 594 361 424 726 512
453 511 112 182 553 524 65 118 656 577 69 678 135 684 111 486 544 193 493 64
342 633 303 517 358 379 332 608 637 658 34 293 671 523 635 384 607 587 421 364
417 463 208 107 394 580 390 413 382 591 518 692 506 113 398 587 573 285 499 462
386 634 285 677 426 62 44 274 46 620 192 393 331 221 674 251 322 611 673 204
357 624 651 201 645 292 51 693 532 420 241 669 675 603 527 350 521 369 660 237
212 684 476 659 319 301 588 428 438 225 309 587 150 199 417 122 286 510 241 614
27 556 414 528 207 700 321 41 679 665 386 26 523 620 535 61 181 303 1 708
65 531 641 737 121 545 738 541 503 147 170 387 420 142 634 269 430 415 489 556
402 540 434 536 334 330 385 277 65 170 583 586 420 607 390 690 534 429 386 507
532 596 664 287 450 364 496 171 33 629 401 719 187 482 660 152 16 704 264 160
295 605 540 270 227 618 392 355 682 702 411 577 354 205 587 25 191 375 523 206
351 585 403 388 199 421 609 643 610 419 302 641 291 416 244 592 10 321 396 379
267 550 44 323 531 187 699 328 736 715 623 26 304 197 702 200 29 366 222 637
402 688 92 506 190 90 619 391 590 650 485 317 738 273 10 253 185 75 641 400
291 603 40 431 553 308 224 662 574 297 552 609 527 644 307 267 7 654 403 260
438 590 226 670 509 499 701 298 148 143 213 32 424 388 543 33 481 42 327 229
318 403 332 575 202 554 410 608 542 595 560 193 377 208 400 197 584 704 639 185
246 332 634 209 335 330 267 413 418 352 295 230 600 693 414 281 380 669 296 262
198 663 630 590 385 290 318 468 693 1 283 380 364 119 548 640 245 357 309 604
539 580 349 234 677 645 124 460 643 321 330 332 320 278 193 267 529 344 182 736
174 513 169 211 147 88 550 67 685 102 92 706 488 599 518 468 210 406 150 530
62 662 644 589 642 610 508 652 319 703 364 328 717 142 341 712 435 342 332 323
344 665 155 580 383 592 669 505 655 345 512 508 372 30 346 703 362 716 59 371
701 721 95 607 209 227 580 74 236 611 191 540 549 606 434 680 275 171 170 497
387 581 445 374 378 628 610 58 675 368 635 430 300 258 61 595 389 653 523 667
312 629 531 680 679 564 192 371 341 669 46 376 539 408 203 224 200 392 562 368
51 592 636 189 690 709 32 39 80 308 217 383 624 366 406 525 314 332 583 224
55 79 154 93 9 459 111 578 652 140 45 509 615 475 536 719 638 539 658 450
569 716 38 688 435 202 13 431 64 61 316 209 29 407 34 301 338 439 193 63
542 600 670 290 210 375 266 383 170 609 683 58 718 176 682 432 372 235 492 418
216 600 665 363 524 535 275 364 456 35 425 201 335 382 643 697 608 615 552 277
130 139 688 94 60 447 687 535 679 502 56 499 438 90 695 156 180 169 177 698
194 741 678 543 517 169 229 444 164 525 600 151 680 455 541 604 549 569 514 539
436 639 590 671 394 59 28 234 244 720 648 481 215 51 645 659 490 222 717 364
449 526 468 721 405 207 119 472 228 417 205 94 54 88 724 564 191 587 440 135
204 541 642 83 390 515 38 462 401 248 165 122 592 636 387 154 157 525 491 726
148 453 170 85 181 509 432 542 116 701 78 544 111 444 61 671 529 555 460 99
568 683 184 39 346 721 96 434 509 199 737 704 252 119 296 260 111 18 321 284
216 302 569 533 362 629 683 270 404 551 518 225 182 641 620 616 221 650 318 324
439 728 191 428 457 511 427 640 680 405 736 143 570 574 500 536 151 412 182 72
9 575 13 604 379 28 44 658 589 522 367 572 52 411 515 234 715 416 561 660
388 633 364 61 257 578 566 427 350 684 422 206 376 688 281 676 203 249 228 546
102 677 177 62 252 376 381 167 459 275 246 168 86 6 729 631 518 111 299 578
536 714 290 698 279 554 33 564 465 469 408 126 192 261 533 653 55 532 551 492
313 642 525 235 204 245 531 616 234 254 36 581 606 626 542 247 390 687 571 44
467 515 130 638 644 639 148 55 211 659 67 555 651 530 453 649 478 541 108 689
118 493 97 527 501 673 484 144 488 132 139 460 513 156 184 526 478 125 56 64
496 516 688 209 557 408 637 187 570 581 692 515 676 427 596 57 454 474 73 567
59 620 411 356 29 595 201 594 602 292 670 138 319 345 69 742 529 206 740 689
46 598 409 195 637 27 697 528 53 561 654 552 351 424 581 315 538 365 404 557
418 514 404 201 146 549 436 209 68 136 486 156 439 546 626 541 142 101 671 153
411 655 639 563 615 632 387 57 390 46 250 304 218 51 676 7 701 274 216 662
203 545 417 724 675 260 455 53 134 706 625 170 644 303 463 280 622 537 315 148
72 725 134 191 166 159 202 684 451 704 129 60 124 425 113 710 415 105 79 194
245 549 196 360 69 417 242 48 563 271 44 335 540 305 229 550 351 586 720 299
641 673 508 549 71 57 408 695 603 494 212 159 234 11 727 443 500 264 115 343
87 156 707 145 443 472 197 174 61 118 91 125 169 446 453 428 149 679 155 88
309 547 161 576 58 293 387 677 421 353 527 157 14 573 513 218 386 331 502 365
416 520 530 459 102 465 479 124 180 448 140 278 80 496 664 639 106 528 87 644
429 738 591 198 156 166 469 390 494 59 186 212 158 683 688 578 444 702 538 567
1 34 537 581 526 598 698 611 659 683 20 55 697 691 590 14 563 31 633 13
358 631 405 691 352 43 49 411 678 54 225 569 196 344 229 693 377 328 682 270
315 338 245 310 277 651 613 675 588 395 612 624 306 409 560 682 394 294 223 377
171 707 665 60 210 674 595 226 565 720 580 404 432 573 191 98 169 104 650 45
688 709 6 44 5 282 382 495 601 676 77 716 685 24 639 17 388 684 305 569
75 166 418 87 117 476 730 67 455 670 451 550 709 100 185 503 498 544 500 91
241 573 716 329 300 390 433 304 690 9 406 559 393 55 585 48 1 635 239 613
409 652 62 5 382 285 649 457 632 193 671 333 405 541 631 19 52 254 225 669
32 678 439 443 324 361 485 600 214 368 509 80 257 287 225 78 709 446 591 620
407 593 673 438 610 459 701 429 557 235 39 64 276 697 362 406 319 230 631 715
165 453 505 530 428 152 432 664 197 435 534 697 101 409 411 479 415 717 111 98
136 548 480 671 504 13 549 51 217 589 328 434 727 31 724 475 706 249 419 184
139 491 488 86 697 533 529 432 667 549 129 107 94 68 117 535 462 189 110 96
279 305 218 396 290 662 363 249 631 362 541 556 546 375 289 701 271 403 231 620
320 607 555 619 400 527 627 650 247 342 624 300 569 528 515 360 328 337 649 241
2 684 153 596 42 570 166 640 495 377 496 726 30 5 376 423 719 422 151 627
520 573 666 209 334 560 248 384 7 327 548 239 61 565 62 597 114 451 320 643
405 646 593 606 176 299 627 451 667 310 348 536 246 222 449 188 332 514 414 324
643 674 370 260 238 588 446 338 363 173 275 325 495 172 185 434 150 5 327 350
200 682 426 41 232 571 674 243 603 260 722 452 723 34 19 179 523 273 376 222
341 608 435 406 613 343 385 414 49 703 333 519 692 673 546 672 237 369 55 60
343 575 413 652 290 645 338 530 317 540 214 65 548 313 372 292 605 43 365 442
263 686 81 115 419 83 362 379 124 489 684 129 331 569 161 322 173 307 565 562
398 605 241 393 374 529 215 226 59 667 421 631 280 191 205 342 603 417 676 272
173 732 149 514 492 731 86 470 157 474 410 418 128 216 180 189 116 498 692 213
330 624 297 35 378 637 201 419 630 422 200 352 649 202 697 265 549 538 409 552
93 484 507 693 687 194 104 464 508 127 181 492 98 478 71 500 163 521 73 446
437 560 7 221 453 29 641 671 527 335 494 409 141 287 525 602 530 559 3 734
231 292 230 221 416 424 386 527 533 373 683 314 654 622 383 706 422 585 696 191
385 638 422 535 384 203 359 596 68 57 291 329 47 219 200 356 235 335 66 696
446 561 509 304 717 241 9 49 292 315 478 431 345 191 407 494 665 406 401 728
155 445 507 216 703 679 685 442 125 556 670 492 681 204 428 496 162 464 511 207
164 502 65 146 681 177 483 152 135 148 118 67 202 183 63 84 506 189 180 423
239 621 639 418 38 334 546 297 68 369 197 410 304 649 376 563 548 216 298 569
215 230 557 217 540 721 678 445 575 346 587 376 532 696 306 209 556 717 518 246
440 555 482 178 663 471 148 2 491 28 248 18 702 337 550 671 168 193 252 259
108 712 661 168 526 735 544 583 151 733 223 674 552 682 169 660 657 665 224 695
331 611 666 346 422 632 300 63 405 199 541 243 388 298 565 420 581 51 48 627
279 550 598 535 246 510 433 196 304 75 3 262 48 176 686 507 506 71 632 72
641 683 245 194 41 26 108 717 266 301 136 214 427 112 654 260 138 694 607 103
438 599 350 332 203 562 554 17 26 353 402 717 9 168 304 666 472 645 487 341
596 704 535 691 187 411 421 725 665 553 107 190 16 650 361 235 66 197 534 217
101 470 538 78 437 143 691 131 686 515 463 115 119 536 166 195 706 705 507 482
516 657 65 691 38 0 152 385 572 223 131 526 483 635 96 206 11 179 157 434
382 669 588 184 284 619 616 463 499 170 155 579 552 63 721 177 709 583 426 98
328 597 223 313 706 253 404 396 567 575 3 202 343 244 324 421 199 267 39 201
226 250 533 595 421 704 645 603 291 607 606 205 542 570 272 267 569 406 679 622
321 410 563 228 374 242 187 379 716 316 531 519 630 672 555 458 580 188 174 559
454 509 668 559 422 677 61 567 113 434 96 501 679 437 676 205 71 105 506 526
79 737 80 677 157 138 103 674 465 739 418 498 485 166 147 191 81 144 135 524
132 684 114 440 482 539 452 81 439 692 102 666 567 266 56 23 236 282 145 131
221 680 109 251 419 86 666 568 685 596 617 133 570 559 594 307 737 573 629 652
298 650 687 635 350 51 537 67 255 567 395 640 521 50 289 392 54 279 334 400
530 626 352 647 639 563 598 592 294 268 584 724 335 503 652 455 114 621 383 504
223 585 56 445 510 639 537 681 655 336 403 330 701 195 541 298 281 436 6 616
35 691 213 32 122 191 454 730 100 378 250 481 727 138 402 643 566 681 37 702
114 155 519 518 503 165 193 66 679 515 534 437 102 101 730 676 112 173 477 462
690 711 375 176 471 734 228 57 410 738 606 706 724 378 221 430 562 458 31 394
674 724 12 221 370 576 713 536 742 596 385 87 496 503 624 143 206 449 410 607
136 541 44 204 197 288 468 481 246 26 647 235 172 584 178 470 586 85 129 475
196 732 122 477 463 195 116 386 435 224 89 560 111 667 406 537 738 506 178 187
244 302 230 689 336 247 684 554 588 306 615 282 612 307 208 416 669 203 568 645
407 514 141 385 233 90 203 219 584 659 187 627 109 126 723 288 166 108 737 549
203 415 295 369 591 595 582 176 301 552 443 225 286 288 445 507 299 585 247 256
119 136 506 108 494 522 539 53 437 662 540 692 117 508 492 86 83 58 448 460
497 672 223 221 311 630 247 330 415 199 207 407 93 84 125 513 67 292 349 140
483 502 102 68 514 672 166 709 523 534 698 541 132 706 673 440 167 446 150 548
519 569 648 45 290 546 430 228 683 312 688 317 557 154 82 643 535 459 693 393
65 586 665 212 51 603 592 58 444 714 246 647 384 301 325 152 17 292 315 34
519 732 124 78 413 706 123 678 609 99 455 51 505 420 493 410 190 533 494 435
196 528 146 270 233 416 561 476 602 51 150 136 139 544 188 47 273 448 648 403
195 210 714 382 536 696 471 487 559 401 658 588 264 502 628 544 291 604 515 190
39 573 361 685 59 336 203 441 312 630 699 663 321 20 658 585 231 606 381 529
48 588 517 229 220 606 551 24 362 223 365 423 327 594 680 601 6 8 541 704
302 620 529 519 211 265 48 370 398 310 544 657 62 633 316 346 367 209 322 552
343 612 239 527 389 415 250 403 50 232 333 416 279 677 42 265 227 390 623 378
215 522 515 239 655 300 702 87 368 122 162 141 389 717 671 95 711 459 715 247
346 575 630 60 658 420 9 198 57 535 303 641 581 663 518 55 254 333 620 391
93 139 136 528 454 543 518 160 481 538 685 449 456 663 727 513 712 680 120 514
