481 509 469 451 482 472 480 547 549 444 551 538 475 525 506 541 465 435 491 520
868 893 877 857 884 886 864 861 894 889 888 880 904 867 869 910 906 898 873 909
169 1308 1305 180 294 202 209 1297 1278 286 225 1311 240 1282 1303 1365 1276 157 274 213
104 141 1390 151 121 1371 1377 160 115 64 106 122 91 102 65 1357 120 166 97 75
542 553 576 508 751 457 537 786 733 750 773 782 757 554 446 761 519 753 533 516
321 351 360 1371 337 1318 1347 1324 1352 1375 361 1315 290 1370 310 1311 331 329 309 1319
806 814 597 817 601 615 629 795 632 811 786 654 609 784 648 813 610 623 662 802
1357 1383 1343 853 195 1335 366 237 271 1327 1348 104 334 1366 183 1338 189 265 244 176
848 889 879 838 1358 852 861 886 1388 870 857 902 847 869 864 836 855 897 850 1364
266 1386 246 280 1342 881 146 276 1393 160 191 1349 237 213 290 157 161 1335 288 148
570 747 709 541 596 743 571 565 577 767 718 725 592 583 630 572 587 734 800 553
825 843 865 816 191 831 819 827 877 856 866 879 842 832 820 841 859 875 883 227
715 756 726 646 544 610 614 770 552 636 583 638 613 724 734 789 650 707 561 645
272 1363 356 1345 225 1328 1344 309 199 1381 212 1316 1317 209 241 1362 333 1393 238 141
318 350 349 324 1362 344 347 1370 1394 280 278 362 283 363 1363 1373 298 294 360 1328
651 693 809 717 657 642 814 640 679 641 706 655 804 703 644 643 707 701 709 802
631 710 770 648 711 811 784 595 691 800 801 585 727 619 791 620 749 803 641 771
378 390 361 355 400 388 385 411 360 370 392 363 415 409 406 364 381 362 389 398
85 115 86 99 130 1392 131 125 102 129 1374 136 75 128 34 94 87 139 117 1395
254 272 296 191 270 256 1370 1358 1325 231 295 1356 274 1348 1337 1324 185 197 228 169
606 721 747 745 771 708 592 568 766 637 776 729 775 560 599 719 734 578 728 575
135 143 1360 104 116 147 1370 93 167 152 129 122 1358 123 83 1364 141 1369 1379 155
869 878 843 1390 906 1393 898 895 838 894 839 840 845 847 885 857 1392 876 865 844
1075 1118 1134 1104 1116 1067 1103 1111 1114 1145 1142 1094 1097 1089 1158 1107 1110 1084 1150 1108
1246 1273 1235 1258 1279 1274 1277 1262 1249 1296 1269 1293 1289 1282 1240 1228 1291 1299 1255 1304
608 631 812 781 575 710 636 609 642 620 726 612 805 778 570 610 635 569 787 770
1328 1345 352 161 1340 276 354 327 275 333 303 1303 334 315 242 181 304 1352 365 245
9 22 1 45 30 39 59 28 40 31 32 36 25 21 11 73 60 24 54 26
625 726 759 591 812 639 807 785 634 806 745 584 643 722 784 604 579 593 778 628
1038 1051 1043 1061 1044 1046 1034 1062 1029 1025 1022 1035 1041 1033 1026 1040 1045 1032 1028 1050
566 724 735 744 633 547 723 730 553 556 564 781 716 759 792 588 631 722 606 714
114 1387 120 1362 142 884 301 1356 188 127 337 321 183 190 281 1395 1366 99 290 106
830 839 206 225 863 847 849 846 831 221 866 223 841 829 205 219 845 213 852 214
1161 1182 1136 1189 1159 1198 1170 1149 1166 1155 1186 1169 1191 1137 1125 1153 1179 1139 1140 1176
913 921 916 932 926 900 920 899 914 904 907 918 906 928 903 927 933 915 929 925
669 688 699 696 822 689 698 667 645 815 650 636 823 634 694 649 646 659 658 670
651 700 719 720 659 643 807 660 709 707 683 806 802 808 637 679 680 647 809 633
144 157 1363 1309 1328 1311 129 1357 151 148 119 154 116 130 1381 169 1315 176 245 280
181 1315 329 1349 246 264 1355 278 1345 222 283 241 205 335 1357 1302 162 299 1366 1291
1069 1082 1065 1012 1013 1076 1091 1077 1071 1126 1015 1018 1109 1062 1110 1096 1061 1072 1094 1081
70 92 124 90 89 17 36 140 118 56 123 82 137 64 29 37 143 33 95 86
284 1386 314 204 1345 369 303 225 322 1377 323 131 1363 1351 101 295 1349 115 273 258
1185 1197 1199 1165 1208 1207 1182 1196 1179 1175 1169 1210 1177 1198 1162 1159 1189 1214 1193 1166
87 111 47 95 86 133 107 101 109 1393 130 75 112 1386 132 66 116 62 124 141
436 509 423 550 417 455 450 432 452 415 447 481 494 460 551 412 500 524 416 496
563 733 564 583 746 579 797 565 623 762 710 740 619 784 749 616 723 621 759 768
897 1395 225 108 1362 130 207 365 1364 120 369 1384 891 1366 269 372 305 147 912 206
1289 1313 280 175 315 334 1257 268 1321 305 246 328 1282 174 170 299 311 1314 199 337
921 930 939 942 945 915 909 916 920 935 917 923 910 936 933 937 907 908 943 932
1129 1157 1122 1147 1118 1096 1134 1097 1105 1113 1091 1089 1112 1151 1123 1095 1160 1119 1139 1167
592 717 620 603 719 701 771 558 602 607 622 803 633 601 575 702 560 769 782 698
566 758 565 791 574 584 728 548 573 798 711 785 576 732 539 774 759 562 621 537
494 502 472 544 448 476 469 489 454 496 532 524 478 493 511 507 445 463 466 530
859 1374 870 891 193 339 1373 326 1355 306 323 154 1365 889 121 341 116 360 316 134
166 266 1334 151 1348 283 227 1379 1310 249 152 220 1370 260 1306 230 1354 275 256 225
180 258 212 1370 1345 181 278 1342 222 261 155 1362 239 1340 1375 158 271 1312 185 267
218 1375 1313 268 281 858 856 277 321 373 185 145 144 334 365 1387 147 279 1395 222
539 555 535 575 770 567 747 457 734 775 765 771 789 447 548 746 519 529 731 438
297 324 358 1347 321 1394 1371 320 1323 355 1310 1316 285 282 1364 344 1348 337 273 1327
182 1389 1320 154 1347 1306 885 322 195 245 212 377 251 1319 316 119 333 306 225 303
548 733 782 584 535 569 563 512 749 773 717 568 747 745 777 716 757 518 721 725
364 375 1378 390 350 1329 359 1377 396 335 356 349 347 1364 343 1374 391 369 376 1392
173 1315 275 283 1367 1346 167 268 247 1295 322 298 192 302 320 1361 1328 251 169 174
140 1371 85 1353 1350 296 173 184 1374 337 218 252 227 163 96 277 358 137 285 225
364 1360 1343 308 1383 279 355 367 345 368 242 264 169 1338 196 219 1381 273 852 349
162 193 249 1383 1309 1305 1366 1350 187 1325 192 231 220 242 144 243 1353 1362 1352 216
293 1319 311 1377 323 1375 231 296 273 306 255 264 162 1388 1351 901 1395 216 190 1337
909 921 928 1323 908 887 894 889 900 901 884 913 1319 906 899 932 933 886 902 893
1324 1338 238 252 166 1318 313 219 263 312 333 282 256 161 310 183 1300 1331 255 269
562 736 573 538 535 775 558 759 710 594 784 711 756 565 555 763 742 532 764 768
215 1364 858 900 888 157 1370 167 232 155 265 313 202 254 304 276 151 154 857 338
596 771 798 743 789 753 738 550 559 747 792 619 732 805 772 793 769 784 544 603
271 1375 857 278 108 235 237 159 150 296 241 1391 318 1328 263 191 374 1376 266 174
1261 1292 1264 1287 1277 1323 1282 1279 1268 1239 1324 1285 1283 1312 1321 1302 1320 1274 1234 1289
437 526 436 451 439 444 557 440 514 411 458 543 424 457 534 501 539 544 418 421
263 1340 1315 279 325 153 1311 285 248 278 1362 232 280 1330 1341 1328 1309 281 243 256
368 1363 242 342 1395 210 253 173 364 279 133 297 292 220 217 1372 236 168 1384 158
1371 1387 294 150 147 1364 855 211 308 1374 1368 1377 338 879 358 219 125 122 240 293
559 764 569 538 546 763 762 730 761 565 788 603 723 712 766 782 751 624 613 736
232 1379 264 158 1303 230 110 898 329 215 334 166 1368 147 194 192 1346 304 191 143
1107 1115 1134 1083 1136 1125 1135 1118 1133 1156 1078 1123 1119 1071 1075 1077 1093 1142 1090 1154
719 783 628 778 566 642 791 770 559 806 790 793 797 769 626 636 788 774 601 617
164 269 200 292 257 291 175 193 192 201 1326 286 1368 246 237 223 299 162 1348 249
600 798 626 583 597 725 618 644 601 569 810 619 803 775 763 578 768 715 717 723
43 73 2 27 59 77 18 24 82 15 116 119 122 95 80 23 12 126 60 108
193 1300 1378 1355 1380 1353 1351 233 236 190 211 243 219 1329 1304 1395 1388 1281 241 1291
116 1393 145 1381 368 1387 277 321 337 332 1374 1391 132 216 360 262 227 1369 190 889
239 267 291 1338 288 1348 1380 271 151 1371 1351 152 1323 168 1385 1330 257 1303 1388 154
1181 1192 1167 1165 1207 1225 1185 1178 1187 1202 1196 1216 1201 1170 1198 1171 1179 1214 1223 1166
458 470 515 475 542 535 435 546 483 521 518 527 481 429 520 544 493 478 472 500
418 441 476 451 442 514 462 534 436 507 503 533 406 522 426 467 412 407 532 429
631 656 601 799 709 644 769 636 811 588 808 612 698 696 782 774 783 797 615 794
189 1352 1331 169 1306 1329 144 208 181 1382 1343 149 270 166 254 250 1328 202 1302 1308
186 1318 1353 279 1302 205 1289 1354 312 314 1394 209 1393 1286 1295 218 271 1316 176 154
597 795 807 599 723 775 642 806 713 630 586 581 617 598 643 623 794 722 619 622
708 764 690 574 664 778 617 782 561 785 717 639 726 615 589 613 645 544 805 633
146 154 139 173 263 106 171 1369 116 143 1360 1391 259 255 1394 135 181 136 1363 164
639 814 617 820 615 627 620 772 776 642 673 825 788 672 705 625 818 628 665 771
639 692 787 697 695 637 691 722 776 808 620 614 630 676 635 711 628 653 646 663
950 975 969 945 971 983 995 955 994 992 988 935 972 939 965 951 964 957 968 970
611 769 774 773 559 742 546 603 765 633 758 629 616 572 573 590 593 744 784 588
730 772 737 788 567 578 739 716 558 549 720 726 589 551 585 785 545 727 731 711
647 809 688 621 658 799 714 693 680 676 813 661 646 695 604 804 792 631 634 820
135 1392 1357 115 1373 329 196 1360 896 316 338 293 317 1353 213 325 1366 227 884 137
872 899 1361 908 863 909 886 867 870 860 902 913 894 869 880 907 884 882 901 1358
852 882 864 903 862 834 1362 865 830 886 843 870 847 1392 832 1391 845 848 836 1360
219 1353 1331 319 257 1325 314 276 247 253 1369 202 164 1356 316 270 267 330 838 1345
250 1330 1313 147 1340 1306 316 302 1359 345 198 1352 328 240 1325 148 163 222 338 171
1264 1285 1289 1315 1269 1312 1239 1277 1265 1314 1258 1259 1278 1305 1286 1263 1316 1249 1255 1290
192 214 1356 1328 159 1353 256 1376 1309 157 237 1327 1300 181 166 179 191 243 229 160
960 975 948 971 963 961 991 985 986 978 984 983 952 962 958 947 987 945 993 970
1090 1124 1089 1074 1119 1148 1113 1156 1120 1079 1106 1076 1102 1098 1081 1088 1108 1140 1073 1067
1188 1202 1196 1181 1165 1185 1194 1182 1195 1224 1225 1191 1193 1164 1177 1192 1223 1166 1222 1175
1353 1384 227 339 247 216 152 194 170 206 249 228 1354 290 1369 336 296 156 131 101
447 490 512 457 486 500 530 504 507 472 425 418 421 521 495 523 445 440 466 480
648 661 634 710 714 671 699 715 618 674 682 676 820 689 620 816 660 675 667 706
1130 1166 1134 1163 1112 1119 1109 1092 1149 1096 1114 1185 1091 1141 1093 1160 1100 1094 1144 1106
1380 1394 895 897 313 362 877 266 201 307 316 304 109 124 303 315 1353 885 270 358
656 818 683 637 639 828 690 668 697 681 829 826 675 815 692 667 638 827 653 702
499 513 554 524 522 502 494 533 432 439 516 461 458 479 526 448 540 549 444 470
19 48 73 86 52 56 4 58 23 63 94 64 60 85 24 57 92 61 82 78
279 1374 125 203 151 1362 304 206 221 158 332 317 897 1329 120 226 360 115 901 109
224 235 1312 842 1394 1295 1367 168 1357 1320 843 267 188 210 179 1316 211 1384 234 186
587 624 599 575 607 732 648 647 637 612 723 633 780 603 767 809 619 792 584 734
201 245 1390 233 1376 214 228 1371 1352 1322 206 218 232 260 255 1369 1346 177 181 205
64 109 98 93 67 38 108 1379 1389 141 1385 41 85 89 50 31 26 14 76 12
449 488 434 512 472 528 489 478 473 440 447 544 494 510 500 537 419 477 431 539
157 242 254 246 210 235 1343 264 220 1300 275 181 229 274 1321 234 1344 178 1319 270
1016 1073 1110 1097 1108 999 1089 1065 993 992 1098 1028 1062 1001 1070 1009 1066 1100 1088 1050
744 772 639 709 558 546 719 610 758 777 632 791 740 714 712 621 611 763 538 548
176 229 241 1330 1391 166 172 225 237 841 1326 194 1370 1346 266 238 161 1362 1354 1378
549 568 581 552 741 787 550 600 516 721 524 792 747 577 601 503 515 578 621 538
360 1392 196 328 1317 877 267 194 262 1368 200 1370 141 135 1327 1375 1333 138 296 330
1273 1293 1282 1295 1275 1309 1241 1285 1299 1312 1267 1278 1289 1319 1274 1301 1254 1325 1266 1257
1213 1224 1240 1199 1216 1236 1193 1215 1192 1206 1205 1198 1243 1233 1204 1247 1210 1195 1229 1201
828 842 859 181 193 835 878 230 849 196 185 187 190 227 821 820 234 867 874 854
295 1367 1354 321 200 140 241 239 339 203 1322 1321 1376 905 223 221 327 274 178 343
576 589 770 763 615 728 625 762 608 752 773 630 747 577 764 720 565 575 616 789
721 740 544 752 558 699 715 579 639 711 745 728 599 630 609 545 569 540 763 713
68 81 97 136 96 15 130 56 108 30 66 39 133 16 24 57 32 17 23 21
240 1326 170 1332 328 201 293 180 358 1356 157 1367 221 252 314 208 1315 226 228 244
223 1373 193 279 1359 1376 1323 189 1298 296 1328 1372 269 867 858 856 1296 226 366 839
190 842 1320 872 1393 825 1386 1383 1347 207 1303 852 194 208 854 881 236 166 164 833
254 275 1391 297 1355 1383 296 155 269 265 1342 197 169 154 1388 1365 1366 250 1316 1309
618 781 582 631 780 638 641 748 750 746 769 705 796 784 576 630 760 745 768 811
298 334 281 357 1352 362 1377 300 1323 1341 1328 1356 346 365 1355 267 1368 1390 272 314
249 1353 319 148 1338 328 176 145 1303 295 1343 289 321 186 213 1319 256 167 143 262
189 259 166 249 174 843 233 1350 1309 1392 1354 292 841 285 248 1357 208 1305 1378 1386
446 533 505 559 522 747 481 750 479 469 458 472 445 470 461 752 449 757 538 523
163 193 1369 271 1380 154 252 199 235 174 1367 1311 1394 1348 842 149 278 1342 258 194
