540 562 567 520 584 561 503 566 518 522 525 502 521 581 563 546 549 524 565 569
43 73 16 1825 67 1848 1852 42 20 41 57 97 1865 78 75 94 1862 98 22 1835
1698 1708 1695 1735 1744 1710 1730 1741 1728 1712 1720 1731 1705 1700 1707 1692 1711 1743 1729 1736
2064 2099 2108 2086 2060 2033 2088 2051 2040 2102 2052 2109 2092 2101 2042 2089 2037 2090 2056 2044
1606 1634 1527 1595 1609 1377 1280 1354 1597 1650 1615 1358 1592 1372 1653 1375 1554 1607 1530 1382
386 619 377 391 394 639 395 351 344 602 364 657 383 638 354 362 365 610 403 405
312 364 608 1117 1157 313 643 309 334 350 293 396 1155 301 1135 1101 383 618 348 329
945 957 929 977 992 946 903 973 968 1012 1048 1008 907 1023 949 925 919 963 916 1025
646 1027 363 1025 386 637 653 905 970 641 949 418 941 977 645 1037 372 663 997 1045
328 1092 1114 370 1129 1176 320 1141 335 1170 275 1057 1099 1164 1102 1133 1066 1058 1065 1143
1992 2015 1998 123 100 98 2031 1973 2000 1978 2033 93 113 103 115 114 92 2007 122 91
967 1009 1003 1041 1001 906 903 989 1024 1026 1021 972 969 1027 901 941 960 1007 944 909
807 875 815 899 890 897 771 891 893 889 754 851 843 867 780 752 814 776 774 793
1198 1223 1222 1191 1257 1261 1218 1200 1595 1259 1212 1164 1181 1250 1594 1197 1231 1240 1262 1591
700 734 751 731 1052 746 708 465 782 440 720 728 683 779 744 777 411 1040 430 690
635 648 360 373 409 407 662 351 430 625 592 344 350 412 636 619 630 665 1025 1035
158 190 185 115 195 187 141 101 113 114 131 161 139 166 108 210 213 110 218 183
664 697 723 405 696 656 709 718 711 733 1047 462 449 690 461 666 706 1055 712 441
1368 1600 1560 1589 1384 1381 1396 1599 1559 1542 1619 1586 1617 1583 1615 1395 1613 1364 1527 1588
1757 1780 253 1754 1751 1788 1744 1737 1745 1769 1765 254 260 1743 252 1776 1771 1767 1783 1762
986 1021 1048 1020 1025 1056 898 1015 900 658 959 978 1012 1008 897 1026 908 910 891 1002
314 328 323 1148 1110 1158 347 1161 310 1157 1126 1121 1138 369 361 282 1104 1174 280 1132
280 313 1140 332 251 294 326 338 350 282 357 1148 342 1142 285 262 327 258 1111 312
118 145 1987 174 178 97 84 2008 131 90 134 115 130 82 1999 112 99 2013 1993 177
1805 1821 1816 217 228 1812 1784 1786 214 229 232 1797 220 1839 1787 224 234 1824 219 1806
1144 1160 1183 1195 300 296 1178 1149 337 273 1139 341 358 1158 1125 343 279 327 360 293
306 1120 1166 1104 342 1142 1110 1133 314 1125 1096 1112 310 333 1165 349 1100 350 274 294
1103 1155 1146 267 1099 1151 1075 264 266 281 1133 1143 273 307 1148 1115 1082 316 1109 1175
1646 1652 1624 1651 1640 1639 1668 1642 1632 1666 1635 1665 1653 1637 1620 1670 1662 1664 1636 1628
527 548 500 524 564 565 559 507 519 563 536 512 571 518 1955 514 521 528 569 560
1349 1616 1534 1513 1363 1530 1560 1346 1535 1367 1565 1529 1348 1510 1597 1538 1514 1389 1352 1276
609 626 406 590 605 341 375 347 647 606 640 588 382 581 398 352 602 582 367 610
710 722 739 772 462 735 707 688 730 442 443 1047 764 1049 731 420 430 696 759 750
1050 1062 702 1022 653 712 685 1090 1070 745 973 665 697 1077 650 1038 1004 959 692 672
414 663 407 647 455 660 694 454 705 593 430 700 431 436 1060 427 682 707 412 1037
1243 1265 1216 1220 1289 1271 1231 1221 1613 1204 1278 1248 1206 1586 1258 1591 1266 1272 1209 1244
903 939 929 965 1032 1037 922 961 889 909 898 1021 1042 938 914 958 888 959 930 956
357 641 1100 1113 603 400 1107 1147 1151 648 324 397 653 618 405 1117 311 640 631 329
1533 1562 1602 1616 1520 1627 1531 1579 1606 1578 1561 1563 1633 1540 1575 1373 1623 1510 1349 1617
265 1788 1112 1097 300 1805 1123 1150 1782 329 1106 287 1767 1810 1765 332 1772 244 1794 255
370 386 405 608 344 413 369 400 604 629 358 612 328 326 393 621 368 384 317 411
12 1841 42 1826 4 78 68 84 1863 1847 1864 55 1861 1842 1852 23 1839 64 1862 1859
348 637 1105 390 611 1126 656 369 1121 1153 1107 1097 1103 399 287 620 301 1137 612 1119
1530 1636 1555 1625 1557 1542 1340 1508 1534 1520 1614 1609 1648 1348 1532 1610 1643 1539 1611 1510
231 1792 1774 239 1776 1785 1824 219 204 225 246 205 212 1825 256 250 253 226 1805 1777
239 259 219 1784 290 1793 278 216 1791 208 283 242 300 297 225 287 246 244 222 233
1257 1284 1256 1623 1235 1239 1632 1262 1634 1625 1311 1201 1630 1211 1203 1323 1246 1243 1248 1299
916 958 1031 1007 939 992 964 976 950 997 967 908 1027 907 897 1017 1023 990 978 970
1508 1521 1642 1345 1609 1629 1628 1354 1359 1356 1518 1502 1621 1505 1634 1533 1615 1490 1499 1604
1188 1206 1223 1253 1153 1184 1219 1200 1205 1234 1162 1213 1249 1191 1240 1150 1190 1220 1256 1258
1609 1627 1615 1600 1623 1635 1546 1558 1364 1357 1507 1543 1354 1604 1283 1583 1554 1578 1580 1596
355 1096 1171 395 387 327 305 1065 270 1129 334 374 630 343 639 380 1110 1123 643 638
1195 1208 1194 1184 1243 1222 1252 1221 1186 1187 1170 1212 1211 1249 1196 1200 1233 1165 1161 1242
335 361 623 625 1166 379 354 629 315 366 1098 310 635 641 393 642 604 273 1095 632
1276 1296 1620 1307 1618 1314 1284 1252 1315 1266 1253 1259 1268 1327 1621 1255 1321 1258 1625 1628
1170 1186 1190 327 1145 330 1163 1132 1119 1168 1150 1126 1116 1208 1091 1147 1111 1143 1117 1169
1344 1354 1537 1357 1385 1374 1377 1392 1496 1524 1391 1625 1608 1360 1393 1613 1617 1345 1359 1515
419 1048 1016 1029 1045 981 1014 742 1006 1059 1000 447 744 678 428 448 441 1074 1011 683
1840 1852 6 58 77 24 1865 0 43 59 1858 85 4 31 30 76 21 34 53 1841
252 1784 274 222 1799 1789 1786 258 289 1781 276 245 287 283 256 241 1796 1764 1775 249
104 157 129 84 2018 89 174 2010 69 2020 170 2019 144 190 99 1986 1995 90 181 71
433 462 425 696 679 709 481 442 667 1042 453 436 1047 464 473 484 434 687 654 476
54 88 2024 12 2004 24 2001 79 1853 1856 2023 1987 83 65 62 1841 21 119 2005 78
1656 1663 1678 1665 1652 1646 1672 1647 1670 1671 1669 1674 1644 1638 1676 1641 1668 1662 1654 1651
827 840 861 843 888 802 859 845 876 842 801 847 877 853 891 820 837 841 819 890
491 506 548 502 540 535 541 532 547 515 511 545 484 509 539 510 534 542 526 504
355 624 326 390 318 1134 385 1099 335 618 611 621 1125 632 1142 628 297 344 302 635
973 1048 1079 723 668 1041 415 426 726 651 431 967 648 698 410 1063 647 717 1028 722
861 874 846 865 837 844 843 870 827 809 855 888 838 810 817 808 813 840 883 872
91 2004 107 153 113 57 142 121 58 72 147 1994 2006 2015 63 132 2012 122 137 77
265 1787 296 1157 332 281 242 1155 298 326 245 250 262 1779 290 1098 1118 291 243 284
235 1794 1805 1784 227 217 225 211 260 1801 1818 205 251 1774 1809 1799 219 1800 218 237
1177 1209 1110 1102 1220 1221 1180 1121 1148 1092 1205 1262 1104 1105 1156 1199 1179 1251 1191 1238
1130 1153 1110 266 1129 271 1155 1103 282 1096 342 362 1117 302 268 1142 1151 1181 1102 1162
453 671 479 1059 430 417 692 714 416 432 446 670 685 470 443 676 406 683 433 719
810 825 867 829 768 861 875 839 758 824 793 775 782 769 859 799 792 804 831 896
117 165 2011 186 101 174 2010 181 1996 194 93 176 92 188 160 90 2007 182 161 136
148 168 158 197 112 142 187 194 106 115 117 170 120 99 146 153 178 165 181 95
1790 1796 219 221 257 1768 246 240 231 232 229 226 1775 1817 223 220 1806 262 256 1789
420 1045 969 1036 459 660 712 430 1055 1072 385 675 421 668 1009 966 1007 933 391 398
356 396 302 596 416 651 1097 635 427 424 380 638 632 355 311 332 591 626 1129 1124
2038 2054 2016 2047 2094 2033 2102 2074 2089 2021 2099 2069 2030 2088 2090 2019 2053 2060 2031 2059
1291 1308 1284 1321 1314 1289 1268 1316 1287 1290 1297 1277 1317 1325 1266 1322 1306 1262 1292 1278
104 125 1990 2017 101 2022 83 108 2013 68 158 120 142 135 109 149 90 121 84 1997
789 801 819 774 731 785 728 798 781 776 737 803 802 824 767 806 818 778 827 726
54 1848 34 70 51 56 10 35 25 47 1833 63 8 1859 50 46 84 37 52 16
1536 1544 1347 1572 1514 1622 1640 1570 1528 1598 1529 1623 1557 1349 1553 1567 1563 1624 1604 1609
1599 1610 1526 1633 1540 1632 1594 1357 1601 1522 1251 1515 1227 1381 1524 1542 1535 1555 1592 1229
382 600 407 623 611 631 362 348 394 364 587 404 381 371 415 357 368 607 388 411
925 1038 968 992 417 1023 1019 906 421 401 910 740 961 1059 935 414 897 921 983 972
559 570 524 590 582 562 599 571 542 530 557 567 583 580 592 536 523 551 519 581
79 95 97 77 1842 1992 1846 2013 154 2005 1856 1840 110 81 1836 2003 40 103 1850 2026
1156 1174 1162 1148 322 1123 273 1197 1200 1145 1134 1150 270 293 1175 1188 1157 1105 320 1159
435 693 653 436 443 686 1058 706 673 676 648 668 450 423 463 672 652 649 416 1052
1099 1143 1158 1088 1171 1159 1139 1160 305 288 1070 362 1181 304 1134 1129 1096 335 330 1141
1013 1053 1021 1010 904 902 688 440 892 719 723 708 1068 732 949 418 1067 950 427 429
958 1027 1036 943 644 956 1037 1019 921 395 392 903 641 970 981 1022 398 894 1046 1039
1611 1639 1594 1349 1625 1654 1635 1381 1566 1563 1539 1646 1368 1602 1542 1564 1591 1627 1372 1374
1394 1422 1431 1419 1366 1375 1398 1400 1402 1373 1355 1383 1405 1364 1414 1378 1356 1430 1412 1379
1348 1517 1611 1538 1529 1493 1385 1630 1523 1536 1366 1374 1610 1504 1543 1627 1634 1518 1386 1514
300 1101 259 1090 1157 1120 321 275 1083 1085 1105 1141 340 1173 335 1132 262 1092 1145 285
398 667 650 639 602 671 688 1039 1058 1027 464 440 385 378 368 643 665 426 712 628
357 646 433 1102 1149 364 1040 641 1142 384 1107 1122 664 392 1026 1036 312 1134 601 1151
316 1118 373 279 333 1168 1154 1153 1113 300 369 305 1158 356 1101 1160 352 1144 289 326
1718 1736 1731 1742 1729 1723 1703 1755 1749 1740 1737 1705 1698 1701 1721 1735 1747 1710 1734 1722
1544 1554 1576 1563 1568 1637 1601 1625 1564 1553 1533 1618 1545 1569 1559 1528 1622 1621 1603 1516
402 605 616 1041 422 1023 366 660 364 646 361 415 418 681 639 428 602 676 1036 600
1818 1830 1819 1802 0 38 17 16 55 1853 25 45 230 1812 233 62 1 9 214 26
44 1842 1837 31 88 11 72 50 65 1845 24 9 1858 1836 40 33 41 1866 1827 1833
1962 1974 1980 1968 1992 1975 1972 1986 1967 1966 1949 1957 1987 1971 1945 1983 1973 1988 1970 1985
427 1035 400 931 1019 990 694 1031 1049 950 1046 966 684 983 907 904 971 949 448 1064
335 1096 330 329 358 379 275 1177 1098 311 1082 1121 1102 327 1153 353 348 298 1144 1112
689 1040 1045 663 445 708 1003 404 443 933 984 989 737 710 1013 746 1061 960 403 1072
1552 1602 1533 1596 1379 1592 1535 1621 1358 1536 1584 1521 1624 1579 1561 1376 1609 1539 1387 1612
55 1858 1834 62 73 29 1836 39 1869 54 1859 2 82 25 1851 88 46 11 61 1845
1982 1999 1990 116 117 92 1989 112 2003 2009 1967 1978 132 122 1983 114 1993 1992 131 1981
786 805 881 802 728 834 833 735 800 772 821 814 762 780 822 830 798 807 779 883
1511 1635 1544 1343 1531 1644 1651 1342 1494 1530 1515 1345 1501 1642 1529 1650 1542 1539 1607 1496
95 2017 154 101 82 2013 125 84 75 123 1989 127 124 153 88 136 80 121 158 1999
1524 1633 1620 1348 1518 1537 1540 1515 1283 1507 1616 1497 1544 1636 1627 1541 1603 1605 1503 1631
59 1827 1854 222 76 14 223 1809 1820 1862 27 75 224 1836 42 1860 89 30 12 88
650 668 669 646 675 659 706 357 410 411 710 703 451 435 372 712 457 374 607 691
537 550 500 558 504 511 514 556 538 499 566 525 536 507 563 517 512 510 559 524
383 660 410 457 1041 357 366 705 592 369 341 448 1055 440 702 1021 678 1052 619 364
222 243 218 198 1800 238 195 1817 199 267 262 268 1824 237 269 232 225 197 244 242
132 144 1997 145 87 99 1995 112 2000 123 153 2010 2014 175 152 127 161 133 140 2009
78 88 2015 1988 39 1991 144 146 1848 118 50 76 1856 61 124 1852 1997 62 130 54
292 1156 1093 1138 304 289 1169 1116 1184 311 339 1189 335 1085 1186 282 279 1126 295 256
209 232 188 1816 243 176 224 221 1821 1794 1792 245 1806 214 217 1825 207 178 195 1823
1510 1524 1543 1616 1630 1623 1637 1503 1501 1504 1621 1618 1514 1631 1531 1527 1556 1356 1353 1533
51 75 25 4 1831 1856 78 1836 101 13 9 96 36 38 1841 0 111 1862 108 31
342 1158 295 350 271 1191 1122 1172 1188 335 365 1169 1136 352 1121 638 1126 307 317 333
703 1045 457 462 428 423 654 691 978 645 653 410 429 413 955 451 441 735 1001 954
277 1102 1125 276 1107 289 268 1170 1141 1084 295 1119 248 350 1134 339 322 1112 1158 1117
325 1153 1109 1160 1088 290 1149 288 356 332 271 339 336 366 272 1148 1135 283 1147 317
1164 1191 1127 344 1116 1117 1176 1207 1114 1218 1142 334 1101 1223 1212 1120 1155 341 1208 1178
1226 1588 1225 1570 1589 1252 1222 1249 1228 1591 1564 1229 1253 1223 1599 1216 1198 1197 1204 1254
675 710 679 1045 423 425 421 657 420 445 403 678 701 745 687 744 446 1055 464 673
275 1157 320 1162 1089 277 1159 330 276 1094 1115 297 1091 298 1098 1129 1123 1116 253 247
425 1028 423 452 663 455 415 901 702 437 1041 673 695 453 643 441 395 963 672 909
553 578 594 577 575 568 569 557 567 534 607 559 576 590 602 561 563 509 596 536
84 141 115 138 130 75 1840 140 1988 98 118 2026 55 160 178 152 73 112 1849 56
971 1030 1051 994 1038 985 1043 650 1029 975 943 991 1020 406 950 1041 949 654 965 942
1823 1832 1837 1855 47 17 223 39 56 11 1842 1817 1813 225 230 220 1819 1808 72 18
234 252 250 203 241 277 239 1807 240 1791 255 263 249 1797 284 1821 1810 259 1809 1782
252 259 240 292 236 1786 1785 230 290 268 226 285 248 1782 289 1787 263 265 237 235
576 601 379 633 577 617 383 644 387 591 630 628 400 389 368 391 394 584 612 378
3 1839 1831 52 78 1861 84 13 23 14 1830 32 1868 68 44 64 82 1834 1854 1837
975 1017 901 972 1014 1019 1021 1033 960 957 900 993 902 949 1030 1025 1013 1004 1053 988
831 876 868 860 852 816 864 845 837 814 844 843 891 808 810 827 819 863 805 811
