173 216 214 292 168 150 302 251 64 169 256 160 170 279 229 201 232 166 264 213
17 73 21 93 117 66 162 126 2 99 42 55 63 124 18 62 169 67 38 132
196 199 194 176 209 174 184 173 216 206 208 187 217 211 182 191 214 220 166 180
402 460 452 369 465 424 374 366 421 430 383 479 449 365 379 454 457 439 447 415
224 300 211 230 306 241 275 206 330 236 287 277 242 261 285 338 231 237 331 220
260 292 267 218 328 316 326 300 155 247 281 287 280 324 232 334 224 319 222 216
375 418 397 382 403 368 379 439 385 400 383 349 438 399 357 401 351 378 355 359
83 163 178 71 144 270 94 133 37 26 274 120 173 28 51 145 155 80 184 50
459 471 477 450 399 468 445 482 478 501 491 487 398 479 467 403 407 463 490 441
380 433 441 426 455 424 378 425 387 401 447 434 422 362 429 463 439 352 423 403
5 99 156 17 42 74 129 83 172 36 69 57 21 28 178 168 29 27 4 26
477 491 470 457 494 481 482 495 449 463 490 468 486 502 475 452 507 498 506 459
387 435 373 404 431 421 380 371 395 420 464 423 453 438 368 363 459 461 361 364
25 108 85 170 46 163 55 84 10 121 144 17 176 90 78 8 174 164 146 141
26 121 143 103 160 61 107 12 149 36 134 150 45 15 127 39 13 27 117 104
88 99 17 148 160 22 78 38 90 164 161 1 20 111 105 139 149 176 73 27
41 99 150 73 146 22 83 12 79 68 114 100 92 151 31 172 18 143 51 82
6 32 138 64 136 63 19 128 140 117 88 26 27 166 45 112 102 154 38 129
95 104 166 51 29 25 86 147 89 66 47 62 64 154 27 131 97 160 61 35
439 448 390 400 416 474 430 420 411 437 453 470 469 454 407 442 405 399 391 425
381 418 438 401 437 371 445 442 408 419 441 398 377 369 363 439 373 367 404 382
101 176 179 139 103 150 164 74 124 171 4 170 1 195 120 66 29 84 115 126
69 115 12 126 61 152 155 26 29 75 23 19 139 167 3 103 99 108 136 123
384 410 362 454 365 411 403 395 450 359 458 437 373 447 356 436 353 408 430 393
223 290 231 321 236 296 158 258 312 331 225 206 288 326 291 239 273 327 249 268
105 144 143 110 25 161 50 141 4 17 124 54 125 176 147 122 100 56 172 154
82 171 22 80 47 164 218 58 127 108 200 182 186 40 158 152 67 92 148 149
53 115 152 171 136 1 72 131 32 0 137 114 77 166 156 13 138 60 97 106
394 431 418 437 377 387 448 367 427 411 379 361 365 404 429 372 381 393 458 456
458 467 450 429 452 431 487 446 480 484 448 460 411 477 490 459 409 407 399 463
8 34 16 48 63 15 149 109 104 113 106 5 54 145 121 120 55 98 158 155
24 73 159 83 60 91 37 104 5 173 63 174 76 144 139 93 38 114 7 9
141 147 20 27 90 28 38 13 68 133 114 0 150 16 66 153 115 139 125 24
75 124 0 95 21 26 43 23 145 25 42 164 170 77 20 65 159 135 47 31
194 204 205 195 238 219 252 189 244 191 213 176 214 241 235 247 183 172 169 259
446 473 497 386 407 412 458 490 439 415 454 416 409 438 417 408 435 452 495 486
370 379 385 355 376 414 343 346 396 349 441 409 367 418 354 437 344 421 359 395
389 424 362 370 412 392 402 379 397 385 410 432 429 360 376 405 377 371 414 421
83 106 118 0 104 134 61 80 51 150 4 110 74 82 165 71 3 119 21 176
17 35 92 96 15 136 26 84 71 152 52 164 2 74 114 146 48 144 105 87
278 312 292 339 283 288 230 264 216 286 282 347 291 218 332 280 235 324 308 213
75 118 138 168 22 45 149 161 35 127 134 172 114 128 73 15 52 0 107 156
234 314 301 230 225 315 329 296 226 313 205 307 209 340 224 216 228 341 232 250
479 496 490 508 453 491 464 450 463 509 470 471 472 494 481 474 484 461 489 485
75 95 177 151 153 27 62 158 60 110 44 112 115 37 171 152 180 136 71 56
473 484 495 468 476 504 451 458 489 444 488 490 445 443 456 491 507 470 460 501
152 262 80 66 17 267 238 220 222 1 170 65 23 89 277 115 247 292 162 223
117 141 137 13 62 82 158 27 110 6 159 88 64 89 32 98 113 83 106 138
37 77 49 126 15 2 31 100 111 155 62 96 41 159 140 123 119 73 47 105
98 107 172 62 43 79 83 138 122 154 92 177 12 84 110 133 6 10 67 118
6 132 78 127 29 120 19 41 126 91 158 86 59 46 66 3 87 149 106 10
404 416 415 389 440 370 427 407 365 442 447 451 358 403 371 388 377 359 360 406
135 151 163 169 80 112 86 43 57 119 63 150 20 6 15 275 113 144 85 114
59 152 158 265 176 153 21 107 99 20 283 268 147 281 87 143 52 145 25 270
96 160 181 133 187 20 54 27 148 56 157 110 100 85 260 169 86 283 274 31
38 79 111 54 1 57 64 118 174 42 67 30 89 127 141 134 123 168 35 26
34 63 100 133 93 9 171 46 24 68 74 22 65 30 119 53 141 96 130 174
276 295 216 285 296 291 308 158 316 310 323 155 221 286 208 152 269 261 233 214
230 240 256 265 229 212 244 249 203 275 282 262 243 279 284 253 300 213 305 318
418 446 470 435 367 375 381 358 393 379 374 474 365 443 424 464 397 434 370 362
27 105 56 52 103 72 30 125 132 96 77 100 37 45 12 165 135 25 113 153
18 51 0 19 58 63 43 92 161 138 119 131 116 33 171 50 140 44 148 66
101 123 178 104 113 153 34 120 29 83 39 126 40 179 56 75 135 53 118 90
204 243 228 293 306 288 254 173 229 225 202 295 208 235 298 292 265 212 286 233
320 342 348 297 344 295 321 284 317 366 285 360 353 328 337 232 280 345 292 351
87 174 154 157 36 77 90 19 23 148 100 123 58 25 132 76 159 133 129 152
6 133 45 66 143 3 104 110 164 107 111 20 91 41 74 8 58 76 139 22
64 114 66 93 5 102 117 156 12 2 26 24 23 69 169 109 143 119 39 99
108 174 61 10 155 165 34 67 58 130 8 135 1 97 191 17 100 44 172 171
23 91 79 30 56 81 65 160 34 51 117 3 118 41 62 44 159 35 120 156
34 44 93 116 133 105 111 49 52 22 119 5 50 160 23 140 125 3 146 0
157 277 223 43 286 35 72 113 129 93 317 139 51 31 288 249 68 229 49 54
36 127 165 132 93 162 40 140 169 19 97 147 159 145 58 153 121 143 26 83
160 281 44 143 158 50 276 43 76 243 246 100 101 307 184 259 245 181 306 41
237 285 252 257 204 304 268 308 234 330 313 326 236 241 274 206 307 242 278 214
234 302 313 261 305 208 297 226 315 301 323 253 274 260 300 205 314 204 290 210
224 287 257 258 286 241 270 280 209 331 229 284 268 283 296 249 231 156 253 234
89 168 98 122 136 53 59 78 144 51 181 46 37 218 87 48 35 93 88 72
279 311 219 160 221 310 304 210 347 344 266 328 232 330 269 313 272 253 230 341
207 246 292 216 286 250 256 236 285 293 235 280 245 211 266 198 267 209 295 307
20 67 41 0 77 116 121 68 22 80 70 108 176 147 175 19 163 74 29 42
349 374 405 404 352 355 366 344 359 325 333 416 435 412 427 382 417 429 431 343
113 163 76 121 69 160 95 154 165 128 14 118 104 94 140 8 66 97 117 92
307 324 301 346 304 331 348 287 329 313 217 347 292 240 233 284 288 289 314 345
43 94 91 7 170 157 6 39 174 84 129 136 95 31 168 165 23 47 48 85
125 139 148 156 89 108 16 143 106 23 51 73 162 80 77 75 79 100 65 52
33 96 166 103 131 32 22 97 140 116 54 19 4 177 23 108 21 117 34 148
75 125 100 49 69 91 134 137 139 133 127 37 55 38 68 51 32 5 23 62
94 154 15 96 130 20 167 22 26 104 65 34 72 277 48 19 121 36 47 75
392 442 417 434 410 441 372 422 390 365 459 398 406 409 375 399 384 411 369 449
213 292 322 327 314 315 311 233 263 302 172 220 320 229 258 331 169 204 191 197
423 434 415 459 372 395 448 380 412 439 455 438 406 416 440 364 449 358 446 454
35 58 162 54 113 55 63 99 156 95 17 143 96 22 130 37 161 82 90 107
30 166 92 116 85 98 23 160 97 39 5 138 48 115 69 162 21 190 145 14
239 263 203 204 298 284 158 296 154 243 215 220 238 260 295 276 279 302 304 202
284 304 210 238 342 302 263 310 240 254 258 160 211 323 300 250 281 256 156 327
224 263 254 308 222 207 264 234 256 216 227 304 218 226 273 286 204 311 312 208
316 331 350 335 314 332 318 297 290 336 279 308 302 300 321 230 286 337 346 280
474 505 495 464 487 452 449 462 451 447 497 494 478 504 482 509 479 446 460 496
45 115 148 100 6 67 47 41 142 111 20 11 70 60 135 124 32 4 158 71
163 184 81 188 31 42 92 30 274 53 201 137 96 121 28 112 46 169 76 200
157 172 218 57 38 97 117 288 26 99 270 102 265 193 137 104 197 42 126 16
216 281 233 291 201 323 181 272 260 156 253 244 271 257 324 266 288 221 256 152
113 154 10 22 181 59 279 171 14 80 285 9 40 264 99 117 146 55 180 63
14 113 27 2 84 56 58 18 82 166 94 30 26 22 17 156 78 117 65 76
389 424 391 356 414 434 405 368 407 416 384 393 359 411 447 454 377 382 433 443
157 184 284 124 93 78 29 99 263 119 129 105 117 139 200 292 68 73 127 176
41 159 136 265 171 43 102 174 279 103 129 150 146 31 26 6 61 158 11 184
26 83 163 134 89 48 81 12 49 142 37 42 98 28 35 50 14 101 113 152
34 143 122 115 59 39 35 153 50 72 145 113 118 15 83 80 161 85 105 162
26 34 94 125 115 56 105 154 119 110 158 82 19 85 75 95 70 5 152 0
98 140 180 104 62 67 171 13 49 14 121 138 79 63 133 122 84 52 43 117
488 501 480 475 468 470 481 471 483 465 463 498 486 485 476 466 505 482 464 502
350 375 417 337 392 342 391 327 435 428 416 340 336 360 401 410 426 331 388 385
238 286 293 241 321 260 280 272 203 261 219 251 152 279 269 242 207 216 319 225
29 85 28 73 74 165 151 166 135 110 71 123 125 116 96 40 2 142 18 35
83 99 125 44 162 79 166 29 16 21 31 4 27 133 75 6 141 113 38 105
77 95 133 48 127 156 106 146 40 172 108 129 24 142 46 181 118 170 167 104
30 39 132 17 63 42 165 73 105 89 140 166 61 133 11 71 69 93 129 115
469 482 504 459 493 502 476 478 487 503 470 460 489 456 474 481 485 506 446 441
252 303 274 280 213 323 327 231 324 326 212 302 205 270 268 220 285 277 224 251
384 441 453 408 398 413 385 439 436 366 369 373 382 362 420 390 387 416 458 358
305 332 294 322 279 327 308 247 329 220 248 230 347 235 333 249 306 288 313 289
96 164 83 188 42 142 154 58 55 45 98 72 184 130 275 135 85 274 86 138
352 373 354 347 367 426 384 340 421 414 390 428 432 403 349 405 404 368 360 335
58 150 79 23 121 169 143 64 122 49 161 84 6 142 17 20 37 18 103 39
367 381 420 436 358 378 431 370 425 343 419 392 350 414 396 426 422 372 371 374
87 178 139 121 122 168 53 147 59 179 62 199 21 120 57 140 52 109 123 55
12 142 9 13 141 72 4 101 116 128 143 18 161 149 33 69 88 125 92 126
148 174 152 107 122 21 164 89 97 7 95 19 16 25 38 155 41 130 195 214
27 90 50 35 110 84 3 126 36 61 63 55 123 170 62 65 171 32 173 1
90 177 167 143 91 190 179 127 49 59 93 198 100 92 85 130 201 84 45 166
0 26 109 135 130 73 51 111 156 87 140 158 69 123 13 68 96 6 151 149
393 408 422 420 423 373 386 388 454 358 446 390 371 379 442 443 424 435 450 447
113 119 74 42 57 0 50 155 21 85 144 64 89 67 123 136 61 20 55 5
25 108 94 73 37 62 170 9 95 49 46 99 112 115 10 3 70 55 138 56
271 305 235 158 155 297 272 219 282 236 311 159 299 250 296 326 247 249 243 257
4 18 26 114 119 86 0 56 30 8 159 71 36 144 126 41 72 150 102 113
377 385 441 444 422 372 393 405 436 440 420 435 437 439 392 387 357 396 447 388
16 40 7 86 125 87 122 154 36 75 116 42 141 65 82 15 72 97 57 107
219 306 285 257 303 165 339 234 229 217 283 224 302 275 249 215 207 304 325 343
376 396 418 436 441 427 351 352 402 425 400 439 382 370 355 401 426 379 447 437
162 270 89 297 117 50 249 221 60 115 170 279 175 242 149 239 179 147 230 102
500 507 466 487 493 482 497 484 506 509 469 483 488 498 479 492 495 473 501 477
18 35 119 54 169 85 96 8 165 73 148 48 53 99 77 78 28 66 34 11
265 296 287 292 275 325 248 264 223 240 317 153 241 306 278 331 224 213 309 216
316 335 284 295 230 304 235 333 300 305 350 292 277 338 356 311 233 285 343 301
90 166 139 49 115 156 27 100 65 50 153 172 43 60 56 134 106 69 38 54
74 118 51 120 165 37 77 3 65 139 102 43 106 26 173 36 58 161 105 167
445 469 478 403 453 390 389 386 413 426 492 422 463 451 493 450 489 412 400 418
