82 185 115 213 388 414 110 218 379 92 70 392 148 445 216 172 65 103 62 150
162 424 185 144 148 119 64 172 120 126 59 127 53 432 189 91 199 397 405 413
315 327 301 354 275 349 333 288 337 360 284 277 317 204 231 291 363 206 215 364
99 195 335 169 317 155 226 168 327 439 85 388 159 340 190 206 315 450 165 381
51 428 24 134 450 470 101 176 63 103 21 82 53 406 433 179 57 146 413 444
13 33 481 19 32 52 445 29 30 31 494 440 447 431 53 10 9 427 438 476
56 105 433 405 437 434 479 390 179 76 106 393 113 54 397 381 35 160 82 23
431 442 161 34 145 170 56 461 116 101 84 148 68 391 457 14 448 5 71 26
68 392 69 419 177 36 420 397 449 77 444 357 58 429 40 391 75 170 374 49
82 379 435 356 148 404 123 196 106 366 167 116 363 90 362 56 64 159 141 403
144 430 67 124 46 45 182 105 179 60 427 152 466 84 142 118 65 97 420 164
389 412 398 380 53 158 114 108 191 146 443 381 395 372 361 423 87 427 442 94
316 335 352 320 200 360 359 222 190 312 328 292 193 337 275 315 309 341 318 323
68 111 132 386 422 404 55 179 143 410 150 459 462 164 46 31 145 409 81 443
28 483 460 16 39 31 443 469 431 56 45 472 447 2 450 455 466 53 25 34
103 402 417 397 449 420 140 179 441 181 433 191 145 62 398 366 135 424 113 444
255 279 215 293 284 283 244 251 272 252 227 253 210 289 218 236 206 308 273 287
188 407 118 392 441 394 177 399 98 429 179 163 214 167 216 435 142 396 419 323
94 437 28 197 66 31 414 162 473 161 371 379 142 109 187 400 422 96 372 100
140 157 427 403 130 425 58 123 101 383 421 110 168 139 197 45 413 51 388 463
114 128 57 442 69 434 138 179 165 76 435 172 417 115 454 184 41 77 126 452
247 274 293 210 291 245 286 268 257 241 222 315 288 294 280 296 278 250 266 285
160 401 436 101 131 414 179 135 142 169 151 430 62 167 402 397 155 88 421 153
61 112 74 187 386 143 443 152 462 395 461 447 432 184 139 424 47 87 466 422
205 246 322 216 242 260 306 301 236 227 188 271 307 201 193 277 187 190 274 214
204 256 296 314 164 337 193 230 192 191 208 305 247 299 322 318 330 307 207 280
121 461 416 166 451 422 148 93 427 157 489 448 183 46 70 117 419 493 105 63
353 382 351 330 378 386 328 195 166 422 156 99 350 332 399 421 326 171 101 372
113 462 402 450 461 161 453 59 384 436 102 433 93 480 80 445 489 174 146 387
73 128 38 92 52 141 181 418 145 389 66 142 64 157 56 437 96 392 402 60
74 93 157 405 403 136 129 43 112 191 457 425 114 456 45 446 79 420 111 152
140 403 461 150 84 146 460 463 404 142 113 409 374 130 411 78 413 144 107 122
87 193 336 155 145 146 228 76 166 137 384 315 427 226 217 399 426 335 178 98
93 389 385 428 56 150 166 131 123 97 407 356 384 104 55 132 182 193 440 185
32 475 472 69 488 481 26 9 45 14 68 496 51 454 485 479 36 482 493 50
316 352 285 202 318 229 220 385 377 279 381 204 208 351 382 192 290 214 302 369
4 34 448 441 426 13 474 430 476 52 492 427 47 449 25 494 472 43 497 6
272 308 241 281 336 288 309 259 247 231 317 229 212 307 226 310 292 250 339 326
67 157 33 46 412 150 86 87 189 121 119 136 51 53 48 27 396 402 392 440
52 154 79 19 387 397 476 416 17 11 482 164 148 113 414 94 483 83 381 115
80 129 90 172 410 463 100 433 60 390 185 93 163 118 398 124 399 448 78 40
101 113 154 377 133 92 120 102 402 422 455 390 46 439 117 427 179 381 51 429
69 400 411 167 62 146 402 162 189 70 173 443 379 363 447 48 68 47 462 449
312 328 329 211 314 331 284 277 354 223 352 335 307 283 280 216 285 231 348 364
124 468 95 491 142 59 464 131 176 138 392 65 51 145 97 47 482 420 425 424
366 397 362 71 365 361 341 146 432 176 385 404 331 335 429 400 163 151 395 145
33 50 12 460 121 125 105 7 20 53 127 59 148 62 434 29 35 27 145 162
36 476 32 69 40 471 51 52 445 55 25 27 425 451 73 128 435 473 6 474
75 187 203 416 408 143 179 160 166 155 167 80 158 129 151 62 85 441 455 400
155 430 440 98 194 433 456 45 160 425 58 184 450 79 96 190 27 172 130 70
48 61 449 32 146 435 0 419 46 452 422 153 9 155 138 41 99 413 22 416
16 451 431 18 22 32 471 476 145 421 126 45 477 17 41 37 441 12 112 25
436 472 121 469 94 109 61 110 409 115 462 58 161 24 78 102 486 403 460 159
121 402 183 133 175 425 156 151 464 167 91 376 164 104 407 61 116 184 147 123
90 392 123 92 134 146 151 447 196 382 359 87 62 357 385 362 180 144 68 60
211 256 325 271 323 191 209 289 258 314 268 326 220 339 275 223 319 267 300 308
184 220 283 300 319 317 79 329 237 209 382 217 211 241 308 155 265 238 163 203
100 193 388 145 328 390 442 440 104 325 142 54 213 127 333 103 97 144 401 434
84 142 107 442 78 451 435 102 428 55 118 121 452 85 171 385 411 422 162 135
181 214 250 267 284 105 243 399 406 299 229 107 231 94 409 234 256 139 319 291
39 495 45 423 36 58 24 6 488 113 44 33 443 490 487 65 115 482 437 18
287 320 297 316 305 351 337 245 329 352 274 266 224 222 271 211 197 223 299 212
132 424 69 417 43 449 393 418 64 446 402 141 94 148 178 467 147 173 456 140
398 435 410 192 22 412 420 432 134 28 114 164 416 377 158 450 35 366 107 400
159 400 363 132 180 394 83 145 66 75 93 49 131 72 51 100 196 183 92 418
190 209 242 165 247 328 305 153 317 230 187 266 302 299 80 204 89 255 86 263
58 158 416 150 148 476 438 189 396 29 22 429 85 71 159 44 104 458 78 18
470 484 49 27 28 45 55 65 458 491 29 465 34 456 449 59 466 444 21 15
102 451 395 52 490 145 188 60 126 139 69 485 387 154 73 493 476 419 445 495
68 148 401 25 99 409 35 44 395 138 426 147 136 150 43 119 79 178 446 109
43 466 434 58 476 79 475 133 41 61 7 418 113 77 443 420 25 437 60 427
210 322 336 193 335 255 344 340 239 179 339 205 203 273 331 220 184 258 277 296
372 410 429 183 413 428 355 74 438 392 424 427 118 179 94 145 422 75 185 155
223 279 247 191 325 294 226 227 281 210 299 259 225 211 236 257 229 228 292 244
132 414 136 101 155 87 161 44 49 165 391 100 452 89 111 415 105 40 149 411
276 302 317 285 238 313 308 319 306 207 275 299 292 301 265 233 273 280 218 220
114 433 35 448 441 405 152 415 76 158 36 113 132 106 145 178 387 112 418 189
13 36 1 67 16 475 64 4 494 35 126 124 7 481 63 26 58 432 429 446
135 398 164 53 372 434 114 454 421 462 158 161 380 177 163 411 103 88 365 90
160 414 93 413 446 418 130 134 144 116 123 114 169 66 118 386 389 51 387 74
347 365 340 311 323 315 389 351 385 375 325 371 309 310 391 372 330 405 332 317
125 402 448 462 182 188 46 90 378 65 457 66 134 108 110 435 152 123 174 140
98 145 412 381 131 163 383 423 196 182 109 441 125 449 73 394 48 414 183 75
182 390 169 395 408 155 104 82 115 141 179 108 375 103 388 197 154 160 200 171
77 115 399 411 449 182 44 94 142 454 382 404 188 413 100 443 85 54 455 437
98 437 11 189 59 63 108 13 438 132 153 146 190 381 447 97 454 52 16 27
89 175 431 418 382 417 390 402 436 192 66 114 84 183 86 422 149 147 394 150
72 392 167 102 94 133 53 390 452 142 150 122 163 47 376 81 387 419 380 462
147 183 64 417 436 96 428 114 48 113 387 97 426 414 154 396 421 438 104 432
477 491 493 21 22 489 453 58 467 497 460 23 447 466 444 457 32 496 7 54
64 95 444 434 71 139 408 128 196 415 51 426 43 464 402 414 98 195 37 432
199 232 266 303 324 176 252 284 211 236 228 226 302 331 316 282 330 174 337 289
95 128 418 123 152 74 39 69 101 104 155 61 40 402 452 65 415 88 162 80
65 148 459 92 446 128 23 144 387 432 67 155 407 89 442 139 456 61 177 445
116 153 185 197 399 441 165 403 62 108 161 444 41 421 103 434 96 388 453 167
197 327 312 307 157 308 208 304 309 362 357 97 224 291 337 91 164 87 163 326
176 388 198 175 405 414 146 381 113 174 429 187 181 87 94 180 121 209 156 430
439 460 99 469 415 472 131 6 88 143 447 475 413 432 443 448 57 107 65 141
47 131 22 42 140 468 19 408 101 124 171 176 55 156 114 59 119 431 471 159
90 142 131 182 47 112 409 444 372 67 108 458 89 183 380 461 63 407 433 137
143 431 57 171 153 160 122 56 92 48 90 30 115 112 461 182 406 73 420 127
463 493 131 485 34 481 57 24 116 487 125 129 446 60 117 26 44 9 133 469
375 408 55 399 61 86 69 356 111 346 355 441 380 170 190 416 364 446 440 359
88 118 447 461 160 171 161 441 70 456 180 95 55 170 397 64 459 406 434 50
54 144 469 46 73 408 126 45 477 130 451 116 129 454 53 462 92 1 163 63
130 424 468 397 434 66 151 97 63 444 98 103 111 174 41 176 391 447 36 126
93 397 53 157 198 130 176 89 423 150 122 389 175 179 135 137 363 76 180 193
41 68 147 153 142 478 409 169 45 93 434 496 155 90 14 472 106 81 98 410
33 437 75 407 60 48 461 423 495 166 412 439 92 151 69 422 455 409 103 444
77 185 446 101 170 212 115 45 67 442 205 75 412 149 414 60 416 213 210 54
52 143 457 59 163 411 87 164 26 407 154 394 114 403 66 455 130 453 71 83
87 398 112 188 170 125 111 389 161 179 73 370 399 192 423 430 180 386 98 442
235 274 211 293 265 275 215 284 288 234 224 257 223 311 237 214 199 296 205 260
113 125 391 413 408 438 397 154 98 89 446 455 431 188 104 156 169 414 450 45
97 423 409 138 393 84 172 432 119 150 91 136 56 405 62 444 127 410 129 389
224 268 306 291 286 309 301 323 296 322 283 236 251 287 297 214 252 285 310 226
145 453 136 176 181 395 110 457 89 492 415 188 469 87 90 451 124 105 78 126
79 396 373 64 93 74 427 59 439 367 118 112 412 185 73 119 61 151 110 456
100 187 206 78 72 386 201 124 216 70 438 80 123 65 134 443 49 122 407 101
86 422 60 185 438 158 190 429 131 129 428 188 87 75 67 114 445 402 454 384
108 436 154 447 22 396 412 50 438 97 117 401 61 174 163 471 121 21 152 129
69 112 388 136 169 64 134 42 398 387 433 405 451 447 105 464 174 148 190 397
114 437 56 77 129 445 164 59 76 67 395 154 106 51 403 36 431 404 144 468
320 349 361 358 212 375 316 281 312 328 306 201 213 343 330 208 360 191 300 203
265 281 320 308 293 283 286 239 306 243 301 305 270 268 234 217 292 302 218 319
131 421 143 433 160 49 89 468 386 45 464 177 103 48 383 81 462 124 118 108
56 79 20 430 69 416 50 9 29 101 391 35 170 405 390 172 452 189 420 477
125 452 15 18 405 56 431 421 425 142 469 492 474 5 113 422 490 101 81 444
117 435 33 120 143 20 102 17 418 156 186 406 188 125 139 55 77 417 168 456
307 335 228 368 204 286 361 311 209 201 222 331 211 302 365 272 324 225 330 203
59 128 72 454 459 93 63 176 143 461 162 70 140 69 144 164 154 32 149 159
110 384 393 408 457 112 415 178 398 47 423 146 121 447 165 88 138 69 438 368
344 358 381 380 392 354 387 361 366 360 328 390 329 373 389 334 322 312 333 339
169 202 201 121 228 72 410 319 389 320 95 434 138 406 197 222 73 193 122 120
65 444 460 50 396 77 91 144 162 4 402 469 168 147 94 81 133 468 426 29
40 121 69 163 455 114 174 425 447 129 105 471 396 433 483 73 446 172 48 75
90 178 189 143 127 105 185 377 198 392 78 66 129 112 417 103 172 137 109 116
39 70 468 167 122 37 96 142 14 478 116 405 54 393 421 464 467 131 441 48
147 184 175 204 426 101 454 91 58 69 70 66 216 87 164 221 49 427 443 134
70 117 174 88 156 141 447 419 388 79 408 187 85 445 46 81 92 99 171 170
85 164 54 88 394 156 69 436 163 131 160 410 170 151 102 176 77 167 445 174
194 331 82 168 306 329 193 223 184 334 322 314 175 204 365 155 330 91 92 202
448 485 127 421 107 437 40 117 47 415 27 31 118 103 73 411 452 39 37 8
373 384 108 94 412 106 100 360 92 392 155 372 167 401 153 425 169 414 110 98
11 31 13 35 439 436 45 15 48 486 7 487 446 490 492 62 38 59 47 10
212 226 263 304 251 312 276 279 340 309 209 206 311 178 195 291 290 301 296 227
75 147 418 458 151 152 120 160 156 190 430 428 84 412 71 157 391 61 434 134
67 104 451 115 409 395 385 167 123 183 108 112 89 135 26 153 150 184 121 465
19 48 38 133 425 461 150 24 58 49 492 420 493 486 35 481 29 494 468 34
89 181 215 433 193 135 380 381 445 75 70 133 147 153 424 375 190 430 160 427
