215 461 363 261 474 342 484 226 279 357 445 377 372 362 199 483 449 277 466 355
351 497 518 525 473 340 487 479 478 526 511 361 480 507 347 363 508 336 365 470
258 381 357 402 355 372 397 453 231 444 299 275 244 467 363 395 399 246 233 457
262 373 295 445 455 263 423 242 276 249 299 425 449 447 384 293 272 265 363 398
243 372 229 355 232 293 219 246 213 272 455 205 467 222 288 378 274 397 267 356
224 366 472 377 239 452 248 381 285 378 295 355 459 384 282 289 271 362 473 447
530 578 503 513 574 511 540 567 563 504 536 589 571 528 532 500 546 509 582 497
186 439 253 416 209 432 173 187 190 424 421 251 366 168 453 171 414 205 425 255
55 669 685 700 654 46 3 687 26 676 742 29 47 68 60 32 2 25 741 70
226 233 248 467 235 449 234 209 466 360 225 256 210 211 257 247 460 358 238 356
103 745 773 734 762 176 767 798 80 101 94 753 796 779 112 91 104 59 171 105
119 154 124 175 156 789 149 93 136 783 127 178 181 122 759 123 104 763 158 92
326 333 325 486 483 312 328 307 298 469 505 478 512 503 302 349 493 508 332 504
547 568 531 514 506 575 579 578 515 513 566 593 589 564 517 580 591 542 570 530
335 474 507 484 357 490 459 359 332 339 329 344 456 460 475 248 498 249 318 503
2 659 651 18 20 15 29 28 658 636 6 43 650 35 23 637 37 663 46 656
267 373 286 439 389 447 393 472 390 262 445 288 382 285 465 263 473 360 296 357
111 777 772 160 115 766 88 173 797 120 109 90 802 113 779 426 98 134 103 427
698 712 702 732 681 720 710 734 707 671 674 54 721 683 685 692 738 724 693 731
255 375 252 452 240 471 439 393 405 295 359 387 441 234 285 250 266 389 448 450
36 55 57 726 734 68 54 739 642 2 687 667 4 15 663 742 728 690 733 661
776 787 164 769 750 100 140 137 123 131 174 159 169 104 757 176 752 806 129 767
430 437 189 802 438 452 784 192 175 778 448 451 179 782 180 188 172 201 208 409
84 785 768 735 88 748 104 734 67 120 799 96 767 122 78 71 114 174 742 794
602 614 595 604 625 605 600 608 617 587 637 619 588 590 618 624 636 634 630 591
397 408 185 379 398 416 280 184 294 374 276 371 186 176 297 393 423 377 288 424
504 515 524 479 532 541 513 336 519 492 530 351 489 480 495 525 487 332 539 346
8 672 654 662 701 16 700 9 55 666 43 57 694 646 7 661 680 54 14 669
105 780 112 95 800 797 798 125 773 430 788 113 769 167 807 175 134 743 74 103
65 748 59 743 762 761 765 110 105 64 82 767 776 80 74 764 93 779 732 770
226 246 255 473 371 219 441 240 377 210 198 209 355 454 218 243 254 360 460 458
88 788 100 86 760 68 782 792 765 758 740 735 786 73 793 116 167 736 432 118
47 680 44 679 663 694 36 689 660 61 35 37 684 22 49 2 66 688 695 31
66 76 106 57 103 726 783 54 735 770 728 89 772 748 50 739 755 88 744 105
764 805 748 751 140 796 804 161 431 784 786 166 70 797 790 780 795 802 121 749
250 257 249 235 221 374 458 245 225 273 222 367 267 447 364 446 274 453 265 269
114 129 145 160 133 164 767 761 135 159 174 750 117 106 176 771 752 150 178 177
603 611 617 631 609 604 612 602 622 599 625 621 615 620 592 588 596 636 630 591
105 167 123 130 145 187 140 774 790 757 162 174 416 75 165 146 181 129 111 760
353 452 247 446 433 341 260 468 233 198 369 237 470 358 445 344 250 367 483 228
69 732 751 742 721 702 758 79 715 53 741 689 752 699 728 760 87 722 92 753
633 654 36 7 623 640 30 2 630 31 670 620 6 641 33 666 642 607 22 12
505 518 532 483 498 486 535 526 478 511 339 475 492 350 344 539 543 525 488 477
85 745 750 742 743 790 782 105 776 756 102 767 68 57 67 56 754 98 65 773
156 166 132 171 108 118 421 149 170 413 766 158 184 165 105 180 758 181 783 420
500 530 482 523 511 503 587 547 346 486 545 475 513 525 488 568 581 527 505 517
240 467 451 262 461 367 274 493 204 342 476 348 489 210 474 448 449 497 495 219
505 544 344 484 507 483 493 343 591 541 494 563 517 534 495 576 497 481 482 524
268 272 360 259 283 276 447 450 374 263 257 248 467 376 470 260 446 253 459 381
102 761 773 165 129 157 766 782 749 93 788 796 737 781 161 780 756 123 105 87
80 101 802 106 88 752 778 737 84 103 73 105 781 98 732 166 743 99 95 789
92 794 763 789 111 118 101 738 86 756 740 107 793 808 806 754 775 783 747 777
433 805 174 189 190 97 204 93 200 95 796 104 201 785 780 440 793 765 177 427
79 733 57 693 61 786 696 49 737 58 63 94 750 109 767 762 730 704 707 716
277 367 398 392 288 363 245 248 283 375 463 377 228 405 395 383 453 281 446 356
297 398 393 389 391 329 374 415 321 276 327 299 311 395 282 296 417 313 294 366
709 735 73 686 745 684 733 711 51 54 704 717 55 703 748 712 683 689 52 729
171 768 74 742 85 760 800 418 88 803 175 784 106 179 786 102 756 777 109 798
55 65 88 707 731 749 738 59 64 736 33 667 34 86 681 671 744 50 745 685
54 673 740 35 67 23 14 31 2 677 732 10 56 50 16 63 683 729 65 701
749 784 80 123 89 66 730 761 758 107 121 737 94 70 766 82 98 91 68 803
24 630 2 634 629 41 3 637 13 619 672 627 670 5 607 37 19 606 636 648
257 369 234 380 367 462 386 457 295 255 370 298 280 241 240 263 299 269 468 445
184 411 426 416 187 190 201 392 183 430 163 165 407 418 382 176 432 172 400 188
122 183 440 124 113 427 754 158 121 779 201 409 421 162 155 99 431 778 433 785
116 764 137 797 801 84 756 108 171 119 807 742 106 808 795 93 778 82 73 167
120 776 129 798 136 761 433 122 772 106 141 760 775 137 778 796 144 182 96 108
586 597 538 562 545 613 600 604 595 524 615 602 544 539 526 541 603 536 525 542
365 382 232 242 243 239 288 219 453 360 282 240 361 455 215 449 249 462 466 224
31 669 51 18 645 37 44 23 676 648 29 41 42 4 641 9 52 636 34 649
765 790 749 760 170 73 130 763 798 128 92 173 764 132 766 112 86 96 141 744
66 757 775 111 744 787 73 752 114 746 127 743 64 100 766 79 91 92 785 68
573 585 575 562 526 545 568 561 569 595 532 547 600 538 541 567 599 564 587 588
263 361 360 234 265 256 235 214 209 358 344 268 469 221 440 381 467 476 245 232
8 656 29 635 23 35 673 4 677 45 645 658 670 32 626 648 22 19 16 632
344 464 501 341 451 452 459 483 500 271 259 368 504 223 458 512 477 456 460 347
55 62 671 733 752 61 679 52 81 41 758 690 39 757 36 740 71 65 686 70
125 171 112 429 421 151 99 430 128 111 152 164 785 144 190 133 431 179 108 123
114 156 787 784 105 138 163 779 110 109 756 767 130 153 116 764 96 145 766 90
356 468 336 350 500 351 369 220 458 357 347 250 454 372 480 340 461 456 339 269
119 145 759 165 134 755 98 130 182 103 127 782 120 117 94 121 154 92 131 123
56 734 705 54 739 720 39 688 71 73 753 673 70 755 742 670 702 40 729 735
170 176 417 762 192 110 428 761 120 128 430 154 133 155 169 792 779 193 136 773
41 667 37 657 36 1 690 684 27 655 687 50 49 62 28 19 17 685 44 11
480 492 524 340 509 514 348 467 504 357 333 517 520 476 505 521 462 360 519 481
49 680 46 675 697 732 66 687 665 35 699 30 44 26 738 706 47 51 667 736
231 242 234 204 250 373 474 357 463 224 458 258 364 363 368 464 210 444 469 246
408 415 190 407 181 423 435 434 422 386 400 375 438 396 182 191 171 378 186 178
642 661 637 668 624 9 674 634 640 677 50 672 680 663 673 622 25 638 652 44
750 785 432 69 173 433 81 55 757 65 765 125 123 94 95 766 740 63 109 114
261 266 442 457 243 460 444 234 439 245 440 388 468 380 449 252 251 375 371 459
193 202 236 239 425 422 216 229 440 429 196 230 231 451 223 228 438 418 188 442
694 708 689 698 697 54 699 681 718 683 669 686 717 715 731 692 727 675 709 695
0 638 660 37 648 613 20 5 28 670 643 614 635 19 633 632 678 665 39 649
193 423 198 170 375 430 405 404 429 444 411 435 428 408 434 195 194 439 415 406
193 447 261 220 172 252 441 197 376 425 192 428 259 178 437 420 243 226 218 201
432 788 787 200 199 173 83 798 754 412 761 417 104 165 85 192 172 166 795 415
76 760 119 170 101 94 78 761 163 173 85 767 88 65 750 769 741 129 135 729
339 346 326 517 487 351 345 496 334 356 462 350 469 511 337 352 504 330 510 513
313 328 330 307 318 294 303 305 473 321 301 296 475 329 308 337 320 314 326 332
350 360 356 458 244 333 257 338 220 453 364 269 268 374 505 351 247 459 506 233
538 546 595 580 511 535 571 582 591 562 509 587 570 565 528 560 588 520 526 503
42 661 675 654 34 23 656 64 636 668 25 682 58 648 48 669 36 59 631 635
211 445 197 253 359 274 224 462 432 451 194 201 244 460 206 212 369 226 372 209
82 94 118 794 104 84 742 112 736 759 755 105 765 98 115 66 733 761 63 773
46 53 669 17 736 698 16 690 68 0 73 705 22 71 44 688 45 27 704 746
352 359 492 470 497 473 498 354 484 458 361 478 467 457 349 368 491 493 259 374
747 761 80 169 741 758 138 99 791 55 92 765 175 168 70 123 122 774 755 732
669 692 35 735 671 683 675 57 686 5 21 45 720 694 14 10 31 42 661 734
246 357 236 341 233 343 346 472 444 238 462 242 367 490 235 266 374 248 494 351
543 560 538 575 580 531 582 565 515 529 569 563 505 507 518 524 571 532 535 522
358 364 370 263 488 342 216 465 217 209 491 247 255 262 345 471 444 257 363 383
112 177 159 83 766 117 131 116 168 185 124 754 152 121 430 176 115 137 757 774
6 41 9 42 633 26 631 62 660 64 27 686 32 666 1 61 678 17 55 37
368 381 242 361 395 236 265 464 470 396 462 373 369 405 401 275 278 366 370 402
122 133 783 170 158 102 771 139 775 784 759 161 157 164 144 142 136 103 770 129
679 705 738 0 33 686 46 710 728 684 668 54 704 703 667 722 49 734 30 685
272 461 451 253 462 257 486 237 385 265 349 359 465 467 384 247 280 390 386 345
127 143 145 160 123 178 140 104 781 773 180 130 179 168 181 118 124 111 125 780
611 629 617 615 30 6 22 21 604 659 628 627 618 16 4 18 655 636 25 619
223 365 464 211 283 250 208 450 277 255 242 289 278 284 239 234 294 206 452 298
212 461 475 267 473 453 244 439 354 200 253 466 263 360 449 194 468 210 370 223
162 761 122 117 115 105 101 76 779 70 163 102 743 786 763 773 740 180 784 111
3 32 632 627 53 654 21 661 648 675 39 681 672 34 671 2 17 44 35 670
268 471 278 251 264 453 366 362 489 365 501 457 276 371 482 384 450 446 248 469
119 166 423 144 106 419 153 425 140 102 172 136 179 112 418 769 162 117 770 138
526 592 580 495 579 585 536 523 537 512 530 527 601 497 604 503 494 508 499 544
773 804 88 765 762 99 772 433 791 792 787 126 768 100 106 757 162 746 786 800
16 664 22 40 648 666 25 637 2 11 679 640 645 26 45 17 676 677 15 656
243 255 272 371 238 240 368 209 357 270 445 259 372 444 218 267 208 236 356 265
709 729 699 684 719 706 720 63 687 692 697 688 51 53 707 59 724 736 711 693
156 771 75 742 805 76 133 111 180 80 799 165 765 138 802 88 779 792 798 785
139 148 771 170 770 106 174 178 132 138 120 159 109 764 169 110 133 176 108 168
352 486 332 341 358 467 483 509 508 496 335 470 481 237 487 493 242 364 241 337
66 757 101 92 769 120 81 739 735 100 80 778 756 766 753 794 119 743 773 765
274 281 451 260 286 292 300 279 282 459 258 295 389 461 398 458 280 368 269 362
25 659 5 626 646 627 645 8 19 39 633 10 2 670 6 49 17 635 657 643
719 725 64 694 702 726 743 714 713 63 67 65 696 689 699 59 740 715 739 55
32 640 38 643 5 12 661 618 667 630 52 11 39 26 10 27 7 671 658 0
299 385 303 320 331 318 365 324 267 304 292 276 296 381 295 302 301 416 327 291
386 396 294 291 275 416 267 405 382 280 300 387 263 297 296 289 261 298 399 369
5 638 45 643 634 678 651 633 23 628 46 619 632 15 19 20 614 42 36 623
100 743 83 780 751 70 171 760 758 726 768 734 97 80 112 98 106 110 81 86
457 461 338 207 257 376 227 228 211 346 218 238 242 208 263 367 222 225 272 243
175 408 139 394 102 121 381 420 119 141 191 782 168 427 413 196 184 382 400 125
229 236 216 215 459 235 454 196 448 464 461 369 199 456 242 260 222 213 250 221
339 494 521 488 511 519 513 478 526 345 504 356 332 505 517 515 471 341 463 474
364 442 190 296 247 253 356 463 289 282 445 250 236 240 426 238 429 200 235 456
64 725 707 701 44 56 728 80 718 720 745 71 49 54 86 757 60 702 688 759
529 545 584 515 571 508 510 578 565 509 524 547 500 590 595 561 585 572 589 503
