1358 1381 1483 1291 1497 1759 1470 1295 1367 1528 1258 1443 1735 1330 1360 1515 1646 1644 1290 1606
392 411 415 1881 101 1862 2144 1899 2138 122 87 1855 143 39 18 2113 128 1875 2115 1951
387 1843 24 283 133 378 303 355 2152 22 1839 2134 1805 318 1828 2144 459 82 183 1901
5 1825 164 161 170 22 355 356 192 1792 248 239 176 35 1828 54 102 121 183 347
49 2150 2107 51 378 163 349 63 1843 1820 2018 1832 204 52 2012 2038 1914 211 118 171
90 411 464 2112 1962 149 446 1929 52 89 454 1879 395 1896 101 1887 39 143 63 76
2007 2038 2080 1953 2054 1965 2037 1996 1968 1961 2099 1974 2095 1992 2093 2139 1963 2085 2053 2150
1627 1680 1679 1420 1446 1729 1454 1503 1487 1406 1430 1652 1651 1436 1710 1677 1624 1705 1742 1724
1405 1766 1722 1733 1616 1745 1443 1356 1625 1602 1480 1454 1620 1535 1731 1645 1377 1472 1589 1541
596 685 558 768 840 971 950 523 566 555 692 568 722 619 1146 759 981 857 862 718
733 824 821 587 949 953 575 899 987 597 700 578 674 723 636 758 872 751 717 763
1682 1714 1425 1727 1415 1469 1745 1383 1486 1711 1463 1722 1390 1430 1401 1751 1693 1465 1668 1670
1115 1164 1072 1167 759 967 980 1219 1182 1154 1014 672 946 1180 717 971 943 1000 1142 1224
998 1145 949 1176 1163 1050 1005 789 683 1045 1138 734 1151 790 762 801 956 1199 1083 1052
1959 2087 1936 1905 2031 394 411 1930 1942 2106 1951 2041 2067 118 2002 1998 443 2058 1907 2140
129 1861 379 246 16 219 350 1934 1870 437 393 1923 388 108 243 2131 1868 267 1912 1825
940 968 671 980 898 988 977 1010 757 832 653 1153 785 902 1086 1167 745 697 1160 939
1477 1564 1490 1549 1374 1333 1576 1528 1746 1452 1749 1522 1500 1538 1430 1620 1471 1422 1601 1470
974 1014 783 1110 1041 678 699 729 920 1030 1148 981 968 964 1096 1127 1026 1013 709 1169
26 193 67 1832 11 270 99 267 211 1855 107 1899 62 1864 42 1867 122 192 1845 376
166 330 340 129 240 234 121 1813 198 359 51 45 196 1794 178 268 213 205 253 159
1230 1278 1186 1255 1290 1579 1066 1243 1049 1587 1256 1169 1570 1275 1323 1264 1309 1603 1174 1289
670 815 571 743 627 849 991 894 848 663 864 796 788 924 702 745 634 793 978 990
86 1965 1954 124 421 2060 397 2015 1869 2099 434 136 437 1866 1912 1956 2137 1982 1905 438
1440 1666 1452 1713 1542 1653 1318 1479 1321 1340 1580 1748 1746 1507 1331 1593 1698 1578 1430 1682
1245 1315 1384 1355 1297 1582 1295 1219 1309 1240 1598 1288 1328 1284 1317 1351 1216 1229 1377 1239
199 340 228 58 365 273 1827 1815 311 1807 329 141 1812 112 234 19 47 1859 102 220
1490 1644 1491 1638 1578 1511 1404 1419 1364 1691 1554 1758 1640 1602 1634 1677 1345 1343 1414 1732
1205 1580 1109 1063 1606 1489 1181 1067 1245 1152 1149 1440 1612 1095 1214 1370 1175 1324 1288 1319
1025 1138 1162 665 985 701 1084 698 790 1078 1114 955 785 929 692 987 1090 948 942 1032
1442 1631 1588 1616 1429 1541 1613 1413 1750 1361 1479 1395 1401 1660 1749 1428 1743 1741 1335 1366
1448 1524 1631 1552 1315 1472 1479 1561 1609 1625 1327 1354 1428 1456 1571 1393 1512 1610 1391 1751
13 55 204 1895 224 387 117 111 364 2150 409 1851 152 53 64 1941 428 135 356 366
1972 2095 91 1899 1926 2108 89 2025 1967 1949 1900 2089 2023 1987 2128 2036 2002 2115 2086 1940
2038 2091 2119 2077 1924 2039 2019 2085 1981 2003 2065 2081 2066 2093 2100 2072 1938 1909 1936 2080
811 960 910 580 675 749 971 1136 989 914 921 721 957 734 883 683 799 1101 678 1154
442 1893 1863 125 2117 1937 401 2147 488 480 411 23 2151 1950 2121 31 479 417 47 410
416 450 516 1890 2136 2144 2141 498 1952 520 1934 1858 114 430 1878 1857 2117 51 44 94
1626 1750 1763 1765 1768 1595 1734 1656 1739 1709 1690 1379 1740 1484 1361 1759 1404 1672 1611 1456
937 976 1000 902 1075 672 827 856 698 1102 891 912 1067 701 1145 1084 747 719 1095 1018
1366 1512 1531 1341 1563 1533 1594 1258 1549 1448 1354 1408 1667 1609 1304 1245 1485 1299 1504 1338
1390 1495 1384 1748 1376 1345 1548 1585 1680 1603 1779 1419 1656 1341 1363 1502 1496 1379 1759 1700
689 982 592 1125 706 890 805 633 754 743 710 1132 760 692 1068 896 638 1017 655 823
1008 1035 1174 755 1194 1161 1152 1180 1105 1119 1131 1144 999 1003 1000 771 746 759 1067 1171
1259 1327 1573 1300 1297 1345 1616 1443 1242 1599 1603 1293 1283 1237 1266 1449 1577 1336 1257 1249
800 1134 1156 641 956 742 994 985 869 1123 860 720 685 819 1087 760 809 667 794 958
392 2140 1934 2014 1909 1973 383 425 96 101 2019 1917 2048 417 430 2063 390 2047 375 2085
964 998 1038 1047 941 727 1073 1121 963 1145 938 1096 1142 699 735 1004 955 1107 835 674
1016 1138 775 1089 1015 1180 1099 1014 1151 673 1104 992 1173 782 1171 1133 1079 1122 1132 689
417 2131 119 114 1963 1867 21 2150 116 112 379 2122 1974 1954 1924 79 37 1896 126 47
1378 1614 1475 1601 1661 1298 1758 1605 1376 1684 1474 1370 1443 1599 1598 1630 1664 1347 1309 1366
1376 1425 1515 1337 1292 1592 1686 1648 1630 1657 1476 1404 1526 1340 1543 1509 1394 1338 1297 1372
422 459 1966 1933 1858 53 2107 1937 78 1956 144 56 500 383 45 1931 2141 38 1884 522
296 1773 272 1782 337 243 1843 1749 303 1743 309 293 234 1832 1823 1417 257 256 290 313
767 1118 805 922 1124 1117 785 696 1116 962 1074 1096 957 743 724 1004 790 988 1084 936
1905 1945 1979 101 99 415 1891 95 2087 1963 2064 442 60 407 132 400 433 111 2007 1916
313 1821 227 326 43 309 297 340 172 293 190 235 233 25 1807 30 47 24 1811 261
7 388 431 0 104 2131 382 1938 230 467 404 202 410 424 26 1937 234 11 208 2133
1039 1166 772 1123 1085 1022 995 990 1054 994 1046 1038 1098 1049 1120 1019 1178 1145 1113 1216
70 2146 145 2034 1981 2077 1970 125 2020 1946 2108 2081 25 12 2093 28 381 1949 2021 419
672 870 780 803 606 903 726 882 736 844 825 901 771 654 995 871 1104 926 670 827
867 908 955 825 688 931 589 603 680 818 681 901 583 875 663 808 883 887 797 622
973 1137 924 760 984 711 898 986 704 707 990 794 879 789 884 962 967 1029 755 779
421 452 2131 2149 477 440 502 379 447 1944 515 1898 1869 497 80 2106 113 1881 517 1864
1460 1626 1565 1675 1539 1650 1452 1693 1364 1748 1594 1659 1577 1717 1327 1605 1381 1495 1544 1707
749 813 955 861 843 588 755 910 1000 1008 705 970 899 815 839 580 616 582 809 881
708 921 853 893 854 761 671 734 604 987 792 936 856 1112 1090 941 782 683 937 739
1629 1736 1496 1491 1616 1395 1418 1632 1737 1669 1660 1687 1723 1414 1401 1659 1387 1389 1368 1380
1625 1689 1452 1706 1700 1401 1342 1759 1657 1636 1623 1698 1699 1618 1674 1630 1746 1382 1533 1678
204 220 142 1833 35 1838 49 176 272 382 1873 273 1823 109 322 363 1865 19 1 3
115 201 144 1843 2128 229 2151 373 462 152 18 413 1875 326 1926 341 1847 360 433 71
132 453 218 1929 501 1927 216 1854 1855 406 1878 183 137 443 241 397 372 525 201 50
1052 1165 998 1032 955 1163 1198 1031 777 1159 1210 774 1208 1126 1027 1108 1170 1197 1053 1037
689 829 603 944 589 620 703 683 774 726 876 880 988 896 1137 862 1000 585 694 815
1619 1691 1474 1589 1357 1606 1342 1607 1731 1735 1335 1379 1685 1742 1483 1530 1434 1659 1446 1409
1339 1581 1188 1597 1537 1483 1402 1497 1325 1276 1247 1533 1588 1320 1574 1354 1313 1230 1312 1558
1314 1367 1279 1354 1226 1592 1369 1536 1290 1659 1329 1586 1530 1262 1394 1431 1352 1342 1383 1652
673 1102 757 1068 609 822 926 1002 1063 982 956 685 1122 737 769 967 882 880 606 1062
141 397 157 226 1916 1831 155 1944 1839 239 430 174 2118 2117 215 171 77 166 182 190
1903 2153 2119 411 1995 2007 83 129 2057 1918 2069 16 54 1938 5 111 1993 130 2046 87
1217 1235 1294 1282 1073 1352 1323 1069 1283 1258 1231 1580 1348 1582 1301 1062 1325 1567 1570 1054
386 460 43 68 92 1945 1857 491 6 208 388 415 1919 1867 69 162 29 1856 227 120
663 878 781 599 666 918 931 713 607 804 857 751 691 648 733 612 764 975 705 827
23 150 398 1894 32 1878 325 141 26 219 320 187 1898 253 88 408 2144 164 121 399
1362 1453 1246 1403 1652 1675 1242 1568 1686 1315 1596 1563 1654 1479 1475 1306 1409 1437 1679 1454
1498 1548 1494 1345 1354 1625 1448 1464 1639 1590 1348 1514 1337 1649 1504 1573 1613 1342 1328 1438
382 1899 410 372 3 198 405 1897 407 1847 408 1904 22 1881 1880 2148 391 2132 1921 1948
814 890 693 736 967 724 849 843 596 760 668 634 617 903 779 582 587 783 900 825
776 1120 759 680 815 965 919 802 926 1068 931 809 702 1130 1171 1110 1029 1073 661 690
1305 1571 1449 1575 1421 1451 1231 1335 1347 1369 1453 1520 1543 1441 1325 1383 1500 1354 1598 1216
1402 1616 1444 1717 1470 1469 1541 1620 1329 1520 1363 1542 1632 1399 1756 1744 1572 1693 1705 1447
1282 1325 1584 1353 1597 1240 1453 1258 1362 1274 1499 1285 1589 1615 1437 1373 1381 1429 1278 1277
1983 2071 2047 1960 2075 2073 2011 2069 2106 1941 2048 1948 2057 2004 2118 2010 1938 1981 2056 1951
1999 2111 400 397 424 1911 1931 2139 118 1930 2152 1988 389 407 2023 402 1979 433 2021 106
1990 2129 2036 105 2018 2057 2106 2059 414 1934 390 433 2079 1903 2113 125 115 2151 384 441
1144 1180 1136 1158 1238 937 1568 1138 1212 1074 1578 951 661 675 1143 1239 989 663 795 1573
110 2141 2060 2027 227 28 406 453 122 1911 1943 1955 1869 2011 217 89 452 226 1953 1933
660 951 683 867 707 713 950 1143 564 826 813 752 623 983 677 658 725 873 1100 650
417 471 535 1909 2112 436 27 60 38 503 526 397 550 515 384 66 444 132 1944 545
681 965 835 1066 987 715 738 862 804 1071 1139 729 945 744 989 1142 855 719 1007 992
1255 1331 1460 1272 1335 1449 1328 1362 1318 1494 1261 1250 1448 1614 1240 1223 1581 1295 1365 1338
1342 1586 1426 1212 1467 1257 1404 1356 1186 1584 1390 1233 1491 1303 1313 1573 1371 1405 1456 1402
1519 1576 1334 1288 1475 1349 1272 1347 1274 1442 1202 1615 1601 1180 1254 1243 1320 1190 1287 1368
473 529 589 445 597 551 459 472 405 443 645 488 123 575 611 607 637 642 568 449
2056 2119 2072 391 1982 2095 2043 425 408 2062 136 1949 424 1981 448 2114 1907 2112 2004 1906
113 1944 1985 223 2133 1971 1992 231 1884 1930 1846 126 370 1 1978 399 61 75 402 367
198 1874 120 17 421 121 159 243 409 237 161 41 347 258 137 2145 245 45 148 453
1014 1043 1133 997 772 775 1057 975 1068 1142 977 1112 1185 1141 1180 1107 1004 1114 1017 1144
107 2124 411 1841 1864 1946 148 1906 6 361 239 432 2061 1988 31 2031 1963 452 2154 2142
1442 1579 1185 1195 1424 1231 1440 1304 1377 1435 1745 1398 1265 1340 1342 1630 1585 1273 1384 1332
199 219 1802 273 241 110 383 1825 1878 1815 341 1862 99 50 327 344 1810 111 317 338
138 1865 228 408 428 451 238 209 48 2128 205 92 1925 1887 74 68 85 123 101 463
178 1840 12 379 194 1808 149 367 267 33 236 308 126 306 4 296 195 1837 273 362
685 996 1014 1120 682 930 964 1155 678 1054 1067 841 820 985 939 1031 1027 1150 931 722
961 1034 693 738 747 865 779 718 742 688 748 1000 795 900 697 1106 1147 1135 1172 1123
1222 1575 1071 1223 1455 1318 1555 1188 1232 1220 1261 1438 1602 1061 1496 1337 1540 1069 1246 1171
492 557 636 531 609 587 463 656 509 622 819 536 524 464 616 521 552 511 518 606
775 1090 756 936 664 1094 768 1039 1209 701 729 931 812 997 1192 692 1201 983 667 694
224 374 1872 351 1805 1824 101 314 1827 393 33 52 45 211 234 1817 1869 222 323 109
2059 2101 1973 2105 1990 2028 2010 1950 1938 1918 2078 1982 2087 1943 1944 2107 2111 2131 2104 2042
2058 2141 1970 50 386 419 2124 1927 2108 129 1957 2077 1963 1898 2068 2019 397 2066 2083 37
1363 1661 1438 1255 1543 1381 1487 1236 1273 1407 1539 1686 1440 1319 1568 1586 1567 1317 1650 1444
1652 1731 1362 1717 1491 1608 1688 1737 1628 1709 1638 1460 1419 1466 1391 1626 1700 1655 1488 1674
920 986 823 1152 846 1009 697 939 1066 860 699 995 732 750 1160 799 1046 875 877 684
916 931 911 684 1150 959 969 865 887 696 922 978 989 996 910 889 695 667 714 837
861 928 643 654 849 930 642 787 1112 841 605 616 726 653 807 721 728 893 777 687
1984 2138 417 120 92 1972 446 2069 1985 1903 1977 2016 2133 89 423 2142 2061 145 106 2117
989 1153 670 769 1090 745 749 714 789 933 1046 672 1147 969 938 959 1101 746 724 1169
666 801 600 809 631 951 733 1143 870 1134 770 776 642 694 984 1113 918 1132 760 768
720 963 1008 976 753 765 989 937 703 865 922 725 648 981 828 940 767 848 943 670
540 566 596 852 822 590 489 556 492 818 811 465 547 661 608 530 619 658 644 614
1424 1617 1523 1485 1409 1573 1677 1339 1590 1684 1525 1601 1393 1500 1682 1381 1577 1318 1520 1352
1187 1580 1235 1259 1337 1260 1484 1601 1258 1185 1419 1010 1251 1179 1204 1267 1559 1579 1365 1116
1059 1199 1579 1204 1588 991 1102 1035 1566 1011 1094 1016 984 1131 1593 1017 1156 1141 1008 1158
658 706 1101 792 728 1148 571 577 939 778 643 585 845 1147 615 946 992 1084 698 873
697 956 759 616 593 869 811 1100 1118 1158 608 872 986 734 996 852 638 689 675 936
685 838 610 882 798 808 823 719 662 704 617 1146 998 874 573 803 1151 759 628 616
1938 2091 2015 2047 2019 143 2104 403 1979 2000 1974 445 1965 110 144 2103 1985 1959 2004 136
1247 1302 1281 1234 1226 1238 1600 1443 1253 1270 1359 1251 1378 1264 1363 1325 1221 1605 1365 1237
785 967 649 691 843 1032 1074 1124 1040 925 1171 1143 987 739 823 947 731 768 798 960
355 1872 398 24 1832 427 49 376 388 337 80 426 323 36 1904 347 417 319 116 23
1405 1576 1382 1278 1193 1725 1284 1425 1645 1483 1316 1366 1191 1535 1360 1286 1182 1248 1647 1522
440 2125 406 2060 1963 491 133 2048 415 463 1993 388 387 1969 94 417 456 1938 2047 1946
208 256 237 212 289 271 19 251 170 174 40 1872 1805 49 302 197 284 324 1879 191
121 159 211 96 465 1843 1930 1806 329 54 137 95 77 1839 2112 270 226 1856 24 151
1359 1524 1356 1571 1458 1559 1534 1333 1362 1452 1548 1329 1252 1248 1295 1237 1581 1386 1425 1384
1040 1079 1031 1190 1174 1165 986 1209 1191 961 1143 1215 945 1172 981 1122 1145 951 971 1012
1536 1573 1505 1567 1227 1251 1601 1564 1462 1298 1431 1290 1239 1361 1330 1434 1446 1205 1538 1610
398 1857 1866 407 375 385 151 82 421 400 381 53 52 1929 2114 326 2107 261 36 1961
1264 1589 1226 1535 1303 1354 1337 1356 1558 1227 1425 1307 1224 1203 1447 1229 1222 1405 1557 1383
