78 96 840 16 30 41 831 750 732 39 67 795 730 726 43 842 107 50 841 752
849 870 136 167 239 107 263 250 249 251 860 360 179 253 162 264 361 175 194 163
281 371 366 304 877 233 278 235 328 272 448 301 400 361 368 436 352 343 263 345
62 699 74 696 97 741 16 18 730 77 660 88 721 732 672 711 78 85 661 93
243 327 317 301 314 378 875 375 205 251 280 343 351 311 265 380 862 395 255 250
66 701 9 81 714 43 2 782 718 778 32 5 681 666 786 42 44 25 742 740
285 344 377 408 398 313 276 391 304 413 372 402 356 380 243 417 379 343 249 326
119 853 818 164 850 136 193 253 874 172 201 817 823 158 115 160 254 131 159 835
370 392 446 389 331 411 246 308 295 397 245 366 428 423 294 284 237 332 258 426
103 133 823 132 850 780 785 198 192 127 208 159 766 731 852 819 868 87 827 732
107 135 740 810 737 851 761 161 861 90 99 187 208 200 830 133 192 833 155 802
102 845 751 191 85 827 776 119 126 791 165 749 873 158 222 125 223 734 744 245
206 832 173 834 194 239 106 91 217 192 784 142 242 170 805 852 876 180 203 191
147 862 877 168 116 192 158 867 191 140 242 857 176 876 844 178 834 179 131 244
580 598 546 624 601 534 561 602 560 549 592 593 626 585 632 571 541 533 618 574
132 822 866 771 828 803 98 855 162 107 853 179 787 175 97 791 774 829 83 124
832 844 88 194 104 142 154 120 213 793 119 134 172 764 149 779 866 219 128 151
360 385 315 238 337 877 453 879 318 871 268 463 427 283 363 330 277 386 348 317
133 865 837 182 173 100 260 871 860 189 836 236 198 826 827 866 211 213 869 152
90 800 808 721 733 795 85 767 44 728 102 100 732 803 804 723 829 112 828 777
131 207 220 181 102 844 848 178 826 247 138 143 141 122 190 99 862 152 843 132
129 873 104 183 193 170 343 840 139 831 158 349 203 128 847 112 265 166 201 346
478 509 555 530 511 508 423 477 514 569 457 570 403 431 428 460 487 398 404 465
186 846 847 152 102 163 878 156 858 873 245 154 821 128 838 822 227 877 242 876
427 444 503 409 371 504 454 375 469 465 458 466 495 446 405 516 482 498 365 499
742 785 71 824 823 66 804 730 695 724 690 96 783 767 98 718 748 798 691 86
188 830 863 790 837 127 876 195 137 156 806 770 187 867 139 212 162 170 108 845
692 724 106 655 762 745 98 707 717 689 729 721 741 653 769 661 752 763 86 104
157 872 258 879 821 362 364 139 238 267 116 211 125 199 826 854 833 358 119 180
156 855 215 115 845 861 844 223 825 224 169 186 233 868 142 213 835 116 827 826
138 198 862 108 873 220 120 169 117 828 105 158 863 844 826 856 114 201 867 211
115 850 103 259 151 164 109 816 135 231 237 256 242 856 152 157 869 108 818 249
45 83 13 28 800 717 795 788 770 729 726 721 99 40 79 786 88 10 796 806
260 373 274 857 289 871 257 317 240 246 412 381 442 217 346 861 285 322 422 414
134 174 104 877 148 875 203 856 873 863 857 840 111 113 200 152 211 140 834 183
71 780 770 108 815 741 835 709 736 817 784 797 739 39 107 831 729 773 832 96
748 760 740 34 706 1 775 0 43 745 708 54 772 103 790 768 792 14 765 821
91 104 737 731 134 135 809 51 65 804 791 739 59 720 779 726 732 140 49 776
161 200 877 846 154 168 123 852 143 843 827 157 171 234 225 879 857 850 221 172
125 196 833 127 853 860 181 128 138 865 215 863 172 198 134 161 837 187 171 109
421 468 539 499 434 345 451 419 367 392 370 403 391 362 527 519 363 459 473 373
692 735 711 743 747 728 780 102 756 670 673 770 95 722 667 90 689 707 773 716
728 747 694 108 82 723 791 86 704 763 92 736 713 681 738 767 687 765 707 708
600 642 678 650 641 636 592 666 625 589 649 672 597 579 679 583 590 624 659 639
326 385 264 361 235 241 392 248 402 364 339 427 442 244 377 449 450 306 259 428
40 756 790 801 103 10 726 67 730 53 786 5 32 19 68 727 6 780 80 718
102 132 129 112 785 816 763 801 88 858 772 87 731 201 100 848 866 835 802 756
504 535 502 473 558 544 566 437 550 468 524 536 480 472 496 516 450 538 576 487
681 702 679 645 661 648 707 677 752 632 727 634 736 740 716 715 753 751 688 723
61 97 28 722 813 810 729 10 121 74 839 762 780 796 14 816 763 730 697 4
774 829 123 212 1 779 38 21 205 846 129 143 746 111 126 127 91 15 724 34
55 773 783 94 29 77 829 736 38 6 715 58 784 30 39 67 9 21 18 794
350 433 390 452 298 879 428 369 276 487 431 363 459 246 391 314 292 381 243 275
766 809 713 107 13 772 52 776 744 823 82 746 729 28 818 8 838 34 71 78
145 174 161 874 847 828 830 108 860 868 198 214 167 820 117 215 864 116 151 170
696 712 693 744 754 723 755 715 718 89 702 741 742 663 84 733 82 752 688 667
214 241 354 200 315 350 208 356 133 872 821 306 346 264 135 191 381 153 262 141
227 845 244 141 113 104 250 112 877 204 167 805 122 187 847 832 823 833 132 258
288 350 398 424 240 333 351 339 249 264 355 256 285 323 431 326 258 426 367 284
626 668 693 642 650 631 702 697 670 663 706 595 705 591 611 692 590 592 617 659
322 357 399 387 285 870 303 381 255 266 390 276 334 240 431 873 250 335 295 359
100 841 850 150 118 192 209 181 777 720 68 113 169 756 85 174 234 868 869 858
234 852 862 243 841 162 321 334 857 315 303 143 281 257 108 244 286 215 301 165
376 397 298 355 430 293 425 477 261 438 454 467 332 256 267 324 334 393 456 403
857 870 232 198 838 128 231 197 844 251 171 135 188 258 228 349 879 133 148 352
486 517 417 542 532 543 433 434 488 420 474 452 560 414 549 476 507 567 569 422
762 802 40 88 789 20 832 36 704 780 761 763 85 13 817 86 54 82 836 723
100 745 749 711 107 780 725 734 840 748 115 715 732 815 69 798 127 833 779 112
261 319 382 353 277 302 228 386 858 222 221 385 341 292 878 850 220 303 280 237
54 780 95 736 733 809 84 798 807 92 46 806 50 56 91 104 831 66 765 49
581 599 551 557 559 560 647 558 594 623 619 534 537 540 591 630 643 609 563 561
767 787 64 715 55 788 718 756 827 751 748 15 741 719 27 762 837 729 724 820
294 321 392 288 385 327 340 382 242 293 252 243 390 369 333 269 247 320 346 238
499 543 580 536 542 513 568 578 544 509 456 574 491 474 532 457 523 585 551 537
789 835 200 167 854 857 783 87 106 121 834 759 762 63 144 149 125 778 780 749
108 837 200 88 123 140 90 785 158 732 87 139 182 802 820 792 91 833 172 129
249 303 322 295 247 231 220 242 850 232 877 352 211 266 343 272 260 262 292 253
365 403 409 380 336 454 293 376 389 350 482 328 237 320 446 257 267 373 431 384
462 482 528 412 483 401 475 513 487 519 422 430 435 458 423 523 546 405 532 418
730 745 94 780 779 692 765 688 723 685 732 746 729 758 760 85 689 715 766 747
501 524 460 556 537 454 505 493 496 572 449 499 434 477 533 470 441 484 450 439
213 834 813 103 858 162 147 814 201 93 879 780 183 134 114 157 842 837 799 853
390 452 487 408 339 498 375 526 499 480 420 355 523 463 360 426 386 424 414 419
256 288 362 321 239 287 282 250 247 870 358 374 271 381 324 318 241 304 331 361
559 590 573 554 542 500 508 512 526 575 536 569 503 515 577 522 622 540 627 498
96 753 827 80 721 839 757 770 746 762 18 91 58 812 803 699 822 705 14 109
129 207 166 189 871 206 164 110 863 141 247 155 138 839 232 196 105 175 190 148
104 119 767 779 198 791 764 92 789 136 190 841 736 723 163 831 775 143 158 732
165 874 348 190 845 198 185 111 257 156 208 166 252 112 823 346 267 163 877 215
182 859 872 142 153 831 170 258 267 247 220 179 819 853 151 821 125 207 176 242
247 367 240 332 277 433 307 371 260 863 219 289 232 270 284 407 849 233 320 389
382 450 526 470 257 480 475 380 336 513 529 353 243 373 472 453 341 375 333 390
234 317 289 277 343 280 213 359 295 320 334 196 865 209 265 392 340 264 366 845
289 324 383 323 329 276 285 332 341 375 360 356 300 326 253 371 235 242 365 367
550 584 617 478 561 539 545 608 520 574 588 504 508 530 595 488 518 591 565 532
39 768 735 90 81 94 772 780 733 20 27 823 813 63 732 809 827 25 737 36
669 695 726 622 678 682 706 676 644 725 610 664 705 667 639 686 620 641 690 668
346 374 418 342 326 429 384 308 432 415 260 305 440 341 298 414 253 338 350 269
72 103 816 57 10 134 124 743 122 128 47 783 778 761 807 719 105 838 76 78
147 215 127 107 156 857 856 879 151 167 132 238 252 139 253 131 144 873 854 146
398 468 352 417 444 433 479 434 326 381 371 500 388 439 493 497 478 360 535 366
101 815 121 822 794 805 76 720 108 824 65 770 768 71 769 817 821 737 128 756
437 492 374 445 491 403 531 355 399 514 461 519 529 387 474 363 520 462 361 502
514 560 472 445 583 518 505 493 564 480 469 451 478 473 462 553 549 457 444 502
156 865 827 839 271 869 849 836 170 253 138 860 114 205 199 235 133 132 239 130
767 779 89 823 791 93 19 44 28 804 32 800 752 69 33 15 30 829 742 37
686 726 777 732 755 101 102 687 658 706 84 711 703 666 694 677 81 733 702 678
158 830 847 774 219 96 143 840 133 851 794 210 169 190 195 808 198 191 213 782
691 725 704 756 709 755 681 757 727 710 771 660 749 703 663 730 81 689 99 728
442 512 416 528 407 372 356 529 406 497 542 455 405 552 533 399 376 560 420 546
268 377 343 355 431 325 361 423 308 363 448 366 378 348 329 299 455 223 393 879
625 678 598 654 631 694 698 640 648 717 660 665 634 658 596 668 604 628 686 696
20 84 751 813 716 781 766 79 23 784 756 814 833 805 1 95 757 772 790 726
130 159 114 826 871 179 872 831 219 134 167 151 868 197 148 858 146 220 836 149
202 230 832 275 181 834 212 124 866 217 238 197 213 241 874 148 256 855 274 281
132 187 221 130 154 141 827 838 204 203 177 170 99 820 180 218 156 196 192 110
565 588 518 574 599 566 580 615 577 505 554 603 517 507 516 534 601 524 618 555
215 841 132 818 247 156 861 94 172 250 805 851 131 815 107 244 141 166 846 855
484 536 582 537 402 566 446 447 529 534 527 570 418 535 453 407 472 576 457 573
332 388 373 450 439 279 442 307 375 355 294 454 414 247 287 248 340 265 407 296
347 369 396 247 337 288 391 418 377 402 423 283 313 343 386 447 871 375 285 279
712 770 727 78 25 829 811 826 725 729 808 76 41 831 772 677 785 59 760 45
248 343 271 308 233 207 364 324 369 273 274 232 224 331 357 349 329 404 370 286
102 799 126 100 823 806 762 116 740 830 779 791 120 136 112 85 819 130 781 734
344 366 875 402 372 322 368 359 365 288 380 261 299 423 282 873 303 878 343 280
719 767 29 803 769 756 802 85 822 13 52 104 59 50 96 40 21 49 86 728
161 832 879 782 865 792 825 117 855 136 153 104 196 851 796 219 100 860 779 156
259 369 346 400 378 267 396 322 393 261 339 294 287 316 443 341 317 439 441 397
274 356 302 320 238 353 254 309 369 242 283 388 403 407 335 328 358 342 361 398
486 504 528 538 457 519 429 562 487 549 536 567 462 432 554 513 501 515 540 481
288 323 361 298 359 394 272 245 283 353 395 296 322 344 373 291 290 287 269 243
739 759 773 771 787 106 809 19 690 100 720 755 721 812 722 56 691 731 810 703
167 857 134 878 197 192 210 189 237 837 254 186 853 861 205 200 248 863 267 831
276 367 373 256 397 260 415 410 291 246 283 343 314 438 344 322 281 266 411 258
79 823 164 812 114 795 1 756 169 788 839 11 762 87 187 776 48 148 824 93
225 851 115 861 163 106 146 829 253 852 229 866 846 216 836 168 245 193 261 838
149 182 868 128 125 194 179 861 870 823 825 107 140 845 862 175 859 207 838 218
242 294 218 352 859 233 205 842 278 250 851 328 325 210 275 353 316 220 259 867
317 351 343 265 369 314 319 879 249 257 382 407 385 433 296 304 350 347 244 315
242 277 307 291 329 856 226 222 258 238 280 851 336 375 353 225 247 266 359 345
110 175 118 192 861 203 876 158 854 144 123 869 857 849 82 205 209 817 181 858
609 656 600 651 585 584 674 640 632 590 689 694 623 583 604 678 661 610 626 659
288 327 292 400 241 295 358 236 281 248 368 275 280 265 298 321 344 349 395 231
275 352 405 346 354 407 422 350 379 238 271 245 365 276 351 420 329 284 308 392
297 352 330 247 868 346 258 282 261 878 316 348 284 299 248 416 326 277 302 873
428 446 476 404 483 463 487 361 517 507 414 395 353 467 364 369 387 495 423 390
163 840 128 844 227 119 133 110 157 166 205 211 831 875 100 828 199 169 841 156
138 863 259 158 162 163 150 186 233 156 869 252 241 198 133 118 247 122 817 194
669 709 701 742 690 698 675 747 759 749 743 613 653 647 679 768 618 76 735 728
714 763 107 691 817 764 700 784 76 40 13 701 694 25 807 779 717 93 57 706
