103 1821 117 1832 1772 1805 1831 142 1840 125 1379 1780 1818 87 1823 1812 1870 1804 1436 1835
895 911 933 275 949 292 266 936 952 935 252 277 964 957 926 954 905 907 293 950
1954 1984 2044 1758 1987 1521 1470 1961 1756 1511 2043 1972 1519 1967 1522 1666 1492 1658 1968 1926
367 396 442 1012 413 416 397 433 443 335 990 329 322 429 1003 408 412 436 1021 377
459 1053 1040 1080 1045 1031 1079 1034 442 1778 1800 1795 1091 1074 1806 473 1772 1802 1042 1063
254 911 273 216 989 899 223 282 276 945 929 886 214 977 960 965 948 898 997 237
1487 1972 1727 1488 1491 2045 1502 2027 2012 2006 1681 1733 1986 1455 1971 2031 1960 1467 1949 1463
310 882 885 917 879 285 853 871 854 293 868 872 342 330 341 896 852 332 359 308
385 425 360 350 1000 375 393 376 401 420 993 1019 176 1009 990 997 402 999 1003 443
1475 2023 1401 2024 1412 1776 1487 1383 1994 2045 2026 2029 1460 1404 1969 1488 1790 1471 1104 1481
1516 1653 1539 1626 1909 1529 1677 1693 1655 1702 1617 1697 1672 1518 1649 1507 1504 1945 1953 1664
786 801 2071 1893 1885 798 2054 812 2058 2076 1887 789 2084 1911 756 757 1902 821 781 805
1527 1550 1532 1513 1648 1521 1547 1680 1696 1576 1606 1667 1701 1643 1542 1575 1538 1678 1557 1562
1877 2087 1860 2056 1872 1890 686 2055 1804 1871 2079 2051 1451 2082 2050 778 1866 2078 776 774
230 992 250 925 400 1001 970 411 215 990 973 223 271 415 399 269 956 932 237 407
411 921 888 992 282 439 976 1018 1011 892 903 944 385 290 990 427 896 899 934 409
265 1000 899 263 996 261 271 248 258 232 215 231 896 998 407 928 270 981 381 287
1216 1231 1208 1305 1251 1206 1209 1312 1290 1236 1217 1240 1213 1233 1249 1246 1242 1289 1211 1308
579 719 698 568 587 547 567 589 544 747 727 734 560 714 743 707 731 562 721 581
254 922 977 927 895 408 301 409 888 996 245 964 906 957 230 292 237 917 231 228
1849 1863 1783 71 689 1807 1443 1776 1095 55 1445 1830 1846 685 1434 80 1377 1092 2046 63
1308 1322 1331 1297 1192 1200 1341 1307 1326 1206 1197 1195 1189 1208 1312 1315 1319 1219 1337 1216
759 2075 570 740 785 1889 2068 2056 2047 1861 1886 787 736 2039 681 1869 1871 763 798 556
227 962 930 413 921 198 928 956 273 189 238 239 205 210 196 917 936 974 950 987
1542 1666 1583 1681 1599 1611 1601 1562 1503 1945 1529 1698 1586 1651 1511 1948 1941 1568 1523 1667
835 856 812 815 881 877 890 315 308 326 321 848 320 827 811 883 841 319 312 857
1609 1651 1910 1929 1512 1600 1537 1950 1601 1519 1513 1624 1629 1549 1669 1622 1551 1617 1690 1634
1977 2004 1393 1424 1765 2008 1394 1735 1098 1100 1447 1396 1108 1778 1480 2023 1426 1482 1096 1750
380 399 386 398 393 357 378 442 443 370 958 994 1013 953 403 991 347 1007 1004 353
1479 1963 1509 1958 1470 1982 1461 1978 1485 1493 1975 2038 1464 1496 1503 1505 1985 1960 2001 1951
227 954 187 952 951 988 961 416 916 1001 417 196 193 420 419 976 908 941 248 950
5 30 55 56 47 7 480 478 10 24 470 35 494 12 518 469 510 37 1856 503
63 85 1818 53 50 1847 49 38 1860 1864 1804 64 1780 89 118 1810 90 77 114 1856
924 978 888 222 225 260 304 271 263 985 919 276 892 972 300 221 269 243 897 293
787 1872 52 2056 803 1080 1432 1868 1451 689 1869 1797 766 2040 813 54 1458 1871 2055 2054
1161 1185 1188 1149 1162 1194 1150 1331 1337 1338 1174 1173 1341 1175 1343 1187 1171 1169 1179 1160
1783 1810 1744 1817 58 1753 107 1739 1862 1456 1053 1770 1055 1763 1823 2023 1746 1868 1766 1800
391 1004 193 379 369 414 959 434 442 368 367 429 194 433 962 397 961 199 950 356
320 349 354 369 290 351 367 368 330 315 357 880 866 296 890 384 370 884 898 891
21 467 1042 31 1086 18 33 502 1036 1785 448 490 1047 1081 1851 8 0 486 1788 470
778 1872 1868 1871 791 2037 1844 1078 1852 1796 2043 693 692 2073 751 2087 1445 1809 771 797
1439 1451 1807 1965 1432 1815 1464 1449 1453 1385 1431 1466 1404 2040 1739 2043 1462 1390 1388 2063
1512 1694 1647 1663 1526 1930 1517 1615 1529 1706 1521 1530 1722 1717 1591 1944 1597 1689 1620 1585
1914 1943 1605 1932 1929 1542 1676 1939 1638 1494 1643 1539 1648 1934 1672 1598 789 806 1904 793
477 489 30 473 512 11 1077 31 2 507 509 5 21 464 19 486 468 1079 460 1076
35 471 493 72 2028 1057 1061 42 1869 65 1055 1073 2024 56 1060 2039 460 467 29 0
1382 1397 1379 1435 1371 1815 1862 1864 1846 1848 1857 1377 1438 1391 2005 2035 1400 2004 1836 1384
381 399 391 414 413 374 422 377 412 409 385 356 955 1005 995 1011 998 437 394 387
874 887 912 324 897 325 278 295 865 921 277 851 913 857 925 285 915 307 328 327
794 2084 1868 1873 1888 2073 2086 682 763 816 2082 782 769 799 2060 765 801 1890 2071 802
307 352 905 332 893 354 326 362 859 894 313 283 377 375 351 345 284 289 874 334
1975 1989 1739 1733 1469 1491 1746 1468 1754 1961 1736 1463 1958 2031 1472 1478 1960 2038 1957 1098
253 269 1001 216 265 973 254 951 291 299 225 267 270 916 950 917 987 272 256 958
1766 1816 2026 2003 1802 110 1372 1459 1801 1836 99 1735 1771 1800 1462 1449 100 1862 1748 1736
789 1874 2068 2078 1868 2088 2071 1797 1871 1847 1462 791 1444 1463 1446 2038 1892 2077 2060 1457
1414 1431 1434 1990 2001 1404 1994 1450 1870 1381 2019 1383 1831 1386 2023 1412 2007 1390 2015 1871
1499 1664 1537 1913 1502 1658 1511 1641 1966 1625 1687 1286 1533 1594 1673 1489 1610 1498 1510 1495
1754 2012 1965 2045 1988 2029 1426 1961 1802 2000 1060 1045 1752 1044 1059 1413 1054 2025 2002 1984
1621 1944 1925 1503 1917 1933 1614 1625 1909 1637 1669 1528 1920 1684 1663 1599 1606 1512 1675 1517
1500 1930 1532 1925 1622 1682 1646 1498 1289 1617 1943 1607 1916 1642 1495 1907 1619 1684 1929 1653
1241 1260 1254 1259 1215 1517 1269 1255 1243 1223 1216 1278 1245 1518 1227 1251 1290 1263 1287 1232
45 1855 1068 2036 2039 477 1794 1098 1875 1459 1773 1851 1780 1783 1454 31 696 1836 1060 77
1520 1535 1657 1696 1691 1577 1705 1547 1951 1930 1512 1677 1704 1585 1661 1506 1521 1957 1954 1507
1637 1945 1504 1923 1954 1662 1629 1961 1624 1517 1636 1920 1950 1623 1911 1628 1939 1642 1901 1957
1393 2010 2035 1983 1403 1439 1970 1867 1836 1849 2030 1438 1086 1408 1738 1421 1066 1736 1986 1755
1501 1923 1627 1952 1509 1647 1694 1678 1925 1675 1507 1640 1915 1967 1631 1659 1483 1936 1937 1514
1137 1154 1167 1151 1117 1140 1127 1141 1148 1128 1149 1173 1163 1126 1114 1121 1131 1111 1150 1172
1686 1712 1510 1711 1679 1522 1665 1513 1615 1651 1678 1688 1491 1604 1664 1585 1607 1662 1671 1617
1653 1682 1503 1622 1596 1606 1588 1722 1516 1542 1635 1543 1493 1652 1911 1680 1632 1526 1696 1551
318 355 317 388 378 379 876 857 872 383 852 859 325 389 893 878 867 313 314 868
470 1064 2035 11 454 2028 1048 1786 464 477 1072 1067 1785 1081 1801 2012 1079 1080 460 484
112 150 171 170 105 81 124 131 441 96 142 1820 157 149 1830 1845 109 1814 100 108
1465 1754 2027 1457 2040 1475 1784 1046 2052 1981 2010 2005 1771 2051 2060 1974 1467 1773 1992 1781
988 997 273 968 413 1007 1002 405 255 936 402 921 969 959 252 957 399 264 391 232
561 743 730 769 550 776 576 751 747 579 736 704 713 721 752 720 714 570 549 737
876 910 305 254 943 292 882 941 897 847 877 288 263 304 340 988 310 896 936 319
1864 2083 1413 784 1421 688 779 1454 1893 62 1821 1848 2038 2034 2049 1800 777 771 1777 1075
370 411 344 397 433 918 343 1020 919 372 925 934 945 990 422 338 943 935 420 985
1515 1956 1969 1945 1610 1939 1696 1666 1657 1510 1681 1667 1699 1670 1661 1979 1603 1955 1655 1503
1663 1953 1675 1605 1476 1595 1981 1532 1937 1487 1680 1931 1610 1614 1537 1945 1493 1636 1928 1699
79 1791 103 67 1845 1806 1779 1460 2035 77 1860 1804 1787 1066 1861 2030 1862 1874 1780 1798
1632 1665 1649 1618 1935 1599 1943 1951 1636 1501 1535 1921 1938 1694 1601 1919 1495 1657 1609 1607
803 1911 1640 1499 1906 793 1498 1917 1500 1665 1636 1630 1947 1916 808 826 1626 1633 1644 817
952 976 208 986 920 984 251 993 926 250 978 206 937 921 213 284 972 988 998 227
1444 1978 1957 1468 1445 2035 1970 1476 2008 1749 1969 1755 1475 2002 1743 1482 1437 1462 2049 1876
1968 1987 1735 2007 1473 2034 1432 1969 2035 2008 1437 1103 2003 1983 1449 1448 1952 1738 1955 1495
1540 1617 1524 1513 1697 1934 1689 1943 1667 1551 1669 1644 1647 1612 1509 1620 1632 1664 1627 1589
1755 2036 2013 1775 2043 1411 2019 1076 1798 1743 1430 1756 44 58 1054 1792 1388 1761 1760 70
99 124 102 103 1813 133 127 1772 121 1844 111 1855 172 1790 86 93 161 72 1784 164
781 2076 1898 1882 2070 799 750 746 2069 2042 785 1885 1907 771 2080 689 2077 2049 795 2072
798 817 822 834 2061 2060 778 842 766 797 809 1875 762 825 2077 799 787 1908 832 1890
885 923 273 859 246 335 241 261 313 956 864 986 971 984 917 897 955 307 240 322
1662 1687 1579 1504 1651 1683 1954 1612 1699 1641 1617 1675 1729 1614 1713 1638 1642 1700 1707 1666
790 1882 683 776 687 2050 1900 1889 778 792 1901 1908 1891 779 1866 2064 1914 2041 1917 771
1869 2077 2059 52 1787 1892 1791 2036 773 45 2050 1460 1802 1436 1866 1887 36 1072 2063 2058
1418 2001 1751 1764 1422 1098 1406 1965 2013 1833 1734 1976 1476 1428 2029 1834 1746 1975 1960 1410
1482 1499 2036 1924 1517 1660 1969 1486 1498 1688 1952 1483 1520 1506 1931 1652 1686 1936 1684 1488
1812 1833 1757 1786 1370 95 1775 1056 88 1831 1373 1453 1789 1447 92 75 1788 1406 1371 1857
192 226 166 167 160 162 206 240 956 172 993 943 932 992 419 996 954 245 165 931
1352 1365 1361 1348 1371 1360 1363 1358 1377 1344 1383 1374 1357 1337 1338 1345 1336 1333 1379 1378
193 204 156 975 190 214 183 999 1000 1001 165 174 979 219 998 990 1005 192 173 232
931 951 217 995 981 208 922 955 953 271 419 926 987 923 950 270 293 927 988 998
783 2065 812 758 2075 1896 1876 2062 693 2074 1899 804 1881 1885 794 772 788 789 2087 682
842 855 870 820 319 841 826 860 817 825 316 874 856 830 876 819 861 824 833 321
694 2037 79 35 72 62 2017 1472 2011 2045 1740 1861 1419 1080 53 702 38 49 1991 1068
1833 1845 1795 1852 1839 1402 1421 1853 1435 1822 1384 1835 1400 1385 1411 115 91 1770 1440 1821
109 154 95 143 166 147 176 1822 186 442 1836 141 145 125 1820 126 140 129 97 438
2045 2066 787 1438 64 698 1985 792 1869 2075 784 1883 772 1441 1882 53 1436 771 757 2043
550 732 574 580 545 709 730 750 742 762 770 533 734 766 757 559 738 706 536 713
1738 2033 1990 1988 1986 1096 1462 1436 54 1996 1378 1464 2002 1974 1776 46 2023 1468 1971 2029
421 958 387 972 271 988 270 262 207 280 281 903 935 203 213 403 406 956 1001 251
682 1883 689 2042 50 1890 2071 1899 2069 769 2059 2082 1871 51 2039 2054 2048 1895 1861 2058
1315 1323 1334 1316 1200 1202 1196 1206 1194 1340 1204 1331 1327 1313 1343 1329 1191 1305 1302 1197
588 701 569 704 580 693 714 684 680 562 586 583 720 717 688 716 689 570 690 560
1384 2013 1763 1428 1390 1425 1107 1103 1817 1786 1966 1383 2026 2029 1379 1849 1820 1859 1778 1413
1286 1298 1296 1216 1309 1291 1264 1499 1275 1297 1242 1213 1248 1254 1504 1305 1218 1292 1226 1206
1389 1848 2017 63 80 1794 1795 1367 1781 109 1853 1412 1765 1788 1831 2016 1375 108 1388 1822
108 148 95 143 160 1827 129 1843 1825 113 81 116 80 103 1811 83 150 126 121 1781
759 2042 565 2012 1997 697 731 1884 2015 571 1981 1880 2041 1980 1878 791 1085 1443 760 746
425 441 159 1009 387 363 415 990 1018 156 436 458 384 366 183 151 414 391 155 429
1750 2027 1068 1778 2019 1091 1071 1048 1982 1407 1106 1419 1751 1397 1073 1072 2031 1102 1422 1384
1610 1934 1593 1944 1550 1599 1642 1635 1605 1936 1533 1919 1656 1927 1620 1500 1640 1673 1666 1507
1431 1441 1828 1997 2000 1421 1873 1444 1420 2017 1443 1452 1384 2011 2005 1438 1843 1819 1981 2038
1057 1856 1823 1878 1095 1034 40 1062 686 45 1042 1075 1067 1089 1842 458 63 1448 1798 1080
1192 1197 1328 1342 1201 1206 1200 1202 1316 1338 1173 1196 1326 1199 1179 1191 1176 1188 1187 1341
573 711 546 721 563 716 702 707 746 757 571 581 582 732 566 726 701 584 567 748
445 1041 1065 434 464 468 455 1051 1036 449 432 1052 1042 1015 444 1058 385 1063 429 1055
1139 1154 1113 1158 1137 1151 1153 1174 1132 1136 1116 1163 1117 1177 1150 1133 1176 1167 1144 1118
452 1033 462 1035 1050 1018 1022 1027 460 465 451 449 1024 1039 474 1030 1049 467 1025 450
514 537 526 505 540 539 538 548 543 492 535 1 2 530 547 7 506 490 561 503
97 117 92 112 1810 73 104 1775 1782 115 156 1815 1820 84 78 157 164 105 155 65
1657 1919 1938 1910 1543 1646 1681 1670 1691 1599 1909 1619 1673 1678 1926 1928 1945 1637 1922 1609
762 2074 550 2048 1873 1875 761 795 1889 1888 785 559 764 739 2058 568 2049 1886 780 782
1785 2050 1056 1750 2073 2031 1440 1814 1462 1861 1895 1064 1863 1808 689 765 1457 1763 1882 1876
1907 1920 784 1932 1953 1628 1666 1627 803 1900 1935 1658 1944 1940 1617 1648 797 1644 1633 1650
1774 1846 1803 1460 1756 1855 75 1755 1397 2034 2030 1828 89 2009 1812 1789 2025 96 1780 103
61 683 696 694 2034 2060 1860 685 69 681 1862 2085 1804 2078 63 2071 74 2077 55 77
1630 1932 1640 1615 1903 1667 1527 1651 1911 1618 1638 1661 1665 1934 1632 1650 1929 1601 1936 1602
1076 1867 2056 1812 1077 1878 2029 478 46 682 1051 1066 2081 1085 1083 1047 1064 2039 1423 1457
1411 1439 1876 2036 1991 1410 1453 1417 1388 1985 1846 1839 1824 1399 2023 1829 1390 1381 2039 1997
1433 2002 1386 2000 1387 1769 2001 1965 2043 1412 1961 1087 1424 1403 1773 1764 1729 1753 1443 1392
219 233 973 214 188 208 971 191 926 268 953 943 976 999 245 213 987 997 254 264
1364 1377 1401 2026 1437 1805 1419 1811 1416 1352 1428 1380 1373 1738 1355 1849 1386 1808 1406 1431
263 971 274 198 905 993 241 951 901 227 932 211 925 225 970 950 968 260 974 234
1773 2016 2014 1066 1103 1845 1409 1475 106 1385 1465 1764 2019 1413 1964 1815 2037 105 2024 94
1097 2017 1081 2029 2027 2042 1771 1786 1779 1750 1101 1473 1385 1408 1409 1072 1055 1466 1108 1384
1739 2014 1378 1408 1766 1462 1435 1763 1094 1755 1091 1085 1379 1738 1963 1994 2012 1068 1735 1103
1868 1875 2044 2037 1778 2060 2068 1402 1864 1079 1788 789 1814 2083 38 1422 1082 686 1781 792
178 198 157 202 1011 174 1013 1016 165 427 168 192 424 425 160 152 203 209 172 431
156 191 168 128 119 184 212 161 219 437 160 186 422 440 215 116 142 190 193 131
