891 907 1091 1029 948 1087 1071 1009 1075 928 885 1057 934 1061 1000 935 1077 1002 1044 1083
225 280 117 281 294 171 183 315 192 179 187 304 112 134 99 158 160 198 151 248
1350 1415 1392 1425 1386 1275 1308 1273 1414 1401 1312 1357 1408 1279 1378 1300 1448 1406 1376 1436
571 637 650 600 674 630 533 562 714 577 431 478 676 438 658 707 420 410 499 649
527 559 497 605 632 630 448 461 597 526 398 573 550 473 676 589 672 613 643 544
561 595 662 463 448 469 474 511 623 545 450 470 639 718 457 704 686 727 574 730
551 670 480 425 505 504 703 595 641 732 526 614 454 451 605 630 750 714 634 647
918 1032 1089 1113 1135 1039 1125 977 1083 912 1027 1048 976 1052 1081 875 1022 1078 922 910
769 810 734 710 736 826 870 721 843 744 879 720 709 767 827 834 853 792 759 816
911 1014 1053 1074 1116 943 1017 1002 1075 890 1005 1089 1019 983 928 977 1091 1098 900 1034
941 1129 1095 1168 922 1197 932 940 936 959 870 1041 1132 1088 1198 891 930 1066 997 1193
484 673 553 649 730 652 609 575 658 721 558 686 724 559 478 736 638 542 502 562
1254 1306 1276 1358 1211 1231 1260 1226 1202 1218 1257 1237 1283 1347 1363 1180 1241 1160 1158 1297
879 1122 988 940 970 994 1176 1026 1078 1145 834 938 966 809 1013 1141 1073 900 1058 984
397 428 637 561 538 490 345 390 463 535 374 516 633 407 352 372 381 620 494 445
593 624 663 539 580 502 564 679 536 450 613 655 644 590 458 676 494 428 681 551
376 395 385 373 415 369 338 350 339 349 440 365 390 337 432 372 386 441 423 425
1235 1255 1159 1229 1326 1292 1172 1239 1257 1328 1213 1170 1185 1147 1143 1218 1295 1254 1197 1226
440 621 337 560 409 600 535 624 673 553 554 396 617 583 386 486 524 477 420 693
959 1039 932 1105 895 1076 929 1097 996 1051 984 1134 1101 873 875 1083 868 1038 1034 896
648 701 437 655 490 417 418 742 756 600 559 649 643 675 489 593 759 466 662 564
476 585 557 425 627 337 667 520 603 663 561 447 535 502 462 710 628 493 583 470
1404 1426 1342 1449 1368 1381 1401 1375 1442 1349 1391 1334 1372 1439 1295 1341 1358 1434 1336 1357
702 725 489 690 787 508 675 633 550 755 576 744 680 714 623 628 660 781 565 713
16 1456 1457 20 1448 1493 39 1474 41 38 1459 1500 1504 1510 1481 3 1464 1502 1507 1491
725 814 599 811 881 867 692 714 818 607 844 771 745 884 668 650 875 696 716 842
1178 1232 1226 1159 1321 1189 1211 1241 1305 1160 1259 1327 1288 1114 1266 1222 1113 1125 1111 1171
140 257 211 124 274 263 267 232 158 125 133 301 202 138 127 279 135 220 117 155
873 951 1106 979 1093 1087 832 1121 857 912 1070 981 864 809 1117 941 877 960 876 964
1161 1201 1230 1149 1138 1112 1143 1127 1231 1154 1147 1246 1258 1185 1165 1152 1128 1166 1179 1257
444 498 565 700 501 707 442 580 406 619 485 362 628 560 338 577 712 709 571 459
1171 1193 1196 1203 1124 1222 1163 1192 1260 1259 1126 1150 1141 1161 1252 1111 1265 1190 1142 1198
563 688 478 750 567 525 638 483 457 503 542 570 558 715 709 427 727 515 713 748
583 642 607 691 612 539 614 678 656 469 447 650 540 634 568 590 486 533 476 419
112 133 125 169 234 296 156 109 115 298 101 304 320 158 99 308 194 278 267 264
645 674 688 418 527 730 557 751 619 497 675 514 628 539 521 748 506 687 735 455
1125 1196 963 1199 956 1251 1161 1044 1019 1003 1050 913 1091 1139 880 1127 1137 1014 1169 1025
569 638 463 681 457 591 668 431 567 590 714 621 468 581 657 676 605 679 546 476
655 722 644 571 484 739 791 430 740 626 705 759 744 495 754 750 649 778 801 476
1264 1328 1363 1250 1160 1340 1161 1370 1234 1284 1307 1282 1374 1180 1343 1317 1362 1281 1346 1261
1493 1508 1509 1464 1480 31 1472 32 81 86 71 1476 10 73 1491 87 78 18 89 79
566 676 420 714 711 632 710 656 623 510 635 615 719 435 715 713 728 730 594 459
562 715 751 571 664 706 794 620 661 698 650 714 810 631 769 526 626 606 806 521
1285 1317 1291 1332 1274 1236 1247 1320 1311 1241 1290 1361 1370 1302 1279 1265 1304 1227 1318 1278
481 653 660 431 458 433 505 625 679 662 559 351 412 482 490 504 634 413 573 359
556 610 558 628 604 652 575 621 448 494 425 548 580 437 360 620 551 614 591 599
896 982 858 942 1065 946 973 1078 1003 1096 1041 1057 1038 1054 914 994 832 1062 1050 997
882 1072 875 1121 912 810 1047 851 1141 845 1112 993 985 1054 947 832 1033 1120 834 1006
625 649 483 428 645 644 627 726 594 452 639 677 502 581 546 529 507 508 488 600
1121 1149 921 1010 934 1083 1131 1119 1101 1078 1021 946 898 1085 1046 1173 1244 1143 1171 1025
192 219 270 289 205 174 151 195 177 216 290 201 130 292 158 162 252 251 134 242
594 663 493 552 599 604 694 432 673 710 538 621 610 675 665 468 712 483 629 548
317 351 336 332 363 489 346 355 476 428 426 100 375 101 347 443 104 441 477 328
866 999 1047 896 879 1076 813 914 860 922 1126 963 977 1112 1138 1009 1052 1041 1072 927
971 1100 1147 855 1132 880 973 1031 1146 905 874 965 975 987 897 1108 862 1143 1114 917
717 817 765 598 781 559 722 821 756 848 867 673 880 752 859 599 760 860 887 794
263 285 307 323 171 317 192 181 279 153 93 125 143 300 273 187 256 129 238 134
353 423 444 399 621 508 410 534 358 453 435 337 528 309 364 497 367 630 496 544
562 696 711 663 661 655 533 647 692 573 561 697 502 554 522 487 499 607 439 427
1475 1490 11 41 1507 38 1492 1509 1505 1491 1466 7 1501 82 1494 35 16 1473 1485 1471
1307 1419 1361 1300 1356 1400 1239 1258 1369 1268 1347 1366 1246 1437 1278 1295 1381 1272 1373 1376
370 425 641 390 558 324 356 467 529 394 514 510 549 389 437 540 531 469 505 407
464 484 498 709 630 344 693 623 700 676 554 358 567 513 663 356 360 674 532 653
51 1470 1479 1489 1486 1488 1464 1445 30 1474 59 1487 1495 60 1462 22 39 1484 52 1452
987 1061 905 1010 985 1097 1009 1130 961 861 1107 997 977 1054 874 829 857 1003 822 1135
40 67 86 1485 97 1466 66 48 16 1486 1467 1454 23 1461 107 1494 26 1463 18 92
455 626 464 609 369 684 520 442 581 342 599 519 696 699 601 582 575 528 486 353
1218 1234 1254 1181 1288 1149 1229 1178 1313 1222 1240 1151 1296 1196 1339 1274 1306 1338 1275 1326
988 1108 894 1091 989 851 1011 993 868 1175 911 885 1037 1131 1005 859 899 893 998 1136
725 798 814 685 676 665 659 603 696 755 835 722 851 750 700 742 678 799 601 853
609 746 743 753 818 756 588 685 512 637 615 704 616 541 664 656 700 784 780 799
546 580 423 655 490 534 448 473 504 493 699 599 453 547 447 545 542 688 424 500
1125 1199 1127 1221 1137 1040 1000 1084 968 1150 997 1070 1013 943 1219 1059 967 1056 888 1178
536 585 673 629 538 658 466 663 610 504 687 708 567 575 662 693 472 434 492 481
842 864 779 781 1072 966 808 988 888 891 873 1000 814 809 896 790 825 1003 849 978
376 423 463 336 612 415 389 642 531 614 402 535 331 501 429 524 636 339 499 404
429 441 673 583 663 474 440 502 537 544 639 412 426 559 664 480 648 525 580 449
899 1034 952 1070 1009 1069 1056 892 1013 994 930 1017 1030 1111 1084 881 1048 1042 1018 1086
527 575 420 472 583 699 617 436 648 505 518 450 589 685 697 672 635 553 496 609
876 910 924 952 913 820 990 831 872 1106 981 1056 1023 1092 841 1029 1121 895 886 851
1033 1136 982 1058 1067 976 870 963 868 1047 912 1192 1042 887 1053 1186 919 971 1045 883
1237 1344 1317 1260 1219 1323 1314 1206 1402 1224 1185 1166 1209 1159 1173 1388 1273 1289 1277 1425
515 577 652 590 525 650 493 447 641 688 549 544 453 619 422 693 564 547 640 478
899 953 978 1006 1049 928 1133 948 916 1063 879 862 1085 1024 936 1036 889 1084 1079 902
588 683 641 729 634 706 507 565 542 726 564 693 496 672 558 454 511 460 491 466
11 1508 1 41 30 38 88 15 1451 1483 90 17 1462 33 1475 12 1507 1452 1440 79
963 1049 1058 1099 932 1121 1044 1062 1075 1087 1013 1066 1114 1067 999 879 1038 1094 918 1042
492 583 649 482 433 634 537 711 544 662 713 629 545 456 507 542 515 597 560 681
884 898 959 1030 827 1078 920 1084 1003 834 957 907 881 860 865 953 904 925 912 1015
1453 1477 1471 5 1440 1516 1509 1418 1500 22 7 52 3 1503 48 25 1480 1419 1425 1437
620 647 476 649 730 548 651 462 480 736 486 721 437 671 724 657 559 550 703 669
236 261 279 222 199 295 284 205 300 274 256 258 137 196 182 185 276 287 230 154
613 671 572 519 585 751 587 425 675 660 556 429 550 745 727 607 476 440 619 608
1476 1508 36 1501 20 64 1519 29 1494 18 39 60 1503 1496 11 1512 1465 65 9 27
526 550 558 665 476 426 483 689 642 532 438 584 441 446 639 405 682 675 632 658
724 757 813 805 741 605 601 749 817 785 803 771 677 789 764 706 761 726 754 820
1004 1032 892 858 989 888 1105 1027 857 867 985 903 1003 1039 853 1140 1031 926 961 988
473 647 440 682 565 413 429 544 563 670 507 484 353 705 688 665 342 487 435 350
468 632 564 672 506 702 586 357 555 615 609 576 487 351 427 641 633 411 497 363
449 615 588 695 488 525 454 527 577 427 616 442 348 686 614 418 512 364 604 368
1168 1256 1347 1346 1135 1244 1127 1240 1328 1339 1290 1169 1261 1153 1207 1146 1221 1206 1128 1252
176 268 278 188 132 285 162 202 159 146 192 239 277 213 235 200 281 206 265 121
574 603 693 519 559 447 702 685 551 636 475 666 721 541 644 678 451 722 465 468
558 644 435 588 591 583 492 426 410 693 598 675 581 536 616 482 740 594 535 508
857 1083 1132 958 816 1128 1090 1141 882 996 818 856 900 997 894 967 934 871 807 1138
4 1449 1431 40 15 1 1430 19 5 32 1503 11 1519 1441 1436 1437 1507 1439 1502 33
494 654 615 668 598 524 523 719 490 416 680 738 605 552 607 710 597 637 695 546
922 1106 947 1104 868 1154 909 1135 1015 957 1033 1070 1130 887 956 967 884 935 926 989
412 559 415 418 436 428 461 671 488 652 606 443 713 511 348 590 588 386 543 618
740 812 861 607 700 833 787 734 697 686 761 764 744 810 775 711 746 703 682 670
527 552 410 692 694 466 456 471 637 487 427 535 657 608 444 437 506 530 439 617
540 693 562 552 642 696 425 737 566 669 608 583 570 598 561 688 412 694 456 707
90 124 199 153 99 312 155 1497 120 207 74 304 190 113 313 60 314 210 219 156
1011 1131 956 1029 972 1150 1021 1191 1075 1046 1192 1181 873 1051 1120 911 959 1081 1017 1042
1251 1332 1146 1331 1266 1412 1288 1236 1222 1287 1230 1277 1175 1376 1201 1206 1162 1312 1167 1306
1199 1229 1178 1140 1159 1225 1237 1126 1169 1209 1268 1211 1171 1335 1262 1208 1197 1267 1253 1243
1296 1340 1373 1421 1263 1344 1378 1423 1338 1254 1235 1277 1409 1386 1240 1319 1269 1403 1345 1389
1158 1177 1251 1119 1203 1254 1118 1190 1219 1114 1260 1215 1206 1112 1210 1230 1164 1122 1179 1141
909 943 1029 992 1096 1048 1134 1001 879 881 1130 1089 1097 905 1052 1000 918 1076 884 1035
593 689 535 612 749 445 457 719 517 520 666 503 470 487 491 711 541 641 742 465
580 643 596 429 494 470 587 628 592 536 460 510 503 572 664 525 438 729 650 602
667 714 441 584 777 806 691 451 458 446 792 549 648 770 612 593 507 475 635 718
1444 1467 1 9 30 47 12 14 1483 54 50 18 1448 20 21 1424 1456 1425 39 1363
471 545 682 618 559 521 611 434 420 553 572 408 441 427 625 599 352 534 535 462
128 176 106 202 121 122 222 303 123 148 166 150 263 197 252 125 213 204 139 288
1074 1125 878 1063 956 1133 992 1190 895 929 970 1085 1004 1048 1144 987 1159 1161 1119 1041
439 507 547 657 650 461 684 427 346 415 584 505 496 376 502 476 499 626 375 647
996 1023 1044 861 1099 830 1064 1004 1070 1126 872 900 1041 1060 915 852 1100 1015 1018 829
1153 1189 1129 1203 1229 1223 1198 1190 1244 1117 1127 1245 1259 1230 1112 1121 1099 1134 1157 1237
106 283 260 279 87 215 89 126 311 208 306 227 128 212 251 72 91 302 123 69
897 1036 1074 1136 1107 902 863 922 1088 939 1007 1120 1106 956 1019 938 1113 1073 960 1047
416 640 347 463 738 521 345 434 648 553 602 481 525 658 444 636 343 458 498 531
361 435 520 305 386 378 328 355 515 566 437 324 394 460 338 492 678 321 555 464
852 978 999 1096 1063 1091 1020 1112 996 1118 1124 1119 975 891 877 845 897 920 881 821
920 1085 1018 1075 1051 929 1128 1040 905 952 998 1125 960 988 917 980 1099 881 979 1001
894 1033 887 1127 900 998 1111 1112 1086 925 902 1072 947 983 879 929 944 1087 1020 1041
781 802 759 778 848 740 861 745 817 826 709 811 734 710 772 708 716 741 780 724
452 578 472 577 587 498 565 635 448 709 366 533 421 487 704 616 614 659 619 348
82 94 1489 281 51 1519 1503 53 108 294 1495 1487 73 303 283 115 1511 285 111 78
1190 1252 1228 1316 1138 1178 1182 1320 1303 1198 1290 1174 1118 1183 1311 1130 1264 1272 1168 1306
444 536 627 561 611 355 585 349 632 438 421 660 342 641 363 378 638 541 568 662
203 284 282 152 96 311 196 206 135 180 313 278 315 153 213 141 322 159 261 225
1128 1184 930 1144 1177 1075 1094 899 1173 1105 1086 905 1193 972 1181 941 1206 951 1004 948
1111 1176 874 1193 901 1123 958 1040 877 1260 1015 878 1164 1257 1108 1171 986 1112 880 1229
1268 1294 1247 1259 1404 1346 1278 1266 1242 1425 1255 1325 1355 1318 1340 1416 1297 1260 1272 1244
551 621 633 712 428 638 680 631 481 715 536 555 477 682 652 674 670 608 586 438
1229 1329 1288 1332 1347 1187 1185 1176 1202 1367 1344 1358 1319 1303 1283 1413 1221 1253 1210 1196
72 1489 50 1469 1462 1482 1495 101 46 45 47 1471 89 79 2 1510 1499 107 70 1490
811 862 724 992 723 868 780 817 883 953 962 987 815 1092 785 794 832 734 970 783
759 810 790 784 856 709 730 845 849 863 854 688 739 778 686 781 758 699 801 883
