2424 2436 1463 2453 2460 2408 3538 2440 2429 2418 2392 1467 2419 2400 1059 1464 2442 2432 3539 2420
712 3239 581 3283 3213 644 750 3221 3281 659 595 3234 3222 643 653 759 713 699 628 549
499 3081 4130 2977 3208 2964 485 482 4161 3108 3169 4176 3210 3068 478 4113 531 4127 467 3037
3020 3041 3107 2994 2973 2983 3084 3018 3046 2961 2999 3037 3087 3200 3193 3115 2980 3179 2968 3102
3526 3567 3505 3576 940 928 2441 2466 158 150 3527 3547 1100 1083 118 88 105 3560 1140 937
710 3253 3214 739 626 3284 655 602 3216 664 685 3265 598 667 616 757 572 541 649 630
2288 2343 2285 2286 2257 2247 2213 2597 2277 2336 2325 2607 2242 2296 2294 2245 2351 2258 2248 2251
3356 3923 3892 563 629 3326 504 520 3901 3999 3941 3327 548 3962 3920 519 3998 3362 3328 3922
3611 3620 931 3454 3671 3443 928 3604 3475 3423 946 915 3460 3599 3580 3428 901 3601 930 3474
3602 3622 3588 3645 3422 3596 3474 3583 3432 3582 882 3475 952 3585 3607 3426 3594 3423 925 944
2335 2348 2234 2258 2342 2301 2372 2299 2605 2318 2350 2363 2574 2266 2315 2277 2608 2620 2231 2222
3340 3956 4022 537 3359 4018 516 3942 4007 4009 517 3344 3941 3955 540 4010 3915 3349 3994 3922
1857 1933 2159 1908 2150 1903 1930 1875 1946 2151 1941 1885 2027 1981 1862 1822 1837 1855 1987 1915
663 3269 3247 529 603 3296 690 3245 684 705 535 668 644 671 523 552 733 538 540 3301
206 1342 1260 258 1246 1093 278 1390 1354 188 1273 193 1476 244 1109 1249 1360 240 1385 1116
2111 2140 1983 2387 1645 1612 1642 1691 2118 2028 2071 2378 1681 2121 1671 1981 1658 2372 2366 2110
936 3476 3455 927 3474 943 959 3565 968 2854 3472 3641 954 2834 3596 891 3576 939 947 3452
4028 4039 4008 4069 3980 3320 3311 3954 3301 4052 4005 4018 4047 4053 4010 3963 4023 3307 4044 4003
905 3641 913 3619 883 3629 2837 2842 3599 3598 881 3583 3640 3635 3597 3588 3625 3672 2816 945
597 3872 3219 581 604 22 3262 546 3852 3904 3247 3869 3913 3874 566 3256 3909 3242 14 3916
353 439 360 1386 404 302 346 299 1040 442 1391 1036 333 1374 393 288 433 345 1424 374
333 417 4152 346 358 392 1461 4160 4161 433 1045 336 440 1034 427 398 419 389 426 1502
3340 3934 3925 3343 548 563 535 3948 3968 3360 539 3983 616 3908 3929 3905 3986 3330 3966 3335
174 2578 2570 192 2547 3510 1122 213 1106 1232 1254 1229 2528 2561 1108 1239 139 212 1109 1142
314 1026 3545 412 1428 1404 987 426 367 324 1518 1052 1352 1487 331 1410 1452 1507 1448 330
3595 3652 953 893 3600 3678 3575 3653 3421 3637 907 3650 3472 919 913 3447 3577 949 954 3455
165 1142 1105 167 1111 168 1146 1132 1217 194 3499 122 1128 121 1152 1140 1114 2576 131 76
1379 1512 1396 1429 1453 1356 1365 1056 315 336 1460 1499 1526 282 1464 380 1047 404 300 1504
1129 1157 1108 1141 77 156 3513 3531 184 154 189 1130 104 161 1106 153 195 180 181 3514
2965 3136 3059 3185 3131 3166 3181 3079 3060 2925 2957 2945 2934 3080 3160 2918 2953 3031 2907 3189
2981 3186 3191 3058 3128 2998 514 3197 3115 3119 3103 3127 513 506 3066 3056 503 3052 3111 3204
306 1042 1004 1062 1358 3544 1040 351 2417 376 421 281 364 415 285 1489 266 986 326 1455
133 1178 122 3516 101 111 1172 2739 2740 1141 1194 2674 170 1163 1121 123 180 114 3525 2694
886 3627 2783 904 887 3612 875 3625 912 900 881 3599 902 3653 917 3604 3461 888 3587 3462
271 1373 268 256 371 1401 289 1509 1408 354 266 1463 401 344 335 1500 252 339 1371 1451
2880 3401 2884 3407 3392 2835 3381 2857 2865 2882 2915 3421 3388 3418 3396 2890 2916 2842 2870 3416
2709 2718 2696 2747 2700 2689 2687 2675 2739 2683 1176 2723 2669 2728 1170 1202 2719 1190 2727 2740
1726 1772 1756 1708 1742 1810 1752 1660 1811 1764 1758 1711 2166 2180 1765 1779 1696 1717 1789 1704
1905 2192 1901 2020 2156 1897 1952 1884 2188 1934 1818 2015 2021 1802 1865 1831 1862 1795 2218 1880
116 144 184 3500 1114 1175 1163 93 3521 3504 85 183 1123 1181 103 1178 1094 176 1171 185
3768 3777 3753 3840 3797 3803 3826 792 3794 3770 808 3787 794 3853 3708 805 3849 3825 3829 777
3761 3781 3685 3770 3821 3715 800 3777 3774 3836 3682 786 777 782 3862 3833 3662 3759 799 802
179 2584 2554 2575 1107 2352 1109 200 132 1234 2612 2581 172 1268 1255 1259 142 2616 202 2580
2342 2595 2248 2629 2326 2240 2238 2586 1242 2241 2243 2318 2594 2344 1228 1235 2236 1225 2351 2620
1957 1980 2191 1952 2150 2039 1998 1921 2041 2178 1978 2059 1985 2147 1865 2095 1821 2058 1922 2030
919 3461 3415 955 2834 3573 895 2830 3612 3422 905 3418 2811 3629 2859 3619 2848 3607 3591 961
566 3877 3882 636 3204 552 3248 539 9 3898 647 3209 614 624 3225 6 3 637 3875 573
1767 1792 1791 1726 1723 1779 1795 2165 1728 1770 1776 1805 1724 1720 1820 2169 1787 1765 1808 1788
489 3081 487 3100 4179 491 470 2991 471 4118 3209 3185 469 3173 3065 4125 477 3122 3072 4154
482 503 4144 4173 3084 515 3204 462 4169 3198 4111 4120 4112 3090 3215 3362 512 3353 489 517
447 468 472 3052 430 429 376 400 4135 452 4151 368 4175 454 485 4133 396 4140 407 489
2848 2888 2873 2838 2824 2916 2923 2908 3436 3411 3418 3392 915 2913 934 910 2834 3419 2870 3435
570 3266 10 3209 3253 541 532 575 3873 3297 3292 645 3259 3887 3222 3237 3911 3267 560 3225
3770 3837 3794 761 3850 3771 3757 3766 771 3746 3822 3781 3743 3843 3788 789 3750 807 775 765
3327 3930 3301 4028 3902 556 4023 3968 628 4004 3952 563 3961 3950 4016 3979 3298 3960 3358 3307
278 1383 1512 1415 344 361 1394 1506 1400 1358 382 1344 1412 1379 1065 1361 1504 326 1488 1401
318 405 1413 1481 1521 1045 350 302 420 381 385 390 408 279 1418 330 315 281 335 1428
2039 2045 2174 2053 2071 2114 1999 2116 2369 2101 2079 2081 1993 2013 1986 2031 2006 2062 1984 2153
2991 3009 3055 3038 3187 2982 2980 3019 3202 2974 3062 3050 3070 3079 3015 2990 3065 3100 3073 2979
2555 2570 2516 2519 2544 171 2475 2451 2507 2505 2511 2522 3530 2471 2477 164 2467 2350 2464 2604
2941 3175 3143 3132 3120 3129 3125 3173 2903 3137 2901 2933 2982 3073 3070 3052 3059 2946 2922 2977
774 3833 3826 741 3845 748 757 3797 3770 3761 738 736 789 3855 3857 3811 3819 3814 792 3832
1241 1270 2330 1273 165 171 2627 2623 2652 1257 2594 2601 2618 2610 1289 191 185 1239 2629 1307
2973 3044 2990 2950 3197 3062 3038 2971 3097 2970 3023 3206 3115 3187 3007 2951 3105 2986 3070 3103
1819 1861 2168 1933 2153 1830 1837 1865 1805 2172 1842 1782 1822 1788 2176 1809 1940 1848 1957 1967
351 1463 1349 1515 1048 1362 1422 1426 1370 1461 1384 272 1428 414 1061 2397 290 287 1393 273
1906 1932 1950 2175 2203 2154 2176 1807 1836 1928 2162 2187 1819 1887 1987 1885 2184 2205 1985 2191
1819 1910 1972 2183 1861 1896 2210 1828 1945 1869 1895 2164 1846 2018 1862 2204 1837 1847 1953 2178
271 1494 1328 1064 1512 1436 307 1329 1428 311 1397 1443 1368 1333 260 235 250 1077 1408 252
111 160 1106 1139 2491 78 1115 174 1217 1151 158 1099 1145 189 3504 1102 102 82 76 1092
1850 2163 2052 2130 2134 1849 1934 1855 2051 2200 2044 2139 1908 2171 2013 1721 1712 1837 1991 1930
1963 2031 2027 1850 2044 2190 1986 1885 1872 1946 1864 2170 2159 1912 1825 1962 1947 1987 1823 1860
3971 4028 4094 3317 3334 4063 3931 3987 3346 4064 3989 4084 4038 3323 4089 4013 3304 4008 3345 4011
358 437 382 471 4171 476 1381 406 448 371 341 286 316 304 331 1397 435 1372 408 430
1768 1806 2016 2147 1826 1851 1907 2191 2168 1867 1881 1902 2170 1819 1718 1813 1878 1809 1713 2153
1375 1474 1466 329 392 1477 1489 1344 362 1337 1451 273 274 279 271 339 1420 346 1417 312
315 396 340 378 446 1404 1363 1497 1519 292 407 285 1459 273 1410 283 1445 350 420 1470
461 2953 437 481 3047 3119 3130 2950 4155 3046 483 3040 3143 3184 3164 2921 434 3185 4169 460
1944 2194 1918 1810 1863 2230 2186 1941 2205 1936 1835 2221 2223 2214 1834 1866 1797 1878 2192 1858
1617 2125 1697 2085 1661 2046 1673 2164 1991 2162 2084 2160 1632 2072 1696 1675 1979 1608 2124 2059
1240 2332 1212 2620 1267 1272 188 2649 2625 2646 2256 2274 2321 2654 2228 2260 2641 185 2655 2618
1209 1228 1274 169 2638 1192 2620 174 1213 1222 2626 2591 1234 1201 1173 2325 2609 167 2694 2647
1226 2660 2632 1278 2641 1227 2625 2331 2664 2657 2684 1245 2674 1265 2592 1257 1200 2635 2667 2602
3339 3959 4008 3331 3318 4022 4001 3971 545 513 543 4029 3998 3929 3340 3940 544 3327 3355 3333
723 745 816 672 679 735 667 685 669 727 770 671 767 693 753 711 3233 673 3238 763
613 3913 3216 3339 3347 3344 617 3 3915 3884 546 621 569 3346 3230 3948 3263 3341 3904 3248
85 2786 3495 72 2780 3491 794 3522 792 779 2760 3523 890 3531 876 2808 2767 1133 79 777
1196 2674 1182 1221 1206 1191 2693 1207 1161 2678 1186 1204 2666 2657 2623 1203 1180 2669 2698 1224
1841 2192 1946 2165 1829 1909 2176 1869 2167 1924 2203 1934 1887 1830 2023 2173 1922 1880 2158 2156
1999 2106 2111 2144 2009 2375 2115 2121 2118 2362 2364 2070 2054 2098 2032 2371 1980 2060 2089 1992
1137 1159 141 1143 152 1104 75 1141 145 81 177 182 3507 3519 1144 140 1191 1133 1122 142
624 3242 3906 3285 683 679 3273 3234 668 680 585 3208 3926 722 541 3904 665 3276 3932 664
2314 2335 2298 2610 1244 2342 2322 2340 2261 2230 2343 2317 2644 2324 2213 2311 2247 2634 2315 2255
788 800 2803 777 3863 3804 3779 3841 3780 790 821 3794 2801 3802 783 804 775 875 758 2788
2893 2911 3393 2922 2908 3160 2866 2881 2939 3412 2943 2868 2923 2941 3168 2924 3127 2875 2876 2861
677 3238 3209 565 558 707 605 3218 683 517 679 720 3216 691 600 705 571 667 3271 534
1526 1555 1475 1493 1546 1476 1355 1480 1478 1496 1467 1582 1549 1539 288 1548 1524 1457 273 1447
2262 2324 2213 2341 1227 2301 1228 2288 2300 1239 2635 1226 2295 2259 2352 2350 2279 2238 2256 2280
149 3505 1118 1125 1178 3490 1166 1167 3485 91 1135 175 179 1096 1181 1154 85 3531 119 77
1834 2185 1909 1963 1802 1827 1852 1835 1772 1885 2229 1949 1832 2011 1766 2216 1774 2190 2015 1836
1915 2199 2163 1951 1903 2214 1857 2235 2228 1851 2157 2030 1849 2169 1864 1881 2304 1885 2231 2217
914 3655 2827 2835 3471 2816 905 3623 2853 3442 2839 3467 2832 3468 3421 945 892 2847 3677 937
167 2491 2543 2486 2452 183 2544 1132 186 1141 2525 1168 2459 1160 1110 142 3531 2504 2506 158
947 2831 3481 961 974 2855 2839 2878 3474 3612 3547 3424 2816 3444 919 977 980 942 960 950
761 788 3854 2804 752 2780 719 3855 3770 764 2775 3825 736 3787 778 868 812 3843 751 2766
177 213 2590 1227 1339 1093 255 1242 1238 2588 1092 1233 150 207 1260 1082 256 200 1142 130
1231 2643 2615 189 2595 1275 2589 2602 2645 1244 2624 2313 1225 1206 1269 2321 1208 1199 2646 1278
4019 4044 3959 3991 3320 3326 3952 3958 3978 3972 4068 3314 3976 3291 4041 3990 4096 4022 3310 3307
2470 2509 2565 3517 2521 3519 2481 2496 2545 2566 2492 2539 2524 3522 2442 3515 2506 2508 2447 2450
152 172 1090 1127 177 1214 1171 1142 165 3502 1102 1176 2572 108 135 2479 1097 138 1242 2585
2940 2963 3183 3171 3182 3033 3071 3110 2946 3055 3174 3165 3148 2928 2948 2985 3181 3098 3131 3064
47 2790 887 81 4 2771 2800 2776 20 73 2813 58 45 63 793 2808 38 2768 43 2802
788 3775 2793 3799 3760 763 3771 794 2788 3770 2805 756 757 2778 2802 3814 766 3835 3784 3764
157 172 2574 113 1238 143 112 171 2571 199 2488 149 1144 2490 1155 186 142 3520 3525 3526
3132 3181 3112 3176 3080 3171 3056 3157 2937 2903 3200 2963 2984 3192 2932 2909 3107 3071 3115 3156
349 1390 1053 400 1472 1523 1060 1348 1399 1517 1041 1420 296 1340 333 307 1446 1461 1525 1036
2664 2674 2620 1177 1205 1194 2719 2610 1193 1213 2635 2634 2643 2653 2611 1190 2660 1224 2599 1230
939 3474 940 3479 3425 2807 3444 3649 2835 3428 2823 2814 3637 3603 3643 2825 961 2819 3634 3464
3932 3967 560 3955 3999 3349 3937 3352 617 3908 3360 532 4027 3948 4002 3346 4003 3944 3995 4034
922 3433 3583 3463 3409 3423 3592 3443 3440 3469 3439 2810 3453 2812 895 913 910 919 3582 3588
2506 3524 1003 134 3489 82 132 84 2528 2542 2458 2513 999 1114 983 2477 2537 3526 1116 3552
515 3070 2990 2987 487 3349 3233 3092 4116 3229 4120 473 3354 541 3186 3181 531 4142 3351 3106
1322 1336 1276 205 1327 202 285 254 287 273 216 230 1278 1333 1337 206 1295 236 225 255
3450 3633 912 3619 3572 3440 3469 926 922 896 886 3596 3600 3424 3574 909 3457 3585 933 3614
3284 3303 3302 3301 3291 3265 3255 3269 4070 3276 642 641 3308 3314 3306 3274 653 4078 636 649
549 625 584 3906 653 3348 623 3207 3204 3228 3368 550 3202 3369 680 654 3360 571 535 3907
342 412 438 311 392 338 292 380 1051 1465 1379 351 335 303 281 1497 1032 409 1371 416
3593 3649 893 3581 954 936 3645 3605 3478 3448 3429 892 929 3424 3614 3452 3600 3663 3464 904
224 262 299 237 1363 1474 266 1361 243 265 1391 1482 1366 300 282 1274 1378 1371 274 304
2511 3531 3493 3556 2487 3525 1070 1019 1105 995 1029 102 1016 1141 2536 2541 2457 993 3533 86
1933 2157 2185 1932 2165 1888 2184 1917 1680 1960 1863 2097 2180 1794 2193 2010 2107 1920 2000 1696
130 3517 137 1129 3540 1109 2484 2520 113 2487 964 2523 3526 117 95 127 1099 2514 3508 1168
2556 3525 2529 123 979 113 2525 1131 2497 3565 1128 1155 1103 164 162 978 1115 168 2515 2531
514 3105 4140 4107 3061 2990 3060 522 3032 3055 4114 3111 3220 3040 3123 3345 513 3082 2981 549
143 1113 3531 118 1134 1115 3499 1095 120 1155 121 187 1151 184 137 3501 1102 1156 188 100
3926 3984 3901 4022 3918 520 3996 4018 3981 620 3353 3339 609 554 3913 3916 612 611 3999 530
1953 2199 1812 2014 1879 1907 1819 1948 1890 1792 1945 1909 2203 1898 1975 1880 1978 1885 1958 2228
654 3264 3211 3276 665 721 577 719 710 531 557 648 637 640 570 576 729 3293 3233 536
985 1018 1051 1016 979 989 1055 3563 996 1011 3567 3527 1062 3547 1038 999 1001 1046 1036 997
1364 1514 274 376 1497 1500 384 1483 1343 303 283 285 1348 1525 1371 1410 1063 336 1408 325
106 127 3500 162 126 121 1167 166 119 177 3496 1102 81 1174 115 137 3528 175 3524 142
3061 3123 482 3042 3184 3048 3090 2956 466 3082 3208 489 3194 2980 3141 2906 514 3173 2991 513
544 3209 3268 3941 3111 589 3350 3211 3274 627 3114 3035 3107 3196 3234 576 3276 3242 541 633
896 2815 884 3639 3602 3659 893 914 2846 3476 3488 3618 2849 900 901 3626 3662 3449 930 3648
1672 2139 2059 1597 2097 2174 1988 2054 1982 1713 2168 1596 1609 2085 1612 2170 2138 1614 1607 1698
915 3608 3590 960 3463 3580 2813 3467 885 2810 3611 3477 3656 943 3634 3418 913 3574 2823 3669
1661 2152 1713 1929 1814 1689 1664 2107 1802 2123 2121 1816 2176 2068 1702 2183 1914 2085 1983 2160
541 3255 3916 635 602 634 3932 3923 561 693 3240 3915 3233 622 672 3243 3210 692 577 3269
1174 2734 2732 2691 2683 2737 2754 122 3511 1194 1211 98 2697 1205 1169 2690 1189 2748 1142 105
1393 1443 272 261 362 312 1436 329 1360 1454 278 391 1437 1504 1455 1396 377 1419 1059 340
