189 212 243 223 174 238 242 177 192 199 217 194 186 181 173 172 191 233 169 159
61 97 64 10 16 56 100 556 115 20 534 85 101 574 60 76 43 1 111 555
175 196 152 151 178 162 197 155 230 143 150 179 234 226 153 216 189 206 222 199
408 456 413 407 491 368 406 478 482 451 490 403 384 459 356 640 431 364 381 420
617 651 431 643 567 570 424 491 598 662 582 657 405 487 423 466 515 467 646 454
5 48 3 553 550 44 554 13 62 82 557 562 18 551 6 563 532 525 577 63
395 454 359 376 339 375 341 369 648 646 420 447 398 445 343 652 421 379 659 418
408 462 659 650 377 425 447 457 485 481 505 434 369 446 492 372 361 467 482 414
492 593 526 455 613 595 503 491 632 561 560 459 495 475 483 557 633 489 530 579
503 573 508 81 65 569 62 73 98 38 565 655 58 558 15 607 606 16 459 44
357 400 397 446 440 454 425 393 344 418 392 427 388 342 343 457 358 378 406 364
414 451 381 383 391 447 402 639 399 472 440 430 477 362 642 415 467 494 382 582
138 160 124 180 173 191 170 129 200 152 164 119 158 133 127 142 141 151 153 139
41 542 99 564 577 101 516 532 512 547 48 563 528 566 80 8 541 556 33 576
19 549 518 89 531 35 29 0 655 580 99 521 71 70 104 583 555 66 18 77
0 523 4 78 534 84 7 53 587 528 597 13 538 589 10 76 652 516 580 537
516 595 35 630 528 491 52 580 632 561 482 574 617 38 555 650 484 533 16 549
586 654 461 425 531 427 484 564 572 613 650 442 449 621 571 582 406 472 653 651
288 306 328 323 330 302 316 261 286 281 267 333 264 294 337 318 313 317 307 310
533 554 534 82 33 506 65 525 555 538 650 62 564 591 30 530 59 585 546 89
7 548 87 23 538 41 79 586 516 580 627 524 59 570 562 563 521 71 72 92
504 652 618 513 472 529 403 620 655 462 621 608 457 471 556 434 640 435 586 473
32 572 592 89 100 608 4 639 512 101 110 646 532 633 601 37 33 648 17 495
588 600 474 543 613 645 508 637 586 573 542 481 601 592 576 581 477 660 654 610
44 81 26 545 542 29 30 572 539 530 519 574 16 58 98 116 23 559 88 75
57 534 85 104 530 503 580 547 79 562 523 48 516 539 508 28 26 584 509 15
61 110 80 86 109 26 530 102 85 538 64 126 120 573 18 570 97 128 112 11
202 211 244 234 216 164 188 232 228 235 182 209 247 219 223 171 178 225 184 231
469 486 480 460 434 576 642 479 471 575 467 497 514 515 414 489 651 488 418 409
508 646 590 409 455 494 599 491 560 521 584 631 605 412 659 507 589 499 430 426
604 656 548 619 422 444 593 559 499 459 587 521 411 446 460 638 552 549 497 481
15 517 4 519 648 17 548 526 77 587 82 78 81 515 659 564 14 585 40 495
239 259 205 226 209 233 236 248 240 220 277 276 269 266 206 201 274 213 223 284
374 418 334 417 395 435 408 419 401 426 381 423 429 345 336 640 462 656 398 389
470 654 486 419 565 581 596 441 568 453 662 436 598 619 520 518 483 442 430 503
393 426 472 384 443 403 444 409 474 435 352 446 477 455 646 404 434 458 644 395
22 548 30 60 18 57 581 660 67 546 525 560 569 84 552 78 65 544 12 41
64 536 85 51 111 571 113 97 72 20 541 92 55 23 90 587 109 104 559 525
512 589 503 616 493 509 477 648 651 577 612 510 586 613 521 639 631 622 513 593
73 577 68 98 660 506 91 521 650 56 607 105 534 533 600 576 623 630 474 60
563 645 85 109 35 406 113 67 104 48 621 518 26 112 468 528 54 595 451 416
68 571 65 83 648 25 551 516 565 63 28 17 98 23 16 532 508 40 595 110
60 558 18 576 523 623 575 51 84 540 581 591 40 522 565 117 649 89 12 566
493 519 575 556 531 488 5 551 49 477 469 470 23 561 594 462 487 476 472 555
42 577 569 605 474 647 86 469 537 567 609 52 39 484 626 510 24 65 55 59
378 405 434 650 389 395 347 656 331 435 376 409 440 446 404 465 335 449 382 332
529 559 655 112 75 632 67 106 590 74 518 64 45 94 72 587 534 507 81 113
481 577 581 617 465 537 22 469 34 651 36 579 529 597 463 21 461 547 47 539
61 109 556 7 27 85 4 92 96 563 574 95 545 530 525 81 533 32 37 99
421 653 565 652 578 426 442 647 425 455 553 575 506 457 623 552 367 486 460 561
184 195 216 182 178 230 222 148 177 226 169 170 172 159 229 163 224 157 153 233
518 651 548 573 15 462 55 33 493 463 8 14 581 454 476 459 613 557 607 591
339 394 326 361 420 345 440 306 421 405 343 315 439 360 349 377 310 419 427 338
436 645 405 574 638 469 399 451 464 562 593 573 499 471 600 410 639 565 461 445
371 425 406 370 472 353 393 648 380 399 643 424 435 417 412 337 645 441 428 350
18 58 81 31 27 26 28 37 543 526 29 43 570 6 9 518 542 2 558 580
125 162 127 136 118 130 174 171 105 144 173 99 138 202 197 142 146 177 143 134
401 440 403 645 406 419 484 365 459 471 390 474 447 476 374 366 391 405 480 383
283 310 262 342 314 323 300 264 337 288 289 272 320 301 344 334 291 329 309 343
472 481 498 592 578 584 649 495 583 437 656 453 463 431 411 505 595 659 662 412
410 662 479 659 613 376 434 363 650 515 393 381 596 491 495 357 551 614 562 635
105 543 25 546 77 17 95 47 73 569 553 26 97 5 533 540 545 570 587 126
153 166 138 119 196 197 172 175 180 129 185 121 134 181 144 173 152 131 150 135
260 277 243 241 254 247 246 230 306 274 273 268 296 297 245 238 285 287 283 236
143 176 144 191 122 205 199 167 124 208 210 148 203 177 196 157 149 175 126 146
621 661 627 468 474 622 459 645 647 490 493 656 404 573 455 587 597 420 466 620
50 93 87 527 80 54 60 8 515 539 7 522 562 111 10 86 566 113 57 580
439 643 614 430 409 494 437 624 440 610 469 410 617 607 443 585 420 448 507 592
187 223 186 202 201 221 205 197 220 198 158 210 244 162 199 227 254 196 249 155
470 650 422 559 424 589 483 478 493 631 507 622 516 451 418 585 577 471 604 457
260 270 290 231 249 242 261 294 258 259 295 232 251 243 254 293 240 228 253 275
162 189 156 210 150 161 148 213 140 185 219 131 211 138 139 130 203 223 218 168
602 630 553 644 591 582 606 651 613 557 570 649 599 623 624 636 653 660 650 634
9 555 631 36 531 560 535 558 96 577 28 579 592 76 541 19 574 54 35 23
485 587 534 466 479 447 553 592 507 581 616 533 437 470 661 601 642 528 549 510
231 260 233 273 192 197 266 246 228 264 237 219 280 206 258 209 249 208 230 196
580 654 430 544 50 659 611 543 547 657 496 567 548 655 545 456 533 600 660 619
418 436 380 403 419 479 365 400 395 431 481 363 383 476 463 639 453 441 450 480
1 523 505 569 572 80 655 81 656 33 531 72 581 68 586 654 74 598 533 21
78 549 18 76 546 524 68 13 20 533 661 571 110 57 576 29 46 70 86 69
589 643 432 419 478 608 535 499 554 640 537 474 646 532 418 481 644 620 569 612
148 181 156 195 163 117 174 196 159 118 210 205 164 152 200 119 184 122 149 175
273 279 251 300 292 301 266 293 255 296 304 240 270 249 309 262 284 274 290 252
235 244 224 229 215 204 208 270 201 227 216 222 250 200 199 206 207 218 203 252
318 340 321 314 334 390 386 343 297 332 307 359 367 301 350 393 382 375 394 362
450 644 613 593 605 459 632 595 436 628 509 399 505 452 419 598 453 652 642 480
466 579 490 512 480 407 59 627 626 408 485 522 651 581 438 530 488 603 470 467
101 574 630 628 26 491 62 493 520 474 479 651 550 641 547 73 607 117 573 8
7 68 528 533 105 541 576 71 566 26 61 3 58 81 99 556 32 531 567 114
426 467 419 428 458 455 491 575 375 388 586 365 506 368 655 596 462 574 487 648
69 107 119 113 534 1 65 569 546 88 73 97 58 18 16 578 64 49 80 127
220 243 186 253 184 192 241 238 260 254 226 230 252 203 248 213 221 215 228 236
44 80 10 83 103 523 98 530 69 47 577 526 31 558 11 100 105 515 90 111
491 502 446 512 445 473 595 521 460 577 533 468 570 474 450 656 504 455 487 569
102 558 89 36 544 114 115 554 516 23 561 70 565 94 67 118 656 564 63 538
54 557 23 631 106 65 556 586 7 657 519 52 31 59 10 545 593 581 550 29
598 640 572 430 523 519 454 639 424 659 464 493 511 463 574 612 502 450 452 475
504 579 630 478 570 44 557 60 606 506 624 622 575 75 563 647 551 537 550 522
26 569 43 649 575 570 112 38 497 99 77 4 500 539 27 511 22 39 504 114
541 572 31 17 59 96 109 513 67 634 609 525 544 576 57 505 2 554 656 473
509 583 599 562 586 553 498 643 660 642 496 492 651 638 556 641 541 500 555 579
93 566 44 121 587 79 71 586 519 119 17 104 38 597 77 593 544 68 573 541
410 430 374 359 380 392 446 640 438 471 400 447 398 440 651 470 382 444 381 467
556 588 590 476 28 63 575 477 85 56 661 30 600 102 31 113 74 630 651 521
8 527 90 14 32 517 499 86 58 28 531 571 5 81 72 583 503 1 67 574
432 459 494 405 641 482 468 662 448 396 471 480 382 638 654 408 649 387 479 493
32 539 3 1 35 522 591 104 36 31 105 20 10 94 533 63 95 88 25 565
32 59 75 72 57 563 68 579 63 92 89 23 11 4 556 515 53 84 38 528
556 626 46 511 38 87 595 55 639 534 593 45 111 569 12 39 37 29 624 517
238 256 253 224 209 240 216 212 268 227 269 199 226 204 202 266 279 277 229 261
579 601 50 645 554 527 56 473 69 562 78 76 46 656 522 496 569 65 587 621
484 651 642 494 638 447 423 653 567 478 577 628 470 426 410 492 571 497 469 602
527 555 56 568 8 98 85 29 536 1 551 566 629 654 542 107 66 40 661 95
597 611 610 587 622 603 504 501 515 473 471 621 519 639 592 633 593 631 578 514
413 659 371 634 428 398 429 604 632 646 368 631 437 424 485 567 439 382 560 630
576 596 633 653 95 620 649 513 527 534 478 528 551 497 480 604 521 582 490 488
126 137 115 157 152 156 139 166 104 99 165 168 127 150 141 161 173 170 146 101
591 603 654 468 484 556 578 573 626 653 634 581 575 652 538 657 478 485 585 619
70 81 98 560 564 85 545 2 537 21 544 548 112 103 542 14 573 108 27 561
469 485 427 652 451 430 508 654 473 431 454 445 449 598 436 656 444 585 461 483
463 480 417 495 515 467 455 475 441 433 445 651 660 656 483 481 446 437 421 506
215 227 209 194 234 252 237 225 250 198 195 214 178 202 216 186 257 256 230 206
522 655 590 513 504 635 499 479 524 505 40 595 411 523 498 27 48 539 533 559
424 457 662 658 417 495 470 426 469 392 393 471 643 458 396 380 438 492 432 385
96 574 37 531 589 483 84 541 636 0 36 111 597 494 498 74 571 94 69 591
7 572 30 520 87 506 527 563 112 548 6 638 495 60 103 593 66 81 496 551
1 83 571 21 533 2 6 34 113 74 547 72 23 57 3 56 114 82 75 89
388 423 345 434 351 383 403 652 447 452 379 645 463 354 430 638 342 341 446 643
43 94 78 60 574 515 2 69 7 554 548 50 118 111 57 566 79 123 529 534
472 488 516 642 483 594 598 477 455 458 498 510 649 461 486 662 505 659 512 449
12 60 559 67 43 568 576 22 524 27 565 61 63 523 62 14 100 534 518 522
38 575 649 12 483 8 89 530 56 96 527 86 10 44 508 554 523 593 598 571
582 613 565 562 488 464 590 612 523 502 505 551 558 578 618 549 655 607 575 639
357 403 329 395 654 402 433 422 383 659 447 318 362 373 450 442 345 319 398 397
350 386 319 376 337 425 324 414 332 402 411 361 355 328 435 354 316 351 334 436
408 465 446 648 499 418 438 659 642 410 396 366 417 579 654 507 451 379 468 488
23 561 52 6 520 31 582 28 70 517 514 662 2 555 554 536 553 12 511 647
448 494 512 576 650 410 460 393 653 497 571 644 451 453 640 428 397 524 588 394
607 633 637 645 612 599 581 590 654 659 596 653 661 611 615 583 644 602 597 577
508 654 505 407 423 515 534 580 661 618 522 617 651 648 571 611 660 483 409 634
598 618 516 575 523 562 623 653 499 597 505 662 586 632 474 641 655 470 497 574
210 245 231 227 265 275 228 253 257 244 241 274 217 239 267 204 233 191 236 222
333 345 352 307 378 303 363 320 366 361 314 351 390 396 357 327 379 325 354 392
569 582 597 51 46 0 521 454 86 534 503 547 105 43 47 32 60 38 604 77
370 409 347 345 383 331 413 334 428 361 363 431 648 646 399 394 459 452 457 657
375 398 428 434 432 436 423 369 429 384 441 329 344 409 377 338 346 449 363 411
274 288 244 309 267 264 250 261 243 299 257 284 269 285 305 245 252 268 310 306
390 418 341 365 419 443 441 660 345 651 646 426 470 361 449 368 638 338 432 413
452 468 585 501 430 470 415 395 454 396 476 434 441 500 502 492 597 455 489 399
453 465 420 472 641 479 412 399 416 580 644 504 406 662 445 655 444 447 489 450
