18 1012 954 1062 91 84 82 24 1056 40 1058 947 87 996 975 1032 33 1030 90 1018
132 165 202 118 140 112 127 111 145 199 188 170 133 185 126 113 162 189 174 130
75 93 112 29 34 63 116 1065 1056 1115 98 1081 1061 1076 117 53 1111 1067 68 80
935 969 951 946 880 904 920 996 985 890 945 994 988 887 1005 896 944 953 893 949
484 519 504 525 458 497 544 565 441 472 501 547 508 499 529 569 517 480 513 551
954 982 931 937 938 916 913 986 942 930 889 996 978 897 1004 1019 908 898 922 991
97 112 9 1115 126 109 88 73 139 80 152 138 90 127 119 13 142 124 149 101
857 890 950 873 870 902 878 954 827 932 949 921 920 896 792 804 943 825 908 899
366 435 342 380 418 412 406 470 462 419 345 315 427 372 422 411 409 477 387 416
513 530 619 482 486 478 462 611 514 464 606 535 638 525 623 511 590 469 472 609
163 184 183 345 162 146 206 196 341 132 153 148 182 328 326 219 201 179 140 116
213 322 187 207 345 321 227 237 317 208 326 347 246 220 312 296 178 255 299 245
553 622 574 619 629 527 638 643 637 642 529 554 694 615 539 531 540 580 567 653
694 735 617 641 711 673 767 623 734 647 804 625 634 619 839 660 691 779 830 771
698 745 837 817 673 637 786 735 740 643 600 645 589 777 714 790 699 639 716 783
776 843 849 779 716 878 742 873 811 861 833 715 788 766 730 886 806 830 888 874
7 80 1082 99 47 106 65 78 1054 1086 1098 104 1053 1040 54 44 12 28 90 101
294 317 306 243 298 203 339 258 225 254 223 274 215 263 292 193 268 348 194 251
565 637 521 546 544 587 642 675 677 541 648 605 545 601 586 571 574 537 593 679
925 948 912 994 1014 1015 870 971 923 950 916 986 1018 979 939 921 943 903 904 885
621 645 616 534 578 566 686 538 676 582 596 533 687 562 550 704 673 556 536 586
139 169 158 146 131 175 162 203 113 157 186 198 211 209 190 205 149 161 168 176
359 402 348 408 350 417 404 443 427 313 397 390 370 400 369 382 296 367 384 398
1088 1107 1034 1031 1117 90 1119 1115 1106 64 1081 1116 42 81 83 3 1083 1079 1118 1071
113 139 146 178 88 176 114 185 138 129 145 188 162 121 134 84 96 110 177 90
829 855 744 884 784 880 888 908 899 756 883 797 768 757 874 868 869 753 866 773
305 322 193 323 256 225 321 360 229 348 309 327 259 334 216 217 294 255 298 230
589 699 664 722 566 540 720 537 735 727 715 531 644 587 669 650 741 645 598 604
213 222 225 245 229 296 279 199 237 215 234 179 284 251 172 189 174 205 181 276
932 983 982 917 862 933 1006 872 1014 920 858 883 980 926 927 1013 1004 905 919 1023
79 1095 1081 1106 1022 76 46 35 95 1024 1027 1094 1104 1105 36 107 4 1033 111 1053
966 1010 1046 891 1041 1002 960 1049 948 14 1018 21 906 1029 1005 912 978 945 917 993
732 799 691 851 745 763 749 797 858 828 862 683 684 780 685 784 727 742 708 764
670 698 679 583 689 745 591 618 550 709 559 655 612 658 588 707 586 652 738 675
3 1058 78 98 1008 8 1006 59 54 33 67 53 1029 1014 58 1042 1080 76 47 1110
455 501 483 426 535 531 494 551 492 537 481 431 514 435 445 493 540 524 417 447
807 880 792 841 783 883 795 803 858 815 808 835 831 908 854 796 844 936 853 882
51 1054 12 68 18 1028 70 1097 1042 1090 53 1007 1085 1106 1037 1046 1099 83 1025 1030
27 79 40 1037 1105 1045 37 1097 36 1112 48 39 106 57 1018 1090 59 22 32 94
53 1059 1118 1070 1106 1012 1073 70 1050 2 23 71 47 1010 1086 54 1053 1006 27 67
990 1008 917 968 938 981 970 1017 945 1010 957 18 943 1048 1015 954 972 1022 911 960
196 209 169 245 230 161 235 248 236 192 335 348 163 166 154 165 243 328 225 334
823 849 816 843 792 909 779 770 835 804 762 891 735 907 851 841 848 914 894 915
406 429 414 453 441 415 459 445 356 402 425 388 403 358 481 413 395 399 477 368
629 689 650 616 560 548 621 554 551 583 640 674 680 647 652 618 711 653 542 608
74 1085 1018 1067 1071 1029 84 58 1116 96 112 1057 92 1038 66 1106 1066 1060 0 103
871 911 823 844 924 914 988 836 980 859 886 861 847 896 821 990 872 969 908 947
73 1058 23 74 1002 51 1008 1112 33 1098 20 1073 1027 1038 38 1081 1057 65 6 12
744 792 693 854 884 837 848 703 774 768 702 741 824 862 782 713 800 894 735 732
15 38 1108 1010 11 1022 1106 1098 1050 1024 43 1118 40 9 1 1046 1028 48 4 1111
771 796 877 860 763 767 889 893 775 822 867 785 793 870 881 792 722 753 726 845
66 1095 12 60 88 79 1091 106 1092 1055 1071 73 1054 23 40 1106 11 1084 1111 5
904 918 980 865 943 893 936 916 998 941 954 987 994 946 993 953 970 891 862 857
781 813 752 834 833 837 871 861 860 775 825 763 807 772 872 829 894 743 750 778
1059 1099 1070 1048 1036 76 1082 1091 1094 1024 1019 57 1071 1073 1092 1111 1033 1058 42 85
79 1075 4 48 66 1038 1015 87 1058 63 69 1116 1082 1025 1036 1085 107 92 102 75
449 503 552 411 468 540 536 413 558 477 523 428 448 458 528 424 418 482 470 412
536 645 523 519 554 573 636 665 663 638 659 651 594 605 632 530 552 578 502 617
720 771 792 678 682 770 748 673 708 704 878 795 750 671 834 727 695 824 829 702
914 988 986 912 981 890 871 980 1022 910 1006 1020 1019 849 1012 919 1018 868 893 1041
66 1057 1018 49 100 14 44 41 6 1029 1005 1111 101 87 90 1066 1081 1027 102 10
45 70 81 1066 1094 1058 95 1087 72 1080 87 1075 57 1116 38 1037 67 1043 39 1071
997 1046 990 1095 1020 1064 1011 21 937 1025 1016 1030 1027 39 961 1101 18 1004 27 1099
990 1014 1057 951 1041 957 1024 1046 995 1027 13 16 1010 976 1034 1042 934 10 1009 1030
1094 1108 1046 1063 1033 1080 28 1084 74 29 1088 1039 60 10 1068 85 38 44 72 1117
736 796 699 894 849 820 864 853 745 703 794 874 881 783 761 756 726 817 792 722
994 1017 11 8 935 4 1083 996 1003 1008 997 1027 919 1023 1059 1011 35 20 1000 918
742 768 808 744 817 733 715 734 830 797 725 873 704 701 838 876 770 702 696 839
698 738 793 664 742 694 640 672 771 676 722 716 800 683 604 762 837 725 763 766
669 693 551 681 643 716 546 723 611 705 729 652 668 706 696 604 556 626 644 578
220 312 315 256 271 175 254 205 231 234 348 243 344 350 296 263 341 257 180 207
732 761 827 833 687 828 698 705 733 789 697 716 870 711 765 728 727 746 706 799
97 116 61 81 103 11 137 155 143 148 140 138 132 152 69 123 67 120 141 95
484 537 519 586 520 444 521 451 589 607 595 490 447 610 643 633 563 446 651 434
482 529 554 543 530 589 430 663 614 583 646 516 521 570 542 661 585 649 517 557
554 628 517 634 565 580 670 626 588 655 572 511 623 570 678 504 530 562 563 578
899 934 982 913 952 854 925 832 969 995 1011 844 926 890 875 880 885 894 915 897
773 819 869 873 830 845 733 755 754 769 764 849 872 813 760 798 879 738 868 725
913 982 994 895 964 898 931 850 838 961 865 1011 917 902 855 1026 1013 941 936 871
890 914 874 983 930 933 809 872 962 889 859 810 888 990 779 853 925 942 917 906
1060 1103 1114 76 1099 48 1051 1045 3 1040 1038 62 27 35 1041 1022 68 44 1030 1111
853 901 941 969 825 879 802 960 963 823 841 952 906 900 782 843 859 949 846 862
680 699 631 622 684 724 648 657 553 645 668 566 714 548 669 725 661 693 613 586
714 736 777 781 695 778 671 727 745 819 744 783 686 683 717 706 666 725 710 820
361 383 381 346 400 423 415 302 350 363 409 352 384 395 406 348 314 397 378 354
524 577 552 548 479 621 530 629 643 690 535 527 553 509 565 637 580 473 499 559
641 687 557 608 613 665 584 553 544 679 580 618 636 667 598 545 617 706 622 653
754 820 792 808 752 807 723 869 779 813 782 848 816 762 841 781 703 871 742 882
358 377 361 390 427 363 386 439 417 433 419 404 403 309 416 378 301 412 415 389
626 677 564 708 727 691 610 531 616 703 673 679 704 657 647 702 723 687 686 649
906 923 988 840 961 885 853 926 854 1002 951 977 863 980 856 924 967 893 848 973
141 175 197 160 113 211 144 150 181 149 179 217 161 196 184 145 176 142 115 128
376 406 394 431 367 377 365 439 348 371 391 357 420 366 419 400 429 370 436 416
1045 1058 49 50 71 1044 1070 19 57 1010 1096 6 25 45 1097 1025 1008 1046 1041 12
535 665 522 520 694 634 510 627 677 584 626 561 667 619 651 537 618 682 689 499
898 953 999 976 893 991 1015 904 1003 919 932 1004 930 922 900 894 1017 833 949 844
392 417 364 352 450 393 430 449 400 371 357 423 428 443 457 379 439 435 429 445
765 832 859 834 727 752 861 862 751 739 707 838 783 766 905 864 771 805 781 849
557 627 552 588 525 594 554 512 626 602 622 636 638 676 603 575 576 595 543 659
932 954 963 923 907 917 991 987 893 965 976 964 1017 908 1006 995 944 873 985 924
255 282 208 235 233 263 216 272 280 237 304 251 279 299 266 286 308 273 223 271
216 295 280 306 305 172 291 202 256 266 293 244 180 275 219 287 282 175 173 290
464 519 466 441 477 479 473 566 488 433 562 502 510 421 560 544 476 501 563 428
37 1021 1055 1011 1084 71 39 82 1115 1063 992 1092 981 10 1081 83 79 984 72 77
411 443 373 447 414 370 499 477 358 469 497 404 500 402 367 417 468 484 489 480
385 434 351 479 414 433 430 374 406 375 412 404 377 379 435 459 399 483 457 425
91 1104 48 19 66 107 68 84 88 1046 1064 1082 14 117 30 26 13 79 71 1063
85 1088 1091 99 90 1115 1032 1047 1085 98 105 1064 10 1083 1038 1119 50 64 1096 35
1064 1086 1041 1037 82 71 12 50 1057 1104 46 1 1045 4 1106 9 1051 1063 1034 70
1005 1032 1095 9 1059 5 1068 1027 942 936 1018 1006 959 16 987 17 1009 955 1001 1030
201 321 233 249 185 155 324 188 198 229 337 203 354 312 226 338 244 339 306 194
700 732 668 636 706 610 822 655 687 796 761 816 765 763 602 766 811 651 643 696
602 656 547 573 529 546 538 617 604 683 593 548 526 588 568 619 685 627 689 606
65 87 51 1053 94 1 53 23 1081 76 1054 18 12 0 62 115 1113 1116 97 2
656 678 722 570 729 641 573 563 730 603 716 574 560 627 600 638 604 728 594 612
52 1066 1067 78 21 1019 1052 1093 1 8 1016 27 48 1080 1116 1077 1048 59 1070 1034
31 69 1093 47 1114 35 1049 34 1097 51 1080 1101 48 1083 105 1100 39 29 61 1074
905 966 868 959 951 900 886 979 983 1011 892 968 913 957 931 930 998 1010 1008 986
23 57 89 1020 6 1093 1054 1058 9 1073 80 1021 1078 34 86 58 1029 83 60 1043
295 303 355 278 360 253 363 254 282 237 329 322 258 367 312 274 369 319 263 331
362 412 401 422 344 373 397 359 368 299 425 376 449 417 382 448 445 405 415 387
848 884 911 929 940 909 908 754 763 759 933 774 898 761 867 906 857 778 858 823
908 931 865 951 866 997 984 996 898 870 1010 985 905 955 929 976 935 844 906 952
906 958 902 861 997 987 965 917 846 914 1017 886 898 922 889 998 1013 843 885 863
780 868 869 826 785 740 816 809 843 793 787 762 892 764 889 834 829 919 774 908
605 640 677 688 596 592 601 660 576 642 548 675 667 540 556 549 690 694 545 606
444 488 352 426 442 481 460 500 409 477 496 422 511 410 539 414 413 497 513 348
810 881 828 806 821 857 795 937 898 869 894 741 905 762 802 797 842 739 805 757
725 758 754 682 763 853 683 727 767 673 852 699 840 813 741 776 760 703 785 691
1000 1055 1029 1031 1006 1090 999 1014 959 956 1043 1083 63 40 1078 31 936 944 1030 1117
24 51 71 56 72 1089 14 1024 1027 1066 1071 1065 49 69 1092 1068 1097 1070 84 74
31 1105 1042 1076 1017 1067 1026 1112 51 1020 1101 10 66 43 1066 35 3 1077 5 62
542 666 648 506 574 499 670 649 501 551 590 594 547 507 514 627 698 663 704 554
925 984 955 1021 981 908 989 1016 910 915 1026 893 976 998 1023 1005 911 945 964 869
214 244 312 168 237 332 228 181 335 225 186 173 246 268 205 216 276 245 297 328
793 838 726 779 792 764 844 817 894 903 912 888 773 830 907 801 835 794 796 727
201 242 214 292 286 252 250 199 336 285 333 247 334 238 273 267 162 278 240 304
565 667 631 536 555 553 650 573 669 622 527 546 634 704 540 559 616 547 654 603
676 706 669 718 577 600 741 742 623 696 681 599 761 578 562 642 752 559 640 542
919 986 962 926 980 897 853 1022 909 945 941 966 890 981 958 1014 874 959 988 866
85 1080 114 46 1043 38 1090 1038 113 79 25 1028 45 66 86 48 20 94 98 55
818 871 809 851 762 919 839 788 756 914 856 928 749 932 849 785 885 731 735 732
918 996 932 901 850 1012 1041 854 1028 917 976 892 866 904 878 891 972 959 986 1020
304 331 233 192 209 343 297 279 259 370 207 367 311 363 300 291 347 220 345 240
1074 1108 37 1063 67 73 1020 1105 86 42 1070 1077 1065 76 59 1051 1040 1025 1060 1027
52 1089 1031 0 1082 16 23 1032 69 14 68 19 1118 89 1021 32 90 76 29 1057
77 1075 1076 64 98 1062 2 1021 1 57 1017 56 1094 1026 22 65 13 103 51 1080
354 408 308 339 407 377 364 446 329 324 337 390 410 405 351 323 301 402 309 306
503 545 597 561 612 482 558 461 588 498 518 447 477 553 650 538 532 465 510 578
932 997 895 1050 911 1039 955 1028 1001 942 939 905 963 954 1015 979 910 957 994 921
