87 529 539 88 16 479 497 46 519 47 85 547 11 541 520 73 6 129 133 527
95 553 67 40 541 72 88 516 61 537 53 80 519 511 123 57 128 530 547 136
477 506 21 554 2 481 78 28 466 527 553 539 12 538 535 549 81 63 498 520
73 91 505 28 75 137 560 47 127 33 506 117 100 78 558 66 531 42 30 144
74 535 25 62 540 26 110 510 50 6 106 538 47 53 42 24 68 43 13 5
83 103 37 126 29 122 110 53 557 554 7 545 136 17 503 0 152 96 33 2
33 92 71 527 53 110 558 145 541 58 137 529 76 105 560 9 498 528 537 64
474 498 33 486 532 514 499 518 27 554 505 36 478 50 442 40 61 497 520 558
161 187 116 218 220 173 150 144 134 117 221 190 166 135 208 202 154 201 184 111
3 61 489 487 56 63 73 91 503 15 93 75 475 51 18 88 8 19 492 4
115 154 128 189 130 70 73 74 126 165 150 152 129 155 190 127 92 101 163 169
68 539 75 535 520 12 46 44 74 33 99 509 551 527 1 495 513 10 96 549
38 67 524 20 94 510 492 95 112 71 539 548 487 2 546 549 115 79 485 32
283 295 343 318 258 331 359 353 344 301 337 265 310 313 254 357 341 358 342 291
417 441 438 391 457 434 459 393 483 484 408 492 396 478 382 418 389 414 377 410
75 500 457 42 126 39 456 57 558 522 62 547 13 107 544 25 5 125 1 97
6 50 101 52 0 96 497 486 3 1 51 475 494 11 84 39 71 16 35 98
288 299 334 280 312 307 298 354 314 331 268 362 300 283 262 359 301 339 277 321
449 493 23 491 51 547 473 543 22 26 466 432 545 538 42 462 541 410 444 417
88 524 509 72 81 498 47 470 105 6 531 65 63 107 544 540 523 467 57 68
73 538 22 27 85 56 29 481 12 19 484 35 517 102 515 551 553 560 18 96
514 551 476 510 502 77 84 477 539 515 102 460 549 95 65 500 526 475 483 492
507 550 505 522 544 510 460 496 558 100 97 72 93 67 485 557 472 524 479 529
309 366 350 338 395 277 388 290 341 326 389 360 394 359 299 337 348 311 313 315
29 487 68 78 444 443 49 540 83 62 442 76 51 535 486 483 24 38 527 506
19 63 41 9 500 519 102 493 36 43 33 54 13 51 24 92 44 99 490 68
407 433 449 370 443 410 445 458 451 375 434 388 380 378 432 384 473 426 442 425
257 269 240 218 280 284 273 254 219 227 278 293 243 250 226 214 221 234 259 261
429 457 455 411 445 446 447 426 379 477 464 501 459 502 424 468 479 458 484 467
108 170 205 140 62 109 142 91 124 83 147 154 198 77 128 80 139 120 119 555
496 524 499 74 3 479 453 489 83 27 537 87 457 553 12 557 549 93 28 44
464 513 558 554 456 439 531 546 67 436 484 77 450 502 550 552 73 548 493 504
137 178 104 195 91 179 135 151 89 119 161 204 209 193 109 202 164 176 128 141
172 199 165 223 189 149 184 126 232 227 226 162 241 225 211 145 122 192 202 121
493 510 53 460 36 479 42 511 539 456 505 73 542 484 83 6 465 454 469 49
495 549 0 473 49 16 451 543 492 102 57 450 462 22 498 455 51 469 65 52
40 73 117 91 102 535 519 557 560 121 38 534 71 77 48 526 59 90 484 15
96 121 150 545 527 173 558 79 68 560 37 532 540 56 130 123 539 115 94 138
178 216 210 152 251 136 259 247 153 150 208 146 255 246 201 227 257 134 121 119
7 55 487 8 11 22 84 80 86 6 95 62 93 13 49 3 483 0 76 2
310 325 289 350 290 280 297 341 305 296 285 356 347 365 331 278 327 286 357 292
83 555 93 92 518 119 75 121 6 63 9 41 520 533 106 98 495 45 507 26
134 158 113 177 101 89 152 179 114 107 111 185 117 168 190 176 188 178 156 184
171 201 231 128 188 172 113 143 186 220 190 217 124 197 116 229 234 199 147 191
467 499 530 512 490 556 459 481 538 48 525 551 536 49 489 40 502 21 543 5
421 438 412 424 405 407 455 373 483 449 442 440 464 402 436 451 475 376 488 456
479 520 511 488 501 514 453 494 80 9 472 529 70 522 36 518 65 517 477 537
8 496 493 528 62 0 468 44 551 58 480 549 23 514 512 24 488 76 84 486
226 268 201 253 205 292 284 213 293 216 229 236 243 233 193 208 198 204 283 294
77 542 100 561 78 482 534 501 69 512 80 17 125 58 491 54 61 497 59 38
11 53 76 484 95 89 488 63 49 9 8 491 1 27 78 50 100 69 38 477
9 61 486 42 34 73 37 38 477 488 503 50 1 33 62 92 476 3 508 496
453 489 459 536 6 508 34 16 492 3 441 491 509 60 467 437 482 429 38 510
461 518 504 482 68 453 85 555 80 69 536 516 554 502 441 548 505 443 442 448
276 280 258 288 252 291 267 270 262 297 274 245 251 255 309 266 304 286 310 305
440 448 495 485 402 450 457 420 489 426 398 462 488 406 434 401 494 425 496 491
38 80 99 484 76 111 525 518 494 81 68 535 16 526 43 109 60 83 67 42
20 86 87 64 499 83 32 131 69 3 484 557 515 491 24 480 80 109 25 63
157 172 178 208 160 136 188 127 175 202 174 197 180 142 123 124 189 154 203 159
320 339 310 288 355 347 348 368 284 349 334 374 370 346 321 287 313 364 367 373
34 484 525 26 532 71 441 534 522 521 497 446 511 533 515 458 72 529 48 538
143 183 135 115 132 157 195 209 172 145 119 155 198 140 136 170 218 152 138 190
151 175 154 206 144 181 101 202 211 198 102 131 138 123 189 135 178 115 103 98
75 101 548 557 524 116 19 140 133 558 110 513 11 84 127 502 47 88 27 534
294 309 285 304 297 353 272 329 299 268 306 355 295 339 356 312 364 359 320 341
177 200 220 221 169 139 196 157 133 164 145 148 120 240 182 146 219 124 225 216
295 316 271 276 334 320 327 337 325 289 358 310 352 315 356 297 311 348 350 366
77 107 92 41 100 93 541 154 143 519 532 162 168 558 76 9 64 528 161 102
51 90 52 554 10 538 39 540 2 542 141 113 492 71 555 128 72 89 135 65
19 486 525 62 480 538 79 75 528 81 50 5 24 490 477 522 58 457 45 506
83 501 73 528 49 118 59 42 0 530 481 537 471 97 127 27 507 50 542 22
95 558 112 38 546 506 142 74 521 69 533 128 126 68 123 37 551 75 538 113
199 210 195 190 220 248 184 180 219 211 230 178 224 234 188 183 175 169 198 172
434 474 436 514 504 470 399 11 475 461 462 472 413 395 457 415 439 460 418 458
234 261 236 222 207 252 269 257 217 237 212 262 230 267 225 213 277 283 274 211
61 99 539 18 78 127 549 94 136 69 52 30 530 22 545 26 154 132 102 25
519 533 488 549 67 514 65 84 98 95 561 555 474 468 507 541 89 518 547 70
129 179 197 81 102 205 85 122 139 187 145 126 154 96 214 144 213 216 131 200
44 481 540 38 46 504 507 80 515 18 24 71 533 510 97 459 42 501 438 492
175 204 124 123 125 183 239 173 210 170 164 200 225 174 154 244 209 128 167 229
86 517 520 516 76 495 36 468 89 61 492 551 476 498 66 128 20 129 123 47
407 443 387 414 395 383 404 446 484 420 411 384 462 410 482 488 452 392 415 427
519 550 491 539 89 484 535 94 486 469 96 511 487 496 93 543 506 83 545 474
524 557 464 78 473 546 525 497 537 68 522 536 76 511 530 514 472 550 521 493
378 402 439 374 343 420 384 372 424 388 338 348 367 375 418 421 434 337 353 354
158 181 113 205 214 108 168 112 120 206 144 126 178 122 138 104 215 199 194 142
507 532 526 96 477 534 100 90 76 458 478 537 542 469 499 60 551 500 463 545
236 248 260 261 196 212 215 256 276 268 229 265 258 214 277 218 195 230 278 226
343 362 360 390 318 327 364 387 377 322 345 383 302 306 289 299 312 309 300 338
71 544 44 531 524 67 2 484 497 65 76 58 549 486 518 46 534 56 40 538
368 380 410 429 352 377 342 355 394 397 345 326 371 334 378 369 420 424 353 324
0 480 458 5 8 439 35 457 492 28 528 66 491 4 483 441 525 6 517 47
68 99 559 535 150 58 64 74 511 539 5 146 149 125 52 107 67 148 53 78
302 334 288 300 281 319 320 293 365 295 275 287 354 309 307 272 314 340 280 345
96 123 63 95 160 46 109 527 546 72 131 43 116 117 145 557 153 531 48 150
143 177 185 118 127 117 110 147 90 135 152 167 123 197 214 97 125 119 184 158
114 133 102 97 144 83 108 101 158 77 81 129 117 90 159 139 165 146 78 73
416 448 414 465 482 447 485 409 489 483 417 383 453 466 387 433 439 438 402 441
409 442 479 471 486 370 440 431 392 414 484 446 412 426 475 413 430 480 444 375
269 279 298 309 294 300 253 232 303 250 243 295 304 236 228 284 308 286 268 235
199 234 252 190 192 237 184 189 236 169 254 260 216 215 265 256 175 206 259 261
56 491 55 100 86 447 90 58 20 548 494 13 83 101 513 512 442 450 453 45
26 49 491 76 478 11 74 54 492 81 58 83 94 73 66 90 485 502 91 489
25 68 100 51 551 83 544 42 540 522 19 106 99 12 536 48 13 84 520 541
375 414 418 423 333 344 378 382 439 443 440 348 391 449 436 422 398 430 419 460
94 109 136 50 526 559 537 33 540 124 118 78 53 93 44 522 132 156 126 46
229 252 242 262 246 221 232 213 219 280 268 249 251 241 267 281 222 207 206 188
52 92 521 558 98 118 73 0 539 549 124 546 82 34 501 35 556 523 530 69
201 239 189 262 253 165 198 275 180 255 272 173 210 169 187 216 197 207 204 233
339 365 379 314 331 321 294 292 317 370 387 383 310 315 327 288 290 368 332 297
365 397 389 311 387 307 419 368 354 317 394 388 366 434 423 329 367 320 431 334
367 397 439 317 411 413 386 368 385 374 433 421 316 348 432 324 314 435 427 341
318 356 294 346 367 287 368 371 284 332 379 307 319 313 341 292 329 372 315 370
49 81 93 530 31 504 512 121 17 56 6 96 496 552 538 89 35 30 21 109
467 497 526 460 48 537 32 56 52 40 521 543 474 546 54 58 431 2 506 63
84 120 547 552 158 159 164 175 503 524 171 28 56 550 538 549 149 139 148 157
506 522 69 548 84 527 507 86 88 549 554 545 558 61 458 480 72 489 537 523
274 300 336 337 330 252 319 286 250 333 259 338 261 244 272 351 255 362 288 246
7 62 99 498 95 19 83 32 92 479 11 65 5 33 108 80 496 476 483 107
179 201 233 218 151 238 176 235 145 202 134 146 137 177 221 207 194 175 223 184
1 58 102 100 486 502 53 89 23 98 71 41 104 87 19 75 499 95 57 10
511 557 499 98 101 67 515 76 556 552 493 529 480 523 524 497 558 538 503 495
218 243 227 196 250 269 258 185 195 205 233 179 210 213 267 204 182 249 277 264
177 189 117 153 222 127 173 225 212 145 141 220 162 223 193 151 158 196 191 224
173 191 170 146 151 138 177 225 171 124 134 216 200 203 154 228 131 224 222 197
375 397 336 360 376 350 361 416 404 425 398 362 378 352 389 388 410 392 391 400
477 530 7 27 66 101 527 448 485 486 493 454 449 446 79 560 495 440 494 77
370 393 421 336 364 400 355 363 349 415 414 407 365 357 379 375 334 372 354 352
460 501 521 463 522 487 498 58 524 515 519 520 79 450 482 531 441 471 518 494
413 431 385 410 459 401 473 414 404 470 418 433 391 407 437 394 397 454 386 441
450 462 458 440 403 402 518 493 516 485 497 494 441 460 473 454 511 488 424 422
67 504 63 533 500 74 27 517 531 80 11 76 518 559 23 464 520 84 79 43
73 530 51 543 21 554 506 508 551 509 100 480 42 81 536 6 525 46 5 532
35 94 133 114 86 554 138 132 548 534 3 8 106 535 546 9 500 139 34 87
264 274 226 286 302 266 298 281 277 260 292 261 288 247 301 306 224 284 249 232
182 222 236 155 132 174 205 265 192 176 202 147 247 234 212 233 150 133 245 146
311 344 299 362 282 313 312 363 309 358 345 366 285 289 332 292 302 346 367 319
493 540 49 69 549 14 547 443 512 11 24 534 524 81 445 8 48 25 101 532
418 448 494 410 461 432 464 433 474 383 387 412 457 465 394 422 496 406 426 427
104 126 106 95 64 66 159 118 156 146 132 99 112 163 128 172 100 561 153 83
71 99 97 553 536 532 106 524 119 137 135 69 61 59 77 4 91 82 555 35
397 437 425 426 453 450 457 430 427 366 467 368 468 454 458 472 422 449 435 414
18 487 51 532 57 457 456 24 6 16 67 43 82 52 30 73 59 479 480 42
79 519 550 71 110 51 552 70 481 520 82 506 475 536 120 530 20 100 478 97
398 415 405 395 424 443 403 365 457 381 439 390 409 429 392 450 456 410 374 373
523 546 65 89 67 470 68 552 104 86 66 70 524 490 500 508 512 478 548 516
321 352 285 304 326 328 330 372 350 314 347 361 367 286 322 370 295 345 324 375
365 399 312 426 429 322 369 410 394 341 372 398 397 323 374 379 325 418 340 387
378 405 372 367 402 452 403 439 434 431 421 412 423 346 383 382 413 416 350 379
373 390 418 362 368 423 369 387 348 408 426 397 425 363 419 406 400 374 364 403
