1418 1484 1392 1496 1422 1454 1405 1443 1538 2152 1476 1773 1352 75 1373 1535 2159 1504 1329 1780
305 1974 2034 453 237 54 131 419 130 380 1925 414 265 2021 2113 301 125 234 2025 1950
317 400 2002 2011 226 318 447 298 427 365 352 310 251 2015 272 2032 380 315 1992 225
1887 1919 1658 1932 1890 4 222 1895 92 1714 21 1866 211 1691 98 171 239 1789 1947 284
31 46 1882 1922 2006 2117 1941 43 99 2010 75 2138 79 141 1784 74 138 270 2125 2303
707 758 757 717 740 642 1073 577 573 709 593 605 608 565 508 530 773 1121 590 764
977 998 954 1110 1037 882 860 881 772 1291 1253 1262 1023 991 797 1082 1098 826 1039 1210
853 969 845 1083 945 1144 802 967 985 1143 810 839 801 1048 811 869 840 1170 968 1081
198 235 149 1976 200 366 317 1958 2286 2244 285 1944 232 6 2041 258 1990 110 351 227
555 689 566 497 560 758 598 738 510 629 575 759 446 556 665 683 513 478 599 679
935 1025 907 803 1185 834 1180 1092 995 1302 870 862 1193 1042 1200 826 837 1272 845 1262
179 2220 2060 216 2279 165 2137 2012 2181 117 2042 2183 2079 2230 150 2001 2317 1900 2194 2068
263 1979 2308 2019 2077 85 2042 88 1945 1972 303 109 191 1913 2047 1903 2279 46 286 214
2114 2220 205 2123 180 1930 120 2134 2072 2082 2112 2129 2299 156 122 2238 1939 2143 154 2127
1656 1807 1601 1733 1604 1692 1859 1664 1507 1796 1787 1837 1512 1782 1668 1824 1781 1698 1899 83
386 458 348 217 225 468 319 252 385 220 335 322 424 416 561 241 340 318 261 465
234 2105 381 235 2230 227 139 2238 409 240 185 2272 2037 1935 2116 321 1946 267 225 34
20 1898 1907 45 22 266 1696 48 100 95 1658 2127 1803 1787 1641 1980 1903 125 120 284
642 682 708 729 717 789 702 607 543 725 683 473 788 672 603 707 481 771 645 484
1224 1287 1378 1221 1278 1286 1104 1259 1147 1065 1117 1158 1251 1306 1174 1360 1211 1299 883 1274
1388 1520 1798 1407 1367 1371 73 1384 1493 1396 1628 1366 1553 1440 1625 1792 1487 1289 1676 1277
982 1145 945 1212 785 1097 832 1259 1182 1301 1258 1108 1240 1171 1021 1045 1146 1184 950 1257
386 2027 383 147 288 314 405 2015 1961 243 430 341 236 277 444 1987 259 148 428 286
877 986 1039 782 841 1020 1028 950 939 994 1006 795 852 1191 1195 976 929 988 784 1107
828 987 1082 964 885 1022 1091 965 855 1102 1051 843 948 1059 792 847 1162 809 1020 771
154 203 157 1943 301 2282 2281 1935 2203 1911 1998 2011 1938 2284 2023 286 2246 249 205 1917
1514 1642 1457 1476 1774 1831 1783 1811 1385 1558 1694 1744 1754 1790 1534 1813 1768 1708 1758 1492
80 100 2318 1932 1900 36 1770 1990 266 44 1700 1779 1902 1691 74 1940 2065 1716 1883 20
1761 1811 1621 1732 1733 1606 1530 1745 1908 1843 1898 1614 1755 1892 1523 1795 1666 1681 1633 1887
1068 1158 922 1140 1041 876 1298 827 1057 1143 1008 1202 1094 861 986 1248 856 763 1074 889
333 1955 398 437 414 2306 2315 179 288 210 452 183 100 252 1970 346 220 248 2074 272
1715 1902 149 195 116 1811 1916 74 1665 1920 1812 1862 1785 1639 115 1628 18 1754 110 1836
786 1041 1176 990 811 1172 1042 968 962 688 767 653 1130 1296 1129 1214 906 1151 992 635
1731 1765 1815 1783 1623 1644 73 1879 1806 1810 2150 1781 1658 1751 1899 1812 1721 1827 1732 1843
1315 1433 1528 1338 1477 1164 1498 1494 1242 1202 1335 1251 1264 1526 1456 1519 1187 1533 1459 1410
1042 1185 1005 1291 1138 1139 912 1178 1265 1193 1099 908 1213 1155 1395 1240 808 1077 1347 1341
8 155 11 1914 1895 135 1711 151 2115 2282 163 2016 207 283 1935 179 22 275 2296 1707
742 762 702 796 738 692 774 1051 1122 772 756 618 1137 703 1123 621 759 606 1116 1054
765 1090 734 1142 723 733 1089 741 781 736 740 739 705 790 798 708 696 915 1163 745
670 698 617 630 724 786 672 555 632 511 769 725 532 603 757 552 807 684 638 615
85 2118 1936 198 159 2135 202 2274 2143 2185 1989 203 1998 1924 15 1982 2287 2002 2293 1895
1926 1951 2297 252 189 2112 268 81 59 89 284 1919 1939 235 61 220 2070 237 96 2293
744 1110 690 1112 723 720 695 773 1213 767 1030 1004 1229 748 777 728 1102 1122 995 1070
196 2012 2196 214 268 2232 2130 233 2034 2014 105 7 166 20 2224 284 1951 286 190 302
2129 2160 2206 61 2082 2150 2152 2276 87 200 1490 26 2143 211 2231 175 2121 186 213 2159
117 2001 339 212 2079 2300 196 1711 115 2053 263 2087 91 1703 40 220 188 330 321 1720
126 2052 150 1889 205 1985 146 272 1986 206 1972 1971 2065 1977 107 45 156 302 1924 2011
970 1181 917 912 1007 946 1295 903 1140 1083 1374 871 1176 1161 979 1360 1316 1333 1170 945
1552 1620 1591 1636 1572 1534 1547 1846 1543 1655 1837 1813 1806 1517 1644 1863 1519 1797 1663 1673
1312 1398 1417 1471 1214 1240 1437 1476 1317 1261 1268 1356 1507 1227 1488 1376 1386 1305 1383 1273
1994 2310 127 230 2038 2106 2122 1957 1976 208 2136 1967 2297 2086 21 322 2070 48 47 1935
143 223 124 2106 199 2024 294 282 2114 227 347 1923 2261 2097 2122 336 226 383 215 329
782 963 1004 887 688 929 1154 969 831 681 1055 918 871 1033 761 838 1054 756 799 798
1394 1466 1392 1398 1391 1400 1361 1338 1463 1477 1487 1372 1420 1501 1471 1538 1428 1314 1369 1454
1431 1478 1386 1429 1359 1301 1495 1453 1496 73 1472 1542 1186 1340 1459 1396 1481 1318 1782 1499
1199 1309 1409 1089 1300 1070 1043 1303 1371 1187 915 1254 1439 1027 1239 974 911 917 1134 920
1119 1133 1251 763 1089 1147 1221 1152 900 1047 1141 1007 996 1201 896 1150 773 1088 1044 1050
1302 1389 904 1416 1351 1258 1510 1346 1222 1211 905 1197 1245 1385 1434 1171 1457 1513 1361 1442
169 2293 1940 2089 2122 1924 251 2299 2127 114 2195 2014 2184 1925 126 2109 117 156 2316 1961
772 820 688 793 866 1078 905 951 996 746 953 1089 1077 698 911 756 692 837 791 875
831 1162 865 833 1180 828 786 1148 917 980 1151 1221 1156 1078 815 1063 1081 1269 979 1251
242 1927 173 69 239 1922 139 174 331 270 2122 1885 1907 1942 166 1991 74 275 235 1887
169 2056 1984 186 226 130 280 2234 216 1932 290 2059 102 22 148 120 2073 1967 1971 282
618 693 497 710 658 566 697 626 508 587 586 661 530 524 643 650 683 702 624 559
2005 2066 140 2285 2073 144 218 327 308 2266 305 154 184 346 160 287 1993 2034 343 240
29 2053 1951 2094 234 118 1972 1798 2039 2302 2120 2076 78 2309 136 274 1873 65 0 143
149 2075 1956 2132 2248 291 26 1870 1985 268 1971 202 154 2304 2309 144 1994 2073 147 1969
516 715 750 575 544 545 694 559 618 645 696 536 747 546 508 643 743 580 478 472
901 927 898 922 791 917 1153 858 1291 871 1026 773 877 770 1042 935 849 1210 963 804
579 733 601 595 775 563 704 732 537 604 691 543 603 498 611 474 610 777 554 638
1028 1221 804 990 1185 898 1259 996 1273 1096 1123 875 933 1302 1190 1130 815 1277 1275 927
1305 1420 1388 1353 1416 1428 1269 1327 1316 1262 1355 1221 1407 1474 1368 1241 1277 1514 1402 1196
1978 2009 128 1914 2035 308 318 1920 127 294 2005 4 50 178 317 2071 2031 109 262 7
2175 2237 2155 2203 2222 2185 2160 2195 2248 2223 2144 2258 2261 2272 2314 2244 2306 2083 2145 2255
138 1689 1800 1918 200 92 2299 1754 1745 228 75 293 273 1868 1642 11 239 57 1880 1983
310 2009 20 315 422 339 106 185 2033 211 229 155 145 188 29 2039 239 1985 2052 395
158 1970 40 213 150 238 203 102 2028 196 189 2115 38 2133 51 2240 157 45 208 1993
1685 1768 25 1625 1811 1873 46 81 1772 18 90 1807 134 1725 80 1678 1891 1667 136 1734
1006 1164 1010 822 863 1116 1192 1125 937 1092 1031 1016 999 780 883 939 1111 1180 1083 931
1145 1206 867 1283 910 1351 1057 1354 968 1093 1033 782 893 1187 1156 1037 985 1139 988 1273
1148 1268 977 1196 1055 1018 1021 1274 1394 1359 1217 1165 1237 1193 904 1216 885 813 1078 1212
89 1973 1999 331 2129 46 162 144 2055 26 1691 1926 1696 1963 2132 333 1683 307 2281 101
180 2081 274 2139 2219 2074 2018 134 2082 2096 16 1914 2152 264 263 2237 2243 200 238 240
173 1927 79 2293 154 11 136 2093 190 172 226 150 1905 2106 135 255 2143 1951 287 2184
1199 1271 988 1179 1083 1174 1242 1025 1136 1070 1366 1308 980 1294 1015 892 1283 1291 1370 1185
16 67 1477 43 1781 2048 2116 173 1936 262 1681 1941 269 1667 1898 2120 1883 84 2108 1983
34 1946 69 1904 1927 198 197 2142 260 118 215 2064 270 1980 1986 2009 284 2000 1925 1875
102 114 1910 65 22 87 272 2084 76 51 291 2061 1961 47 1889 2113 229 2081 184 242
1418 1472 1397 1484 69 1352 1467 1477 1450 1368 1503 1436 1499 1465 1385 1463 74 1532 1497 1386
2196 2275 2157 111 105 2294 2284 2073 160 238 179 106 167 2174 217 2207 239 2153 2148 2187
383 480 594 254 689 250 332 452 552 481 504 478 652 391 647 535 379 220 2030 335
1932 1972 1871 292 95 265 50 2122 2065 1960 340 1877 241 2083 192 293 302 146 212 92
1910 1954 118 2311 2045 1777 1950 268 255 2116 1917 2298 2049 1886 248 122 277 42 1685 223
16 2044 203 2072 256 264 107 221 154 1667 340 278 332 189 2007 60 2305 1668 1688 61
167 2213 2129 1897 292 221 2203 269 2052 2111 228 2200 2271 1910 1968 243 2003 1902 1924 230
540 705 572 647 755 534 506 658 569 423 708 759 737 474 754 760 762 703 697 721
998 1116 761 1027 1286 779 1044 773 1095 766 910 901 1263 906 878 1019 1149 1283 1050 1098
1333 1468 1338 1301 1523 1389 1452 1466 1318 1544 1407 1170 1435 1187 1371 1203 1450 1244 1530 1287
1225 1257 1231 1351 1309 1363 1012 1235 1334 1336 1339 1074 1060 1298 1138 1009 1274 1243 1019 1189
822 883 816 960 1051 1134 1204 879 1294 786 867 1192 1291 1175 899 954 1162 1171 952 880
864 968 811 1180 879 1024 1150 829 787 816 822 832 823 1000 1168 841 904 918 1183 981
1012 1085 928 902 1094 927 913 1239 1257 1145 914 920 1103 1032 898 1172 1113 1157 1228 1233
889 1212 843 1259 1260 1194 1200 1144 904 1349 1270 1034 1263 859 1339 1151 1059 1326 1264 947
343 407 441 269 361 402 2027 294 312 276 1996 329 2035 2028 236 469 315 386 442 448
767 1107 776 1218 811 696 1000 703 683 982 780 1210 1089 1146 749 680 733 1241 990 688
1674 1783 2177 1799 1735 2153 1505 1476 1726 1617 73 2159 1856 1910 1527 1885 1688 1673 1890 65
901 1039 1049 1001 1269 1069 1101 973 1129 1081 828 906 1291 812 1027 784 1143 1172 1193 1146
41 146 1952 2116 2053 2295 1869 2012 2050 12 38 2305 2055 2315 1916 1921 221 2316 35 1941
58 1932 68 1793 1970 231 1955 1689 56 2140 1870 226 254 1950 155 95 265 249 1959 147
816 1000 883 924 778 1154 976 828 1138 971 1254 1252 906 1186 1182 813 822 901 1249 882
221 408 483 220 418 459 412 4 121 2024 390 253 484 267 2281 2048 2016 372 257 244
1031 1060 1058 1057 1205 891 899 1282 776 778 1279 1044 1215 819 1185 1241 1153 764 1130 882
932 1028 1041 1110 1030 1156 920 1126 1147 1099 793 1246 1100 1148 1263 952 890 934 891 845
1882 1933 1746 1656 1963 1915 165 1761 1909 2303 1910 26 250 1930 195 1892 2011 183 150 245
1643 1888 1898 23 1879 1785 1666 1505 2151 1632 1521 15 1723 1534 1823 1774 1816 1738 105 1922
147 2069 2281 268 144 1934 142 105 2317 131 1941 107 222 188 135 2246 2041 1967 2042 264
1288 1334 1314 1182 1147 894 1280 1391 990 1198 1146 1210 1318 1209 1235 1284 1233 1386 1256 1279
574 623 722 699 575 676 697 479 576 500 542 597 515 718 518 547 674 611 680 550
1106 1216 1191 1277 1298 1072 1024 1022 1066 993 1084 994 1294 755 1055 1292 1081 1003 1197 1045
108 2315 273 215 90 292 48 12 159 1930 2053 249 1954 2068 113 275 281 2284 2265 2073
370 451 360 282 232 555 286 440 234 227 273 374 328 477 411 219 222 445 549 275
1766 1879 1643 1814 1795 1924 1675 1668 114 71 67 66 1750 2150 12 1657 1525 1901 130 1765
157 2144 2099 256 2265 2289 2161 2229 205 19 282 1928 285 2177 23 2303 122 2226 266 2105
489 584 641 516 545 556 484 473 512 391 524 420 514 490 528 698 519 488 417 736
161 1975 289 259 270 1924 137 2271 2085 125 1992 1965 42 338 2026 1905 2076 1949 209 139
34 1980 1948 19 1972 206 2084 43 1901 119 2072 1880 1715 266 125 2302 1956 118 96 28
1051 1095 1087 1160 1097 756 1159 1222 999 1119 888 1010 1086 877 1230 1118 1153 911 884 970
860 905 957 884 827 1285 1077 1045 786 771 773 1069 824 1017 980 1015 918 794 825 862
587 712 500 698 737 575 618 692 536 518 525 763 527 524 585 589 591 616 586 640
777 817 875 971 921 1149 770 819 1157 672 969 1151 1040 988 1081 829 744 792 1029 1013
2045 2319 1923 164 2277 166 2115 237 304 2048 2029 2006 2064 2318 303 2280 352 197 2020 2205
3 296 216 28 63 210 29 1985 1878 2018 1898 2077 2031 2103 301 361 2041 358 1941 429
1792 1818 1803 1758 1629 1698 1854 1540 1805 1778 1598 1857 29 1690 1636 1643 1528 56 1595 1722
109 2298 1938 1969 2242 2067 41 187 2291 2118 1879 21 2204 133 2307 2064 135 281 2295 1882
823 955 990 798 979 866 900 1021 1155 787 772 981 802 893 774 842 1005 794 784 1158
1000 1197 997 829 1100 1121 1324 1212 1118 978 1024 806 1007 994 1294 1144 1103 1325 1223 1064
224 1949 2310 2312 306 192 2014 290 178 335 398 265 2104 2090 280 2009 370 2089 251 2031
930 945 1181 892 825 907 904 1156 1155 1029 1154 1011 1048 868 817 784 841 891 997 889
1652 1864 1717 1634 1603 132 1810 1897 64 1504 1829 1699 1768 1698 1710 1502 1776 1888 1832 1893
2092 2315 2286 2122 2232 2311 255 2226 2118 2096 2228 2317 268 2100 1972 155 141 2249 1936 2216
920 1188 1003 1353 1059 996 1019 1218 821 1243 870 1037 910 1168 796 1060 988 1020 1048 1384
112 152 287 85 1705 2075 273 160 2087 27 2045 223 227 1939 122 54 1899 26 1915 165
1612 1831 1655 1589 1662 1600 1853 1700 1703 1813 1717 1547 1710 1835 1851 1548 1857 1757 1563 1815
752 1124 1143 1086 694 1132 1131 727 1228 1062 1134 1232 1057 779 1073 999 1010 703 775 1068
351 2042 340 330 1961 2002 2006 223 168 390 229 2315 151 109 217 14 345 407 391 203
2202 2317 2224 2275 178 2176 2174 2218 199 1958 268 2276 2074 148 2002 198 121 168 144 1970
227 2122 2135 2013 2077 2217 1984 1966 2169 135 2140 2080 317 2242 2286 259 236 320 297 2030
1199 1219 1257 875 919 1091 1067 1245 992 1192 1243 1119 1082 1292 1128 926 890 1052 1184 1152
1317 1384 1440 1229 1452 1295 1417 1368 1371 1289 1370 1325 1469 1532 1176 1207 1505 1294 1238 1473
1162 1213 1185 1333 1330 1236 802 1043 1259 1231 1090 1116 980 1267 1078 1312 983 1340 813 1092
