984 1004 1152 1145 1192 795 1195 985 892 1025 822 864 1017 1203 810 782 963 882 989 966
196 954 1182 1265 1193 898 184 963 975 1257 160 1185 923 859 1269 976 934 1266 205 978
1776 1808 1798 1907 1775 1959 1830 1806 1938 1837 1984 1966 1790 1802 1749 1777 1905 2601 1926 2596
2107 2311 2193 2322 2362 2334 2135 2112 2290 2480 2293 2324 2536 2182 2200 2478 2190 2100 2526 2108
87 433 59 2804 2818 401 112 2824 2886 2885 390 2841 53 90 2889 428 2877 2803 85 84
322 1369 355 1377 336 1340 1347 348 1353 1348 1412 1427 1360 338 308 362 1413 1359 278 335
218 903 175 947 856 201 1240 1269 921 927 228 1275 1253 891 910 895 871 1245 1228 919
2373 2440 2492 2454 2361 2473 2493 2524 2449 2441 2526 2352 2436 2406 2459 2491 2477 2421 2507 2452
519 549 637 524 626 486 578 514 563 631 675 526 591 464 697 698 695 565 508 521
302 1363 271 1340 1406 1354 1391 264 299 1398 1362 1383 334 1356 318 1378 1373 266 313 339
886 1163 962 902 1304 857 1252 972 922 822 190 987 1161 1125 936 1303 1030 854 1300 1027
568 685 510 525 596 646 664 698 711 531 635 641 606 572 736 528 668 639 689 703
824 838 959 943 741 813 811 881 1010 1277 1162 743 807 954 1181 942 937 759 1003 843
1039 1134 993 1279 1004 1102 1168 1142 1165 1140 1288 996 1052 1090 1105 1034 1008 1117 1144 1295
420 452 504 65 485 71 48 42 455 43 34 39 421 471 473 84 433 511 517 482
488 679 688 646 645 696 456 694 605 452 631 653 647 474 504 550 517 481 612 695
604 713 676 622 586 580 590 664 738 667 699 612 654 653 658 587 578 574 601 734
214 1183 850 133 1192 246 903 1147 207 943 1182 985 843 953 896 973 932 912 964 1190
222 890 212 828 1170 898 973 1178 911 1270 855 208 963 1219 1193 984 1257 940 1174 987
1857 1901 2860 1812 2640 1863 2834 2658 2812 2789 1855 1961 2682 1848 2791 1870 2866 2827 2654 2657
4 1424 335 341 1418 30 1412 1495 1422 395 1513 1457 32 1493 357 1430 2 317 1503 39
2480 2520 2482 2406 2391 2085 2388 2521 2543 2341 2106 2064 2472 2398 2533 2491 2392 2578 2400 2449
200 217 869 966 1181 1270 1298 867 1192 131 194 890 1312 165 874 176 179 1261 907 127
891 974 1140 845 958 910 220 211 1282 222 903 1206 1183 885 970 209 898 871 945 1218
1251 1272 1151 228 1238 188 899 911 925 988 880 1202 983 906 903 973 1219 918 1198 1247
850 924 889 876 1230 1215 845 1300 939 949 897 899 854 837 953 830 851 204 1190 1007
892 909 876 864 815 854 210 1181 978 1263 994 1252 930 879 936 1190 1235 926 966 1184
514 542 665 505 459 676 533 651 513 561 523 458 463 506 575 548 685 464 648 495
89 2881 433 2663 2814 55 67 88 97 77 95 110 2825 2819 2799 2821 2655 64 2874 93
11 22 1441 3113 1445 1405 1487 412 1437 46 3155 366 39 3115 1479 1500 356 3103 407 1412
1921 2641 2652 1775 1785 2685 1893 1797 2622 2606 1818 1929 1897 1792 1798 2596 1870 2833 2602 1873
214 968 914 978 1254 967 889 217 851 844 915 1201 132 1248 141 239 995 896 938 232
2160 2494 2395 2155 2463 2530 2317 2532 2331 2184 2079 2119 2169 2128 2146 2369 2197 2070 2096 2313
55 385 3168 3114 53 1437 1464 1452 2907 420 2897 2815 49 45 67 383 418 433 3164 436
1856 2692 2668 2711 2797 2855 2708 1929 2819 2762 2713 2665 2663 1944 2846 2834 2808 2675 2755 2746
209 872 820 948 991 229 236 1172 1304 1295 1263 929 181 1312 983 913 1199 133 1252 206
74 394 1461 428 446 110 442 1445 1453 361 449 412 438 1446 451 70 407 2908 2890 2896
2054 2489 2325 2136 2146 2359 2367 2127 2328 2097 2061 2419 2358 2387 2104 2380 2487 2497 2344 2037
857 1150 830 959 1285 798 935 920 835 826 1018 780 1047 853 1057 1270 887 781 977 947
93 2826 61 2659 2899 2666 2896 106 440 2810 2905 72 2824 1859 111 2783 75 2912 2892 91
644 670 635 588 579 470 680 595 651 476 494 507 495 590 584 604 479 616 541 570
2112 2515 2110 2385 2295 2546 2135 2577 2146 2369 2335 2205 2149 2301 2031 2574 2491 2337 2201 2538
1206 1280 890 1014 1283 216 872 187 1273 1158 949 1310 1204 834 848 1038 958 1183 180 944
2670 2815 90 2673 1867 2680 2841 2834 2832 1844 1847 1877 2915 2909 59 1911 1902 83 2781 1841
1243 1276 1248 1188 1305 193 1134 993 1028 872 961 130 1312 1193 1242 990 1022 1262 902 1308
2202 2321 2160 2356 2182 2095 2148 2212 2103 2115 2184 2201 2170 2302 2508 2166 2511 2221 2298 2325
1863 2796 2791 1857 2827 2889 1862 2918 1950 2605 2692 2845 1951 1906 1934 1835 2788 2625 2652 1904
721 760 607 710 628 605 813 825 759 756 778 762 680 626 612 843 840 559 601 720
2079 2533 2169 2502 2549 2570 2132 2482 2015 2585 2060 2147 2118 2020 2491 2188 2161 2168 2347 2191
1549 1583 1545 1537 1608 1627 1609 1540 1641 1582 1519 1536 1599 1554 1592 1630 1520 1563 1613 1623
3043 3068 3020 3024 3054 3091 3050 3006 3089 3022 3073 3061 3047 3069 3016 3013 3031 3042 3004 3085
593 672 516 489 626 563 504 637 655 582 608 620 565 544 664 647 594 479 627 683
848 981 831 1008 931 881 928 1176 797 956 1022 796 836 979 903 960 858 1296 832 872
1066 1156 1108 827 839 823 1111 846 964 857 1294 1000 814 1152 824 1016 1009 1285 1039 1126
854 956 1218 1309 785 850 870 1294 207 202 1203 853 1287 942 879 897 973 1192 913 933
54 378 57 1438 103 1445 1476 41 2891 380 2817 2870 97 2804 1460 39 426 2851 1434 401
2382 2429 2447 2521 2464 2502 2386 2508 2493 2456 2422 2390 2467 2480 2494 2407 2461 2353 2470 2352
795 840 997 978 1159 959 1167 776 873 743 782 825 1010 942 1092 963 819 862 887 843
23 1426 406 1407 3103 44 371 380 361 4 1433 3 15 3102 3116 38 1410 374 3162 1512
939 1246 1281 1165 1266 934 1267 211 178 936 237 1313 1303 857 853 223 228 198 1187 1202
1713 1975 2009 1924 1763 1749 1918 1672 1799 1988 2011 1689 1768 1712 1714 1688 1690 1686 1724 1984
875 973 833 939 993 185 829 891 1160 1181 211 1282 785 207 1192 1187 916 1203 817 205
22 1442 2950 24 1406 414 366 2927 1411 386 3104 40 1488 2 3115 1432 362 53 1418 49
1697 1733 1695 1965 1751 1662 1745 1679 2005 1994 1702 1735 1739 1734 1782 1692 1967 1954 1971 1683
2341 2505 2531 2059 2473 2093 2516 2082 2389 2315 2201 2400 2486 2552 2380 2035 2185 2172 2483 2494
575 600 679 543 705 665 650 711 622 628 553 673 540 728 652 580 642 527 587 640
1466 1497 369 3109 3121 1491 1441 1496 390 8 1 413 1447 399 387 1498 3122 1487 3113 1429
1781 1825 2619 1789 1903 1732 1798 1951 1925 1745 1901 1829 1783 1845 1996 1739 2602 1992 1889 1819
2482 2505 2529 2029 2417 2428 2539 2171 2487 2503 2028 2569 2081 2138 2560 2473 2466 2073 2030 2107
1416 1471 319 392 372 1486 1424 338 358 9 14 3114 390 399 1399 1396 1456 0 1493 400
563 684 754 670 719 502 656 604 605 618 597 591 524 473 639 650 691 584 675 620
1129 1141 1082 1054 1099 1148 1283 1116 1081 1107 1303 1069 1191 991 1187 1033 1120 985 1085 1061
2286 2302 2293 2270 2287 2281 2122 2121 2214 2137 2182 2146 2200 2105 2268 2276 2209 2225 2321 2315
1443 1473 383 342 1491 373 1481 1455 2951 2962 2952 2 1484 1467 39 1409 31 1425 1499 402
2294 2304 2167 2342 2293 2166 2270 2221 2121 2113 2095 2229 2200 2103 2305 2312 2097 2289 2298 2156
37 1475 383 1434 3130 3146 3161 1466 4 363 1437 3123 3133 1507 0 1454 373 401 431 419
1276 1299 258 256 854 1203 845 1171 170 1317 208 898 1251 1242 209 1215 174 1030 197 1240
2466 2489 2350 2382 2396 2391 2102 2037 2388 2092 2465 2180 2162 2166 2493 2315 2059 2193 2530 2328
1882 1951 1739 2570 1757 2593 1938 1820 1987 2581 1877 2574 1972 2625 1740 2628 1781 1978 2607 1845
2787 2918 2774 2872 2875 2847 2648 2844 2650 2814 47 2898 2786 2671 2674 2825 2925 2696 2880 2747
737 778 805 851 755 749 716 708 802 695 846 833 704 830 809 684 817 811 694 715
2788 2893 2860 2810 2650 2903 2694 2824 2851 1855 2895 2879 2920 2690 2835 2821 77 57 2784 91
48 1451 2801 65 32 97 2808 94 1469 2916 15 68 2908 352 373 1484 1474 36 2863 1449
2162 2196 2353 2329 2321 2294 2521 2094 2512 2311 2184 2300 2293 2298 2304 2149 2067 2299 2511 2148
2121 2151 2552 2311 2180 2064 2325 2479 2314 2553 2188 2333 2105 2513 2108 2147 2322 2499 2534 2557
533 677 699 690 612 626 537 539 467 659 509 581 559 663 570 503 609 529 583 604
51 389 2836 2830 391 2844 2798 7 2913 1460 356 56 437 12 81 3119 4 94 54 1473
1562 1578 1561 1525 1651 1595 1644 1624 1589 1523 1652 1610 1618 1534 1536 1527 1563 1580 1602 1552
735 751 768 818 753 834 791 576 762 766 578 798 810 774 820 707 811 693 789 828
926 1202 935 957 194 1239 1321 864 1260 206 1319 1179 1286 989 869 931 961 954 247 1291
243 1282 1225 268 213 1271 1350 927 842 1337 1202 985 1219 943 863 1134 997 1024 930 228
1425 1514 19 1528 1521 376 356 1473 347 1399 354 1450 1427 1504 1420 323 1414 1453 346 318
2476 2515 2348 2144 2161 2396 2567 2039 2462 2393 2538 2498 2031 2360 2539 2344 2464 2154 2119 2086
1004 1192 993 1285 962 1167 799 1007 866 1295 1024 819 1315 222 1195 1132 913 224 825 790
1199 1239 944 1184 877 977 1164 1018 1280 894 209 1171 993 1147 1233 899 225 950 1236 1257
721 742 768 791 567 569 720 799 813 820 619 713 594 604 764 752 724 801 575 809
1764 1819 1837 2596 1757 1888 1981 1774 1756 1972 2595 1917 1795 2604 1840 1891 1829 2592 1967 1793
1893 1956 1862 1892 2587 1912 1960 1965 2596 1872 1943 1814 1799 1731 1876 1981 1952 2638 1813 1787
2144 2551 2534 2134 2155 2313 2309 2487 2304 2189 2113 2156 2314 2311 2204 2079 2330 2310 2114 2560
49 2912 2916 75 2720 382 2812 1441 2895 1443 1468 1444 2749 36 1473 2745 79 420 400 2848
1480 1499 1415 357 1 3161 383 12 377 375 1456 1446 1524 1513 1442 395 1407 1526 399 1461
211 1269 920 947 202 247 128 219 146 207 868 224 921 173 1186 1304 1318 1241 929 1202
2823 2893 2694 2683 62 2911 2668 2692 2817 2849 2810 75 56 2651 2896 2894 60 2924 2886 2664
976 1151 880 1277 975 1102 1070 1126 1130 861 981 1157 990 1292 865 1033 1295 1189 1304 1244
1129 1292 834 1240 1027 176 856 1204 1226 1141 1010 1310 182 1153 132 1144 994 876 1245 1033
2782 2897 2861 85 2916 2866 2795 2900 2671 2675 67 2823 2686 63 2786 53 2655 2825 49 2838
267 279 1327 263 255 1387 268 1313 302 1364 249 300 282 252 1341 1361 1355 239 298 1265
1173 1251 1148 223 1164 960 257 844 1298 1143 1238 1321 1307 835 980 1267 1156 979 1269 913
2041 2487 2153 2184 2076 2511 2090 2367 2503 2154 2007 2378 2415 2323 2199 2183 2341 2491 2079 2527
696 745 589 775 831 812 598 744 550 555 807 730 709 556 718 787 700 766 757 558
2129 2335 2334 2156 2198 2080 2127 2504 2482 2126 2561 2344 2068 2181 2106 2537 2104 2153 2074 2092
2017 2048 1988 2517 2079 2043 1994 2030 2005 2499 1999 2533 2058 1987 2479 2353 2020 1978 2070 2068
1932 1987 1747 2001 1845 2013 1798 1797 2625 1808 1809 1869 2597 2595 1914 1953 1897 2611 2578 2624
1499 1528 1481 1488 1545 1463 17 1508 3 6 1442 20 1607 1444 1 1505 28 1602 1560 1522
235 937 212 1300 1210 200 1256 1308 1185 903 908 851 890 878 898 887 1216 215 1278 934
2100 2474 2120 2448 2138 2504 2520 2194 2494 2068 2176 2341 2032 2207 2209 2437 2345 2185 2411 2444
804 986 1270 1211 874 886 829 1141 1159 802 1172 1286 807 1242 1275 1190 1156 753 1014 1287
864 978 209 807 892 1182 821 1294 1002 1248 940 992 1272 1246 1198 863 1304 786 808 847
2070 2207 2084 2509 2260 2491 2198 2091 2139 2208 2297 2358 2056 2117 2516 2060 2042 2302 2507 2497
2818 2884 2810 2868 2801 2862 2814 2886 2817 2894 2681 2869 92 2649 2883 2793 2863 2833 65 2910
1942 1994 2023 1875 1898 1823 1765 1960 2593 2583 1884 2029 2620 1831 2025 1983 1701 1848 1832 2004
890 964 1306 989 1198 918 219 900 231 807 878 942 826 834 1248 1182 880 1208 982 898
1056 1073 1053 1078 1152 1100 1089 1286 1074 1125 1042 1031 1087 1090 1123 1034 1124 1290 1092 1137
1917 1979 1786 1858 2007 1782 1874 2013 1850 1890 1935 1916 1898 1704 2622 1951 1814 1840 2603 2616
761 835 868 739 702 834 785 728 727 982 763 976 1002 815 899 713 1297 889 1296 998
1785 1951 2584 1868 1736 1811 1879 1845 2596 1891 2587 1750 1928 1842 2572 1911 1939 1779 1835 1800
56 2907 441 2925 90 2837 94 2872 378 1471 66 2924 53 77 2781 33 368 2810 95 55
2134 2309 2570 2322 2181 2147 2515 2325 2342 2174 2220 2086 2339 2142 2206 2522 2092 2175 2101 2109
309 1363 269 1374 344 304 327 1334 346 1390 1409 284 308 325 286 334 1347 262 1361 311
1843 2649 2836 2824 1902 1889 2642 2791 2687 2679 2802 1933 1834 2654 2868 2629 2598 2601 1884 2634
2118 2184 2523 2320 2139 2332 2352 2563 2553 2484 2309 2153 2161 2074 2207 2312 2521 2546 2194 2510
1007 1119 829 1282 1192 1099 984 1134 1153 1278 985 1136 1179 1158 1299 1098 1196 1118 1105 1123
2186 2504 2292 2096 2191 2368 2298 2125 2111 2205 2480 2214 2151 2529 2208 2112 2107 2026 2548 2133
2029 2526 2156 2047 2474 2555 2354 2179 2525 2473 2018 2060 2518 1999 2370 2122 2004 2160 2404 2174
1903 2609 1868 1900 2644 2602 1912 2610 1889 1890 1843 1844 2616 1946 1924 2605 1895 2601 2638 2591
1333 1355 1363 280 1377 294 1358 268 304 263 234 1345 1318 1341 292 283 1332 1346 273 1352
29 367 3128 1493 3109 3150 1479 7 2928 3104 1460 1503 55 34 369 1417 3125 1409 333 3101
95 2897 2803 2860 2788 2816 434 85 2871 2833 2835 2892 2891 60 2895 2874 2837 2896 2878 106
1623 1650 1658 1611 1676 1604 1651 1558 1688 1636 1678 1672 1685 1649 1555 1602 1612 1655 1656 1571
43 3116 44 3 2897 360 3096 3143 54 423 1452 2906 69 51 33 29 3147 75 3161 2895
1008 1278 139 1162 1117 892 1039 1293 893 986 1259 1290 836 1134 988 978 1169 843 1135 858
2196 2314 2569 2149 2085 2142 2109 2498 2325 2128 2175 2194 2495 2547 2169 2153 2323 2159 2154 2171
2506 2529 2464 2574 2340 2130 2406 2367 2075 2535 2129 2388 2190 2565 2024 2159 2396 2326 2465 2183
29 3151 32 3102 1444 43 3167 1430 362 1498 3159 3148 39 1433 1454 1494 3133 1478 415 18
2929 2943 2755 362 2775 2732 358 363 2932 2758 2908 2955 2762 2715 1437 367 1440 2734 2948 2735
986 1146 1067 1199 1052 1305 1207 1189 1109 1191 1162 990 825 1205 1193 805 1025 1122 1014 1062
862 957 955 841 1248 1203 981 945 215 1253 1250 1296 885 961 932 936 942 782 896 948
711 754 766 602 729 703 815 818 587 607 748 753 817 820 727 615 780 573 824 785
8 1424 1398 325 3118 53 15 3109 20 1501 1504 348 1444 3111 328 45 39 1517 335 1401
2024 2532 2332 2135 2012 2580 2511 2039 2557 2336 2037 2568 2342 2521 2106 2127 2584 2049 2578 2107
