362 406 407 339 395 366 356 360 365 315 329 381 386 434 394 417 361 427 389 415
170 785 63 787 833 838 72 71 151 756 862 127 798 132 202 764 106 820 137 769
251 894 877 919 911 291 261 320 276 299 865 311 313 243 237 262 285 245 308 867
186 223 229 813 789 807 227 866 884 788 791 913 833 800 165 847 846 163 779 262
298 881 916 293 291 208 226 913 320 205 867 311 218 282 321 313 279 903 858 919
45 70 785 770 117 769 754 787 752 77 8 30 113 724 722 21 97 794 69 801
25 69 35 64 112 759 753 747 62 1 80 70 46 2 735 776 105 751 772 39
489 496 425 461 457 497 526 510 479 535 519 456 428 503 521 443 537 508 459 413
431 492 521 400 445 516 476 502 442 419 460 468 404 473 435 449 407 486 425 494
76 791 193 106 770 81 91 793 64 826 3 74 198 749 192 827 714 712 50 16
239 889 881 211 898 231 245 218 914 244 235 213 289 314 216 903 912 265 255 853
584 629 605 619 627 672 646 586 598 551 632 543 558 638 634 568 595 569 669 588
814 847 160 122 243 791 139 239 197 144 854 153 97 183 124 802 834 196 220 137
110 769 142 798 168 137 720 799 115 124 754 815 88 823 94 52 761 784 81 147
681 705 669 702 662 716 20 13 650 711 43 726 698 38 643 34 709 720 14 725
282 900 914 306 870 864 877 312 902 899 254 272 294 317 220 324 906 245 249 267
109 747 164 58 733 159 94 66 778 157 796 783 728 23 160 772 33 28 726 737
103 733 771 796 78 760 713 775 105 94 736 765 46 794 718 126 793 137 20 781
226 849 190 833 163 206 215 869 246 835 240 828 162 903 166 836 205 167 229 810
258 911 299 286 857 880 246 237 874 279 240 302 871 241 312 855 266 918 852 860
168 821 826 808 839 179 183 789 850 817 121 831 838 197 830 788 159 800 192 807
677 699 705 634 693 718 723 647 712 660 679 661 691 637 704 651 645 683 698 707
302 888 337 288 340 282 212 273 328 912 858 326 208 336 224 229 222 243 311 287
420 475 465 458 445 439 454 467 468 421 389 495 448 392 449 413 481 444 399 432
146 824 173 106 162 820 849 169 819 90 828 115 102 125 147 126 834 782 92 818
161 776 163 137 73 104 800 116 184 808 756 96 830 144 817 94 162 168 821 167
197 873 170 189 890 306 836 239 856 283 903 231 841 204 307 868 222 279 188 181
30 755 705 716 1 735 45 107 93 754 748 77 773 16 123 27 126 746 727 753
2 59 36 16 26 44 737 99 58 41 65 724 4 714 5 717 50 79 709 732
283 862 890 915 266 918 907 846 203 853 259 876 270 874 847 269 185 914 277 850
187 233 862 220 211 861 812 787 783 822 158 228 252 884 808 188 163 142 199 205
257 907 221 236 265 268 870 315 883 316 218 291 880 274 865 234 304 893 885 307
282 883 214 905 882 295 298 871 263 301 286 230 877 208 209 880 894 215 865 236
409 427 388 405 411 406 412 465 425 415 463 495 449 441 479 416 499 456 408 480
136 775 123 153 132 831 734 122 97 804 799 730 752 83 750 755 100 749 121 143
871 893 269 887 320 193 866 235 233 915 891 218 229 875 273 855 244 873 280 247
588 642 563 624 622 583 581 675 560 572 683 626 608 627 582 645 693 600 620 589
73 96 110 57 34 39 53 21 7 729 748 157 714 71 744 44 146 717 807 804
4 713 2 738 742 20 48 69 729 78 90 722 687 680 707 17 705 103 0 685
355 392 318 330 397 401 377 409 309 345 347 314 406 349 389 346 400 372 422 408
327 351 379 328 908 297 332 313 371 913 322 317 306 393 330 368 292 352 341 377
159 814 160 191 820 849 145 105 204 792 202 194 817 794 135 784 110 839 821 197
220 232 236 848 910 847 242 888 241 198 896 210 911 265 881 173 913 879 919 251
693 701 640 705 722 649 685 688 668 636 679 674 682 661 647 708 714 673 656 652
341 391 412 375 356 345 400 352 331 409 376 344 386 420 343 332 408 407 388 306
299 900 896 880 866 894 233 276 228 920 316 329 885 269 241 291 890 889 309 247
574 637 649 605 614 665 700 594 630 549 617 625 636 664 539 541 575 655 627 559
315 340 348 909 901 888 284 373 287 397 316 893 296 349 914 904 391 341 306 378
68 756 24 789 5 786 92 127 105 801 747 28 780 779 15 23 63 124 107 721
189 809 799 206 863 106 822 846 851 190 85 234 99 208 84 184 191 216 140 831
95 738 93 800 756 811 147 748 20 53 763 80 794 123 65 747 71 140 152 144
296 305 921 330 919 345 324 340 882 913 918 915 290 339 866 906 287 891 281 872
825 842 767 780 804 218 125 188 826 146 805 789 184 819 183 862 843 775 163 130
399 427 364 352 347 470 453 378 493 416 401 440 443 490 464 477 431 402 449 476
322 368 915 343 358 904 334 293 347 913 898 389 355 903 292 344 892 352 363 388
314 879 904 375 220 278 852 202 232 227 221 359 363 860 337 859 287 277 370 300
860 893 851 840 229 199 231 874 218 288 291 879 254 295 256 307 854 214 250 871
185 861 816 869 192 203 176 227 794 779 201 843 855 205 225 197 191 874 858 160
634 692 702 689 575 579 688 683 673 618 599 610 655 669 690 586 591 626 649 676
431 467 488 480 406 409 424 468 471 470 487 475 422 462 425 398 465 411 417 469
469 482 429 424 465 489 508 437 445 470 497 493 426 451 474 454 498 473 442 491
317 379 301 295 888 402 905 410 366 887 391 373 368 324 883 886 376 913 327 907
639 683 630 660 673 687 638 615 700 583 706 627 624 668 631 676 632 587 657 640
748 775 790 112 139 78 813 778 27 85 733 77 834 831 806 74 73 30 86 757
193 207 852 161 245 877 219 839 792 233 159 217 847 228 191 231 842 812 836 205
124 161 163 841 816 148 812 818 766 117 767 95 118 819 786 794 781 179 799 79
152 826 782 820 106 188 162 811 802 135 132 122 195 108 778 113 119 837 784 164
331 389 414 314 390 333 400 340 299 319 329 379 919 295 356 360 370 411 327 365
9 46 3 67 20 23 63 47 104 751 17 50 10 735 28 730 81 761 61 53
107 135 126 795 791 118 805 51 823 798 766 109 88 127 781 176 741 68 830 759
90 723 95 713 778 80 791 40 729 776 35 57 712 72 124 784 29 770 119 36
213 805 204 110 784 831 180 251 222 808 870 253 842 181 777 824 98 207 81 183
737 761 136 32 33 51 793 716 31 59 727 99 764 738 20 109 38 96 762 789
499 531 485 472 572 501 453 553 529 427 478 489 512 456 518 470 511 460 562 443
188 224 829 896 898 259 181 174 182 213 191 916 232 164 156 142 830 178 800 836
34 739 67 710 732 110 768 61 752 111 116 734 73 741 107 50 68 145 132 115
696 719 693 664 86 15 714 673 48 694 14 43 4 22 660 21 89 718 671 0
240 891 847 881 261 307 251 905 232 225 858 852 309 887 899 267 301 314 876 224
160 802 107 768 131 210 784 194 836 771 199 828 120 115 124 808 101 196 168 776
773 807 121 92 105 155 83 184 177 210 775 91 824 780 821 200 749 840 171 140
816 851 135 255 865 244 785 765 189 181 203 844 155 134 133 157 137 873 866 836
152 838 809 127 767 199 166 858 154 816 214 208 808 828 856 115 122 200 839 169
274 294 255 878 309 889 315 898 262 867 914 281 283 863 273 920 280 279 871 275
80 101 721 784 98 134 16 108 800 67 102 753 72 718 133 56 727 774 42 57
543 582 570 525 583 507 627 552 504 551 506 523 584 572 586 642 639 596 638 521
358 395 346 357 390 322 411 309 421 328 349 422 393 355 415 315 423 369 370 335
638 679 698 705 674 589 611 702 650 621 692 710 581 711 634 656 631 682 654 622
438 465 435 487 406 485 491 443 420 418 404 470 461 446 494 473 478 469 449 480
551 567 516 602 502 580 554 601 563 587 583 547 597 576 564 529 568 579 506 507
816 827 144 121 840 129 158 791 789 181 837 842 142 167 841 818 767 101 764 102
328 353 342 403 371 317 324 329 395 308 402 356 313 389 396 349 381 393 305 345
135 772 771 179 158 829 730 96 781 110 736 764 788 114 75 124 765 832 142 800
18 47 48 96 726 81 756 723 14 754 68 716 93 69 707 55 103 25 23 65
81 786 49 824 30 155 125 789 31 772 186 52 60 820 20 72 716 711 771 807
679 702 687 671 684 670 727 721 649 645 677 685 680 711 636 681 676 710 635 709
70 768 801 34 7 751 720 795 58 745 94 791 766 723 817 821 758 743 26 33
115 812 739 777 192 172 844 65 738 144 165 123 174 99 763 67 150 765 726 849
433 471 489 399 410 492 415 437 444 425 481 464 491 431 429 422 453 445 412 436
732 747 23 754 116 51 13 1 91 86 708 27 32 121 725 127 5 710 10 727
896 918 228 279 254 248 882 296 872 223 241 322 253 229 282 219 891 865 232 302
564 577 588 537 617 580 551 533 544 552 523 614 542 563 556 595 591 557 641 584
766 824 800 65 85 84 102 101 839 82 115 78 195 170 187 143 49 185 53 756
321 358 298 392 362 340 893 390 327 921 907 353 406 403 383 386 401 294 405 300
390 408 357 441 434 391 423 449 373 452 327 453 402 335 341 413 331 353 333 436
590 629 605 550 668 645 571 613 674 642 563 665 641 607 643 637 546 598 609 630
342 380 367 343 374 306 303 410 336 400 313 331 321 388 327 337 323 349 322 319
747 766 110 726 56 791 105 774 745 68 50 743 736 779 17 80 148 52 37 73
289 887 912 262 318 260 228 310 311 281 877 872 917 315 298 266 881 295 221 907
776 820 94 153 129 146 201 764 799 188 171 760 152 180 174 822 78 172 748 103
94 141 151 70 127 827 164 91 730 75 747 774 138 65 784 183 33 104 749 743
540 581 526 519 600 560 605 507 570 539 559 606 548 551 638 627 557 603 645 558
190 827 132 769 125 217 767 231 833 800 821 224 795 839 785 213 208 813 850 808
87 745 784 126 790 763 753 25 759 805 812 742 39 746 741 40 133 793 64 807
148 184 843 867 825 772 190 820 201 101 104 818 126 142 222 191 223 857 808 841
44 95 2 143 788 7 139 58 749 743 714 761 760 137 732 734 719 781 132 751
481 489 432 422 503 444 446 454 455 416 478 423 456 419 507 502 514 435 472 413
180 197 867 828 225 189 171 859 829 831 159 787 163 780 792 190 870 224 866 818
52 720 715 118 24 41 727 126 89 119 15 2 695 748 698 19 74 93 69 730
429 445 408 485 476 428 493 399 487 502 479 430 449 406 484 464 498 444 460 414
418 483 488 391 417 400 468 396 437 477 388 454 510 393 433 496 469 420 429 428
261 281 867 862 301 880 257 244 259 904 280 863 288 293 258 256 233 228 911 854
44 742 65 61 124 735 714 709 62 3 76 86 73 14 28 771 134 138 114 731
115 729 761 74 750 47 90 745 100 776 131 770 736 712 129 751 149 718 814 816
7 747 78 94 730 114 2 61 48 57 766 764 753 67 138 73 99 757 125 709
12 49 18 752 712 731 85 717 762 11 765 708 707 742 27 733 16 4 758 727
499 521 484 509 429 445 431 542 470 478 460 422 564 531 466 447 430 442 562 529
53 77 96 105 12 774 757 766 11 760 1 29 115 718 121 720 800 759 76 98
60 87 119 122 81 718 785 709 72 779 19 22 20 114 85 813 129 40 70 773
334 389 398 421 301 304 351 312 346 410 380 414 367 384 331 306 302 375 399 354
12 744 715 33 780 723 32 90 772 733 768 18 89 710 130 761 111 75 745 45
794 818 127 786 91 138 131 147 195 177 787 72 187 167 63 851 179 173 114 102
131 149 160 759 767 97 738 178 829 827 183 747 158 164 755 77 832 835 813 730
86 133 71 150 777 122 794 38 70 48 102 759 28 118 154 737 752 809 165 751
331 351 311 386 320 309 391 346 354 405 358 318 295 335 365 355 371 399 390 319
223 257 899 209 852 267 274 845 891 240 877 194 862 879 849 224 874 215 887 911
279 886 890 883 302 868 908 254 261 215 887 256 291 921 913 263 312 299 871 234
431 496 464 542 417 480 529 515 425 413 408 526 400 491 520 430 524 427 538 461
223 918 274 204 903 316 208 863 854 319 310 329 887 873 277 211 200 241 235 308
214 233 209 190 881 870 876 264 250 910 238 221 184 893 189 845 850 847 869 888
592 605 569 567 633 591 624 558 571 613 619 636 625 587 572 621 629 560 585 595
328 391 312 374 371 420 309 382 411 314 414 421 301 370 310 363 362 412 912 340
446 487 470 429 500 415 434 422 481 501 505 413 492 423 463 444 406 459 449 485
491 517 475 426 443 464 469 537 416 454 439 536 474 434 419 466 543 511 457 499
33 729 130 68 118 121 707 735 97 61 712 732 730 708 141 727 746 113 71 114
78 783 802 1 119 157 9 30 18 794 717 809 796 159 836 185 74 84 797 178
870 896 903 218 285 245 222 900 892 893 911 190 319 275 194 854 914 315 280 299
316 921 880 326 912 345 869 253 895 317 372 890 302 367 320 292 906 359 358 893
176 222 833 866 255 163 130 837 249 796 804 158 820 897 880 262 873 254 830 148
194 217 178 811 794 798 849 803 832 207 252 219 852 198 157 204 152 884 175 808
44 755 768 21 759 112 59 108 127 73 99 42 782 72 39 85 736 136 743 34
