497 517 461 525 489 535 532 493 486 549 551 495 518 499 456 441 484 466 556 449
236 265 176 313 873 320 877 190 157 261 912 322 882 239 947 226 908 870 325 155
86 768 113 761 741 75 37 792 78 754 73 804 4 51 759 787 10 760 779 802
205 257 233 216 295 817 221 930 187 217 272 128 230 823 200 878 872 153 137 279
140 905 916 946 830 920 918 300 169 940 290 267 950 881 334 214 189 953 276 194
379 415 392 382 410 362 389 448 438 445 439 360 352 380 453 351 367 449 406 416
650 672 648 691 622 619 662 709 700 663 654 664 660 626 694 679 642 704 633 678
267 332 264 899 925 326 343 922 887 346 921 197 306 888 212 219 202 285 351 238
8 753 749 752 713 42 744 10 17 767 722 718 770 46 776 45 28 59 727 1
262 297 244 196 238 876 260 293 337 231 279 232 323 193 343 253 897 207 321 198
255 872 204 215 840 177 193 907 307 180 296 300 245 128 891 219 231 289 330 898
182 244 129 824 875 241 825 213 258 189 291 292 162 904 269 124 879 874 950 126
336 952 326 951 191 302 890 237 296 932 195 320 277 901 337 931 193 214 926 223
899 926 272 321 302 837 312 194 184 289 913 898 288 181 258 282 835 171 338 166
832 893 238 136 810 888 304 185 915 330 842 191 272 940 211 250 236 903 814 225
569 617 577 589 582 546 566 545 548 602 613 595 627 551 610 612 587 567 558 564
171 823 155 202 225 161 825 215 115 241 900 903 818 167 208 179 219 912 228 828
888 907 190 136 283 274 260 881 885 883 271 307 301 836 299 827 949 919 871 934
654 677 711 706 629 670 662 658 644 631 646 688 686 667 671 692 693 620 659 680
446 475 496 525 519 429 529 454 470 526 515 528 488 463 533 506 411 477 500 421
118 787 46 771 795 801 131 43 785 99 102 111 53 103 120 811 121 809 773 108
546 582 550 557 630 601 507 518 513 619 553 618 579 631 602 575 545 614 501 505
235 941 262 250 901 158 292 236 343 909 825 876 173 225 182 280 162 308 269 273
221 830 953 207 930 129 941 228 878 939 128 136 147 177 271 231 820 121 879 831
329 892 904 343 929 297 836 263 249 302 313 944 282 875 308 284 162 268 937 135
238 948 285 926 911 302 246 188 940 333 908 880 269 915 228 245 350 231 283 207
266 888 149 182 221 155 276 327 159 247 872 879 278 926 132 178 921 273 946 949
260 297 220 224 237 216 311 300 328 244 212 889 303 192 876 231 238 251 198 305
476 503 540 461 535 519 456 538 549 533 529 510 435 450 454 524 522 452 523 462
164 813 899 100 136 183 838 175 118 208 171 98 221 224 130 104 229 181 898 927
556 602 627 590 546 625 576 567 547 536 596 577 554 593 564 568 622 560 578 632
249 879 828 909 162 297 218 285 937 302 925 843 262 894 912 235 183 193 186 310
158 808 111 228 208 824 191 900 890 913 206 186 918 184 125 842 214 93 169 792
142 823 191 148 892 919 156 898 878 125 883 846 218 124 166 121 891 179 911 174
135 214 827 241 912 168 894 871 157 212 813 252 943 826 144 133 932 220 207 121
254 296 287 291 212 921 281 219 274 279 328 269 234 252 313 882 923 231 258 277
133 143 166 812 206 809 129 898 221 217 172 810 870 837 918 152 134 845 894 875
161 190 901 820 844 921 906 909 228 140 131 182 241 904 250 814 933 219 254 173
885 913 302 312 294 305 948 153 285 910 839 171 328 176 123 914 190 253 840 170
3 29 18 62 747 19 24 729 765 41 52 59 745 738 757 773 742 48 737 743
241 881 902 279 872 301 839 303 919 157 952 133 917 824 195 282 172 163 249 314
452 484 545 471 426 517 536 485 541 540 444 454 414 458 476 434 488 499 474 477
90 782 106 72 799 768 60 58 1 773 71 68 797 76 2 91 62 95 104 57
386 420 436 423 407 415 424 383 430 389 438 370 414 393 380 372 377 426 390 364
129 188 120 925 793 132 795 926 940 905 148 934 209 131 807 922 924 832 128 918
330 902 168 833 346 340 918 873 328 179 937 887 926 279 188 355 352 272 304 317
154 890 811 839 172 218 916 302 277 816 831 257 908 197 952 947 231 313 224 873
196 929 228 241 191 214 270 234 926 344 908 272 183 249 333 342 163 274 883 946
118 134 827 835 887 199 797 143 191 170 814 798 800 792 151 176 912 911 891 892
73 101 771 797 41 769 119 800 57 74 85 782 793 804 809 78 95 77 798 88
295 900 285 883 140 152 153 150 252 135 312 315 149 317 275 171 950 180 918 159
223 823 200 176 189 120 254 230 217 253 134 822 275 115 162 250 886 266 882 160
409 449 496 436 472 532 431 489 524 423 511 466 499 514 525 428 475 479 519 528
559 570 580 575 552 568 608 615 602 535 585 555 581 579 587 566 558 548 541 590
121 803 177 801 795 58 94 819 62 65 791 114 173 171 89 783 816 169 91 134
268 293 205 201 281 316 907 270 286 900 307 919 305 313 212 327 303 258 893 880
678 696 713 724 645 716 656 654 648 676 722 701 675 700 715 672 662 728 646 673
646 690 632 721 660 678 663 725 633 688 724 669 671 685 659 728 710 675 661 637
157 886 152 870 810 134 237 917 204 837 202 923 169 252 227 829 915 206 312 323
879 945 177 944 213 230 298 839 939 923 905 829 300 846 270 322 952 173 822 262
26 743 762 22 25 5 742 740 714 19 45 710 706 717 726 38 30 721 767 1
922 936 216 201 889 322 320 300 886 209 896 905 192 157 185 234 330 202 292 934
4 738 10 780 749 26 701 59 5 43 55 757 736 763 756 743 52 774 754 714
234 873 258 938 889 907 232 937 237 128 190 222 841 202 276 899 280 186 879 835
213 871 161 198 892 902 818 836 270 202 140 939 838 168 254 184 910 263 834 183
482 528 442 460 450 546 457 468 451 448 500 517 466 474 455 472 445 444 501 470
146 890 253 275 935 297 140 178 164 313 312 157 306 930 823 317 837 879 893 894
690 704 680 661 720 650 722 659 741 728 726 736 684 708 744 721 655 677 682 652
499 523 479 482 497 493 448 488 500 495 449 551 468 494 447 444 535 537 452 526
182 829 222 905 928 237 157 125 162 180 877 913 126 132 135 153 872 916 901 219
517 553 493 541 460 478 471 474 587 560 581 492 601 525 539 538 555 459 455 543
235 938 277 918 287 178 884 271 211 898 831 906 910 181 889 186 920 897 921 951
557 581 517 536 590 526 551 519 587 603 598 612 524 544 568 522 607 611 542 605
569 620 629 595 550 651 554 542 648 558 618 590 603 602 584 557 655 646 540 593
153 181 903 216 164 848 844 832 923 192 899 136 927 189 182 132 845 154 921 911
151 896 310 269 160 888 900 886 300 285 170 147 875 264 830 215 923 315 168 148
155 214 189 213 171 238 259 229 269 266 183 221 208 819 210 280 224 903 163 943
451 532 518 412 513 459 533 515 413 430 461 468 562 512 545 462 472 514 474 434
36 746 766 727 750 43 755 762 747 34 756 720 745 50 711 53 30 758 51 768
33 764 18 759 20 754 7 22 77 38 65 21 70 35 740 12 15 773 777 56
230 828 143 941 241 125 177 871 216 888 252 124 831 950 227 175 306 891 814 832
97 781 46 79 85 54 765 115 83 116 63 87 791 801 69 807 809 784 775 89
302 893 141 183 878 276 133 887 281 165 286 891 884 885 898 316 902 320 274 915
176 872 250 934 885 175 221 806 238 121 935 220 160 903 922 917 138 901 130 905
175 229 215 166 191 230 172 897 235 841 891 140 145 942 259 872 245 125 244 928
291 903 237 881 947 314 315 280 178 929 883 168 166 303 275 873 933 941 242 277
227 265 240 284 826 210 900 882 332 220 326 209 945 948 327 291 330 940 873 874
337 948 327 358 953 212 301 209 284 916 903 913 227 874 245 889 250 203 934 221
373 384 386 351 382 423 374 359 404 416 344 383 376 348 381 357 421 356 400 347
227 264 206 949 185 181 308 336 300 920 917 947 245 915 207 948 239 313 152 898
915 931 943 200 913 324 298 939 123 213 126 340 900 306 158 265 888 296 906 189
227 877 947 153 174 929 908 952 262 130 299 215 250 275 895 137 220 181 234 145
364 385 362 344 399 349 351 345 400 383 412 419 408 371 342 359 405 378 411 404
253 294 192 264 881 207 309 323 219 260 190 311 337 214 304 281 224 269 892 906
30 50 49 52 735 729 789 759 47 779 740 749 51 75 6 69 64 769 63 73
402 439 415 503 375 401 374 410 382 468 437 431 422 407 378 377 505 383 388 419
498 533 492 557 543 523 537 495 538 556 550 481 540 476 491 531 562 552 534 462
684 713 723 749 750 668 704 678 661 724 715 677 711 672 694 676 679 667 687 674
136 883 307 254 910 215 287 814 145 133 827 928 203 245 167 806 302 123 945 244
208 945 911 342 191 258 248 242 345 910 159 930 201 261 827 929 206 832 254 224
170 886 312 131 904 282 827 927 316 295 951 272 945 222 835 264 839 132 932 274
154 887 830 921 232 223 295 186 835 846 283 206 260 833 938 827 173 213 218 243
660 688 712 662 715 665 713 632 673 702 650 705 638 703 669 671 692 698 707 667
22 742 705 709 752 7 12 4 8 764 28 762 765 759 714 716 13 725 746 45
674 688 715 687 701 702 670 703 652 698 717 692 673 712 683 719 637 711 663 651
594 627 629 588 651 624 620 555 599 574 655 564 639 557 608 587 614 592 645 652
835 872 216 249 836 245 878 870 922 848 236 871 924 881 175 889 165 929 131 221
636 655 634 694 645 658 691 669 676 684 700 600 620 618 605 650 627 662 616 656
334 939 886 943 875 907 897 899 903 297 185 287 263 891 290 283 217 354 193 880
44 67 758 88 796 4 6 65 28 42 781 23 54 10 69 25 752 82 31 794
493 532 547 524 511 546 444 489 538 467 531 544 559 551 555 523 525 507 485 462
457 524 541 493 534 423 506 533 473 445 428 450 532 467 479 547 439 420 526 466
315 880 279 843 906 299 278 167 927 929 277 883 150 254 845 939 183 137 297 141
325 920 247 297 936 949 911 185 284 948 280 877 943 138 937 343 335 873 878 902
0 747 49 726 24 12 67 713 706 707 783 732 748 9 41 16 734 720 742 730
172 238 916 218 896 145 284 878 899 291 931 187 811 915 881 276 948 840 816 176
249 311 256 206 236 264 277 898 314 288 203 265 333 205 297 164 888 290 946 240
346 365 944 332 941 352 330 359 363 942 948 953 341 387 388 343 334 336 339 327
665 677 658 631 669 634 626 636 690 630 681 715 655 643 668 687 656 649 646 689
721 740 6 3 691 735 36 756 765 711 23 0 28 709 714 723 727 754 736 15
276 882 224 241 249 292 879 942 152 141 280 148 915 837 835 322 247 845 875 126
467 491 453 502 544 463 443 433 518 465 444 451 450 526 546 538 456 434 525 545
369 392 340 420 428 371 349 355 433 427 378 386 348 341 423 347 431 381 408 406
373 384 346 421 351 415 374 389 392 352 407 355 406 416 409 366 375 358 347 362
810 819 151 806 141 96 100 108 178 820 188 140 795 154 155 224 144 799 117 182
135 832 157 229 813 915 878 218 203 893 174 844 845 870 224 206 839 817 166 186
921 943 264 287 151 948 184 905 901 203 129 900 318 144 903 140 320 345 278 328
100 806 125 132 814 174 830 182 138 104 141 86 794 96 118 808 116 826 90 819
267 885 282 288 322 221 844 200 949 934 222 925 286 128 166 881 926 175 276 156
120 790 815 98 129 119 72 105 110 808 43 91 106 771 108 791 97 53 795 826
166 921 837 315 822 807 126 182 312 835 881 914 880 870 951 829 324 842 239 328
322 909 318 913 937 133 273 255 829 951 275 938 186 155 279 887 146 940 310 953
150 922 902 292 893 155 876 175 185 132 337 930 326 220 882 942 946 947 900 883
100 806 829 136 782 106 179 104 85 805 118 791 175 77 167 803 92 133 97 134
303 885 179 896 167 181 168 185 892 919 925 879 837 311 326 828 131 266 295 248
230 947 165 946 897 180 183 354 908 880 137 270 260 136 952 938 222 273 243 879
449 514 433 545 410 515 542 547 427 492 556 494 523 548 443 503 531 412 429 450
173 841 159 827 813 235 143 155 221 932 165 933 197 191 193 210 873 141 145 882
170 806 920 149 123 103 821 798 912 816 222 826 787 110 220 96 138 129 813 207
832 870 218 891 843 847 831 183 893 247 919 845 180 237 202 201 878 241 128 234
773 799 766 114 802 98 822 85 2 79 127 817 32 110 136 30 86 796 51 102
231 251 297 890 300 177 316 285 893 222 885 233 188 951 887 314 138 261 329 186
921 931 876 948 196 906 882 891 131 155 176 937 322 185 160 203 346 905 299 897
786 795 92 808 66 94 81 65 122 107 99 813 56 67 800 82 131 58 788 124
163 907 182 257 824 197 193 842 831 136 304 170 880 196 875 265 946 335 269 150
473 533 516 434 485 496 442 495 523 536 507 510 543 529 489 490 431 508 450 505
115 120 824 788 89 795 135 91 805 781 121 93 799 789 128 101 809 132 105 787
880 907 825 941 881 256 144 250 265 245 146 831 280 127 845 297 327 177 841 826
331 902 304 924 908 179 831 153 140 876 918 321 929 337 269 943 927 146 345 276
137 806 793 142 844 819 192 206 145 229 167 158 176 208 209 140 896 187 182 103
