528 555 607 509 468 580 556 1813 605 505 484 520 1850 467 496 594 554 1840 524 560
44 2066 28 177 2036 1454 1250 219 1407 126 206 1534 1569 1582 1528 205 1538 40 1501 1548
244 2062 218 118 1567 253 2063 68 234 91 2033 304 306 177 1527 2008 276 1563 103 1565
978 1153 958 1049 1186 1154 1472 1020 1499 1495 1145 1143 1028 924 917 1398 923 1000 992 1155
172 203 1546 248 119 246 1219 47 2086 4 29 1268 202 1516 1224 25 13 234 1280 85
1177 1243 74 70 191 1275 1271 1273 1488 1399 131 1503 2058 1246 1254 16 184 123 1479 1536
991 1070 1141 969 957 936 1040 1026 1035 1020 1118 913 977 924 1004 981 972 902 1104 1018
262 1273 301 8 223 70 290 1257 132 280 181 1286 3 1217 84 2008 98 1245 285 242
272 316 2044 346 2026 353 1598 2043 259 1987 240 225 237 348 2023 349 2034 352 298 1601
479 1704 1844 516 529 773 521 1655 652 466 1741 1870 1716 1658 492 1712 1691 405 637 1864
607 1857 632 1734 600 631 547 530 796 514 579 604 1874 1744 639 1877 520 1814 1869 1821
178 2019 106 1531 2031 1256 198 146 2011 1243 1213 1581 40 267 158 1528 1226 2045 137 23
464 1714 522 1668 659 468 1840 1858 526 415 494 542 1678 630 619 469 1862 792 650 509
800 1748 1787 680 675 1839 1842 606 1678 1679 738 699 1687 1783 853 596 1836 1704 1802 684
218 2057 1255 1634 26 2040 159 2010 1644 240 1594 1571 1615 1258 1553 1229 1262 339 253 1619
57 1466 1176 141 28 5 126 1194 71 7 11 131 1255 1246 184 1399 1441 10 178 34
671 1687 1661 859 834 689 510 406 634 498 1664 635 595 728 474 1845 620 1676 1703 454
488 1661 627 441 435 1628 612 1713 685 762 417 588 669 803 697 1700 553 350 451 557
1713 1850 492 532 470 456 621 474 648 1751 574 1838 1676 1673 1873 1752 659 572 1678 463
962 1060 1408 898 903 909 963 908 1119 1118 1036 979 1124 1034 1043 1137 1120 1049 1122 948
1572 2030 1642 2005 170 1538 205 278 256 140 241 1595 1544 2071 1230 229 382 207 1229 190
1271 1288 1239 20 1223 1270 178 1298 58 1189 95 12 183 61 1296 1356 1262 1379 258 1394
115 1242 1281 1196 2071 1182 79 1577 73 46 1411 1529 1541 30 2025 1273 1263 1527 44 133
1144 1482 1509 998 68 1447 25 1527 1428 107 967 1486 1048 1484 1203 1034 1435 1128 89 1062
87 1170 60 1251 1263 1199 42 2083 1430 1487 82 1562 1551 24 7 2076 1270 128 116 1212
217 2023 2071 2006 29 2029 126 220 2040 143 1227 1556 1599 114 1614 274 330 1997 340 344
390 397 399 1628 1692 1584 644 645 625 342 1641 652 400 375 414 334 356 1667 355 647
21 1229 69 1212 2058 40 1432 1550 1443 1503 68 88 1531 2086 209 2066 131 1402 1513 1167
662 1685 777 704 446 1847 832 687 499 608 415 706 1740 443 627 462 490 1674 598 620
138 1573 1632 16 1531 2076 141 2044 352 1235 1607 361 2035 1555 202 149 2065 102 1261 224
47 84 1459 130 2054 1428 139 2082 1236 1577 1430 1265 1567 1181 2074 41 31 1544 1397 1176
552 1894 1937 594 1928 1862 543 585 1883 1852 517 1865 1841 1892 1914 1853 597 1873 489 524
42 128 1508 1470 241 1437 176 1209 170 14 1469 1490 1468 1497 181 1546 249 1224 1402 110
172 2028 1581 106 1570 2042 175 1521 125 1245 219 32 137 1554 2024 85 1260 2018 212 230
82 1428 129 1438 1455 2083 1502 1224 111 8 1033 1219 1135 1145 1520 1444 122 1235 1189 128
97 1480 1185 1522 1435 2061 1444 1496 111 181 2086 109 1158 1497 2058 78 1562 66 1446 14
1159 1468 1475 1478 1235 1207 972 1469 1513 1244 1462 1242 1255 1047 1200 1002 103 1459 1137 1408
715 895 821 809 776 887 662 705 775 786 729 985 763 893 927 794 980 1006 1030 760
716 889 970 759 841 702 922 710 923 724 747 791 982 701 1038 793 663 887 756 835
1180 1218 1555 91 1517 1165 1471 172 12 1270 1204 1501 19 1181 142 44 1186 137 31 1553
434 628 1838 1670 450 1724 347 1846 428 1847 1632 1721 1726 1746 1671 440 391 796 1644 651
659 1649 414 1672 1641 326 377 827 356 464 1678 1667 676 1674 690 481 1595 844 342 1605
168 240 2010 1527 60 325 282 117 2070 2033 1567 208 1572 2001 1222 2038 1551 172 1233 112
419 1698 654 1666 785 1846 1649 766 416 639 1842 388 604 1748 485 1719 1642 1687 379 434
177 2022 1272 1540 249 1240 2017 254 1218 10 86 2008 148 2056 238 327 2074 69 1213 321
869 895 886 972 837 807 688 982 767 671 898 885 931 980 925 864 1032 891 708 973
403 1688 422 644 652 1631 495 1625 1725 493 1699 491 445 440 1740 1843 468 420 791 801
779 1720 1715 788 738 1757 1677 1764 666 824 1750 660 823 475 667 789 1839 706 682 831
392 1624 1604 1680 1567 1623 371 1683 410 400 213 445 414 370 403 446 361 429 230 1599
1415 1478 1504 86 1037 1439 1404 34 1437 39 1042 1027 1403 106 1040 1509 57 1405 1221 101
222 265 125 2051 0 15 1554 333 1 204 1277 2013 1549 192 1594 306 185 166 2056 2073
1243 1403 1010 2072 1213 68 1124 1519 1402 1423 146 1496 1543 179 1397 1458 1230 1157 1389 1246
647 1739 718 1721 597 696 596 814 725 635 815 784 1775 832 801 393 406 595 1722 612
131 1567 2059 147 197 167 351 18 169 252 215 247 224 1534 69 1247 121 116 373 15
1055 1085 1104 1096 920 1009 1411 1122 988 1023 1089 925 989 958 1111 963 1076 1019 1014 1118
322 1579 354 1653 258 229 239 5 1612 45 340 231 1623 19 2079 356 325 1614 2018 341
88 1448 1255 2066 1553 1232 137 1173 1494 1507 2070 1253 1028 175 84 1414 1189 132 13 141
103 1467 58 1479 1020 1517 1477 1510 54 138 67 184 46 133 29 1442 1489 2063 1410 1215
1878 1921 1837 1864 1978 558 548 1935 583 491 522 575 1880 582 497 1867 1903 1884 1849 1988
42 159 1488 1469 2032 94 1495 1503 1213 1569 144 1264 1510 25 115 2039 1513 91 108 1474
338 1632 359 217 364 449 342 1595 1587 1626 332 424 1653 349 328 352 1635 1599 1666 454
793 1675 821 1689 669 494 1700 1697 442 411 781 611 732 683 507 500 1739 723 407 773
852 896 675 902 720 764 774 743 919 1037 727 899 903 813 1038 1011 853 816 775 877
594 1829 1745 552 1808 1841 529 469 616 1869 1807 1875 1721 1707 1737 548 557 553 626 494
1759 1809 1734 1784 1807 1820 587 1828 591 1720 1841 592 1744 1787 1736 1806 1753 1799 1733 583
102 1522 1547 1169 1397 1255 1196 2063 199 126 2057 1176 1412 2082 1172 7 207 1541 135 1229
1978 2001 1988 1956 1946 2036 263 295 2037 1948 1923 1935 266 2029 1909 312 278 271 1972 301
365 1668 478 1617 1653 223 1712 677 768 338 480 383 672 334 1658 457 632 405 494 757
490 1657 1681 641 1874 612 1718 1628 604 471 432 337 446 1602 468 620 544 769 497 457
476 594 557 433 1818 414 450 480 1854 1665 560 1756 1833 1830 427 1658 1651 613 479 442
817 856 728 809 907 816 749 703 804 901 818 876 687 681 774 677 786 696 851 793
24 2028 276 2032 105 1578 16 1566 1212 1507 114 2029 250 89 1242 77 117 233 1236 61
1241 2063 1512 2055 1166 207 1397 1258 151 2040 7 246 75 213 208 1186 1498 1572 1551 31
910 1001 895 926 1058 1416 915 1028 1033 922 863 868 889 882 958 1048 923 916 982 1429
558 1828 511 542 532 584 1863 518 1720 534 483 1809 1742 585 561 1709 580 602 588 1823
87 2076 1195 1419 157 143 1529 120 73 1568 144 207 2036 45 2078 1238 1223 1496 1453 1502
762 1693 1747 1655 595 806 1696 506 855 598 844 1666 1659 852 669 1849 1725 723 771 827
929 1008 1460 897 1054 1436 1124 921 1041 917 988 947 896 961 1431 1027 1407 875 1141 1079
1294 1308 1267 1363 149 1321 1288 1256 159 1260 1293 146 1280 1259 1345 1385 1347 1258 1324 144
67 1161 1473 1261 1005 1239 1024 1189 1025 1399 1467 1207 130 1131 28 1195 1193 125 2069 1454
455 1675 621 1736 803 1684 486 490 1686 1723 1643 1693 361 364 787 1680 1720 504 640 429
1751 1820 1832 1761 1830 1851 621 543 1756 1847 1793 1728 605 609 1863 1818 571 1865 1711 1828
595 619 409 407 1848 1684 505 468 1735 1853 552 1752 521 571 785 527 553 1849 1834 454
1161 1465 1260 1257 1523 1177 1501 1032 1215 1016 1503 1383 1418 1516 60 30 1190 1521 1391 1451
630 670 1659 1654 1667 691 412 707 1678 426 432 758 766 1744 800 772 872 1673 878 665
577 1819 532 504 568 575 1839 1799 551 1735 602 1874 1806 1796 498 1804 553 1798 1867 591
1686 1732 598 420 438 1723 409 1752 1664 625 1748 426 659 1763 808 662 1729 488 1711 1653
1751 1807 1832 606 1732 1710 593 596 1719 1728 1778 590 1794 1829 1783 1842 1831 585 1822 587
655 691 619 818 720 832 694 405 1655 1687 402 730 1645 627 786 825 745 712 1693 706
1573 2065 1218 41 2058 191 152 149 2069 1628 21 17 190 1260 1583 2060 64 2076 54 1566
54 1246 2075 2082 1206 84 34 15 103 1239 1418 1497 1217 68 171 101 1457 1421 99 1223
483 1851 1683 584 589 580 576 442 570 562 468 515 1656 1838 1668 554 478 613 1681 454
0 211 230 45 21 1517 19 203 1186 1568 249 1194 1542 1530 73 1263 112 29 1212 1617
116 2024 1549 251 1531 103 1541 1275 72 107 146 1546 1276 1211 2059 139 215 280 209 216
1537 1583 2077 2063 1487 1551 382 332 137 2080 217 2056 2054 200 100 1200 247 326 378 92
515 1867 573 518 480 509 1906 1703 1831 1853 592 505 561 1858 1841 1856 479 504 1843 466
854 901 999 844 651 899 883 972 693 741 775 968 1037 806 1027 1026 679 1012 657 740
922 1041 899 1056 1408 904 1150 941 930 912 969 992 984 1062 1420 972 1065 876 864 935
235 348 254 327 170 274 301 1589 324 2015 2085 1591 1658 137 293 371 206 292 265 1649
107 1180 1535 8 23 66 109 1203 1474 111 1208 1404 164 36 1537 1570 1196 1264 1253 1254
263 2028 327 267 2011 2001 199 2008 304 133 1560 2077 230 2087 254 215 1993 214 2035 1995
488 536 1878 1702 448 501 495 512 533 1705 418 546 522 498 1885 1887 550 535 559 565
403 640 419 370 665 1638 646 1596 436 655 372 729 1614 650 728 1605 401 607 610 346
153 170 1403 1384 1301 2015 1248 202 198 2063 119 161 1247 190 118 3 2047 134 184 2044
115 1218 3 2066 1522 2036 118 1570 1579 1244 1549 1484 1434 68 1396 2067 1250 1243 12 1583
1036 1407 1393 37 44 1152 1480 1511 88 1148 1010 1394 1479 935 1138 1203 1260 1508 1140 78
1749 1811 1772 795 1807 1797 1736 1713 598 627 1782 1751 790 590 1711 1719 602 1775 599 1734
79 1414 62 1406 1141 1442 120 1243 1156 1207 73 1229 1262 1155 1033 2078 70 4 76 1432
2 107 196 2068 2080 1582 1425 1178 1473 1435 1527 1467 1176 1444 1251 1464 1242 53 1252 62
500 1679 608 663 539 1671 646 561 435 1868 483 621 656 1872 551 450 790 670 680 652
541 1821 497 1859 1798 559 503 467 1879 1730 470 595 1882 1757 1721 1844 1860 487 591 1894
1132 1149 968 1031 986 1131 1118 1434 1427 1470 1450 1426 1174 1460 1409 1387 937 1167 1126 1045
1000 1128 1137 1064 908 1169 1172 1058 1421 898 1059 1144 1023 947 1114 1041 1392 1047 1066 1386
223 1607 207 329 221 1602 176 409 385 1582 1594 0 191 1645 2033 2021 2079 433 164 425
1127 1422 1448 1515 986 1216 1237 1498 71 1028 1463 1182 1113 1407 90 1453 994 1048 1400 1164
963 1130 1429 987 1413 1054 1395 928 973 1426 942 1063 919 976 1021 1387 1076 1028 1170 1147
219 1637 416 418 2048 439 451 176 248 1632 174 1227 447 367 363 436 1562 1540 246 244
958 1039 990 903 977 991 1092 1415 1158 899 902 968 892 928 1089 1411 946 1416 956 972
408 1670 779 1708 1601 627 478 446 761 448 503 372 496 409 1621 681 1637 628 1693 1684
987 1139 1140 1121 1113 1471 925 1014 1390 1148 971 1161 1019 997 1169 935 1417 1027 1444 890
572 606 1808 1890 463 1865 525 508 483 1850 1677 587 549 538 482 501 462 521 1673 1858
1424 1453 1507 88 1217 1448 1167 38 1224 1484 36 1479 1401 42 1420 1129 90 1211 83 1517
1163 1182 17 1241 1196 1466 1023 1483 1213 1383 34 1190 1220 1401 1189 88 1006 1399 32 1173
942 1076 944 1054 1112 946 1009 977 1073 967 1051 1011 1114 1000 1025 1063 947 1130 1147 1072
1014 1062 1414 1144 1156 1068 1096 1464 1048 913 1025 1024 1065 1408 1006 970 1022 960 1410 932
334 1587 1650 391 1614 376 2062 195 344 431 352 1631 349 411 1604 200 1603 221 203 1594
219 257 2049 18 1548 340 2022 329 353 252 1594 323 174 4 1631 2023 2056 351 295 1556
652 822 852 1722 858 710 638 1649 824 1664 881 1713 777 879 403 890 678 642 841 828
1057 1114 1025 978 1157 951 1415 1404 927 1153 954 1396 1029 1150 956 1388 1092 1104 983 1009
545 1827 1803 1728 523 1810 538 1712 1837 584 1832 477 1873 514 1745 1824 506 543 502 1815
345 1606 1656 219 1659 1582 1561 329 377 338 358 209 1651 326 1566 352 418 396 367 349
1201 1556 1575 1448 91 1446 168 1220 1483 70 1516 380 85 196 1623 1460 1239 1251 118 1615
639 1729 404 1739 667 732 1737 426 1719 1681 769 1767 606 408 652 677 623 706 767 814
1992 2007 2039 1943 1947 308 1970 1964 265 1975 2028 1946 2051 2042 237 291 253 1962 1965 269
261 2041 310 2000 1279 309 170 257 308 147 120 306 144 2020 2071 228 1984 278 190 222
179 1249 1543 1258 146 2025 223 2037 204 1500 191 194 1290 1585 2050 2074 20 1291 1239 2062
1328 1363 1329 1361 1368 1293 1330 1379 1288 1335 1285 1337 1375 1367 1354 1364 1390 1362 1284 1309
1463 1506 1511 1199 1247 1402 112 1455 13 1421 10 1428 78 95 1429 1015 35 1194 1181 1249
176 1236 183 2056 1163 2013 1281 1238 1161 1568 1397 1540 217 224 1401 1188 2 1256 2022 1279
476 1654 1870 675 667 1692 507 616 426 463 1850 1657 1670 333 1602 1855 1627 449 613 1633
1236 1430 183 2065 1164 1178 2080 191 1515 1163 1411 33 1495 1140 1019 1205 1418 2051 1264 220
244 326 159 304 367 225 345 1628 267 1610 179 1563 1594 362 204 158 1560 299 237 2031
1547 2080 1507 227 2043 1215 128 1593 169 42 1502 187 163 2018 1534 2036 1211 12 205 78
313 1585 1612 1618 348 1552 2027 293 1619 1635 244 229 109 363 192 1569 272 253 2055 278
454 489 515 632 1875 542 1674 494 1842 484 602 611 404 525 442 535 633 533 1852 1840
407 1635 421 1687 1578 343 1630 323 1678 1710 646 461 1603 1595 1586 632 1705 398 482 478
1432 1517 82 1223 1202 77 1561 1545 1566 1037 1409 1480 35 1504 127 87 187 1489 1006 136
624 663 500 791 1691 1714 499 706 857 596 824 1647 1719 862 651 722 817 711 650 455
1529 2065 1503 1550 18 1595 223 205 211 165 225 70 2086 31 1591 178 1219 16 2048 1258
133 1550 36 1547 2050 236 1517 5 91 2015 1589 203 1193 193 1536 154 1571 136 1237 1507
