468 532 489 450 435 479 515 442 526 441 473 548 497 445 507 508 505 469 535 534
11 608 603 592 1442 605 1412 642 1446 689 1440 635 1476 1484 712 662 31 644 623 637
3 585 679 692 628 582 554 1422 696 1427 671 1456 1438 644 653 709 551 626 1421 1436
22 711 737 5 724 719 38 645 40 622 14 703 738 704 648 692 682 32 693 646
756 777 745 711 764 766 806 752 776 759 774 765 810 733 741 799 751 728 713 796
70 90 92 47 99 118 101 50 126 53 71 103 94 145 93 136 1516 109 51 78
102 126 124 1528 93 74 148 142 83 116 89 169 161 1515 135 104 122 170 1505 99
417 439 396 454 404 436 389 380 373 457 399 419 433 461 393 397 464 416 468 394
193 1516 1497 1524 220 104 204 210 172 91 206 1510 152 174 132 167 1539 1512 147 1505
460 545 465 478 548 451 488 543 521 506 484 499 491 442 544 507 464 461 446 531
1468 1508 101 618 154 177 651 1484 1512 1459 1427 1500 1441 1507 648 1504 628 1483 1517 1541
166 193 1480 152 1434 216 1460 1439 1534 213 1485 210 1410 215 1417 130 1435 148 1433 1492
147 180 126 1433 160 1491 1421 1474 1498 158 1419 163 205 133 1541 128 97 1535 129 157
122 161 94 1472 1470 109 185 67 1462 1417 1524 1500 1520 184 104 1485 101 1467 1413 180
148 179 172 1477 169 140 1463 1419 1413 166 104 132 1515 95 204 145 1431 1488 1494 175
348 364 312 328 306 403 350 385 332 372 371 336 396 352 344 321 308 340 404 329
642 657 1441 1484 1427 677 32 1431 1414 1 1498 1435 611 617 662 667 1426 1490 610 1428
194 208 1520 174 182 170 1526 223 209 157 176 1542 1535 1492 158 160 162 175 220 1470
1477 1502 174 1480 1438 600 622 1487 1486 1482 119 191 623 1518 1425 113 115 630 172 620
628 1450 1489 1488 185 1478 1460 30 1510 189 1486 19 591 609 9 27 640 595 1480 160
628 1474 1479 1483 618 643 604 175 1542 1526 1414 631 624 14 1439 1518 1465 31 599 612
115 1543 1483 1492 175 172 173 87 96 1530 81 140 189 95 135 1519 1503 168 119 123
444 452 521 409 522 415 517 516 496 407 472 404 458 506 411 433 504 493 439 434
668 690 692 691 665 3 711 672 706 28 646 33 45 729 716 5 667 663 674 1
801 828 835 838 813 794 763 802 772 810 779 758 773 778 824 781 800 805 783 839
442 458 435 527 415 524 496 489 411 546 430 495 414 532 419 397 510 462 482 454
18 700 10 696 41 624 632 699 744 731 651 671 25 633 30 28 728 707 634 45
614 1452 611 153 649 1505 1443 1476 180 1438 1442 618 612 155 640 1509 1427 1 621 1418
476 531 479 487 444 548 434 437 482 496 458 526 501 484 463 540 542 509 549 532
405 436 461 412 490 392 424 430 366 458 491 487 488 369 368 466 395 381 439 418
154 185 202 138 113 201 162 101 1478 160 214 110 124 129 1477 178 199 1464 1466 1532
745 774 727 775 722 744 732 785 693 812 712 709 816 697 777 802 783 801 805 755
173 1485 1529 129 164 1497 121 125 1436 119 1515 1479 631 1462 1494 1435 1492 1510 642 201
1438 1469 141 1516 647 617 1426 1444 1538 174 1418 587 630 1456 1420 171 1534 598 147 638
87 124 1519 128 140 73 77 106 85 1513 174 74 1536 169 107 163 93 130 155 158
232 251 214 285 221 218 275 237 253 239 220 287 296 238 241 215 252 264 284 302
617 1456 620 633 1509 1429 26 1443 23 639 621 593 618 589 171 163 1513 586 598 1441
155 1494 1537 168 1472 643 148 1513 632 1421 167 110 172 1488 626 635 1503 188 1490 1458
688 740 698 32 669 741 6 723 705 695 38 36 777 771 5 689 737 35 760 43
748 785 758 708 788 779 767 784 828 730 822 780 716 725 719 736 800 698 770 745
151 1490 1459 1512 1413 175 199 95 1525 1443 114 126 1429 1410 1458 1479 134 153 1481 1453
78 129 109 54 1489 96 1513 1506 147 1539 1524 118 151 125 1528 89 172 98 88 1505
1475 1532 1471 619 1446 1440 629 1425 634 109 1488 1477 132 1462 137 1457 1478 1453 138 641
143 1491 618 1520 1421 1507 642 1497 81 173 123 187 1526 154 97 188 602 1543 168 1513
183 1534 1515 1489 1477 1432 104 1494 115 105 1431 1520 198 202 1481 152 1517 1480 94 1529
466 532 531 511 492 485 528 465 523 546 497 504 450 474 493 494 526 487 435 516
325 346 306 341 349 388 350 321 314 315 395 345 377 364 317 369 376 336 300 316
251 287 235 281 229 305 308 266 263 262 300 246 297 303 295 309 265 252 237 248
174 1448 1519 1465 1528 599 595 1452 616 1411 1492 1443 164 628 1449 1503 153 187 1457 1534
596 1411 1457 575 645 1431 611 592 0 156 1439 584 169 16 621 1454 627 147 579 1420
126 1534 182 133 1491 136 1498 77 95 131 1501 170 1492 1484 1499 1508 74 189 120 149
720 735 9 724 676 25 723 750 766 705 762 765 714 702 690 764 12 672 675 16
799 815 758 761 795 828 818 808 772 814 839 835 820 823 780 830 822 754 768 779
170 186 1416 1497 201 1449 205 1466 1424 1468 1499 143 1489 118 1443 154 1448 1426 1535 188
714 751 746 667 43 668 719 35 769 37 25 32 734 687 673 745 763 682 4 688
687 698 6 715 714 722 710 708 669 42 730 699 673 37 49 685 734 706 747 704
190 1518 143 1510 191 133 1530 153 189 164 155 148 1520 176 1483 1512 1410 184 207 1516
581 601 608 580 623 613 644 598 609 1424 634 553 630 1472 587 625 560 1479 1456 621
200 1487 1540 156 181 165 1494 213 182 142 160 1452 621 640 1506 632 1503 1474 174 175
1427 1461 161 1415 608 1481 184 178 1441 151 586 185 149 1495 1484 157 1440 1488 174 607
619 1474 628 640 1516 167 197 17 1430 1471 143 1418 140 1478 166 1466 30 196 1413 1469
21 615 1490 1482 1 1451 1452 1507 688 695 669 663 632 1418 1438 718 700 724 1492 721
461 548 444 495 532 507 488 471 492 472 484 481 479 447 498 504 543 476 547 502
238 259 230 304 300 306 270 237 291 244 309 256 265 278 261 301 228 253 275 299
24 648 1476 705 716 608 618 23 696 709 650 670 1460 29 640 44 1424 657 1436 45
763 797 782 791 790 744 804 817 772 724 746 747 783 787 780 761 795 729 825 750
647 1429 625 664 1470 1451 1446 34 656 1498 150 1 1465 589 675 172 1488 1493 642 180
323 340 305 326 297 343 333 364 382 311 368 373 352 350 357 349 328 316 342 365
410 444 489 436 412 387 374 429 440 366 497 390 445 402 437 503 373 465 463 426
566 593 557 596 1447 602 551 1434 1436 1432 13 594 585 20 1418 605 1 568 563 590
92 152 64 1454 178 1463 1529 98 1523 1532 149 186 119 1466 1498 1467 1479 1439 69 1464
1456 1467 1471 151 621 189 139 619 1517 1474 1420 1516 1419 617 1488 141 624 647 1483 589
161 1508 92 1474 1451 624 1438 152 619 1520 1541 96 1413 134 633 1466 143 1493 168 133
644 1450 1420 22 602 1479 158 1453 628 674 1459 172 1488 152 1418 17 151 183 649 160
224 243 236 213 286 267 233 237 239 269 223 232 234 231 274 206 242 258 208 292
1479 1497 639 1453 1481 1449 1431 601 197 176 191 186 177 612 1535 1435 157 129 1476 1493
627 1468 139 1502 1413 189 1414 1426 3 1428 1493 1519 7 16 1 616 1497 623 622 1415
459 544 487 465 473 494 464 490 514 498 448 436 469 486 508 496 527 504 445 434
646 1442 1436 30 162 1485 629 633 1428 156 594 1494 1452 15 591 182 626 659 158 643
651 683 1470 36 618 1419 672 695 693 670 664 30 41 31 686 714 677 690 19 6
1465 1514 152 1422 117 131 164 111 1436 629 1496 1440 158 1510 127 116 184 1439 1499 1506
684 729 748 725 29 690 762 747 687 727 5 660 672 701 724 43 15 4 734 657
1503 1517 1514 134 625 1486 1466 1464 1515 106 638 1489 1511 179 164 1513 196 1520 622 168
474 513 507 470 445 522 506 448 488 540 460 478 486 465 466 484 437 487 511 475
224 241 230 246 201 216 273 213 245 223 236 206 227 219 270 274 280 210 214 238
1422 1439 1457 177 635 604 170 584 1419 647 178 1431 163 1430 1447 141 1484 1413 617 606
1434 1467 619 1486 1501 642 1471 1497 1453 643 1420 627 633 607 626 639 154 157 1459 1460
458 498 519 496 547 541 532 434 463 537 500 529 518 466 430 460 435 533 433 442
634 1473 174 23 137 1530 639 1474 1520 160 182 1486 154 1460 655 164 145 1495 1502 1485
636 647 628 668 1465 1437 18 1424 1447 608 1489 1451 1498 1483 1434 1486 1506 1497 21 650
331 354 379 372 375 339 367 304 351 329 341 368 344 349 365 311 362 391 301 319
162 1489 193 1493 1534 192 1490 1500 622 158 1511 174 619 200 1469 154 163 1428 185 1444
1476 1495 626 646 1427 147 131 165 1455 607 613 1494 1513 605 124 1504 614 1523 1537 1496
340 354 310 384 335 344 325 301 387 309 350 342 365 366 338 304 302 385 360 346
1494 1532 1480 1537 165 614 1478 179 613 1513 166 604 1453 629 1500 1492 114 180 103 1459
179 1528 151 1498 210 1428 1517 1532 187 186 165 1450 1449 99 171 205 1475 162 202 97
1494 1543 1449 625 101 178 1470 1490 111 115 102 1454 606 192 619 1473 1450 118 610 1505
613 1440 1424 1471 1489 1464 26 608 1494 1427 1492 646 1445 611 637 1456 21 603 590 1468
407 447 493 483 503 488 444 478 486 367 481 429 384 494 405 435 375 387 454 505
1 717 714 672 698 696 15 577 599 736 639 656 729 34 759 583 620 662 608 580
413 432 395 481 458 430 389 453 398 382 385 372 456 436 460 381 444 479 445 401
734 768 754 750 795 742 771 701 18 696 789 788 811 683 26 762 787 749 786 739
594 1462 173 167 633 618 1445 607 619 180 600 631 190 1500 1 1495 578 145 557 612
179 1413 643 591 614 642 1493 1462 1473 599 1509 625 635 607 1421 638 1498 1504 609 142
181 193 196 1460 199 1430 219 204 1449 1451 213 1441 1533 1462 201 1534 1469 182 1528 1471
475 512 514 434 537 515 541 518 483 494 445 516 511 530 535 437 536 513 441 451
1474 1491 1504 1506 606 195 174 633 601 611 1450 614 156 148 649 1464 196 129 1534 175
167 1513 114 628 133 1418 1467 174 1450 129 1448 624 1543 1511 121 1439 157 1476 126 137
649 665 1441 618 654 15 667 662 612 35 672 41 1455 33 18 31 678 661 1470 691
505 537 483 470 467 538 452 536 494 484 530 481 468 525 495 502 523 482 548 545
409 445 389 376 493 433 365 379 401 476 431 428 385 423 479 458 460 386 449 480
405 431 458 366 448 376 433 375 363 480 385 382 450 409 454 438 455 371 445 398
587 1414 154 1422 164 3 625 1443 577 552 1450 188 608 634 622 186 1451 618 169 1439
39 699 660 684 679 10 675 18 711 24 29 1 639 714 4 637 34 682 16 697
757 773 742 747 733 740 749 799 785 789 772 732 721 777 778 796 735 745 731 743
170 1492 648 619 1463 1523 1484 633 171 1522 1483 614 1486 133 1413 178 640 1502 628 646
349 373 378 363 399 377 320 382 357 355 315 416 393 395 347 330 352 405 396 422
758 779 788 763 805 798 724 793 739 731 802 743 766 730 791 728 787 810 785 759
322 333 364 373 302 323 304 338 343 369 296 366 354 378 307 348 353 357 341 306
595 1421 183 154 1446 1411 1410 156 1424 576 0 580 587 1429 171 1456 607 174 624 1468
290 305 282 287 340 326 277 334 337 347 261 299 257 289 303 312 265 259 284 317
633 653 1459 1410 1504 685 1465 654 664 34 689 1463 622 1487 9 1470 659 1429 627 667
821 833 800 832 780 810 798 826 795 802 834 804 830 783 812 836 790 785 803 839
778 811 821 742 750 833 770 793 783 830 749 812 763 734 837 751 785 822 776 774
622 1415 23 612 623 161 184 9 156 1474 591 614 146 174 1511 1437 1429 605 152 26
351 368 386 398 365 346 385 353 407 348 319 339 354 335 344 394 376 393 328 329
781 800 778 757 837 831 791 780 818 771 812 798 789 753 830 752 820 838 779 804
161 1423 1414 627 1516 1502 1484 1472 1410 1524 1456 634 132 175 649 597 181 1469 178 641
602 1469 1458 13 145 588 191 629 167 1455 1416 1422 1523 1440 1491 578 186 598 591 9
228 238 227 218 220 260 208 226 229 262 213 211 249 258 267 242 263 254 256 216
189 1487 1520 198 1501 131 633 166 212 614 167 1437 1489 1412 1471 199 638 647 1483 127
452 470 419 527 478 450 548 504 537 538 449 453 521 520 439 426 515 473 428 461
69 131 1519 84 47 1483 176 1513 149 73 74 1522 1518 129 1528 148 1503 105 52 1489
458 506 532 537 520 487 453 541 457 505 482 461 474 437 481 471 491 536 472 485
147 1514 1454 140 1410 1418 1517 1542 1460 1477 1535 629 1453 109 1473 172 142 139 176 156
623 1482 1464 142 1460 1536 601 608 1427 131 1454 132 194 1512 634 127 1453 1470 21 1531
148 168 104 1504 1542 1428 1492 109 1445 1535 1532 1426 167 103 1538 1482 1455 143 1416 1486
586 1447 640 1460 166 1479 573 598 564 625 577 184 167 189 0 156 570 590 142 145
106 119 1532 163 1509 81 124 1497 1508 171 73 1493 1504 133 1516 64 1506 1515 168 1502
301 332 286 328 368 314 344 278 327 330 353 295 252 264 267 333 287 299 280 303
172 1439 1489 132 1523 118 1499 574 640 139 579 1531 1462 1426 1437 1542 611 160 1421 125
599 616 1412 1493 648 1411 1494 1457 646 1444 633 1485 1474 589 1475 1504 551 8 640 603
137 1471 1516 1451 98 1529 1513 614 619 88 615 93 608 1538 109 1450 140 177 1528 155
601 1442 596 614 10 151 555 650 1441 160 597 157 176 1465 182 164 167 144 575 580
143 158 1495 1507 89 1539 1443 131 1502 123 1470 144 137 103 157 1494 1487 83 1417 1526
380 416 355 440 352 346 451 343 392 360 328 374 381 384 395 424 415 366 376 410
298 305 332 320 275 310 294 278 272 288 249 297 306 349 323 325 247 312 344 303
298 306 314 312 338 321 281 256 282 297 253 278 335 333 284 337 250 303 332 309
167 197 1518 1489 1418 1522 162 1459 136 130 171 1505 192 1493 164 1463 1444 1501 1442 1452
187 209 1441 177 180 1524 211 216 1491 1412 161 220 1529 1462 181 171 1502 1414 1490 189
