857 998 340 570 362 389 891 973 601 550 595 912 1036 381 385 982 379 335 906 449
604 837 701 668 704 631 609 633 619 618 667 569 822 719 513 674 819 689 575 664
446 596 575 547 626 986 1023 628 448 443 650 943 379 618 887 701 465 520 469 614
363 1005 324 889 870 496 881 358 425 402 1064 896 907 462 560 979 931 939 862 929
379 463 597 512 489 901 342 1008 530 893 1011 521 365 404 372 547 541 301 550 946
791 806 707 760 709 743 699 692 660 741 665 801 693 717 825 782 698 773 768 630
498 622 511 720 1030 836 964 1029 868 950 590 639 728 460 635 645 1009 491 562 937
209 264 285 232 179 222 1156 326 276 270 1140 158 279 177 322 245 302 248 205 309
95 141 130 87 38 103 136 184 40 63 111 155 120 66 57 1186 138 132 121 51
636 672 751 828 643 678 805 757 591 536 775 568 720 665 538 731 798 567 484 642
348 903 866 851 585 923 387 487 353 859 907 391 474 552 549 873 962 948 344 306
518 597 982 907 374 558 476 890 438 874 567 691 855 450 969 385 698 489 416 940
467 959 314 448 450 552 869 926 988 1002 378 979 530 525 1024 510 331 555 489 399
972 1041 356 579 1138 482 531 917 975 367 898 506 1071 1140 980 500 577 897 930 456
45 98 87 10 74 121 159 13 11 143 164 80 177 53 135 29 2 55 16 134
327 999 1049 866 384 897 473 524 1065 362 946 1035 586 361 558 387 908 521 424 975
461 893 965 976 567 945 970 452 920 438 1000 422 963 530 508 985 858 857 967 326
338 886 499 381 348 891 350 949 991 413 910 878 585 498 978 1028 1029 341 866 490
377 441 588 288 969 416 346 916 423 566 1030 462 415 956 931 321 928 384 484 885
889 1025 1058 473 930 896 582 351 525 423 435 452 924 517 504 588 394 979 557 482
411 949 997 998 952 1039 1140 852 419 458 310 341 349 1040 499 565 348 991 533 936
509 582 518 426 540 395 448 381 980 959 485 537 438 1032 903 605 1020 533 948 452
568 620 460 594 821 437 534 432 1016 983 1026 967 985 618 913 556 722 680 549 467
502 944 1022 1031 988 575 600 441 365 940 382 1041 975 931 609 586 590 488 966 644
1189 1208 1204 105 50 1220 1152 1193 1215 87 108 1188 1221 1199 102 98 1232 1209 1145 77
376 871 1020 928 403 443 984 397 510 907 281 987 992 932 292 856 1023 889 1045 976
38 90 74 138 22 62 108 173 102 107 99 104 103 46 54 24 84 17 168 121
302 360 992 958 364 978 857 399 972 886 350 888 310 271 377 370 1024 352 1002 941
377 468 1010 853 608 896 344 473 1021 461 994 953 513 1022 349 547 296 616 530 926
325 1011 511 445 1018 929 281 264 910 377 312 390 330 476 475 294 359 498 288 1025
580 1016 914 525 1021 557 954 1005 489 465 421 507 445 450 395 957 387 447 859 488
349 928 868 406 592 1030 548 984 398 378 365 1142 353 379 299 457 1013 341 351 523
70 1191 1174 63 1163 1198 42 110 107 12 0 4 1181 1204 74 1211 1152 13 1192 50
1144 1186 1163 312 239 275 1155 1111 94 1093 93 1134 1142 1170 91 1190 1167 1070 932 1145
184 1181 193 96 168 167 1201 1150 206 156 1179 1158 244 1156 1162 87 165 1145 110 147
679 721 804 681 637 617 604 671 655 785 829 628 788 831 807 821 631 678 838 596
524 1011 617 484 402 584 650 549 462 567 444 1135 615 869 1061 548 520 941 400 455
399 913 475 296 470 576 439 324 971 990 383 930 991 517 537 479 1019 502 882 1000
864 948 1034 964 321 549 879 921 363 916 384 1038 301 1002 308 502 463 351 421 952
536 616 929 425 381 444 571 448 401 815 435 374 394 1000 867 476 956 547 859 532
554 637 938 723 866 521 474 815 556 442 561 947 708 887 943 558 489 444 512 715
545 987 480 571 865 947 472 411 1047 1032 392 487 561 541 367 562 1003 495 944 328
498 1024 872 330 543 314 620 403 892 899 987 389 942 412 583 1015 637 626 617 563
531 1017 884 539 923 963 992 871 479 563 1054 313 558 554 945 1037 597 305 938 1041
128 152 41 147 106 157 111 180 99 184 201 81 159 185 104 178 127 176 84 40
326 340 251 889 912 864 390 951 1016 254 924 301 343 358 383 959 993 354 1021 348
413 535 411 526 374 867 594 891 488 437 871 396 900 569 573 448 467 635 394 486
309 938 208 499 359 858 347 370 233 212 1135 923 241 293 419 1020 1038 980 259 350
630 836 605 674 597 546 682 585 669 530 506 515 553 504 557 552 571 652 613 656
219 263 301 1172 195 279 171 193 1160 1151 296 1145 212 1164 178 175 194 277 190 209
701 729 672 804 718 812 760 787 704 837 602 725 614 599 691 798 731 677 818 835
407 930 524 1134 345 1024 503 1011 386 431 956 396 852 392 971 936 927 576 549 1004
393 440 329 903 1019 406 917 374 359 279 889 481 887 868 364 944 299 855 394 925
447 966 426 880 477 428 858 886 507 570 544 877 377 498 938 435 562 920 347 899
589 897 371 585 453 369 943 914 624 656 459 352 353 533 529 645 951 401 443 530
473 1028 1136 541 579 491 331 966 884 879 575 627 381 1003 978 632 596 552 378 321
268 1164 303 1161 267 253 237 1146 1133 201 234 214 219 296 1158 1202 200 1175 1129 1160
634 707 460 624 660 547 730 510 574 805 692 687 749 636 466 561 713 470 477 551
530 984 415 414 638 411 421 851 471 1016 580 867 635 985 983 391 943 361 412 474
230 306 890 330 376 289 880 889 398 332 317 1150 242 1156 231 1161 340 308 348 182
862 1009 560 437 433 967 610 947 1135 612 541 961 441 603 491 888 354 478 460 548
595 632 915 605 715 456 565 662 442 906 707 616 502 691 462 813 708 555 668 850
483 1013 1023 593 321 1000 937 396 544 328 529 432 1056 893 979 314 379 909 458 879
485 619 941 854 421 550 403 913 533 648 505 705 973 475 386 852 528 828 1020 709
489 580 876 1021 640 374 485 1030 941 410 940 952 1033 635 918 620 1032 861 575 932
381 425 389 342 396 476 553 512 586 492 334 563 535 1021 497 376 594 431 368 465
558 969 451 311 425 327 318 403 628 374 417 536 609 472 430 1015 995 637 965 467
952 1035 992 536 518 425 1034 1140 875 1010 909 565 1037 391 460 477 386 934 499 865
517 959 619 882 374 546 891 319 1042 555 854 335 922 511 962 937 971 627 952 362
524 893 621 638 461 580 906 414 1022 630 1035 888 486 929 355 541 440 1024 321 581
431 468 607 946 470 859 872 595 536 564 627 577 570 1017 478 365 633 1010 994 1007
879 974 943 1024 385 331 372 1046 596 990 1044 980 436 916 957 410 1026 941 376 475
519 569 410 487 564 394 600 461 599 970 865 612 462 961 374 1019 869 399 632 926
503 855 542 961 346 340 430 517 371 465 527 422 579 891 372 650 331 558 370 906
517 997 512 1042 859 527 485 962 1034 546 584 609 1022 934 885 986 1037 513 636 521
906 973 392 964 989 322 986 474 506 394 561 370 335 890 1037 995 1009 1040 852 579
967 1051 1016 889 1058 517 546 1062 360 1089 1001 318 947 1022 539 385 1141 348 883 434
481 856 380 479 936 466 414 394 573 578 511 535 871 508 968 322 1041 335 406 480
372 854 319 480 488 961 562 332 983 398 602 896 335 503 336 381 457 909 890 873
366 883 323 981 901 980 905 524 521 984 477 476 857 917 1012 446 400 350 1009 506
1046 1092 1063 987 996 978 553 1122 1052 950 1121 452 1059 948 1083 1054 1007 1080 988 967
399 1009 373 851 346 878 1024 1062 525 286 862 942 944 531 471 930 337 1020 542 910
567 988 369 514 406 924 519 959 1023 453 564 540 495 906 867 550 538 974 888 970
882 979 939 334 951 561 944 1023 967 565 447 972 361 470 593 303 938 430 456 357
292 359 884 894 924 384 899 871 413 308 1008 398 227 979 239 880 295 381 875 409
516 927 606 642 593 1133 535 859 961 337 1036 901 428 1025 628 392 385 928 982 342
454 993 529 909 981 399 861 864 607 382 502 957 968 588 449 476 390 386 965 1020
455 900 574 487 858 587 586 334 507 938 970 869 881 383 886 546 541 430 488 328
710 738 745 754 771 781 620 787 723 812 695 671 618 664 718 806 782 816 752 647
363 967 994 283 357 573 960 576 596 575 970 904 331 502 996 922 549 479 486 595
430 584 1004 383 515 424 648 992 1023 425 949 860 403 889 405 376 853 562 868 994
90 156 104 181 33 96 81 89 168 176 53 110 204 113 154 71 210 1176 142 145
79 102 69 171 111 52 78 165 98 89 191 127 86 152 50 174 84 149 157 42
175 244 266 210 139 234 223 1152 1144 215 113 157 243 1147 1171 187 154 186 239 222
1036 1049 885 587 1016 934 395 875 939 1103 546 383 853 452 1032 462 894 956 973 586
368 899 910 870 994 432 532 333 1003 963 487 311 980 867 1030 482 434 298 506 1018
1068 1089 1062 1077 1074 1038 1033 1055 1134 1151 1078 1049 1039 1113 1084 1118 1139 1124 1106 1150
673 823 759 675 638 779 832 834 599 630 602 782 604 751 646 746 667 724 725 712
534 900 448 551 898 1029 594 315 575 397 973 333 914 974 407 961 420 363 456 590
426 557 564 895 873 399 429 854 926 532 870 622 916 562 550 575 913 427 463 454
864 1027 564 453 1012 887 941 482 332 534 1028 866 554 424 585 417 318 867 998 608
434 468 923 365 974 489 370 635 469 952 975 417 399 564 484 954 584 915 922 865
472 1041 908 610 454 1014 457 628 988 974 555 900 573 521 1076 399 957 525 868 939
662 734 787 621 688 829 678 774 703 674 735 747 711 808 697 677 795 684 725 661
411 866 530 915 382 1004 282 359 543 284 887 327 447 956 547 898 984 954 927 1013
208 232 260 1155 231 250 157 227 252 156 299 243 1170 323 255 166 215 211 319 263
569 596 1018 478 1007 429 514 1032 462 527 554 947 638 568 654 636 961 837 456 625
101 173 37 212 197 164 35 178 238 228 118 89 217 169 170 84 215 1177 97 166
411 934 286 1037 388 549 285 984 352 979 1006 921 928 288 440 358 972 857 505 975
500 907 1008 510 589 1032 861 466 585 1014 520 398 929 450 616 586 607 909 873 552
898 968 1138 857 584 529 1016 945 965 337 913 586 1030 519 587 380 1036 444 580 851
511 988 372 875 935 619 417 393 560 319 457 1012 551 995 1027 983 449 436 461 397
491 935 535 875 340 386 927 353 1018 303 493 991 1136 500 366 632 392 851 594 987
360 1027 854 380 481 861 922 1138 452 1133 1043 864 923 1022 978 323 1036 970 904 505
663 813 792 705 816 718 700 640 814 777 661 745 831 633 828 803 826 820 808 680
757 808 818 722 824 764 714 803 676 704 631 775 833 727 779 711 686 660 769 750
398 889 908 380 323 280 432 339 987 532 922 910 851 1034 493 1029 878 476 513 358
239 1147 187 274 236 198 1177 1137 1155 1056 1178 217 214 1176 285 1129 177 305 272 1132
518 640 817 565 725 438 607 721 468 733 554 716 550 605 903 610 415 460 381 1012
310 884 364 856 552 505 326 417 391 221 1001 223 257 999 285 866 862 362 524 288
529 999 891 927 380 406 1041 996 432 523 916 920 548 328 905 377 974 471 319 480
660 827 608 628 836 742 711 625 794 647 741 785 760 690 770 709 674 655 819 735
132 180 169 205 85 1180 145 1156 224 107 203 1166 247 177 138 195 95 212 1167 221
369 914 558 397 353 409 536 435 865 1051 1045 987 1011 445 958 452 541 986 962 371
525 641 688 423 708 920 1037 619 922 625 989 1017 649 965 835 473 393 836 512 587
662 780 686 802 665 793 781 632 635 718 837 778 705 738 712 789 810 638 671 760
451 599 857 484 408 590 1038 511 980 999 985 414 636 897 626 684 896 1031 918 597
456 851 925 474 962 1040 632 883 354 881 554 379 374 1022 832 1034 582 910 377 490
534 629 997 903 960 814 446 929 703 679 605 505 1037 490 863 516 1008 889 510 831
932 1023 1015 381 546 869 332 305 444 1057 535 316 399 477 488 867 442 513 433 459
884 968 1016 476 323 527 893 472 896 972 596 434 889 580 493 956 947 932 547 890
774 811 735 699 752 632 727 681 619 775 769 762 630 749 622 729 780 696 612 697
425 1023 934 991 392 360 378 455 478 1047 387 529 333 852 449 586 542 549 881 1035
582 620 677 862 636 913 952 440 838 942 824 545 877 576 1000 558 644 399 1036 438
452 610 690 453 1036 404 585 665 386 403 876 1022 952 602 900 451 687 480 549 838
598 854 681 444 1029 500 569 447 564 581 1002 706 613 616 672 972 628 540 938 1017
101 115 172 78 149 29 109 179 185 89 86 56 171 4 66 169 128 32 121 175
1075 1153 1185 225 1046 279 1115 1105 1109 1093 1045 1116 195 1135 1188 1053 1139 1108 211 1106
567 640 944 628 830 467 521 699 578 489 1018 967 988 614 1011 531 956 440 460 497
555 1029 893 885 379 407 1016 945 489 389 515 525 433 949 987 436 550 934 865 992
483 863 393 577 404 502 972 624 496 931 954 406 586 579 1002 988 523 996 990 448
892 998 410 380 876 951 442 312 588 333 544 1060 1058 971 1021 385 903 1062 304 891
567 633 476 537 504 935 604 553 649 385 998 833 988 530 496 529 862 542 502 1002
460 867 960 1045 326 1030 861 357 354 1042 897 993 968 967 976 493 609 611 440 934
565 1020 499 1038 433 324 1004 309 567 473 880 585 330 558 985 1138 409 368 320 855
442 584 557 1041 958 950 449 582 395 981 484 937 909 617 588 474 850 922 525 370
361 888 990 1023 915 553 293 978 356 305 502 926 984 883 516 910 467 943 909 503
856 1027 934 997 501 1034 452 430 1058 1023 382 582 1047 334 423 947 597 485 602 964
395 473 530 388 536 850 882 607 899 353 291 316 891 514 953 928 1001 409 596 308
482 875 980 472 940 869 548 375 624 878 985 912 939 1024 972 899 1029 639 474 570
