744 786 72 734 34 1203 822 820 1226 1261 112 794 71 21 1269 65 777 102 1244 73
256 955 210 269 254 313 966 952 244 996 1001 922 227 232 933 345 287 988 203 302
57 791 729 756 753 1210 847 97 802 846 1202 75 717 22 118 1248 104 734 26 91
165 853 918 117 103 834 154 223 173 224 202 209 96 827 859 1271 134 105 151 900
284 992 345 923 927 361 328 358 381 325 372 977 254 253 248 262 353 307 945 398
321 375 327 994 973 385 1034 970 424 297 1019 435 391 334 344 352 944 433 419 402
771 1233 1235 728 90 763 36 1203 835 1226 733 1259 42 53 761 1271 720 83 65 722
510 555 467 558 525 1179 579 539 484 531 446 1177 597 1169 451 578 1188 1166 1187 459
63 807 779 39 1230 8 98 31 769 726 853 99 123 20 24 82 81 85 780 86
1205 1214 823 1227 1194 572 794 119 852 47 846 22 774 1226 1220 1181 116 31 569 687
10 1204 689 576 1212 1201 653 725 739 773 779 669 1217 1219 53 15 668 570 710 28
470 495 406 532 498 458 453 419 456 476 440 415 510 537 535 425 434 450 460 509
19 685 651 1215 52 1222 59 702 698 32 71 1204 678 1211 659 1198 653 61 738 21
552 1187 580 591 593 1161 568 571 1190 537 582 547 508 561 572 527 1209 534 563 1177
236 251 956 943 255 278 221 905 270 237 207 177 215 291 303 307 187 217 979 302
427 1012 480 335 1035 305 1067 496 417 470 1002 352 970 1030 413 411 477 425 387 1042
126 1273 1225 894 855 77 150 125 827 151 70 1256 765 166 779 101 810 177 172 889
81 802 1262 1265 62 1276 771 761 1236 756 799 130 1238 1209 1250 48 828 725 832 793
1193 1205 87 22 52 64 779 1215 48 783 802 39 1235 49 18 742 777 750 47 86
435 1069 364 1072 412 472 436 505 485 1017 1068 1067 1088 512 396 1043 418 1074 496 453
737 1201 1204 726 794 39 721 99 1222 692 81 752 597 751 601 801 729 750 788 52
196 913 860 170 921 228 148 166 157 239 200 877 215 863 244 237 205 185 878 240
122 869 831 115 828 838 850 175 1265 104 147 180 889 906 179 130 866 98 816 832
176 194 934 144 924 145 155 939 195 923 846 147 220 915 175 935 894 932 918 884
937 970 351 936 328 265 996 299 1006 968 200 278 349 264 273 267 320 259 263 372
336 1023 417 954 976 399 383 333 291 953 988 1037 392 1036 409 1047 978 369 1028 989
771 1266 123 1274 48 32 110 1223 101 786 794 1222 42 790 842 35 98 845 791 1208
413 1050 1048 432 351 428 415 361 1001 454 433 1038 1027 1012 406 1080 1075 372 436 419
254 277 963 260 989 962 992 273 242 241 316 279 342 909 300 272 908 232 967 321
1118 1144 1149 1175 1125 1088 1167 1114 1091 1105 1172 1117 1093 1171 1094 1092 1157 1161 1170 1158
914 930 903 170 184 261 289 182 282 164 161 931 176 927 220 225 933 918 303 252
1249 1275 102 69 124 787 781 806 772 852 1213 807 848 771 1219 814 64 127 794 786
1232 1270 29 90 37 127 747 788 1251 769 115 835 780 91 1240 784 762 770 36 814
154 855 818 839 135 173 817 102 182 194 863 129 144 871 152 875 909 822 868 905
549 1186 542 567 1181 585 526 512 590 546 1191 1187 575 562 514 1198 550 1174 564 532
439 1026 379 468 478 409 387 367 421 413 481 1022 333 1062 356 431 1081 504 329 355
522 561 1173 1192 509 1185 521 541 601 1181 469 592 530 511 472 487 558 479 478 547
104 782 799 138 741 41 103 733 88 1250 1224 848 790 852 735 787 90 113 77 1261
398 994 362 946 284 308 336 1030 958 1040 1031 436 440 381 428 427 275 1012 309 297
179 855 100 176 192 165 906 203 207 187 865 817 118 863 230 804 196 915 191 928
73 830 722 1248 760 810 123 77 79 1220 744 54 64 756 22 811 746 44 114 797
60 771 733 796 88 1207 782 1225 43 762 94 84 1237 1238 63 814 1205 50 109 1268
963 990 960 971 313 397 957 945 933 383 330 390 389 404 293 382 1013 1019 1020 949
129 188 823 857 805 838 210 822 147 243 166 241 148 902 94 841 1268 108 244 115
154 844 1226 833 1275 145 172 130 111 905 1218 907 851 152 853 826 137 884 165 136
337 1016 948 952 406 995 1034 438 334 425 432 974 421 1035 299 420 392 1043 1048 1049
493 519 551 421 1172 575 426 579 427 446 422 520 543 532 484 509 454 570 521 578
342 954 355 257 983 398 368 942 252 966 338 245 241 968 268 308 383 365 273 388
16 666 1216 55 54 755 629 66 644 22 62 1214 10 679 9 734 714 39 737 24
107 768 29 853 868 736 756 796 1254 784 1224 127 789 1256 724 73 138 103 131 126
326 976 272 975 1023 971 960 950 363 1012 358 970 963 267 283 338 354 347 327 268
374 402 417 991 454 987 359 360 343 322 365 354 988 416 984 1026 1010 1037 1066 1015
422 1011 342 387 406 454 445 338 482 463 1058 451 427 313 1022 961 493 478 1002 378
780 1205 105 603 8 804 795 70 573 37 17 74 1196 802 760 1276 716 1250 101 1219
82 1233 835 765 1239 817 809 783 87 785 801 806 33 758 1255 69 55 800 834 752
975 995 267 282 941 268 277 321 954 308 946 948 401 301 347 326 294 947 949 390
113 1220 835 1226 142 786 64 81 803 1238 46 170 85 99 790 1201 806 56 92 809
823 1206 27 824 30 778 686 841 60 844 774 14 798 829 776 724 26 1234 1181 1191
516 549 1192 526 542 567 565 493 570 1185 539 495 471 454 522 546 591 517 476 544
54 760 83 85 732 31 66 57 729 1233 1206 4 88 827 721 1248 80 56 1224 766
253 974 980 963 215 362 212 286 337 238 959 306 378 953 231 358 265 970 272 918
99 763 733 88 54 106 22 1214 825 1228 1248 808 30 779 52 33 765 736 847 1277
755 784 809 95 746 74 823 54 1225 33 84 41 767 1223 1273 1267 775 56 48 16
464 497 492 474 515 503 504 517 494 512 460 451 478 477 429 416 518 523 421 446
334 388 992 447 1044 1017 270 1025 430 990 306 1012 1052 964 353 979 1046 395 424 323
143 854 849 1220 827 153 185 815 145 864 127 909 96 818 872 188 181 97 885 187
620 638 2 662 590 640 624 669 626 667 629 603 3 7 670 625 677 633 651 649
214 941 955 153 254 243 183 972 199 180 900 179 245 881 315 940 966 296 167 237
212 252 917 218 155 919 272 298 161 302 188 285 264 248 956 288 160 914 928 171
81 1260 831 1228 108 1248 84 1276 1273 826 812 1261 1256 1225 1226 1205 732 750 1207 816
17 1197 603 11 1226 742 662 62 744 58 586 31 736 668 24 691 743 737 721 588
337 1001 330 968 981 365 354 275 406 403 336 992 997 289 352 367 1027 366 361 327
6 37 715 721 1214 26 770 66 735 759 1233 655 12 686 729 745 782 714 646 9
120 859 845 199 814 858 891 193 109 874 1264 861 173 1273 837 881 819 869 85 162
258 953 287 207 271 309 289 213 948 238 1005 976 333 288 979 237 312 964 316 248
336 367 293 972 995 436 975 354 1032 330 328 290 1016 964 327 280 1053 308 1007 363
386 446 1023 1074 403 355 1052 993 1070 449 1009 335 978 444 488 376 452 384 358 510
1204 1231 104 88 772 576 823 34 1213 755 727 763 788 782 1233 568 1262 607 51 745
357 1006 375 371 998 1010 390 413 351 986 983 425 1023 367 295 1012 975 955 393 956
372 1018 410 1055 991 385 357 997 1016 434 1022 1003 335 325 352 973 994 334 1025 993
1028 1039 1049 1022 365 1056 440 395 429 1013 374 444 1017 1062 421 1072 1050 368 1067 1064
85 838 1247 45 737 743 1260 66 778 860 48 1263 1226 848 151 753 104 760 1233 731
870 914 192 260 250 245 164 199 873 150 866 239 882 175 131 905 913 170 906 203
389 429 1069 337 1049 436 1042 391 498 1030 1066 383 441 400 432 421 465 1058 478 438
435 1025 412 396 403 451 345 414 456 459 1020 355 1012 323 462 320 440 992 995 476
815 1222 17 839 1204 789 1223 745 7 763 1236 1219 1235 850 772 1277 740 784 133 118
295 341 986 980 338 251 969 305 256 270 384 336 974 946 253 937 996 947 328 1004
323 962 970 934 340 958 301 300 391 250 258 242 965 286 386 1011 964 279 1020 278
68 96 1239 1264 1214 18 1253 732 850 723 721 826 1217 31 849 835 22 1256 1260 833
4 1202 745 714 642 726 751 1212 8 645 73 1200 668 669 754 661 717 685 605 1192
352 388 1051 447 367 329 430 408 1010 416 955 1052 1020 1058 1057 297 378 296 395 338
90 770 118 1246 49 23 94 32 1277 1205 797 1233 125 1219 1228 105 40 779 806 100
73 815 730 775 1246 32 846 59 724 731 735 771 1201 732 745 45 1214 754 822 841
700 728 778 16 33 36 48 763 783 743 777 52 759 692 1228 1226 50 1215 782 25
438 509 1015 508 429 406 1036 1019 1010 380 395 1048 1044 1039 390 498 527 1076 430 518
950 985 303 953 381 363 264 240 268 388 341 942 275 316 306 301 374 252 926 925
297 334 978 356 959 390 300 310 377 1033 378 973 1007 329 983 374 260 986 366 370
7 674 43 717 662 636 59 1199 34 708 705 676 648 720 1217 25 642 682 669 29
282 942 216 265 285 986 954 213 911 960 971 296 214 321 294 959 246 992 985 271
915 927 180 934 165 176 941 178 955 945 950 947 895 245 271 291 292 885 195 953
440 1071 444 462 446 374 510 505 425 422 434 1073 447 1039 388 468 487 424 394 453
157 199 861 899 879 198 906 189 132 155 231 911 164 908 878 165 848 901 882 191
405 1015 368 319 460 337 1068 999 991 1012 384 363 1048 312 1061 1057 1029 311 375 409
253 299 1003 980 201 263 259 238 204 199 954 909 244 260 308 217 973 262 982 346
814 1246 820 1216 1226 854 776 806 1277 1247 62 132 855 773 822 1248 1259 816 832 80
176 219 876 848 877 855 890 168 137 221 126 135 185 846 883 240 893 947 899 116
318 968 940 298 299 257 246 313 938 273 943 969 1004 990 1008 295 345 319 958 1002
1211 1245 1229 27 828 796 834 795 794 26 1228 11 54 732 776 807 1216 712 1219 78
558 575 1171 586 1187 1198 1180 583 514 545 535 539 1177 1166 587 1185 525 519 523 550
338 373 334 356 361 343 416 281 319 321 991 407 422 1030 971 980 964 955 956 1036
524 579 1179 577 555 594 1177 481 1178 601 550 561 581 566 484 511 578 491 583 596
43 76 50 46 110 745 92 61 782 1 758 834 1227 746 751 826 41 72 1218 98
129 857 146 885 189 880 861 1276 907 844 886 132 104 909 894 882 863 805 160 828
316 1004 1039 270 415 346 1023 288 1026 269 972 1007 266 265 1027 380 945 1015 362 385
53 717 783 727 742 79 773 733 782 803 799 679 85 759 784 12 0 745 693 738
796 1237 840 1251 43 789 83 750 787 91 44 100 1265 1259 53 779 72 807 1268 1249
150 868 147 179 144 168 855 157 871 896 889 206 112 906 201 138 151 877 181 178
555 600 590 619 629 577 514 632 519 1199 511 541 525 571 1195 567 1168 572 566 634
672 693 703 722 4 1212 737 22 715 740 633 6 717 1213 696 11 708 706 5 685
42 755 11 1243 781 816 801 752 20 60 715 804 1215 47 1198 1 10 1225 1242 1212
521 559 538 525 566 500 512 473 603 476 555 465 1169 535 536 485 596 602 560 498
18 695 733 66 14 68 658 0 51 654 16 736 727 680 754 40 1209 739 1225 20
553 1195 1204 1203 1186 589 597 520 512 1209 583 1184 594 1214 1187 560 1213 1179 521 568
390 1011 1008 980 426 963 405 428 1059 308 366 305 346 381 997 393 307 993 436 389
6 709 654 13 1213 664 658 679 721 1218 45 643 722 657 637 1221 665 726 685 1204
186 857 115 889 156 809 925 226 97 242 912 159 896 843 183 845 150 131 192 239
39 761 90 783 1269 795 740 51 793 1223 1228 754 115 1227 812 730 112 29 54 811
1121 1162 1132 543 1101 1181 1107 1163 1124 1160 1090 1105 1127 1122 1130 1129 1173 1150 1149 1110
246 954 351 248 908 337 331 974 921 1001 904 952 304 347 346 205 333 276 202 1004
121 160 177 1271 142 100 869 808 125 128 822 841 199 104 178 865 861 828 878 115
360 990 1002 949 1003 1010 275 396 1049 381 946 1046 282 344 375 422 365 358 371 264
849 1265 1257 1236 1235 873 816 788 177 164 784 176 1225 803 1258 120 848 71 841 1272
334 964 1027 333 269 338 252 350 1021 349 245 990 326 391 979 376 347 1033 310 950
384 980 279 255 437 410 315 389 957 291 954 1019 990 376 419 1000 300 995 1036 1038
278 1003 314 307 395 344 965 294 360 994 1044 931 406 950 292 927 1045 322 291 361
282 969 363 299 974 271 313 288 267 337 296 248 955 971 269 972 977 354 293 973
827 1271 813 811 842 1236 756 1216 119 79 844 1244 1248 139 138 751 90 1237 81 779
38 775 801 49 41 746 14 812 771 742 809 751 713 1213 825 30 796 62 729 1229
770 821 1245 103 125 849 1249 748 726 1208 731 804 839 124 60 1235 1261 112 95 139
358 995 333 295 409 1019 350 293 1050 311 1042 952 1044 971 982 401 305 1040 287 386
189 234 929 909 147 935 198 910 135 192 931 259 238 231 167 949 209 268 194 211
1127 1153 1133 1100 1116 1119 1120 1095 1091 1105 1125 1145 1139 1173 1122 1162 1144 1147 1103 1183
280 935 335 995 279 971 932 271 934 310 342 324 979 340 949 961 307 981 343 330
424 483 494 1033 1043 1045 1067 461 361 357 394 386 434 445 479 447 440 375 389 396
135 811 184 835 190 134 64 1243 815 1273 895 776 872 885 767 1250 172 1212 116 65
391 1012 1008 423 422 317 1041 358 309 342 437 412 311 359 384 433 970 988 310 968
448 497 1068 531 420 1053 410 434 1063 412 447 394 498 1050 1052 449 479 1069 473 522
113 800 1221 786 1244 851 857 737 766 743 882 840 829 51 163 781 1258 59 881 140
894 915 945 946 167 936 169 240 174 868 146 934 869 242 896 925 145 225 148 142
715 729 684 682 772 11 50 719 1223 776 76 778 760 42 4 1224 26 699 784 727
