223 232 279 164 56 184 124 286 155 1422 60 1411 1502 196 16 237 1400 238 69 189
55 1318 40 238 1377 1467 136 1425 218 1614 1304 107 1287 1388 59 99 1198 1363 1426 1359
1005 1103 950 948 936 934 1118 937 1000 1096 1135 1031 1084 932 1147 1149 949 1125 940 1017
552 738 621 804 746 705 633 853 732 751 709 603 387 708 685 656 747 793 797 376
367 502 388 839 447 1472 588 479 489 581 683 1512 520 497 598 717 690 543 1529 347
567 717 721 426 848 580 839 639 630 536 522 530 710 684 549 414 789 732 581 672
565 604 688 850 687 435 691 658 811 628 382 595 592 415 759 424 843 666 620 730
358 501 326 836 1516 451 589 255 547 606 340 344 1526 1483 373 697 433 353 1534 551
349 1464 1523 251 1423 312 1400 405 306 1420 1542 382 343 1432 1395 271 1455 375 374 1501
453 579 375 396 520 786 548 725 549 795 398 492 418 775 381 776 631 735 438 626
426 497 1544 397 596 830 488 494 507 491 700 354 1557 620 670 675 356 843 382 410
300 1541 318 1439 1285 1456 349 314 1295 1290 281 292 354 1413 259 1512 1523 1458 1510 1560
51 1333 1200 165 1602 195 1386 77 1352 1207 1393 145 62 222 1211 250 20 180 1389 220
333 1459 1550 1473 1534 289 1499 292 1463 1450 1448 1455 295 1523 1519 1497 1457 322 323 1527
412 831 448 833 523 841 463 771 371 452 1537 413 393 551 859 534 1516 772 1554 441
1019 1069 978 1138 1131 982 1087 1073 951 952 1032 1110 1136 931 1044 1150 1116 993 987 1050
489 701 461 784 643 527 1552 542 621 504 470 716 717 496 505 779 493 691 514 616
41 1178 211 1343 1417 39 44 130 174 180 176 1613 148 1374 1317 1396 159 1160 1623 1175
248 343 853 18 54 384 1403 317 273 1522 348 1426 1510 252 309 38 351 371 1442 15
372 525 700 1550 854 501 454 753 618 787 513 724 696 698 730 689 495 631 736 1508
503 700 668 801 434 395 466 675 404 725 566 708 536 437 508 705 374 449 535 532
359 516 1486 831 703 373 822 1474 772 1485 394 1420 710 706 363 756 695 846 1492 715
180 241 348 1430 61 156 1391 1386 1409 1517 214 188 1503 1518 303 165 217 340 1471 1508
520 618 433 579 745 852 725 511 583 371 754 408 522 623 855 698 595 597 411 727
1514 1602 344 1467 296 335 1613 323 282 1418 1500 1559 1328 355 263 1488 1525 349 1520 1489
378 566 724 529 725 551 807 745 648 853 418 525 735 822 704 837 447 543 770 422
1079 1120 1055 1115 1048 1102 1017 1034 1037 1171 1130 1143 1041 1132 1113 1121 1077 1158 1026 1035
817 845 549 819 551 576 363 842 564 350 858 572 808 769 787 881 833 866 870 429
617 723 514 774 711 352 379 673 783 589 661 368 786 721 556 536 429 666 383 399
25 1396 56 1344 1331 34 1428 1440 1416 1310 22 250 1505 82 1363 1394 107 55 103 276
276 306 1300 298 1396 262 5 63 1408 1473 1420 1422 1500 1464 2 1528 1235 1465 1299 1514
515 562 715 371 523 742 370 721 450 848 727 403 810 616 817 604 537 669 385 492
268 333 1544 64 1481 224 1408 1507 0 1477 236 1545 1423 19 1499 280 54 32 360 272
777 831 772 415 554 681 614 667 742 558 688 791 743 687 846 565 789 622 699 734
301 327 1467 279 1418 1414 337 1427 1550 1441 346 1474 1504 264 342 323 1407 1523 1494 1501
276 1300 1315 1262 1252 341 1190 1509 6 1489 1496 67 1407 1456 258 1457 1298 1397 25 21
460 500 827 714 601 452 584 643 532 685 1546 388 407 718 668 383 448 387 559 672
135 1361 130 50 142 1342 41 33 162 6 151 203 210 62 1618 140 1380 230 1622 1344
292 1535 1540 308 1411 1502 1447 1297 1293 1495 420 236 1236 1419 1563 1532 1397 418 324 413
1396 1493 1387 278 1546 1425 298 345 1441 363 1472 1507 1412 258 332 318 356 36 1509 1413
502 522 669 448 569 439 646 478 550 453 594 548 406 758 419 824 1553 589 379 679
1115 1161 1049 1165 1194 1122 1081 1133 1150 1208 1164 1065 1107 1036 1137 1101 1050 1039 1031 1113
374 1484 436 1438 431 787 364 449 530 606 348 1446 454 425 229 1394 301 458 777 529
35 74 1347 1406 38 1203 1196 1205 1348 92 229 85 86 1424 99 184 5 1 6 173
449 469 489 404 494 702 713 646 510 679 586 592 593 379 381 446 705 653 368 484
35 1376 1414 67 34 250 1191 241 123 109 17 200 90 1416 204 1349 227 86 1312 1353
63 1349 128 1375 287 1415 1203 39 145 171 1338 15 1190 1335 1392 73 172 235 1205 1368
20 1472 283 263 208 325 143 138 173 1514 108 1439 1436 1459 243 152 350 209 90 52
68 1210 61 89 9 1295 1237 280 166 50 1347 1307 165 92 1334 48 1397 1392 117 156
542 756 642 679 631 628 398 626 528 411 533 757 578 694 800 405 392 653 556 380
392 815 806 844 572 768 854 518 524 837 369 778 541 399 828 530 855 497 423 604
276 1481 266 1412 257 53 1550 347 289 1444 352 1483 1525 1497 251 1511 1440 1549 363 1427
266 1463 45 270 359 346 249 328 348 1452 1236 1448 1285 227 1468 312 243 300 294 1436
331 358 259 409 1454 244 1477 390 293 319 334 1466 1525 346 1515 328 1509 1517 617 1463
167 1390 1469 153 138 137 1607 1430 166 208 261 284 190 1207 192 17 1416 230 132 209
186 232 1392 259 175 1406 1503 23 1501 246 1394 257 5 226 179 119 245 191 165 282
293 1423 1496 244 267 1503 1486 1531 1415 1420 1235 1397 265 62 1288 1475 301 1544 1501 1461
409 463 652 835 447 632 553 397 531 484 713 616 788 715 509 432 576 584 842 673
20 191 51 50 17 1206 1320 111 128 185 3 1389 156 1322 1190 1402 37 55 1352 188
610 709 679 731 706 475 602 702 402 621 595 765 613 381 645 734 399 469 369 440
444 709 452 787 356 501 377 482 395 609 769 586 1555 763 587 707 628 566 741 404
578 602 476 603 692 806 767 695 665 402 377 762 554 713 717 530 664 421 395 569
239 1482 303 350 343 209 281 31 1503 14 64 214 1490 49 190 236 246 306 1537 219
559 848 793 592 386 878 795 844 398 676 416 829 590 555 709 726 778 543 428 423
7 1341 1312 1309 161 236 1623 105 172 49 1607 28 1209 1238 70 158 1476 85 212 86
38 1415 30 1326 1489 341 109 103 1196 98 224 1359 289 173 1622 352 1174 8 78 1376
29 1620 1376 1320 176 179 1611 1222 249 1605 1358 109 1194 1375 1520 1364 41 68 1388 1408
45 1309 1190 1401 66 40 71 1316 1318 109 1177 1176 200 1206 1229 37 269 1403 1240 206
264 347 1409 19 12 413 1505 342 1531 227 1388 372 1395 350 1389 284 1382 65 1543 1502
1069 1142 1111 1112 1159 1008 1124 1043 1130 1125 1057 1085 1097 1176 1073 1076 1091 1041 1118 1141
172 1388 18 13 1507 130 68 72 168 120 1333 1410 114 1347 1363 43 74 249 238 243
365 1481 1386 794 252 286 1428 1443 391 429 231 497 792 323 259 1464 423 1493 452 390
53 1407 297 1514 45 1405 232 0 1500 1329 1479 1184 1451 1622 1209 1347 245 1527 88 1197
307 1493 288 1536 308 282 1288 1445 332 1506 277 1494 237 1422 1554 261 245 1439 1537 284
622 795 400 567 657 389 645 683 838 750 634 670 356 776 851 574 686 833 793 573
1374 1621 21 176 33 17 180 1498 1519 42 1351 66 128 36 1354 167 1526 162 1347 131
44 151 33 68 1330 290 267 146 10 127 20 140 128 139 251 58 207 160 1196 34
1324 1353 145 73 79 1389 40 1338 1325 1384 1337 175 1302 1305 31 1209 1592 1284 1371 9
240 356 48 423 402 37 1539 382 1551 1543 1523 191 405 1490 345 50 197 297 198 1537
157 225 1472 86 54 87 66 228 1336 1345 150 102 1392 1416 1361 199 1366 1420 165 53
44 1321 1411 1288 1338 148 31 9 123 267 49 1229 145 1593 256 205 1312 39 252 1234
394 793 686 690 841 576 741 499 608 838 814 604 742 637 796 852 607 370 534 642
28 1380 50 67 164 95 1331 1419 230 1231 1607 56 71 259 132 263 264 1207 40 158
267 1482 1292 344 297 251 1512 236 1286 1445 1448 328 1405 289 245 314 1229 308 244 1542
803 819 796 859 763 840 739 730 851 393 387 863 814 827 755 384 401 395 383 845
578 645 810 426 427 421 785 539 801 744 577 754 378 498 713 764 786 623 701 745
447 666 641 1545 490 474 622 741 671 1553 730 772 633 793 646 366 387 500 742 634
116 151 161 196 1379 1366 158 1344 70 25 1369 1380 126 69 105 1200 83 221 187 1198
381 606 576 657 584 362 383 842 700 402 432 594 690 568 369 373 534 782 655 575
512 768 677 828 421 773 489 453 814 487 454 723 640 365 854 398 425 835 590 700
56 222 1327 6 1473 1373 261 192 241 857 854 61 77 265 1216 1319 43 1189 34 161
1071 1098 1070 1093 1009 1097 1056 1010 1148 1075 1108 1023 1079 1080 1036 1045 1153 1155 1085 1092
1215 1272 1302 41 1195 1290 60 4 1309 52 1178 1220 1200 1306 27 1338 1315 1165 68 1190
457 515 407 646 410 822 761 647 604 569 558 767 749 605 612 482 806 555 807 532
70 119 13 4 1362 1204 179 66 1333 169 80 47 25 96 1397 1214 190 44 156 192
1376 1388 32 227 23 261 73 1401 1419 31 2 57 1335 22 256 1503 1348 48 235 168
10 1201 182 68 180 165 214 1325 253 1189 1396 1166 1407 1609 1371 148 1474 1400 1377 1419
924 985 888 901 1004 892 1009 990 905 907 1023 957 910 981 987 884 885 992 1021 882
138 1388 116 1196 82 78 1191 1209 31 61 1197 222 249 23 69 184 246 1482 283 213
364 1536 398 1485 434 292 383 426 1554 1502 614 1534 520 849 291 853 435 389 326 1494
70 1329 1617 59 151 1390 1319 129 1308 1219 1301 1202 1609 1305 1393 111 21 1328 2 1608
1323 1333 149 11 1290 37 1616 1601 26 34 1224 5 1598 1298 1217 71 1216 1354 48 1185
445 508 637 475 482 697 414 402 820 725 824 815 608 764 782 716 745 839 494 799
145 173 95 5 152 154 8 141 133 70 1392 219 7 1193 207 14 1394 1361 107 144
507 762 553 370 520 744 843 809 561 405 821 607 718 487 600 778 797 597 448 582
317 1448 1479 294 1512 323 337 265 290 1540 1409 295 1514 1511 1453 272 1449 261 324 1539
379 547 455 840 367 423 424 726 629 399 348 698 587 720 682 584 773 835 586 439
1558 1569 1549 1555 1527 434 1580 1585 1586 1524 494 1496 1538 462 1534 432 1575 1502 1532 1548
43 188 32 46 42 1389 207 162 154 1201 1323 1218 194 1209 1178 1 229 261 191 78
1121 1141 1184 1153 1096 1161 1157 1111 1070 1115 1144 1049 1093 1180 1032 1068 1088 1154 1095 1055
275 1510 1461 341 1485 1302 1615 1467 1450 252 1531 24 348 1392 1399 1299 1234 1438 1404 47
11 1200 1415 1611 267 1290 68 1257 159 270 1155 1225 1327 10 29 1207 1392 2 1615 279
15 1233 6 116 1230 24 271 1316 47 1255 1612 121 1302 1265 1473 1300 10 196 1197 80
700 791 382 459 628 392 743 527 764 670 407 843 594 630 662 634 454 573 444 559
578 719 507 441 792 568 623 709 394 688 687 734 793 662 842 579 640 599 651 711
1132 1149 1098 1104 1061 1107 1074 1165 1109 1178 1118 1056 1059 1124 1174 1040 1065 1101 1154 1054
361 453 637 1473 1421 510 1504 418 465 1542 387 1495 494 1520 841 516 617 345 433 1417
4 208 277 47 62 22 72 25 1410 1393 1357 1311 16 1211 236 187 195 276 138 171
511 609 414 564 850 573 747 703 413 639 387 632 455 409 483 429 802 718 642 821
243 1512 1409 217 1539 42 1391 1609 209 328 1388 365 11 33 315 1 1294 321 1466 258
1574 1586 1594 1567 1563 1602 1568 1565 1572 1600 1581 1576 1580 1591 1597 1595 1557 1560 1554 1589
691 792 737 735 414 708 610 714 738 666 787 451 633 423 828 585 716 578 797 843
482 647 701 431 752 646 719 754 578 700 432 485 475 1558 573 620 612 740 463 438
22 1623 26 1200 1477 1327 276 273 1223 200 1297 56 202 1416 1315 1601 1492 40 128 259
60 1418 1452 311 1410 103 184 1619 247 111 1443 144 62 1454 109 161 358 1416 315 1431
59 1335 1473 68 13 1300 88 184 14 1369 1429 56 1326 265 1612 215 1307 1359 7 120
1488 1514 1418 1500 316 1387 1489 254 1404 1487 372 1466 244 1450 377 1512 1617 1425 341 258
65 1363 1373 50 1328 1205 1215 159 135 173 0 6 1204 238 1197 63 79 1365 1193 228
1330 1364 1315 17 1307 1324 153 126 1351 4 1612 73 21 155 1314 1616 1365 1224 1622 38
136 170 56 29 228 127 60 1361 18 46 39 52 114 167 135 130 1380 194 1212 11
89 150 11 183 1388 1346 155 165 1333 1377 1343 1197 1202 144 157 1195 130 91 1379 140
364 435 633 1479 709 567 387 362 251 586 701 850 375 524 695 1526 842 475 394 613
597 733 559 705 697 576 607 509 785 663 805 717 467 446 591 790 685 701 502 520
1041 1129 1006 1072 1066 1161 1001 1004 945 1130 1149 1073 1095 1048 1053 1018 1159 939 1088 1108
446 638 465 584 598 401 669 578 614 762 760 409 390 596 593 674 642 712 603 417
59 1379 172 3 156 82 1418 109 149 9 223 1309 162 229 1411 289 1353 219 217 1417
470 506 549 571 416 812 697 529 526 763 707 357 448 459 619 467 391 720 682 635
551 715 505 524 709 572 757 512 789 768 573 617 599 508 737 451 748 531 394 623
1420 1501 1555 1421 1469 1398 313 1513 343 267 1428 312 311 1490 259 283 367 1443 357 1466
294 325 282 1528 1403 350 1407 237 245 1435 1450 1298 297 289 1293 1412 1522 1428 1532 1544
404 843 533 523 422 530 345 809 826 832 836 438 505 440 874 456 565 818 426 448
250 273 348 277 1435 32 1529 1446 214 1483 1296 1522 1237 1233 356 1228 1388 1478 17 296
692 780 748 700 701 686 543 665 650 439 796 694 746 839 610 374 745 385 733 794
373 1485 425 1389 837 1508 329 397 618 1424 620 285 1449 840 614 333 1409 496 286 1421
377 1528 509 1554 616 608 317 1427 783 513 802 330 1606 1418 492 292 256 626 531 602
393 446 514 706 703 695 403 801 855 414 356 465 571 437 1552 640 620 484 572 713
418 507 434 591 820 437 367 774 446 1549 478 797 376 1536 689 438 701 555 406 539
675 721 795 444 661 591 467 742 563 733 456 765 475 557 779 505 707 688 584 459
1225 1323 1296 1333 1609 1623 1308 1350 1307 1339 1306 1332 1212 1203 1229 1273 61 1344 1342 37
905 953 900 896 971 949 948 973 926 962 917 885 929 989 940 947 1017 931 1001 873
