254 275 267 211 189 290 167 164 177 218 287 183 203 280 278 197 259 161 230 187
343 403 361 349 372 391 397 373 313 371 396 375 377 307 344 293 354 325 311 303
609 622 604 525 641 90 551 602 649 582 107 650 119 581 630 88 118 557 527 524
539 603 622 119 531 623 580 636 120 552 521 542 546 587 117 123 525 103 94 611
178 270 171 164 293 252 168 199 268 163 166 167 196 200 174 153 141 202 144 273
696 708 710 751 742 748 738 766 736 754 729 744 714 733 735 694 732 690 666 721
543 640 113 672 629 105 531 112 630 104 527 556 613 632 562 546 649 601 548 627
76 103 90 47 51 85 520 537 41 87 550 132 38 636 88 549 99 121 522 72
609 628 610 128 104 103 109 534 96 655 587 115 111 116 527 88 580 619 650 532
121 134 105 561 156 538 550 147 531 167 162 611 537 110 151 115 526 541 536 558
523 641 79 85 541 533 660 659 538 657 561 670 106 102 635 654 599 632 610 667
667 687 14 714 710 707 712 706 708 690 689 676 693 672 653 692 639 675 644 705
565 607 532 584 610 588 127 121 568 602 561 582 550 586 613 616 135 544 540 605
287 311 336 333 187 295 198 301 296 317 341 177 273 318 328 183 196 197 174 161
63 87 85 32 62 531 47 530 120 5 24 107 108 77 119 102 620 529 72 533
204 242 175 264 231 225 215 194 248 209 252 226 183 249 233 164 185 265 268 193
311 347 300 391 346 306 395 327 330 385 317 398 401 402 316 284 352 326 367 404
56 64 75 65 33 25 55 84 10 46 31 13 47 21 8 63 58 92 51 82
557 636 625 124 591 94 520 645 604 563 125 132 119 611 621 135 131 654 652 603
685 697 716 732 699 4 705 663 781 671 780 713 658 703 711 704 2 0 728 778
255 278 268 263 299 257 208 189 227 212 192 256 264 177 178 237 213 276 300 182
259 265 226 166 223 280 204 271 177 193 251 277 218 247 222 224 293 291 274 190
639 654 653 542 637 631 656 623 548 97 100 615 104 672 531 664 93 96 641 675
336 396 370 339 337 312 347 351 397 371 401 328 357 304 385 314 378 334 408 379
233 259 180 240 216 256 225 213 253 199 227 201 195 245 281 218 191 209 204 175
13 664 689 639 67 653 46 665 650 670 61 56 633 683 644 646 68 4 72 53
658 678 662 653 643 18 682 659 638 10 704 20 684 17 699 681 708 5 674 676
264 279 162 163 210 205 280 259 203 281 267 189 207 211 252 175 295 222 239 292
537 618 613 548 560 545 610 557 568 96 91 635 625 95 569 89 614 598 627 600
291 347 299 378 294 317 319 174 176 308 387 301 280 309 364 348 186 404 270 369
726 753 728 727 766 732 738 705 703 778 746 724 775 770 707 706 752 777 772 763
732 766 698 769 781 761 704 705 777 745 721 725 730 717 744 731 720 754 770 723
170 287 204 326 167 323 153 278 268 288 168 190 201 318 313 275 306 336 207 199
527 652 646 668 634 650 675 600 545 643 90 126 677 670 521 97 671 108 642 105
109 117 633 628 620 136 640 82 555 90 107 627 149 105 128 118 543 615 131 79
102 549 132 604 96 114 90 94 521 633 598 103 124 627 113 70 566 115 560 603
28 65 9 42 47 55 60 52 17 34 15 90 63 70 82 21 37 73 45 19
342 373 327 293 300 358 360 374 313 356 396 371 377 324 375 382 369 336 303 333
11 672 695 22 36 700 45 645 692 697 8 703 73 691 59 16 62 681 660 651
12 679 38 671 654 702 669 664 44 4 18 700 681 67 1 73 691 686 652 658
129 600 596 581 601 160 588 524 158 552 617 594 114 525 550 604 557 147 98 117
114 613 617 104 137 592 85 596 618 538 97 120 620 103 521 607 122 528 143 531
179 272 233 219 143 153 150 242 279 156 162 183 182 164 205 287 186 215 191 189
94 551 629 129 76 538 116 110 522 106 115 78 543 622 84 524 635 544 642 98
525 634 661 606 555 527 557 524 82 609 100 645 115 91 121 77 106 608 92 618
199 256 285 236 165 166 269 204 186 275 227 183 184 273 247 240 172 252 217 251
337 383 313 345 310 393 302 300 298 372 336 309 392 318 317 296 349 402 329 305
284 320 163 293 158 186 277 365 342 340 270 352 353 333 296 159 359 307 345 202
176 239 202 141 152 189 283 191 140 256 287 243 197 147 199 259 150 143 215 178
737 762 760 730 711 753 726 699 700 741 749 754 708 775 714 745 731 704 736 735
220 257 272 218 187 278 227 222 201 267 200 244 181 209 240 208 221 234 178 270
700 781 716 763 711 762 766 724 691 731 698 688 740 699 761 756 777 693 759 671
348 381 327 350 375 400 340 300 345 405 317 333 351 365 368 314 364 326 380 337
183 199 228 153 204 252 182 235 229 250 188 251 172 164 200 208 166 285 180 186
180 231 216 279 233 159 251 183 194 291 270 190 219 207 269 271 185 272 212 160
326 333 389 361 309 377 394 314 294 345 358 364 305 371 369 362 335 340 365 391
50 76 9 54 98 17 39 30 99 61 111 526 40 29 27 36 89 101 51 103
200 256 183 240 260 197 251 272 223 210 213 250 215 222 257 276 255 196 171 259
356 390 339 320 399 351 408 402 346 398 331 368 353 310 328 347 391 387 330 333
741 763 729 737 704 767 742 748 776 762 735 749 775 736 733 757 772 758 701 720
727 759 768 736 779 716 701 711 738 755 771 710 774 766 777 702 749 695 734 720
334 396 326 343 293 319 327 378 408 359 393 335 322 387 294 302 363 310 303 320
353 368 324 359 384 344 336 312 381 338 308 329 375 387 388 314 355 327 337 323
292 339 164 314 322 393 337 401 306 397 350 364 361 267 325 174 347 373 180 191
195 237 221 229 243 165 277 210 264 172 180 189 246 248 269 199 178 275 259 197
74 523 652 538 18 90 93 116 95 545 550 9 646 64 106 12 83 612 598 25
293 338 271 328 279 319 302 313 376 361 294 297 305 336 383 327 166 317 372 384
319 349 361 365 302 320 403 359 383 291 391 389 337 358 376 317 385 311 316 364
524 561 127 568 98 567 563 560 541 651 83 648 120 87 123 76 119 588 599 79
147 177 125 275 132 265 123 190 236 278 141 238 208 192 130 159 145 266 288 164
1 72 685 52 671 108 29 669 30 663 680 89 49 19 689 103 21 50 110 41
631 644 96 541 617 673 649 658 674 652 635 558 560 118 675 661 107 676 640 89
677 698 732 676 699 775 779 733 654 665 653 719 682 645 680 777 689 691 722 720
187 229 267 219 268 256 285 271 191 255 223 251 153 243 201 168 152 266 193 286
719 731 763 709 757 708 691 738 693 712 700 717 760 716 776 695 740 753 764 752
728 771 767 782 753 722 720 698 748 726 723 754 749 739 716 712 758 770 760 733
387 400 345 339 389 380 349 368 351 356 332 335 355 334 393 343 397 347 375 331
307 330 341 360 313 348 343 358 353 286 306 365 323 336 293 294 374 291 300 342
94 131 143 523 552 622 150 112 108 541 631 160 74 536 169 148 117 550 535 636
676 701 705 709 716 731 696 670 2 684 664 15 650 652 739 18 5 14 653 722
2 661 656 73 53 650 665 658 62 49 45 675 34 14 1 42 41 671 37 22
712 738 751 739 771 706 693 695 701 684 758 733 705 760 723 686 700 775 766 699
17 36 667 678 52 23 73 656 6 662 80 0 663 32 10 1 45 44 37 660
339 373 344 353 328 395 370 304 301 314 380 322 375 299 340 362 378 321 295 315
682 713 693 655 767 740 1 757 711 706 662 703 686 764 737 732 668 2 6 707
103 131 620 107 527 546 559 626 534 127 101 81 532 126 78 97 524 77 91 137
556 610 596 591 544 521 581 599 118 116 115 93 629 98 636 536 543 552 637 562
201 248 251 259 175 167 269 284 191 264 185 225 164 263 186 168 265 181 277 230
96 550 528 599 107 521 129 120 95 99 609 628 604 90 124 601 641 600 564 524
347 380 356 382 376 394 393 306 398 383 324 387 301 373 311 333 291 298 374 407
6 658 55 1 60 651 639 2 682 35 15 676 9 632 63 33 11 17 664 44
727 751 699 729 725 750 723 711 762 730 726 764 748 778 732 738 741 756 704 779
127 558 152 108 599 149 609 163 560 544 625 552 104 537 105 528 91 526 529 107
521 628 608 607 537 565 115 543 616 103 654 93 106 614 609 110 88 520 558 627
114 527 87 92 623 632 604 117 601 110 96 544 549 123 532 600 124 567 559 122
241 271 170 159 278 244 183 155 202 184 156 177 222 272 292 277 190 214 290 281
110 523 640 527 610 141 629 530 142 524 123 560 112 621 622 644 99 635 612 553
206 258 263 198 247 239 174 230 269 268 228 276 217 254 235 214 275 184 180 264
730 751 711 756 744 776 754 773 697 718 719 766 763 759 721 752 779 762 778 702
538 649 651 675 604 635 677 645 544 97 606 673 123 611 607 117 100 670 642 115
97 541 524 640 616 644 133 611 634 100 106 631 545 558 118 117 562 101 542 556
681 694 9 675 712 2 690 3 676 777 678 671 716 727 5 706 705 667 779 726
91 102 534 93 526 88 75 614 631 124 85 117 638 615 524 527 639 539 623 535
583 607 127 596 548 561 621 589 566 616 565 619 560 545 593 556 590 582 527 531
736 774 760 704 740 757 728 748 729 746 759 702 707 724 752 726 714 758 706 725
580 605 568 542 565 551 601 613 594 622 553 554 595 598 617 591 522 599 531 618
679 686 660 670 692 669 657 698 702 668 695 9 704 4 10 694 675 699 659 709
203 227 194 197 273 276 235 230 175 229 281 167 171 191 174 225 193 177 169 251
550 637 614 529 608 622 631 662 659 114 612 129 656 664 539 649 130 524 644 526
328 352 299 325 367 345 372 315 301 343 399 330 380 324 306 390 311 374 302 292
300 348 333 332 299 364 308 306 402 323 283 339 304 296 338 281 363 350 284 379
353 398 313 373 348 389 325 311 369 342 372 397 368 299 392 360 300 379 377 388
707 720 709 733 685 729 750 693 749 771 753 772 676 706 696 714 698 701 683 777
715 775 704 732 761 746 782 756 709 741 749 740 702 739 687 692 727 757 706 769
226 239 212 248 225 191 183 262 238 201 247 208 229 188 274 220 271 223 269 206
638 672 552 628 644 97 664 521 696 695 645 531 12 9 532 647 0 548 21 690
149 165 159 264 292 175 197 136 170 272 267 173 141 271 283 117 186 177 198 119
706 725 700 679 742 767 686 745 676 678 756 769 713 712 723 677 727 684 739 694
186 262 267 168 232 282 174 229 286 200 247 266 220 246 156 268 258 223 162 167
121 543 151 638 525 131 636 604 634 524 128 114 622 112 93 565 629 142 558 556
162 282 179 258 182 133 176 194 159 170 147 139 289 161 152 175 304 264 156 204
707 735 737 693 720 710 679 767 705 742 724 733 739 714 749 681 734 712 709 745
657 684 642 676 705 664 700 6 17 630 714 685 672 5 4 706 12 645 711 636
722 760 751 703 726 734 694 729 763 769 777 691 718 738 708 699 698 778 723 759
1 64 43 686 90 23 68 49 664 658 661 660 26 51 27 6 67 654 83 12
166 279 258 290 176 187 186 199 177 287 260 267 133 285 145 261 148 141 277 206
715 768 717 750 760 751 711 740 779 761 757 763 777 724 729 767 700 695 732 738
185 285 310 223 248 201 277 283 289 314 182 165 305 284 189 254 261 299 255 271
13 37 44 32 23 25 14 48 76 16 680 670 51 63 58 59 33 47 0 36
703 716 692 759 770 708 690 701 730 687 775 776 700 732 696 756 712 758 735 766
106 540 98 99 527 529 646 651 543 554 611 541 641 126 73 542 136 606 84 131
203 279 218 205 278 253 229 188 185 175 160 258 230 191 248 233 219 224 168 171
710 770 723 713 743 769 745 715 720 694 687 677 739 709 780 719 740 701 682 689
556 605 600 557 586 118 555 112 123 598 96 627 108 117 596 626 618 630 538 560
169 203 168 136 154 278 248 217 286 252 271 277 233 275 258 222 237 199 202 170
161 192 164 223 184 239 172 156 265 215 231 157 186 224 279 254 195 244 292 226
192 275 283 213 171 257 281 224 262 256 164 274 174 211 231 239 215 206 287 276
695 727 748 751 750 739 747 721 781 752 722 672 713 716 709 668 678 743 700 720
145 174 143 265 141 121 134 286 186 209 206 125 131 239 210 197 200 256 276 158
732 765 734 716 727 756 729 735 709 778 719 751 780 712 707 722 724 720 763 772
590 605 564 530 560 612 521 533 624 594 562 541 587 625 557 548 535 534 626 558
530 642 520 112 666 113 675 532 637 664 531 527 612 542 539 630 632 567 125 128
324 356 370 385 380 296 344 301 373 360 335 328 363 315 396 284 354 341 345 391
312 341 335 325 371 401 324 359 357 363 288 318 388 284 369 347 306 398 333 355
96 642 90 105 658 634 548 521 552 629 641 637 663 638 542 99 76 540 670 659
532 628 614 629 523 656 533 534 551 624 634 644 546 108 127 549 86 611 99 550
362 390 394 354 348 337 365 339 358 338 371 342 333 322 325 378 334 370 331 351
528 612 109 644 553 627 105 566 647 543 102 649 538 79 609 98 561 563 539 632
728 774 752 706 747 705 726 729 782 701 713 742 746 714 749 754 751 734 725 771
177 208 211 145 198 263 199 156 161 172 261 225 224 184 276 243 284 275 212 236
