2045 2111 2095 2120 2081 2063 2158 2080 51 2031 2237 2133 2223 198 193 1947 2061 1895 2210 1958
1402 1628 1397 1344 1639 1417 1429 1475 1332 1507 1638 1675 1623 1333 1491 1377 1679 1442 1635 1664
166 1960 97 150 17 76 1 2013 1913 208 2152 2063 1963 2037 219 2016 52 1944 2164 2049
1937 2205 1929 31 164 36 2029 26 2210 2100 1966 2193 170 1996 10 2096 42 2092 2242 174
1829 2350 2346 1850 1723 2404 1707 1725 2322 2398 1824 2313 1757 2379 2339 1838 1698 1734 1830 1823
45 2145 75 2004 2035 57 2201 181 7 2007 1935 156 46 159 2128 2134 179 2121 68 2086
174 2029 2135 2212 2083 1896 208 308 1939 2108 1956 2126 1947 75 1932 1999 164 2104 1903 2204
41 1997 163 2129 1995 1935 98 2157 166 2023 96 2155 215 15 2052 1947 2103 174 6 30
1135 1246 1155 1173 1171 1293 1288 1174 1165 1289 1201 1080 1298 1123 1183 1133 850 1244 1205 1281
1304 1333 1414 1524 1483 1557 1596 1344 1515 1597 1373 1510 1267 1229 1289 1485 1455 1488 1227 1559
1691 2360 1749 1617 2403 2327 1694 2338 1736 2309 2385 1712 1696 1711 1734 2297 1780 1605 1631 1607
1741 2359 2357 1717 2338 1834 1734 2313 1748 1829 1746 2381 1698 1744 1835 1706 1678 1782 1773 2409
1312 1339 1589 1214 1463 1553 1400 1308 1352 1459 1292 1389 1563 1523 1465 1594 1250 1471 1462 1388
792 816 766 1247 839 681 774 1243 884 881 886 786 1217 811 891 848 1241 853 893 840
382 432 365 416 375 292 461 278 418 371 485 473 489 370 228 232 207 428 424 359
1831 2315 1842 2365 2276 2308 2336 1768 1866 1865 1824 1860 2288 2380 2349 2369 2355 1828 1827 2370
189 316 2040 2067 2007 368 5 289 500 2025 2032 218 202 2021 362 163 34 490 294 2017
42 2124 2218 2064 156 106 2058 162 65 1929 1979 2192 2232 1992 2062 2163 2151 2236 2220 1981
1734 1834 1843 1853 1691 1715 1782 1730 2408 1772 2370 1720 1733 1767 2346 2377 2355 2386 1684 2344
2040 2203 189 180 183 36 1957 2259 2261 2041 179 188 165 2029 2163 1932 2177 2157 47 1905
1746 1760 1782 2350 2361 1740 1767 2356 2303 1704 2408 2357 2386 2371 1710 1736 2297 1829 1743 2403
46 2112 2205 2077 93 38 95 2029 48 2210 26 11 1996 2110 2146 2202 151 24 2169 2070
1679 1774 2391 1831 1754 2369 1768 1677 1621 2353 1791 2402 1709 1755 2386 1809 2384 2409 1671 1695
1517 1591 1461 1415 1578 1358 1723 1408 1379 1375 1521 1502 1604 1544 1607 1603 1552 844 1538 1325
1370 1607 1715 1431 1527 1685 1462 1630 1337 1386 1727 1470 1349 1394 1537 1491 1371 1617 1560 1451
778 787 882 1244 798 1223 918 765 883 1222 884 1217 906 701 797 829 841 820 678 909
1200 1227 1149 821 903 930 1281 1168 1233 1269 787 928 1242 1195 843 863 954 1220 1229 1218
373 440 434 282 468 222 457 321 301 267 215 448 494 349 276 264 259 382 412 196
189 326 301 175 2013 169 203 2056 291 2074 304 2012 176 171 220 498 330 2019 2081 190
2194 2257 2229 2150 2085 34 1923 2109 2259 2191 1931 2166 2105 28 1886 2203 2087 2082 1865 1847
953 1193 1185 906 758 1164 973 1226 738 1251 1001 1031 1195 1136 1216 1292 1214 921 1297 1250
1965 2101 18 2102 2161 17 153 2165 2026 2194 0 2129 2106 164 2133 2002 2232 2062 2020 2019
803 840 836 1519 1254 821 875 786 1221 838 890 905 869 788 1237 1270 883 761 1244 1527
1375 1442 1584 1465 1464 1519 1599 1627 1354 1408 1325 1581 1311 1343 1348 1517 1635 1566 1565 1428
1719 2343 1607 2378 1611 1772 1755 1705 2320 1696 1734 1710 1698 1680 2392 2321 1824 1690 1718 2316
872 903 947 891 838 783 892 873 784 787 1254 1248 939 797 897 811 1198 1236 823 837
1871 2263 2237 2219 2289 1882 2225 1930 1869 2064 2197 2302 2261 2339 2044 1850 2257 2212 1886 2314
1094 1158 1127 1196 1074 1106 1264 1284 1165 1236 1118 955 949 1062 1173 1204 1072 1189 1184 1086
1564 1610 1680 1508 1597 1433 1568 1607 1512 1355 1644 1458 1718 1711 1628 1394 1682 1578 1487 1677
390 476 342 253 442 488 500 290 433 423 569 505 368 221 243 523 481 447 510 349
294 399 328 396 196 306 285 390 347 380 232 364 193 392 447 270 491 292 448 341
2107 2207 13 37 1948 2019 2191 2238 1999 1941 2015 51 2121 2072 33 53 2127 168 2226 2178
1456 1504 1614 1597 1356 1471 1391 1507 1624 1535 1407 1627 1576 1386 1335 1321 1459 1632 1323 1400
2065 2154 2080 2192 2107 5 2076 1936 2095 2161 1904 2010 2051 2165 161 1963 2159 2084 2254 2248
1927 1953 1947 2285 1963 1919 1926 2269 2042 69 1889 52 2202 2237 4 2 2210 1882 17 2054
2317 2374 2356 1880 2341 1854 2316 1757 2352 1666 2279 1785 1862 2370 1864 2363 1840 2280 1747 1729
2127 2258 2064 1909 2222 2155 2074 34 1874 36 2061 1918 23 2162 1855 45 2169 2282 1903 31
949 993 989 1177 1016 742 750 759 966 999 743 955 1073 995 930 1077 1017 705 1011 905
2072 2169 185 1965 2 2155 2090 2080 34 1898 2171 20 1995 45 1960 48 2233 2082 29 52
25 2096 2201 2124 27 1915 2003 2110 1922 1907 2192 1943 2105 2202 2237 28 53 1933 2162 2022
10 2210 2246 1890 2053 2022 2054 2036 55 1901 162 189 2251 2107 2193 174 2075 2092 2108 41
306 348 498 2025 312 198 360 479 495 524 297 489 468 477 504 284 516 317 521 358
54 106 2048 2142 2046 2158 158 1995 2112 42 4 2050 2037 159 119 2026 166 1980 1939 134
966 1059 708 913 1008 1027 1030 968 1099 1088 770 701 711 1028 982 971 1046 745 1096 769
15 2180 2131 185 2168 163 2116 1929 1892 1889 1921 2249 2094 2141 2127 2074 2047 2201 173 2170
2105 2126 2225 2233 67 1957 2016 2116 2150 2097 68 2069 2063 2146 2092 2103 2001 2084 62 2174
228 378 465 217 346 480 419 471 211 227 374 382 302 2004 447 438 362 388 246 202
2076 2180 2073 23 2031 184 1893 1998 2235 2018 2139 11 2024 47 2181 1947 2101 16 1 2163
2377 2410 1843 2362 1839 1702 1768 2339 1823 1664 1827 1747 2411 1840 1754 1784 1652 2354 1701 1776
1704 2355 1782 1716 1685 1723 1821 1626 1602 1752 1720 1771 2362 1682 1727 2400 1593 1632 1829 1701
365 405 243 228 283 310 208 198 504 209 210 326 480 321 485 191 338 207 369 363
264 453 269 216 420 390 598 483 430 262 257 425 458 215 279 573 447 429 393 432
1740 2363 2376 1823 1698 2369 2378 2400 2322 1714 1771 1776 1724 1846 1788 1783 2377 1845 1715 1817
845 1221 1181 1309 1235 862 1209 879 851 1303 1258 1183 1259 1216 774 1504 892 831 801 1536
2102 2118 1967 176 64 46 12 162 2082 2203 2074 69 2201 2132 2205 2059 1949 2229 2141 1925
2108 2126 2248 44 16 166 1936 2258 2068 2010 2190 28 69 2057 2029 2040 10 2259 2066 2087
62 108 1 50 2042 171 124 2104 2001 63 2009 2077 1950 48 1972 1975 53 25 2037 115
180 2070 2041 2139 1903 13 2069 2244 1889 60 2138 2162 168 1906 1999 292 296 2132 2022 355
946 966 999 1057 1191 705 757 919 764 735 1208 914 973 927 951 1027 1093 740 736 723
1930 1979 2207 2115 2224 2062 1902 111 1905 91 26 2003 64 1894 115 125 100 1927 2195 2010
366 385 349 499 384 504 309 301 352 458 300 428 435 245 509 354 421 459 389 441
1866 2327 2319 1901 1921 1877 2313 1852 1853 1845 2260 1879 2302 1863 1865 2292 1859 1851 2330 2334
24 161 2173 58 153 2064 184 81 2058 1905 78 1991 13 2049 2150 2083 36 1961 148 2044
1264 1290 1266 1216 1259 1358 1226 848 1257 1225 1245 845 1221 1271 1334 863 859 1251 1169 1293
1150 1265 1207 1325 1113 1140 1199 876 1264 1172 1169 1114 1304 1216 1094 1252 1232 1291 1243 1337
1507 1566 1540 1358 1308 1340 1463 1491 1483 1461 1502 1496 1346 1525 1335 1569 1418 1577 1610 1321
11 1886 1891 2014 2263 38 2158 2080 50 2283 2171 45 2093 2006 1925 188 1849 2098 2218 1894
2067 2130 172 1928 2231 2199 178 2198 2009 2059 2068 1945 181 47 2196 2117 2151 1955 2063 2154
1676 1690 1791 2351 1594 1823 1685 1600 1820 2408 1773 1631 1605 1790 1702 1762 1832 1630 1626 1680
818 1249 1147 826 1136 1207 820 847 849 1218 857 889 1142 832 1208 853 1307 804 1290 1322
1412 1599 1361 1532 1405 1420 1546 1439 1585 1377 1344 1528 1598 1712 1358 1500 1533 1484 1702 1343
576 591 454 469 441 603 575 639 455 457 589 468 446 467 618 445 607 473 637 628
1346 1502 1612 1348 1538 1516 1382 1371 1289 1354 1409 1283 1451 1375 1403 1548 1476 1573 1595 1428
360 403 210 384 511 343 496 215 183 236 254 352 299 300 377 372 456 408 194 369
1747 2326 1825 2279 1736 1767 1765 1849 2325 2305 2372 2271 2281 1836 2368 2394 2293 2292 2342 2313
404 448 279 359 388 291 392 475 374 580 474 222 292 479 363 418 412 373 234 596
172 1985 2162 130 121 2079 113 2126 2022 154 157 207 162 1942 2034 1956 2152 159 166 138
1411 1604 1410 1460 1552 1324 1364 1517 1562 1388 1711 1625 1514 1473 1553 1339 1336 1727 1401 1390
163 2005 2001 1994 2002 2027 1932 36 1975 1926 164 112 49 1964 1985 157 106 1956 76 220
794 891 887 907 1244 926 920 749 801 810 750 832 811 850 856 815 820 876 878 927
1705 2346 1698 2387 2402 2302 1684 1768 2398 1707 1824 1777 1721 1868 1724 1852 1718 2386 1752 1578
779 898 1203 697 794 679 824 867 928 871 780 815 849 761 892 865 751 900 759 872
2289 2310 2371 2344 2290 2313 2316 2242 1761 1882 2349 2244 1851 2229 1873 2234 2370 2303 1849 2258
1692 2387 1602 1596 1604 1646 1748 2344 1730 2357 2405 2370 2332 1630 2361 1654 1651 1713 1786 1653
582 630 613 526 681 573 698 568 699 453 697 524 625 671 458 452 443 648 661 468
460 565 607 415 375 423 484 557 581 548 544 468 435 578 606 608 390 289 363 558
1757 1780 1808 1684 1816 2399 1728 1741 2298 1676 2397 2380 1814 1846 2365 2347 1770 1659 1732 2339
1616 1659 1438 1371 1374 1716 2380 1690 1436 1547 1679 1543 1411 1483 1568 1427 1692 1480 1556 1435
474 529 660 533 296 359 673 501 635 290 532 679 484 576 670 490 548 451 677 541
2303 2327 2351 1751 1841 2338 1846 2346 1830 2305 2344 2274 2400 1855 2348 1876 1828 1734 2352 2342
1437 1625 1593 1361 1673 1383 1391 1691 1561 1614 1366 1367 1592 1355 1680 1590 1373 1389 1449 1392
865 1231 1301 1514 867 771 1515 862 1284 1206 1219 845 1551 1277 827 1271 891 893 886 1510
1908 2061 1941 2243 1895 182 42 2203 2288 166 2221 2106 1961 2286 2195 1909 2247 2250 2041 1884
1099 1111 1071 1109 942 1150 1066 1085 1157 1174 1070 1039 1182 1135 1190 1144 927 1042 1185 1110
854 879 862 1552 910 1545 769 847 1529 883 1535 861 779 792 816 1536 805 767 815 895
1927 2005 182 1899 2194 1913 2066 1963 2043 65 2084 1951 72 2213 2206 144 1980 66 7 74
349 496 303 338 294 317 304 520 297 343 316 370 335 195 501 201 328 189 183 509
15 2061 2187 2005 172 2104 2266 2162 1918 2155 2228 51 2026 29 2235 1894 2135 62 2004 2021
39 1941 75 49 2167 168 1926 167 2274 72 1908 82 1981 153 2129 79 16 2102 2161 1985
2057 2264 2051 45 1874 56 2028 187 2198 2158 2047 2171 1921 178 1999 2089 2280 1964 2098 1954
45 1964 27 7 2117 2052 2187 16 2075 2006 2098 118 1965 2188 66 5 52 2113 1917 2011
1408 1438 1446 1635 1447 1506 1493 1335 1555 1569 1370 1572 1594 1329 1620 1634 1462 1467 1338 1406
1370 1621 1297 1390 1665 1373 1592 1603 1508 1362 1488 1596 1562 1376 1688 1703 1706 1392 1504 1615
2079 2199 1934 2161 2014 35 58 2010 1930 2027 2024 5 2134 2202 2083 2252 23 69 74 2070
1850 2354 1712 2369 1813 2411 1749 2309 2290 2281 1765 1754 1739 2403 1750 2349 1864 1773 2328 2247
1161 1220 1291 1077 951 1184 1303 1250 788 1171 932 1089 1311 1194 804 1281 936 1182 1245 1258
1319 1498 1623 1271 1241 1615 1519 1501 1287 1255 1616 1270 1260 1244 1321 1578 1328 1562 1587 1559
1414 1560 1382 1463 1348 1571 1570 1438 1704 1508 1340 1445 1598 1474 1388 1605 1523 1566 1378 1307
195 335 231 286 520 291 357 162 2041 361 2025 200 293 501 375 341 2012 2018 488 2013
809 823 1216 1225 798 886 860 771 1239 907 1235 780 812 830 876 763 806 857 760 900
2000 2068 79 162 2226 185 2002 2087 1893 2050 212 2051 34 2222 2194 2178 2082 1979 116 137
687 749 933 753 1013 888 652 721 739 655 639 695 694 995 937 699 989 892 919 740
1141 1195 1175 1183 1197 1091 932 1207 1212 1209 1147 1236 1210 921 1277 1239 1293 1160 952 1124
746 1044 1046 1068 778 904 1086 730 891 1061 1005 728 918 733 911 977 724 705 1045 1099
41 2134 2222 2050 1971 2041 72 2058 2243 2088 2105 2184 2150 2015 54 2062 2044 105 64 2145
2310 2354 1859 2382 1682 1854 1684 2296 1690 1773 2283 1746 1880 1768 2361 2290 1777 2281 1708 1724
324 352 212 317 206 496 205 300 194 376 344 498 372 346 495 476 362 514 490 193
530 554 639 631 536 492 672 498 533 662 518 549 588 491 618 661 622 582 565 604
1904 2032 13 51 1891 2054 1940 2091 2149 11 167 162 45 2277 2287 8 1846 2255 1850 1859
39 1935 90 94 2019 2040 2231 65 2274 2243 75 154 1908 41 37 1890 180 2241 1939 48
2061 2245 2263 2117 2227 14 60 2150 18 1928 1893 2014 2166 1869 2126 2054 1996 2006 1909 2027
1093 1195 959 1233 1293 1094 1072 1186 1274 917 1194 921 1273 1036 1214 1184 1059 1111 1241 1066
1955 2068 2207 2212 2239 2253 2089 67 2202 2017 2126 2037 2049 1968 1910 62 2027 2165 2104 2023
744 1053 1088 906 747 928 700 776 708 1052 695 716 909 741 1009 1007 1034 1033 1040 688
402 468 559 571 371 278 433 269 578 379 358 394 465 261 373 227 497 486 282 253
9 2138 2180 2162 2119 4 178 2131 2030 2032 1928 14 1891 1892 56 54 2225 2240 19 1914
1912 2226 2272 2023 2072 1867 2019 2266 27 2047 1936 2230 1855 2020 2033 25 1907 1887 2156 1899
20 2146 2067 2062 1936 2162 2082 1901 2032 2228 1922 167 18 24 2152 2165 2137 2074 1894 56
791 1237 838 803 1307 1290 865 1210 1168 1244 804 859 1241 1189 872 755 831 1320 1183 1263
1617 1684 1676 1576 1605 1759 1511 1734 1412 1367 1447 1624 1414 1539 2387 1544 1565 1736 1569 1825
1752 1832 2346 1823 2331 2387 2375 2298 2398 1746 2374 2317 2339 1750 1841 1684 2405 2327 1744 1826
170 2083 1921 2113 200 1971 1998 182 1947 2075 2132 2142 2240 2131 2167 85 2133 48 189 2057
306 348 353 185 177 283 478 202 364 352 2024 286 318 469 284 183 507 195 366 288
1637 1674 2372 1682 2408 1771 1414 1405 1779 1630 1656 1385 1435 1795 1767 1775 1633 1440 1772 1760
770 814 744 1239 882 922 745 766 677 860 808 899 771 908 1232 828 706 707 841 748
1317 1490 1318 1421 1271 1235 1606 1527 1251 1497 1505 1284 1554 1456 1489 1424 1312 1285 1600 1543
654 687 533 639 523 675 634 679 673 700 536 517 625 716 630 769 543 550 535 542
1916 2048 2265 2201 26 2290 2142 1975 2079 2157 1962 2124 159 1996 2063 1889 2191 2139 2226 162
69 162 1955 1947 123 2154 2027 213 141 33 1998 2084 2109 131 2044 155 1991 121 2144 144
783 835 883 854 832 676 922 1208 842 703 706 1524 696 903 770 776 918 921 753 771
