3848 5093 3444 3715 5073 3801 3709 3846 5130 3853 4822 284 3762 5063 3902 3690 4824 3409 3391 330
1515 1854 110 1937 1873 1844 1498 1524 2621 1960 2642 1507 1983 1555 73 1943 1471 2648 1841 1645
536 873 514 645 586 804 847 837 632 942 872 628 818 4369 903 571 540 491 619 511
702 772 4008 4425 4033 4523 4357 765 676 4010 4437 653 756 4271 636 4524 4005 638 737 688
1928 1993 1933 1964 1842 4299 1876 2027 1744 1882 4309 1822 2013 1957 70 1861 1875 1806 1921 20
4575 4602 4133 750 4070 4626 4724 4064 4042 4684 4557 4627 4113 4596 4175 4391 4017 721 690 4384
33 49 834 1964 2023 1899 21 26 1891 100 4283 1967 2024 847 803 4359 1972 2004 31 75
206 1592 218 2893 2990 2906 233 2832 2972 222 2903 2770 2899 2839 197 1630 230 261 2883 2669
1022 3929 1100 527 359 1071 1107 3912 4329 1036 4337 4363 1047 3916 390 3888 3942 355 3894 998
646 800 673 4028 652 4329 756 798 796 681 686 3990 842 794 2043 854 744 844 771 840
276 3343 211 5227 3337 232 2824 274 1352 5243 2904 210 1271 223 3372 2724 2696 237 5219 2686
1080 3946 633 1048 474 338 875 650 491 1025 3922 329 1046 1024 860 3967 412 3915 1093 879
1567 1635 1837 165 1621 1634 1873 197 185 1478 1652 1490 1606 168 1648 1532 1611 1585 1477 1863
627 4018 4064 684 644 4263 807 4571 4205 4581 3961 601 3954 662 4210 774 4088 604 878 4004
1443 1461 1558 1394 1423 1489 1392 1407 1549 1444 1530 1495 1487 1397 2617 1395 1445 2664 1476 1547
2000 2028 2508 15 2496 2106 2016 2509 4283 4306 1976 4321 7 1904 6 2017 2527 30 1930 2087
1007 4346 689 638 995 4354 717 29 522 726 987 722 1 1021 1005 1040 662 921 4345 628
467 874 647 1086 834 4319 469 4368 4310 953 4239 841 644 908 1099 4293 927 525 801 963
3559 5173 3595 3511 3557 5259 3591 5301 5261 5280 3833 249 281 3737 4802 3441 3530 3609 5262 3520
2038 2496 4365 2128 4293 2537 2105 2125 2001 2101 2029 2136 4232 1992 2476 4319 806 2474 2144 4282
321 5167 371 1101 4770 1384 3851 1389 3848 278 3507 5179 4821 3483 2770 5173 3795 5169 317 1313
473 924 1034 596 1004 897 1086 3920 543 3924 1005 4262 4293 475 972 887 468 515 1018 3956
1107 1142 430 1067 1061 3965 1353 1046 5274 1208 1143 1099 464 1209 5232 5233 5271 303 297 1056
3666 4779 3495 316 3664 331 4831 5284 3744 341 5250 5278 3739 3606 3793 4832 3615 5136 5275 291
607 4548 4223 784 4198 4270 4239 4546 4439 3987 4395 4050 4538 905 4509 713 4016 904 4194 4026
208 1206 2967 1232 1254 1265 210 1280 2667 1127 2886 253 1128 2906 1572 5267 244 266 2675 1284
3790 3833 3868 5111 5280 333 4783 4809 3732 3889 5097 5300 5215 5181 5268 3652 317 5091 3892 5301
1799 1904 1757 70 3137 1936 3017 1671 1906 1897 68 1661 1921 3190 3222 1699 1665 3206 1791 1884
1390 2686 1444 1154 2730 2792 1378 1110 2768 284 1135 1351 237 1379 1203 1173 2644 1372 1376 5254
2218 4373 2393 494 909 956 527 2256 529 503 925 941 2095 2079 4371 2455 861 450 452 464
1377 2704 251 1403 343 1359 2753 2728 1191 1431 359 2680 2734 213 355 2771 1172 2740 1133 1413
217 1279 2677 1595 229 176 1328 2697 1216 5290 1224 2682 185 1228 5212 1270 3328 272 1344 187
371 1035 1156 1091 1034 1154 1340 4358 936 1026 437 504 944 1347 1093 994 1335 431 3895 3896
1870 1987 1515 1668 66 1896 1871 1911 73 1850 82 1834 1986 1847 1647 1536 1807 3198 3203 2006
487 521 940 4259 889 1046 470 834 861 895 972 1074 4364 912 4251 833 3947 1064 967 4368
4125 4680 4721 4176 4629 4747 4155 4046 4749 4688 4073 4668 4184 4689 4579 4092 4173 4636 4061 4103
786 4022 4252 4027 576 50 4537 646 4273 3979 4354 4201 820 679 2 630 4347 4589 4239 578
3851 5324 3817 5065 3862 1316 3818 5321 5327 5052 1303 5082 5328 3848 5272 5318 3900 326 5334 1318
489 940 550 910 4375 512 3922 949 4378 452 4310 3947 578 1052 970 446 3945 1075 560 902
1099 1156 1042 2677 2679 1404 5234 1140 1398 387 475 291 1106 1231 1116 5222 5286 2701 3975 323
599 3947 501 3982 4231 507 4553 894 479 886 1100 3980 804 896 411 15 1032 481 644 3921
470 982 953 489 473 4289 522 4265 971 950 3957 3943 471 949 3945 478 514 1087 1075 4360
100 1856 1895 1577 1954 89 3008 1994 1952 1536 125 1992 1570 137 1934 1854 1652 1969 1941 1554
985 1020 920 4300 930 4290 1046 1038 1024 397 4319 526 472 1073 3929 926 473 420 4322 517
234 1324 5249 2683 5252 2678 233 264 1276 2686 1336 203 2867 1358 1377 344 402 2901 341 226
737 4535 4031 4552 4396 4433 4421 4425 4534 4579 625 4006 4248 4698 729 4555 3998 4381 4554 4506
467 3953 3990 1093 960 1034 988 3948 915 1086 860 1092 445 955 670 4363 3915 3951 4295 510
676 3961 638 4036 696 1060 408 4596 4334 679 413 653 364 4579 4554 4537 4594 780 3975 1071
2894 3318 218 2998 198 210 3360 2850 220 2916 3002 2851 2814 2832 3323 2903 3363 2898 2824 208
1805 1951 1912 1834 3170 3172 1973 1849 1983 1674 1922 3041 1956 1938 1967 1920 1813 1836 3036 1856
1536 1839 2632 1528 1491 1975 1548 1498 85 1549 1832 1852 1871 1485 1567 1552 106 1968 94 1515
3833 4806 3524 4828 5095 5297 3452 3489 4765 4774 3899 3454 3871 5302 3480 5123 318 4832 5118 5094
406 5293 1365 5053 3471 4805 3643 459 334 1367 5290 368 5325 1141 394 1022 267 2771 5119 3414
299 1230 1340 259 5303 5231 1281 250 5284 281 5157 5283 2691 1601 2670 2814 1290 1180 5122 4783
1751 3178 1792 4308 3083 1651 3133 3179 3105 3106 1644 4325 3087 1782 3113 1920 3107 3108 1794 1650
3805 5150 3641 4751 5229 3762 3728 3487 3787 3749 3739 5133 3569 3559 3853 3790 3803 3442 3701 5299
310 4787 5187 3844 1110 4831 5155 1181 1108 3637 5282 5189 319 1298 5253 3829 4774 1144 2748 3969
1775 3196 1640 3020 3054 1880 3043 3125 1773 3053 3092 4293 3032 1923 3060 1668 3216 3171 3242 1882
1400 1413 5245 5256 1225 2646 1459 1243 1376 1484 2637 1423 1468 1353 1382 2654 1483 1169 1143 1463
3802 5148 282 3799 3748 5086 3743 3639 4813 5209 3775 4824 3770 3682 5128 3674 307 3785 5293 5274
382 1038 5296 334 509 493 915 5287 339 958 1065 1016 321 1008 1071 398 3962 333 3970 1087
3665 5274 1373 267 2726 5187 341 3756 3521 1206 5281 3534 1397 3593 4837 390 1323 297 1308 3450
4146 4186 4624 4603 4147 4591 4199 4694 4701 4730 4583 4589 4061 4582 4193 4140 4642 4066 4610 4668
2198 2332 2218 2197 2427 2326 2124 2273 4366 2397 2255 2356 2269 2396 2243 2262 2131 2370 2195 2402
145 1542 192 1824 3021 1451 99 1596 1870 3033 1520 1845 1820 2967 1863 1489 1582 1581 2647 3030
2975 3002 2896 1678 3023 203 212 2974 3010 3047 2922 2977 1704 2901 3003 163 2915 1719 137 2958
4215 4720 4579 4207 4149 4529 4052 4631 4234 4212 4535 4648 4600 4056 4147 4679 4492 4740 4083 4144
468 4257 454 4300 899 82 651 888 4366 4262 3915 4360 455 4270 975 451 4276 892 4337 495
3753 4800 3525 3538 3485 3734 3763 3623 5306 3818 3827 5136 3871 3655 3535 5295 5173 283 348 5221
3711 3800 5234 5087 3662 4832 4825 5191 3832 3704 3663 4828 4773 5237 3646 3616 4785 3650 5086 5167
1329 5346 360 1267 5308 1309 374 260 331 5314 3910 324 287 1319 2752 280 1378 5261 5311 1297
2745 2778 1336 339 1260 1289 280 2678 321 1329 1250 2807 1281 1240 2746 264 5278 2765 1310 2784
1998 4296 4301 2333 2346 3210 914 1919 2489 868 4300 1933 1922 2003 2485 1903 512 1926 2501 2343
4428 4527 689 4427 688 4505 4242 4385 687 4546 4509 732 745 86 4425 4210 4556 4381 4440 4201
3573 3586 5166 5103 3604 5276 5102 5239 4822 3649 5283 3582 4827 3567 4835 3602 5248 5211 3565 3595
4839 5271 1084 5174 331 1283 3626 5116 4865 354 1244 3826 2780 3475 1228 2693 3623 3815 3816 3893
3225 3261 1792 3039 3086 3044 3243 1784 3192 3037 3304 3288 3082 1796 3202 3207 3235 3118 3071 3137
268 2809 3376 2849 5164 1197 1204 208 1188 2854 303 2776 2741 2777 4827 2709 1198 3345 5273 2831
4184 4663 4081 4707 4691 4641 4107 4718 4186 4611 4214 4624 4227 4228 4609 4678 4716 4689 4041 4146
4412 4583 742 4585 4032 4149 4569 4608 4709 4752 766 4050 743 4680 4727 4718 709 717 4402 4021
5267 5286 410 5207 2775 393 5077 3423 328 249 4803 3563 5247 420 3379 3767 3642 5046 2763 5114
630 686 3980 4592 822 3944 3946 701 853 861 4595 720 729 4336 847 4557 619 594 672 837
304 1166 4778 5124 5173 5096 5122 1408 1429 2710 1282 5231 318 4802 1162 5190 340 2730 1110 1229
672 4336 4008 4030 830 4537 4306 2337 65 624 4265 2350 763 4258 835 863 436 61 4577 996
1465 1541 1478 1857 1502 1820 2668 1875 1832 1529 2634 2671 1867 1464 1831 1889 1874 1536 1861 1577
3960 4009 4565 387 414 652 842 755 628 1088 391 420 733 597 742 371 3932 3940 4577 741
4375 4593 4000 4706 2183 2134 4677 4147 724 4598 4626 525 4397 4724 2192 4001 4720 870 4690 2191
5270 5298 3394 3769 1243 3633 5069 369 2741 5330 343 1387 1333 4830 4784 1272 4803 3893 3800 1296
2048 2098 2044 4323 2010 2056 4366 564 2036 2520 2108 4297 2119 2037 2533 4358 2123 2137 2096 4360
765 4031 673 4528 4018 4063 4113 4560 4011 4539 4003 4522 4209 678 4353 4229 789 4214 4005 4533
3490 4771 3458 3517 3810 3779 3792 3673 4797 3504 3644 4769 3985 5211 341 4798 5290 5163 4827 5193
943 975 496 495 4318 1042 523 454 995 984 998 912 461 867 881 893 1005 908 903 4344
3808 5290 3497 2750 3816 4842 5135 5093 5200 309 302 5110 246 296 2816 3459 4763 3676 2803 3711
4259 4268 4290 473 771 4284 623 1010 670 784 4269 466 4354 698 4292 988 60 717 4286 638
535 571 881 811 475 959 798 502 557 603 4292 569 806 507 900 873 605 913 1013 602
369 5115 2755 5296 1038 4813 3740 385 3888 3656 3723 3444 1376 1323 3620 3720 3735 3696 1319 5132
4819 5188 3714 5089 4818 5252 3521 4755 3442 3830 3498 3463 4790 310 3512 4781 5304 4748 3455 5222
205 1628 180 247 2775 2815 2803 1568 2806 2695 2987 1251 2782 1204 156 2994 2797 226 2996 232
1848 1971 1998 1531 1982 1974 61 52 89 82 1880 1497 1641 1973 1514 1810 1569 1886 118 1542
278 5213 3554 1218 1283 5270 3352 4806 2766 5174 3601 5147 1214 5152 4796 3569 3638 2828 3619 3621
1088 3907 3853 5328 3878 3941 3976 3844 414 491 3949 338 379 5276 3973 3967 5324 5279 5273 364
3802 3826 333 3657 3825 5183 3777 3872 4818 5162 3853 5089 3738 5167 5277 5189 3765 3820 3707 5193
665 789 4356 762 821 51 4346 759 816 709 4028 844 4554 4558 3985 833 13 810 19 3987
213 1229 2884 1353 2830 1611 2828 250 5251 1376 1253 3314 1588 1171 2978 1344 2708 1207 2849 1243
1317 2763 5329 5345 2746 1255 1286 357 258 305 2792 212 2801 2701 5294 5333 261 321 240 333
662 831 894 4020 836 3939 43 834 3978 646 791 4257 854 3963 3982 536 658 704 671 4322
2046 2533 4303 809 2088 2493 4369 2093 4308 2136 571 2084 4312 2018 2124 2021 2028 556 4229 2545
1018 1060 931 488 3922 519 918 1049 483 1017 1030 1006 353 4276 4361 1081 1046 4340 1068 412
3660 3761 4788 4782 5223 3694 5236 5277 5198 3740 3705 3599 3619 3634 3818 4844 5119 5105 5222 3729
4057 4148 4726 4119 4656 4024 4166 4616 4735 4074 4177 4216 4023 4703 739 4143 4097 4170 4567 4183
4193 4660 4035 4601 4228 4674 4567 4129 4148 4227 4087 4034 4135 4100 4690 4111 4045 4658 4706 4586
4622 4719 4735 4159 4709 4691 4488 4200 4061 4050 4201 4638 4575 4495 4154 4172 4483 4168 4670 4600
199 2971 2843 1563 1591 176 2664 3002 107 1255 2947 190 193 2801 2967 2987 3000 3003 2870 2657
4151 4221 4549 4161 4701 4531 4684 4070 4187 4179 4551 4540 4690 4218 4705 4238 4209 4114 4188 4598
427 4339 977 769 703 424 399 4374 3965 367 467 718 751 4255 710 763 4318 1107 720 1108
297 2772 5207 2681 5249 5244 280 2732 5200 5276 1358 1210 1168 1227 5149 5192 201 5130 5280 212
3759 5181 3764 3758 276 5128 303 3806 3532 4755 3523 323 3672 4815 3734 5279 3818 4791 5126 3474
2696 2721 2797 226 1224 1382 312 1160 217 2726 2735 2730 2670 2671 1341 1376 291 5243 5232 1231
1780 3224 1748 1891 3118 3245 1911 1650 3213 1798 1750 1722 3200 3161 3043 1725 1761 3057 1643 1925
512 1053 871 997 472 3926 3961 967 1079 329 465 554 484 326 952 1062 4377 1076 564 4251
4813 5270 5146 3437 309 3778 3836 3683 3780 1301 1265 273 1278 1165 5083 3865 5246 1163 1128 3500
4396 4542 4416 4203 4021 4234 4556 4510 4432 737 800 637 4505 684 4535 645 621 738 4390 4069
1243 2773 1607 2755 1253 1232 1192 1319 1237 2771 5232 2824 5288 2676 1162 1332 1259 1308 2802 2716
4805 4837 4757 3548 3608 5264 3769 4788 5274 289 3503 3534 3689 3652 5300 347 3448 3633 3782 3600
686 4346 675 611 25 4551 415 640 4377 446 2354 4552 706 687 4273 967 968 618 747 766
4051 4574 690 4045 4550 4588 3994 749 4096 4412 4676 4607 4582 4606 4193 697 4128 4414 4231 670
3445 5158 3625 295 3501 3788 3608 5203 3427 3459 5141 314 270 5112 3521 5149 4778 3827 3454 3629
2824 2888 2764 2841 2766 3308 2855 2796 2858 1291 1249 194 3323 2976 263 2795 228 3337 2856 2800
4042 4571 4140 733 4152 656 768 720 675 4046 4029 4596 4138 4589 4225 4715 793 4698 4131 4159
1807 3036 1687 3105 1672 1949 1714 1931 3000 3060 3091 1694 1665 3107 1951 3264 1671 3174 1936 1689
1226 2836 2682 210 1600 2705 2698 1371 1166 2809 3322 1175 2787 2669 2799 1370 273 1289 1379 2785
1257 5231 3641 3482 1314 310 1391 279 3595 2698 1252 3688 298 260 2849 1170 239 3716 1163 297
255 5219 4821 2755 1273 1195 4764 250 3680 5274 3378 1221 2670 3728 5224 5166 1399 3345 3699 2844
2178 2314 2234 2375 2405 2426 2148 2340 2449 2273 2103 2192 2095 2424 2422 2455 2131 2409 2113 2442
3459 5094 295 3812 5251 5230 3826 5302 3856 4814 3504 3676 5246 3828 3661 3430 3871 3879 3445 3637
3315 3357 2816 2870 283 217 3326 3348 2873 3327 2896 3386 3321 220 3343 214 227 241 236 271
4978 4989 5018 5007 4962 4875 4954 4956 4979 5002 4869 4972 5012 4966 4880 4871 5014 5005 5021 4970
266 277 5133 1230 3361 284 1189 2856 2771 3359 5296 5149 3331 249 2806 5250 5269 2720 4801 5183
278 2855 5139 2807 5165 2788 188 2710 5146 1235 302 301 311 1335 5292 5257 275 3333 4837 298
1232 1399 1222 1428 1583 2689 2637 1254 274 1392 5234 1420 253 1356 1443 1438 269 2661 1406 1293
688 860 3950 9 780 573 566 660 3945 4280 18 4546 747 4419 4357 641 4284 891 779 515
547 930 4369 521 931 831 914 459 503 538 839 989 1040 11 471 575 809 974 527 16
4017 4559 4410 764 4247 4561 4611 853 4052 678 689 4415 4082 784 626 769 675 4056 4610 4419
3698 5237 1423 1212 235 1202 3756 1137 3526 5286 2694 3557 5182 1224 1270 1421 3660 5270 1410 5252
542 842 661 832 28 852 699 962 952 932 4280 4241 18 657 4010 633 4322 504 528 627
5193 5293 5246 3436 4834 2772 5278 309 5231 307 3833 5287 2753 5163 350 3393 5285 240 3814 3903
2703 2734 1151 1208 1319 2754 1379 2785 292 1334 1363 286 1223 1389 1168 244 327 5248 1390 264
1849 1951 1501 1534 1638 1971 3203 1825 1963 1972 1881 120 1798 1815 2002 1558 1939 1564 1961 1976
4186 4644 4048 4699 4747 4209 4153 4228 4651 4151 4121 4057 4697 4712 4680 4045 4169 4166 4037 4047
934 4359 1017 1019 834 4325 2328 992 447 847 857 2054 843 421 11 2359 4316 4278 4302 951
