317 1860 364 220 2048 225 1856 330 1787 1899 1295 197 281 2074 344 199 181 120 54 2003
325 1974 181 1983 1836 236 1932 1947 1925 177 1834 1959 322 304 1893 2087 303 52 136 315
284 2105 143 1281 2081 1303 1927 262 1887 3 354 124 307 218 2078 1905 122 2103 1288 1295
328 2091 282 225 2077 1958 163 296 1961 1942 167 2082 1936 1898 58 239 142 1308 2085 1962
226 1961 155 157 1976 279 1953 282 1832 1934 2101 2073 348 188 195 219 66 224 1278 253
1831 1964 1810 1761 1993 192 53 1917 306 30 1815 90 2082 1922 2076 1985 1811 1959 1813 64
44 60 353 1286 91 2061 352 1887 2089 1944 329 342 113 21 1897 1970 2080 1933 2100 84
107 158 313 2022 289 216 2020 18 199 422 1287 265 174 301 2100 1939 94 157 116 212
1713 1757 1711 1663 1683 1707 1732 1740 1660 1642 1813 1643 1612 1614 1687 1782 1775 1816 1708 1778
45 1859 3 1990 1782 1974 1865 60 310 1906 273 293 5 1882 2055 25 2057 64 33 42
861 889 828 1051 640 937 710 773 864 728 584 885 650 823 591 770 821 827 925 1042
182 290 237 2072 164 235 1309 99 127 143 1877 1307 1947 353 304 2109 139 1918 1951 1881
321 344 294 1934 391 166 1898 124 152 434 109 210 349 237 99 378 309 1912 1945 87
72 116 55 1992 2014 2026 2095 1952 27 2020 184 14 1980 239 2069 404 2099 114 99 1939
794 812 722 744 709 604 1059 586 1236 1082 621 616 792 766 853 776 887 871 1058 1251
1749 1830 1966 1680 1714 2046 1920 1883 1713 1790 1980 1846 1918 1954 1777 1840 1702 1712 1801 1754
1026 1144 1214 1553 1095 994 983 1551 931 1126 1155 935 1170 1106 990 1049 1078 1008 1228 1396
955 1068 793 1007 811 1079 1405 1074 633 774 1126 930 999 1542 1080 1045 796 632 813 1549
1369 1376 1196 1398 1562 1413 1194 1041 1101 1418 1157 1121 1382 997 1162 1237 1408 1195 1531 991
400 1304 170 196 115 443 477 92 221 301 472 452 416 401 158 134 1281 80 164 1312
65 1968 1883 103 1898 1843 2003 2076 96 212 306 89 1299 1871 2067 179 104 1995 291 191
147 359 231 88 285 1324 282 92 1898 471 491 263 248 2080 172 288 372 425 73 1927
1058 1540 1403 1045 807 1482 1125 1018 1116 1565 988 1496 894 923 1101 1013 986 1465 1500 1037
190 379 480 2059 117 435 91 2056 100 134 273 385 327 127 21 1288 129 257 1934 277
1379 1522 1140 1139 1024 1077 1386 1423 1503 1084 1352 1156 1362 1070 1438 1104 1476 1576 1422 1369
462 1323 174 1260 324 396 496 250 231 498 362 472 468 569 512 260 432 245 574 436
1488 1497 1534 1614 1483 1408 1528 1506 1417 1600 1469 1616 1589 1588 1609 1424 1480 1456 1610 1618
326 395 281 385 2091 1289 198 1984 109 1981 1285 98 7 400 57 1952 283 322 242 384
1026 1088 1169 948 1384 1091 1523 991 1082 1221 977 1417 905 1212 932 1003 1543 1204 1397 1068
199 1312 483 214 52 498 195 435 48 442 2093 2085 303 307 1298 1967 401 17 164 515
1445 1631 1539 1638 1529 1589 1610 1505 1534 1653 1629 1483 1426 1491 1503 1434 1433 1521 1494 1628
1 175 1996 300 1957 2053 1872 1322 2055 0 314 319 127 367 2091 1959 189 384 303 188
1432 1492 1422 1612 1630 1614 1497 1448 1415 1537 1411 1609 1588 1590 1517 1591 1490 1477 1528 1436
467 553 578 398 424 500 531 534 539 445 464 400 444 567 433 360 420 509 454 542
1185 1378 1396 1028 999 1121 981 974 1558 1418 982 988 1219 1421 1022 1519 1081 1184 1553 1133
693 733 734 870 699 662 656 770 1226 718 631 868 586 1224 605 1247 869 805 727 1076
608 692 864 702 865 652 894 675 575 620 789 592 778 679 680 774 780 742 739 653
107 337 2067 2074 205 63 1974 281 375 1320 105 291 5 1933 101 276 360 2084 2036 55
212 1977 36 2021 68 29 347 2022 1871 142 127 1904 56 87 1962 1834 402 2064 1306 183
1784 1827 1994 1763 1982 2037 2009 1805 1822 1976 1750 1736 1809 1728 1883 1968 1845 2022 1721 1791
286 372 104 28 251 248 223 20 50 492 182 224 491 232 11 1972 303 467 1908 71
1721 1747 1739 1821 1808 1744 1727 1758 1654 1742 1762 1724 1788 1790 1730 1809 1695 1816 1794 1780
1914 2014 1920 56 210 148 1833 50 1881 1979 135 1845 1831 294 70 79 172 290 137 1852
389 1312 2 232 151 404 16 1 282 191 325 111 320 1310 483 291 344 139 314 121
626 911 921 992 602 846 771 666 835 791 905 630 629 1058 1063 680 659 747 653 1059
116 1899 1869 1890 277 62 394 330 1955 141 387 134 0 155 216 295 319 298 199 1979
653 800 647 846 632 860 853 913 696 616 672 610 817 845 614 674 836 693 808 595
1663 1732 1659 1726 1707 1599 1818 1628 1585 1598 1584 1704 1592 1661 1681 1723 1656 1643 1630 1816
1861 2055 43 2056 2036 9 1893 147 51 139 15 1874 1934 336 1872 1824 1919 2017 2049 172
19 176 210 1860 194 116 291 1944 82 124 365 1318 11 371 1948 1288 114 1952 1981 1982
225 1294 233 2059 1964 1282 59 2057 1279 20 429 1952 1963 159 1325 1300 473 82 306 448
6 36 177 2099 281 228 339 42 254 83 185 133 196 1290 1934 329 245 2056 110 2097
1001 1086 1060 1021 953 1522 1119 939 1048 1558 988 1089 1216 1536 990 1012 1531 928 1377 1070
312 2000 2076 16 192 302 45 1961 216 280 293 1929 139 2100 2089 43 1874 1807 358 1821
31 1931 1976 1913 2006 299 213 174 97 278 328 336 122 2003 2062 252 1861 1275 98 107
1199 1218 1181 1142 717 1130 1023 1217 1024 1171 1010 1180 722 979 738 724 984 1070 1152 1213
226 269 174 54 131 195 306 367 300 45 2081 1285 376 150 145 2102 1301 1321 1902 267
664 741 718 708 850 799 611 648 798 778 1250 805 1236 761 775 829 720 731 681 770
1118 1388 988 1012 1556 1532 987 1075 1015 1530 949 1024 1378 1194 1110 1542 1353 1429 1544 1386
83 2102 247 2099 1952 1930 1839 1868 1995 2058 2057 53 279 335 225 1302 193 1895 367 2017
815 873 817 603 767 893 668 837 721 852 705 1060 880 835 804 742 650 597 1063 574
1990 2040 1967 1819 300 149 1988 1870 1936 2044 1982 76 115 1856 113 1974 298 1903 2048 2041
1852 1951 11 173 150 1832 1911 1781 105 170 234 279 1805 205 68 1895 1970 31 1799 1957
51 1953 1910 1291 2075 73 5 1916 300 197 1308 304 71 208 211 99 4 1857 1956 218
124 2092 2088 226 351 219 2076 9 1301 1952 382 2089 188 1886 139 394 99 169 53 350
1892 1914 292 308 1982 163 2068 155 111 2083 62 228 107 195 1973 223 70 2024 95 2052
27 1930 282 2061 2067 102 1903 163 153 175 1936 1890 2050 219 78 107 2075 4 52 1855
1522 1576 1507 1375 1019 1683 1480 1653 1618 1409 1475 1416 1473 1041 1499 1400 1377 1607 1392 1624
179 419 395 515 241 293 1299 345 499 8 356 1279 259 14 81 262 2084 284 500 235
529 605 764 443 458 721 1253 732 819 820 694 679 795 868 608 884 811 643 460 641
912 924 885 838 946 1067 960 851 785 1037 984 779 1064 630 992 1011 828 817 1070 996
1213 1395 1076 1394 1546 1548 1522 1008 1356 1202 1128 1006 1149 1139 1528 1120 971 1373 1034 1218
899 957 949 1025 630 1088 1535 788 1048 1008 1095 786 927 1091 828 971 978 1068 637 1085
887 913 851 884 716 846 938 800 888 999 815 952 786 617 963 822 612 640 998 926
1474 1552 1391 1567 1120 1654 1582 1620 948 1446 1434 958 1599 1387 1472 1125 1549 1442 1410 1543
186 272 260 1281 53 386 2092 265 36 22 19 308 347 130 336 309 49 277 212 165
1122 1191 1175 1006 1017 1080 1217 1546 1022 1152 1012 1004 1380 1140 1172 1411 1096 1101 1155 1551
738 1219 776 1147 1372 913 1174 1207 728 718 614 1001 1161 641 802 1341 1201 722 758 1381
286 310 1283 108 46 2013 138 236 289 29 1877 31 1282 76 1908 1305 1998 256 344 212
127 1971 351 1919 223 362 189 2001 70 45 1896 1936 162 1313 46 174 406 12 114 93
912 962 1021 855 1029 992 873 1392 1050 810 1537 884 626 1055 815 1026 1540 880 1060 847
682 743 722 1266 1265 711 787 758 714 1260 690 728 677 607 589 620 660 721 1235 832
1680 1702 1731 1756 1727 1738 1670 1591 1573 1598 1662 1778 1740 1744 1780 1643 1739 1717 1730 1785
780 876 696 777 652 1068 1252 769 823 656 879 1242 686 587 778 640 792 724 1231 668
1017 1108 1158 1515 1014 1084 1150 1070 1225 1568 1561 950 1517 1031 1131 1042 949 1090 1452 1028
4 1971 298 2065 400 389 210 157 375 1979 76 1887 51 2072 1850 1873 2102 52 404 28
926 967 1087 1081 1042 973 1394 1007 1038 1011 966 1073 977 1094 1022 1534 912 983 952 1013
52 276 1933 1896 369 127 169 320 2084 1878 43 348 245 1952 2065 182 1841 1972 2067 1955
19 1280 121 1890 247 146 1963 273 186 466 87 300 1879 285 309 236 1308 138 322 293
51 316 252 226 2020 1894 366 2004 1975 31 294 157 342 53 309 219 287 1865 270 2096
1018 1079 1099 813 1389 713 1405 924 1060 1023 799 1420 1036 968 1379 1526 934 887 949 1104
308 2014 1994 1911 291 2098 1968 204 146 1863 1983 323 88 2093 14 2083 46 2092 1909 1309
1939 1984 59 115 125 58 332 1981 133 14 129 1974 1882 95 179 93 183 331 1908 1846
1008 1056 1220 995 1393 885 1095 1089 1414 1370 911 1143 962 1538 1039 966 1120 909 941 1121
1838 2036 1807 1815 1872 55 1917 104 1871 1967 1852 57 1826 1919 2050 1935 1955 1853 77 1918
814 862 919 778 641 843 799 646 821 753 827 886 828 726 772 591 856 881 903 861
157 2108 1949 409 1284 371 167 2102 349 252 1976 1900 51 223 116 77 247 391 2070 99
1428 1463 1430 1483 1518 1119 1533 1541 1484 1537 1523 1607 1116 1517 1494 1500 1475 1431 1480 1496
618 796 654 883 637 603 779 773 735 1072 862 639 876 584 1247 675 641 659 624 836
1143 1223 1097 778 731 1354 1372 1394 1362 1139 1020 1067 1419 717 1037 1107 1383 1108 779 724
999 1125 1141 898 916 1378 1065 1029 1006 960 948 974 1145 970 897 1092 1536 1215 940 1535
996 1077 1005 830 1014 1542 823 804 1106 959 886 1099 712 723 1078 1067 1390 1002 776 1544
1919 2067 2002 2107 2009 1948 1978 301 329 2089 1995 174 46 123 326 2069 1834 138 69 1949
1131 1394 1156 1210 1213 1215 1166 1393 1181 1073 1079 1077 1017 1191 1375 1080 945 1072 1411 1426
322 1284 1263 32 481 35 160 279 307 298 130 278 182 1990 145 399 73 270 1912 287
142 1972 209 38 1846 184 205 336 1903 386 158 2023 312 1834 1945 1957 2090 117 8 1929
6 395 1868 348 158 2087 185 345 322 194 458 135 1906 93 1978 209 1998 366 37 173
111 368 271 425 8 58 278 2009 1922 268 258 445 464 410 215 119 302 1302 2001 1931
115 1999 2060 95 343 71 108 133 94 2003 2093 338 2035 1992 314 1953 394 294 2011 5
727 755 857 831 807 1244 769 1256 715 659 890 850 1221 821 696 657 1066 618 770 782
813 1064 1405 951 729 940 733 1004 632 1210 1059 588 1084 1537 1095 755 908 750 1543 767
1894 2104 1977 119 289 198 226 32 378 96 306 281 77 95 43 1834 2102 361 1870 199
181 1898 253 223 1896 365 2106 69 2108 370 1854 36 388 22 7 25 414 182 135 2005
1435 1519 1466 1625 1520 1552 1618 1470 1442 1593 1571 1014 1390 1106 1483 1454 1604 1418 1537 1494
201 1319 1307 55 90 337 310 101 321 442 2091 2109 2 1895 305 183 1268 1290 496 214
1270 1343 1363 767 765 1337 1315 736 265 1252 1264 1246 1250 754 1311 1314 747 262 1327 1312
130 2063 413 1902 1305 1936 208 95 1901 81 2070 103 128 326 175 1960 1931 1977 320 2055
26 248 1277 92 255 240 261 1876 339 1882 356 224 243 1278 218 2064 1895 1982 58 1877
620 898 1080 708 778 937 924 576 673 823 1040 792 566 861 700 742 582 569 920 817
1586 1606 1574 1426 1490 1573 1453 1517 1592 1666 1600 1579 1712 1507 1494 1442 1571 1587 1711 1466
1378 1549 1032 1137 1067 1458 1202 1093 1162 1008 1143 988 1422 970 1369 1416 1133 1493 1497 1013
1973 1996 294 1997 127 1976 2012 327 1909 204 1840 282 2057 212 99 2071 2005 1972 178 1933
259 2076 352 1961 132 381 1899 1886 200 379 1891 1877 38 1959 81 2075 1944 267 1885 350
660 740 1248 590 597 643 852 769 793 1254 606 1241 752 615 761 828 713 1261 870 847
1859 1943 231 2088 136 173 27 144 1889 25 1867 2005 1892 119 109 1829 207 1855 151 143
1442 1610 1605 1690 1515 1575 1639 1531 1423 1533 1429 1427 1697 1525 1511 1683 1612 1597 1583 1606
575 799 750 745 572 775 675 736 471 653 797 1074 801 860 741 876 1071 761 516 534
617 721 895 641 1075 828 1242 866 833 690 567 711 758 830 1221 579 890 663 864 851
1947 2088 363 2086 203 1963 85 172 320 187 279 1946 1984 22 330 1880 1851 119 352 304
1033 1215 1203 1545 914 981 891 898 1182 1540 1172 1197 1532 1101 1389 1059 915 1207 910 1379
116 307 1986 187 293 96 202 40 311 1905 308 1885 81 2002 2052 2017 2075 378 1938 122
168 199 1943 26 171 122 1927 243 138 23 59 98 316 349 27 1946 1971 2057 129 257
1648 1661 1588 1579 1589 1702 1740 1669 1707 1699 1743 1568 1722 1620 1596 1724 1439 1701 1745 1586
1797 1852 1774 1935 1766 1841 1846 1834 2059 1984 1776 1767 2053 63 70 1927 2042 1744 1987 1883
1117 1538 1421 1066 1480 1475 1532 1152 1087 1561 1082 1004 1164 1147 1038 1075 1398 1144 1008 1394
1883 1943 170 1844 316 1873 287 68 51 187 1877 77 125 308 138 1899 2066 31 277 1839
769 858 889 715 786 694 826 1253 668 1239 844 1231 782 1261 637 643 721 684 593 783
1853 1943 19 168 1850 2011 277 2081 1894 313 2089 1778 88 107 324 1899 182 1896 1975 319
72 1839 2099 211 155 350 1805 298 2096 1841 363 36 1887 1880 1969 116 295 1810 1865 1979
123 2049 327 1959 1977 1898 1881 2108 335 216 89 1999 1825 1874 1855 2093 386 1866 339 127
994 1539 1126 1563 1121 1049 987 949 1133 1448 917 1085 1098 1168 1395 1210 1209 1009 975 1213
1594 1689 1588 1723 1719 1648 1626 1440 1738 1498 1608 1741 1732 1691 1557 1497 1578 1471 1752 1751
224 2081 2067 285 277 7 163 306 273 24 1308 327 345 2060 1924 1970 173 170 177 300
626 736 797 800 810 848 861 908 740 1264 599 693 879 881 642 1236 722 777 578 719
127 180 1978 1316 1283 267 116 107 408 139 1902 1929 1296 1320 1304 350 1910 1901 211 1287
201 380 2058 416 1935 392 135 2092 353 2064 2 2077 407 261 228 275 1977 183 432 468
169 254 1906 153 151 162 402 149 1933 159 372 2095 23 130 244 1311 1279 125 196 2056
1745 1798 1803 1801 1732 1662 1724 1712 1846 1736 1704 2041 1695 1800 1853 2040 1765 1746 1750 1780
341 1280 1301 256 1917 381 50 337 1260 1938 34 229 314 2089 241 61 19 359 2088 2081
1240 1356 744 1405 1248 710 748 1370 755 1214 1372 1258 1226 1365 1347 1391 1352 730 784 1358
