465 472 433 494 443 439 498 435 502 429 452 457 431 480 493 492 453 473 440 441
248 361 258 294 732 319 748 257 311 303 292 386 300 313 331 262 280 279 244 354
223 742 728 707 718 265 242 218 195 210 274 250 270 234 733 239 289 280 727 748
52 89 65 78 668 60 95 49 31 47 111 125 50 789 120 114 780 85 774 83
425 433 471 456 463 447 407 434 454 461 415 438 431 443 410 437 439 401 414 424
280 381 298 275 306 724 372 302 393 352 361 242 357 286 301 733 236 741 330 398
251 298 324 256 303 240 263 381 243 719 383 726 706 313 274 232 372 261 278 354
235 725 233 299 203 746 278 274 732 289 272 250 214 246 241 754 277 208 227 261
51 773 650 774 758 60 194 193 68 198 104 32 657 662 761 56 61 771 77 658
180 187 684 175 754 749 140 161 134 203 750 176 202 218 209 188 159 145 139 761
489 496 563 573 456 465 475 576 491 504 467 472 469 471 479 455 513 564 457 568
190 684 712 198 122 749 202 687 141 109 191 757 228 128 677 692 167 178 786 673
236 728 276 218 359 239 754 226 257 263 287 274 292 737 265 279 362 286 741 245
278 748 365 379 286 283 751 350 233 713 276 381 236 752 331 376 230 302 197 239
19 604 41 584 595 616 651 632 1 11 592 607 14 0 42 40 21 617 37 6
146 664 81 57 178 61 74 94 687 124 759 152 658 758 131 65 165 154 86 767
134 776 81 769 133 695 84 767 87 119 129 59 184 135 659 123 765 142 186 696
660 667 32 664 35 153 693 73 141 76 138 781 37 677 46 647 779 50 680 122
229 757 677 186 218 252 732 166 682 695 136 737 244 755 195 291 674 718 733 255
293 377 319 746 236 362 244 270 726 733 358 714 304 350 299 259 332 310 235 730
229 737 219 199 729 741 704 754 235 750 748 698 289 223 258 732 197 733 264 241
152 683 114 207 673 665 774 701 776 151 136 754 777 97 668 106 187 168 780 200
365 728 268 222 224 246 229 714 221 321 329 730 357 391 258 256 266 722 318 324
165 181 760 209 168 692 176 762 145 754 185 174 159 768 759 166 192 143 688 133
47 103 57 77 607 49 690 685 786 651 668 94 657 653 761 772 676 654 83 600
221 699 710 244 707 767 678 241 236 194 720 737 692 732 731 230 738 696 245 219
229 730 370 302 290 274 294 241 705 197 234 708 746 748 198 268 213 247 364 306
237 278 360 735 746 268 221 365 219 277 291 254 750 331 355 279 281 754 361 227
53 779 49 783 640 123 54 662 690 45 138 650 64 93 77 91 106 121 140 61
110 132 115 774 121 103 654 148 160 142 759 185 765 55 668 675 693 145 143 114
287 365 364 708 327 366 376 289 383 377 303 748 297 265 747 382 712 318 283 734
710 724 687 247 229 296 757 760 699 230 690 712 751 250 758 316 732 287 210 717
482 513 486 462 565 530 508 561 569 473 504 503 481 484 581 450 500 449 497 563
518 533 545 560 495 524 544 576 497 510 547 501 540 535 552 527 509 580 525 537
428 463 406 484 444 489 451 413 464 407 488 479 427 418 402 470 421 486 495 448
456 482 458 467 577 515 461 438 454 485 497 474 572 569 463 500 491 573 503 449
237 273 355 747 295 211 753 735 303 270 282 243 218 308 248 253 377 254 746 368
512 577 571 594 502 572 510 530 561 495 528 484 583 566 580 565 593 478 486 534
41 59 632 107 777 610 54 597 104 628 34 654 603 27 662 621 79 641 26 44
188 692 684 197 128 766 700 138 109 182 106 185 704 711 132 676 667 104 755 129
289 351 255 253 375 366 250 374 732 280 281 745 326 324 378 252 248 350 328 318
270 729 297 290 243 747 332 358 313 714 228 357 727 315 237 235 360 364 745 355
51 72 776 49 107 84 57 618 90 58 78 81 783 55 788 24 784 643 87 619
35 61 24 1 70 671 86 87 48 662 776 789 598 49 66 665 614 636 63 68
677 697 713 131 141 124 179 123 715 134 788 717 703 127 659 702 768 678 183 765
486 493 496 574 582 504 565 463 509 461 468 485 512 481 469 465 581 494 474 476
133 782 662 783 681 784 132 43 179 780 125 180 84 89 152 669 167 768 686 127
42 658 624 63 40 36 88 638 612 25 34 56 55 89 97 621 661 75 669 611
141 173 772 161 680 780 692 175 165 128 767 120 150 131 672 181 675 174 162 135
193 212 685 235 757 762 702 756 741 771 179 180 765 715 175 203 234 192 694 752
32 58 640 43 8 10 94 673 86 17 81 658 24 65 55 590 615 772 613 59
280 734 275 297 357 352 291 736 316 245 311 738 376 737 314 740 350 265 326 283
25 76 627 783 630 628 91 642 28 57 29 789 15 65 787 629 646 66 661 596
34 87 599 628 42 49 769 97 3 111 17 648 595 107 645 779 653 82 644 785
508 520 499 543 581 536 561 517 493 576 559 506 578 481 492 528 477 515 537 562
62 73 26 106 644 621 634 778 633 90 655 76 61 783 784 57 72 654 74 97
224 724 750 757 714 713 745 755 206 244 731 258 233 696 227 730 294 251 725 723
401 417 434 419 384 420 410 429 433 439 387 406 450 393 386 449 400 404 407 444
667 677 656 140 680 98 153 194 201 79 47 694 661 788 101 205 197 679 789 763
675 757 143 668 707 100 213 679 112 657 762 188 718 153 229 775 146 671 104 190
59 778 81 130 31 50 769 775 132 654 692 69 41 64 636 782 141 30 92 655
442 477 498 417 414 474 497 465 424 504 496 488 449 475 459 487 494 471 483 440
639 649 4 95 609 84 620 61 654 13 72 103 57 54 647 663 48 42 613 625
114 687 140 750 689 176 206 166 656 773 775 751 653 209 111 766 212 117 708 101
83 642 47 85 78 60 12 71 627 653 49 16 43 778 630 635 665 106 66 659
291 743 237 746 217 250 709 223 234 726 311 224 363 377 259 241 355 231 378 316
278 308 290 232 271 243 717 355 263 275 749 311 230 374 352 254 714 249 303 319
358 364 379 377 265 304 272 250 307 319 241 288 378 357 238 278 257 263 295 368
193 204 749 706 234 178 173 694 753 759 709 683 166 704 222 165 174 685 765 746
247 363 390 309 288 355 376 717 237 236 358 227 261 317 234 718 332 266 389 745
759 765 666 218 225 147 118 678 114 217 208 185 134 775 100 94 672 713 755 714
145 681 144 657 173 788 131 774 670 673 703 98 175 143 139 121 95 111 151 159
37 79 638 661 60 604 88 636 603 627 97 664 632 652 781 89 81 643 634 775
284 365 290 751 390 351 389 266 311 388 240 354 750 710 267 355 383 373 301 368
660 774 100 656 116 41 144 781 88 78 788 84 757 60 787 653 761 91 786 72
30 658 114 606 80 609 22 12 145 787 137 37 773 87 76 46 612 654 55 600
215 226 753 232 205 766 717 227 688 241 764 224 233 733 189 759 742 758 741 719
321 363 274 261 375 293 302 297 380 262 712 387 316 381 324 378 707 236 727 282
508 559 573 561 531 480 532 495 537 568 552 488 579 565 578 513 483 489 544 581
273 357 235 732 318 238 721 322 727 748 265 244 723 291 315 263 301 363 712 378
303 360 285 374 257 311 325 739 711 381 743 388 317 320 277 292 291 326 350 298
240 728 724 353 366 359 738 288 286 277 292 369 711 221 713 729 730 718 735 217
564 577 502 583 569 522 576 497 510 556 480 581 559 586 517 501 592 491 599 567
26 601 605 38 620 18 624 32 17 600 72 75 610 582 599 647 77 36 66 583
287 323 716 358 328 726 360 231 320 249 301 256 739 741 324 752 264 722 273 377
34 592 630 644 657 61 37 649 20 606 7 594 44 38 576 17 90 47 645 789
56 95 132 48 54 126 767 770 63 660 107 60 51 85 86 88 109 644 99 674
34 642 23 14 633 613 79 80 57 37 640 82 594 651 641 4 12 627 72 43
110 128 761 783 781 765 670 107 138 129 691 788 97 119 762 659 759 157 52 151
412 424 438 446 395 406 449 417 420 455 414 409 402 460 434 416 411 435 457 423
47 781 644 638 27 789 679 39 44 661 69 84 775 683 92 40 601 100 136 688
166 690 149 137 754 673 712 168 670 191 198 764 196 702 120 678 785 750 698 667
229 239 279 263 247 244 313 249 694 274 696 225 705 269 206 311 716 259 726 320
475 502 445 504 516 460 440 479 509 453 506 513 480 581 436 439 508 481 487 497
166 184 207 156 165 767 192 760 194 766 769 146 201 151 137 765 202 144 695 179
472 480 499 503 473 501 570 571 493 470 435 439 496 443 498 511 507 467 505 461
93 127 158 783 64 758 658 41 85 653 647 84 781 138 70 57 785 764 144 646
139 149 777 663 772 128 153 188 758 122 186 151 769 185 768 767 168 154 177 182
606 619 633 70 11 592 44 46 620 63 644 65 638 0 42 602 617 37 642 632
147 763 753 120 211 770 164 102 785 167 780 216 217 122 146 196 661 165 149 685
56 90 671 107 112 92 108 44 781 789 785 32 661 99 33 70 672 42 767 43
272 748 234 727 758 705 694 373 219 208 200 724 371 248 310 731 721 757 205 318
301 747 198 745 316 332 194 741 353 256 298 297 220 245 240 253 366 713 734 758
254 301 316 325 248 350 710 723 739 719 227 747 271 730 312 298 744 297 361 330
99 652 40 776 121 112 675 669 659 784 134 765 73 642 782 50 70 661 123 19
63 614 92 779 81 27 633 44 630 84 48 605 36 661 79 608 641 627 61 16
37 631 80 627 615 77 626 71 594 55 656 624 42 617 642 630 611 27 655 784
153 179 769 672 683 750 756 158 183 694 773 202 204 201 167 161 774 670 192 175
143 684 688 144 172 770 163 757 174 197 670 762 208 672 696 202 158 183 194 787
164 186 172 178 214 216 693 770 153 213 183 202 136 697 755 148 768 143 169 168
457 479 473 460 489 481 501 511 492 434 465 449 510 505 424 568 431 485 445 502
355 384 284 325 392 272 296 266 295 350 330 354 313 279 253 332 386 269 398 238
146 166 152 145 664 181 158 675 776 167 191 766 760 168 658 685 159 756 162 148
266 295 352 716 367 260 724 247 326 251 264 259 288 301 308 369 737 263 311 355
256 737 743 722 275 293 255 289 715 732 235 713 326 749 750 742 322 227 224 324
112 662 67 129 693 781 78 773 674 101 70 135 72 778 686 122 80 90 43 51
182 203 681 138 685 204 181 179 225 693 167 161 757 765 136 198 699 701 235 715
300 312 749 248 278 272 327 315 751 297 325 243 289 368 279 363 231 731 239 725
265 744 354 249 308 729 207 253 735 223 306 210 315 747 303 225 708 228 263 235
99 774 677 680 116 674 767 57 672 75 112 130 88 785 683 687 684 144 766 123
16 611 587 594 619 3 68 626 588 20 623 7 37 33 612 642 605 45 616 589
270 303 716 297 255 302 300 723 242 744 742 306 282 281 711 320 284 243 325 745
233 723 727 252 754 261 236 298 290 287 199 216 275 738 280 274 257 755 240 744
478 575 443 558 501 574 468 492 484 446 583 511 508 516 559 489 506 461 520 498
146 655 664 125 663 30 49 768 74 166 677 142 26 69 765 674 778 72 47 46
515 529 528 559 514 501 533 561 524 494 483 532 538 582 569 482 573 574 563 509
131 683 139 783 93 673 203 120 674 119 661 95 670 94 135 145 677 697 654 152
439 470 495 431 430 440 493 461 463 449 435 418 422 424 468 458 460 412 490 489
286 370 257 730 288 356 384 276 267 726 244 727 751 386 736 313 270 269 734 718
69 789 668 90 85 681 113 619 33 92 780 640 624 79 658 632 114 610 29 634
32 92 787 654 622 75 775 786 629 767 116 118 47 601 106 41 129 86 603 27
452 466 456 448 424 476 482 468 439 483 423 435 488 457 498 442 441 449 462 428
128 669 48 63 145 55 80 763 661 776 87 768 111 109 162 676 51 156 136 84
62 778 40 667 765 55 88 34 770 647 666 782 680 786 85 616 36 49 89 69
317 708 373 755 327 766 274 372 284 229 704 699 691 692 271 323 352 716 288 234
502 563 475 556 559 484 518 517 505 572 473 493 571 476 507 521 580 509 490 565
309 367 239 362 230 363 706 247 277 709 386 708 281 387 291 265 371 369 296 754
509 577 482 513 521 504 515 498 562 496 594 564 528 598 571 566 585 494 477 572
172 759 702 220 187 188 761 707 208 117 193 182 216 713 180 121 667 137 210 151
262 726 355 728 289 324 273 266 320 296 730 327 358 719 365 284 718 712 228 354
160 174 688 151 138 693 178 185 687 766 758 127 765 130 129 139 148 133 761 695
236 738 364 240 250 262 309 216 202 361 702 737 272 289 713 284 226 716 223 748
230 713 708 277 747 757 701 721 322 228 716 196 188 248 208 752 285 694 247 762
143 189 217 760 153 683 204 779 712 702 707 751 203 222 209 705 704 708 121 679
90 133 97 55 49 43 108 104 669 689 98 181 779 642 692 776 69 775 91 103
36 68 52 80 608 607 658 612 59 40 26 1 659 625 22 614 25 32 43 627
109 119 139 757 92 127 56 53 87 94 768 688 650 128 694 658 101 686 106 98
671 756 189 718 87 170 83 681 172 653 677 185 147 130 717 228 117 153 201 157
295 308 242 272 330 268 749 739 724 360 752 354 277 732 314 331 293 320 742 716
90 113 122 121 83 788 130 783 767 681 120 40 48 694 650 757 94 128 33 103
