686 723 703 1530 628 769 1523 1531 636 1572 716 602 1545 774 583 643 455 1548 612 461
505 513 610 1511 581 524 564 585 571 502 569 584 662 519 576 501 559 547 1510 554
1287 1305 1185 1341 1391 1271 1324 1353 1286 1388 1215 1216 1226 1292 1195 1245 1167 1402 1248 1237
185 359 1433 1418 162 438 356 252 1434 134 235 430 1411 144 248 270 1969 350 211 1404
1080 1099 980 1053 874 852 837 1098 963 1068 859 895 853 1014 1061 886 985 1020 1047 973
1150 1258 1116 1157 1300 1295 1170 1173 1234 1135 1275 1209 1110 1282 1221 1294 1319 1196 1287 1124
841 1094 1023 866 950 902 987 868 1112 991 970 860 905 812 1114 829 1020 838 958 930
400 441 712 476 717 295 420 289 363 294 630 599 348 469 407 622 297 443 612 1523
812 872 830 959 845 862 1017 1028 913 838 914 983 788 770 1040 1033 825 1036 926 842
647 1578 611 658 690 1577 1513 1527 693 1605 1543 655 470 1511 1539 680 480 664 1567 590
429 458 1534 1524 414 355 477 1561 447 386 1537 597 480 487 349 430 347 1519 490 1516
421 1958 316 1527 640 1965 89 433 1517 705 477 459 488 330 1976 1980 697 323 1564 83
1317 1405 1266 1303 196 1209 1258 1239 1408 1410 1227 1302 1230 1364 1271 1213 1432 1323 1309 1282
840 879 1048 803 1094 1103 885 993 893 903 988 1088 805 975 978 1010 844 882 960 981
291 332 301 1430 435 1977 269 264 303 194 211 1982 1427 287 438 463 401 1444 456 396
843 871 1051 845 885 916 881 799 974 1015 1071 1062 1066 969 874 1003 952 1024 940 978
825 881 934 833 836 824 820 993 981 799 974 1111 1075 798 776 947 812 1019 839 1033
1185 1251 1184 1181 1306 1295 1331 1289 1213 1283 1229 1222 1324 1170 1192 1144 1334 1126 1191 1157
579 635 678 428 601 693 615 440 598 482 657 442 445 638 1522 439 417 683 597 494
1036 1072 876 871 843 960 1005 881 993 857 1104 885 1080 898 1095 875 914 1031 1000 1101
1870 1911 1895 1858 1929 1808 1845 1907 1859 1871 1868 1930 1881 1810 1820 1869 1883 1879 1862 1842
482 597 494 655 413 1506 1566 661 441 1959 636 460 457 434 1513 615 682 1514 566 1536
1763 1820 1745 1756 1785 1757 1823 1833 1839 1846 1791 1804 1830 1867 1807 1829 1844 1854 1852 1795
689 697 719 754 469 660 1522 659 725 585 724 723 635 626 1547 602 668 649 751 714
239 1443 170 117 115 227 1461 88 258 1975 259 336 116 1981 301 345 366 248 1974 1960
927 956 940 829 869 919 851 866 957 848 1022 895 805 802 1110 1088 979 836 844 905
855 884 947 1083 916 906 872 891 938 1101 994 840 851 1075 936 1041 863 817 939 1095
130 193 304 1982 227 351 1967 1459 1437 335 364 290 1442 187 252 327 361 347 346 343
307 404 440 465 474 264 1523 365 1546 257 408 363 469 1979 443 242 477 364 414 447
804 933 734 729 789 838 915 1131 785 1109 1127 943 913 843 920 1087 959 928 1126 1132
1649 1735 1657 1719 1715 1712 1764 1641 1638 1726 1710 1652 1734 1672 1654 1687 1669 1636 1744 1742
1435 1454 198 1981 1960 172 1462 365 70 189 340 350 1439 1469 1444 325 1459 409 153 1951
662 1578 654 611 617 1599 696 1524 678 504 1606 483 571 677 482 627 1543 498 1567 1536
327 362 364 1976 293 345 284 433 1534 249 1541 1533 381 319 306 1439 353 199 234 1974
906 924 897 1089 873 866 822 1019 902 1078 904 829 972 847 1123 803 838 837 1018 827
956 1083 802 867 902 962 1029 927 997 1100 1089 828 1096 816 1110 813 1048 958 1026 897
878 936 1144 1015 1027 1063 959 1107 1010 937 1094 1032 969 914 987 977 806 1136 819 1003
492 631 1516 654 575 668 427 1564 558 1519 694 687 419 529 572 628 425 676 525 635
159 214 352 130 266 245 261 315 1429 188 309 345 1458 361 142 308 1413 368 282 157
335 1445 342 348 447 435 357 277 1460 1469 305 282 140 210 1531 468 1453 166 177 331
1592 1616 1620 1586 1630 1636 1594 1571 1619 1639 1599 1577 1578 1587 1613 1600 1626 1628 1597 1582
283 375 1542 198 1965 188 1978 226 451 178 345 419 320 413 304 1434 447 182 294 1976
818 867 1033 1088 1097 950 999 978 820 783 1114 822 1111 1043 776 870 1032 970 897 1008
185 1407 345 247 1447 1398 194 294 1328 1455 189 120 367 1448 1330 123 1348 349 1316 359
1201 1282 1182 1275 1200 1296 1154 1195 1310 1303 1129 1234 1248 1171 1315 1227 1170 1152 1183 1197
1165 1246 1240 1198 1142 1146 1110 1192 1321 1184 1305 1247 1176 1279 1164 1188 1163 1272 1294 1263
424 634 458 483 406 316 687 683 457 453 643 350 594 689 435 1565 619 597 459 626
137 154 81 1977 1464 172 247 173 142 1421 92 149 94 1418 1964 165 1431 112 207 1436
485 1522 382 610 586 453 452 642 500 624 572 1559 410 426 509 1542 433 1571 477 1524
1773 1816 1841 1764 1826 1854 1812 1793 1818 1871 1778 1865 1768 1844 1747 1772 1785 1846 1736 1835
84 1454 1496 1434 113 61 1956 1432 1982 141 1474 1952 57 1448 48 239 1475 1971 104 1463
683 706 760 685 744 1557 607 454 625 1521 1565 606 1527 695 784 705 469 727 577 1535
1247 1308 1315 1205 1192 1164 1163 1203 1355 1284 1363 1311 1255 1328 1283 1172 1295 1297 1153 1253
890 1099 1003 931 878 1118 943 985 819 866 1075 988 1066 841 818 1092 999 1006 986 855
355 1424 291 218 388 1370 196 293 1974 353 1395 171 287 393 345 358 328 301 327 428
194 1410 263 328 172 1302 1976 260 1308 189 151 1330 336 249 286 133 1449 332 1981 1352
1253 1267 1235 1156 1154 1326 1223 1241 1222 1328 1232 1151 1195 1247 1159 1329 1169 1268 1240 1308
988 1091 885 849 1095 906 931 893 905 861 1024 855 871 1048 1073 975 950 862 843 957
386 459 600 1965 1971 483 374 338 603 1973 409 330 615 614 638 601 609 1979 446 403
1585 1607 1632 1611 1594 1577 1590 1598 1610 1637 1580 1630 1613 1606 1604 1627 1609 1592 1628 1597
884 1082 867 969 821 898 1043 1091 943 1058 828 995 1032 841 1047 1104 1093 893 1059 984
330 388 246 311 455 1546 1429 367 432 373 405 219 1434 386 249 190 256 309 387 424
225 1446 369 1471 199 122 214 276 234 413 221 155 1462 82 271 269 97 306 412 173
414 600 656 494 421 626 1543 323 671 299 1442 355 354 349 661 1522 691 672 441 574
331 1427 124 147 396 232 1971 151 172 128 385 175 1980 269 387 1439 180 252 1359 275
1764 1841 1863 1799 1789 1787 1857 1790 1769 1746 1838 1823 1773 1738 1782 1742 1809 1865 1831 1811
578 658 1518 698 484 1540 1561 625 569 612 488 516 504 1519 589 1548 1505 670 590 690
1310 1374 1350 1230 1335 1343 176 1303 1358 1367 1256 1266 1297 1299 1253 1211 1403 1308 1225 1356
478 1558 454 1523 460 433 1520 430 1547 582 1511 402 1565 687 1966 1569 630 1510 470 484
469 593 623 1559 1554 393 679 573 630 1962 614 598 374 1568 481 420 574 467 429 472
580 1577 674 1605 1594 469 675 1568 1521 682 474 1561 573 621 560 625 514 1509 679 1511
750 759 457 749 786 693 718 771 687 706 724 774 748 769 811 761 788 776 685 803
970 978 1106 892 927 1023 931 894 1099 1108 959 888 963 902 909 839 1080 1101 985 884
301 351 188 322 262 208 198 1965 461 344 312 387 1436 425 182 263 404 283 416 467
1756 1817 1732 1831 1728 1776 1782 1726 1758 1761 1760 1734 1762 1765 1837 1787 1773 1759 1850 1819
919 936 999 1134 947 1132 1032 818 897 991 885 976 954 875 993 973 881 910 957 1019
792 824 950 1101 879 797 812 760 860 716 805 962 846 853 871 905 801 886 798 963
188 287 392 143 357 356 230 129 330 150 266 361 137 199 234 154 380 118 155 1402
1290 1338 1423 1313 1187 1221 1414 1253 1319 1288 1180 1301 1330 1228 1340 1236 1320 1377 1365 1261
147 232 1966 375 273 315 274 1424 374 1969 1431 156 344 376 1455 184 134 178 327 282
705 758 796 702 424 685 449 766 749 803 732 788 629 717 470 701 708 801 790 805
207 374 185 245 1981 1449 1979 327 1978 1536 409 239 358 456 341 351 457 1966 1428 315
327 408 224 469 449 406 468 215 356 367 324 1529 446 302 384 209 378 314 244 411
503 665 664 1576 582 634 1504 484 1522 1561 1568 645 535 660 1559 533 519 678 616 1501
335 1968 420 107 119 100 396 1960 388 620 282 137 351 426 359 123 157 1510 241 153
1190 1266 1248 1262 1182 1300 1211 1200 1219 1261 1138 1209 1333 1155 1160 1307 1302 1213 1130 1148
543 1924 519 501 524 1933 526 564 552 565 1938 1905 538 536 1918 556 1913 1914 1903 529
1078 1102 895 1009 1076 1056 909 1133 864 890 821 826 884 889 825 1026 980 1115 962 847
1156 1213 1122 1279 1198 1283 1113 1291 1314 1268 1247 1176 1255 1208 1153 1112 1170 1303 1162 1133
166 264 1425 109 1410 139 245 151 1412 345 1437 1973 1443 205 125 326 1450 301 349 194
590 661 629 577 694 464 614 1961 475 574 663 1568 432 494 1545 1522 429 1557 567 604
499 1498 524 532 492 1941 627 1511 546 668 630 633 509 1490 624 644 620 556 1485 73
233 1966 1561 228 1979 1957 1493 97 1477 145 123 376 346 1476 444 305 121 326 407 1467
521 570 1568 587 1513 676 514 1915 647 1522 527 560 1932 579 566 1517 1510 1574 658 1520
281 330 404 257 1978 1964 393 203 341 185 214 1975 1436 207 216 413 1967 451 1427 431
405 1522 310 1519 1564 581 1569 636 572 311 299 318 596 632 1571 360 429 452 615 1973
1046 1077 884 1087 895 1019 1035 1071 1029 916 947 1013 873 1053 921 850 1016 1098 1036 966
129 163 1972 251 178 219 161 238 87 78 1976 1965 153 197 246 235 1451 245 1971 125
467 645 623 491 610 299 563 708 1509 1535 568 564 579 625 711 629 383 602 391 570
263 1975 1444 1436 180 103 258 359 409 242 434 1425 422 1957 278 167 295 1432 306 129
414 624 1968 455 1964 659 610 628 502 677 380 474 488 404 299 436 469 1976 394 444
78 1490 1959 46 1455 1488 1955 90 99 75 1946 97 1444 1472 1446 1486 1475 84 59 77
1768 1791 1818 1847 1765 1815 1780 1833 1785 1844 1793 1751 1748 1787 1772 1795 1779 1790 1801 1804
416 1543 468 1542 295 346 1566 1557 349 460 478 442 599 384 1521 664 402 329 1505 351
1654 1720 1748 1741 1696 1744 1713 1724 1669 1718 1750 1737 1672 1659 1682 1735 1695 1637 1716 1711
719 783 750 757 704 724 692 814 733 726 780 806 779 701 813 718 747 453 794 452
182 216 1411 258 164 220 1982 1433 117 266 142 327 1409 334 293 160 318 299 304 248
322 451 1545 1964 1546 481 460 719 357 1529 370 347 300 364 1971 207 630 440 353 471
332 449 1426 216 256 1436 448 1440 224 386 1967 249 476 369 324 295 1540 710 342 446
667 1543 1559 391 436 674 645 488 434 651 430 1534 652 1554 1527 571 601 690 407 387
499 564 587 1956 537 498 1500 559 647 1551 547 520 599 590 485 476 492 535 642 671
631 693 642 689 662 627 722 655 741 465 1569 729 424 647 656 1507 709 428 1564 476
923 1012 809 817 859 896 1024 1013 976 1088 1097 957 983 1045 862 861 972 1009 1069 856
206 277 135 242 1436 1425 1427 376 286 1973 240 375 273 1976 1977 345 270 350 346 188
1525 1972 234 179 370 153 103 252 1957 578 91 1503 648 454 368 634 114 135 571 1571
971 1055 835 965 1017 941 1094 922 1035 931 978 1078 878 1098 847 1020 958 840 995 889
976 1049 1076 867 1098 969 972 1081 1088 905 1016 858 1054 918 847 953 1050 1040 846 839
217 312 398 470 245 278 1413 257 455 204 210 240 259 232 340 415 386 425 436 1446
301 336 218 333 410 1436 206 358 447 392 321 427 332 1979 451 330 197 453 439 244
1815 1846 1776 1858 1787 1827 1803 1765 1869 1870 1806 1814 1867 1813 1832 1786 1792 1817 1839 1834
583 661 473 627 464 618 1576 635 1578 1537 676 658 699 564 1571 1536 494 567 1580 692
875 995 852 915 961 939 1005 1039 1055 955 889 998 862 865 1075 940 938 824 980 1009
866 916 1049 970 908 1006 945 966 857 1009 1108 947 1076 821 902 1016 855 1087 842 886
583 636 479 461 1565 666 564 570 1538 1564 558 507 578 607 692 618 1575 1961 495 1536
40 79 1498 1953 1471 39 1489 57 1467 121 97 41 28 124 37 70 65 24 26 1470
1206 1229 1261 1253 1184 1317 1243 1208 1183 1153 1328 1166 1291 1202 1239 1270 1300 1227 1325 1191
268 309 410 1967 258 241 249 167 439 204 380 446 438 359 352 194 347 1437 233 445
1824 1851 1878 1782 1811 1770 1812 1789 1849 1786 1760 1792 1865 1814 1858 1756 1841 1809 1783 1863
649 681 1526 490 1536 1524 634 499 502 636 486 688 631 1548 1578 673 480 476 650 672
67 101 160 100 1966 38 7 1479 146 1960 140 1970 109 103 95 119 18 83 17 1470
480 503 674 478 1568 399 540 1516 1560 666 637 486 563 521 1495 556 422 466 612 595
1759 1800 1786 1825 1834 1863 1750 1739 1725 1798 1775 1841 1747 1733 1839 1778 1799 1870 1734 1787
419 1526 696 422 338 674 318 581 681 608 304 401 603 449 591 455 442 624 322 1529
1842 1868 1784 1861 1805 1895 1893 1800 1792 1901 1794 1894 1770 1816 1860 1892 1809 1766 1867 1779
193 365 1422 271 170 1963 313 325 192 249 265 263 326 276 432 1958 467 183 163 302
919 944 1016 874 889 1027 1086 818 900 1103 1107 816 1060 1094 1057 1049 995 998 931 1053
915 1043 1090 990 919 947 1029 836 894 1103 846 998 1083 1064 853 930 968 1036 821 1089
582 1544 604 621 463 319 1562 500 456 562 661 421 633 513 390 640 1957 1979 447 636
1804 1827 1867 1833 1876 1801 1783 1813 1860 1794 1869 1858 1790 1786 1760 1787 1800 1755 1761 1835
1152 1167 1266 1113 1146 1212 1203 1182 1120 1192 1174 1131 1213 1148 1149 1111 1128 1104 1257 1147
873 1032 991 1074 1055 956 893 1053 902 852 935 895 1010 856 1099 1026 820 837 985 957
338 1435 318 257 311 419 1411 1534 307 248 1964 383 163 187 247 301 264 101 1531 353
873 992 900 822 998 1106 989 997 1032 944 846 1015 903 1091 945 831 863 909 1050 955
702 723 636 679 733 694 759 427 453 618 793 459 612 450 794 796 461 633 697 722
1188 1228 1160 1212 1221 1313 1141 1302 1138 1137 1130 1127 1232 1208 1177 1240 1262 1167 1206 1319
240 346 147 328 327 310 155 1434 281 195 1957 197 204 138 1420 1968 317 347 299 259
298 327 264 223 396 373 262 454 381 266 374 282 1444 1974 313 321 198 261 335 237
488 646 567 1572 446 635 618 1578 1543 1562 467 584 656 700 1539 698 498 601 444 442
255 1980 1455 1982 204 327 223 275 299 384 340 173 393 296 334 201 1978 131 424 165
16 55 66 25 1476 51 7 1489 8 0 33 15 32 86 53 84 28 64 75 85
