494 1818 516 403 252 266 669 1889 1728 484 1552 1809 735 1881 1790 582 1792 1576 1865 1553
1045 1089 1009 2115 1116 1127 1086 1121 2107 2116 1080 2099 2060 939 949 1070 2061 954 2086 1118
1043 2209 985 1067 2067 2194 1008 2219 988 970 2198 937 2040 2089 2230 980 2079 944 994 956
636 723 639 796 1801 400 589 462 595 666 1840 631 368 583 1811 733 434 718 435 587
769 862 780 811 1854 810 1852 712 747 721 899 774 713 908 1850 915 891 1891 921 1881
2010 2078 1078 2094 1299 1436 1340 1026 2313 2113 1336 1418 1400 1138 1324 2210 1188 1376 2270 1374
116 1520 1596 1466 98 1508 2237 1928 1921 1499 1576 135 1531 1474 1571 2266 71 83 1434 1493
1535 1910 86 1928 1447 2255 251 2277 1649 88 1499 1642 119 94 1863 238 2242 2272 100 111
551 1790 552 415 609 1583 548 241 344 253 386 1785 1869 696 369 1708 1752 474 435 512
126 1537 1501 131 1542 1557 1562 1463 105 175 1459 100 1601 103 223 1389 1541 65 200 78
472 1875 349 436 1785 1913 234 1795 1762 528 1746 1649 1862 780 1761 628 1673 255 582 474
409 456 282 1772 1679 1684 1641 631 1855 1791 1890 371 608 534 1579 603 1793 559 1696 251
265 1628 220 1464 255 192 180 1879 1843 234 81 586 1545 1625 505 183 1589 1592 1801 582
1358 2017 2065 41 1370 2078 1135 1394 1407 1287 1359 1468 1984 1442 1433 2271 12 1243 1116 1320
343 694 558 787 1558 453 1642 433 1673 1883 569 690 1670 347 734 736 1809 1716 1862 741
1963 1998 1979 2256 2041 2054 1928 1240 15 1211 54 1358 2274 1435 1327 1432 1385 1378 76 1505
393 504 563 1635 443 318 263 416 505 1857 1664 582 1699 420 672 282 618 1881 1877 594
1204 2062 1309 1128 1302 1307 2217 1994 1476 1037 1255 1259 2029 1094 2246 1473 1431 1321 1470 1508
40 1422 1385 1118 1975 1981 59 2021 1998 64 2289 2271 2035 21 2259 1323 2302 1362 1497 2246
96 153 1563 1521 39 1477 1472 42 1579 2318 2311 2287 1600 166 2309 194 1519 185 1381 1485
369 620 596 397 693 1690 592 1668 306 1849 701 508 444 1640 625 778 606 664 782 720
2039 2094 1043 50 1124 1131 2155 2078 2107 1052 1203 1513 1516 1410 1114 44 2126 1112 1021 2185
311 336 1659 1633 508 249 1563 541 274 440 319 1582 1647 1823 1564 547 307 441 298 1839
29 71 33 1462 1499 93 84 115 2263 41 74 166 92 2027 136 1401 163 1989 1370 141
849 872 879 698 777 857 854 764 795 925 852 848 890 924 721 803 886 908 885 767
550 1652 462 497 558 1668 228 315 765 297 1481 244 1878 616 1576 211 1887 1541 566 1663
1394 2269 1987 1931 1958 1522 1446 2031 1993 1916 1380 40 42 199 147 2007 96 107 1490 2038
1413 2273 1427 1996 173 26 2282 2032 1290 217 1408 20 21 130 2240 194 2319 1439 1927 5
785 826 901 1860 1859 900 763 717 849 743 604 1849 698 729 855 1891 733 1851 735 866
461 1884 719 1802 612 768 375 381 233 1644 1782 564 1786 1870 417 538 451 1821 706 1709
431 679 1792 1628 433 688 403 620 1895 689 1796 282 311 1646 531 782 558 1726 519 1630
262 1871 468 1856 1709 1577 1610 604 1547 565 1573 539 296 695 1618 1559 1627 710 536 792
281 449 590 271 1818 521 290 1736 1687 1567 1706 1633 395 1674 483 434 1746 275 456 1647
71 121 139 1562 2237 208 2033 27 2020 2277 1362 95 179 1422 1387 153 2312 2305 190 1385
918 1026 2195 987 935 920 929 965 1028 2067 1003 991 2088 882 928 903 2114 1060 998 1021
1222 1268 2290 1180 1245 1348 1445 1242 2042 2293 1406 1271 2004 1344 2027 2062 1270 1352 1230 1263
237 1911 2278 233 1653 221 240 1579 1554 1533 194 1565 1945 1869 223 1926 2285 2324 545 1663
564 1547 276 1507 1679 1845 232 309 122 1851 319 515 210 1874 1557 201 1677 1659 1454 497
1192 1221 1299 2040 1433 0 1304 1165 1194 1425 2020 2041 2007 1312 1418 1435 2058 17 1409 1193
631 1854 433 621 624 1888 382 540 275 308 635 763 351 378 1790 471 257 1909 791 395
179 189 2270 1480 90 1462 99 2308 1518 156 136 1606 1449 165 1447 1524 224 1445 124 1923
86 1375 1393 6 1526 1312 1322 2007 1980 1572 2274 1313 1316 175 159 1374 1973 118 1958 2314
1421 2027 1198 1960 1129 2074 1152 1155 1163 1383 2243 1349 2067 2061 1269 1128 1386 1472 1112 1194
1447 2287 2058 7 1619 2323 1953 1287 1376 1268 1563 188 1307 1255 2301 1575 2324 1415 2276 1514
1501 2295 1330 1940 204 79 2297 1997 2067 1494 1377 100 2037 1915 1515 43 1613 1914 1503 11
284 428 466 590 447 1659 632 1792 598 613 566 1689 499 618 1712 472 510 1608 279 1868
1308 1982 2259 1263 60 1182 2238 1380 1319 1312 1293 1388 1325 29 2282 2060 1969 2038 1428 2042
1694 1723 261 319 406 252 281 1704 289 476 1826 1757 269 492 536 482 339 286 334 1824
273 568 359 519 249 1866 1579 1812 1681 580 1798 543 424 272 1858 481 1617 526 1627 245
300 1817 473 1686 286 723 1576 1833 477 590 726 461 284 1546 1755 1747 497 520 1694 1830
530 755 807 1539 353 1897 752 350 1625 834 1704 422 322 724 449 715 319 442 302 823
1023 2068 1227 923 1105 2121 2003 2040 2104 6 2002 1294 2016 2082 2259 2125 1009 2039 2266 1455
1190 1222 1285 2021 1160 1314 2044 2015 0 1442 10 1281 1154 1260 1172 1256 1194 2042 2084 1316
1415 1984 1124 15 52 1966 1233 2304 2019 1159 2003 1930 1225 2250 29 2039 1246 2028 1226 1273
1302 1398 1287 35 1487 11 2317 1455 1534 2290 1413 53 1479 2309 47 1352 2291 2052 1466 1530
130 2324 1586 1498 1535 2046 151 146 1437 1425 1598 160 1301 2270 128 1399 186 7 1398 1432
317 1894 611 1616 1833 779 1782 455 1780 1792 1741 246 599 560 794 294 1579 1798 220 472
313 1565 803 1709 1550 121 427 1626 455 360 210 190 112 1522 569 462 1834 1865 1823 1581
233 496 506 294 1706 1625 1812 1631 1694 400 1876 1675 538 1624 1935 413 602 598 270 210
503 555 315 366 1736 398 391 1821 423 1673 466 373 1803 1861 551 459 1768 606 233 592
366 547 1897 510 1787 640 651 593 400 406 1815 1837 601 420 292 1647 1622 303 513 675
3 2045 1165 1434 1154 1336 1231 51 1439 2006 1096 2315 2261 1473 2097 1194 2079 2216 2205 6
701 1896 1873 514 703 642 1848 1838 296 595 220 205 246 583 210 322 630 667 1839 671
2177 2206 2191 2182 2163 2204 2075 2115 2084 2103 2161 2106 2142 2188 2055 2143 2144 2130 2184 2189
784 872 884 727 878 529 323 807 714 562 887 871 797 877 1883 787 771 781 737 916
872 890 888 774 856 855 767 842 924 771 929 1010 911 862 927 919 772 999 918 934
1389 2009 2050 219 1922 1133 1222 1982 1235 1476 1137 1359 1966 1204 1947 2275 2075 2067 2068 48
717 799 770 798 460 676 662 1591 548 1813 780 649 321 795 756 695 771 827 742 362
1449 1545 1367 1332 181 2227 1518 269 1423 1519 39 2005 1566 334 1573 333 1980 1378 1336 281
497 520 1855 479 1867 427 1648 453 486 1723 565 493 495 244 1668 1629 1649 1810 327 1754
407 445 1852 1705 1730 465 302 377 578 1734 483 1648 388 366 326 469 275 564 1672 576
1553 1574 78 1602 321 1453 425 1603 497 1655 1464 204 534 1509 172 81 1549 537 479 1456
262 1616 458 460 1569 1905 1658 567 506 169 1613 1680 1695 1439 184 1503 1896 318 1594 1579
521 1769 601 420 507 1741 340 1831 1641 374 395 1587 286 1811 1717 1875 1650 595 433 1864
2112 2205 2065 2049 2115 2063 2043 2168 2203 1009 994 1033 1030 2066 988 2171 993 2165 1014 1001
202 1442 109 1378 1467 1196 1905 1263 1609 1633 1135 1624 2081 1265 1392 1408 1268 1328 1535 192
372 523 433 1737 1708 1707 451 1886 319 1825 1590 562 452 1847 1647 1548 1618 352 1783 1637
502 599 677 438 1667 588 299 486 421 783 601 280 1839 535 1571 1856 394 1716 602 1879
313 1675 597 525 453 1757 1593 1810 1656 1817 309 462 269 1590 1725 1655 1644 1692 1796 518
670 702 648 677 711 797 1815 436 735 1820 360 379 815 1807 627 1897 602 675 649 705
1951 1963 1949 1406 45 1427 1358 1937 1359 1348 1394 1366 1413 62 2287 1960 1968 1973 1330 2312
55 2237 1125 48 1108 2021 1968 2224 191 1961 2240 1142 1414 2059 1407 2012 1392 1466 1340 3
1388 1950 1991 1371 2279 1390 1928 32 1481 2311 1513 1342 1387 1395 1331 1374 1464 1358 2320 1343
1473 1494 136 1601 98 1542 1614 1573 1589 125 66 2079 47 1596 167 67 1555 1392 41 2065
1534 1577 532 2320 516 2254 337 518 315 1649 2256 1542 524 253 90 280 347 127 564 262
1459 1514 2306 122 224 211 1635 1374 2076 2245 2291 1547 1602 2270 1512 1620 1450 1902 66 1476
318 1758 1552 271 515 1841 1709 1840 591 1833 789 1740 1864 1697 457 335 452 1607 1842 851
239 1853 525 1886 428 453 553 1828 742 739 1880 784 295 432 247 245 222 754 544 1817
1528 2259 211 1373 1607 30 1995 1479 1405 2042 1629 2234 1979 1437 1991 1599 160 1490 1565 126
1264 1443 1240 1483 1388 1325 1500 1522 1369 8 1286 1457 1403 1561 2035 1612 1120 1121 2229 1360
342 1837 374 1636 1812 1835 491 1821 1690 745 295 1555 435 1659 442 388 619 1698 522 419
859 885 814 906 922 881 827 787 867 869 792 801 828 817 912 780 894 890 898 751
556 614 259 643 598 441 1686 1892 1803 1881 507 664 515 645 343 478 479 732 1871 1822
1518 2229 2060 1502 1629 188 2228 2048 1617 1099 2298 1611 2271 1114 104 1532 88 1538 1394 191
123 1600 1541 200 166 173 108 106 2255 115 1621 1569 2271 1524 1529 1502 1557 1545 130 1477
329 1620 262 1636 1651 451 1823 1811 1513 1799 1646 1751 799 1660 1516 299 1555 260 568 143
441 681 1890 352 272 297 616 1795 1575 615 1643 1743 427 1662 342 575 1573 1839 1731 559
566 614 1888 315 1656 623 603 322 1897 1799 1828 712 1842 1563 1569 1658 281 710 1641 1635
1336 2058 1412 1203 1400 1254 1247 1351 1449 1231 2239 1505 1043 1987 1136 1077 2207 1317 1230 2300
763 1878 602 783 485 604 730 362 623 823 218 1892 689 390 836 312 242 619 251 212
630 1784 1704 1815 711 380 615 1817 595 397 291 733 1855 1709 520 1757 1875 1747 542 1866
598 1660 629 1873 515 1832 293 1454 343 559 417 714 728 1818 380 1464 638 1649 1671 1647
247 1894 357 267 779 205 713 1821 498 477 279 256 455 1869 1621 1569 283 1681 1837 1913
544 1672 269 1874 237 422 385 228 589 401 449 275 231 355 1641 501 328 529 471 502
1192 1990 1441 48 1146 2315 1148 1320 1280 2242 1957 1960 1279 1348 41 2269 1258 1397 2298 46
221 1667 1552 1846 1623 1454 543 582 188 603 1654 1571 1547 494 460 1938 263 1386 1923 512
427 1663 518 372 1728 617 1858 1481 1592 296 1881 677 283 473 1826 589 1872 217 1482 1580
788 1874 717 608 602 212 414 581 862 307 211 725 487 423 593 629 270 391 607 285
263 1613 1797 155 1707 1638 1836 1468 1602 175 1835 1568 284 1799 350 143 249 235 1474 471
1849 1885 376 473 716 435 710 466 740 394 427 728 246 675 519 241 557 1817 560 628
1298 2037 1 1109 2246 1412 1132 2072 42 1124 1238 28 2098 1130 1376 1252 2236 67 2053 1176
498 1678 471 432 429 363 242 1858 1804 1550 403 376 293 1623 374 1581 529 503 1810 1670
1322 2033 69 2283 1269 2263 1173 56 1378 1379 20 1388 2276 1397 1225 1374 1415 1995 61 1449
319 1588 1517 1741 288 505 1648 198 1626 126 1896 1663 1606 110 1484 1713 1856 1870 241 335
526 556 256 496 242 1800 742 1837 1870 1773 1569 1555 1570 1783 1550 284 436 608 1879 421
358 589 577 1625 486 694 1660 1577 628 1662 378 1818 311 275 1784 445 1895 728 603 1683
1400 2041 1247 1925 1505 2264 1965 1205 14 1098 1946 1270 76 1513 2089 2303 1997 2066 1344 44
693 1810 537 751 1833 742 1846 615 1706 1896 740 1804 1691 1741 597 563 1702 816 593 272
2092 2111 1035 1010 2074 2090 2056 1487 982 2124 1009 2053 1006 1033 2231 2159 1271 1061 1307 2224
445 691 307 1791 672 1829 1837 1834 780 443 1703 543 280 318 1638 647 1824 540 1689 1628
456 1797 727 697 1639 1755 604 321 1699 598 324 1822 630 1832 307 690 632 293 624 349
1123 2229 1492 1174 1477 1512 2026 2065 1099 1513 2206 2038 2002 2261 1470 1158 1178 2012 2220 2029
2013 2220 1272 1392 1506 1496 2282 1123 21 2018 1996 1150 1208 1106 2234 1174 79 1340 43 1371
2263 2312 107 1910 1535 1435 67 1442 2068 1516 2011 2264 1314 1918 1403 2019 1958 144 1523 1998
354 1573 1873 189 1799 388 601 673 1493 1490 1634 1669 1594 1832 415 1821 110 1897 640 486
1504 2309 1510 1501 39 1395 2253 1308 99 1578 1486 1326 1329 219 1437 112 21 1617 1545 117
1112 2223 1136 2235 2213 1067 1145 2063 1432 1082 2239 1074 2247 1062 2060 1066 1146 2073 1486 2019
613 1878 662 478 263 691 241 698 702 284 342 371 472 1845 1905 422 1828 1826 462 1832
3 1430 76 2064 1310 9 1365 1475 1502 11 58 1326 1478 2043 1483 1437 2236 2326 2226 66
410 608 388 1727 408 1854 1874 273 526 734 391 451 471 577 726 1675 473 386 306 439
412 557 390 332 537 1866 1660 491 1843 257 409 464 1618 567 387 534 1792 620 485 612
2041 2243 162 1311 1092 2312 130 1536 31 1294 1513 1426 2326 1460 2067 149 1131 1389 2248 1483
153 2317 2038 162 2040 2256 86 146 134 1948 121 200 2260 127 1934 209 1586 1442 119 1536
1593 1625 1562 1566 528 105 1613 244 1528 1584 141 1647 304 578 503 1656 121 1522 234 224
80 2236 2221 66 157 1423 1294 2016 1359 121 1626 128 11 26 129 119 137 96 2057 2235
686 724 667 459 1815 1810 1700 428 380 1696 857 685 362 618 677 795 802 600 605 825
944 994 1024 916 2084 2089 1018 2116 954 911 1058 2082 938 1064 931 1040 948 953 1043 1072
352 1641 613 487 1475 497 1840 643 1621 1729 475 1541 543 1763 1836 1635 193 513 521 1582
337 558 616 1620 1678 781 1829 504 1891 460 788 1837 385 1772 1569 584 684 564 389 552
438 1654 1549 471 581 1772 1473 378 349 289 1839 237 579 1635 199 1594 628 188 410 341
1220 2034 2262 1219 2275 2224 1337 55 2228 1114 2257 2285 1453 2063 1322 1282 1324 1215 1328 1098
1525 1606 1590 1497 1456 1605 212 198 57 58 1588 42 1577 2269 1533 1592 2298 2289 144 72
1461 1584 1647 188 1366 121 184 470 334 1626 2237 1906 287 1907 1628 234 157 1627 71 1440
355 600 706 1762 610 1658 631 1896 420 1680 433 357 456 1643 310 1835 319 1765 1852 395
94 2279 1470 1904 1540 1288 1326 147 1410 17 1948 1327 1542 1912 200 1945 165 145 2019 1961
567 1866 282 629 363 461 427 537 1676 1553 1807 1581 573 354 686 319 378 504 1802 1914
22 76 1170 46 1547 1427 2278 23 2286 1418 2032 194 2309 2243 1375 1339 2259 2269 2239 1315
527 1882 251 1709 1909 716 1846 677 315 310 216 282 1757 1685 1812 1912 422 1910 1823 1821
957 1024 933 2089 2099 2064 2122 2105 2078 1007 2065 2199 2063 910 908 2072 2093 971 929 992
13 1199 1332 1203 1237 18 1962 2072 1356 49 1154 1240 1305 2280 2266 1976 2325 1232 1225 1211
